0.000000000000000000e+00,1.321746629297334934e-02,1.106154330917594013e-02,5.223967229970646192e-03,1.953597903779498782e-02,2.255427121511136002e-02,2.898887212059901575e-02,3.665069072455596176e-03,2.854110350088724657e-02,1.865702582132373541e-02,2.285278362825254178e-02,1.454418812915637092e-02,4.114496094462594816e-02,1.021575813860926309e-02,1.003333388613409857e-02,1.084595101079619851e-02,6.169256538251049332e-03,1.628551053914658459e-02,1.698203950314267074e-02,2.666710890727872624e-02,9.469477105756313878e-03,4.535730277450703701e-02,3.369873463904873856e-02,1.245460123716811245e-02,2.956931292392908639e-02,7.003432892751124128e-02,3.995091129206122804e-02,5.290303321779797618e-02,4.008358347567952951e-02,1.071327882717789705e-02,2.645151660889898809e-02,9.884077679563507690e-03,5.721487918539279287e-03,1.280286571916615553e-02,8.043251131859566194e-03,1.126055158460339232e-02,4.494270220069984667e-03,2.752947810079769270e-03,7.811074810527537764e-03,5.588815734920976955e-03,9.552397220517754028e-03,5.820992056253006253e-03,1.013283802384782467e-02,3.167548383886963515e-03,1.326721836183021369e-03,6.633609180915106193e-03,1.192391250269490312e-02,1.515779697839101867e-02,8.026667108907278511e-03,1.801024892618451403e-02,2.081294880512114462e-02,2.676661304499245581e-02,6.086336423489610049e-03,3.189107613724937590e-02,1.941989087712897230e-02,2.628567637937610779e-02,1.741322409990215397e-02,3.698237118360171716e-02,1.147614388298313394e-02,1.283603376507073089e-02,1.091228710260534925e-02,7.280386076054329303e-03,1.376473905039884635e-02,1.728055191628385251e-02,2.306837592663228340e-02,1.308479410935504787e-02,4.084644853148476640e-02,3.961923083301547438e-02,1.046451848289358007e-02,2.801041476641403724e-02,8.484386142390420993e-02,3.855785336406905572e-02,4.872385943382145923e-02,2.776165442212972026e-02,8.126171246621004610e-03,2.582132373671205267e-02
1.321746629297334934e-02,0.000000000000000000e+00,2.492578649728851084e-02,1.212292077812235705e-02,4.529096668269788628e-02,5.147680724390122503e-02,6.721504502562231087e-02,8.308595499096170858e-03,6.421333687125822809e-02,4.260435496442727121e-02,5.194115988656528016e-02,3.169206786182192370e-02,9.416408232308993986e-02,2.321763213320287081e-02,2.184115822816298791e-02,2.462727408414733254e-02,1.396374732582629855e-02,3.694920313769714526e-02,3.872369359359193602e-02,6.061460389061178178e-02,2.097878903464402492e-02,1.034345511534187911e-01,7.587190500671653348e-02,2.613642017280552038e-02,6.781206985190467440e-02,1.575648020696860663e-01,9.031658899815916963e-02,1.223237532960745610e-01,9.099653393920296984e-02,2.411316937262641263e-02,5.998441101842484635e-02,2.281961558234796641e-02,1.338330652249622790e-02,2.893912005174215096e-02,1.824242524751654160e-02,2.608666810394865559e-02,1.039818239108442934e-02,6.003416308728171634e-03,1.796049685732764925e-02,1.293553790278445699e-02,2.164214995273553571e-02,1.363206686678054315e-02,2.383124098243752029e-02,7.628650558052372382e-03,2.852451947793495802e-03,1.404666744058773696e-02,2.787774258279573578e-02,3.401383107514220627e-02,1.877311398198975093e-02,4.132738519710111441e-02,4.776198610258876320e-02,6.122821273984643126e-02,1.409641950944460174e-02,7.301945305892303117e-02,4.408033300718088021e-02,6.049851572994577320e-02,3.903879002968540374e-02,8.418050050581270261e-02,2.658418879251728956e-02,2.789432660574802172e-02,2.573840362195061252e-02,1.666694306704920650e-02,3.187449211429708301e-02,3.942022255758802218e-02,5.220650425380189003e-02,2.855768752383953252e-02,9.358364151975986922e-02,8.855868256521666482e-02,2.240501500854077260e-02,6.469427353687456916e-02,1.919932337186354698e-01,8.784556957826829271e-02,1.106486011376639766e-01,6.313537537935952348e-02,1.810975306389824013e-02,5.935421814623791092e-02
1.106154330917594013e-02,2.492578649728851084e-02,0.000000000000000000e+00,9.900661702515797108e-03,3.640193038027164651e-02,4.238876266604753307e-02,5.413025091626726820e-02,6.832617456342559258e-03,5.323471367684372985e-02,3.437867958009253877e-02,4.222292243652465277e-02,2.621934028756695706e-02,7.675085822318777895e-02,1.903845834922635386e-02,1.815950513275510492e-02,2.071344466740741852e-02,1.137663974526940784e-02,3.068044246173236636e-02,3.145989154048989267e-02,5.041542977495480637e-02,1.719763180152241236e-02,8.600474303056435121e-02,6.235592630060200064e-02,2.242159903149305855e-02,5.568914907378232082e-02,1.305660127033615725e-01,7.487686362957926556e-02,9.993532231048607439e-02,7.563972868538450245e-02,2.024909202474336339e-02,4.938722035191296655e-02,1.829217731637340638e-02,1.079619894193933546e-02,2.354931259224862794e-02,1.494220468001127705e-02,2.122754937892834190e-02,8.474435728619047689e-03,5.074711023400056177e-03,1.462710824391780934e-02,1.046451848289358007e-02,1.762881639828189559e-02,1.087911905670077388e-02,1.958573110665185260e-02,5.937080216919020034e-03,2.454435396938589239e-03,1.202341664040863095e-02,2.281961558234796641e-02,2.797724672050946187e-02,1.515779697839101867e-02,3.354947843247815115e-02,3.938705451168344335e-02,4.970231678800643427e-02,1.147614388298313394e-02,6.034925952337517885e-02,3.595416176055987734e-02,4.898920380105806216e-02,3.167548383886963081e-02,6.819350237980729978e-02,2.180799018225841254e-02,2.311812799548914471e-02,2.091245294283487419e-02,1.344964261430537864e-02,2.578815569080747730e-02,3.212325245858139999e-02,4.356622829565996030e-02,2.344980845453490184e-02,7.734788304947014248e-02,7.298628501301845928e-02,1.907162639513092922e-02,5.262110482760908037e-02,1.580623227582546864e-01,7.214049984245178571e-02,9.114579014577356419e-02,5.243868057513391412e-02,1.527388513905703245e-02,4.862435529610772966e-02
5.223967229970646192e-03,1.212292077812235705e-02,9.900661702515797108e-03,0.000000000000000000e+00,1.784440869666163720e-02,2.024909202474336339e-02,2.668369293023101566e-02,3.250468498648401931e-03,2.548964327766629553e-02,1.691570341133352001e-02,2.076319673626428330e-02,1.265360951259556464e-02,3.736380371150433560e-02,9.220716761471998632e-03,8.723196072903364670e-03,9.817741587754356958e-03,5.505895620159538539e-03,1.472661238163153544e-02,1.543972536857990928e-02,2.403024925786497248e-02,8.341763545000746224e-03,4.094595266919849597e-02,3.034876200268661270e-02,1.058060664355959385e-02,2.663394086137415087e-02,6.265443871374318241e-02,3.593757773760759139e-02,4.834242690591884078e-02,3.610341796713046475e-02,9.635317335279192444e-03,2.393074512015124639e-02,9.220716761471998632e-03,5.290303321779796925e-03,1.160881606660143540e-02,7.313554121958904669e-03,1.036501434517985397e-02,4.112837692167366221e-03,2.437851373986301556e-03,7.197465961292890020e-03,5.207383207018358509e-03,8.772948141760227719e-03,5.456143551302674623e-03,9.535813197565464611e-03,3.068044246173236549e-03,1.160881606660143671e-03,5.804408033300717702e-03,1.094545514850992635e-02,1.363206686678054315e-02,7.479394351481782367e-03,1.643476674571717547e-02,1.888920214265576644e-02,2.442826580871988035e-02,5.522479643111826222e-03,2.878986384517156008e-02,1.749614421466359412e-02,2.401366523491268654e-02,1.563873364400736321e-02,3.344997429476442158e-02,1.058060664355959385e-02,1.127713560755568001e-02,1.009966997794324930e-02,6.650193203867393876e-03,1.271994560440471711e-02,1.577140582762566468e-02,2.061394052969369242e-02,1.150931192888770931e-02,3.678336290817426496e-02,3.558931325560954484e-02,9.187548715567421531e-03,2.568865155309375120e-02,7.655184994776033369e-02,3.484303222275659390e-02,4.404716496127630831e-02,2.497553856614537562e-02,7.131129869483739288e-03,2.358248063815320331e-02
1.953597903779498782e-02,4.529096668269788628e-02,3.640193038027164651e-02,1.784440869666163720e-02,0.000000000000000000e+00,7.520854408862501228e-02,9.978606610391549392e-02,1.242143319126353708e-02,9.549080415927295451e-02,6.403091261878306184e-02,7.776248362327733976e-02,4.806049851572994497e-02,1.406325146354002464e-01,3.466060797028142765e-02,3.205691636677224926e-02,3.653460256388994798e-02,2.081294880512114462e-02,5.454485149007446548e-02,5.701587090996534241e-02,8.935471566692648748e-02,3.134380337982387715e-02,1.525730111610474338e-01,1.117099786066103884e-01,3.905537405263768969e-02,1.008474435728619056e-01,2.337849715584006394e-01,1.338496492479145650e-01,1.812302028226007167e-01,1.339325693626760017e-01,3.640193038027164651e-02,8.887377900131013253e-02,3.424600739647423731e-02,1.963548317550871392e-02,4.262093898737955716e-02,2.721438166470422498e-02,3.883978175425794460e-02,1.530705318496160781e-02,9.137796646710558482e-03,2.726413373356108630e-02,1.922088260170152010e-02,3.233884475696114508e-02,2.044810030017081559e-02,3.529080084246836307e-02,1.139322376822169552e-02,4.328429990547106969e-03,2.104512512645317565e-02,4.082986450853248045e-02,4.996766115524303720e-02,2.764556626146370474e-02,6.263785469079088952e-02,7.041576145541385279e-02,9.184231910976964341e-02,2.094562098873944955e-02,1.075805568914907362e-01,6.658485215343537544e-02,9.006782865387485959e-02,5.918837791671503756e-02,1.259390702996733002e-01,3.980165508549064063e-02,4.099570473805536075e-02,3.757939600988408069e-02,2.495895454319308621e-02,4.736396955173385881e-02,5.797774424119803149e-02,7.615383339690541542e-02,4.265410703328413600e-02,1.363704207366623067e-01,1.308811091394550541e-01,3.366556659314416666e-02,9.592198875603244468e-02,2.837692167365959417e-01,1.293222109819399945e-01,1.655914691785933535e-01,9.316904094595267194e-02,2.689928522861075727e-02,8.797824176188659417e-02
2.255427121511136002e-02,5.147680724390122503e-02,4.238876266604753307e-02,2.024909202474336339e-02,7.520854408862501228e-02,0.000000000000000000e+00,1.123401714787973238e-01,1.406325146354002638e-02,1.092721272326240833e-01,7.041576145541385279e-02,8.670127199456044431e-02,5.300253735551169881e-02,1.581286588500638579e-01,3.872369359359193602e-02,3.668385877046053539e-02,4.197416209224033579e-02,2.318446408729829544e-02,6.301928721869351491e-02,6.486011376639745640e-02,1.024892618451383880e-01,3.495912038342260941e-02,1.753428746745385458e-01,1.274316323653791883e-01,4.539047082041161585e-02,1.143302542330718596e-01,2.664389127514552591e-01,1.526890993217134562e-01,2.057579727690343196e-01,1.545299258694174116e-01,4.087961657738934523e-02,1.014278843761919763e-01,3.820958888207101611e-02,2.225575880197018172e-02,4.864093931906001561e-02,3.071361050763694173e-02,4.351647622680309552e-02,1.746297616875901876e-02,1.021575813860926309e-02,2.981807326821340337e-02,2.160898190683096035e-02,3.626925819665334505e-02,2.255427121511136002e-02,3.925438232806514188e-02,1.243801721421582476e-02,5.024958954543193128e-03,2.446143385462445571e-02,4.701570506973581920e-02,5.754655964443854826e-02,3.097895487487354813e-02,6.917195973399227482e-02,8.051543143335709862e-02,1.030365346025638867e-01,2.321763213320287081e-02,1.241645798437785025e-01,7.316870926549362553e-02,1.007645234581004690e-01,6.515862617953863123e-02,1.410471152092074576e-01,4.421300519079918168e-02,4.729763345992470808e-02,4.338380404318479405e-02,2.769531833032056953e-02,5.320154563093915101e-02,6.625317169438962872e-02,8.837625831274149857e-02,4.825950679115739717e-02,1.585598434468233342e-01,1.502180799018225932e-01,3.869052554768735719e-02,1.087580225211031704e-01,3.257433788288363052e-01,1.475148841605996852e-01,1.868356025804739640e-01,1.069006119504469360e-01,3.089603476011210798e-02,1.000182424252475111e-01
2.898887212059901575e-02,6.721504502562231087e-02,5.413025091626726820e-02,2.668369293023101566e-02,9.978606610391549392e-02,1.123401714787973238e-01,0.000000000000000000e+00,1.834192938523026770e-02,1.410305311862551647e-01,9.403141013947163840e-02,1.150931192888770965e-01,7.046551352427071757e-02,2.068856863297898752e-01,5.124463092256919400e-02,4.824292276820511122e-02,5.376540241131693570e-02,3.081311464535066783e-02,8.093003200716429590e-02,8.487702946980878183e-02,1.325560954576361083e-01,4.653476840411947119e-02,2.266372576659645977e-01,1.665533425098260356e-01,5.844209688386208662e-02,1.486591817443075336e-01,3.465231595880528537e-01,1.982454103716479454e-01,2.673344499908787975e-01,1.987097630143120075e-01,5.363273022769863424e-02,1.317434783329740067e-01,5.101245460123716990e-02,2.912154430421731721e-02,6.345047181545299120e-02,4.019967163634554502e-02,5.767923182805684973e-02,2.303520788072770803e-02,1.346622663725766632e-02,4.068060830196189304e-02,2.854110350088724657e-02,4.792782633211164350e-02,3.019950579611602182e-02,5.214016816199273929e-02,1.703179157199953553e-02,6.384848836630790080e-03,3.169206786182192370e-02,6.034925952337517885e-02,7.449543110167664017e-02,4.117812899053052006e-02,9.139455049005787424e-02,1.044959286223652167e-01,1.356573077497139346e-01,3.094578682896897276e-02,1.595880528698651601e-01,9.772964725783180040e-02,1.330702001691570213e-01,8.691686429294018246e-02,1.863712499378099019e-01,5.840892883795751472e-02,6.185840561203336668e-02,5.557306091311630530e-02,3.696578716064943121e-02,7.015041708817724986e-02,8.655201578798984996e-02,1.128708602132705296e-01,6.376556825154645891e-02,2.024080001326721834e-01,1.957578069288047895e-01,5.039884575200252043e-02,1.418597323338695593e-01,4.220136320668667618e-01,1.910479444103550528e-01,2.433705368248229584e-01,1.374815502744655693e-01,3.940363853463572930e-02,1.296704754639380341e-01
3.665069072455596176e-03,8.308595499096170858e-03,6.832617456342559258e-03,3.250468498648401931e-03,1.242143319126353708e-02,1.406325146354002638e-02,1.834192938523026770e-02,0.000000000000000000e+00,1.791074478847078794e-02,1.174148825021973860e-02,1.424567571601519089e-02,8.789532164712515402e-03,2.560573143833231105e-02,6.301928721869350797e-03,5.920496193966732351e-03,6.749697341581120842e-03,3.830909301978473874e-03,1.011625400089553699e-02,1.046451848289358007e-02,1.646793479162175083e-02,5.738071941491566970e-03,2.834209522545979090e-02,2.054760443788454169e-02,7.263802053102041620e-03,1.885603409675119108e-02,4.345014013499394478e-02,2.512479477271596651e-02,3.349972636362128636e-02,2.497553856614537562e-02,6.699945272724257793e-03,1.626892651619429864e-02,6.384848836630790080e-03,3.648485049503308493e-03,7.761322741670674714e-03,4.991790908638617762e-03,7.081377800626876239e-03,2.819283901888920002e-03,1.674986318181064448e-03,5.024958954543193128e-03,3.499228842932718478e-03,5.787824010348430019e-03,3.648485049503308493e-03,6.368264813678502397e-03,2.006666777226819628e-03,7.960331017098127996e-04,3.930413439692200840e-03,7.678402626909235432e-03,9.154380669662846165e-03,5.024958954543193128e-03,1.154247997479228467e-02,1.311796215525962324e-02,1.691570341133352001e-02,3.847493324930761557e-03,2.026567604769564934e-02,1.215608882402693242e-02,1.651768686047861562e-02,1.064694273536874632e-02,2.311812799548914471e-02,7.280386076054329303e-03,7.562314466243221650e-03,7.015041708817724639e-03,4.510854243022272350e-03,8.607107912237350889e-03,1.061377468946417095e-02,1.416275560125375248e-02,7.893994925288977046e-03,2.537355511700028349e-02,2.416292144148327395e-02,6.185840561203337015e-03,1.782782467370934779e-02,5.253818471284764369e-02,2.406341730376954785e-02,3.063069039287550505e-02,1.739664007694986803e-02,5.024958954543193128e-03,1.618600640143285849e-02
2.854110350088724657e-02,6.421333687125822809e-02,5.323471367684372985e-02,2.548964327766629553e-02,9.549080415927295451e-02,1.092721272326240833e-01,1.410305311862551647e-01,1.791074478847078794e-02,0.000000000000000000e+00,8.960347601121079752e-02,1.093716313703378129e-01,6.746380536990663479e-02,1.996384682996401316e-01,4.890628368629661854e-02,4.603724771555083722e-02,5.325129769979601579e-02,2.938688867145392014e-02,7.918870959717408398e-02,8.078077580059370155e-02,1.293719630507968732e-01,4.426275725965604646e-02,2.212972022753279533e-01,1.597207250534834755e-01,5.716512711653592982e-02,1.446458481898539039e-01,3.361581452428730188e-01,1.931706993482479040e-01,2.602364881672996066e-01,1.950778619877610032e-01,5.255476873579992964e-02,1.270004477686197120e-01,4.835901092887112673e-02,2.771190235327285548e-02,6.054826779880263105e-02,3.840859715749846831e-02,5.492628401797708393e-02,2.197383041178128937e-02,1.306821008640276019e-02,3.814325279026185844e-02,2.708170948108592352e-02,4.545680691222076658e-02,2.822600706479377886e-02,4.955306058143584685e-02,1.560556559810278784e-02,6.368264813678502397e-03,3.126088326506244047e-02,5.915520987081045873e-02,7.204099570473805614e-02,3.872369359359193602e-02,8.761339325693626168e-02,1.011791240319076662e-01,1.303504204049818482e-01,2.983465729116568932e-02,1.560390719580755925e-01,9.325196106071410862e-02,1.270501998374765629e-01,8.270452246305909361e-02,1.781953266223320342e-01,5.593790941806663780e-02,5.913862584785817278e-02,5.403074677855353863e-02,3.507520854408862493e-02,6.703262077314714462e-02,8.301961889915256132e-02,1.114612182623260783e-01,6.107895653327584384e-02,1.986765949684074495e-01,1.894724622298877281e-01,4.895603575515348332e-02,1.372162059072289664e-01,4.096585349674123910e-01,1.857244730426707013e-01,2.371183601718104828e-01,1.350934509693361429e-01,3.953631071825403076e-02,1.260054063914824440e-01
1.865702582132373541e-02,4.260435496442727121e-02,3.437867958009253877e-02,1.691570341133352001e-02,6.403091261878306184e-02,7.041576145541385279e-02,9.403141013947163840e-02,1.174148825021973860e-02,8.960347601121079752e-02,0.000000000000000000e+00,7.303603708187532406e-02,4.487636610889069594e-02,1.307650209787890316e-01,3.310170981276638197e-02,3.056435430106635431e-02,3.472694406209058532e-02,1.943647490008126172e-02,5.150997528980580387e-02,5.335080183750974536e-02,8.502628567637937618e-02,3.005024958954543093e-02,1.446292641669016110e-01,1.053582978158841832e-01,3.676677888522197901e-02,9.482744324118144719e-02,2.207001774490455759e-01,1.253254614504386577e-01,1.701520754904724819e-01,1.263205028275759256e-01,3.474352808504287127e-02,8.311912303686627701e-02,3.175840395363107443e-02,1.830876133932569233e-02,3.985140715434749847e-02,2.509162672681139114e-02,3.698237118360171716e-02,1.447785203734722019e-02,8.573939866332775522e-03,2.535697109404799407e-02,1.806000099504137882e-02,3.033217797973432328e-02,1.883945007379890166e-02,3.356606245543043709e-02,1.079619894193933546e-02,4.046501600358214622e-03,2.019933995588649861e-02,3.835884508864160353e-02,4.650160035821489235e-02,2.607008408099636965e-02,5.824308860843463442e-02,6.583857112058243144e-02,8.615399923713494557e-02,1.998374765750675700e-02,1.006816033433390323e-01,6.291978308097978534e-02,8.456193303371531411e-02,5.555647689016401936e-02,1.177797310071477116e-01,3.752964394102721590e-02,3.869052554768735719e-02,3.487620026866117273e-02,2.353272856929633852e-02,4.437884542032206198e-02,5.449509942121760070e-02,7.197465961292889847e-02,4.049818404948672679e-02,1.281779133982321461e-01,1.233353786961641219e-01,3.172523590772649560e-02,9.025025290635002584e-02,2.661569843612663355e-01,1.215277201943647523e-01,1.559893198892187138e-01,8.751388911922254599e-02,2.580473971375976325e-02,8.222358579744273865e-02
2.285278362825254178e-02,5.194115988656528016e-02,4.222292243652465277e-02,2.076319673626428330e-02,7.776248362327733976e-02,8.670127199456044431e-02,1.150931192888770965e-01,1.424567571601519089e-02,1.093716313703378129e-01,7.303603708187532406e-02,0.000000000000000000e+00,5.514187631635682207e-02,1.608152705683344730e-01,4.011675152158410834e-02,3.747989187217035112e-02,4.205708220700177247e-02,2.394732914310353233e-02,6.295295112688435724e-02,6.570589893696412997e-02,1.029867825337070220e-01,3.641851440322393246e-02,1.759730675467254812e-01,1.292890429360354365e-01,4.547339093517305253e-02,1.157398961840163248e-01,2.696230451582944943e-01,1.541816613874193720e-01,2.081129040282591880e-01,1.545465098923697045e-01,4.169223370205144691e-02,1.023068375926632217e-01,3.935388646577887145e-02,2.248793512330220928e-02,4.932088426010381582e-02,3.129405131096701237e-02,4.495928622365213262e-02,1.782782467370934779e-02,1.046451848289358007e-02,3.116137912734871090e-02,2.227234282492247114e-02,3.733063566559976371e-02,2.336688833977346169e-02,4.079669646262790161e-02,1.305162606345047251e-02,5.008374931590905445e-03,2.456093799233818181e-02,4.698253702383124036e-02,5.767923182805684973e-02,3.195741222905852663e-02,7.137763478664654881e-02,8.071443970878455776e-02,1.051924575863612960e-01,2.424584155624471410e-02,1.239821555913033363e-01,7.610408132804856451e-02,1.030862866714207515e-01,6.728138111743146854e-02,1.438829831340486531e-01,4.563923116469593283e-02,4.767906598782732652e-02,4.320137979070962780e-02,2.864060763860097267e-02,5.416341896217184704e-02,6.678386042886283458e-02,8.799482578483888706e-02,4.940380437486525250e-02,1.573823778172109000e-01,1.512628733478167120e-01,3.895586991492396012e-02,1.100184082654770412e-01,3.262243154944526324e-01,1.488747740426872856e-01,1.903016633775021227e-01,1.074976367767292995e-01,3.107845901258727422e-02,1.007976915040050409e-01
1.454418812915637092e-02,3.169206786182192370e-02,2.621934028756695706e-02,1.265360951259556464e-02,4.806049851572994497e-02,5.300253735551169881e-02,7.046551352427071757e-02,8.789532164712515402e-03,6.746380536990663479e-02,4.487636610889069594e-02,5.514187631635682207e-02,0.000000000000000000e+00,9.890711288744423457e-02,2.505845868090681577e-02,2.313471201844143413e-02,2.568865155309375120e-02,1.474319640458382312e-02,3.860760543292592051e-02,4.048160002653443390e-02,6.328463158593011784e-02,2.275327949053881568e-02,1.075639728685384433e-01,7.966964626279042505e-02,2.874011177631469877e-02,7.097961823579164442e-02,1.665201744639214498e-01,9.446259473623111469e-02,1.269838637456674191e-01,9.462843496575398805e-02,2.585449178261662803e-02,6.320171147116868116e-02,2.373173684472379419e-02,1.403008341763544928e-02,3.082969866830295724e-02,1.940330685417668635e-02,2.769531833032056953e-02,1.091228710260534925e-02,6.467768951392228495e-03,1.895553823446491717e-02,1.378132307335113403e-02,2.326738420205973559e-02,1.431201180782434162e-02,2.497553856614537562e-02,7.860826879384401680e-03,3.167548383886963515e-03,1.567190168991193858e-02,2.859085556974410788e-02,3.557272923265725889e-02,1.963548317550871392e-02,4.384815668584885612e-02,4.975206885686329905e-02,6.452843330735169580e-02,1.467686031277467239e-02,7.539096834110017853e-02,4.714837725335412066e-02,6.338413572364384740e-02,4.209025025290635130e-02,8.864160267997811538e-02,2.825917511069835422e-02,2.976832119935653859e-02,2.616958821871009575e-02,1.752931226056816949e-02,3.333388613409841300e-02,4.087961657738934523e-02,5.418000298512413299e-02,3.096237085192125871e-02,9.598832484784158847e-02,9.333488117547554530e-02,2.447801787757674166e-02,6.748038939285891380e-02,2.013963747325826226e-01,9.156039071958076148e-02,1.172987943415313705e-01,6.600441135010530480e-02,1.920429857874923416e-02,6.172573342841506522e-02
4.114496094462594816e-02,9.416408232308993986e-02,7.675085822318777895e-02,3.736380371150433560e-02,1.406325146354002464e-01,1.581286588500638579e-01,2.068856863297898752e-01,2.560573143833231105e-02,1.996384682996401316e-01,1.307650209787890316e-01,1.608152705683344730e-01,9.890711288744423457e-02,0.000000000000000000e+00,7.212391581949949282e-02,6.734771720924061233e-02,7.631967362642830266e-02,4.288628335461616009e-02,1.144463423937378682e-01,1.188245244531418443e-01,1.871341149936151527e-01,6.490986583525432119e-02,3.192921939003963705e-01,2.336357153518300589e-01,8.277085855486823740e-02,2.091079454053964282e-01,4.882170516923995396e-01,2.794739547919534162e-01,3.765236571087414164e-01,2.814640375462279520e-01,7.562314466243220956e-02,1.860893215476210338e-01,7.074744191445961339e-02,4.079669646262790161e-02,8.930496359806962270e-02,5.655151826730128034e-02,8.083052786945056634e-02,3.223934061924741551e-02,1.893895421151262776e-02,5.618666976235094784e-02,4.013333554453639429e-02,6.751355743876349957e-02,4.214000232176321609e-02,7.270435662282956346e-02,2.338347236272575111e-02,9.104628600805983116e-03,4.464418978755866491e-02,8.532479808952055100e-02,1.052422096552181607e-01,5.757972769034312016e-02,1.285593459261347715e-01,1.466525149670807049e-01,1.905670077447387256e-01,4.301895553823446156e-02,2.247964311182606700e-01,1.364367568284714505e-01,1.860064014328595694e-01,1.218428166304582200e-01,2.615300419575780633e-01,8.212408165972902296e-02,8.631983946665781893e-02,7.852534867908257665e-02,5.144363919799665313e-02,9.840959219887560061e-02,1.210136154828438254e-01,1.602182457420520956e-01,8.869135474883496628e-02,2.862070681105822745e-01,2.743660757226488167e-01,7.104595432760078821e-02,1.993067878405943849e-01,5.941557903116138073e-01,2.689596842402030008e-01,3.443838206272077374e-01,1.948125176205244002e-01,5.615350171644637595e-02,1.834856299441118554e-01
1.021575813860926309e-02,2.321763213320287081e-02,1.903845834922635386e-02,9.220716761471998632e-03,3.466060797028142765e-02,3.872369359359193602e-02,5.124463092256919400e-02,6.301928721869350797e-03,4.890628368629661854e-02,3.310170981276638197e-02,4.011675152158410834e-02,2.505845868090681577e-02,7.212391581949949282e-02,0.000000000000000000e+00,1.676644720476293260e-02,1.900529030332177849e-02,1.081278296489162315e-02,2.835867924841208032e-02,2.973515315345196322e-02,4.646843231231032045e-02,1.645135076866946489e-02,7.903945339060348962e-02,5.822650458548234848e-02,2.044810030017081559e-02,5.222308827675417597e-02,1.210965355976052621e-01,6.927146387170600439e-02,9.340121726728470297e-02,6.947047214713344965e-02,1.912137846398779401e-02,4.582165541717109908e-02,1.713129570971326163e-02,1.004991790908638626e-02,2.200699845768586474e-02,1.396374732582629855e-02,1.993399558864989568e-02,7.993499063002703145e-03,4.709862518449725415e-03,1.368181893563740620e-02,9.933829748420372474e-03,1.666694306704920650e-02,1.024892618451384019e-02,1.854093766065772336e-02,5.804408033300717702e-03,2.288595167415711541e-03,1.094545514850992635e-02,2.092903696578716013e-02,2.600374798918721544e-02,1.434517985372891699e-02,3.190766016020166185e-02,3.628584221960563100e-02,4.688303288611751773e-02,1.077961491898704778e-02,5.530771654587970237e-02,3.459427187847227692e-02,4.668402461069005860e-02,3.031559395678203733e-02,6.447868123849483102e-02,2.082953282807343404e-02,2.140997363140350468e-02,1.937013880827211099e-02,1.291895387983216931e-02,2.436192971691072962e-02,3.029900993382974791e-02,4.000066336091809283e-02,2.177482213635383718e-02,7.073085789150732050e-02,6.753014146171577858e-02,1.751272823761588007e-02,4.928771621419923699e-02,1.461549942785120848e-01,6.729796514038374755e-02,8.572281464037545540e-02,4.809366656163452380e-02,1.421250767011061553e-02,4.532413472860246512e-02
1.003333388613409857e-02,2.184115822816298791e-02,1.815950513275510492e-02,8.723196072903364670e-03,3.205691636677224926e-02,3.668385877046053539e-02,4.824292276820511122e-02,5.920496193966732351e-03,4.603724771555083722e-02,3.056435430106635431e-02,3.747989187217035112e-02,2.313471201844143413e-02,6.734771720924061233e-02,1.676644720476293260e-02,0.000000000000000000e+00,1.774490455894791111e-02,1.003333388613409857e-02,2.663394086137415087e-02,2.806016683527089856e-02,4.408033300718088021e-02,1.553922950629363711e-02,7.452859914758122595e-02,5.532430056883198832e-02,1.988424351979303090e-02,4.847509908953714225e-02,1.145126784855470259e-01,6.481036169754059162e-02,8.739780095855652353e-02,6.558981077629810752e-02,1.752931226056816949e-02,4.340038806613708694e-02,1.613625433257599717e-02,9.585565266422329395e-03,2.121096535597605248e-02,1.313454617821191092e-02,1.895553823446491717e-02,7.578898489195509333e-03,4.411350105308545384e-03,1.278628169621386784e-02,9.353388945090300097e-03,1.580457387353024004e-02,9.585565266422329395e-03,1.719763180152241236e-02,5.439559528350386940e-03,2.139338960845121960e-03,1.089570307965306156e-02,1.961889915255642797e-02,2.472677822186105864e-02,1.354914675201910473e-02,2.923763246488333273e-02,3.424600739647423731e-02,4.369890047927826177e-02,1.006650193203867394e-02,5.222308827675417597e-02,3.165889981591734487e-02,4.336722002023250810e-02,2.815967097298462812e-02,6.026633940861374217e-02,1.903845834922635386e-02,2.094562098873944955e-02,1.817608915570739087e-02,1.195708054859947848e-02,2.285278362825254178e-02,2.854110350088724657e-02,3.779498830826381883e-02,2.137680558549892931e-02,6.719846100267003186e-02,6.524154629430006791e-02,1.696545548019038480e-02,4.625284001393058231e-02,1.386424318811257106e-01,6.338413572364384740e-02,7.981890246936101940e-02,4.520804656793644960e-02,1.311796215525962324e-02,4.232242657423837540e-02
1.084595101079619851e-02,2.462727408414733254e-02,2.071344466740741852e-02,9.817741587754356958e-03,3.653460256388994798e-02,4.197416209224033579e-02,5.376540241131693570e-02,6.749697341581120842e-03,5.325129769979601579e-02,3.472694406209058532e-02,4.205708220700177247e-02,2.568865155309375120e-02,7.631967362642830266e-02,1.900529030332177849e-02,1.774490455894791111e-02,0.000000000000000000e+00,1.137663974526940784e-02,3.056435430106635431e-02,3.121113119620557569e-02,5.046518184381167116e-02,1.699862352609496016e-02,8.563989452561401872e-02,6.174231745136735117e-02,2.160898190683096035e-02,5.588815734920977302e-02,1.292392908671785579e-01,7.429642282624919492e-02,1.001674986318181054e-01,7.565631270833678146e-02,2.051443639197996632e-02,4.880677954858289591e-02,1.807658501799366477e-02,1.056402262060730617e-02,2.311812799548914471e-02,1.461052422096552166e-02,2.117779731007147712e-02,8.491019751571335372e-03,4.991790908638617762e-03,1.431201180782434162e-02,1.024892618451384019e-02,1.728055191628385251e-02,1.064694273536874632e-02,1.933697076236753562e-02,5.986832285775883084e-03,2.421267351034013873e-03,1.184099238793346470e-02,2.291911972006169251e-02,2.777823844508200968e-02,1.500854077182042778e-02,3.354947843247815115e-02,3.903879002968540374e-02,4.958622862734041875e-02,1.155906399774457236e-02,6.015025124794772665e-02,3.602049785236902807e-02,4.900578782401034811e-02,3.154281165525132935e-02,6.794474203552297586e-02,2.167531799864011108e-02,2.263719132987280017e-02,2.097878903464402492e-02,1.351597870611452937e-02,2.582132373671205267e-02,3.197399625201081258e-02,4.351647622680309552e-02,2.311812799548914471e-02,7.704937063632895378e-02,7.245559627854525342e-02,1.855752168361000931e-02,5.277036103417967472e-02,1.569180251745468380e-01,7.190832352111975467e-02,9.151063865072389669e-02,5.214016816199273929e-02,1.538997329972304623e-02,4.842534702068027747e-02
6.169256538251049332e-03,1.396374732582629855e-02,1.137663974526940784e-02,5.505895620159538539e-03,2.081294880512114462e-02,2.318446408729829544e-02,3.081311464535066783e-02,3.830909301978473874e-03,2.938688867145392014e-02,1.943647490008126172e-02,2.394732914310353233e-02,1.474319640458382312e-02,4.288628335461616009e-02,1.081278296489162315e-02,1.003333388613409857e-02,1.137663974526940784e-02,0.000000000000000000e+00,1.684936731952436928e-02,1.761223237532960617e-02,2.804358281231861261e-02,9.801157564802069275e-03,4.771223403373190536e-02,3.459427187847227692e-02,1.220584089288379546e-02,3.102870694373040944e-02,7.227317202607008717e-02,4.109520887576908338e-02,5.597107746397120970e-02,4.157614554138543139e-02,1.144297583707855857e-02,2.718121361879964962e-02,1.049768652879815543e-02,6.053168377585034683e-03,1.313454617821191092e-02,8.242259407287020126e-03,1.207316870926549400e-02,4.776198610258877014e-03,2.852451947793495802e-03,8.391515613857609274e-03,5.970248262823595400e-03,9.966997794324947840e-03,6.202424584155624698e-03,1.099520721736678940e-02,3.515812865885006595e-03,1.359889882087596735e-03,6.699945272724257793e-03,1.262044146669098928e-02,1.535680525381847086e-02,8.557355843380487839e-03,1.895553823446491717e-02,2.165873397568782166e-02,2.814308695003233871e-02,6.434600905487653129e-03,3.321779797343239748e-02,2.059735650674140647e-02,2.757923016965455401e-02,1.797708088027993867e-02,3.867394152473507124e-02,1.222242491583608315e-02,1.268677755850014174e-02,1.132688767641254479e-02,7.694986649861523115e-03,1.447785203734722019e-02,1.796049685732764925e-02,2.363223270701006809e-02,1.328380238478250007e-02,4.222292243652465277e-02,4.061427221015274230e-02,1.044793445994129238e-02,2.960248096983366176e-02,8.746413705036568120e-02,3.985140715434749847e-02,5.099587057828487702e-02,2.864060763860097267e-02,8.441267682714472323e-03,2.699878936632448337e-02
1.628551053914658459e-02,3.694920313769714526e-02,3.068044246173236636e-02,1.472661238163153544e-02,5.454485149007446548e-02,6.301928721869351491e-02,8.093003200716429590e-02,1.011625400089553699e-02,7.918870959717408398e-02,5.150997528980580387e-02,6.295295112688435724e-02,3.860760543292592051e-02,1.144463423937378682e-01,2.835867924841208032e-02,2.663394086137415087e-02,3.056435430106635431e-02,1.684936731952436928e-02,0.000000000000000000e+00,4.680011277135607412e-02,7.532463224929103474e-02,2.547305925471400959e-02,1.281779133982321461e-01,9.260518416557488031e-02,3.273686130781604947e-02,8.277085855486823740e-02,1.933697076236753631e-01,1.107812733212822781e-01,1.496376390984925087e-01,1.126718519378430844e-01,3.054777027811406490e-02,7.326821340320735509e-02,2.723096568765651093e-02,1.597041410305312034e-02,3.499228842932718825e-02,2.200699845768586474e-02,3.170865188477420965e-02,1.267019353554785406e-02,7.446226305577207001e-03,2.174165409044926181e-02,1.547289341448448638e-02,2.621934028756695706e-02,1.611967030962370775e-02,2.912154430421731721e-02,9.071460554901407750e-03,3.615317003598733127e-03,1.779465662780477242e-02,3.404699912104678511e-02,4.165906565614686807e-02,2.262060730692051422e-02,5.011691736181363155e-02,5.822650458548234848e-02,7.442909500986749638e-02,1.706495961790411089e-02,8.937129968987876649e-02,5.394782666379210195e-02,7.333454949501649889e-02,4.743030564354300954e-02,1.021244133401880694e-01,3.253785303238859727e-02,3.404699912104678511e-02,3.116137912734871090e-02,2.013300386407734788e-02,3.862418945587820646e-02,4.791124230915935756e-02,6.437917710078110145e-02,3.467719199323372054e-02,1.152092074495431051e-01,1.087580225211031704e-01,2.809333488117547392e-02,7.870777293155774290e-02,2.353770377618202569e-01,1.069835320652083727e-01,1.363206686678054280e-01,7.746397121013615106e-02,2.280303155939567700e-02,7.255510041625898299e-02
1.698203950314267074e-02,3.872369359359193602e-02,3.145989154048989267e-02,1.543972536857990928e-02,5.701587090996534241e-02,6.486011376639745640e-02,8.487702946980878183e-02,1.046451848289358007e-02,8.078077580059370155e-02,5.335080183750974536e-02,6.570589893696412997e-02,4.048160002653443390e-02,1.188245244531418443e-01,2.973515315345196322e-02,2.806016683527089856e-02,3.121113119620557569e-02,1.761223237532960617e-02,4.680011277135607412e-02,0.000000000000000000e+00,7.686694638385380141e-02,2.708170948108592352e-02,1.309806132771687837e-01,9.660193369707623101e-02,3.391432693742848364e-02,8.559014245675715393e-02,1.998540605980198559e-01,1.139819897510738200e-01,1.539660690890396200e-01,1.146951027380221921e-01,3.056435430106635431e-02,7.640259374118973934e-02,2.907179223536045243e-02,1.688253536542894465e-02,3.703212325245858194e-02,2.330055224796431096e-02,3.343339027181213563e-02,1.335013847659165080e-02,7.694986649861523115e-03,2.308495994958456934e-02,1.678303122771521855e-02,2.789432660574802172e-02,1.733030398514071382e-02,3.054777027811406490e-02,9.668485381183767810e-03,3.731405164264747342e-03,1.814292110980281550e-02,3.484303222275659390e-02,4.315162772185276996e-02,2.409658534967412322e-02,5.215675218494502524e-02,6.036584354632746480e-02,7.753030730194530873e-02,1.776148858190019705e-02,9.202474336224480966e-02,5.583840528035290823e-02,7.612066535100084352e-02,4.933746828305610177e-02,1.066186835602580540e-01,3.386457486857161886e-02,3.573856946218013225e-02,3.210666843562911404e-02,2.102854110350088623e-02,4.008358347567952951e-02,4.945355644372211729e-02,6.578881905172556666e-02,3.638534635731936057e-02,1.174978026169588158e-01,1.124230915935587605e-01,2.892253602878986501e-02,8.127829648916233551e-02,2.424584155624471271e-01,1.107481052753777062e-01,1.408646909567322913e-01,7.975256637755186173e-02,2.318446408729829544e-02,7.466127133119952741e-02
2.666710890727872624e-02,6.061460389061178178e-02,5.041542977495480637e-02,2.403024925786497248e-02,8.935471566692648748e-02,1.024892618451383880e-01,1.325560954576361083e-01,1.646793479162175083e-02,1.293719630507968732e-01,8.502628567637937618e-02,1.029867825337070220e-01,6.328463158593011784e-02,1.871341149936151527e-01,4.646843231231032045e-02,4.408033300718088021e-02,5.046518184381167116e-02,2.804358281231861261e-02,7.532463224929103474e-02,7.686694638385380141e-02,0.000000000000000000e+00,4.209025025290635130e-02,2.090250252906349915e-01,1.514950496691487292e-01,5.363273022769863424e-02,1.355909716579047630e-01,3.164231579296505892e-01,1.804673377667954659e-01,2.443987462478648121e-01,1.834192938523026839e-01,4.905553989286721289e-02,1.199522380138974137e-01,4.437884542032206198e-02,2.613642017280552038e-02,5.751339159853396943e-02,3.625267417370105910e-02,5.182507172589927158e-02,2.076319673626428330e-02,1.210633675517006937e-02,3.472694406209058532e-02,2.539013913995256944e-02,4.296920346937760371e-02,2.631884442528068316e-02,4.736396955173385881e-02,1.482611651934526327e-02,5.920496193966732351e-03,2.907179223536045243e-02,5.555647689016401936e-02,6.830959054047330836e-02,3.689945106884028048e-02,8.167631304001725379e-02,9.525862783794092348e-02,1.210633675517006902e-01,2.797724672050946187e-02,1.465032587605101244e-01,8.806116187664803086e-02,1.201014942204680080e-01,7.777906764622961877e-02,1.665201744639214498e-01,5.291961724075026213e-02,5.636909401482611409e-02,5.084661437171428960e-02,3.315146188162324675e-02,6.354997595316672077e-02,7.885702913812832338e-02,1.062704190782600006e-01,5.739730343786796085e-02,1.885935090134164827e-01,1.784772550125209301e-01,4.588799150898024981e-02,1.284432577654687491e-01,3.838537952536526521e-01,1.757574752483457570e-01,2.226405081344632608e-01,1.272657921358563149e-01,3.716479543607688341e-02,1.187416043383804076e-01
9.469477105756313878e-03,2.097878903464402492e-02,1.719763180152241236e-02,8.341763545000746224e-03,3.134380337982387715e-02,3.495912038342260941e-02,4.653476840411947119e-02,5.738071941491566970e-03,4.426275725965604646e-02,3.005024958954543093e-02,3.641851440322393246e-02,2.275327949053881568e-02,6.490986583525432119e-02,1.645135076866946489e-02,1.553922950629363711e-02,1.699862352609496016e-02,9.801157564802069275e-03,2.547305925471400959e-02,2.708170948108592352e-02,4.209025025290635130e-02,0.000000000000000000e+00,7.122837858007595446e-02,5.320154563093915101e-02,1.890578616560805239e-02,4.680011277135607412e-02,1.100681603343339060e-01,6.205741388746081888e-02,8.389857211562380679e-02,6.228959020879284991e-02,1.703179157199953553e-02,4.172540174795601881e-02,1.563873364400736321e-02,9.220716761471998632e-03,2.023250800179107398e-02,1.258727342078641391e-02,1.844143352294399726e-02,7.263802053102041620e-03,4.278677921690243920e-03,1.248776928307268781e-02,8.988540440139969334e-03,1.535680525381847086e-02,9.369972968042587780e-03,1.679961525066750797e-02,5.323471367684373158e-03,2.023250800179107311e-03,1.008308595499096162e-02,1.875652995903746498e-02,2.331713627091660038e-02,1.315113020116419860e-02,2.874011177631469877e-02,3.286953349143435094e-02,4.228925852833380350e-02,9.767989518897493909e-03,4.988474104048160052e-02,3.114479510439642496e-02,4.209025025290635130e-02,2.747972603194082791e-02,5.834259274614836399e-02,1.862385777541916004e-02,1.995057961160218163e-02,1.733030398514071382e-02,1.162540008955372309e-02,2.208991857244730489e-02,2.723096568765651093e-02,3.583807359989386182e-02,2.026567604769564934e-02,6.378215227449875180e-02,6.172573342841506522e-02,1.597041410305312034e-02,4.444518151213121271e-02,1.318595664936400291e-01,6.073069205127779729e-02,7.686694638385380141e-02,4.326771588251877854e-02,1.260385744373870159e-02,4.076352841672332972e-02
