0.000000000000000000e+00,1.410336024287587101e-02,8.321258538604844532e-03,4.264127509832332970e-03,1.856068446836403943e-02,2.334920306354791933e-02,2.504657420823845973e-02,5.299109915131442611e-03,2.991789139584627097e-02,1.773269854412475033e-02,2.180362933830124958e-02,1.591112951079831639e-02,3.884633961222658943e-02,1.211619402470157959e-02,1.265438487545711768e-02,8.555854550472641318e-03,6.292693024218588317e-03,1.342717173808045256e-02,1.076381701511074269e-02,2.606775684813358168e-02,1.393776305802801353e-02,4.338646243013868919e-02,3.817015110743117445e-02,1.455875250120747949e-02,3.745256330642379033e-02,7.232457048230180041e-02,4.231008072862761649e-02,5.417787897605740727e-02,4.131649761954046818e-02,1.043262264541502775e-02,2.569516318222590107e-02,1.152280411233009075e-02,8.362657834816808466e-03,1.222659214793348458e-02,7.396674256537639006e-03,1.175740012419788927e-02,4.057131028772510695e-03,4.181328917408404233e-03,1.178499965500586465e-02,8.059062995929068898e-03,9.273442351480025436e-03,7.355274960325674204e-03,8.404057131028772401e-03,3.104947215897329790e-03,2.345960118677982605e-03,7.727868626233353952e-03,1.284758159111295053e-02,1.397916235423997747e-02,4.967915545435727664e-03,1.588352997999033928e-02,2.935210101428275750e-02,2.808252259711584847e-02,7.175878010073829041e-03,3.378182570896294534e-02,1.571793279514248354e-02,2.241081901607672525e-02,1.680811426205754480e-02,4.098530324984474976e-02,1.283378182570896371e-02,1.533153936383081437e-02,8.652452908300559478e-03,6.002897950734837305e-03,1.395156282343200209e-02,1.417235906989581205e-02,2.554336576278203388e-02,1.662871731180570051e-02,4.676740495411577797e-02,4.138549644656040749e-02,1.142620575450217432e-02,2.989029186503829386e-02,9.193403712136893891e-02,4.164769198923617965e-02,5.060373973642447870e-02,3.852894500793486304e-02,7.589870972193472724e-03,2.793072517767198129e-02
1.410336024287587101e-02,0.000000000000000000e+00,1.833988822190022600e-02,9.632236251983715761e-03,4.301386876423100858e-02,5.282550196646657037e-02,5.757262126543848807e-02,1.055682053405092129e-02,6.748085282550196629e-02,3.993652107914165417e-02,4.861657351825018902e-02,3.222245221831229051e-02,8.783550679638446601e-02,2.806872283171185992e-02,2.677154488373697724e-02,1.925067273856344297e-02,1.443455461257158595e-02,3.037328365417787945e-02,2.369419719864762283e-02,5.856620437452563638e-02,2.964189608776650678e-02,9.796453460291175419e-02,8.151521424135789451e-02,2.965569585317049534e-02,8.539294831987856438e-02,1.580349134064720773e-01,9.352101014282757085e-02,1.224591181949906821e-01,9.394880287035120570e-02,2.343200165597184720e-02,5.794521493134616869e-02,2.506037397364244829e-02,1.938867039260332506e-02,2.801352377009590916e-02,1.682191402746153336e-02,2.726833643828054793e-02,9.411440005519905797e-03,9.356240943903953305e-03,2.539156834333816323e-02,1.831228869109225235e-02,2.109984130269785402e-02,1.660111778099772339e-02,1.943006968881529073e-02,6.996481059821983012e-03,5.299109915131442611e-03,1.599392810322224426e-02,2.830331884357965844e-02,3.055268060442972375e-02,1.132960739667425616e-02,3.665217691299248182e-02,6.593527910025528960e-02,6.467950044849236912e-02,1.495894569792313548e-02,7.636790174567031908e-02,3.571379286552128773e-02,4.941695991168150448e-02,3.378182570896294534e-02,9.266542468778030117e-02,2.947629890291865104e-02,3.270544400745187263e-02,1.937487062719933650e-02,1.317877596080866548e-02,3.142206582488097505e-02,3.087007520872145014e-02,5.630304284827158251e-02,3.517560201476575138e-02,1.050024149589457029e-01,8.802870351204029886e-02,2.312840681708410936e-02,6.770164907196578319e-02,1.998482025805561335e-01,9.145104533222934984e-02,1.145518526185054786e-01,8.674532532946939434e-02,1.716690816256123686e-02,6.328572414268957003e-02
8.321258538604844532e-03,1.833988822190022600e-02,0.000000000000000000e+00,5.478506865383288640e-03,2.439798523425101839e-02,3.053888083902573519e-02,3.287104119229972837e-02,6.030497481542813551e-03,3.876354101980266503e-02,2.259021596632857301e-02,2.784792658524804995e-02,1.850548540674808520e-02,5.021734630511281300e-02,1.586973021458635072e-02,1.538673842544676686e-02,1.094321396536258872e-02,8.224660180776926371e-03,1.756710135927689112e-02,1.356516939212033465e-02,3.389222383219485379e-02,1.702891050852135477e-02,5.668943627958324821e-02,4.705720002759953419e-02,1.734630511281308116e-02,4.871317187607810545e-02,9.116125025874560750e-02,5.428827709928930878e-02,6.992341130200786792e-02,5.358448906368591669e-02,1.346857103429241649e-02,3.313323673497550748e-02,1.406196094666390707e-02,1.102601255778651833e-02,1.588352997999033928e-02,9.632236251983715761e-03,1.531773959842682754e-02,5.285310149727454922e-03,5.285310149727454922e-03,1.440695508176361057e-02,1.050162147243496880e-02,1.210239425929759277e-02,9.577037190367763270e-03,1.095701373076657728e-02,3.905333609328641344e-03,2.953149796453460440e-03,9.425239770923894353e-03,1.615952528807010347e-02,1.774649830952873888e-02,6.347892085834540808e-03,2.092044435244600972e-02,3.776995791071551672e-02,3.658317808597253556e-02,8.555854550472641318e-03,4.395225281170220266e-02,2.009245842820672062e-02,2.846891602842751764e-02,1.967846546608707781e-02,5.285310149727454748e-02,1.668391637342165126e-02,1.896087766507969369e-02,1.109501138480645764e-02,7.465673083557579186e-03,1.785689643276064387e-02,1.782929690195266675e-02,3.249844752639205470e-02,2.020285655143862560e-02,6.060856965431587334e-02,5.099013316773615134e-02,1.360656868833229859e-02,3.888773890843855857e-02,1.154764369005726876e-01,5.299109915131442611e-02,6.565928379217553235e-02,4.985855240460912441e-02,9.922031325467466772e-03,3.627958324708480120e-02
4.264127509832332970e-03,9.632236251983715761e-03,5.478506865383288640e-03,0.000000000000000000e+00,1.316497619540467866e-02,1.598012833781825570e-02,1.773269854412475033e-02,3.173946042917270404e-03,2.049265162492237488e-02,1.217139308631753208e-02,1.477954874767128945e-02,9.770233906023597856e-03,2.681294417994893944e-02,8.583454081280618431e-03,7.865866280273236047e-03,5.947698889118884814e-03,4.319326571448285461e-03,9.176843993652107276e-03,7.272476367901745467e-03,1.755330159387290256e-02,8.969847512592285868e-03,2.949009866832263960e-02,2.453598288829090049e-02,8.831849858552403773e-03,2.586076036707376027e-02,4.777478782860691137e-02,2.826191954736769624e-02,3.720416752915200326e-02,2.831711860898364699e-02,7.231077071689781532e-03,1.766369971710480755e-02,7.796867453253294999e-03,5.837300765886979832e-03,8.362657834816808466e-03,5.064513903263644090e-03,8.321258538604844532e-03,2.870351204029531703e-03,2.759953080797626288e-03,7.921065341889188538e-03,5.533705926999241131e-03,6.320292555026564563e-03,5.036914372455667845e-03,5.933899123714897125e-03,2.194162699234112821e-03,1.586973021458635202e-03,4.816118125991857880e-03,8.583454081280618431e-03,9.190643759056095832e-03,3.491340647208997661e-03,1.138480645829020865e-02,1.974746429310701712e-02,1.977506382391499423e-02,4.553922583316083982e-03,2.311460705168012081e-02,1.098461326157455266e-02,1.515214241357896834e-02,1.037742358379907526e-02,2.842751673221555198e-02,9.038846339612226916e-03,9.811633202235561790e-03,5.906299592906920880e-03,4.029531497964534449e-03,9.577037190367763270e-03,9.452839301731869731e-03,1.701511074311736621e-02,1.065341889187883771e-02,3.162906230594079993e-02,2.684054371075691656e-02,6.968881529014006766e-03,2.065824880977023409e-02,6.076036707375974399e-02,2.783412681984406140e-02,3.538259849582556932e-02,2.645415027944525085e-02,5.381908507555371347e-03,1.914027461533153798e-02
1.856068446836403943e-02,4.301386876423100858e-02,2.439798523425101839e-02,1.316497619540467866e-02,0.000000000000000000e+00,7.024080590629959431e-02,7.795487476712896491e-02,1.417235906989581205e-02,9.007106879183053583e-02,5.428827709928930878e-02,6.585248050783136520e-02,4.335886289933071208e-02,1.186365831780859664e-01,3.793555509556337246e-02,3.529979990340164492e-02,2.590215966328572247e-02,1.938867039260332506e-02,4.015731732560546413e-02,3.197405644104050343e-02,7.755468157041330024e-02,4.003311943696957059e-02,1.300075898709721900e-01,1.083695577175187996e-01,3.927413233975022427e-02,1.143448561374456607e-01,2.107914165459187084e-01,1.241702891050852076e-01,1.647277996274063294e-01,1.250534740909404474e-01,3.167046160215276213e-02,7.788587594010901172e-02,3.452701304077830657e-02,2.608155661353757024e-02,3.757676119505968387e-02,2.285241150900434864e-02,3.701097081349617041e-02,1.287518112192092765e-02,1.255778651762919952e-02,3.525840060718967578e-02,2.453598288829090049e-02,2.820672048575174201e-02,2.256261643552059590e-02,2.630235286000138020e-02,9.618436486579728939e-03,7.162078244669840485e-03,2.105844200648588835e-02,3.799075415717932669e-02,4.070930794176499251e-02,1.526254053681087505e-02,4.972055475056923884e-02,8.800110398123231481e-02,8.771130890774857247e-02,2.016145725522665993e-02,1.022148623473400908e-01,4.882356999931001390e-02,6.647346995101083289e-02,4.522183122886910822e-02,1.257710618919478385e-01,3.999172014075760839e-02,4.304146829503898569e-02,2.591595942868971103e-02,1.789829572897260607e-02,4.206168495135582941e-02,4.124749879252052887e-02,7.429793693507209806e-02,4.726419650865935213e-02,1.391706340992203139e-01,1.174774028841509693e-01,3.070447802387359440e-02,9.065065893879803438e-02,2.670530600979783564e-01,1.222659214793348492e-01,1.547505692403229050e-01,1.153522390119367941e-01,2.303180845925619294e-02,8.444076450700338521e-02
2.334920306354791933e-02,5.282550196646657037e-02,3.053888083902573519e-02,1.598012833781825570e-02,7.024080590629959431e-02,0.000000000000000000e+00,9.498378527565030927e-02,1.690471261988546123e-02,1.118194990685158346e-01,6.531428965707583578e-02,7.898985717242806848e-02,5.257710618919478329e-02,1.449527358034913282e-01,4.541502794452494107e-02,4.369005726902642356e-02,3.193265714482854123e-02,2.340440212516387355e-02,5.038294348996066874e-02,3.921893327813427005e-02,9.640516111226109242e-02,4.823018008693852332e-02,1.629062305940799094e-01,1.342579176154005405e-01,4.876837093769405967e-02,1.408404057131028841e-01,2.610225626164355273e-01,1.549575657213827229e-01,2.016145725522666132e-01,1.545573725246670860e-01,3.861174360035879438e-02,9.532877941075001971e-02,4.226868143241564735e-02,3.169806113296073924e-02,4.522183122886910822e-02,2.758573104257227779e-02,4.480783826674946541e-02,1.560753467191057682e-02,1.494514593251914693e-02,4.253087697509142645e-02,3.042848271579383021e-02,3.434761609052645881e-02,2.706133995722072652e-02,3.156006347892086061e-02,1.159180293935003180e-02,8.514455254260677383e-03,2.645415027944525085e-02,4.671220589249983068e-02,5.082453598288828867e-02,1.874008141861588372e-02,6.037397364244807829e-02,1.087145518526185101e-01,1.058718001793969438e-01,2.431518664182709052e-02,1.267508452356309878e-01,5.812461188159800951e-02,8.152901400676187960e-02,5.577865176292003124e-02,1.520872145173532142e-01,4.814738149451459198e-02,5.365348789070585600e-02,3.215345339129235119e-02,2.161043262264541673e-02,5.147312495687573347e-02,5.103153246394811354e-02,9.314841647691989024e-02,5.713102877251086814e-02,1.738356447940385130e-01,1.458221210239425969e-01,3.828054923066307597e-02,1.125784861657351810e-01,3.290554060580970219e-01,1.522114124059890938e-01,1.896915752432208613e-01,1.443179465949078755e-01,2.874491133650727837e-02,1.038432346650106919e-01
2.504657420823845973e-02,5.757262126543848807e-02,3.287104119229972837e-02,1.773269854412475033e-02,7.795487476712896491e-02,9.498378527565030927e-02,0.000000000000000000e+00,1.889187883805975438e-02,1.215759332091354422e-01,7.249016766714966309e-02,8.779410750017249687e-02,5.812461188159800951e-02,1.589042986269233459e-01,5.076933692127234138e-02,4.690540260815566354e-02,3.505140412612985784e-02,2.581936107086179460e-02,5.457807217277306500e-02,4.306906782584696280e-02,1.040226316152625397e-01,5.352929000206996246e-02,1.760022079624646296e-01,1.455599254812668109e-01,5.260470572000276041e-02,1.542123783895673894e-01,2.837093769405920063e-01,1.674877527082039574e-01,2.209480438832539806e-01,1.679431449665355625e-01,4.254467674049541154e-02,1.047816187124818860e-01,4.638101152280411227e-02,3.502380459532188073e-02,4.989995170082108661e-02,3.033188435796591378e-02,4.961015662733733733e-02,1.723590698958117617e-02,1.657351825018974628e-02,4.722279721244738993e-02,3.307803767335955325e-02,3.776995791071551672e-02,3.008348858069412671e-02,3.512040295314979715e-02,1.288898088732491620e-02,9.563237424963776448e-03,2.841371696681156342e-02,5.123852894500793148e-02,5.488166701166079936e-02,2.061684951355826842e-02,6.710825915959428567e-02,1.181121920927344221e-01,1.177395984268267415e-01,2.699234113020078721e-02,1.379148554474573796e-01,6.488649692955220094e-02,8.956047747188297659e-02,6.132615745532325746e-02,1.687297315945628928e-01,5.354308976747395449e-02,5.773821845028634381e-02,3.506520389153384293e-02,2.406679086455530345e-02,5.688263299523908106e-02,5.539225833160836554e-02,9.992410129027806676e-02,6.312012695784172123e-02,1.880908024563582304e-01,1.579521148140481668e-01,4.099910301524874179e-02,1.232733043538259826e-01,3.593320913544469919e-01,1.647415993928103284e-01,2.085558545504726524e-01,1.566963361622852324e-01,3.133926723245705065e-02,1.135720692748223293e-01
5.299109915131442611e-03,1.055682053405092129e-02,6.030497481542813551e-03,3.173946042917270404e-03,1.417235906989581205e-02,1.690471261988546123e-02,1.889187883805975438e-02,0.000000000000000000e+00,2.206582488097702174e-02,1.345477126888842967e-02,1.640792106534189054e-02,1.189539777823776963e-02,2.892430828675912613e-02,9.356240943903953305e-03,9.287242116884012258e-03,6.251293728006623515e-03,4.760919064375905389e-03,9.991030152487407820e-03,7.921065341889188538e-03,1.947146898502725293e-02,1.052922100324294417e-02,3.193265714482854123e-02,2.815152142413579126e-02,1.069481818809080165e-02,2.797212447388394349e-02,5.398468226040157442e-02,3.115987028220520288e-02,4.081970606499689402e-02,3.056648036983371231e-02,7.810667218657282689e-03,1.914027461533153798e-02,8.362657834816808466e-03,6.347892085834540808e-03,9.107845166632167963e-03,5.423307803767336149e-03,8.956047747188297312e-03,3.035948388877389176e-03,3.104947215897329790e-03,8.542054785068654496e-03,5.989098185330849616e-03,6.913682467398054275e-03,5.464707099979300084e-03,6.444490443662458101e-03,2.290761057062030114e-03,1.738770440902504552e-03,5.906299592906920880e-03,9.452839301731869731e-03,1.014282757193127674e-02,3.712136893672807626e-03,1.204719519768163855e-02,2.130683778375767543e-02,2.118263989512178189e-02,5.395708272959359904e-03,2.497757538121852042e-02,1.182639895121782858e-02,1.693231215069343834e-02,1.248878769060926021e-02,3.080107638170151083e-02,9.853032498447525725e-03,1.124680880425032829e-02,6.361691851238529365e-03,4.484923756296142934e-03,1.047402194162699168e-02,1.055682053405092129e-02,1.905747602290761011e-02,1.258538604843717663e-02,3.466501069481818520e-02,3.045608224660180732e-02,8.307458773200855975e-03,2.227282136203684662e-02,6.826743945352929666e-02,3.037328365417787945e-02,3.794935486096736449e-02,2.831711860898364699e-02,5.726902642655074850e-03,2.079624646381011618e-02
2.991789139584627097e-02,6.748085282550196629e-02,3.876354101980266503e-02,2.049265162492237488e-02,9.007106879183053583e-02,1.118194990685158346e-01,1.215759332091354422e-01,2.206582488097702174e-02,0.000000000000000000e+00,8.410957013730765985e-02,1.017318705582005156e-01,6.793624508383357130e-02,1.859518388187400839e-01,5.834540812806182641e-02,5.593044918236390189e-02,4.083350583040088605e-02,3.024908576554198592e-02,6.444490443662458101e-02,5.012074794728489657e-02,1.235768991927137239e-01,6.223694197198647443e-02,2.083350583040088355e-01,1.722348720071758821e-01,6.258193610708617793e-02,1.803767335955288875e-01,3.339819223073207666e-01,1.985234251017732598e-01,2.591043952252811700e-01,1.978748361277858359e-01,5.001034982405298812e-02,1.221555233561029408e-01,5.368108742151383311e-02,4.041951286828123630e-02,5.797281446215414580e-02,3.528600013799765289e-02,5.721382736493479948e-02,1.976126405851100568e-02,1.925067273856344297e-02,5.452287311115711077e-02,3.877734078520665012e-02,4.389705375008624844e-02,3.484440764507003296e-02,4.050231146070516763e-02,1.472434968605533696e-02,1.102601255778651833e-02,3.369902711653902094e-02,6.027737528462016187e-02,6.458290209066445964e-02,2.391499344511143280e-02,7.715448837369764945e-02,1.390464362105844065e-01,1.360518871179189904e-01,3.154626371351686859e-02,1.616918512385289441e-01,7.457393224315186919e-02,1.042710273925343267e-01,7.196577658179810488e-02,1.958738701442075403e-01,6.167115159042296096e-02,6.869523218105291762e-02,4.115090043469261244e-02,2.776512799282412208e-02,6.626647346995101495e-02,6.510729317601600397e-02,1.192161733250534789e-01,7.380114538052853779e-02,2.222176223004208862e-01,1.867384254467674143e-01,4.887876906092596119e-02,1.441661491754640256e-01,4.223280204236528057e-01,1.944662940730007561e-01,2.436624577382184575e-01,1.846822604015731784e-01,3.679017456703236044e-02,1.325743462361139990e-01
1.773269854412475033e-02,3.993652107914165417e-02,2.259021596632857301e-02,1.217139308631753208e-02,5.428827709928930878e-02,6.531428965707583578e-02,7.249016766714966309e-02,1.345477126888842967e-02,8.410957013730765985e-02,0.000000000000000000e+00,6.128475815911129526e-02,4.054371075691712983e-02,1.101221279238252942e-01,3.585179051956116636e-02,3.317463603118746968e-02,2.406679086455530345e-02,1.807769267922445383e-02,3.753536189884772167e-02,2.979369350721037743e-02,7.283516180224935965e-02,3.750776236803974456e-02,1.214241357896915785e-01,1.020768646933002122e-01,3.677637480162837536e-02,1.063271924377285627e-01,1.965638584144069612e-01,1.159870282205202469e-01,1.537845856620437546e-01,1.161112261091561404e-01,2.962809632236251822e-02,7.235217001310977059e-02,3.114607051680121433e-02,2.390119367970744424e-02,3.447181397916235235e-02,2.078244669840612763e-02,3.474780928724211654e-02,1.189539777823776963e-02,1.167460153177395966e-02,3.201545573725246563e-02,2.289381080521631084e-02,2.613675567515352099e-02,2.079624646381011618e-02,2.485337749258262688e-02,8.914648450976333377e-03,6.623887393914303263e-03,2.009245842820672062e-02,3.547919685365348574e-02,3.771475884909956250e-02,1.415855930449182350e-02,4.614641551093631722e-02,8.140481611812598606e-02,8.122541916787415217e-02,1.901607672669564444e-02,9.458359207893465848e-02,4.548402677154488039e-02,6.218174291037052714e-02,4.259987580211136576e-02,1.168564134409715016e-01,3.756296142965569879e-02,4.040571310287725121e-02,2.402539156834333778e-02,1.664251707720968906e-02,3.924653280894224716e-02,3.850134547712688593e-02,6.979921341337197438e-02,4.450424342786172410e-02,1.304215828330918259e-01,1.102739253432691580e-01,2.888290899054716046e-02,8.442696474159938624e-02,2.494583592078934708e-01,1.138204650520941164e-01,1.445801421375836615e-01,1.073207755468157110e-01,2.170703098047333315e-02,7.847926585248050924e-02
2.180362933830124958e-02,4.861657351825018902e-02,2.784792658524804995e-02,1.477954874767128945e-02,6.585248050783136520e-02,7.898985717242806848e-02,8.779410750017249687e-02,1.640792106534189054e-02,1.017318705582005156e-01,6.128475815911129526e-02,0.000000000000000000e+00,5.016214724349685877e-02,1.332919340371213623e-01,4.294486993721106927e-02,4.084730559580487114e-02,2.913130476781894754e-02,2.196922652314910532e-02,4.576002207962464458e-02,3.630718277789277831e-02,8.847029600496791879e-02,4.593941902987649234e-02,1.475608914648451064e-01,1.244876837093769339e-01,4.584282067204857591e-02,1.293038018353687979e-01,2.413578969157524345e-01,1.415303939833022773e-01,1.865452287311115676e-01,1.414889946870903081e-01,3.582419098875318925e-02,8.831849858552404120e-02,3.832194852687504510e-02,2.929690195266680328e-02,4.248947767887945731e-02,2.566756365141792742e-02,4.174429034706410302e-02,1.437935555095563346e-02,1.429655695853170559e-02,3.899813703167046008e-02,2.787552611605602707e-02,3.196025667563651140e-02,2.541916787414614035e-02,2.961429655695853314e-02,1.072241771889877876e-02,8.072862761333057455e-03,2.459118194990685125e-02,4.306906782584696280e-02,4.657420823845994512e-02,1.716690816256123686e-02,5.597184847857586409e-02,9.901331677361484285e-02,9.864072310770716223e-02,2.293521010142827651e-02,1.156144345546125662e-01,5.456427240736907297e-02,7.582971089491478967e-02,5.223211205409507979e-02,1.416821914027461549e-01,4.518043193265714602e-02,4.962395639274132242e-02,2.924170289105085252e-02,2.020285655143862560e-02,4.755399158214310140e-02,4.719519768163941281e-02,8.521355136962671661e-02,5.419167874146139235e-02,1.587249016766714982e-01,1.345201131580763265e-01,3.572759263092527282e-02,1.024632581246118779e-01,3.049058166011177629e-01,1.390602359759884055e-01,1.751880218036293291e-01,1.306147795487476726e-01,2.632995239080935732e-02,9.574277237286965558e-02
1.591112951079831639e-02,3.222245221831229051e-02,1.850548540674808520e-02,9.770233906023597856e-03,4.335886289933071208e-02,5.257710618919478329e-02,5.812461188159800951e-02,1.189539777823776963e-02,6.793624508383357130e-02,4.054371075691712983e-02,5.016214724349685877e-02,0.000000000000000000e+00,8.880149037466363027e-02,2.842751673221555198e-02,2.816532118953977634e-02,1.945766921962326784e-02,1.448975367418753844e-02,3.056648036983371231e-02,2.428758711101911341e-02,5.932519147174498270e-02,3.184985855240460989e-02,9.841992686124335921e-02,8.583454081280618431e-02,3.244324846477610047e-02,8.584834057821016939e-02,1.638032153453391204e-01,9.527358034913406548e-02,1.242530876975091458e-01,9.381080521631132707e-02,2.395639274132339847e-02,5.886979921341337074e-02,2.605395708272959313e-02,1.955426757745118427e-02,2.802732353549989772e-02,1.679431449665355625e-02,2.755813151176430068e-02,9.521838128751810779e-03,9.480438832539846844e-03,2.685434347616090511e-02,1.854688470296005087e-02,2.130683778375767543e-02,1.689091285448147267e-02,1.962326640447112358e-02,7.244876837093769222e-03,5.395708272959359904e-03,1.770509901331677322e-02,2.896570758297108833e-02,3.117367004760919144e-02,1.142620575450217432e-02,3.712136893672807886e-02,6.585248050783136520e-02,6.519009176843994224e-02,1.625612364589801989e-02,7.665769681915407530e-02,3.634858207410474051e-02,5.125232871041192351e-02,3.746636307182778236e-02,9.419719864762299277e-02,3.001448975367418739e-02,3.400262195542675531e-02,1.956806734285517282e-02,1.367556751535223963e-02,3.183605878700061786e-02,3.190505761402056412e-02,5.768301938867038958e-02,3.800455392258331871e-02,1.061063961912647458e-01,9.259642586076036186e-02,2.522597115849030402e-02,6.832263851514523700e-02,2.077416683916373519e-01,9.332781342717173800e-02,1.163044228248119732e-01,8.718691782239701427e-02,1.766369971710480755e-02,6.372731663561718995e-02
3.884633961222658943e-02,8.783550679638446601e-02,5.021734630511281300e-02,2.681294417994893944e-02,1.186365831780859664e-01,1.449527358034913282e-01,1.589042986269233459e-01,2.892430828675912613e-02,1.859518388187400839e-01,1.101221279238252942e-01,1.332919340371213623e-01,8.880149037466363027e-02,0.000000000000000000e+00,7.709928931208169522e-02,7.260056579038155766e-02,5.329469399020216741e-02,3.943972952459808001e-02,8.362657834816808466e-02,6.525909059545988156e-02,1.602290761057061919e-01,8.151521424135789451e-02,2.703650037949354989e-01,2.235423997792037598e-01,8.089422479817842682e-02,2.353411991996136043e-01,4.346650106948181658e-01,2.575174222038225103e-01,3.376526599047816046e-01,2.574346236113986275e-01,6.514869247222797310e-02,1.595252880701027998e-01,7.087559511488304709e-02,5.308769750914234253e-02,7.555371558683501854e-02,4.599461809149244657e-02,7.542951769819912500e-02,2.602635755192161601e-02,2.529496998551024681e-02,7.168978127371834763e-02,5.090733457531222000e-02,5.760022079624646518e-02,4.580142137583661371e-02,5.357068929828193160e-02,1.955426757745118427e-02,1.448975367418753844e-02,4.391085351549023352e-02,7.860346374111640277e-02,8.395777271786379614e-02,3.138066652866901285e-02,1.012074794728489574e-01,1.809701235079003712e-01,1.781273718346788049e-01,4.160629269302421746e-02,2.106672186572828287e-01,9.833712826881943481e-02,1.362864831297868062e-01,9.357620920444352508e-02,2.564548402677154226e-01,8.125301869868212234e-02,8.916028427516732580e-02,5.370868695232181023e-02,3.679017456703236044e-02,8.669012626785344011e-02,8.493755606154695936e-02,1.550403643138066612e-01,9.650175947008900190e-02,2.891326847443593251e-01,2.432346650106948227e-01,6.325812461188159985e-02,1.881184019871662283e-01,5.497136548678672741e-01,2.529359000896984622e-01,3.185261850548540830e-01,2.398951217829296823e-01,4.805078313668667556e-02,1.734354515973228483e-01
1.211619402470157959e-02,2.806872283171185992e-02,1.586973021458635072e-02,8.583454081280618431e-03,3.793555509556337246e-02,4.541502794452494107e-02,5.076933692127234138e-02,9.356240943903953305e-03,5.834540812806182641e-02,3.585179051956116636e-02,4.294486993721106927e-02,2.842751673221555198e-02,7.709928931208169522e-02,0.000000000000000000e+00,2.314220658248809792e-02,1.679431449665355625e-02,1.270958393707307017e-02,2.615055544055750955e-02,2.085144552542606694e-02,5.072793762506037224e-02,2.630235286000138020e-02,8.434416614917546184e-02,7.090319464569101726e-02,2.552956599737804533e-02,7.442213482370799160e-02,1.371834678810460173e-01,8.105982198302628949e-02,1.079831642862071339e-01,8.151521424135789451e-02,2.081004622921410474e-02,5.076933692127234138e-02,2.184502863451321178e-02,1.669771613882563982e-02,2.437038570344304128e-02,1.477954874767128945e-02,2.392879321051542135e-02,8.376457600220797023e-03,8.293659007796867419e-03,2.246601807769267947e-02,1.584213068377837708e-02,1.825708962947629813e-02,1.464155109363140909e-02,1.751190229766094036e-02,6.278893258814599761e-03,4.636721175740012718e-03,1.368936728075622646e-02,2.485337749258262688e-02,2.660594769888911804e-02,9.880632029255502838e-03,3.225005174912026762e-02,5.720002759953080745e-02,5.682743393362312684e-02,1.322017525702063115e-02,6.637687159318290953e-02,3.187745808321258700e-02,4.349686055337059071e-02,2.929690195266680328e-02,8.195680673428551444e-02,2.632995239080935732e-02,2.813772165873180270e-02,1.689091285448147267e-02,1.170220106258193678e-02,2.744773338853239569e-02,2.719933761126060862e-02,4.882356999931001390e-02,3.092527427033740436e-02,9.103705237010971396e-02,7.675429517698198478e-02,2.003725936659076640e-02,5.899399710204926428e-02,1.742772372869661190e-01,7.973504450424342971e-02,1.013454771268888360e-01,7.511212309390739861e-02,1.502794452494307653e-02,5.474366935762092073e-02
1.265438487545711768e-02,2.677154488373697724e-02,1.538673842544676686e-02,7.865866280273236047e-03,3.529979990340164492e-02,4.369005726902642356e-02,4.690540260815566354e-02,9.287242116884012258e-03,5.593044918236390189e-02,3.317463603118746968e-02,4.084730559580487114e-02,2.816532118953977634e-02,7.260056579038155766e-02,2.314220658248809792e-02,0.000000000000000000e+00,1.595252880701028206e-02,1.193679707444973356e-02,2.512937280066238760e-02,1.981646312012695643e-02,4.958255709652936022e-02,2.528117022010625825e-02,8.180500931484165072e-02,6.988201200579589878e-02,2.626095356378941453e-02,7.061339957220727492e-02,1.346581108121162051e-01,7.918305388808390133e-02,1.019802663354723027e-01,7.831366866763264656e-02,1.945766921962326784e-02,4.785758642103084270e-02,2.078244669840612763e-02,1.604912716483819848e-02,2.334920306354791933e-02,1.408956047747188245e-02,2.231422065824880882e-02,7.672669564617401461e-03,7.879666045677222869e-03,2.119643966052577044e-02,1.519354170979093401e-02,1.762230042089284535e-02,1.377216587318015606e-02,1.598012833781825570e-02,5.726902642655074850e-03,4.415924929276201887e-03,1.418615883529980061e-02,2.387359414889946713e-02,2.591595942868971103e-02,9.232043055268059767e-03,3.000068998827019884e-02,5.513006278893258644e-02,5.264610501621472261e-02,1.281998206030497515e-02,6.353411991996135710e-02,2.928310218726281819e-02,4.156489339681225526e-02,2.946249913751466248e-02,7.660249775753812107e-02,2.437038570344304128e-02,2.820672048575174201e-02,1.625612364589801989e-02,1.105361208859449371e-02,2.594355895949768814e-02,2.649554957565721305e-02,4.813358172911060689e-02,3.024908576554198592e-02,8.833229835092804016e-02,7.540191816739115482e-02,2.060304974815427986e-02,5.597184847857586409e-02,1.696129165804181327e-01,7.690609259642586237e-02,9.487338715241841469e-02,7.250396743255364818e-02,1.421375836610777599e-02,5.272890360863865394e-02
8.555854550472641318e-03,1.925067273856344297e-02,1.094321396536258872e-02,5.947698889118884814e-03,2.590215966328572247e-02,3.193265714482854123e-02,3.505140412612985784e-02,6.251293728006623515e-03,4.083350583040088605e-02,2.406679086455530345e-02,2.913130476781894754e-02,1.945766921962326784e-02,5.329469399020216741e-02,1.679431449665355625e-02,1.595252880701028206e-02,0.000000000000000000e+00,8.597253846684606987e-03,1.818809080245635881e-02,1.440695508176361057e-02,3.538259849582556932e-02,1.771889877872076177e-02,5.961498654522873197e-02,4.948595873870144379e-02,1.770509901331677322e-02,5.143172566066377127e-02,9.553577589180983765e-02,5.681363416821914175e-02,7.421513834264817366e-02,5.662043745256330890e-02,1.442075484716759740e-02,3.485820741047402499e-02,1.540053819085075541e-02,1.142620575450217432e-02,1.620092458428206567e-02,9.880632029255502838e-03,1.646312012695784130e-02,5.713102877251087161e-03,5.409508038363347593e-03,1.573173256054647209e-02,1.105361208859449371e-02,1.246118815980128310e-02,9.977230387083419264e-03,1.163320223556199573e-02,4.319326571448285461e-03,3.118746981301317913e-03,9.687435313599668252e-03,1.744290347064099758e-02,1.829848892568826380e-02,6.872283171186089473e-03,2.224522183122886951e-02,3.955012764782998846e-02,3.886013937763058146e-02,8.997447043400262981e-03,4.580142137583661371e-02,2.144483543779755752e-02,3.016628717311805805e-02,2.058924998275029478e-02,5.622024425584765117e-02,1.773269854412475033e-02,1.960946663906713502e-02,1.192299730904574674e-02,8.086662526737046011e-03,1.915407438073552654e-02,1.857448423376802452e-02,3.425101773269854238e-02,2.109984130269785402e-02,6.394811288208100686e-02,5.346029117505002315e-02,1.388256399641206104e-02,4.152349410060029306e-02,1.206513489270682332e-01,5.557165528186020637e-02,7.029600496791554853e-02,5.318429586697025896e-02,1.065341889187883771e-02,3.799075415717932669e-02
6.292693024218588317e-03,1.443455461257158595e-02,8.224660180776926371e-03,4.319326571448285461e-03,1.938867039260332506e-02,2.340440212516387355e-02,2.581936107086179460e-02,4.760919064375905389e-03,3.024908576554198592e-02,1.807769267922445383e-02,2.196922652314910532e-02,1.448975367418753844e-02,3.943972952459808001e-02,1.270958393707307017e-02,1.193679707444973356e-02,8.597253846684606987e-03,0.000000000000000000e+00,1.339957220727247718e-02,1.075001724970675414e-02,2.627475332919340309e-02,1.346857103429241649e-02,4.399365210791416486e-02,3.674877527082039824e-02,1.322017525702063115e-02,3.829434899606706799e-02,7.084799558407507691e-02,4.192368729731594384e-02,5.543365762782032774e-02,4.206168495135582941e-02,1.069481818809080165e-02,2.591595942868971103e-02,1.126060856965431511e-02,8.652452908300559478e-03,1.240598909818533060e-02,7.479472848961567742e-03,1.225419167874146169e-02,4.208928448216380479e-03,4.208928448216380479e-03,1.138480645829020865e-02,8.045263230525080342e-03,9.287242116884012258e-03,7.355274960325674204e-03,8.887048920168357999e-03,3.146346512109294159e-03,2.345960118677982605e-03,7.120678948457876550e-03,1.277858276409301122e-02,1.366176774994825108e-02,5.078313668667632647e-03,1.636652176912992487e-02,2.946249913751466248e-02,2.889670875595114902e-02,6.748085282550196802e-03,3.425101773269854238e-02,1.622852411509004278e-02,2.228662112744083518e-02,1.517974194438694545e-02,4.170289105085213388e-02,1.335817291106051151e-02,1.460015179741944343e-02,8.666252673704546300e-03,5.989098185330849616e-03,1.413095977368384812e-02,1.382736493479610855e-02,2.519837162768233038e-02,1.586973021458635072e-02,4.734699510108328346e-02,3.968812530186986709e-02,1.033602428758711132e-02,3.042848271579383021e-02,8.950527841026702236e-02,4.105430207686469601e-02,5.168012143793555835e-02,3.892913820465052077e-02,7.714068860829366263e-03,2.822052025115573057e-02
1.342717173808045256e-02,3.037328365417787945e-02,1.756710135927689112e-02,9.176843993652107276e-03,4.015731732560546413e-02,5.038294348996066874e-02,5.457807217277306500e-02,9.991030152487407820e-03,6.444490443662458101e-02,3.753536189884772167e-02,4.576002207962464458e-02,3.056648036983371231e-02,8.362657834816808466e-02,2.615055544055750955e-02,2.512937280066238760e-02,1.818809080245635881e-02,1.339957220727247718e-02,0.000000000000000000e+00,2.286621127440833373e-02,5.559925481266818348e-02,2.788932588146001562e-02,9.414199958600703855e-02,7.765127992824122360e-02,2.822052025115573057e-02,8.078382667494653224e-02,1.505554405575105226e-01,8.940868005243911287e-02,1.163458221210239424e-01,8.906368591733940243e-02,2.235561995446077449e-02,5.472986959221693565e-02,2.383219485268750493e-02,1.810529221003243094e-02,2.602635755192161601e-02,1.578693162216242285e-02,2.552956599737804533e-02,8.859449389360380886e-03,8.652452908300559478e-03,2.438418546884702984e-02,1.734630511281308116e-02,1.987166218174291066e-02,1.577313185675843429e-02,1.809149244462844239e-02,6.554888566894363083e-03,4.954115780031739108e-03,1.526254053681087505e-02,2.700614089560477576e-02,2.913130476781894754e-02,1.070861795349479020e-02,3.459601186779824589e-02,6.209894431794659581e-02,6.077416683916373602e-02,1.436555578555164490e-02,7.242116884012972378e-02,3.351963016628717318e-02,4.711239908921548147e-02,3.242944869937210844e-02,8.761471054992064911e-02,2.750293245014834645e-02,3.093907403574139292e-02,1.849168564134409665e-02,1.253018698682122414e-02,2.983509280342234310e-02,2.932450148347478039e-02,5.355688953287793957e-02,3.300903884633961394e-02,1.003794935486096718e-01,8.409577037190367477e-02,2.188642793072517745e-02,6.487269716414821585e-02,1.901883667977644354e-01,8.728351618022493763e-02,1.090871455185261907e-01,8.303318843579658715e-02,1.647691989236182986e-02,5.995998068032843548e-02
1.076381701511074269e-02,2.369419719864762283e-02,1.356516939212033465e-02,7.272476367901745467e-03,3.197405644104050343e-02,3.921893327813427005e-02,4.306906782584696280e-02,7.921065341889188538e-03,5.012074794728489657e-02,2.979369350721037743e-02,3.630718277789277831e-02,2.428758711101911341e-02,6.525909059545988156e-02,2.085144552542606694e-02,1.981646312012695643e-02,1.440695508176361057e-02,1.075001724970675414e-02,2.286621127440833373e-02,0.000000000000000000e+00,4.355205961498654493e-02,2.234182018905678593e-02,7.301455875250120742e-02,6.125715862830331815e-02,2.239701925067274016e-02,6.354791968536534219e-02,1.184847857586421027e-01,7.014420754847167094e-02,9.136824673980542544e-02,6.916442420478852160e-02,1.764989995170082246e-02,4.340026219554267428e-02,1.847788587594010809e-02,1.426895742772372848e-02,2.043745256330642412e-02,1.244738839439729454e-02,2.027185537845856492e-02,6.982681294417995323e-03,6.858483405782101784e-03,1.885047954184778871e-02,1.360656868833229859e-02,1.551093631408266039e-02,1.235079003656937811e-02,1.437935555095563346e-02,5.202511557303526185e-03,3.863934313116676976e-03,1.206099496308562710e-02,2.121023942592975900e-02,2.286621127440833373e-02,8.376457600220797023e-03,2.754433174636031212e-02,4.856137445663423480e-02,4.796798454426274422e-02,1.103981232319050515e-02,5.686883322983509598e-02,2.635755192161733096e-02,3.731456565238391171e-02,2.537776857793417468e-02,6.946801904367626290e-02,2.201062581936107099e-02,2.430138687642310197e-02,1.458635203201545660e-02,9.839232733043538903e-03,2.345960118677982431e-02,2.315600634789208648e-02,4.202028565514386027e-02,2.624715379838542598e-02,7.856206444490443364e-02,6.588008003863934925e-02,1.727730628579314184e-02,5.070033809425239513e-02,1.498516525219071305e-01,6.872283171186090167e-02,8.660732767542951571e-02,6.477609880632029249e-02,1.312357689919271299e-02,4.715379838542745061e-02
2.606775684813358168e-02,5.856620437452563638e-02,3.389222383219485379e-02,1.755330159387290256e-02,7.755468157041330024e-02,9.640516111226109242e-02,1.040226316152625397e-01,1.947146898502725293e-02,1.235768991927137239e-01,7.283516180224935965e-02,8.847029600496791879e-02,5.932519147174498270e-02,1.602290761057061919e-01,5.072793762506037224e-02,4.958255709652936022e-02,3.538259849582556932e-02,2.627475332919340309e-02,5.559925481266818348e-02,4.355205961498654493e-02,0.000000000000000000e+00,5.423307803767336149e-02,1.805147312495687661e-01,1.513006278893258838e-01,5.481266818464086005e-02,1.555371558683502353e-01,2.904574622231422265e-01,1.730628579314151538e-01,2.240805906299593031e-01,1.712964879597046741e-01,4.304146829503898569e-02,1.053198095632374293e-01,4.563582419098875104e-02,3.466501069481818520e-02,5.025874560132477520e-02,3.046988201200579588e-02,4.940316014627751245e-02,1.718070792796522542e-02,1.700131097771337765e-02,4.638101152280411227e-02,3.317463603118746968e-02,3.818395087283515954e-02,3.009728834609811526e-02,3.527220037259366781e-02,1.264058511005312913e-02,9.535637894155799335e-03,2.951769819913061324e-02,5.203891533843924694e-02,5.616504519423169695e-02,2.045125232871041268e-02,6.615607534671910650e-02,1.211895397778237765e-01,1.161664251707720946e-01,2.743393362312840714e-02,1.399020216656316762e-01,6.461050162147242981e-02,9.042986269233423136e-02,6.216794314496653512e-02,1.689919271372386789e-01,5.344649140964603806e-02,6.044297246946801760e-02,3.583799075415718127e-02,2.399779203753536067e-02,5.702063064927895969e-02,5.702063064927895969e-02,1.046574208238459924e-01,6.416890912854480988e-02,1.944248947767887870e-01,1.628510315324639413e-01,4.291727040640309215e-02,1.237010970813496175e-01,3.666459670185606701e-01,1.688263299523908023e-01,2.099772303870834078e-01,1.600634789208583431e-01,3.172566066376871635e-02,1.150486441730490528e-01
1.393776305802801353e-02,2.964189608776650678e-02,1.702891050852135477e-02,8.969847512592285868e-03,4.003311943696957059e-02,4.823018008693852332e-02,5.352929000206996246e-02,1.052922100324294417e-02,6.222314220658248934e-02,3.750776236803974456e-02,4.593941902987649234e-02,3.184985855240460989e-02,8.151521424135789451e-02,2.630235286000138020e-02,2.528117022010625825e-02,1.771889877872076177e-02,1.346857103429241649e-02,2.788932588146001562e-02,2.234182018905678593e-02,5.423307803767336149e-02,0.000000000000000000e+00,8.998827019940661143e-02,7.745808321258539075e-02,2.900710687918305400e-02,7.894845787621609934e-02,1.489822673014558618e-01,8.670392603325743908e-02,1.139170634099220258e-01,8.627613330573380424e-02,2.183122886910922669e-02,5.394328296418961222e-02,2.387359414889946713e-02,1.816049127164838170e-02,2.601255778651763093e-02,1.567653349893051787e-02,2.550196646657006821e-02,8.776650796936451282e-03,8.804250327744428395e-03,2.443938453046298059e-02,1.705651003932933188e-02,1.969226523149106636e-02,1.557993514110260144e-02,1.822949009866832101e-02,6.610087628510315574e-03,4.967915545435727664e-03,1.570413302973849498e-02,2.634375215621334587e-02,2.853791485544745696e-02,1.051542123783895735e-02,3.411302007865866376e-02,6.049817153108397183e-02,6.009797833436831410e-02,1.447595390878354989e-02,7.048920168357138138e-02,3.346443110467121895e-02,4.675360518871179288e-02,3.340923204305526473e-02,8.662112744083350080e-02,2.765472986959221710e-02,3.077347685089353371e-02,1.785689643276064387e-02,1.239218933278134205e-02,2.931070171807079183e-02,2.902090664458704256e-02,5.234251017732698824e-02,3.380942523977092246e-02,9.694335196301662183e-02,8.354377975574414639e-02,2.260401573173256157e-02,6.260953563789416199e-02,1.885737942454978333e-01,8.500655488856689868e-02,1.064513903263644562e-01,7.973504450424342971e-02,1.599392810322224426e-02,5.851100531290968215e-02
