0.000000000000000000e+00,1.952953705443838742e-02,1.511307398358704458e-02,6.280147841884357179e-03,2.732882290296310274e-02,3.747729123598320805e-02,3.957589425546576695e-02,1.074359456242560996e-02,3.876151099417402685e-02,2.596629706195577314e-02,3.063333959781995922e-02,1.844891311157050712e-02,5.559731879972436286e-02,1.459625383699805767e-02,1.439265802167512438e-02,1.254463446720541220e-02,1.017979076614671484e-02,1.840192946188059717e-02,1.799473783123473059e-02,2.908287915805299675e-02,1.967048800350811380e-02,5.706947315667480758e-02,5.086763139760696467e-02,1.833928459562738852e-02,4.834617553091524050e-02,9.384200964730940453e-02,5.340474848086199100e-02,7.273068971997745380e-02,5.204222263985466140e-02,1.365658084319990029e-02,3.927833114076301202e-02,1.669485685648061310e-02,1.057132118022928099e-02,1.824531729624757209e-02,1.107248011025496401e-02,1.628766522583474305e-02,6.624694606277015986e-03,5.716344045605462922e-03,1.422038463947879541e-02,1.212178161999624172e-02,1.400112760759255823e-02,1.121343105932468866e-02,1.395414395790265001e-02,4.447785503977948890e-03,3.946626573952265009e-03,1.094719037774854326e-02,2.084507924575581053e-02,2.438451418906220636e-02,7.188498402555910244e-03,2.668671302386769334e-02,3.666290797469147489e-02,3.818204598133183303e-02,1.071227212929900391e-02,4.709327820585103297e-02,2.504228528472091792e-02,4.289607216688592212e-02,2.280273131616863957e-02,5.545636785065463648e-02,1.832362337906408636e-02,1.437699680511182049e-02,1.697675875462005893e-02,8.832926141702687403e-03,1.721167700306959827e-02,2.353880849464386540e-02,3.071164568063647349e-02,2.075111194637599410e-02,5.879220697863810075e-02,5.977886362212616461e-02,1.368790327632650461e-02,4.510430370231159614e-02,1.181795401866816975e-01,5.482991918812253618e-02,7.475098665664349495e-02,4.823654701497212538e-02,1.201215310405312313e-02,4.250454175280336117e-02
1.952953705443838742e-02,0.000000000000000000e+00,2.745411263546952349e-02,1.118210862619808260e-02,5.013155421913174231e-02,6.814195326692977506e-02,7.244878782183800103e-02,1.830796216250078420e-02,7.024055628641233395e-02,4.662344170895195428e-02,5.575393096535739140e-02,3.091524149595940504e-02,1.011088141326818290e-01,2.663972937417778686e-02,2.491699555221449716e-02,2.228591116957965440e-02,1.804172148092463707e-02,3.356198709515754997e-02,3.301384451544196047e-02,5.271565495207667512e-02,3.395351750924011786e-02,1.038651882478230926e-01,8.898703251268558212e-02,3.064900081438326138e-02,8.776545762074798585e-02,1.673244377623253898e-01,9.694293052684332945e-02,1.320867004948944323e-01,9.522019670488003629e-02,2.490133433565119500e-02,6.984902587232975912e-02,2.991292363590803902e-02,1.952953705443838742e-02,3.271628140073921248e-02,1.999937355133746958e-02,2.999122971872454982e-02,1.212178161999624172e-02,9.756937918937542628e-03,2.580968489632274807e-02,2.203533170456680942e-02,2.474472217001816646e-02,1.987408381883104536e-02,2.557476664787320525e-02,8.269122345423792278e-03,6.515066090333897393e-03,1.777548079934849340e-02,3.766522583474284092e-02,4.388272881037399292e-02,1.328071164568063629e-02,4.872204472843450623e-02,6.621562362964354687e-02,6.939485059199398953e-02,1.855854162751362571e-02,8.558854851844890921e-02,4.510430370231159614e-02,7.783624631961411078e-02,3.790014408319238026e-02,1.013593935976946636e-01,3.334273006327131278e-02,2.480736703627137857e-02,3.077429054688968213e-02,1.592745724487878295e-02,3.194888178913737886e-02,4.183110944058134745e-02,5.359268307962162387e-02,3.595815322934285685e-02,1.054313099041533502e-01,1.050554407066340845e-01,2.237987846895946736e-02,8.234667668984527178e-02,2.089519513875837953e-01,9.843074610035706939e-02,1.348587358265990188e-01,8.798471465263421609e-02,2.134623817578149355e-02,7.644239804548016992e-02
1.511307398358704458e-02,2.745411263546952349e-02,0.000000000000000000e+00,8.723297625759568810e-03,3.873018856104742252e-02,5.371797281212804809e-02,5.638037962788949170e-02,1.439265802167512438e-02,5.509615986969867985e-02,3.652195702562174850e-02,4.336590866378500081e-02,2.422790202342918128e-02,7.904215999498841183e-02,2.054751613105305907e-02,1.951387583787508526e-02,1.763452985027877049e-02,1.426736828916870189e-02,2.612290922758879821e-02,2.563741151412641736e-02,4.158052997556849900e-02,2.627952139322182676e-02,8.154795464511682690e-02,6.980204222263985958e-02,2.413393472404936485e-02,6.881538557915178878e-02,1.307085134373238144e-01,7.616049614734073103e-02,1.030038213368414390e-01,7.471966422351687676e-02,1.963916557038150601e-02,5.504917622000877336e-02,2.346050241182735113e-02,1.533233101547328177e-02,2.548079934849339229e-02,1.564555534673933365e-02,2.346050241182735113e-02,9.381068721418280368e-03,7.689657332581594992e-03,2.015598571697049465e-02,1.719601578650629611e-02,1.923197393973563943e-02,1.545762074797970252e-02,1.999937355133746958e-02,6.405437574390778800e-03,5.183862682453172985e-03,1.390716030821274179e-02,2.949007078869886680e-02,3.447033765582910303e-02,1.038338658146964813e-02,3.769654826786944524e-02,5.266867130238676864e-02,5.393722984401428527e-02,1.443964167136503086e-02,6.776608406941050933e-02,3.528472091712084313e-02,6.059324688341790471e-02,2.930213618993923394e-02,7.883856417966547681e-02,2.593497462882916882e-02,1.938858610536866450e-02,2.419657959030257349e-02,1.249765081751550398e-02,2.512059136753742872e-02,3.318611789763829117e-02,4.259850905218317413e-02,2.761072480110254856e-02,8.348994549896636419e-02,8.269122345423791931e-02,1.758754620058886053e-02,6.505669360395915923e-02,1.632211990227400988e-01,7.810248700119025445e-02,1.054469711207166593e-01,6.920691599323434973e-02,1.685146902211363817e-02,6.010774916995552386e-02
6.280147841884357179e-03,1.118210862619808260e-02,8.723297625759568810e-03,0.000000000000000000e+00,1.591179602831548079e-02,2.187871953893378435e-02,2.303764956461817892e-02,5.841633778111883675e-03,2.228591116957965440e-02,1.505042911733383421e-02,1.769717471653197913e-02,1.002317860051368803e-02,3.238739585290985323e-02,8.441395727620121248e-03,7.940236797594436499e-03,7.125853536302699867e-03,5.685021612478857733e-03,1.058698239679258316e-02,1.039904779803295203e-02,1.678882415586042606e-02,1.080623942867882034e-02,3.276326505042911896e-02,2.836246319614107655e-02,9.819582785190753005e-03,2.800225521518511645e-02,5.313850779928584733e-02,3.093090271252270720e-02,4.211301133872079328e-02,3.042974378249702419e-02,7.955898014157740394e-03,2.233289481926956088e-02,9.694293052684332251e-03,6.217502975631146803e-03,1.030508049865313559e-02,6.358453924700870584e-03,9.506358453924701121e-03,3.805675624882540794e-03,3.085259662970619727e-03,8.222138695733884062e-03,6.953580154106370897e-03,7.830608281651317906e-03,6.295809058447660207e-03,8.096848963227463308e-03,2.646745599198145789e-03,2.051619369792645475e-03,5.841633778111883675e-03,1.196516945436321491e-02,1.398546639102925433e-02,4.150222389275199167e-03,1.541063709828979431e-02,2.120528722671177063e-02,2.219194387019983797e-02,5.935601077491699240e-03,2.739146776921631138e-02,1.456493140387145335e-02,2.497964041846770580e-02,1.218442648624945210e-02,3.223078368727682469e-02,1.052433753053937278e-02,8.002881663847646876e-03,9.835244001754056900e-03,5.105556599636659580e-03,1.013280711645680662e-02,1.343732381131366310e-02,1.691411388836684682e-02,1.158930025684395092e-02,3.348368101234103916e-02,3.367161561110067203e-02,7.188498402555910244e-03,2.632650504291173324e-02,6.677942742592245240e-02,3.143206164254839369e-02,4.295871703313913770e-02,2.784564304955208791e-02,6.843951638163252305e-03,2.433753053937229988e-02
2.732882290296310274e-02,5.013155421913174231e-02,3.873018856104742252e-02,1.591179602831548079e-02,0.000000000000000000e+00,9.625383699805800664e-02,1.030194825534047481e-01,2.620121531040531249e-02,9.857169704942679578e-02,6.718661905656830857e-02,8.001315542191317354e-02,4.433690409070976945e-02,1.438639353504980178e-01,3.772787070099605650e-02,3.504980266867130378e-02,3.133809434316858072e-02,2.574704003006953595e-02,4.732819645430057232e-02,4.648249075988222789e-02,7.417152164380129420e-02,4.812691849902900332e-02,1.461661341853035256e-01,1.252897325064210865e-01,4.286474973375931780e-02,1.248512184426486260e-01,2.354977134623817692e-01,1.364718411326191760e-01,1.866503790014408248e-01,1.347960909603458102e-01,3.506546388523460595e-02,9.811752176909102618e-02,4.311532919877215930e-02,2.793961034893190434e-02,4.627889494455929287e-02,2.853473657833740379e-02,4.269247635156298709e-02,1.743093403495583546e-02,1.362525841007329423e-02,3.711708325502725142e-02,3.129111069347866730e-02,3.486186806991167092e-02,2.809622251456493289e-02,3.661592432500156841e-02,1.210612040343293783e-02,9.114828039842134966e-03,2.512059136753742872e-02,5.285660590114640150e-02,6.128234041220322059e-02,1.887176595877967933e-02,6.995865438827288119e-02,9.341915680010022538e-02,9.951137004322495316e-02,2.627952139322182676e-02,1.218129424293679097e-01,6.493140387145272807e-02,1.114608782810248694e-01,5.399987471026749392e-02,1.442398045480172974e-01,4.732819645430057232e-02,3.503414145210800162e-02,4.330326379753179217e-02,2.280273131616863957e-02,4.548017289983086187e-02,5.927770469210048160e-02,7.390528096222515053e-02,5.141577397732256111e-02,1.470275010962851514e-01,1.474973375931842301e-01,3.166697989099793303e-02,1.161749044665789654e-01,2.940236797594437124e-01,1.371609346614044989e-01,1.898922508300444900e-01,1.225020359581532325e-01,2.983461755309152474e-02,1.077178475223955351e-01
3.747729123598320805e-02,6.814195326692977506e-02,5.371797281212804809e-02,2.187871953893378435e-02,9.625383699805800664e-02,0.000000000000000000e+00,1.408099981206540063e-01,3.541001064962726042e-02,1.369260164129549595e-01,9.099166823278832805e-02,1.070757376433001257e-01,6.017039403620873250e-02,1.970494267994737925e-01,5.136879032763264769e-02,4.825220823153542754e-02,4.394537367662720156e-02,3.497149658585478604e-02,6.496272630457934627e-02,6.377247384576834044e-02,1.033013844515442009e-01,6.479045292238301557e-02,2.022802731316168667e-01,1.732130551901271687e-01,5.995113700432249532e-02,1.717252396166134287e-01,3.254557414019921269e-01,1.895163816325252104e-01,2.574547390841320782e-01,1.867600075173839469e-01,4.906659149282716070e-02,1.372549019607843257e-01,5.866691724613167652e-02,3.822902963102173951e-02,6.334962099855916129e-02,3.904341289231347267e-02,5.887051306145461155e-02,2.336653511244753470e-02,1.895007204159619013e-02,5.014721543569504447e-02,4.267681513499968493e-02,4.784501660088955749e-02,3.852659274572448750e-02,4.978700745473908090e-02,1.609973062707511018e-02,1.292050366472467619e-02,3.479922320365846228e-02,7.305957526780680611e-02,8.599574014909477926e-02,2.565307273068971952e-02,9.370105869823967815e-02,1.303952891060577712e-01,1.344358829793898258e-01,3.605212052872266981e-02,1.680605149408005983e-01,8.779678005387459017e-02,1.514126417340098951e-01,7.304391405124349701e-02,1.956085948756499382e-01,6.466516318987658440e-02,4.831485309778863618e-02,6.035832863496836537e-02,3.088391906283280072e-02,6.244127043788761516e-02,8.287915805299755911e-02,1.048205224581845452e-01,6.870575706320866671e-02,2.063052057883856538e-01,2.066497525527782875e-01,4.361648812879784232e-02,1.619056568314226618e-01,4.063772473845768118e-01,1.930244941427050054e-01,2.617145899893503769e-01,1.721480924638225940e-01,4.201904403934097337e-02,1.494236672304704583e-01
3.957589425546576695e-02,7.244878782183800103e-02,5.638037962788949170e-02,2.303764956461817892e-02,1.030194825534047481e-01,1.408099981206540063e-01,0.000000000000000000e+00,3.797845016600889800e-02,1.443807554970870100e-01,9.703689782622314242e-02,1.154858109377936426e-01,6.386644114514815340e-02,2.087796780053874646e-01,5.442272755747666613e-02,5.088329261417026683e-02,4.579339723109691201e-02,3.730501785378688429e-02,6.883104679571509787e-02,6.778174528597381843e-02,1.079997494205349878e-01,6.945749545824719817e-02,2.132744471590553026e-01,1.823592056630959080e-01,6.283280085197018305e-02,1.814978387521142544e-01,3.430589488191442826e-01,1.990697237361398197e-01,2.718787195389337774e-01,1.966422351688279224e-01,5.108688842949320186e-02,1.437856292676815140e-01,6.240994800476101084e-02,4.064085698177034162e-02,6.717095784000501335e-02,4.142391780993547740e-02,6.175217690910229928e-02,2.507360771784752224e-02,1.995238990164755963e-02,5.378061767838125673e-02,4.540186681701434412e-02,5.058572949946751884e-02,4.081313036396667232e-02,5.276263860176658854e-02,1.728998308588611255e-02,1.339034016162375489e-02,3.633402242686211564e-02,7.735074860615172299e-02,8.973877090772411358e-02,2.736014533608970706e-02,1.005763327695295417e-01,1.370199837123347864e-01,1.437543068345548958e-01,3.833865814696485463e-02,1.778644365094280422e-01,9.384200964730940453e-02,1.613261918185804611e-01,7.805550335150034102e-02,2.088266616550773780e-01,6.864311219695545807e-02,5.100858234667669105e-02,6.333395978199586607e-02,3.293553843262544967e-02,6.629392971246006461e-02,8.676313976069660594e-02,1.085322307836872752e-01,7.404623191129486304e-02,2.152320992294681490e-01,2.158898703251268536e-01,4.591868696360332930e-02,1.698145711958904958e-01,4.283186117897638256e-01,2.007454739084132134e-01,2.761072480110254856e-01,1.794932030320115224e-01,4.355384326254463367e-02,1.575205161936979181e-01
1.074359456242560996e-02,1.830796216250078420e-02,1.439265802167512438e-02,5.841633778111883675e-03,2.620121531040531249e-02,3.541001064962726042e-02,3.797845016600889800e-02,0.000000000000000000e+00,3.656894067531165499e-02,2.454112635469523143e-02,2.900457307523648595e-02,1.660088955710079667e-02,5.259036521957025784e-02,1.393848274133934785e-02,1.320240556286412376e-02,1.173025120591367557e-02,9.553342103614609337e-03,1.750924011777234973e-02,1.702374240430996541e-02,2.753241871828603776e-02,1.799473783123473059e-02,5.385892376119776753e-02,4.695232725678130659e-02,1.636597130865125732e-02,4.590302574704002714e-02,8.764016788824155468e-02,5.063271314915742533e-02,6.911294869385453676e-02,4.975568502161247658e-02,1.307711583035770300e-02,3.649063459249514418e-02,1.566121656330263581e-02,1.024243563239992522e-02,1.719601578650629611e-02,1.052433753053937278e-02,1.578650629580906004e-02,6.311470275010963235e-03,5.136879032763264769e-03,1.345298502787696526e-02,1.154231660715404444e-02,1.301447096410449089e-02,1.038338658146964813e-02,1.362525841007329423e-02,4.322495771471528136e-03,3.539434943306395825e-03,9.741276702374240468e-03,1.959218192069159953e-02,2.292802104867506033e-02,6.906596504416462681e-03,2.559042786443651088e-02,3.437637035644929007e-02,3.633402242686211564e-02,9.819582785190753005e-03,4.444653260665288458e-02,2.360145336089707405e-02,4.067217941489694594e-02,2.032825909916682189e-02,5.295057320052621447e-02,1.768151349996867697e-02,1.295182609785128051e-02,1.594311846144208511e-02,8.363089644803608710e-03,1.664787320679070315e-02,2.212929900394662586e-02,2.815886738081814153e-02,1.882478230908976938e-02,5.473595188874271628e-02,5.514314351938858633e-02,1.209045918686963567e-02,4.288041095032261996e-02,1.095658710768652455e-01,5.114953329574641050e-02,7.022489506984902485e-02,4.540186681701434412e-02,1.105681889369166185e-02,3.993610223642172358e-02
3.876151099417402685e-02,7.024055628641233395e-02,5.509615986969867985e-02,2.228591116957965440e-02,9.857169704942679578e-02,1.369260164129549595e-01,1.443807554970870100e-01,3.656894067531165499e-02,0.000000000000000000e+00,9.395163816325252659e-02,1.104585604209735034e-01,6.203407880724174511e-02,2.017321305519012842e-01,5.306020171646933653e-02,4.967737893879596578e-02,4.544885046670425061e-02,3.614608782810248971e-02,6.681074985904905672e-02,6.599636659775731662e-02,1.070757376433001257e-01,6.728058635594813541e-02,2.090929023366535078e-01,1.788980768026060264e-01,6.198709515755183863e-02,1.765488943181106329e-01,3.357294994675186217e-01,1.967675249013343397e-01,2.647215435695045027e-01,1.925076739961160133e-01,5.072668044853724523e-02,1.409509490697237466e-01,5.982584727181607803e-02,3.894944559293365971e-02,6.472780805612980692e-02,3.959155547202906911e-02,6.059324688341790471e-02,2.408695107435945490e-02,1.937292488880536234e-02,5.130614546137943904e-02,4.378876151099417302e-02,4.892564054375744126e-02,3.934097600701622760e-02,5.127482302825283472e-02,1.652258347428428240e-02,1.332769529537054451e-02,3.572323498089331750e-02,7.517383950385266023e-02,8.856417966547641685e-02,2.609158679446219389e-02,9.622251456493140231e-02,1.335901772849714952e-01,1.381162688717659515e-01,3.713274447159055358e-02,1.735732631710831253e-01,9.008331767211677499e-02,1.557351375054814302e-01,7.456305205788385515e-02,2.015911796028315439e-01,6.646620309465639531e-02,4.936415460752991563e-02,6.231598070538119094e-02,3.174528597381444384e-02,6.422664912610411003e-02,8.558854851844890921e-02,1.083912798346175488e-01,7.041282966860865078e-02,2.137442836559543813e-01,2.131491574265488853e-01,4.511996491887489830e-02,1.666666666666666574e-01,4.184990290045730865e-01,2.003539434943306385e-01,2.711269811438952737e-01,1.781933220572574084e-01,4.377310029443087086e-02,1.537148405688153752e-01
2.596629706195577314e-02,4.662344170895195428e-02,3.652195702562174850e-02,1.505042911733383421e-02,6.718661905656830857e-02,9.099166823278832805e-02,9.703689782622314242e-02,2.454112635469523143e-02,9.395163816325252659e-02,0.000000000000000000e+00,7.509553342103614249e-02,4.129862807742905317e-02,1.347334460940926015e-01,3.606778174528597197e-02,3.323310154732819766e-02,2.997556850216124766e-02,2.400864499154294410e-02,4.433690409070976945e-02,4.374177786130426654e-02,7.102361711457745586e-02,4.515128735200150262e-02,1.386330890183549436e-01,1.197769842761385733e-01,4.075048549771346368e-02,1.173181732757000578e-01,2.223579527657708332e-01,1.300350811251017868e-01,1.763609597193510070e-01,1.276858986406063934e-01,3.370293804422727635e-02,9.330952828415711720e-02,3.981081250391530629e-02,2.631084382634843108e-02,4.345987596316482071e-02,2.651443964167136610e-02,4.095408131303639870e-02,1.636597130865125732e-02,1.299880974754118873e-02,3.425108062394286584e-02,2.969366660402180183e-02,3.293553843262544967e-02,2.638914990916494535e-02,3.481488442022176444e-02,1.119776984276138650e-02,8.785942492012779187e-03,2.424356323999248344e-02,5.030382760132807302e-02,5.836935413142892853e-02,1.758754620058886053e-02,6.554219131742153315e-02,8.818831046795715112e-02,9.305894881914426875e-02,2.463509365407504786e-02,1.148906847083881466e-01,6.032700620184176105e-02,1.040844452797093228e-01,5.020986030194825311e-02,1.347804297437824872e-01,4.515128735200150262e-02,3.287289356637223409e-02,4.117333834492263589e-02,2.147152790828791430e-02,4.294305581657582860e-02,5.669360395915554879e-02,7.168138821023617435e-02,4.759443713587671598e-02,1.417183486813255733e-01,1.408099981206540063e-01,3.005387458497776193e-02,1.105212052872267120e-01,2.780962225145649502e-01,1.314132681826724325e-01,1.800570068282904279e-01,1.171772223266303314e-01,2.864436509428052238e-02,1.018762137442836557e-01
3.063333959781995922e-02,5.575393096535739140e-02,4.336590866378500081e-02,1.769717471653197913e-02,8.001315542191317354e-02,1.070757376433001257e-01,1.154858109377936426e-01,2.900457307523648595e-02,1.104585604209735034e-01,7.509553342103614249e-02,0.000000000000000000e+00,4.922320365846018925e-02,1.603551963916557133e-01,4.261417026874647629e-02,3.907473532544007699e-02,3.512810875148781459e-02,2.892626699241997168e-02,5.299755685021612789e-02,5.176032074171521558e-02,8.361523523147278147e-02,5.384326254463446537e-02,1.636127294368226459e-01,1.408099981206540063e-01,4.787633903401616181e-02,1.395884232287163962e-01,2.629831485309778727e-01,1.533076489381695051e-01,2.090459186869635944e-01,1.505356136064649464e-01,3.940362087326943624e-02,1.099730627075111156e-01,4.776671051807304669e-02,3.127544947691536514e-02,5.182296560796842422e-02,3.199586543882728534e-02,4.826786944809872970e-02,1.940424732193196666e-02,1.526968614922007139e-02,4.103238739585290951e-02,3.508112510179790811e-02,3.913738019169329257e-02,3.127544947691536514e-02,4.145524024306208172e-02,1.332769529537054451e-02,1.035206414834304381e-02,2.828415711332456228e-02,5.952828415711332311e-02,6.886236922884170220e-02,2.098603019482553345e-02,7.819645430057006741e-02,1.040844452797093228e-01,1.110223642172523950e-01,2.933345862306583826e-02,1.363465514001127588e-01,7.194762889181231802e-02,1.238958842322871595e-01,5.982584727181607803e-02,1.608720165382446776e-01,5.338908726429868884e-02,3.868320491135751604e-02,4.859675499592808201e-02,2.532418718286036374e-02,5.075800288166384955e-02,6.668546012654262556e-02,8.361523523147278147e-02,5.681889369166196607e-02,1.660245567875712480e-01,1.653981081250391616e-01,3.523773726743093665e-02,1.300977259913549955e-01,3.283217440330765124e-01,1.549833991104428987e-01,2.129612228277892594e-01,1.378187057570632035e-01,3.368727682766397419e-02,1.203407880724174650e-01
1.844891311157050712e-02,3.091524149595940504e-02,2.422790202342918128e-02,1.002317860051368803e-02,4.433690409070976945e-02,6.017039403620873250e-02,6.386644114514815340e-02,1.660088955710079667e-02,6.203407880724174511e-02,4.129862807742905317e-02,4.922320365846018925e-02,0.000000000000000000e+00,8.837624506671677704e-02,2.375806552653010259e-02,2.231723360270625872e-02,1.982710016914113887e-02,1.600576332769529375e-02,2.938044227275574821e-02,2.886362212616675957e-02,4.663910292551525644e-02,3.082127419657958861e-02,9.085071728371860167e-02,8.007580028816638218e-02,2.836246319614107655e-02,7.722545887364530570e-02,1.477635782747603876e-01,8.561987095157551353e-02,1.164568063647184182e-01,8.367788009772599012e-02,2.220760508676314013e-02,6.187746664160872351e-02,2.643613355885485183e-02,1.696109753805675677e-02,2.859738144459061590e-02,1.722733821963290043e-02,2.657708450792457475e-02,1.086888429493203072e-02,8.691975192632964489e-03,2.292802104867506033e-02,1.931028002255215023e-02,2.192570318862369083e-02,1.755622376746225621e-02,2.256781306771910023e-02,7.329449351625634025e-03,5.919939860928397080e-03,1.680448537242372822e-02,3.302950573200526263e-02,3.862056004510430046e-02,1.162062268997055697e-02,4.306834554908225282e-02,5.785253398483994336e-02,6.161122596003257290e-02,1.658522834053749451e-02,7.495458247196641610e-02,3.984213493704191061e-02,6.850216124788573169e-02,3.492451293616487956e-02,8.925327319426172579e-02,2.981895633652822258e-02,2.228591116957965440e-02,2.696861492200714264e-02,1.404811125728246644e-02,2.800225521518511645e-02,3.714840568815385574e-02,4.786067781745285965e-02,3.232475098665664459e-02,9.280836935413143418e-02,9.354444653260665654e-02,2.075111194637599410e-02,7.238614295558479239e-02,1.854601265426298329e-01,8.684144584351312368e-02,1.196986781933220556e-01,7.735074860615172299e-02,1.888742717534298149e-02,6.723360270625822199e-02
5.559731879972436286e-02,1.011088141326818290e-01,7.904215999498841183e-02,3.238739585290985323e-02,1.438639353504980178e-01,1.970494267994737925e-01,2.087796780053874646e-01,5.259036521957025784e-02,2.017321305519012842e-01,1.347334460940926015e-01,1.603551963916557133e-01,8.837624506671677704e-02,0.000000000000000000e+00,7.586293303263796917e-02,7.139948631209672159e-02,6.441458372486374984e-02,5.172899830858861125e-02,9.626949821462131573e-02,9.456242560922131779e-02,1.511307398358704424e-01,9.672367349495708533e-02,2.983305143143519245e-01,2.546983649689907869e-01,8.796905343607092087e-02,2.541032387395852910e-01,4.806114138946313563e-01,2.788479609096034539e-01,3.800194199085384916e-01,2.759819582785190684e-01,7.139948631209672159e-02,2.016851469022113708e-01,8.710768652508926735e-02,5.680323247509866391e-02,9.423354006139196548e-02,5.819708074923259783e-02,8.646557664599385795e-02,3.468959468771534022e-02,2.793961034893190434e-02,7.482929273945999882e-02,6.370982897951513180e-02,7.099229468145085153e-02,5.717910167261792964e-02,7.376433001315542415e-02,2.393033890872642983e-02,1.896573325815949229e-02,5.129048424481613688e-02,1.082190064524212181e-01,1.262763891499091573e-01,3.805675624882540881e-02,1.393535049802668568e-01,1.918499029004573087e-01,1.999310906471214733e-01,5.343607091398859532e-02,2.485121844264862601e-01,1.306458685710706058e-01,2.248324249827726717e-01,1.087828102487001236e-01,2.910323873958529095e-01,9.565871076865251066e-02,7.175969429305267822e-02,8.868946939798283413e-02,4.595000939672994056e-02,9.287101422038464282e-02,1.217189751299880968e-01,1.521173964793585132e-01,1.032074171521643741e-01,3.019795777736014597e-01,3.038745849777610974e-01,6.433627764204723209e-02,2.387865689406753200e-01,6.005450103364029513e-01,2.816669798909979261e-01,3.862525841007329319e-01,2.514095094906972361e-01,6.132932406189312707e-02,2.209484432750735972e-01
1.459625383699805767e-02,2.663972937417778686e-02,2.054751613105305907e-02,8.441395727620121248e-03,3.772787070099605650e-02,5.136879032763264769e-02,5.442272755747666613e-02,1.393848274133934785e-02,5.306020171646933653e-02,3.606778174528597197e-02,4.261417026874647629e-02,2.375806552653010259e-02,7.586293303263796917e-02,0.000000000000000000e+00,1.863684771033013998e-02,1.686713023867694033e-02,1.393848274133934785e-02,2.513625258410073435e-02,2.476038338658146862e-02,3.987345737016851493e-02,2.557476664787320525e-02,7.824343795025998083e-02,6.707699054062520039e-02,2.306897199774478324e-02,6.624694606277015119e-02,1.250704754745348701e-01,7.351375054814257570e-02,9.976194950823780161e-02,7.191630645868571370e-02,1.902837812441270440e-02,5.243375305393722929e-02,2.266178036709891666e-02,1.476852721919438664e-02,2.455678757125853706e-02,1.516005763327695280e-02,2.236421725239616520e-02,9.240117772348555719e-03,7.392094217878844402e-03,1.971747165319802028e-02,1.639729374177786164e-02,1.852721919438702139e-02,1.497212303451732167e-02,1.974879408632462460e-02,6.374115141264173612e-03,4.917622000877028450e-03,1.317108312973751770e-02,2.817452859738144369e-02,3.279458748355572328e-02,1.000751738395038587e-02,3.727369542066027996e-02,4.995928083693541161e-02,5.299755685021612789e-02,1.393848274133934785e-02,6.485309778863622421e-02,3.450166008895570735e-02,5.907410887677754657e-02,2.861304266115391806e-02,7.697487940863245726e-02,2.549646056505669445e-02,1.858986406064023003e-02,2.327256781306771827e-02,1.218442648624945210e-02,2.405562864123285058e-02,3.176094719037774600e-02,3.987345737016851493e-02,2.698427613857044480e-02,7.916744972749482911e-02,7.854100106496272882e-02,1.680448537242372822e-02,6.204974002380504727e-02,1.563772473845768396e-01,7.396792582847835917e-02,1.017352627952139293e-01,6.569880348305456863e-02,1.617803670989162446e-02,5.735137505481426035e-02
1.439265802167512438e-02,2.491699555221449716e-02,1.951387583787508526e-02,7.940236797594436499e-03,3.504980266867130378e-02,4.825220823153542754e-02,5.088329261417026683e-02,1.320240556286412376e-02,4.967737893879596578e-02,3.323310154732819766e-02,3.907473532544007699e-02,2.231723360270625872e-02,7.139948631209672159e-02,1.863684771033013998e-02,0.000000000000000000e+00,1.603708576082190154e-02,1.288918123159807014e-02,2.372674309340349480e-02,2.310029443087139103e-02,3.763390340161623659e-02,2.393033890872642983e-02,7.365470149721230209e-02,6.364718411326192316e-02,2.195702562175029862e-02,6.208106245693165159e-02,1.193541314289293942e-01,6.926956085948755837e-02,9.359143018229655608e-02,6.781306771910042275e-02,1.761886863371546832e-02,4.992795840380880729e-02,2.098603019482553345e-02,1.401678882415586039e-02,2.367975944371358832e-02,1.436133558854851833e-02,2.107999749420534988e-02,8.425734511056819087e-03,7.110192319739397707e-03,1.791643174841821631e-02,1.570820021299254576e-02,1.779114201591179556e-02,1.415773977322558330e-02,1.827663972937417641e-02,5.778988911858673298e-03,4.823654701497212018e-03,1.307711583035770300e-02,2.681200275637411409e-02,3.133809434316858072e-02,9.240117772348555719e-03,3.425108062394286584e-02,4.712460063897763729e-02,4.858109377936477985e-02,1.342166259475036094e-02,6.064023053310781119e-02,3.177660840694104816e-02,5.498653135375555778e-02,2.750109628515942997e-02,7.047547453486187330e-02,2.383637160934661339e-02,1.779114201591179556e-02,2.175342980642736360e-02,1.141702687464762195e-02,2.253649063459249591e-02,3.025747040030069696e-02,3.865188247823091172e-02,2.568439516381632384e-02,7.514251707072605591e-02,7.540875775230219957e-02,1.622502035958153094e-02,5.854162751362525924e-02,1.497055691286099111e-01,6.997431560483619029e-02,9.481300507423416624e-02,6.184614420848211225e-02,1.511307398358704458e-02,5.470462945561611195e-02
1.254463446720541220e-02,2.228591116957965440e-02,1.763452985027877049e-02,7.125853536302699867e-03,3.133809434316858072e-02,4.394537367662720156e-02,4.579339723109691201e-02,1.173025120591367557e-02,4.544885046670425061e-02,2.997556850216124766e-02,3.512810875148781459e-02,1.982710016914113887e-02,6.441458372486374984e-02,1.686713023867694033e-02,1.603708576082190154e-02,0.000000000000000000e+00,1.158930025684395092e-02,2.118962601014846847e-02,2.107999749420534988e-02,3.418843575768965720e-02,2.151851155797782425e-02,6.627826849589675551e-02,5.761761573639040401e-02,1.993672868508425747e-02,5.620810624569316793e-02,1.069974315604836218e-01,6.289544571822339170e-02,8.499342228904341323e-02,6.151725866065275994e-02,1.638163252521455948e-02,4.518260978512810694e-02,1.893441082503288797e-02,1.245066716782559750e-02,2.076677316293929626e-02,1.271690784940174117e-02,1.926329637286224375e-02,7.658334899454989804e-03,6.280147841884357179e-03,1.630332644239804521e-02,1.401678882415586039e-02,1.572386142955584792e-02,1.256029568376871436e-02,1.639729374177786164e-02,5.183862682453172985e-03,4.322495771471528136e-03,1.157363904028064876e-02,2.418091837373927133e-02,2.853473657833740379e-02,8.237799912297187957e-03,3.060201716469335489e-02,4.262983148530977845e-02,4.385140637724738166e-02,1.193384702123660886e-02,5.489256405437574482e-02,2.864436509428052238e-02,4.952076677316293724e-02,2.416525715717596917e-02,6.392908601140136204e-02,2.137756060890810134e-02,1.592745724487878295e-02,1.985842260226774320e-02,1.021111319927331916e-02,2.040656518198333616e-02,2.748543506859612781e-02,3.523773726743093665e-02,2.259913550084570455e-02,6.836121029881600530e-02,6.822025934974629280e-02,1.461191505356135983e-02,5.331078118148217804e-02,1.340756749984338692e-01,6.432061642548393687e-02,8.665351124475349776e-02,5.702248950698490110e-02,1.414207855666228114e-02,4.920754244189688709e-02
1.017979076614671484e-02,1.804172148092463707e-02,1.426736828916870189e-02,5.685021612478857733e-03,2.574704003006953595e-02,3.497149658585478604e-02,3.730501785378688429e-02,9.553342103614609337e-03,3.614608782810248971e-02,2.400864499154294410e-02,2.892626699241997168e-02,1.600576332769529375e-02,5.172899830858861125e-02,1.393848274133934785e-02,1.288918123159807014e-02,1.158930025684395092e-02,0.000000000000000000e+00,1.694543632149345461e-02,1.686713023867694033e-02,2.723485560358328630e-02,1.750924011777234973e-02,5.367098916243814161e-02,4.671740900833176724e-02,1.586481237862557084e-02,4.507298126918499181e-02,8.583912798346175765e-02,5.028816638476477086e-02,6.753116582096096998e-02,4.901960784313725422e-02,1.295182609785128051e-02,3.603645931215936765e-02,1.519138006640355885e-02,1.014846833302010878e-02,1.697675875462005893e-02,1.036772536490634597e-02,1.581782872893566436e-02,6.233164192194449831e-03,5.168201465889869957e-03,1.312409948004760948e-02,1.152665539059074054e-02,1.284219758190816192e-02,1.025809684896322738e-02,1.354695232725678170e-02,4.275512121781619920e-03,3.429806427363277666e-03,9.459374804234792905e-03,1.946689218818517877e-02,2.270876401678882314e-02,6.843951638163252305e-03,2.544947691536678450e-02,3.406314602518323298e-02,3.575455741401992182e-02,9.615986969867819714e-03,4.422727557476664739e-02,2.331955146275762822e-02,3.999874710267493916e-02,1.949821462131178310e-02,5.194825534047484844e-02,1.744659525151913762e-02,1.262294055002192647e-02,1.575518386268245224e-02,8.269122345423792278e-03,1.645993860803107028e-02,2.189438075549708651e-02,2.792394913236860218e-02,1.833928459562738852e-02,5.481425797155923402e-02,5.439140512435006181e-02,1.174591242247697773e-02,4.237925202029693694e-02,1.073889619745661828e-01,5.050742341665100804e-02,6.928522207605086747e-02,4.540186681701434412e-02,1.105681889369166185e-02,3.945060452295934272e-02
1.840192946188059717e-02,3.356198709515754997e-02,2.612290922758879821e-02,1.058698239679258316e-02,4.732819645430057232e-02,6.496272630457934627e-02,6.883104679571509787e-02,1.750924011777234973e-02,6.681074985904905672e-02,4.433690409070976945e-02,5.299755685021612789e-02,2.938044227275574821e-02,9.626949821462131573e-02,2.513625258410073435e-02,2.372674309340349480e-02,2.118962601014846847e-02,1.694543632149345461e-02,0.000000000000000000e+00,3.151036772536490449e-02,5.025684395163816653e-02,3.205851030508050092e-02,9.915116206226899653e-02,8.457056944183424796e-02,2.922383010712271967e-02,8.339597819958653735e-02,1.595564743469272684e-01,9.229154920754244207e-02,1.253836998058009133e-01,9.099166823278832805e-02,2.367975944371358832e-02,6.659149282716281260e-02,2.834680197957777439e-02,1.876213744283656074e-02,3.115015974440894439e-02,1.920065150660903511e-02,2.844076927895759083e-02,1.143268809121092584e-02,9.349746288291674312e-03,2.452546513813192927e-02,2.104867506107874556e-02,2.344484119526404897e-02,1.888742717534298149e-02,2.421224080686587565e-02,7.830608281651317906e-03,6.280147841884357179e-03,1.666353442335400531e-02,3.580154106370982831e-02,4.192507673996116041e-02,1.252897325064211004e-02,4.623191129486938639e-02,6.338094343168577949e-02,6.587107686525089933e-02,1.769717471653197913e-02,8.226837060702875404e-02,4.300570068282904418e-02,7.423416651005450284e-02,3.581720228027313047e-02,9.611288604898828025e-02,3.168264110756123519e-02,2.371108187684019264e-02,2.919250767399611535e-02,1.525402493265676923e-02,3.052371108187684062e-02,4.013969805174465860e-02,5.093027626386017331e-02,3.385955020986030489e-02,1.001064962726304630e-01,9.994988410699742754e-02,2.131491574265488922e-02,7.872893566372235474e-02,1.989287727870701072e-01,9.354444653260665654e-02,1.276545762074798029e-01,8.377184739710580308e-02,2.026561423291361325e-02,7.310655891749670565e-02
1.799473783123473059e-02,3.301384451544196047e-02,2.563741151412641736e-02,1.039904779803295203e-02,4.648249075988222789e-02,6.377247384576834044e-02,6.778174528597381843e-02,1.702374240430996541e-02,6.599636659775731662e-02,4.374177786130426654e-02,5.176032074171521558e-02,2.886362212616675957e-02,9.456242560922131779e-02,2.476038338658146862e-02,2.310029443087139103e-02,2.107999749420534988e-02,1.686713023867694033e-02,3.151036772536490449e-02,0.000000000000000000e+00,4.974002380504917442e-02,3.135375555973188288e-02,9.783561987095157342e-02,8.312973751801039368e-02,2.891060577585666952e-02,8.262857858798471067e-02,1.570820021299254576e-01,9.128923134749107604e-02,1.239428678819770729e-01,8.912798346175530850e-02,2.346050241182735113e-02,6.574578713274446817e-02,2.793961034893190434e-02,1.827663972937417641e-02,3.024180918373739133e-02,1.863684771033013998e-02,2.817452859738144369e-02,1.132305957526780725e-02,9.052183173588924589e-03,2.408695107435945490e-02,2.051619369792645475e-02,2.281839253273194174e-02,1.844891311157050712e-02,2.377372674309340475e-02,7.705318549144897153e-03,6.154858109377936426e-03,1.639729374177786164e-02,3.522207605086763449e-02,4.125164442773914669e-02,1.229405500219257069e-02,4.533922195076113548e-02,6.244127043788761516e-02,6.491574265488943285e-02,1.716469335337969179e-02,8.109377936478105731e-02,4.220697863810060624e-02,7.276201215310405812e-02,3.484620685334836876e-02,9.485998872392407966e-02,3.104053122846582580e-02,2.320992294681450963e-02,2.919250767399611535e-02,1.486249451857420308e-02,2.995990728559794550e-02,3.954457182233916263e-02,5.042911733383449030e-02,3.295119964918875183e-02,9.998120654012403186e-02,9.872830921505983126e-02,2.095470776169892912e-02,7.760132807116457143e-02,1.952640481112572768e-01,9.323122220134059945e-02,1.273883355259036454e-01,8.333333333333332871e-02,2.037524274885673184e-02,7.165006577710957003e-02
2.908287915805299675e-02,5.271565495207667512e-02,4.158052997556849900e-02,1.678882415586042606e-02,7.417152164380129420e-02,1.033013844515442009e-01,1.079997494205349878e-01,2.753241871828603776e-02,1.070757376433001257e-01,7.102361711457745586e-02,8.361523523147278147e-02,4.663910292551525644e-02,1.511307398358704424e-01,3.987345737016851493e-02,3.763390340161623659e-02,3.418843575768965720e-02,2.723485560358328630e-02,5.025684395163816653e-02,4.974002380504917442e-02,0.000000000000000000e+00,5.038213368414458382e-02,1.574735325440080047e-01,1.343419156800100267e-01,4.601265426298314920e-02,1.323216187433439717e-01,2.525684395163816376e-01,1.478888680072668049e-01,1.987251769717471583e-01,1.437543068345548958e-01,3.793146651631898458e-02,1.059011464010524289e-01,4.469711207166572609e-02,2.930213618993923394e-02,4.887865689406752784e-02,3.003821336841445977e-02,4.541752803357764628e-02,1.805738269748793923e-02,1.472154356950447843e-02,3.813506233164191961e-02,3.306082816513186695e-02,3.699179352252082720e-02,2.969366660402180183e-02,3.855791517885109182e-02,1.215310405312284604e-02,1.003883981707699019e-02,2.693729248888053485e-02,5.674058760884545527e-02,6.665413769341602124e-02,1.948255340474848094e-02,7.226085322307837511e-02,1.005919939860928369e-01,1.034579966171772225e-01,2.797093278205850866e-02,1.301447096410449089e-01,6.767211677003069636e-02,1.166134185303514398e-01,5.631773476163628306e-02,1.503790014408319109e-01,4.972436258848587226e-02,3.738332393660339509e-02,4.706195577272442865e-02,2.400864499154294410e-02,4.804861241621249252e-02,6.450855102424356280e-02,8.314539873457370278e-02,5.287226711770970367e-02,1.625790891436446894e-01,1.595877967800538866e-01,3.381256656017039147e-02,1.249608469585917481e-01,3.151663221199022535e-01,1.516318987658961392e-01,2.031573012591618155e-01,1.341383198646870778e-01,3.291987721606214057e-02,1.153135375555973119e-01
1.967048800350811380e-02,3.395351750924011786e-02,2.627952139322182676e-02,1.080623942867882034e-02,4.812691849902900332e-02,6.479045292238301557e-02,6.945749545824719817e-02,1.799473783123473059e-02,6.728058635594813541e-02,4.515128735200150262e-02,5.384326254463446537e-02,3.082127419657958861e-02,9.672367349495708533e-02,2.557476664787320525e-02,2.393033890872642983e-02,2.151851155797782425e-02,1.750924011777234973e-02,3.205851030508050092e-02,3.135375555973188288e-02,5.038213368414458382e-02,0.000000000000000000e+00,9.899454989663597493e-02,8.637160934661404499e-02,3.011651945123097057e-02,8.439829605963791725e-02,1.608093716719914690e-01,9.285535300382133372e-02,1.269811438952577753e-01,9.102299066591493237e-02,2.383637160934661339e-02,6.718661905656830857e-02,2.886362212616675957e-02,1.858986406064023003e-02,3.144772285911169585e-02,1.920065150660903511e-02,2.867568752740713017e-02,1.166760633966046519e-02,9.490697237361398961e-03,2.480736703627137857e-02,2.086074046231911269e-02,2.375806552653010259e-02,1.902837812441270440e-02,2.465075487063835002e-02,7.987220447284344715e-03,6.436760007517383989e-03,1.799473783123473059e-02,3.600513687903276333e-02,4.217565620497400192e-02,1.271690784940174117e-02,4.687402117396479578e-02,6.330263734886926175e-02,6.674810499279583420e-02,1.812002756374115134e-02,8.168890559418655328e-02,4.347553717972812287e-02,7.490759882227651656e-02,3.774353191755935866e-02,9.711520390903966016e-02,3.223078368727682469e-02,2.402430620810624626e-02,2.944308713900895685e-02,1.534799223203658393e-02,3.050804986531353846e-02,4.051556724926392433e-02,5.157238614295558271e-02,3.503414145210800162e-02,1.004510430370231105e-01,1.015943118461442030e-01,2.223892751988974445e-02,7.876025809684895906e-02,2.011056818893691700e-01,9.440581344358829619e-02,1.293929712460063775e-01,8.358391279834617715e-02,2.054751613105305907e-02,7.321618743343982771e-02
