0.000000000000000000e+00,2.099090567065813734e-02,1.163710901519181100e-02,6.862910444856709473e-03,2.493480883745670049e-02,3.300424229057744713e-02,3.719463940530091939e-02,7.913753064957642497e-03,4.342185493182496026e-02,2.512940932266057720e-02,3.197934640183702770e-02,1.990114295351642915e-02,5.412488161803816894e-02,1.275281846369403539e-02,1.447827609916840785e-02,1.109222765662095690e-02,9.366770021146586175e-03,1.830541897484464289e-02,2.005682334167953329e-02,3.292640209649589506e-02,1.769567078787249656e-02,5.587628598487305587e-02,5.162102204174828790e-02,1.604805334647967791e-02,4.392781619335504179e-02,9.833811185635889240e-02,5.258105110208741162e-02,7.549201489342380333e-02,5.132263463110234986e-02,1.450422283052892405e-02,3.715571930826014335e-02,1.458206302461047439e-02,1.123493467910379948e-02,1.525667803998391296e-02,9.963544842438474408e-03,1.372582088971341895e-02,6.694256691013349830e-03,6.253162257884563140e-03,1.609994680920071031e-02,1.044355937260803627e-02,1.469882331573280076e-02,1.054734629805010281e-02,1.142953516430767619e-02,3.853089607036753409e-03,3.139554494622540104e-03,1.285660538913610366e-02,1.850001946004851960e-02,2.173038751443286815e-02,1.056031966373036091e-02,2.620619867412202902e-02,3.170690572255160239e-02,3.751897354730737710e-02,1.207820344832059856e-02,4.330509464070263909e-02,2.320935120198232976e-02,3.304316238761822316e-02,2.141902673810666680e-02,5.433245546892230549e-02,1.917463447542195817e-02,1.798108483283818171e-02,1.777351098195404863e-02,7.965646527678674899e-03,1.730646981746474661e-02,1.999195651327824105e-02,3.173285245391211512e-02,2.073143835705297186e-02,5.504599058133651662e-02,5.935314798718231699e-02,1.473774341277357507e-02,3.947795176502640058e-02,1.135818165306625438e-01,5.216590340031914547e-02,6.874586473968941069e-02,5.054423269028684301e-02,1.122196131342354138e-02,3.894604377213580632e-02
2.099090567065813734e-02,0.000000000000000000e+00,2.265149647773121930e-02,1.314201943410178881e-02,4.757333194950766342e-02,6.347867827350449355e-02,7.180757904023041260e-02,1.495829062933796971e-02,8.445661057848237452e-02,4.787171936015360146e-02,6.122131264513952509e-02,3.655894448696825338e-02,1.049934484503314697e-01,2.492183547177644412e-02,2.676405339837313949e-02,2.140605337242640696e-02,1.820163204940257809e-02,3.584540937455404225e-02,3.885523021237399788e-02,6.487980176697240309e-02,3.323776287282209640e-02,1.091189787366536462e-01,9.864947263268510069e-02,3.031875559476394921e-02,8.474202462344805620e-02,1.863364512655518168e-01,1.022301215604364266e-01,1.462357779478730135e-01,9.953166149894267234e-02,2.843761757112647781e-02,7.087349671125180162e-02,2.733488148830450978e-02,2.158768049195002731e-02,2.876195171313293900e-02,1.896706062453782510e-02,2.689378705517572396e-02,1.293444558321765400e-02,1.203928335127982252e-02,3.000739481843774786e-02,2.004384997599927346e-02,2.773705582439252304e-02,2.001790324463875725e-02,2.211958848484062157e-02,7.407791803427563569e-03,6.045588407000428328e-03,2.409154006823990488e-02,3.616974351656049996e-02,4.199478470699653798e-02,1.992708968487694882e-02,5.021989854828037836e-02,6.135104630194210956e-02,7.258598098104591945e-02,2.274231003749302774e-02,8.501446530273348845e-02,4.451161764896666845e-02,6.358246519894655835e-02,3.917956435438045559e-02,1.051102087414537978e-01,3.701301228577730251e-02,3.373075076867191463e-02,3.458699290356897355e-02,1.521775794294313693e-02,3.379561759707321034e-02,3.914064425733967956e-02,6.175322063803012629e-02,3.902388396621735839e-02,1.075621748550226325e-01,1.135688431649822944e-01,2.729596139126373722e-02,7.710071223777584248e-02,2.166941269573565421e-01,1.011014387462539355e-01,1.339889207457090614e-01,9.801377771435243469e-02,2.189904126827622866e-02,7.435035871356106274e-02
1.163710901519181100e-02,2.265149647773121930e-02,0.000000000000000000e+00,7.368871706386787533e-03,2.621917203980228539e-02,3.528755465030292832e-02,3.963363215318950472e-02,8.354847498086428320e-03,4.732683800158275084e-02,2.660837301021003881e-02,3.424968539588225253e-02,2.035521075232547480e-02,5.787418429963285538e-02,1.385555454651600342e-02,1.501018409205900211e-02,1.189657632879697995e-02,1.026193225308441766e-02,1.999195651327824105e-02,2.201580155939855329e-02,3.649407765856696462e-02,1.814973858668154222e-02,6.158456688418676578e-02,5.489031019317341248e-02,1.699510904113854179e-02,4.695061039685525378e-02,1.046172208456039726e-01,5.686226177657269926e-02,8.110948223297570481e-02,5.542221818606401368e-02,1.585345286127580119e-02,3.928335127982252734e-02,1.494531726365770988e-02,1.197441652287853028e-02,1.595723978671786947e-02,1.045653273828829437e-02,1.495829062933796971e-02,7.187244586863169790e-03,6.733176788054124999e-03,1.657996133937027217e-02,1.107925429094069880e-02,1.552911871926934001e-02,1.106628092526044070e-02,1.225983056784421543e-02,4.086610189281404855e-03,3.386048442547450084e-03,1.320688626250308105e-02,2.018655699848211776e-02,2.362449890375059938e-02,1.105330755958018260e-02,2.758137543622942237e-02,3.427563212724277220e-02,4.010067331767880328e-02,1.254524461280990058e-02,4.769009224062998459e-02,2.445479430728713863e-02,3.527458128462267195e-02,2.143200010378692663e-02,5.832825209844189757e-02,2.044602431208728324e-02,1.892814052749704906e-02,1.912274101270092577e-02,8.367820863766686421e-03,1.881138023637472442e-02,2.186012117123545262e-02,3.466483309765052562e-02,2.125037298426330629e-02,6.007965646527678449e-02,6.338786471374269205e-02,1.525667803998391296e-02,4.320130771526056734e-02,1.207431143861652095e-01,5.679739494817140355e-02,7.435035871356106274e-02,5.455300268548669840e-02,1.216901700808240699e-02,4.163153046794929729e-02
6.862910444856709473e-03,1.314201943410178881e-02,7.368871706386787533e-03,0.000000000000000000e+00,1.571074583879295689e-02,2.060170470025038739e-02,2.357260544102956698e-02,4.903932227137685999e-03,2.752948197350838649e-02,1.564587901039166465e-02,2.016061026712159809e-02,1.196144315719827218e-02,3.431455222428354823e-02,8.160247012882551609e-03,8.510527886249528995e-03,6.862910444856709473e-03,5.928828115878101955e-03,1.162413564951155290e-02,1.257119134417041852e-02,2.064062479729115995e-02,1.097546736549863053e-02,3.530052801598318468e-02,3.194042630479625167e-02,9.911651379717440272e-03,2.765921563031097097e-02,6.067643128656867446e-02,3.296532219353667109e-02,4.769009224062998459e-02,3.208313332727909944e-02,9.159196170262451364e-03,2.307961754517974529e-02,9.081355976180901027e-03,7.135351124142136521e-03,9.366770021146586175e-03,6.227215526524046071e-03,8.769995199854697943e-03,4.216343846083989329e-03,3.956876532478821248e-03,9.872731282676664236e-03,6.603443131251540525e-03,9.003515782099350689e-03,6.525602937169990188e-03,7.200217952543428758e-03,2.426019382208326365e-03,1.958978217719023040e-03,7.952673161998416798e-03,1.175386930631413737e-02,1.369987415835290101e-02,6.538576302850248288e-03,1.656698797369001580e-02,1.997898314759798122e-02,2.388396621735576833e-02,7.446711900468338738e-03,2.768516236167148717e-02,1.476369014413409300e-02,2.093901220793710494e-02,1.288255212049661987e-02,3.436644568700458063e-02,1.209117681400085666e-02,1.084573370869604779e-02,1.131277487318534981e-02,4.981772421219237204e-03,1.098844073117889036e-02,1.267497826961248505e-02,1.982330275943488054e-02,1.284363202345584556e-02,3.489835367989517489e-02,3.685733189761419837e-02,8.964595685058574653e-03,2.520724951674212927e-02,7.096431027101360312e-02,3.266693478289072611e-02,4.381105590223271368e-02,3.155122533438849824e-02,7.122377758461877553e-03,2.422127372504248935e-02
2.493480883745670049e-02,4.757333194950766342e-02,2.621917203980228539e-02,1.571074583879295689e-02,0.000000000000000000e+00,7.464874612420700772e-02,8.511825222817555325e-02,1.782540444467508103e-02,9.905164696877311048e-02,5.716064918721863730e-02,7.315680907097728281e-02,4.360348205134858407e-02,1.244664703363993763e-01,2.933277980306430929e-02,3.095445051309661175e-02,2.524616961378290531e-02,2.136713327538563439e-02,4.155369027386775216e-02,4.541975324658475976e-02,7.463577275852674442e-02,4.024338034016165105e-02,1.266978892334038320e-01,1.152813274347763983e-01,3.580648927751326621e-02,9.971328861846628921e-02,2.190941996082043652e-01,1.189917100193303157e-01,1.723381896965529847e-01,1.158521555247077756e-01,3.323776287282209640e-02,8.382091566014970851e-02,3.286153526809459935e-02,2.562239721851039889e-02,3.408103164203889202e-02,2.254770955228915102e-02,3.196637303615677134e-02,1.539938506246675554e-02,1.429664897964478924e-02,3.596216966567636342e-02,2.381909938895447609e-02,3.290045536513537539e-02,2.400072650847809297e-02,2.614133184572073679e-02,8.886755490977024316e-03,7.070484295740844284e-03,2.883979190721448760e-02,4.238398567740429140e-02,4.903932227137686173e-02,2.397477977711757677e-02,6.035209714456221675e-02,7.191136596567247741e-02,8.648045562460268676e-02,2.704946744333882463e-02,9.971328861846628921e-02,5.381352084171196759e-02,7.603689625199465396e-02,4.695061039685525378e-02,1.241680829257534313e-01,4.377213580519193764e-02,3.912767089165942319e-02,4.047690092240630033e-02,1.813676522100128585e-02,3.973741907863156952e-02,4.597760797083587370e-02,7.141837806982265224e-02,4.697655712821577345e-02,1.250632451576912663e-01,1.327305042747239927e-01,3.221286698408167698e-02,9.033354523163944494e-02,2.552379963934043317e-01,1.176295066229031822e-01,1.576912598435412094e-01,1.136856034561046225e-01,2.612835848004047695e-02,8.790752584943112291e-02
3.300424229057744713e-02,6.347867827350449355e-02,3.528755465030292832e-02,2.060170470025038739e-02,7.464874612420700772e-02,0.000000000000000000e+00,1.125698940076023946e-01,2.315745773926129736e-02,1.316018214605415015e-01,7.432441198220053613e-02,9.522450409309687891e-02,5.674550148545037115e-02,1.636979281535008712e-01,3.859576289876882893e-02,4.104772901233767063e-02,3.277072170833279091e-02,2.825599045160286094e-02,5.561681867126788692e-02,6.023533685343988864e-02,1.001543830515950750e-01,5.181562252695216808e-02,1.701067707995485290e-01,1.531635552211310092e-01,4.763819877790895219e-02,1.326137439836016785e-01,2.913298997158833004e-01,1.584047949559554136e-01,2.268133521879581171e-01,1.540457440873885808e-01,4.382402926791297698e-02,1.103903685733189782e-01,4.321428108094083065e-02,3.402913817931785961e-02,4.486189852233364583e-02,2.977387423619309512e-02,4.174829075907162540e-02,2.022547709552289033e-02,1.864272648253136391e-02,4.721007771046042273e-02,3.164203889415030668e-02,4.325320117798160668e-02,3.129175802078332930e-02,3.430157885860328493e-02,1.168900247791284513e-02,9.301903192745293938e-03,3.799898807747693896e-02,5.599304627599538398e-02,6.585280419299179011e-02,3.125283792374255326e-02,7.870940958212789551e-02,9.567857189190591416e-02,1.133353225827376382e-01,3.522268782190163261e-02,1.321726495504728927e-01,6.929074609826027520e-02,9.949274140190189630e-02,6.072832474928970686e-02,1.635941412280587925e-01,5.760174362034743006e-02,5.236050388552301871e-02,5.402109469259609720e-02,2.370233909783215145e-02,5.256807773640715525e-02,6.050777753272531395e-02,9.558775833214411266e-02,6.072832474928970686e-02,1.670320831333272915e-01,1.769826546100854991e-01,4.261750625964894068e-02,1.203668867814377125e-01,3.397205537032472189e-01,1.571074583879295827e-01,2.085079332131134777e-01,1.520737925039893079e-01,3.405508491067837928e-02,1.164359569803194022e-01
3.719463940530091939e-02,7.180757904023041260e-02,3.963363215318950472e-02,2.357260544102956698e-02,8.511825222817555325e-02,1.125698940076023946e-01,0.000000000000000000e+00,2.666026647293107121e-02,1.491158651288903847e-01,8.552042656426356304e-02,1.095211530727416560e-01,6.529494946874067618e-02,1.857785965413007168e-01,4.423917696968124313e-02,4.650951596372646796e-02,3.794709461475590656e-02,3.221286698408167698e-02,6.277811652677053877e-02,6.821395674679882337e-02,1.125958407389629073e-01,5.984613588303213522e-02,1.914349839778933804e-01,1.735447127048170002e-01,5.381352084171196759e-02,1.505169886223582942e-01,3.294845681815233296e-01,1.789546061934847720e-01,2.583645775223466501e-01,1.744528483024350984e-01,4.990853777195417701e-02,1.254005526653779734e-01,4.950636343586616722e-02,3.863468299580960497e-02,5.095938039205510917e-02,3.362696384322984983e-02,4.806631984535748164e-02,2.333908485878491423e-02,2.143200010378692663e-02,5.443624239436437029e-02,3.598811639703688309e-02,4.927284285362151794e-02,3.600108976271713945e-02,3.928335127982252734e-02,1.338851338202669966e-02,1.065113322349217108e-02,4.304562732709747014e-02,6.385490587823199060e-02,7.363682360114684466e-02,3.578054254615274654e-02,8.991839752987117185e-02,1.081330029449540098e-01,1.296817633398632541e-01,4.046392755672604397e-02,1.500369740921887463e-01,8.024026673239838259e-02,1.135169497022612550e-01,6.992644101659294120e-02,1.862456377057900014e-01,6.547657658826429306e-02,5.850987921796551444e-02,6.088400513745281101e-02,2.719217446582166894e-02,5.967748212918877471e-02,6.873289137400916127e-02,1.075621748550226325e-01,6.974481389706931045e-02,1.883862430430326418e-01,1.990373762665248181e-01,4.842957408440471540e-02,1.361165527172714385e-01,3.830905151723511537e-01,1.767491340278408429e-01,2.369325774185596922e-01,1.712484269794112557e-01,3.872549655557141340e-02,1.312774873185350577e-01
7.913753064957642497e-03,1.495829062933796971e-02,8.354847498086428320e-03,4.903932227137685999e-03,1.782540444467508103e-02,2.315745773926129736e-02,2.666026647293107121e-02,0.000000000000000000e+00,3.112310426693997226e-02,1.787729790739611690e-02,2.274231003749302774e-02,1.376474098675419325e-02,3.862170963012934166e-02,9.237036364344001702e-03,9.937598111077956473e-03,7.913753064957642497e-03,6.720203422373866031e-03,1.319391289682282295e-02,1.432259571100530544e-02,2.352071197830853111e-02,1.232469739624550767e-02,4.019148687744061171e-02,3.616974351656049996e-02,1.118304121638276534e-02,3.140851831190565741e-02,6.922587926985898643e-02,3.714274594257988005e-02,5.403406805827636050e-02,3.632542390472360411e-02,1.037869254420674403e-02,2.602457155459840868e-02,1.009327849924105888e-02,8.004566624719450935e-03,1.062518649213165314e-02,6.953724004618517911e-03,9.963544842438474408e-03,4.852038764416652730e-03,4.475811159689158276e-03,1.122196131342354138e-02,7.498605363189372007e-03,1.030085235012519369e-02,7.381845072067046501e-03,8.186193744243069545e-03,2.750353524214787116e-03,2.231418897004449654e-03,9.081355976180901027e-03,1.324580635954385709e-02,1.546425189086804777e-02,7.407791803427563569e-03,1.874651340797343219e-02,2.241797589548656655e-02,2.691973378653624016e-02,8.393767595127204356e-03,3.125283792374255326e-02,1.659293470505053200e-02,2.368936573215189162e-02,1.484153033821564334e-02,3.853089607036753322e-02,1.366095406131212671e-02,1.240253759032705801e-02,1.273984509801377729e-02,5.617467339551899738e-03,1.238956422464679991e-02,1.447827609916840785e-02,2.261257638069044326e-02,1.451719619620918215e-02,3.947795176502640058e-02,4.191694451291498591e-02,1.024895888740415956e-02,2.834680401136466937e-02,8.007161297855502902e-02,3.707787911417859128e-02,4.922094939090047860e-02,3.581946264319352258e-02,7.965646527678674899e-03,2.732190812262425342e-02
4.342185493182496026e-02,8.445661057848237452e-02,4.732683800158275084e-02,2.752948197350838649e-02,9.905164696877311048e-02,1.315888480948612382e-01,1.491158651288903847e-01,3.112310426693997226e-02,0.000000000000000000e+00,9.901272687173233444e-02,1.276708916594231913e-01,7.540120133366198796e-02,2.181341705478652415e-01,5.191940945239423288e-02,5.516275087245884473e-02,4.397970965607607419e-02,3.799898807747693896e-02,7.466171948988725715e-02,8.107056213593492877e-02,1.348062427835653443e-01,6.856423762016579382e-02,2.282015023157457634e-01,2.046548436060767195e-01,6.286893008653235415e-02,1.764766933485554246e-01,3.886560890491820297e-01,2.115566741479742163e-01,3.031097157535579401e-01,2.061986741220274699e-01,5.909368067357714804e-02,1.468325527691649035e-01,5.661576782864778667e-02,4.481000505961261343e-02,5.937909471854282972e-02,3.916659098870019923e-02,5.588925935055331223e-02,2.710136090605986051e-02,2.498670230017773636e-02,6.215539497411813608e-02,4.173531739339136903e-02,5.727740947834096541e-02,4.134611642298361561e-02,4.561435373178863995e-02,1.536046496542598123e-02,1.245443105304809214e-02,4.973988401811081650e-02,7.521957421413837108e-02,8.780373892398904423e-02,4.139800988570464801e-02,1.042799133379172516e-01,1.276838650251034546e-01,1.507115891075621883e-01,4.701547722525654949e-02,1.781632308869890158e-01,9.250009730024259802e-02,1.328732112972068335e-01,8.039594712056148673e-02,2.179914635253824007e-01,7.663367107328654393e-02,6.990049428523241459e-02,7.202812625679480552e-02,3.157717206574901792e-02,7.022482842723887231e-02,8.158949676314526667e-02,1.286698408168031049e-01,8.052568077736407814e-02,2.240500252980630880e-01,2.363358025972678023e-01,5.643414070912416980e-02,1.606102671215993427e-01,4.508374307546607063e-01,2.108820591326007743e-01,2.784084274983458784e-01,2.036429210830165704e-01,4.548462007498605547e-02,1.547073857370817596e-01
2.512940932266057720e-02,4.787171936015360146e-02,2.660837301021003881e-02,1.564587901039166465e-02,5.716064918721863730e-02,7.432441198220053613e-02,8.552042656426356304e-02,1.787729790739611690e-02,9.901272687173233444e-02,0.000000000000000000e+00,7.345519648162322779e-02,4.391484282767478542e-02,1.238956422464679991e-01,2.989063452731541976e-02,3.165501225983056999e-02,2.549266356170781442e-02,2.141902673810666680e-02,4.213749172947937882e-02,4.599058133651613006e-02,7.527146767685941042e-02,3.995796629519596244e-02,1.277746785848652700e-01,1.159040489874288149e-01,3.572864908343171414e-02,9.986896900662939336e-02,2.203266693478289073e-01,1.187711628027659228e-01,1.720008821888662498e-01,1.162024363980747460e-01,3.325073623850235277e-02,8.339279459270118600e-02,3.236854737224478112e-02,2.553158365874859045e-02,3.384751105979424274e-02,2.204174829075907296e-02,3.230368054384349236e-02,1.552911871926934001e-02,1.416691532284220477e-02,3.574162244911197051e-02,2.396180641143732040e-02,3.312100258169976830e-02,2.372828582919266766e-02,2.633593233092461350e-02,8.808915296895473979e-03,7.213191318223686858e-03,2.877492507881319536e-02,4.243587914012532381e-02,4.889661524889402089e-02,2.385801948599525213e-02,5.998884290551497606e-02,7.128864441302007471e-02,8.602638782579365151e-02,2.690676042085598380e-02,9.960950169302422441e-02,5.347621333402524657e-02,7.581634903543026105e-02,4.708034405365783825e-02,1.238826688807877496e-01,4.381105590223271368e-02,3.952984522774743298e-02,4.048987428808655670e-02,1.804595166123947395e-02,3.963363215318950472e-02,4.602950143355690610e-02,7.224867347335919843e-02,4.645762250100543556e-02,1.259194872925883113e-01,1.330159183196896744e-01,3.230368054384349236e-02,9.042435879140124644e-02,2.550044758111597032e-01,1.179668141305899032e-01,1.585085818813974923e-01,1.142823782773964986e-01,2.582997106939453197e-02,8.777779219262853150e-02
3.197934640183702770e-02,6.122131264513952509e-02,3.424968539588225253e-02,2.016061026712159809e-02,7.315680907097728281e-02,9.522450409309687891e-02,1.095211530727416560e-01,2.274231003749302774e-02,1.276708916594231913e-01,7.345519648162322779e-02,0.000000000000000000e+00,5.614872666415848118e-02,1.595464511358181681e-01,3.824548202540185154e-02,4.000985975791699484e-02,3.236854737224478112e-02,2.776300255575303924e-02,5.394325449851455206e-02,5.927530779310076492e-02,9.667752104928581391e-02,5.103722058613666124e-02,1.645671436540781796e-01,1.481688094342315243e-01,4.621112855308052297e-02,1.279563057043889007e-01,2.819761030604169827e-01,1.530857150270494571e-01,2.211439913856851902e-01,1.491158651288903847e-01,4.288994693893436599e-02,1.074324411982200550e-01,4.133314305730335925e-02,3.287450863377486265e-02,4.357753531998806440e-02,2.842464420544621798e-02,4.137206315434412834e-02,1.992708968487694882e-02,1.831839234052490273e-02,4.539380651522424703e-02,3.051335607996782592e-02,4.200775807267679435e-02,3.029280886340343301e-02,3.362696384322984983e-02,1.127385477614457551e-02,9.133249438901935163e-03,3.675354497217213356e-02,5.470868307364979560e-02,6.302461047469544442e-02,3.064308973677041040e-02,7.738612628274153804e-02,9.233144354639924445e-02,1.105071288644413063e-01,3.411995173907966805e-02,1.287476810108846570e-01,6.870694464264864854e-02,9.758565664690391217e-02,5.959964193510722263e-02,1.584956085157172290e-01,5.633035378368209806e-02,5.054423269028684301e-02,5.201022301215604132e-02,2.314448437358103752e-02,5.084262010093278800e-02,5.949585500966515783e-02,9.317471231561604006e-02,5.946990827830463816e-02,1.618816569582646747e-01,1.700548773368275035e-01,4.116448930345999874e-02,1.163321700548773374e-01,3.273309894786004537e-01,1.523981266459957795e-01,2.029553327019628650e-01,1.471309401798108485e-01,3.353615028346804139e-02,1.126866542987247227e-01
1.990114295351642915e-02,3.655894448696825338e-02,2.035521075232547480e-02,1.196144315719827218e-02,4.360348205134858407e-02,5.674550148545037115e-02,6.529494946874067618e-02,1.376474098675419325e-02,7.540120133366198796e-02,4.391484282767478542e-02,5.614872666415848118e-02,0.000000000000000000e+00,9.456286244340368630e-02,2.256068291796940739e-02,2.472723498657256741e-02,1.951194198310867919e-02,1.657996133937027217e-02,3.214800015568038821e-02,3.552107523254757759e-02,5.736822303810277385e-02,3.078579675925325471e-02,9.731321596761847992e-02,8.916594232041619161e-02,2.784084274983459131e-02,7.620555000583802141e-02,1.697305431948210319e-01,9.093032005293133491e-02,1.315629013635007394e-01,8.895836846953204813e-02,2.546671683034729822e-02,6.425708021432000039e-02,2.489588874041592445e-02,1.948599525174815952e-02,2.618025194276150935e-02,1.695618894409776575e-02,2.446776767296739846e-02,1.179278940335491167e-02,1.075492014893423762e-02,2.732190812262425342e-02,1.807189839259999362e-02,2.538887663626574615e-02,1.811081848964076618e-02,1.999195651327824105e-02,6.720203422373866031e-03,5.526653779790091300e-03,2.245689599252734259e-02,3.231665390952374872e-02,3.758384037570867281e-02,1.833136570620515909e-02,4.605544816491742577e-02,5.468273634228928287e-02,6.558036351370635786e-02,2.061467806593064375e-02,7.558282845318560483e-02,4.059366121352862844e-02,5.827635863572086516e-02,3.703895901713781524e-02,9.434231522683929339e-02,3.366588394027062586e-02,3.072092993085196247e-02,3.103229070717816382e-02,1.382960781515548548e-02,3.022794203500214077e-02,3.532647474734370435e-02,5.546113828310478278e-02,3.574162244911197051e-02,9.623642661615702809e-02,1.018928140527497056e-01,2.525914297946316167e-02,6.895343859057355418e-02,1.965983835186362327e-01,9.064490600796565323e-02,1.206004073636823548e-01,8.777779219262853150e-02,1.992708968487694882e-02,6.751339500006486860e-02
5.412488161803816894e-02,1.049934484503314697e-01,5.787418429963285538e-02,3.431455222428354823e-02,1.244664703363993763e-01,1.636979281535008712e-01,1.857785965413007168e-01,3.862170963012934166e-02,2.181341705478652415e-01,1.238956422464679991e-01,1.595464511358181681e-01,9.456286244340368630e-02,0.000000000000000000e+00,6.465925455040801018e-02,6.804530299295545592e-02,5.505896394701677299e-02,4.696358376253551709e-02,9.222765662095717965e-02,9.975220871550706525e-02,1.655401460800975666e-01,8.654532245300398940e-02,2.807955267835134383e-01,2.532660448100050865e-01,7.807371466379522951e-02,2.199504417431014103e-01,4.804167045056498830e-01,2.620360400098597498e-01,3.764092318470180776e-01,2.550952893709215186e-01,7.258598098104591945e-02,1.825871485839571373e-01,7.158703182366601969e-02,5.614872666415848118e-02,7.393521101179278965e-02,4.877985495777169278e-02,6.977076062842983706e-02,3.396427135091657085e-02,3.123986455806229690e-02,7.876130304484892097e-02,5.220482349735992150e-02,7.153513836094498035e-02,5.216590340031914547e-02,5.699199543337528373e-02,1.944707515470738696e-02,1.539938506246675554e-02,6.264838286996796124e-02,9.326552587537785544e-02,1.080292160195119450e-01,5.201022301215604132e-02,1.306158456688418790e-01,1.571593518506506082e-01,1.883084028489510897e-01,5.888610682269301150e-02,2.195223206756528878e-01,1.168121845850468993e-01,1.656569063712198808e-01,1.013738794255393677e-01,2.708449553067552307e-01,9.532829101853894371e-02,8.593557426603183613e-02,8.936054280562005792e-02,3.960768542182898505e-02,8.716804400565639210e-02,1.009198116267303186e-01,1.582231678364318106e-01,1.016982135675458254e-01,2.763326889895045269e-01,2.921861418507803454e-01,7.022482842723887231e-02,1.989725094381235293e-01,5.593726080357026564e-01,2.592208196572436951e-01,3.454418079682411991e-01,2.507362385023546580e-01,5.658982109728726700e-02,1.919928387021445082e-01
1.275281846369403539e-02,2.492183547177644412e-02,1.385555454651600342e-02,8.160247012882551609e-03,2.933277980306430929e-02,3.859576289876882893e-02,4.423917696968124313e-02,9.237036364344001702e-03,5.191940945239423288e-02,2.989063452731541976e-02,3.824548202540185154e-02,2.256068291796940739e-02,6.465925455040801018e-02,0.000000000000000000e+00,1.624265383168355462e-02,1.323283299386359725e-02,1.123493467910379948e-02,2.175633424579338782e-02,2.387099285167550849e-02,3.912767089165942319e-02,2.062765143161090359e-02,6.656633930540600819e-02,5.997586953983471969e-02,1.833136570620515909e-02,5.184156925831268081e-02,1.137504702845059112e-01,6.197376785459451920e-02,8.985353070146988308e-02,6.041696397296350551e-02,1.720268289202267833e-02,4.329212127502237578e-02,1.690429548137673335e-02,1.334959328498592362e-02,1.766972405651198036e-02,1.157224218679051876e-02,1.655401460800975597e-02,8.069433453120743172e-03,7.498605363189372007e-03,1.870759331093265615e-02,1.235064412760602560e-02,1.720268289202267833e-02,1.242848432168757594e-02,1.377771435243445135e-02,4.631491547852258951e-03,3.710382584553910835e-03,1.481558360685512714e-02,2.227526887300372224e-02,2.559645048714988269e-02,1.238956422464679991e-02,3.120094446102152433e-02,3.737626652482453626e-02,4.478405832825210070e-02,1.405015503171987840e-02,5.186751598967320048e-02,2.789273621255562371e-02,3.936119147390407247e-02,2.414343353096093728e-02,6.414031992319767228e-02,2.284609696293509254e-02,2.042007758072676704e-02,2.100387903633839717e-02,9.418663483867620312e-03,2.077035845409374443e-02,2.418235362800171331e-02,3.746708008458634470e-02,2.418235362800171331e-02,6.526900273738016345e-02,6.919993253849845982e-02,1.656698797369001580e-02,4.705439732229732552e-02,1.316407415575822915e-01,6.135104630194210956e-02,8.184896407675043561e-02,5.924936106174024525e-02,1.329769982226488949e-02,4.535488641818347100e-02
1.447827609916840785e-02,2.676405339837313949e-02,1.501018409205900211e-02,8.510527886249528995e-03,3.095445051309661175e-02,4.104772901233767063e-02,4.650951596372646796e-02,9.937598111077956473e-03,5.516275087245884473e-02,3.165501225983056999e-02,4.000985975791699484e-02,2.472723498657256741e-02,6.804530299295545592e-02,1.624265383168355462e-02,0.000000000000000000e+00,1.411502186012117063e-02,1.190954969447723805e-02,2.324827129902310580e-02,2.571321077827220733e-02,4.242290577444506744e-02,2.170444078307235194e-02,7.178163230886988599e-02,6.525602937169990014e-02,1.992708968487694882e-02,5.512383077541806869e-02,1.242588964855152328e-01,6.673499305924936176e-02,9.525045082445739164e-02,6.503548215513550723e-02,1.838325916892619497e-02,4.657438279212776366e-02,1.774756425059353243e-02,1.421880878556323891e-02,1.938220832630609472e-02,1.254524461280990058e-02,1.748809693698836348e-02,8.419714326487720557e-03,7.952673161998416798e-03,1.966762237127177987e-02,1.298633904593868814e-02,1.872056667661291252e-02,1.302525914297946244e-02,1.455611629324995819e-02,4.865012130096910831e-03,3.982823263839337449e-03,1.629454729440458702e-02,2.345584514990723887e-02,2.768516236167148717e-02,1.316796616546230675e-02,3.270585487993150214e-02,3.994499292951570607e-02,4.687277020277370865e-02,1.517883784590236262e-02,5.470868307364979560e-02,2.860627132496983832e-02,4.139800988570464801e-02,2.663431974157055501e-02,6.788962260479236566e-02,2.418235362800171331e-02,2.291096379133638478e-02,2.254770955228915102e-02,9.859757916996406135e-03,2.188606790259596882e-02,2.572618414395246716e-02,4.102178228097715096e-02,2.566131731555117493e-02,7.026374852427964834e-02,7.576445557270922171e-02,1.844812599732748720e-02,4.993448450331469668e-02,1.425902621917203850e-01,6.676093979060987449e-02,8.653234908732372610e-02,6.419221338591871162e-02,1.406312839740013823e-02,4.903932227137686173e-02
1.109222765662095690e-02,2.140605337242640696e-02,1.189657632879697995e-02,6.862910444856709473e-03,2.524616961378290531e-02,3.277072170833279091e-02,3.794709461475590656e-02,7.913753064957642497e-03,4.397970965607607419e-02,2.549266356170781442e-02,3.236854737224478112e-02,1.951194198310867919e-02,5.505896394701677299e-02,1.323283299386359725e-02,1.411502186012117063e-02,0.000000000000000000e+00,9.613263969071497023e-03,1.855191292276955548e-02,2.032926402096495860e-02,3.353615028346804139e-02,1.759188386243043176e-02,5.657684773160701064e-02,5.172480896719035964e-02,1.561993227903114845e-02,4.417431014127995437e-02,9.739105616170003199e-02,5.294430534113465231e-02,7.707476550641532975e-02,5.162102204174828790e-02,1.482855697253538524e-02,3.706490574849833491e-02,1.438746253940659768e-02,1.141656179862741809e-02,1.521775794294313693e-02,9.924624745397698372e-03,1.437448917372633958e-02,6.901830541897484642e-03,6.331002451966113477e-03,1.585345286127580119e-02,1.057329302941062074e-02,1.472477004709331697e-02,1.048247946964881057e-02,1.183170950039568771e-02,3.904983069757787112e-03,3.204421323023831907e-03,1.263605817257171075e-02,1.887624706477601319e-02,2.174336088011312798e-02,1.063815985781191298e-02,2.659539964452977898e-02,3.166798562551082635e-02,3.810277500291901071e-02,1.202630998559956442e-02,4.409646994719840229e-02,2.348179188126775854e-02,3.360101711186933016e-02,2.079630518545426410e-02,5.486436346181289975e-02,1.958978217719022780e-02,1.746215020562784728e-02,1.795513810147766551e-02,7.978619893358934734e-03,1.772161751923301623e-02,2.048494440912805928e-02,3.222584034976194028e-02,2.044602431208728324e-02,5.569465886534943899e-02,5.915854750197843681e-02,1.421880878556323891e-02,4.008769995199854691e-02,1.120509593803920567e-01,5.247726417664534682e-02,7.012104150179680750e-02,5.097235375773537247e-02,1.144250852998793429e-02,3.876441665261218944e-02
9.366770021146586175e-03,1.820163204940257809e-02,1.026193225308441766e-02,5.928828115878101955e-03,2.136713327538563439e-02,2.825599045160286094e-02,3.221286698408167698e-02,6.720203422373866031e-03,3.799898807747693896e-02,2.141902673810666680e-02,2.776300255575303924e-02,1.657996133937027217e-02,4.696358376253551709e-02,1.123493467910379948e-02,1.190954969447723805e-02,9.613263969071497023e-03,0.000000000000000000e+00,1.607400007784019411e-02,1.759188386243043176e-02,2.903439239241836431e-02,1.486747706957615954e-02,4.903932227137686173e-02,4.394078955903529815e-02,1.350527367314902430e-02,3.807682827155849103e-02,8.379496892878919578e-02,4.523812612706114289e-02,6.535981629714196495e-02,4.434296389512331488e-02,1.268795163529274315e-02,3.149933187166746584e-02,1.227280393352447353e-02,9.665157431792529424e-03,1.276579182937429523e-02,8.354847498086428320e-03,1.224685720216395733e-02,5.915854750197843855e-03,5.409893488667764927e-03,1.342743347906747396e-02,8.990542416419090854e-03,1.238956422464679991e-02,8.886755490977024316e-03,9.950571476758214573e-03,3.308208248465899313e-03,2.711433427174011947e-03,1.069005332053294538e-02,1.619076036896251874e-02,1.875948677365368855e-02,8.951622319378316553e-03,2.246986935820759895e-02,2.737380158534528582e-02,3.249828102904736560e-02,1.008030513356079905e-02,3.834926895084391635e-02,2.016061026712159809e-02,2.868411151905138692e-02,1.743620347426732761e-02,4.680790337437241294e-02,1.655401460800975597e-02,1.489342380093667748e-02,1.542533179382727347e-02,6.823990347815934304e-03,1.503613082341952005e-02,1.760485722811068812e-02,2.777597592143329908e-02,1.724160298906345437e-02,4.833876052464290696e-02,5.032368547372245010e-02,1.211712354536137286e-02,3.461293963492949322e-02,9.648292056408193373e-02,4.539380651522424703e-02,6.013154992799782383e-02,4.382402926791297698e-02,9.742997625874079762e-03,3.328965633554312881e-02
1.830541897484464289e-02,3.584540937455404225e-02,1.999195651327824105e-02,1.162413564951155290e-02,4.155369027386775216e-02,5.561681867126788692e-02,6.277811652677053877e-02,1.319391289682282295e-02,7.466171948988725715e-02,4.213749172947937882e-02,5.394325449851455206e-02,3.214800015568038821e-02,9.222765662095717965e-02,2.175633424579338782e-02,2.324827129902310580e-02,1.855191292276955548e-02,1.607400007784019411e-02,0.000000000000000000e+00,3.417184520180070045e-02,5.681036831385165992e-02,2.898249892969733191e-02,9.601587939959263518e-02,8.637666869916062196e-02,2.662134637589029865e-02,7.438927881060183878e-02,1.640352356611875784e-01,8.930864934289903245e-02,1.283195599434361345e-01,8.716804400565639210e-02,2.488291537473566808e-02,6.194782112323399953e-02,2.415640689664119711e-02,1.907084754997988990e-02,2.529806307650393771e-02,1.672266836185311648e-02,2.357260544102956698e-02,1.145548189566819239e-02,1.063815985781191298e-02,2.645269262204693814e-02,1.750107030266861985e-02,2.428614055344378159e-02,1.753999039970939589e-02,1.942112842334686729e-02,6.525602937169990188e-03,5.280159831865180453e-03,2.088711874521607254e-02,3.173285245391211512e-02,3.724653286802195179e-02,1.753999039970939589e-02,4.381105590223271368e-02,5.378757411035144792e-02,6.367327875870837373e-02,1.997898314759798122e-02,7.516768075141734562e-02,3.919253772006071196e-02,5.592817944759408827e-02,3.422373866452173979e-02,9.203305613575329946e-02,3.234260064088426145e-02,2.946251345986689377e-02,3.051335607996782592e-02,1.336256665066618173e-02,2.976090087051283875e-02,3.450915270948742147e-02,5.420272181211972101e-02,3.410697837339941169e-02,9.451096898068266083e-02,9.977815544686757798e-02,2.389693958303602817e-02,6.820098338111856007e-02,1.900857539471464963e-01,8.878971471568869456e-02,1.174478795033795653e-01,8.565016022106615445e-02,1.912274101270092577e-02,6.558036351370635786e-02
2.005682334167953329e-02,3.885523021237399788e-02,2.201580155939855329e-02,1.257119134417041852e-02,4.541975324658475976e-02,6.023533685343988864e-02,6.821395674679882337e-02,1.432259571100530544e-02,8.107056213593492877e-02,4.599058133651613006e-02,5.927530779310076492e-02,3.552107523254757759e-02,9.975220871550706525e-02,2.387099285167550849e-02,2.571321077827220733e-02,2.032926402096495860e-02,1.759188386243043176e-02,3.417184520180070045e-02,0.000000000000000000e+00,6.238891555636278535e-02,3.146041177462668981e-02,1.051621022041748232e-01,9.426447503275775519e-02,2.919007278058146498e-02,8.051270741168381484e-02,1.786691921485190904e-01,9.757268328122364887e-02,1.395804413539004363e-01,9.499098351085222269e-02,2.738677495102554565e-02,6.742258144030305322e-02,2.536292990490522994e-02,2.049791777480831911e-02,2.732190812262425342e-02,1.776053761627378880e-02,2.571321077827220733e-02,1.236361749328628371e-02,1.150737535838922652e-02,2.797057640663717232e-02,1.878543350501420475e-02,2.641377252500616210e-02,1.879840687069446459e-02,2.099090567065813734e-02,6.914803907577742742e-03,5.773147727715001280e-03,2.280717686589431997e-02,3.458699290356897355e-02,4.045095419104578066e-02,1.905787418429963354e-02,4.802739974831670561e-02,5.862663950908784255e-02,6.892749185921304145e-02,2.128929308130408232e-02,8.169328368858733147e-02,4.225425202060170693e-02,6.101373879425539548e-02,3.719463940530091939e-02,9.989491573798990609e-02,3.530052801598318468e-02,3.242044083496581353e-02,3.287450863377486265e-02,1.440043590508685752e-02,3.218692025272116425e-02,3.797304134611642623e-02,5.978126905463083951e-02,3.687030526329445473e-02,1.030085235012519335e-01,1.080551627508724577e-01,2.598565145755763264e-02,7.346816984730349109e-02,2.064711148013129161e-01,9.759863001258416160e-02,1.278654921446270853e-01,9.371959367418689069e-02,2.121145288722253372e-02,7.144432480118316497e-02
3.292640209649589506e-02,6.487980176697240309e-02,3.649407765856696462e-02,2.064062479729115995e-02,7.463577275852674442e-02,1.001543830515950750e-01,1.125958407389629073e-01,2.352071197830853111e-02,1.348062427835653443e-01,7.527146767685941042e-02,9.667752104928581391e-02,5.736822303810277385e-02,1.655401460800975666e-01,3.912767089165942319e-02,4.242290577444506744e-02,3.353615028346804139e-02,2.903439239241836431e-02,5.681036831385165992e-02,6.238891555636278535e-02,0.000000000000000000e+00,5.173778233287061601e-02,1.745306884965166505e-01,1.563290564471140620e-01,4.796253291991541684e-02,1.345338021042799259e-01,2.963505922341432841e-01,1.625043785109170913e-01,2.299269599512201445e-01,1.576523397465004472e-01,4.504352564185726965e-02,1.111687705141344851e-01,4.244885250580558017e-02,3.380859096275346670e-02,4.501757891049674998e-02,2.974792750483257892e-02,4.220235855788066759e-02,2.018655699848211776e-02,1.908382091566014974e-02,4.648356923236595523e-02,3.116202436398074829e-02,4.344780166318547993e-02,3.129175802078332930e-02,3.437941905268483700e-02,1.145548189566819239e-02,9.444610215228136513e-03,3.770060066683099398e-02,5.735524967242251748e-02,6.733176788054125173e-02,3.134365148350436864e-02,7.883914323893047305e-02,9.739105616170003199e-02,1.138542572099479760e-01,3.552107523254757759e-02,1.356235648214216272e-01,6.967994706866802168e-02,1.005435840220028215e-01,6.089697850313306737e-02,1.654623058860160145e-01,5.782229083691182298e-02,5.387838767011325636e-02,5.476057653637082800e-02,2.394883304575706057e-02,5.348918669970550294e-02,6.254459594452588256e-02,9.932408764805854273e-02,6.118239254809875599e-02,1.715987078527782539e-01,1.802519427615106307e-01,4.298076049869617443e-02,1.224555986559593135e-01,3.440147377434127907e-01,1.617648966671423605e-01,2.114399138568518743e-01,1.559658022080668283e-01,3.511890089645956781e-02,1.180965477873924807e-01
1.769567078787249656e-02,3.323776287282209640e-02,1.814973858668154222e-02,1.097546736549863053e-02,4.024338034016165105e-02,5.181562252695216808e-02,5.984613588303213522e-02,1.232469739624550767e-02,6.856423762016579382e-02,3.995796629519596244e-02,5.103722058613666124e-02,3.078579675925325471e-02,8.654532245300398940e-02,2.062765143161090359e-02,2.170444078307235194e-02,1.759188386243043176e-02,1.486747706957615954e-02,2.898249892969733191e-02,3.146041177462668981e-02,5.173778233287061601e-02,0.000000000000000000e+00,8.847835393936248627e-02,8.027918682943915862e-02,2.509048922561980116e-02,6.961508024026673291e-02,1.532154486838520624e-01,8.244573889804232558e-02,1.203668867814377125e-01,8.065541443416665568e-02,2.309259091086000512e-02,5.850987921796551444e-02,2.288501705997586858e-02,1.814973858668154222e-02,2.396180641143732040e-02,1.565885237607192448e-02,2.240500252980630672e-02,1.083276034301578795e-02,1.001543830515950681e-02,2.529806307650393771e-02,1.673564172753337284e-02,2.323529793334284596e-02,1.683942865297544111e-02,1.840920590028671117e-02,6.227215526524046071e-03,4.968799055538978236e-03,2.032926402096495860e-02,2.928088634034327689e-02,3.393832461955605118e-02,1.677456182457414888e-02,4.224127865492144362e-02,4.962312372698849533e-02,6.019641675639911260e-02,1.881138023637472442e-02,6.870694464264864854e-02,3.740221325618504900e-02,5.285349178137284387e-02,3.326370960418261608e-02,8.581881397490950802e-02,3.056524954268885833e-02,2.742569504806631822e-02,2.821707035456208490e-02,1.262308480689145265e-02,2.751650860782813013e-02,3.183663937935418686e-02,4.981772421219236857e-02,3.252422776040788527e-02,8.718101737133664153e-02,9.275956461384776697e-02,2.267744320909173550e-02,6.285595672085209085e-02,1.780594439615469371e-01,8.178409724834913297e-02,1.096379133638639841e-01,7.909861055253564199e-02,1.796811146715792534e-02,6.113049908537771665e-02
