0.000000000000000000e+00,1.771332019149535197e-02,1.333427203604618458e-02,6.603773584905660646e-03,2.089552238805970213e-02,2.473950999718389082e-02,3.431427766826246339e-02,6.040551957195156377e-03,3.842579555054913970e-02,2.062799211489721105e-02,2.573922838637003607e-02,1.782596451703745422e-02,4.372007885102788260e-02,1.362996339059419949e-02,1.009574767671078503e-02,1.165868769360743455e-02,6.491129259363559272e-03,1.707969586032103554e-02,1.760067586595325320e-02,2.700647704871867241e-02,1.491129259363559514e-02,4.498732751337651548e-02,4.404393128696142135e-02,1.620670233736975357e-02,3.941143339904252391e-02,8.337088144184737204e-02,4.236834694452266958e-02,6.503801745987046468e-02,3.980568853843987481e-02,8.645451985356237753e-03,3.369473387778090800e-02,1.327794987327513346e-02,9.842297944241058458e-03,1.316530554773303295e-02,7.631653055477330590e-03,1.308082230357645800e-02,5.801182765418191715e-03,2.900591382709095858e-03,1.457335961700929362e-02,7.913263869332581857e-03,1.148972120529428292e-02,7.744297381019431097e-03,1.126443255421008191e-02,4.027034638130103962e-03,3.548296254576175941e-03,1.247535905378766539e-02,1.529146719234018501e-02,2.317656998028724130e-02,9.236834694452267583e-03,2.162771050408335630e-02,2.841453111799492962e-02,3.658124471979724152e-02,7.941424950718107417e-03,4.055195719515629349e-02,1.972683751056040699e-02,3.176569980287242967e-02,1.993804562095184349e-02,4.800056322162771227e-02,1.350323852435933621e-02,1.527738665164742396e-02,1.323570825119684512e-02,7.350042241622078455e-03,1.592509152351450144e-02,2.247254294564911270e-02,2.496479864826809184e-02,2.237397916079977497e-02,4.509997183891861772e-02,4.985919459307237150e-02,1.453111799493100528e-02,3.587721768515911291e-02,1.039847930160518186e-01,4.210081667136018196e-02,6.215150661785412423e-02,4.194593072373978965e-02,1.049000281610813941e-02,3.532807659814136969e-02
1.771332019149535197e-02,0.000000000000000000e+00,2.765418192058574989e-02,1.368628555336524888e-02,4.291748803154041281e-02,5.094339622641509691e-02,7.127569698676429477e-02,1.240495635032385323e-02,7.987890735004224418e-02,4.211489721205294301e-02,5.288651084201633629e-02,3.655308363841171249e-02,9.019994367783723543e-02,2.825964517037454077e-02,2.069839481836102668e-02,2.428893269501548879e-02,1.354548014643762281e-02,3.528583497606307962e-02,3.634187552802027599e-02,5.592790763165305518e-02,3.048437059983103228e-02,9.263587721768515304e-02,9.125598422979441793e-02,3.341312306392565240e-02,8.055477330329484376e-02,1.705575894114333968e-01,8.701774148127287833e-02,1.339341030695578583e-01,8.215995494226978335e-02,1.781188397634469317e-02,6.920585750492819210e-02,2.689383272317657017e-02,2.043086454519853559e-02,2.751337651365812556e-02,1.581244719797240267e-02,2.720360461841734787e-02,1.185581526330611174e-02,6.040551957195156377e-03,2.962545761757251483e-02,1.626302450014080470e-02,2.393691917769642449e-02,1.582652773866516371e-02,2.364122782314840784e-02,8.406082793579273960e-03,7.335961700929315675e-03,2.554210081667136062e-02,3.175161926217966862e-02,4.777527457054350779e-02,1.898056885384398831e-02,4.481836102506336211e-02,5.799774711348915784e-02,7.507744297381019338e-02,1.612221909321318036e-02,8.355392847085328645e-02,4.069276260208391782e-02,6.493945367502111654e-02,4.050971557307800341e-02,9.856378484933821238e-02,2.811883976344691644e-02,3.089270627992114771e-02,2.723176569980287343e-02,1.498169529709940904e-02,3.252604900028160939e-02,4.636722050126725059e-02,5.199943677837228634e-02,4.522669670515348100e-02,9.408617290903970032e-02,1.030132357082512023e-01,2.925936355956068602e-02,7.403548296254576500e-02,2.130245001408054006e-01,8.682061391157420982e-02,1.281892424669107411e-01,8.734159391720641707e-02,2.164179104477612081e-02,7.226133483525767898e-02
1.333427203604618458e-02,2.765418192058574989e-02,0.000000000000000000e+00,1.015206983948183615e-02,3.221627710504083170e-02,3.815826527738665208e-02,5.371726274288932818e-02,9.222754153759504803e-03,6.016615038017460171e-02,3.175161926217966862e-02,4.018586313714446467e-02,2.778090678682061318e-02,6.748803154041115027e-02,2.152914671923401857e-02,1.568572233173753938e-02,1.847366938890453517e-02,1.023655308363841110e-02,2.652773866516474136e-02,2.778090678682061318e-02,4.241058856660095966e-02,2.271191213742607823e-02,7.062799211489721729e-02,6.917769642354267001e-02,2.511968459588848068e-02,6.110954660658969584e-02,1.281751619262179731e-01,6.572796395381583223e-02,1.010560405519572019e-01,6.184173472261334653e-02,1.360180230920867393e-02,5.292875246409461942e-02,1.979724021402421916e-02,1.527738665164742396e-02,2.113489157983666419e-02,1.196845958884821225e-02,2.061391157420445000e-02,8.912982258518727108e-03,4.604336806533371011e-03,2.152914671923401857e-02,1.226415094339622716e-02,1.822021965643480859e-02,1.174317093776400950e-02,1.779780343565192866e-02,6.139115742044494103e-03,5.688538439876091209e-03,1.912137426077161265e-02,2.419036891016615107e-02,3.620107012109265165e-02,1.417910447761194098e-02,3.352576738946775464e-02,4.383272317656997791e-02,5.640664601520698623e-02,1.177133201914953506e-02,6.308082230357646425e-02,3.076598141368628442e-02,4.895803998873556745e-02,3.000563221627710470e-02,7.399324134046747492e-02,2.116305266122218975e-02,2.313432835820895470e-02,2.065615319628273661e-02,1.123627147282455635e-02,2.426077161362996323e-02,3.510278794705716521e-02,3.962264150943396041e-02,3.355392847085328367e-02,7.164179104477612359e-02,7.775274570543508346e-02,2.158546888200506969e-02,5.543508870740636307e-02,1.597014925373134442e-01,6.667136018023092636e-02,9.663475077442973404e-02,6.620670233736974941e-02,1.684032666854407348e-02,5.494226978315967097e-02
6.603773584905660646e-03,1.368628555336524888e-02,1.015206983948183615e-02,0.000000000000000000e+00,1.637566882568290694e-02,1.895240777245846275e-02,2.723176569980287343e-02,4.618417347226133791e-03,3.009011546043368138e-02,1.612221909321318036e-02,1.983948183610250576e-02,1.393973528583497545e-02,3.428611658687693436e-02,1.064488876372852652e-02,7.687975218248380843e-03,9.152351450295690902e-03,5.181638974936637193e-03,1.323570825119684512e-02,1.364404393128696227e-02,2.088144184736693762e-02,1.156012390875809683e-02,3.452548577865389989e-02,3.396226415094339562e-02,1.270064770487186641e-02,2.989298789073500592e-02,6.402421852999155838e-02,3.210363277949872945e-02,5.047873838355392689e-02,3.076598141368628442e-02,6.477048718670797359e-03,2.571106730498451051e-02,1.044776119402985107e-02,7.814700084483244130e-03,1.039143903125879995e-02,5.984229794424106123e-03,1.023655308363841110e-02,4.505773021684032417e-03,2.238805970149253862e-03,1.144747958321599632e-02,6.153196282737256884e-03,8.997465502675302054e-03,6.068713038580681070e-03,8.955223880597015448e-03,3.266685440720923806e-03,2.731624894395944664e-03,9.560687130385806323e-03,1.172909039707124672e-02,1.776964235426640309e-02,7.181075753308926828e-03,1.713601802309208666e-02,2.171219374823993298e-02,2.845677274007321969e-02,6.040551957195156377e-03,3.139960574486060085e-02,1.546043368065333663e-02,2.461278513094902753e-02,1.553083638411715053e-02,3.753872148690509669e-02,1.067304984511405208e-02,1.141931850183047076e-02,1.026471416502393666e-02,5.660377358490565648e-03,1.222190932131793882e-02,1.740354829625457775e-02,1.926217966769924045e-02,1.720642072655589883e-02,3.504646578428611409e-02,3.818642635877217417e-02,1.110954660658969306e-02,2.752745705435088661e-02,8.010419600112644867e-02,3.187834412841453191e-02,4.829625457617572198e-02,3.239932413404674610e-02,7.927344410025344637e-03,2.711912137426077118e-02
2.089552238805970213e-02,4.291748803154041281e-02,3.221627710504083170e-02,1.637566882568290694e-02,0.000000000000000000e+00,5.999718389186144835e-02,8.522951281329202433e-02,1.448887637285271694e-02,9.431146156012390480e-02,5.118276541819205550e-02,6.313714446634750843e-02,4.408617290903970448e-02,1.075894114333990487e-01,3.377921712193748122e-02,2.396508025908195005e-02,2.831596733314559189e-02,1.616446071529146697e-02,4.150943396226414867e-02,4.288932695015488378e-02,6.527738665164742327e-02,3.621515066178541270e-02,1.077442973810194271e-01,1.061813573641227776e-01,3.942551393973528495e-02,9.497324697268375027e-02,2.008448324415657571e-01,1.020135173190650502e-01,1.598000563221627646e-01,9.671923401858631419e-02,2.099408617290903986e-02,8.186426358772176670e-02,3.272317656998028484e-02,2.403548296254576222e-02,3.234300197127569498e-02,1.862855533652492401e-02,3.248380737820332625e-02,1.436215150661785366e-02,7.054350887074063541e-03,3.582089552238806179e-02,1.919177696423542828e-02,2.809067868206139088e-02,1.891016615038017615e-02,2.810475922275415539e-02,1.002534497324697287e-02,8.518727119121374466e-03,3.006195437904815582e-02,3.663756688256829264e-02,5.561813573641227748e-02,2.257110673049845043e-02,5.429456491129259349e-02,6.833286398197691014e-02,9.008729935229513319e-02,1.892424669107293719e-02,9.862010701210927044e-02,4.897212052942832849e-02,7.772458462404956137e-02,4.832441565756125101e-02,1.181779780343565206e-01,3.349760630808223255e-02,3.577865390030977172e-02,3.217403548296254856e-02,1.805125316812165523e-02,3.856660095747676403e-02,5.470290059138271238e-02,6.053224443818642359e-02,5.451985356237679797e-02,1.094198817234581789e-01,1.199098845395663165e-01,3.479301605181638751e-02,8.663756688256829541e-02,2.505068994649394809e-01,1.010419600112644339e-01,1.523936919177696359e-01,1.019008729935229479e-01,2.576738946775556163e-02,8.546888200506899680e-02
2.473950999718389082e-02,5.094339622641509691e-02,3.815826527738665208e-02,1.895240777245846275e-02,5.999718389186144835e-02,0.000000000000000000e+00,9.876091241903689477e-02,1.751619262179667652e-02,1.105604055195719554e-01,5.829343846803717449e-02,7.269783159673331996e-02,5.046465784286116585e-02,1.251478456772739944e-01,3.965080259081948943e-02,2.842861165868769413e-02,3.370881441847366905e-02,1.871303858068149722e-02,4.946493945367502060e-02,4.998591945930723479e-02,7.744297381019431270e-02,4.196001126443255763e-02,1.293297662630245037e-01,1.260208392002252764e-01,4.625457617572514835e-02,1.132779498732751355e-01,2.375528020275978480e-01,1.206983948183610184e-01,1.867502112081103893e-01,1.135595606871303842e-01,2.502112081103914296e-02,9.595888482117713447e-02,3.770768797521825005e-02,2.806251760067586531e-02,3.763728527175443789e-02,2.174035482962545854e-02,3.777809067868206222e-02,1.641791044776119354e-02,8.166713601802308431e-03,4.117150098563784888e-02,2.274007321881160379e-02,3.276541819205857492e-02,2.159954942269783074e-02,3.303294846522106254e-02,1.171500985637848567e-02,1.001126443255421009e-02,3.556744578991833522e-02,4.421289777527456777e-02,6.626302450014080747e-02,2.635877217685159146e-02,6.286961419318501387e-02,8.063925654745142391e-02,1.046184173472261281e-01,2.262742889326950155e-02,1.162911855815263323e-01,5.591382709096029413e-02,9.045339341030696201e-02,5.570261898056885069e-02,1.368065333708814446e-01,3.922838637003660950e-02,4.241058856660095966e-02,3.810194311461560096e-02,2.083920022528865101e-02,4.528301886792452519e-02,6.410870177414812465e-02,7.220501267248662092e-02,6.237679526893832871e-02,1.303576457335961780e-01,1.436919177696423522e-01,4.081948746831878111e-02,1.035060546324978875e-01,2.947057166995212807e-01,1.213742607716136318e-01,1.784849338214587466e-01,1.214728245564629661e-01,3.062517600675866009e-02,1.005632216277105029e-01
3.431427766826246339e-02,7.126161644607152679e-02,5.371726274288932818e-02,2.723176569980287343e-02,8.522951281329202433e-02,9.876091241903689477e-02,0.000000000000000000e+00,2.417628836947338655e-02,1.563362433117431727e-01,8.413123063925655176e-02,1.047310616727682303e-01,7.297944241058856862e-02,1.772880878625739121e-01,5.633624331174317407e-02,3.976344691636159168e-02,4.757814700084483234e-02,2.699239650802590790e-02,6.888200506899465336e-02,7.157138834131231142e-02,1.088425795550549136e-01,5.957476767107856841e-02,1.796958603210363214e-01,1.767248662348634147e-01,6.565756125035202007e-02,1.568431427766826258e-01,3.326105322444382062e-01,1.685159110109828162e-01,2.638834131230639035e-01,1.597437341593917204e-01,3.424387496479865123e-02,1.349901436215150685e-01,5.423824274852154237e-02,4.010137989298789146e-02,5.426640382990707140e-02,3.103351168684877551e-02,5.439312869614193469e-02,2.383835539284708677e-02,1.186989580399887279e-02,5.933539847930160288e-02,3.237116305266122401e-02,4.724021402421853255e-02,3.141368628555336190e-02,4.684595888482117471e-02,1.676992396508025784e-02,1.444663475077443034e-02,4.919740918051253298e-02,6.094058011827654248e-02,9.256547451422134087e-02,3.739791607997747236e-02,8.936919177696422967e-02,1.130104196001126410e-01,1.484088989017178228e-01,3.121655871585468991e-02,1.637285271754435334e-01,8.096310898338496265e-02,1.284708532807659898e-01,8.000563221627710053e-02,1.955223880597014852e-01,5.566037735849056756e-02,5.892706279921149093e-02,5.333708814418473831e-02,2.968177978034356596e-02,6.367220501267248367e-02,9.094621233455364717e-02,1.005068994649394587e-01,8.894677555618135667e-02,1.824415657561250237e-01,1.990143621515066130e-01,5.718107575330892700e-02,1.434103069557871035e-01,4.142917488031540585e-01,1.674176288369473298e-01,2.520557589411433486e-01,1.686848774992959765e-01,4.222754153759504525e-02,1.411574204449450864e-01
6.040551957195156377e-03,1.240495635032385323e-02,9.222754153759504803e-03,4.618417347226133791e-03,1.448887637285271694e-02,1.751619262179667652e-02,2.417628836947338655e-02,0.000000000000000000e+00,2.710504083356801014e-02,1.429174880315404149e-02,1.769923965080259093e-02,1.246127851309490261e-02,3.080822303576457449e-02,9.377640101379893650e-03,7.124753590537876574e-03,8.251196845958885112e-03,4.590256265840608231e-03,1.203886229231202441e-02,1.234863418755280211e-02,1.903689101661503943e-02,1.034919740918051334e-02,3.170937764010137855e-02,3.080822303576457449e-02,1.137707687975218242e-02,2.748521543227260000e-02,5.854688820050690107e-02,2.969586032103632700e-02,4.542382427485215646e-02,2.809067868206139088e-02,5.956068713038580563e-03,2.362714728245564680e-02,9.180512531681216462e-03,6.955787102224725814e-03,9.250915235145030363e-03,5.378766544635314381e-03,9.053787665446353175e-03,4.041115178822866742e-03,1.957195156294001728e-03,1.023655308363841110e-02,5.491410870177414888e-03,8.237116305266122332e-03,5.505491410870177668e-03,7.969586032103632978e-03,2.872430301323570731e-03,2.435933539847930183e-03,8.800337932976626601e-03,1.084201633342720371e-02,1.623486341875527914e-02,6.519290340749084832e-03,1.530554773303294779e-02,2.000844832441565913e-02,2.576738946775556163e-02,5.533652492255702361e-03,2.840045057730216857e-02,1.360180230920867393e-02,2.233173753872148837e-02,1.389749366375668885e-02,3.368065333708814696e-02,9.546606589693043543e-03,1.068713038580681486e-02,9.279076316530554189e-03,5.068994649394536686e-03,1.112362714728245584e-02,1.571388341312306494e-02,1.761475640664601425e-02,1.553083638411715053e-02,3.177978034356519071e-02,3.506054632497888207e-02,1.013798929878907337e-02,2.547169811320754845e-02,7.306392565474514877e-02,2.959729653618698927e-02,4.364967614756406350e-02,2.973810194311461708e-02,7.293720078851028202e-03,2.475359053787665534e-02
3.842579555054913970e-02,7.987890735004224418e-02,6.016615038017460171e-02,3.009011546043368138e-02,9.431146156012390480e-02,1.105604055195719554e-01,1.563362433117431727e-01,2.710504083356801014e-02,0.000000000000000000e+00,9.267811883976344312e-02,1.152633061109546581e-01,7.987890735004224418e-02,1.962264150943396346e-01,6.296817797803436201e-02,4.415657561250352359e-02,5.343565192903407257e-02,2.978034356519290368e-02,7.711912137426077396e-02,7.924528301886792081e-02,1.215854688820050683e-01,6.588284990143621067e-02,2.022951281329203044e-01,1.970571669952126126e-01,7.264150943396226190e-02,1.764432554210081661e-01,3.706139115742044243e-01,1.886651647423261136e-01,2.927485215432272803e-01,1.783018867924528184e-01,3.901717825964517300e-02,1.506758659532526079e-01,5.899746550267530310e-02,4.397352858349760918e-02,5.965925091523514162e-02,3.411715009856378794e-02,6.032103632779498709e-02,2.609124190368910037e-02,1.313714446634750739e-02,6.399605744860602241e-02,3.579273444100253276e-02,5.173190650520979872e-02,3.413123063925654899e-02,5.199943677837228634e-02,1.836102506336243292e-02,1.613629963390594141e-02,5.482962545761757567e-02,6.888200506899465336e-02,1.036327794987327577e-01,4.110109828217403671e-02,9.850746268656716820e-02,1.261194029850746245e-01,1.643621515066178429e-01,3.490566037735848975e-02,1.832723176569980295e-01,8.934103069557870758e-02,1.421852999155167607e-01,8.765136581244720171e-02,2.154322725992678100e-01,6.148972120529428570e-02,6.577020557589410843e-02,5.964517037454238058e-02,3.290622359898619925e-02,7.082511968459588581e-02,1.011405237961137682e-01,1.130949028442692211e-01,9.732469726837510160e-02,2.050126724866234984e-01,2.237820332300760329e-01,6.324978879188961067e-02,1.609969022810475991e-01,4.607293720078851074e-01,1.896930442128977878e-01,2.803998873556744487e-01,1.897212052942832961e-01,4.798648268093495123e-02,1.569980287243030181e-01
2.062799211489721105e-02,4.211489721205294301e-02,3.175161926217966862e-02,1.612221909321318036e-02,5.118276541819205550e-02,5.829343846803717449e-02,8.413123063925655176e-02,1.429174880315404149e-02,9.267811883976344312e-02,0.000000000000000000e+00,6.209518445508307311e-02,4.280484370599831057e-02,1.049281892424669127e-01,3.383553928470853234e-02,2.365530836384117236e-02,2.797803435651928863e-02,1.582652773866516371e-02,4.091805125316812231e-02,4.226978315967332839e-02,6.454519853562376563e-02,3.549704308645452305e-02,1.067304984511405208e-01,1.045761757251478519e-01,3.852435933539848090e-02,9.301605181638974984e-02,1.976626302450014139e-01,1.000563221627710497e-01,1.559842297944241118e-01,9.484652210644889392e-02,2.061391157420445000e-02,8.011827654181920277e-02,3.165305547733032743e-02,2.368346944522669792e-02,3.187834412841453191e-02,1.820613911574204408e-02,3.244156575612503618e-02,1.412278231484088986e-02,6.969867642917487727e-03,3.477893551112362647e-02,1.919177696423542828e-02,2.794987327513376654e-02,1.850183047029006073e-02,2.776682624612785213e-02,9.940861729090397919e-03,8.504646578428611686e-03,2.945649112925936494e-02,3.632779498732751494e-02,5.454801464376232006e-02,2.214869050971557396e-02,5.361869895803998698e-02,6.630526612221909755e-02,8.821458744015769904e-02,1.836102506336243292e-02,9.657842861165868986e-02,4.802872430301323436e-02,7.611940298507462177e-02,4.707124753590537919e-02,1.154322725992678184e-01,3.317375387214869381e-02,3.541255984229794290e-02,3.141368628555336190e-02,1.753027316248944104e-02,3.784849338214587439e-02,5.371726274288932818e-02,6.008166713601802156e-02,5.302731624894396062e-02,1.080963108983385018e-01,1.181075753308927084e-01,3.361025063362432785e-02,8.544072092368347471e-02,2.458884821177133306e-01,9.961982540129540875e-02,1.497183891861447458e-01,1.006477048718670830e-01,2.517600675865953180e-02,8.369473387778091078e-02
2.573922838637003607e-02,5.288651084201633629e-02,4.018586313714446467e-02,1.983948183610250576e-02,6.313714446634750843e-02,7.269783159673331996e-02,1.047310616727682303e-01,1.769923965080259093e-02,1.152633061109546581e-01,6.209518445508307311e-02,0.000000000000000000e+00,5.381582652773866243e-02,1.307237397916080068e-01,4.191776964235426756e-02,2.980850464657842924e-02,3.515911010982821633e-02,1.981132075471698020e-02,5.067586595325260235e-02,5.306955787102225069e-02,8.041396789636721942e-02,4.414249507181075560e-02,1.329062235989862117e-01,1.312024781751619240e-01,4.842297944241058527e-02,1.170937764010138021e-01,2.468459588848211650e-01,1.250352013517319061e-01,1.950014080540692640e-01,1.180794142495071863e-01,2.569698676429174947e-02,1.005491410870177349e-01,3.935511123627147279e-02,2.969586032103632700e-02,4.039707124753590811e-02,2.302168403266685592e-02,4.043931286961419125e-02,1.751619262179667652e-02,8.758096310898338260e-03,4.259363559560687407e-02,2.389467755561813442e-02,3.489157983666572871e-02,2.307800619543790357e-02,3.472261334835257535e-02,1.217966769923965048e-02,1.079977471134891537e-02,3.686285553365249018e-02,4.586032103632779744e-02,6.899464939453675560e-02,2.751337651365812556e-02,6.620670233736974941e-02,8.387778090678682519e-02,1.096451703745423834e-01,2.283863700366094152e-02,1.213038580681498196e-01,5.968741199662067065e-02,9.529709940861728901e-02,5.892706279921149093e-02,1.434243874964798715e-01,4.129822585187271217e-02,4.433962264150943106e-02,3.931286961419318271e-02,2.196564348070965955e-02,4.708532807659814023e-02,6.785412559842297908e-02,7.523232892143058570e-02,6.541819205857504760e-02,1.358068149816953063e-01,1.483103351168684747e-01,4.212897775274570406e-02,1.058152633061109488e-01,3.062376795268938467e-01,1.256688256829062156e-01,1.862573922838637042e-01,1.254435370318220111e-01,3.177978034356519071e-02,1.051675584342438713e-01
1.782596451703745422e-02,3.655308363841171249e-02,2.778090678682061318e-02,1.393973528583497545e-02,4.408617290903970448e-02,5.046465784286116585e-02,7.297944241058856862e-02,1.246127851309490261e-02,7.987890735004224418e-02,4.280484370599831057e-02,5.381582652773866243e-02,0.000000000000000000e+00,9.152351450295691249e-02,2.909039707124753613e-02,2.082511968459588997e-02,2.437341593917206548e-02,1.370036609405801166e-02,3.551112362714728410e-02,3.696141931850183138e-02,5.611095466065896958e-02,3.079414249507180998e-02,9.286116586876935752e-02,9.160799774711349264e-02,3.363841171500985688e-02,8.087862573922838250e-02,1.728527175443536901e-01,8.680653337088144184e-02,1.355674457899183338e-01,8.203323007603491313e-02,1.750211208110391548e-02,7.005068994649395198e-02,2.761194029850746329e-02,2.085328076598141206e-02,2.854125598422979290e-02,1.615038017459870592e-02,2.807659814136862983e-02,1.226415094339622716e-02,6.153196282737256884e-03,3.003379329766263026e-02,1.679808504646578340e-02,2.472542945649112978e-02,1.613629963390594141e-02,2.403548296254576222e-02,8.589129822585186633e-03,7.589411433399042249e-03,2.569698676429174947e-02,3.192058575049282199e-02,4.793016051816390011e-02,1.934666291185581366e-02,4.607152914671923394e-02,5.806814981695297001e-02,7.664038299070684290e-02,1.598141368628555256e-02,8.403266685440720363e-02,4.114333990425231985e-02,6.636158828499014173e-02,4.104477611940298559e-02,1.001689664883131520e-01,2.878062517600675843e-02,3.078006195437904893e-02,2.731624894395944664e-02,1.516474232610532172e-02,3.284990143621514813e-02,4.700084483244156702e-02,5.221064488876372978e-02,4.614193185018304610e-02,9.446634750774429712e-02,1.031822021965643488e-01,2.954097437341593815e-02,7.381019431146156051e-02,2.143339904252323236e-01,8.651084201633342519e-02,1.298507462686567249e-01,8.698958039988735624e-02,2.181075753308927070e-02,7.326105322444381729e-02
4.372007885102788260e-02,9.019994367783723543e-02,6.748803154041115027e-02,3.428611658687693436e-02,1.075894114333990487e-01,1.251478456772739944e-01,1.772880878625739121e-01,3.080822303576457449e-02,1.962264150943396346e-01,1.049281892424669127e-01,1.307237397916080068e-01,9.152351450295691249e-02,0.000000000000000000e+00,7.059983103351168132e-02,5.071810757533089242e-02,6.003942551393973842e-02,3.368065333708814696e-02,8.746831878344128730e-02,8.976344691636159445e-02,1.375387214869051022e-01,7.540129540974373212e-02,2.284145311179949234e-01,2.234300197127569720e-01,8.282174035482962882e-02,1.990284426921993810e-01,4.215432272599267671e-01,2.135173190650520858e-01,3.318079414249507364e-01,2.022669670515347684e-01,4.353703182202196820e-02,1.701774148127288000e-01,6.789636722050126916e-02,5.047873838355392689e-02,6.798085046465784931e-02,3.903125880033793405e-02,6.792452830188679125e-02,2.976626302450013917e-02,1.486905097155730854e-02,7.426077161362996948e-02,4.077724584624049797e-02,5.939172064207265400e-02,3.934103069557871174e-02,5.865953252604900331e-02,2.107856941706561654e-02,1.802309208673612967e-02,6.267248662348634536e-02,7.780906786820614152e-02,1.171782596451703684e-01,4.725429456491129360e-02,1.121515066178541270e-01,1.426358772176851697e-01,1.872430301323570745e-01,3.997465502675302818e-02,2.057871022247254322e-01,1.009856378484933759e-01,1.617713320191495330e-01,1.007885102787947074e-01,2.452970994086172973e-01,6.988172345818079167e-02,7.513376513658125144e-02,6.745987045902562818e-02,3.745423824274852348e-02,8.058293438468036585e-02,1.146578428611658707e-01,1.270768797521824867e-01,1.124190368910166216e-01,2.304984511405238079e-01,2.535060546324978681e-01,7.271191213742607407e-02,1.823993241340467475e-01,5.251619262179667569e-01,2.128273725711067321e-01,3.174739509997183684e-01,2.132920304139679091e-01,5.353421571388341377e-02,1.788510278794705755e-01
1.362996339059419949e-02,2.825964517037454077e-02,2.152914671923401857e-02,1.064488876372852652e-02,3.377921712193748122e-02,3.965080259081948943e-02,5.633624331174317407e-02,9.377640101379893650e-03,6.296817797803436201e-02,3.383553928470853234e-02,4.191776964235426756e-02,2.909039707124753613e-02,7.059983103351168132e-02,0.000000000000000000e+00,1.558715854688819992e-02,1.896648831315122380e-02,1.074345254857786598e-02,2.730216840326668559e-02,2.856941706561531846e-02,4.345254857786538805e-02,2.337369754998592022e-02,7.143058293438468709e-02,6.998028724303012593e-02,2.603491974091805272e-02,6.299633905941988410e-02,1.310757533089270677e-01,6.789636722050126916e-02,1.054491692480991338e-01,6.406646015206983458e-02,1.399605744860602657e-02,5.401295409743734482e-02,2.127569698676429200e-02,1.575612503520135155e-02,2.119121374260771531e-02,1.227823148408898821e-02,2.124753590537876644e-02,9.349479019994368090e-03,4.745142213460997078e-03,2.312024781751619365e-02,1.251760067586595374e-02,1.858631371444663394e-02,1.239087580963109045e-02,1.882568290622359947e-02,6.631934666291185339e-03,5.801182765418191715e-03,1.938890453393410374e-02,2.442973810194311313e-02,3.689101661503801921e-02,1.462968177978034301e-02,3.568009011546043052e-02,4.526893832723176414e-02,5.920867361306673959e-02,1.227823148408898821e-02,6.534778935511123543e-02,3.238524359335398506e-02,5.146437623204731110e-02,3.165305547733032743e-02,7.733032948465221046e-02,2.213460996902280944e-02,2.338777809067868127e-02,2.128977752745705304e-02,1.194029850746268669e-02,2.544353703182202289e-02,3.632779498732751494e-02,4.024218529991551579e-02,3.493382145874401878e-02,7.254294564911292764e-02,7.925936355956068879e-02,2.264150943396226259e-02,5.713883413123063693e-02,1.639397352858349699e-01,6.765699802872429669e-02,1.000563221627710497e-01,6.731906505209800384e-02,1.699521261616446233e-02,5.625176006758659392e-02
1.009574767671078503e-02,2.069839481836102668e-02,1.568572233173753938e-02,7.687975218248380843e-03,2.396508025908195005e-02,2.842861165868769413e-02,3.976344691636159168e-02,7.124753590537876574e-03,4.415657561250352359e-02,2.365530836384117236e-02,2.980850464657842924e-02,2.082511968459588997e-02,5.071810757533089242e-02,1.558715854688819992e-02,0.000000000000000000e+00,1.365812447197972332e-02,7.533089270627991996e-03,1.993804562095184349e-02,2.069839481836102668e-02,3.165305547733032743e-02,1.744578991833286435e-02,5.254857786539002956e-02,5.178822866798084984e-02,1.883976344691636051e-02,4.563503238524359296e-02,9.777527457054351057e-02,4.912700647704872081e-02,7.524640946212333981e-02,4.615601239087580715e-02,9.898620107012109579e-03,3.949591664319909712e-02,1.506617854125598399e-02,1.157420444945085961e-02,1.579836665727963815e-02,9.067868206139115955e-03,1.496761475640664626e-02,6.674176288369473679e-03,3.337088144184736840e-03,1.644607152914671910e-02,9.180512531681216462e-03,1.372852717544353722e-02,8.955223880597015448e-03,1.291185581526330638e-02,4.646578428611658484e-03,4.083356800901154215e-03,1.465784286116586857e-02,1.824838073782033068e-02,2.734441002534497220e-02,1.074345254857786598e-02,2.513376513658124520e-02,3.293438468037172828e-02,4.212897775274570406e-02,9.236834694452267583e-03,4.688820050689946478e-02,2.261334835257674050e-02,3.683469445226696809e-02,2.317656998028724130e-02,5.528020275978597770e-02,1.560123908758096270e-02,1.785412559842297978e-02,1.531962827372571057e-02,8.406082793579273960e-03,1.848774992959729621e-02,2.627428893269501478e-02,2.956913545480146371e-02,2.613348352576739045e-02,5.321036327794987503e-02,5.851872711912137204e-02,1.669952126161644568e-02,4.167840045057730203e-02,1.214165023936919219e-01,4.943677837228949851e-02,7.189524077724585016e-02,4.898620107012108954e-02,1.210926499577583831e-02,4.125598422979442209e-02
1.165868769360743455e-02,2.428893269501548879e-02,1.847366938890453517e-02,9.152351450295690902e-03,2.831596733314559189e-02,3.370881441847366905e-02,4.757814700084483234e-02,8.251196845958885112e-03,5.343565192903407257e-02,2.797803435651928863e-02,3.515911010982821633e-02,2.437341593917206548e-02,6.003942551393973842e-02,1.896648831315122380e-02,1.365812447197972332e-02,0.000000000000000000e+00,9.025626584060827615e-03,2.335961700929315571e-02,2.447197972402140320e-02,3.744015770205575550e-02,2.000844832441565913e-02,6.196845958884820982e-02,6.089833849619825240e-02,2.228949591664319829e-02,5.344973246972684056e-02,1.132216277105040775e-01,5.773021684032667022e-02,8.912982258518727108e-02,5.466065896930442231e-02,1.179949310053506062e-02,4.583215995494226841e-02,1.781188397634469317e-02,1.368628555336524888e-02,1.855815263306110838e-02,1.058856660095747713e-02,1.836102506336243292e-02,7.927344410025344637e-03,4.012954097437341182e-03,1.943114615601239034e-02,1.095466065896930422e-02,1.607997747113489029e-02,1.041960011264432551e-02,1.582652773866516371e-02,5.618135736412278175e-03,4.998591945930723653e-03,1.668544072092368463e-02,2.110673049845114210e-02,3.190650520980005400e-02,1.257392283863700312e-02,2.972402140242185256e-02,3.855252041678400299e-02,4.973246972683750822e-02,1.056040551957195157e-02,5.560405519571951644e-02,2.700647704871867241e-02,4.329766263024500267e-02,2.682343001971275800e-02,6.541819205857504760e-02,1.881160236553083495e-02,2.024781751619262118e-02,1.827654181920585624e-02,9.884539566319346798e-03,2.152914671923401857e-02,3.104759222754153655e-02,3.473669388904533639e-02,2.956913545480146371e-02,6.301041960011263821e-02,6.854407209236834664e-02,1.926217966769924045e-02,4.900028161081385752e-02,1.409743734159391859e-01,5.792734441002534568e-02,8.522951281329202433e-02,5.811039143903126009e-02,1.436215150661785366e-02,4.809912700647704653e-02
6.491129259363559272e-03,1.354548014643762281e-02,1.023655308363841110e-02,5.181638974936637193e-03,1.616446071529146697e-02,1.871303858068149722e-02,2.699239650802590790e-02,4.590256265840608231e-03,2.978034356519290368e-02,1.582652773866516371e-02,1.981132075471698020e-02,1.370036609405801166e-02,3.368065333708814696e-02,1.074345254857786598e-02,7.533089270627991996e-03,9.025626584060827615e-03,0.000000000000000000e+00,1.292593635595606916e-02,1.362996339059419949e-02,2.079695860321036441e-02,1.126443255421008191e-02,3.427203604618417332e-02,3.355392847085328367e-02,1.240495635032385323e-02,2.963953815826527588e-02,6.323570825119684269e-02,3.187834412841453191e-02,4.978879188960855934e-02,3.032948465221064344e-02,6.434807096592509018e-03,2.537313432835820726e-02,1.027879470571669944e-02,7.575330892706280336e-03,1.034919740918051334e-02,5.913827090960293090e-03,1.044776119402985107e-02,4.533934103069557978e-03,2.238805970149253862e-03,1.117994931005350523e-02,6.195437904815545224e-03,8.955223880597015448e-03,5.913827090960293090e-03,8.898901717825964328e-03,3.182202196564347992e-03,2.745705435088707444e-03,9.279076316530554189e-03,1.161644607152914621e-02,1.754435370318220208e-02,7.068431427766826321e-03,1.693889045339341121e-02,2.123345536468600539e-02,2.806251760067586531e-02,5.927907631653055870e-03,3.117431709377639984e-02,1.541819205857505003e-02,2.440157702055759104e-02,1.508025908194874677e-02,3.708814418473669466e-02,1.058856660095747713e-02,1.120811039143903079e-02,1.012390875809631059e-02,5.604055195719515395e-03,1.205294283300478719e-02,1.726274288932694995e-02,1.913545480146437716e-02,1.668544072092368463e-02,3.472261334835257535e-02,3.783441284145311334e-02,1.064488876372852652e-02,2.716136299633905779e-02,7.854125598422979915e-02,3.161081385525204429e-02,4.790199943677837108e-02,3.211771332019149744e-02,7.927344410025344637e-03,2.665446353139960464e-02
1.707969586032103554e-02,3.528583497606307962e-02,2.652773866516474136e-02,1.323570825119684512e-02,4.150943396226414867e-02,4.946493945367502060e-02,6.888200506899465336e-02,1.203886229231202441e-02,7.711912137426077396e-02,4.091805125316812231e-02,5.067586595325260235e-02,3.551112362714728410e-02,8.746831878344128730e-02,2.730216840326668559e-02,1.993804562095184349e-02,2.335961700929315571e-02,1.292593635595606916e-02,0.000000000000000000e+00,3.510278794705716521e-02,5.401295409743734482e-02,2.910447761194029717e-02,9.008729935229513319e-02,8.787665446353140619e-02,3.232892143058293394e-02,7.786539003097718570e-02,1.647564066460152077e-01,8.406082793579273960e-02,1.297944241058856529e-01,7.940016896648831313e-02,1.723458180794142439e-02,6.686848774992959488e-02,2.623204731061672818e-02,1.967051534778935587e-02,2.649957758377921579e-02,1.519290340749084728e-02,2.628836947338777930e-02,1.147564066460152014e-02,5.702618980568853989e-03,2.872430301323570731e-02,1.569980287243030043e-02,2.309208673613066809e-02,1.516474232610532172e-02,2.276823430019712588e-02,8.166713601802308431e-03,7.040270346381300760e-03,2.451422134609968981e-02,3.072373979160799781e-02,4.609969022810475603e-02,1.827654181920585624e-02,4.331174317093776371e-02,5.609687411996620854e-02,7.275415375950436414e-02,1.558715854688819992e-02,8.054069276260208965e-02,3.935511123627147279e-02,6.299633905941988410e-02,3.894677555618136083e-02,9.556462968177978357e-02,2.718952407772458335e-02,2.948465221064488703e-02,2.655589974655026692e-02,1.461560123908758023e-02,3.149816952970994205e-02,4.471979724021402092e-02,4.995775837792171270e-02,4.342438749647986596e-02,9.055195719515629627e-02,9.971838918614474301e-02,2.830188679245283084e-02,7.166995212616164568e-02,2.053646860039425592e-01,8.392002252886511526e-02,1.241762883694733921e-01,8.411715009856378378e-02,2.099408617290903986e-02,7.026189805688538847e-02
1.760067586595325320e-02,3.634187552802027599e-02,2.778090678682061318e-02,1.364404393128696227e-02,4.288932695015488378e-02,4.998591945930723479e-02,7.157138834131231142e-02,1.234863418755280211e-02,7.924528301886792081e-02,4.226978315967332839e-02,5.306955787102225069e-02,3.696141931850183138e-02,8.976344691636159445e-02,2.856941706561531846e-02,2.069839481836102668e-02,2.447197972402140320e-02,1.362996339059419949e-02,3.510278794705716521e-02,0.000000000000000000e+00,5.585750492818924301e-02,3.039988735567445907e-02,9.245283018867923863e-02,9.107293720078850352e-02,3.328639819769078911e-02,8.065333708814417801e-02,1.700929315685722198e-01,8.629963390594198869e-02,1.336947338777809136e-01,8.154041115178822796e-02,1.774148127288087753e-02,6.948746831878344077e-02,2.678118839763446793e-02,2.043086454519853559e-02,2.813292030413967748e-02,1.595325260490002700e-02,2.754153759504365112e-02,1.194029850746268669e-02,6.096874119966206630e-03,2.890735004224162172e-02,1.643199098845395806e-02,2.430301323570824984e-02,1.572796395381582599e-02,2.371163052661222348e-02,8.321599549422697278e-03,7.519008729935229216e-03,2.520416784004505736e-02,3.180794142495071974e-02,4.778935511123626884e-02,1.889608560968741163e-02,4.494508589129822540e-02,5.787102224725429456e-02,7.496479864826809114e-02,1.571388341312306494e-02,8.355392847085328645e-02,4.079132638693325902e-02,6.517882286679808901e-02,4.021402421852999370e-02,9.809912700647704931e-02,2.806251760067586531e-02,3.066741762883694669e-02,2.707687975218248458e-02,1.495353421571388348e-02,3.223035764573359274e-02,4.667699239650802828e-02,5.214024218529991761e-02,4.493100535060546435e-02,9.424105885666009264e-02,1.025908194874683155e-01,2.869614193185018175e-02,7.310616727682342497e-02,2.114333990425232290e-01,8.728527175443537289e-02,1.276541819205857520e-01,8.680653337088144184e-02,2.190932131793860843e-02,7.241622078287805742e-02
2.700647704871867241e-02,5.592790763165305518e-02,4.241058856660095966e-02,2.088144184736693762e-02,6.527738665164742327e-02,7.744297381019431270e-02,1.088425795550549136e-01,1.903689101661503943e-02,1.215854688820050683e-01,6.454519853562376563e-02,8.041396789636721942e-02,5.611095466065896958e-02,1.375387214869051022e-01,4.345254857786538805e-02,3.165305547733032743e-02,3.744015770205575550e-02,2.079695860321036441e-02,5.401295409743734482e-02,5.585750492818924301e-02,0.000000000000000000e+00,4.626865671641790939e-02,1.417347226133483518e-01,1.393128696141931744e-01,5.102787947057167012e-02,1.232469726837510521e-01,2.610532244438186211e-01,1.319909884539566258e-01,2.044635313996057413e-01,1.249507181075753259e-01,2.700647704871867241e-02,1.057307800619543825e-01,4.097437341593917343e-02,3.111799493100535219e-02,4.238242748521543063e-02,2.427485215432272428e-02,4.173472261334835315e-02,1.810757533089270635e-02,9.152351450295690902e-03,4.463531399605744771e-02,2.497887918896085635e-02,3.677837228949591697e-02,2.404956350323852327e-02,3.615882849901436158e-02,1.278513094902844309e-02,1.122219093213179357e-02,3.889045339341030971e-02,4.850746268656716542e-02,7.340185863137144162e-02,2.890735004224162172e-02,6.869895803998873896e-02,8.862292312024781793e-02,1.145029569135454783e-01,2.445789918332863869e-02,1.281751619262179731e-01,6.206702337369755101e-02,9.957758377921711868e-02,6.177133201914953436e-02,1.504646578428611714e-01,4.290340749084765176e-02,4.697268375105603799e-02,4.160799774711348986e-02,2.282455646296817700e-02,4.959166431990988388e-02,7.099408617290904611e-02,7.990706843142776628e-02,6.857223317375386873e-02,1.439453675021120926e-01,1.576598141368628636e-01,4.441002534497325016e-02,1.126443255421008122e-01,3.247254294564911326e-01,1.333145592790763168e-01,1.955927907631652973e-01,1.334412841453111731e-01,3.317375387214869381e-02,1.102928752464094608e-01
1.491129259363559514e-02,3.048437059983103228e-02,2.271191213742607823e-02,1.156012390875809683e-02,3.621515066178541270e-02,4.196001126443255763e-02,5.957476767107856841e-02,1.034919740918051334e-02,6.588284990143621067e-02,3.549704308645452305e-02,4.414249507181075560e-02,3.079414249507180998e-02,7.540129540974373212e-02,2.337369754998592022e-02,1.744578991833286435e-02,2.000844832441565913e-02,1.126443255421008191e-02,2.910447761194029717e-02,3.039988735567445907e-02,4.626865671641790939e-02,0.000000000000000000e+00,7.678118839763446724e-02,7.538721486905097802e-02,2.776682624612785213e-02,6.686848774992959488e-02,1.429174880315404184e-01,7.195156294001689434e-02,1.113629963390594252e-01,6.830470290059138805e-02,1.468600394255139413e-02,5.737820332300760245e-02,2.261334835257674050e-02,1.709377640101380005e-02,2.265558997465502711e-02,1.310898338496198183e-02,2.254294564911292487e-02,1.008166713601802225e-02,4.871867079695860366e-03,2.509152351450295859e-02,1.360180230920867393e-02,2.000844832441565913e-02,1.344691636158828509e-02,1.938890453393410374e-02,7.110673049845113794e-03,5.941988172345817783e-03,2.176851591101098410e-02,2.634469163615882695e-02,3.959448042804843831e-02,1.593917206420726596e-02,3.782033230076035230e-02,4.791607997747113212e-02,6.270064770487186745e-02,1.351731906505209725e-02,6.883976344691636329e-02,3.403266685440720779e-02,5.450577302168402999e-02,3.441284145311179765e-02,8.242748521543227791e-02,2.340185863137144578e-02,2.627428893269501478e-02,2.252886510842016382e-02,1.257392283863700312e-02,2.717544353703182231e-02,3.852435933539848090e-02,4.295972965361869594e-02,3.859476203886229306e-02,7.720360461841735411e-02,8.511686848774993597e-02,2.469726837510560422e-02,6.139115742044494450e-02,1.780202759785975697e-01,7.172627428893268986e-02,1.063362433117431699e-01,7.207828780625176457e-02,1.779780343565192866e-02,6.046184173472261142e-02
