0.000000000000000000e+00,2.060524049698609847e-02,1.251076393160290359e-02,8.045270020912782122e-03,3.022511994095214774e-02,4.244064460573256092e-02,4.081682863820888102e-02,8.340509287735269062e-03,4.658629597736498734e-02,2.542748185508672543e-02,3.239020789765038877e-02,2.435723951285520897e-02,5.535736252921638623e-02,1.577069750276786919e-02,1.430680280477303508e-02,1.456513716324271158e-02,1.039488251937507705e-02,2.236437446180342126e-02,2.216754828392176330e-02,3.433386640423176372e-02,2.217984992003936562e-02,6.250461311354410521e-02,4.923114774264977095e-02,2.358223643744617945e-02,5.075655062123262534e-02,1.068889162258580411e-01,5.554188707098044187e-02,7.478164595891254041e-02,5.597244433509656475e-02,1.287981301513101313e-02,4.212080206667486587e-02,1.402386517406815046e-02,9.841308894082913608e-03,1.719768729240989114e-02,1.053020051666871647e-02,1.692705129782260884e-02,6.003198425390577318e-03,5.265100258334358234e-03,1.292901955960142762e-02,7.823840570795916050e-03,1.335957682371755398e-02,1.061631196949194313e-02,1.323656046254151862e-02,4.354779185631689302e-03,3.678189199163488764e-03,1.363021281830483454e-02,2.040841431910444051e-02,2.850289088448763539e-02,8.980194365850657431e-03,2.610407184155492596e-02,3.873785213433386665e-02,4.097674990773773201e-02,1.077623323902078892e-02,5.738713248862098437e-02,2.649772419731824188e-02,4.106286136056095520e-02,2.801082543978349049e-02,6.175421331037028033e-02,1.792348382334850443e-02,1.561077623323901993e-02,1.690244802558740420e-02,1.140361668101857497e-02,1.941198179357854492e-02,2.179849920039365202e-02,3.250092262270882354e-02,2.083897158322056686e-02,6.062246278755074186e-02,5.271251076393160262e-02,1.761594292040841517e-02,4.527002091278140017e-02,1.290195596014269974e-01,6.102841677943166704e-02,7.583958666502645107e-02,5.246647804157952844e-02,1.353179972936400556e-02,4.224381842785090296e-02
2.060524049698609847e-02,0.000000000000000000e+00,1.872309017099274206e-02,1.205560339525156913e-02,4.541764054619264190e-02,6.409152417271496427e-02,6.187722967154631742e-02,1.227703284536843346e-02,7.147250584327716205e-02,3.834419977857055073e-02,4.865297084512239939e-02,3.535490220199286743e-02,8.372493541641037873e-02,2.419731824332636144e-02,2.146635502521835465e-02,2.211834173945134707e-02,1.580760241112067963e-02,3.392791241235084548e-02,3.328822733423545538e-02,5.284782876122524203e-02,3.280846352564890933e-02,9.804403985730102133e-02,7.294870217738959328e-02,3.424775495140854054e-02,7.738959281584451011e-02,1.605978595153155497e-01,8.625907245663673450e-02,1.136548160905400395e-01,8.725550498216262663e-02,1.979333251322425852e-02,6.362406200024603442e-02,2.076516176651494600e-02,1.478656661335957766e-02,2.535367203838110456e-02,1.568458604994464253e-02,2.564891130520359150e-02,8.980194365850657431e-03,7.885348751383934596e-03,1.915364743510886841e-02,1.177266576454668451e-02,1.989174560216508750e-02,1.591831713617911093e-02,2.022388977734038487e-02,6.409152417271497294e-03,5.523434616804034740e-03,1.969491942428342954e-02,3.111083774141960856e-02,4.312953622831836725e-02,1.339648173207036615e-02,3.954976011809571007e-02,5.904785336449747818e-02,6.200024603272235452e-02,1.611514331406076889e-02,8.879320949686307640e-02,3.979579284044777732e-02,6.209865912166318003e-02,4.033706482962234191e-02,9.407061139131504823e-02,2.750645835896174327e-02,2.360683970968138756e-02,2.595645220814368423e-02,1.706236929511625172e-02,2.954852995448394720e-02,3.346045023988190176e-02,5.058432771558617203e-02,3.095091647189076103e-02,9.466108992496001517e-02,7.921023496124984797e-02,2.555049821626276252e-02,6.941813261163734539e-02,1.942920408414319233e-01,9.287735268790749121e-02,1.163119694919424324e-01,8.128921146512485540e-02,2.087587649157338077e-02,6.389469799483331325e-02
1.251076393160290359e-02,1.872309017099274206e-02,0.000000000000000000e+00,7.553204576208635487e-03,2.769098290072579543e-02,3.873785213433386665e-02,3.749538688645590034e-02,7.651617665149464467e-03,4.331406077008242289e-02,2.297945626768360325e-02,2.985607085742403646e-02,2.150325993357116508e-02,5.047361299052773725e-02,1.481116988559478403e-02,1.280600319842539053e-02,1.329806864312953543e-02,9.386148357731579142e-03,2.038381104686923240e-02,2.023619141345799066e-02,3.114774264977241899e-02,1.991634887440029561e-02,5.703038504121048236e-02,4.435969984007873124e-02,2.086357485545577498e-02,4.611883380489605055e-02,9.676466970107024113e-02,5.051051789888055116e-02,6.864312953622832281e-02,5.096567843523188562e-02,1.169885594784106364e-02,3.818427850904169973e-02,1.260917702054373257e-02,9.177020543732317126e-03,1.570918932217985065e-02,9.607577807848443480e-03,1.606593676959035613e-02,5.597244433509656475e-03,4.748431541395005222e-03,1.177266576454668451e-02,7.159552220445319567e-03,1.226473120925083114e-02,9.705990896789272460e-03,1.258457374830852446e-02,3.973428465985975704e-03,3.272235207282568788e-03,1.195719030631074015e-02,1.872309017099274206e-02,2.614097674990773640e-02,8.315906015500060949e-03,2.411120679050313825e-02,3.578545946610899031e-02,3.786443596998400468e-02,9.915118710788534476e-03,5.343830729487021591e-02,2.402509533767991159e-02,3.767991142821995598e-02,2.454176405461926461e-02,5.677205068274080585e-02,1.671792348382334856e-02,1.385164226842170061e-02,1.548775987206298457e-02,1.025956452208143764e-02,1.765284782876122560e-02,1.991634887440029561e-02,3.001599212695288399e-02,1.823102472628859716e-02,5.583712633780292534e-02,4.713986960265715426e-02,1.552466478041579501e-02,4.107516299667855753e-02,1.153155369664165403e-01,5.536966416533398855e-02,6.957805388116619638e-02,4.837003321441751824e-02,1.238774757042686650e-02,3.870094722598105275e-02
8.045270020912782122e-03,1.205560339525156913e-02,7.553204576208635487e-03,0.000000000000000000e+00,1.819411981793578673e-02,2.507073440767621994e-02,2.480009841308894111e-02,4.883749538688645503e-03,2.828146143437077278e-02,1.530323533029892893e-02,1.932587034075532173e-02,1.409767499077377306e-02,3.348505351211711334e-02,9.693689260671670138e-03,8.254397834912044138e-03,8.660351826792964114e-03,6.175421331037028033e-03,1.356870463771681599e-02,1.317505228195350007e-02,1.996555541887070837e-02,1.296592446795423806e-02,3.684340017222290792e-02,2.841677943166441220e-02,1.337187845983515803e-02,3.056956575224504744e-02,6.310739328330668141e-02,3.286997170623692788e-02,4.506089309878213989e-02,3.322671915364743683e-02,7.590109484561446788e-03,2.476319350473613068e-02,8.500430557264116588e-03,6.077008242096199053e-03,1.023496124984622953e-02,6.323040964448271503e-03,1.046869233608069792e-02,3.592077746340263406e-03,3.112313937753721262e-03,7.860745479148726483e-03,4.773034813630212467e-03,8.032968384795178066e-03,6.421454053389100483e-03,8.168286382088817479e-03,2.595645220814368249e-03,2.115881412227826105e-03,7.786935662443104748e-03,1.221552466478041665e-02,1.713617911182187259e-02,5.400418255627998515e-03,1.589371386394390281e-02,2.321318735391807164e-02,2.502152786320580719e-02,6.433755689506704539e-03,3.457989912658383791e-02,1.589371386394390281e-02,2.466478041579530170e-02,1.597982531676712947e-02,3.720014761963340993e-02,1.098536105302005093e-02,9.127813999261902636e-03,1.019805634149341909e-02,6.753598228564398724e-03,1.161274449501783698e-02,1.315044900971829196e-02,1.932587034075532173e-02,1.217861975642760448e-02,3.617911182187230623e-02,3.069258211342108453e-02,1.003813507196457157e-02,2.691597982531676592e-02,7.567966539549760008e-02,3.600688891622585985e-02,4.540533891007503958e-02,3.151679173330052680e-02,8.008365112559969953e-03,2.527986222167548369e-02
3.022511994095214774e-02,4.541764054619264190e-02,2.769098290072579543e-02,1.819411981793578673e-02,0.000000000000000000e+00,9.338171976872923497e-02,9.183171361791117593e-02,1.828023127075900992e-02,1.050805757165702986e-01,5.728871939968015886e-02,7.212449255751014754e-02,5.274941567228441652e-02,1.241727149710911554e-01,3.594538073563784131e-02,3.119694919424283522e-02,3.231639808094476790e-02,2.338541025956452149e-02,5.009226227088203059e-02,4.887440029523926893e-02,7.556895067043917225e-02,4.854225612006397156e-02,1.391192028539795789e-01,1.065198671423299298e-01,5.036289826546930942e-02,1.138270389961864859e-01,2.348013285767006908e-01,1.233239020789765050e-01,1.677451100996432409e-01,1.249969245909706012e-01,2.879813015131012580e-02,9.282814614343708193e-02,3.136917209988928507e-02,2.224135810062738416e-02,3.770451470045516063e-02,2.329929880674129830e-02,3.877475704268668055e-02,1.349489482101119513e-02,1.153893467831221611e-02,2.913027432648542317e-02,1.741911674252675721e-02,2.961003813507196575e-02,2.371755443473981886e-02,3.033583466601057904e-02,9.632181080083651592e-03,7.897650387501536917e-03,2.920408414319104404e-02,4.522081436831098394e-02,6.367326854471644371e-02,2.000246032722352227e-02,5.919547299790871991e-02,8.619756427604871596e-02,9.290195596014269586e-02,2.395128552097429073e-02,1.293024972321318855e-01,5.933079099520235933e-02,9.186861852626398983e-02,6.033952515684586071e-02,1.391561077623323928e-01,4.077992372985607406e-02,3.428465985976134750e-02,3.798745233116004177e-02,2.529216385779308601e-02,4.327715586172960899e-02,4.929265592323778949e-02,7.219830237421577535e-02,4.557756181572149290e-02,1.353918071103456799e-01,1.151187107885348754e-01,3.771681633657276295e-02,1.007503998031738235e-01,2.830483454299421719e-01,1.346291056710542389e-01,1.704268667732808384e-01,1.175544347398203987e-01,3.012670685201131876e-02,9.381227703284536479e-02
4.244064460573256092e-02,6.409152417271496427e-02,3.873785213433386665e-02,2.507073440767621994e-02,9.338171976872923497e-02,0.000000000000000000e+00,1.262639931110837721e-01,2.540287858285152078e-02,1.467708205191290416e-01,7.834912043301758833e-02,9.971706236929511746e-02,7.251814491327346346e-02,1.711895682125722795e-01,5.037519990158691174e-02,4.383072948702177590e-02,4.512240127937015843e-02,3.193504736129905430e-02,6.956575224504858712e-02,6.801574609423052808e-02,1.080452700209127842e-01,6.719153647435108234e-02,1.979333251322425991e-01,1.507442489851150147e-01,7.054988313445688386e-02,1.582605486529708450e-01,3.294870217738959384e-01,1.756919670316152149e-01,2.336326731455283523e-01,1.764546684709066282e-01,4.043547791856316742e-02,1.298191659490712246e-01,4.309263131996555335e-02,3.039734284659859759e-02,5.223274695534506351e-02,3.229179480870955632e-02,5.357362529216385533e-02,1.867388362652232583e-02,1.609054004182556424e-02,3.914380612621478489e-02,2.413581006273834290e-02,4.062000246032722306e-02,3.203346045023987981e-02,4.220691351949809600e-02,1.328576700701193311e-02,1.124369541148972744e-02,4.113667117726657607e-02,6.341493418624677414e-02,8.891622585803911349e-02,2.788780907860745339e-02,8.078484438430311165e-02,1.219461188338048924e-01,1.264239143806126231e-01,3.325132242588264148e-02,1.815106409152417166e-01,8.096936892606716729e-02,1.269159798253167715e-01,8.280231270759011442e-02,1.923360806987329252e-01,5.680895559109361281e-02,4.823471521712387883e-02,5.335219584204699272e-02,3.491204330175913528e-02,6.006888916225858188e-02,6.827408045270021153e-02,1.034936646573994395e-01,6.278755074424897942e-02,1.929265592323779199e-01,1.633903309140115612e-01,5.308155984745971390e-02,1.410505597244433584e-01,3.974904662320088433e-01,1.900110714725058436e-01,2.382211834173945109e-01,1.672653462910567157e-01,4.322794931725919276e-02,1.316644113667117810e-01
4.081682863820888102e-02,6.187722967154631742e-02,3.749538688645590034e-02,2.480009841308894111e-02,9.183171361791117593e-02,1.262639931110837721e-01,0.000000000000000000e+00,2.470168532414811213e-02,1.425759626030262128e-01,7.710665518513962202e-02,9.742895805142083587e-02,7.122647312092508787e-02,1.687415426251691608e-01,4.873908229794562952e-02,4.209619879443966123e-02,4.392914257596260141e-02,3.144298191659490593e-02,6.845860499446426717e-02,6.585065813753229746e-02,1.020543732316398083e-01,6.549391069012178157e-02,1.895805142083897277e-01,1.441013654816090672e-01,6.805265100258334199e-02,1.552220445319227593e-01,3.196826177881658126e-01,1.676220937384672038e-01,2.278016976257842274e-01,1.702915487759872060e-01,3.886086849550990374e-02,1.251568458604994383e-01,4.284659859761347916e-02,3.010210357977611065e-02,5.074424898511502302e-02,3.157829991388854535e-02,5.218354041087464729e-02,1.836634272358223657e-02,1.559847459712141761e-02,3.975888793209497035e-02,2.392668224873908261e-02,3.986960265715339818e-02,3.208266699471029604e-02,4.075532045762086247e-02,1.312584573748308558e-02,1.083774141960880746e-02,3.951285520974289617e-02,6.184032476319350352e-02,8.624677082051912524e-02,2.712510763931602967e-02,8.026817566736375864e-02,1.167917333005289715e-01,1.262639931110837721e-01,3.252552589494402818e-02,1.755566490343215547e-01,8.014515930618772155e-02,1.244925575101488435e-01,8.120310001230163222e-02,1.888424160413335051e-01,5.533275925698118158e-02,4.666010579407060821e-02,5.124861606593676677e-02,3.407553204576208722e-02,5.867880428096936690e-02,6.663796284905892930e-02,9.826546930741789088e-02,6.197564276048714293e-02,1.844507319473489837e-01,1.566121294132119535e-01,5.058432771558617203e-02,1.370894328945749807e-01,3.854471644728749147e-01,1.829499323410013478e-01,2.299790872186000812e-01,1.596629351703776623e-01,4.041087464632796278e-02,1.268175667363759251e-01
8.340509287735269062e-03,1.227703284536843346e-02,7.651617665149464467e-03,4.883749538688645503e-03,1.828023127075900992e-02,2.540287858285152078e-02,2.470168532414811213e-02,0.000000000000000000e+00,2.824455652601795888e-02,1.521712387747570401e-02,1.954729979087218433e-02,1.429450116865543102e-02,3.299298806741296497e-02,9.792102349612499118e-03,8.389715832205683552e-03,8.820273096321811640e-03,6.212326239389838467e-03,1.351949809324640150e-02,1.323656046254151862e-02,2.045762086357485673e-02,1.317505228195350007e-02,3.743387870586788180e-02,2.940091032107270200e-02,1.379013408783368207e-02,3.053266084389223700e-02,6.358715709189322052e-02,3.357116496494033653e-02,4.517160782384056772e-02,3.344814860376429944e-02,7.811538934678311993e-03,2.500922622708820139e-02,8.340509287735269062e-03,5.880182064214540226e-03,1.005043670808217562e-02,6.187722967154631222e-03,1.043178742772788749e-02,3.653585926928281519e-03,3.026202484930495904e-03,7.688522573502275768e-03,4.625415180218968997e-03,7.811538934678311993e-03,6.187722967154631222e-03,8.229794562676836026e-03,2.607946856931971872e-03,2.128183048345429727e-03,7.971460204207159519e-03,1.230163611760364158e-02,1.719768729240989114e-02,5.449624800098413005e-03,1.591831713617911093e-02,2.320088571780046585e-02,2.494771804650018285e-02,6.470660597859514973e-03,3.486283675728871906e-02,1.583220568335588774e-02,2.482470168532414923e-02,1.632427112806003264e-02,3.745848197810308644e-02,1.104686923360806948e-02,9.201623815967523504e-03,1.011194488867019244e-02,6.753598228564398724e-03,1.158814122278263060e-02,1.318735391807110413e-02,1.968261778816582722e-02,1.228933448148603752e-02,3.649895436093000128e-02,3.159060155000614767e-02,1.024726288596383358e-02,2.703899618649280301e-02,7.638085865420100873e-02,3.664657399434124996e-02,4.598351580760241114e-02,3.183663427235822185e-02,8.266699471029646459e-03,2.519375076885225703e-02
4.658629597736498734e-02,7.147250584327716205e-02,4.331406077008242289e-02,2.828146143437077278e-02,1.050805757165702986e-01,1.467708205191290416e-01,1.425759626030262128e-01,2.824455652601795888e-02,0.000000000000000000e+00,8.798130151310123992e-02,1.118956821257227202e-01,8.083405092877352094e-02,1.916717923483823305e-01,5.643990650756550848e-02,4.852995448394636230e-02,5.022758026817567001e-02,3.572395128552097177e-02,7.778324517160782603e-02,7.613482593184893454e-02,1.193750768852257366e-01,7.443720014761963377e-02,2.204207159552220574e-01,1.671177266576454601e-01,7.780784844384303067e-02,1.768606224627875534e-01,3.661705006765899606e-01,1.951654570057817784e-01,2.607331775126091600e-01,1.970599089678927163e-01,4.497478164595890976e-02,1.437692213064337421e-01,4.818550867265346260e-02,3.416164349858531041e-02,5.803911920285397680e-02,3.606839709681387840e-02,6.063476442366835112e-02,2.099889285274941439e-02,1.783737237052528124e-02,4.433509656784352659e-02,2.734653708943289574e-02,4.565137163242711377e-02,3.633903309140115723e-02,4.736129905277401686e-02,1.479886824947717998e-02,1.243695411489728099e-02,4.477795546807725180e-02,7.101734530692582759e-02,9.958174437200147111e-02,3.114774264977241899e-02,9.119202853979579970e-02,1.355148234715217170e-01,1.432894574978472169e-01,3.706482962233977052e-02,2.043670808217492862e-01,9.079837618403246990e-02,1.424775495140853665e-01,9.172099889285274810e-02,2.163857793086480519e-01,6.345183909459958804e-02,5.335219584204699272e-02,5.941690244802558946e-02,3.906999630950916402e-02,6.667486775741172933e-02,7.635625538196580409e-02,1.152048222413580986e-01,6.919670316152047584e-02,2.152048222413580902e-01,1.802927789395989688e-01,5.838356501414688343e-02,1.571534014023865111e-01,4.404969860991511665e-01,2.107885348751384058e-01,2.665641530323533126e-01,1.859392299175790242e-01,4.782876122524296059e-02,1.463402632550129256e-01
2.542748185508672543e-02,3.834419977857055073e-02,2.297945626768360325e-02,1.530323533029892893e-02,5.728871939968015886e-02,7.834912043301758833e-02,7.710665518513962202e-02,1.521712387747570401e-02,8.798130151310123992e-02,0.000000000000000000e+00,6.058555787919793489e-02,4.416287366219707328e-02,1.034567597490466256e-01,3.060647066059785787e-02,2.621478656661336074e-02,2.706359945872801112e-02,1.942428342969615071e-02,4.219461188338048674e-02,4.097674990773773201e-02,6.358715709189322052e-02,4.085373354656169492e-02,1.173207036535859338e-01,8.943289457497846651e-02,4.198548406938122646e-02,9.537458481978103308e-02,1.966908598843646327e-01,1.036289826546930720e-01,1.405584942797392101e-01,1.053389100750399821e-01,2.429573133226719042e-02,7.789395989666625386e-02,2.567351457743879961e-02,1.845245417640546323e-02,3.134456882765408042e-02,1.922745725181449275e-02,3.277155861729610237e-02,1.131750522819535004e-02,9.632181080083651592e-03,2.392668224873908261e-02,1.477426497724197360e-02,2.477549514085373300e-02,1.976872924098905041e-02,2.546438676343953586e-02,7.996063476442367632e-03,6.630581867388362499e-03,2.450485914626645417e-02,3.797515069504243945e-02,5.272481240004920494e-02,1.674252675605855667e-02,4.964940337064829845e-02,7.153401402386518060e-02,7.789395989666625386e-02,1.999015869110591648e-02,1.084758272850289140e-01,5.010456390699963292e-02,7.699594046008119419e-02,5.047361299052773725e-02,1.166810185754705437e-01,3.453069258211342168e-02,2.868741542625169103e-02,3.198425390576947053e-02,2.114651248616065959e-02,3.637593799975396419e-02,4.107516299667855753e-02,6.048714479025710244e-02,3.811046869233607887e-02,1.137163242711280581e-01,9.671546315659983184e-02,3.143068028047730361e-02,8.473366957805388011e-02,2.378152294255135857e-01,1.123139377537212408e-01,1.435108869479640725e-01,9.867142329929880218e-02,2.551359330790995208e-02,7.850904170254643932e-02
3.239020789765038877e-02,4.865297084512239939e-02,2.985607085742403646e-02,1.932587034075532173e-02,7.212449255751014754e-02,9.971706236929511746e-02,9.742895805142083587e-02,1.954729979087218433e-02,1.118956821257227202e-01,6.058555787919793489e-02,0.000000000000000000e+00,5.620617542133103661e-02,1.306802804773034843e-01,3.844261286751137624e-02,3.328822733423545538e-02,3.446918440152540314e-02,2.471398696026571445e-02,5.319227457251814173e-02,5.249108131381474002e-02,8.098167056218477655e-02,5.172837987452331282e-02,1.488374953868864536e-01,1.145774387993603177e-01,5.365973674498708545e-02,1.205929388608684982e-01,2.496494033706483096e-01,1.319965555418870784e-01,1.780169762578422965e-01,1.334235453315290865e-01,3.077869356624431119e-02,9.880674129659244853e-02,3.290687661458974178e-02,2.341001353179972960e-02,3.979579284044777732e-02,2.461557387132488547e-02,4.140730717185385490e-02,1.434370771312584551e-02,1.227703284536843346e-02,3.039734284659859759e-02,1.855086726534629221e-02,3.128306064706606188e-02,2.492311477426497821e-02,3.242711280600319573e-02,1.017345306925821098e-02,8.525033829499322965e-03,3.076639193012670540e-02,4.838233485053512056e-02,6.765899864682002607e-02,2.134333866404231755e-02,6.268913765530816085e-02,9.205314306802804547e-02,9.822856439906507697e-02,2.541518021896912310e-02,1.384549145036289841e-01,6.263993111083773768e-02,9.741665641530324049e-02,6.383318981424529470e-02,1.479517775864190032e-01,4.362160167302250868e-02,3.622831836634272246e-02,4.052158937138639755e-02,2.691597982531676592e-02,4.593430926313199492e-02,5.207282568581621252e-02,7.779554680772542141e-02,4.779185631689014668e-02,1.451962110960757779e-01,1.226596137286259103e-01,4.000492065444704454e-02,1.073440767622093756e-01,3.000861114528232121e-01,1.437323163980809559e-01,1.822979456267683485e-01,1.256981178496739959e-01,3.258703407553204673e-02,9.979087218600073139e-02
2.435723951285520897e-02,3.535490220199286743e-02,2.150325993357116508e-02,1.409767499077377306e-02,5.274941567228441652e-02,7.251814491327346346e-02,7.122647312092508787e-02,1.429450116865543102e-02,8.083405092877352094e-02,4.416287366219707328e-02,5.620617542133103661e-02,0.000000000000000000e+00,9.594046008119079538e-02,2.769098290072579543e-02,2.449255751014884838e-02,2.513224258826423849e-02,1.797269036781892065e-02,3.891007503998031997e-02,3.833189814245294841e-02,5.865420100873416226e-02,3.829499323410013450e-02,1.074547914872678034e-01,8.442612867511378738e-02,4.026325501291672104e-02,8.799360314921884918e-02,1.839463648665272399e-01,9.568212572272112582e-02,1.296838479517775922e-01,9.689998769836388748e-02,2.220445319227457373e-02,7.261655800221429591e-02,2.424652478779677767e-02,1.718538565629228534e-02,2.953622831836634141e-02,1.792348382334850443e-02,2.980686431295362371e-02,1.041948579161028343e-02,8.955591093615451054e-03,2.243818427850904212e-02,1.359330790995202411e-02,2.309017099274203455e-02,1.829253290687661571e-02,2.325009226227088208e-02,7.491696395620617809e-03,6.249231147742649768e-03,2.348382334850535047e-02,3.529339402140484888e-02,4.888670193135687125e-02,1.561077623323901993e-02,4.588510271866157869e-02,6.655185139623570612e-02,7.179234838233485017e-02,1.856316890146389453e-02,9.896666256612129953e-02,4.625415180218968997e-02,7.155861729610038524e-02,4.793947595030138842e-02,1.076393160290318590e-01,3.162750645835896157e-02,2.664534383072948709e-02,2.948702177389592866e-02,1.963341124369541099e-02,3.373108623446918752e-02,3.774141960880797453e-02,5.554188707098044187e-02,3.582236437446180422e-02,1.040349366465739972e-01,9.033091401156354006e-02,2.976995940460081327e-02,7.857054988313445787e-02,2.223889777340386231e-01,1.045023988190429270e-01,1.319842539057694553e-01,9.082297945626768843e-02,2.338541025956452149e-02,7.283798745233116545e-02
5.535736252921638623e-02,8.372493541641037873e-02,5.047361299052773725e-02,3.348505351211711334e-02,1.241727149710911554e-01,1.711895682125722795e-01,1.687415426251691608e-01,3.299298806741296497e-02,1.916717923483823305e-01,1.034567597490466256e-01,1.306802804773034843e-01,9.594046008119079538e-02,0.000000000000000000e+00,6.555541887070980012e-02,5.701808340509288003e-02,5.920777463402632224e-02,4.201008734161643804e-02,9.238528724320334284e-02,8.878090786074548102e-02,1.388485668593922862e-01,8.811661951039488627e-02,2.576823717554434512e-01,1.943535490220199280e-01,9.226227088202730575e-02,2.093492434493787746e-01,4.320088571780046904e-01,2.275679665395497486e-01,3.057202607946856721e-01,2.310985361053020104e-01,5.255258949440275856e-02,1.692336080698732814e-01,5.730102103579776118e-02,4.038627137409275120e-02,6.840939844999384400e-02,4.258826423914380266e-02,6.992249969245910302e-02,2.454176405461926461e-02,2.124492557510148857e-02,5.304465493910689999e-02,3.227949317259195400e-02,5.384426128675114109e-02,4.335096567843522986e-02,5.472997908721859844e-02,1.752983146758518851e-02,1.470045516053635100e-02,5.361053020051666923e-02,8.341739451347028600e-02,1.164349858531184695e-01,3.640054127198917577e-02,1.077254274818550822e-01,1.574486406692089946e-01,1.694796407922253556e-01,4.378152294255135968e-02,2.368557018083405075e-01,1.072333620371509477e-01,1.678066182802312734e-01,1.089555910936154531e-01,2.541518021896912449e-01,7.428958051420839204e-02,6.305818673883627212e-02,6.924590970599089901e-02,4.598351580760241114e-02,7.924713986960266188e-02,9.018329437815229832e-02,1.338171976872924163e-01,8.345429942182309990e-02,2.505843277155861970e-01,2.121417148480747861e-01,6.848320826669947181e-02,1.855086726534629082e-01,5.214786566613359708e-01,2.472382826915979770e-01,3.107147250584327836e-01,2.163980809447656473e-01,5.488990035674744944e-02,1.722352072825685809e-01
1.577069750276786919e-02,2.419731824332636144e-02,1.481116988559478403e-02,9.693689260671670138e-03,3.594538073563784131e-02,5.037519990158691174e-02,4.873908229794562952e-02,9.792102349612499118e-03,5.643990650756550848e-02,3.060647066059785787e-02,3.844261286751137624e-02,2.769098290072579543e-02,6.555541887070980012e-02,0.000000000000000000e+00,1.673022511994095088e-02,1.727149710911551200e-02,1.260917702054373257e-02,2.678066182802312650e-02,2.612867511379013408e-02,4.073071718538565783e-02,2.583343584696764714e-02,7.470783614220691260e-02,5.672284413827038962e-02,2.628859638331898160e-02,6.052404969860991635e-02,1.241112067905031369e-01,6.613359576823717167e-02,8.930987821380242941e-02,6.671177266576454323e-02,1.553696641653339906e-02,4.932956083159060340e-02,1.644728748923606973e-02,1.157583958666502655e-02,1.967031615204822143e-02,1.235084266207405607e-02,2.056833558863328804e-02,7.184155492680526812e-03,6.126214786566613543e-03,1.518021896912289358e-02,9.177020543732317126e-03,1.557387132488620950e-02,1.247385902325009142e-02,1.638577930864805118e-02,5.068274080452700274e-03,4.244064460573256266e-03,1.531553696641653299e-02,2.398819042932710116e-02,3.394021404846844781e-02,1.054250215278632052e-02,3.119694919424283522e-02,4.598351580760241114e-02,4.898511502029769676e-02,1.286751137901340908e-02,6.959035551728380564e-02,3.179972936400541489e-02,4.859146266453438084e-02,3.163980809447656389e-02,7.410505597244433640e-02,2.168778447533522072e-02,1.826792963464140759e-02,2.027309632181080110e-02,1.351949809324640150e-02,2.295485299544839514e-02,2.619018329437815262e-02,3.888547176774510838e-02,2.387747570426866639e-02,7.269036781891990984e-02,6.145897404354778992e-02,2.003936523557633270e-02,5.347521220322302982e-02,1.495632919178250808e-01,7.217369910198055682e-02,9.124123508426620899e-02,6.289826546930742113e-02,1.628736621970722220e-02,4.961249846229548455e-02
1.430680280477303508e-02,2.146635502521835465e-02,1.280600319842539053e-02,8.254397834912044138e-03,3.119694919424283522e-02,4.383072948702177590e-02,4.209619879443966123e-02,8.389715832205683552e-03,4.852995448394636230e-02,2.621478656661336074e-02,3.328822733423545538e-02,2.449255751014884838e-02,5.701808340509288003e-02,1.673022511994095088e-02,0.000000000000000000e+00,1.502029769959404605e-02,1.064091524172714950e-02,2.301636117603641368e-02,2.267191536474351052e-02,3.573625292163858103e-02,2.247508918686185256e-02,6.539549760118096300e-02,5.016607208758765146e-02,2.374215770697502698e-02,5.250338294993234234e-02,1.097551974412596942e-01,5.822364374461803244e-02,7.757411735760856575e-02,5.854348628367572749e-02,1.347029154877598701e-02,4.327715586172960899e-02,1.433140607700824146e-02,1.016115143314060693e-02,1.748062492311477575e-02,1.081313814737360109e-02,1.765284782876122560e-02,6.163119694919423977e-03,5.425021527863205760e-03,1.308894082913027515e-02,7.971460204207159519e-03,1.360560954606962643e-02,1.077623323902078892e-02,1.397465862959773597e-02,4.428589002337311037e-03,3.801205560339524989e-03,1.382703899618649250e-02,2.110960757780784916e-02,2.946241850166072054e-02,9.275433632673146106e-03,2.698978964202239025e-02,4.017714356009349091e-02,4.221921515561569832e-02,1.105917086972567354e-02,5.977364989543609147e-02,2.719891745602165053e-02,4.225612006396850528e-02,2.797392053143068005e-02,6.393160290318612715e-02,1.888301144052158959e-02,1.604133349735514802e-02,1.756673637593799894e-02,1.166195103948825147e-02,1.996555541887070837e-02,2.273342354533152906e-02,3.413704022635010576e-02,2.120802066674867814e-02,6.366096690859884832e-02,5.436093000369049411e-02,1.778816582605486502e-02,4.705375814983393107e-02,1.327469553450608963e-01,6.307048837495386751e-02,7.876737606101610889e-02,5.518513962356993291e-02,1.417148480747939393e-02,4.354779185631688782e-02
1.456513716324271158e-02,2.211834173945134707e-02,1.329806864312953543e-02,8.660351826792964114e-03,3.231639808094476790e-02,4.512240127937015843e-02,4.392914257596260141e-02,8.820273096321811640e-03,5.022758026817567001e-02,2.706359945872801112e-02,3.446918440152540314e-02,2.513224258826423849e-02,5.920777463402632224e-02,1.727149710911551200e-02,1.502029769959404605e-02,0.000000000000000000e+00,1.107147250584327759e-02,2.384057079591585596e-02,2.349612498462295626e-02,3.673268544716447315e-02,2.322548899003567396e-02,6.727764792717431941e-02,5.177758641899372904e-02,2.423422315167917188e-02,5.466847090663057990e-02,1.131258457374830911e-01,5.993357116496494247e-02,8.057571657030385137e-02,6.074547914872677895e-02,1.390084881289211510e-02,4.434739820396112892e-02,1.502029769959404605e-02,1.057940706113913096e-02,1.797269036781892065e-02,1.114528232254889846e-02,1.845245417640546323e-02,6.458358961741911784e-03,5.498831344568827495e-03,1.363021281830483454e-02,8.328207651617665006e-03,1.402386517406815046e-02,1.112067905031369208e-02,1.441751752983146811e-02,4.613113544101365808e-03,3.825808832574732234e-03,1.402386517406815046e-02,2.182310247262886013e-02,3.042194611883380570e-02,9.521466355025218556e-03,2.806003198425390671e-02,4.159183171361791054e-02,4.399065075655061996e-02,1.146512486160659351e-02,6.240620002460327276e-02,2.810923852872431947e-02,4.385533275925698055e-02,2.863820888178127827e-02,6.630581867388363193e-02,1.953499815475458201e-02,1.648419239758888016e-02,1.839094599581744469e-02,1.206790503136917145e-02,2.076516176651494600e-02,2.345922007627014236e-02,3.526879074916963730e-02,2.184770574486406824e-02,6.588756304588509749e-02,5.565260179603887664e-02,1.800959527617173109e-02,4.860376430065199010e-02,1.364005412719891674e-01,6.484192397588879608e-02,8.178127690982900377e-02,5.704268667732808468e-02,1.461434370771312607e-02,4.504859146266453757e-02
1.039488251937507705e-02,1.580760241112067963e-02,9.386148357731579142e-03,6.175421331037028033e-03,2.338541025956452149e-02,3.193504736129905430e-02,3.144298191659490593e-02,6.212326239389838467e-03,3.572395128552097177e-02,1.942428342969615071e-02,2.471398696026571445e-02,1.797269036781892065e-02,4.201008734161643804e-02,1.260917702054373257e-02,1.064091524172714950e-02,1.107147250584327759e-02,0.000000000000000000e+00,1.709927420346906216e-02,1.669332021158814044e-02,2.615327838602534219e-02,1.658260548652970914e-02,4.850535121171115766e-02,3.669578053881165924e-02,1.698855947841062738e-02,3.909459958174436867e-02,8.005904785336449836e-02,4.276048714479025598e-02,5.774387993603149333e-02,4.319104440890638580e-02,1.000123016361176113e-02,3.166441136671177548e-02,1.062861360560954545e-02,7.380981670562184772e-03,1.258457374830852446e-02,7.823840570795916050e-03,1.331037027924713949e-02,4.613113544101365808e-03,3.875015377045147157e-03,9.595276171730839423e-03,6.027801697625784563e-03,9.927420346906138532e-03,7.836142206913520106e-03,1.051789888055111415e-02,3.235330298929757487e-03,2.718661581990404908e-03,1.002583343584696751e-02,1.552466478041579501e-02,2.157706975027678595e-02,6.839709681387624515e-03,2.023619141345799066e-02,2.943781522942551243e-02,3.162750645835896157e-02,8.143683109853611102e-03,4.447041456513716601e-02,2.023619141345799066e-02,3.136917209988928507e-02,2.045762086357485673e-02,4.774264977241973046e-02,1.417148480747939393e-02,1.172345922007627002e-02,1.318735391807110413e-02,8.648050190675360058e-03,1.481116988559478403e-02,1.685324148111698797e-02,2.505843277155861762e-02,1.551236314429819095e-02,4.705375814983393107e-02,3.996801574609423063e-02,1.270759010948456155e-02,3.470291548775987500e-02,9.702300405953992457e-02,4.616804034936646678e-02,5.915856808955591295e-02,4.062000246032722306e-02,1.067782015007995994e-02,3.192274572518145198e-02
2.236437446180342126e-02,3.392791241235084548e-02,2.038381104686923240e-02,1.356870463771681599e-02,5.009226227088203059e-02,6.956575224504858712e-02,6.845860499446426717e-02,1.351949809324640150e-02,7.778324517160782603e-02,4.219461188338048674e-02,5.319227457251814173e-02,3.891007503998031997e-02,9.238528724320334284e-02,2.678066182802312650e-02,2.301636117603641368e-02,2.384057079591585596e-02,1.709927420346906216e-02,0.000000000000000000e+00,3.603149218846106450e-02,5.643990650756550848e-02,3.581006273834420189e-02,1.044039857301021085e-01,7.885348751383934596e-02,3.729856070857424238e-02,8.473366957805388011e-02,1.749907737729118062e-01,9.216385779308648718e-02,1.250461311354410243e-01,9.362775249108130915e-02,2.146635502521835465e-02,6.868003444458112283e-02,2.333620371509410873e-02,1.634887440029524075e-02,2.760487144790257225e-02,1.716078238405708070e-02,2.850289088448763539e-02,9.939721983023742588e-03,8.549637101734531078e-03,2.145405338910074886e-02,1.300282937630704849e-02,2.178619756427604970e-02,1.741911674252675721e-02,2.237667609792102358e-02,7.171853856562922756e-03,5.917086972567351527e-03,2.176159429204084159e-02,3.371878459835157826e-02,4.720137778324517280e-02,1.479886824947717998e-02,4.360930003690490636e-02,6.411612744495018279e-02,6.842170008611145327e-02,1.786197564276048588e-02,9.618649280354286957e-02,4.378152294255135968e-02,6.828638208881780691e-02,4.418747693443227792e-02,1.029400910321072726e-01,3.024972321318735238e-02,2.558740312461557295e-02,2.824455652601795888e-02,1.864928035428712119e-02,3.223028662812153777e-02,3.676959035551728705e-02,5.404108746463279905e-02,3.384180095952761536e-02,1.014884979702300460e-01,8.640669209004797624e-02,2.787550744248985107e-02,7.523680649526387487e-02,2.115143314060770052e-01,1.003936523557633215e-01,1.265346291056710648e-01,8.773526879074916573e-02,2.241358100627383401e-02,6.968876860622462421e-02
2.216754828392176330e-02,3.328822733423545538e-02,2.023619141345799066e-02,1.317505228195350007e-02,4.887440029523926893e-02,6.801574609423052808e-02,6.585065813753229746e-02,1.323656046254151862e-02,7.613482593184893454e-02,4.097674990773773201e-02,5.249108131381474002e-02,3.833189814245294841e-02,8.878090786074548102e-02,2.612867511379013408e-02,2.267191536474351052e-02,2.349612498462295626e-02,1.669332021158814044e-02,3.603149218846106450e-02,0.000000000000000000e+00,5.519744125968753523e-02,3.517037766022881179e-02,1.011686554311723441e-01,7.826300898019436514e-02,3.685570180834051024e-02,8.164595891253537130e-02,1.705867880428096894e-01,8.977734038627137314e-02,1.210973059416902420e-01,9.065075655062122817e-02,2.066674867757411702e-02,6.770820519129043535e-02,2.224135810062738416e-02,1.621355640300159787e-02,2.769098290072579543e-02,1.691474966170500652e-02,2.830606470660597743e-02,9.792102349612499118e-03,8.451224012793702098e-03,2.051912904416287528e-02,1.265838356501414706e-02,2.150325993357116508e-02,1.697625784229302506e-02,2.219215155615696794e-02,6.925821134210850306e-03,5.769467339156108057e-03,2.103579776110222829e-02,3.302989297576577887e-02,4.587280108254397637e-02,1.458974043547791796e-02,4.255135933079099569e-02,6.295977364989543967e-02,6.652724812400048759e-02,1.732070365358592823e-02,9.411981793578545752e-02,4.261286751137901424e-02,6.650264485176528295e-02,4.352318858408168317e-02,1.002460327223520797e-01,2.974535613236560516e-02,2.465247877967769591e-02,2.775249108131381398e-02,1.818181818181818094e-02,3.139377537212448971e-02,3.524418747693443266e-02,5.274941567228441652e-02,3.242711280600319573e-02,9.872062984376922534e-02,8.339279124123508136e-02,2.739574363390330849e-02,7.293640054127198402e-02,2.043670808217492862e-01,9.740435477918563123e-02,1.232254889900356726e-01,8.515192520605240067e-02,2.197072210604010187e-02,6.845860499446426717e-02
3.433386640423176372e-02,5.284782876122524203e-02,3.114774264977241899e-02,1.996555541887070837e-02,7.556895067043917225e-02,1.080452700209127842e-01,1.020543732316398083e-01,2.045762086357485673e-02,1.193750768852257366e-01,6.358715709189322052e-02,8.098167056218477655e-02,5.865420100873416226e-02,1.388485668593922862e-01,4.073071718538565783e-02,3.573625292163858103e-02,3.673268544716447315e-02,2.615327838602534219e-02,5.643990650756550848e-02,5.519744125968753523e-02,0.000000000000000000e+00,5.449624800098413352e-02,1.626522327469553386e-01,1.221552466478041526e-01,5.706728994956328932e-02,1.285520974289580398e-01,2.674006642883503537e-01,1.438922376676097792e-01,1.894944027555664767e-01,1.448886701931356991e-01,3.304219461188338119e-02,1.055357362529216331e-01,3.455529585434862633e-02,2.428342969614958810e-02,4.182556279985238240e-02,2.598105548037888887e-02,4.284659859761347916e-02,1.489728133841800896e-02,1.307663919301267109e-02,3.136917209988928507e-02,1.938737852134334028e-02,3.277155861729610237e-02,2.601796038873170278e-02,3.401402386517406867e-02,1.067782015007995994e-02,9.226227088202731616e-03,3.310370279247139974e-02,5.182679296346413833e-02,7.190306310739327800e-02,2.247508918686185256e-02,6.545700578176898154e-02,9.870832820765161608e-02,1.021650879566982362e-01,2.675605855578791839e-02,1.480009841308894125e-01,6.607208758764915313e-02,1.028908844876368495e-01,6.704391684093984061e-02,1.563291917825070654e-01,4.592200762701439259e-02,3.937753721244925675e-02,4.330175913396482057e-02,2.849058924837003307e-02,4.893590847582728748e-02,5.559109361545085809e-02,8.488128921146512185e-02,5.111329806864312736e-02,1.581744372001476218e-01,1.326977488005904871e-01,4.293271005043670929e-02,1.154877598720629867e-01,3.235453315290933718e-01,1.551851396235699454e-01,1.945011686554311836e-01,1.369172099889285343e-01,3.540410874646327671e-02,1.063107393283306695e-01
2.217984992003936562e-02,3.280846352564890933e-02,1.991634887440029561e-02,1.296592446795423806e-02,4.854225612006397156e-02,6.719153647435108234e-02,6.550621232623939083e-02,1.317505228195350007e-02,7.443720014761963377e-02,4.085373354656169492e-02,5.172837987452331282e-02,3.829499323410013450e-02,8.811661951039488627e-02,2.583343584696764714e-02,2.247508918686185256e-02,2.322548899003567396e-02,1.658260548652970914e-02,3.581006273834420189e-02,3.517037766022881179e-02,5.449624800098413352e-02,0.000000000000000000e+00,9.987698363882396846e-02,7.759872062984377039e-02,3.672038381104687083e-02,8.125230655677205538e-02,1.688399557141099794e-01,8.874400295239266712e-02,1.199040472382826850e-01,8.933448148603764793e-02,2.067905031369171934e-02,6.672407430188215249e-02,2.238897773403862590e-02,1.573379259441505876e-02,2.705129782261040880e-02,1.664411366711772769e-02,2.758026817566736413e-02,9.632181080083651592e-03,8.291302743264854572e-03,2.046992249969245906e-02,1.238774757042686650e-02,2.104809939721983061e-02,1.668101857547053812e-02,2.168778447533522072e-02,6.876614589740435816e-03,5.744864066920900812e-03,2.141714848074793842e-02,3.251322425882642586e-02,4.524541764054619553e-02,1.428219953253782697e-02,4.196088079714602181e-02,6.175421331037028033e-02,6.593676959035552065e-02,1.720998892852749346e-02,9.200393652355763618e-02,4.244064460573256092e-02,6.549391069012178157e-02,4.365850658137532259e-02,9.889285274941567172e-02,2.914257596260302549e-02,2.466478041579530170e-02,2.723582236437446097e-02,1.813261163734776818e-02,3.102472628859638190e-02,3.496124984622955151e-02,5.196211096075777774e-02,3.258703407553204673e-02,9.697379751506950141e-02,8.350350596629352307e-02,2.734653708943289574e-02,7.234592200762701708e-02,2.040103333743387981e-01,9.675236806495263187e-02,1.215770697502767811e-01,8.429081067782015491e-02,2.179849920039365202e-02,6.727764792717431941e-02
