0.000000000000000000e+00,1.646811940986039891e-02,1.179767373418126424e-02,5.809266676050210167e-03,2.661514248058246060e-02,2.957095878491637977e-02,3.246279638136428253e-02,5.950019833399444909e-03,3.635270182083402690e-02,1.991017389412803526e-02,2.666632544689127512e-02,1.666005553351844470e-02,4.680682268940896534e-02,1.497101764532763474e-02,1.081240163273662451e-02,1.131143555424754706e-02,8.982610587196581536e-03,1.584112807257744698e-02,1.518854525214008780e-02,3.072257552686465804e-02,1.483026448797840000e-02,5.045360903891184939e-02,4.103594323809036520e-02,1.992296963570523716e-02,4.181648347429975376e-02,8.648641732031579765e-02,4.655090785786489965e-02,6.167547440211897797e-02,4.835510742025054404e-02,1.260380545354506006e-02,3.218129006666581304e-02,1.413929444280943339e-02,9.660784890788346249e-03,1.457434965643433951e-02,1.042852938542053291e-02,1.598188122992668173e-02,6.269913372829522685e-03,3.941088405778557166e-03,1.393456257757418396e-02,8.969814845619377905e-03,1.224552468938337399e-02,7.767015137362285986e-03,1.178487799260406060e-02,3.710765057388900907e-03,3.429258742690432724e-03,1.085078885746823540e-02,1.561080472418779029e-02,1.773489782600350465e-02,8.419597957799644303e-03,2.506685774974088537e-02,3.431817891005873450e-02,3.494517024734168642e-02,5.604534810814960737e-03,4.271218538470396980e-02,2.522040664866732201e-02,2.936622691968112861e-02,2.275082852426712349e-02,4.706273752095302410e-02,1.697994907294852335e-02,1.476628578009238531e-02,1.430563908331307366e-02,7.920564036288723492e-03,1.663446405036403744e-02,1.792683394966155391e-02,3.060741385266983056e-02,1.749177873603664779e-02,5.191232357871300440e-02,4.634617599262965543e-02,1.512456654425407311e-02,3.915496922624150944e-02,1.163388824199306504e-01,4.730585661091988442e-02,6.190579775050863293e-02,4.541208685749382329e-02,1.230950339726938868e-02,3.970518611406124304e-02
1.646811940986039891e-02,0.000000000000000000e+00,1.994856111885964442e-02,9.724763598674360937e-03,4.490025719440569885e-02,5.117017056723522500e-02,5.420276132103236250e-02,9.942291205486813999e-03,6.277590817775843823e-02,3.394710240431984133e-02,4.648692914997888670e-02,2.877762280712978585e-02,7.953832964389451199e-02,2.583460224437307204e-02,1.868178270271653521e-02,1.989737815255082989e-02,1.536768563422093170e-02,2.706299343578457209e-02,2.676869137950890071e-02,5.416437409630075334e-02,2.414556435618226207e-02,8.899438266944760534e-02,7.047894460723470866e-02,3.261634528029071917e-02,7.179690598968663240e-02,1.455899476654169411e-01,8.094586121738685247e-02,1.073690675743112638e-01,8.422157106115084335e-02,2.221340737802459178e-02,5.636524164757968774e-02,2.326265818735524793e-02,1.550843879157016471e-02,2.353136876047651205e-02,1.691597036506250692e-02,2.725492955944261789e-02,1.040293790226612565e-02,6.564215429105194066e-03,2.284039871530754717e-02,1.461273688116594867e-02,1.983339944466481694e-02,1.296208621770674786e-02,2.026845465828971959e-02,6.065181507594272388e-03,6.244321889675116290e-03,1.778608079231231917e-02,2.768998477306752401e-02,3.054343514478381760e-02,1.371703497076173089e-02,4.184207495745415756e-02,5.953858555872605651e-02,5.877084106409386638e-02,9.929495463909610367e-03,7.486788396821537905e-02,4.280175557574439349e-02,5.064554516256989519e-02,3.845120343949533920e-02,7.847628309298665394e-02,2.893117170605622596e-02,2.496449181712325979e-02,2.547632148021138423e-02,1.356348607183529252e-02,2.858568668347174005e-02,3.097849035840872026e-02,5.310232754539289529e-02,2.848332075085411447e-02,9.036352701820833666e-02,8.067715064426558835e-02,2.551470870494299339e-02,6.664022213407377881e-02,1.966449565584573456e-01,8.300597561131654867e-02,1.072794973832708471e-01,7.953832964389451199e-02,2.240534350168264105e-02,6.803495796598892087e-02
1.179767373418126424e-02,1.994856111885964442e-02,0.000000000000000000e+00,6.832926002226459052e-03,3.143913705518803364e-02,3.504753617995930853e-02,3.818249286637406814e-02,6.884108968535271843e-03,4.318562782306048509e-02,2.369771340098015405e-02,3.213010710035699852e-02,1.956468887154354935e-02,5.537996954613504802e-02,1.828511471382323825e-02,1.297488195928394976e-02,1.375542219549334005e-02,1.073562718327340619e-02,1.895049327583780280e-02,1.834909342170925467e-02,3.755550152909111622e-02,1.696715333137131798e-02,6.157310846950134892e-02,4.879016263387544322e-02,2.268684981638110706e-02,5.005694105001855243e-02,1.013166818082942011e-01,5.596857365868639078e-02,7.429207559724124166e-02,5.804148379419329234e-02,1.549564304999296281e-02,3.898862458573786743e-02,1.625059180304794584e-02,1.117068239689831231e-02,1.657048534247802449e-02,1.192563114995329535e-02,1.935995700630830166e-02,7.267981215851364307e-03,4.555284001484306323e-03,1.596908548834947636e-02,1.036455067753451649e-02,1.394735831915138585e-02,8.995406328773783433e-03,1.411370295965502612e-02,4.286573428363040471e-03,4.260981945208634943e-03,1.250143952092743621e-02,1.896328901741500469e-02,2.102340341134470436e-02,9.699172115519955409e-03,2.937902266125833398e-02,4.107433046282197436e-02,4.130465381121162932e-02,6.717764328031630705e-03,5.179716190451817692e-02,3.001880974011848779e-02,3.498355747207329558e-02,2.632084042430678922e-02,5.530319509667182970e-02,2.026845465828971959e-02,1.737661706184182031e-02,1.737661706184182031e-02,9.532827475016315139e-03,1.998694834359125358e-02,2.133050120919757764e-02,3.691571445023096587e-02,1.998694834359125358e-02,6.240483167201955200e-02,5.526480787194022054e-02,1.761973615180867717e-02,4.657649934101931039e-02,1.368376604266100249e-01,5.727373929956110915e-02,7.459917339509411494e-02,5.513685045616818770e-02,1.525252396002610249e-02,4.712671622883904399e-02
5.809266676050210167e-03,9.724763598674360937e-03,6.832926002226459052e-03,0.000000000000000000e+00,1.535488989264372807e-02,1.713349797187495999e-02,1.857941677009890963e-02,3.390871517958823130e-03,2.094662896188148604e-02,1.164412483525482760e-02,1.582833233100024162e-02,9.686376373942751777e-03,2.708858491893897588e-02,8.854653171424550426e-03,6.385075047024350164e-03,6.730560069608834337e-03,5.271845529807680196e-03,9.225729677163440126e-03,8.982610587196581536e-03,1.810597433174239781e-02,8.394006474645238775e-03,2.980128213330603473e-02,2.394083249094701438e-02,1.120906962162992147e-02,2.447825363718954261e-02,4.957070287008483872e-02,2.725492955944261789e-02,3.625033588821640479e-02,2.815063146984683393e-02,7.549487530549832924e-03,1.906565495003263028e-02,8.086908676792363762e-03,5.387007204002507675e-03,8.112500159946769290e-03,5.873245383936225722e-03,9.328095609781065708e-03,3.518828933730854241e-03,2.239254776010543568e-03,7.894972553134316229e-03,5.028726439840820739e-03,6.756151552763240732e-03,4.388939360980666053e-03,6.909700451689677371e-03,2.098501618661309694e-03,2.047318652352496902e-03,6.052385766017069624e-03,9.328095609781065708e-03,1.032616345280290733e-02,4.747220125142352989e-03,1.453596243170272861e-02,1.998694834359125358e-02,2.029404614144412686e-02,3.365280034804417168e-03,2.511804071604969990e-02,1.477908152166958894e-02,1.726145538764698936e-02,1.305165640874716808e-02,2.706299343578457209e-02,9.942291205486813999e-03,8.457985182531253462e-03,8.419597957799644303e-03,4.708832900410742962e-03,9.673580632365548146e-03,1.045412086857493844e-02,1.795242543281595771e-02,9.852721014446392048e-03,3.044106921216619202e-02,2.705019769420736672e-02,8.675512789343706524e-03,2.273803278268992159e-02,6.699850289823547356e-02,2.771557625622192780e-02,3.637829330398843070e-02,2.661514248058246060e-02,7.511100305818223764e-03,2.300674335581118571e-02
2.661514248058246060e-02,4.490025719440569885e-02,3.143913705518803364e-02,1.535488989264372807e-02,0.000000000000000000e+00,7.926961907077324787e-02,8.702383846655832589e-02,1.566198769049660308e-02,9.766989545879131707e-02,5.447147189415362661e-02,7.363949277680388594e-02,4.491305293598290421e-02,1.270489181200496476e-01,4.074164118181469035e-02,2.921267802075469197e-02,3.108085629102634584e-02,2.446545789561234072e-02,4.243067907000550032e-02,4.148379419329246975e-02,8.331307340916942195e-02,3.902701181046947659e-02,1.379125027190950814e-01,1.102737009123363754e-01,5.166920448874614408e-02,1.135750022392547770e-01,2.288774295914319801e-01,1.263195608501490597e-01,1.690829292011618579e-01,1.311179639416002463e-01,3.472764264052922989e-02,8.825222965796983288e-02,3.773464191117196359e-02,2.499008330027766706e-02,3.751711430435950706e-02,2.737009123363744537e-02,4.298089595782523392e-02,1.649371089301480617e-02,1.040293790226612565e-02,3.695410167496257503e-02,2.323706670420084067e-02,3.137515834730202069e-02,2.034522910775294138e-02,3.181021356092692681e-02,9.839925272869188416e-03,9.571214699747924298e-03,2.849611649243131983e-02,4.355670432879937826e-02,4.767693311665877759e-02,2.189351383859451661e-02,6.752312830290078949e-02,9.290987959207175351e-02,9.450934728922215367e-02,1.562360046576499392e-02,1.177336182518457924e-01,6.813732389860654992e-02,8.061317193637956846e-02,5.999923225550536643e-02,1.259868715691417895e-01,4.612864838581719890e-02,3.877109697892541090e-02,3.929572238359074071e-02,2.157362029916443796e-02,4.487466571125129505e-02,4.857263502706299363e-02,8.239178001561080211e-02,4.612864838581719890e-02,1.413417614617855089e-01,1.256029993218256979e-01,4.017862855241775832e-02,1.050018553825286943e-01,3.108341543934178830e-01,1.283796752440787836e-01,1.693260482911287113e-01,1.241442847820245360e-01,3.461248096633440241e-02,1.067164847538739081e-01
2.957095878491637977e-02,5.117017056723522500e-02,3.504753617995930853e-02,1.713349797187495999e-02,7.926961907077324787e-02,0.000000000000000000e+00,9.580171718851966667e-02,1.724865964606978747e-02,1.095699351255901982e-01,5.938503665979961987e-02,8.104822715000448152e-02,5.000575808370974484e-02,1.397806809893667457e-01,4.550165704853424697e-02,3.262914102186792453e-02,3.476602986526083905e-02,2.681987434581771176e-02,4.744660976826912263e-02,4.660209082417371418e-02,9.467569192972578873e-02,4.296810021624803549e-02,1.558649281519110530e-01,1.237092295683996368e-01,5.723535207482949999e-02,1.267418203221967743e-01,2.572072014433596232e-01,1.415081061022891717e-01,1.884812734322017513e-01,1.474325344525342085e-01,3.897582884416066207e-02,9.850161866130952015e-02,4.109992194597637816e-02,2.752364013256388200e-02,4.150938567644688049e-02,2.991644380750086221e-02,4.817596703816969667e-02,1.834909342170925467e-02,1.159294186894601481e-02,3.992271372087369263e-02,2.579621501964146288e-02,3.485560005630126273e-02,2.253330091745467043e-02,3.548259139358421466e-02,1.060766976750137508e-02,1.083799311589103177e-02,3.159268595411447028e-02,4.847026909444537152e-02,5.351179127586339068e-02,2.414556435618226207e-02,7.356271832734066762e-02,1.044900257194405768e-01,1.030185154380622164e-01,1.709511074714335083e-02,1.309388235595193850e-01,7.452239894563089662e-02,8.872567209632634122e-02,6.687054548246343377e-02,1.372343284155033150e-01,5.119576205038962879e-02,4.369745748614860953e-02,4.443961049762638893e-02,2.397921971567862354e-02,5.018489846579058528e-02,5.404921242210592586e-02,9.308901997415260088e-02,5.045360903891184939e-02,1.586799912988957340e-01,1.415209018438663702e-01,4.492584867756010958e-02,1.171194226561400320e-01,3.456641629665647142e-01,1.452060754181008495e-01,1.881357884096172828e-01,1.393072385510102373e-01,3.903980755204668196e-02,1.198833028368159054e-01
3.246279638136428253e-02,5.420276132103236250e-02,3.818249286637406814e-02,1.857941677009890963e-02,8.702383846655832589e-02,9.580171718851966667e-02,0.000000000000000000e+00,1.893769753426059743e-02,1.189876009264116963e-01,6.574452022366955584e-02,8.910954434364243282e-02,5.366534017478982732e-02,1.538815882074445751e-01,4.954511138693042799e-02,3.518828933730854674e-02,3.764507172013153991e-02,2.937902266125833398e-02,5.161802152243732955e-02,5.000575808370974484e-02,1.004849586057759980e-01,4.703714603779862030e-02,1.662678660541771769e-01,1.331524868523755178e-01,6.236644444728794284e-02,1.379636856854039029e-01,2.770789881127560528e-01,1.529602948138859275e-01,2.042200355721615901e-01,1.584368722089288806e-01,4.198282811480339577e-02,1.062942252818262073e-01,4.577036762165551109e-02,3.027472457166255002e-02,4.516896776752696990e-02,3.293623881972079781e-02,5.211705544394825557e-02,2.017888446724929938e-02,1.259100971196785643e-02,4.513058054279536074e-02,2.832977185192767783e-02,3.792657803483000939e-02,2.469578124400199567e-02,3.836163324845491551e-02,1.192563114995329535e-02,1.158014612736881117e-02,3.467645967422042230e-02,5.261608936545917464e-02,5.731212652429271831e-02,2.656395951427364954e-02,8.136812068943455323e-02,1.125257514299241174e-01,1.147905976890890717e-01,1.884812734322017722e-02,1.428132717431638832e-01,8.286522245396732433e-02,9.733720617778403306e-02,7.178411024810943397e-02,1.534081457690880390e-01,5.581502475975995414e-02,4.685800565571777987e-02,4.742101828511471190e-02,2.611610855907154152e-02,5.452265486046244114e-02,5.856610919885862215e-02,9.953807372906296747e-02,5.587900346764596710e-02,1.713733669434812090e-01,1.514759887909303826e-01,4.823994574605570962e-02,1.277526839067958109e-01,3.768089979654770660e-01,1.550076134662384253e-01,2.054100395388414602e-01,1.506186741052577827e-01,4.140701974382925143e-02,1.292497856713285820e-01
5.950019833399444909e-03,9.942291205486813999e-03,6.884108968535271843e-03,3.390871517958823130e-03,1.566198769049660308e-02,1.724865964606978747e-02,1.893769753426059743e-02,0.000000000000000000e+00,2.108738211923072078e-02,1.179767373418126424e-02,1.582833233100024162e-02,1.005745287968164148e-02,2.738288697521464726e-02,8.944223362464972377e-03,6.436258013333162956e-03,6.743355811186037101e-03,5.284641271384882960e-03,9.276912643472252917e-03,9.046589295082596224e-03,1.831070619697764551e-02,8.637125564612097364e-03,3.008278844800450422e-02,2.418395158091387123e-02,1.143939297001957817e-02,2.468298550242479378e-02,5.032565162313981655e-02,2.751084439098668011e-02,3.669818684341850934e-02,2.847052500927691257e-02,7.600670496858645715e-03,1.928318255684508334e-02,8.074112935215160131e-03,5.463781653465726862e-03,8.291640542027613192e-03,5.911632608667835749e-03,9.481644508707502347e-03,3.621194866348479389e-03,2.239254776010543568e-03,7.907768294711519860e-03,5.092705147726836294e-03,6.909700451689677371e-03,4.414530844135071581e-03,6.973679159575692926e-03,2.136888843392918853e-03,2.072910135506903298e-03,6.205934664943507130e-03,9.366482834512674868e-03,1.044132512699773481e-02,4.823994574605571309e-03,1.471510281378357252e-02,2.007651853463167380e-02,2.044759504037056350e-02,3.339688551650010773e-03,2.520761090709012012e-02,1.480467300482399447e-02,1.742780002815063137e-02,1.342273291448605951e-02,2.715256362682499230e-02,1.000626991337282869e-02,8.483576665685658991e-03,8.509168148840066254e-03,4.747220125142352989e-03,9.814333789714782888e-03,1.059487402592417318e-02,1.808038284858799055e-02,1.000626991337282869e-02,3.059461811109262866e-02,2.748525290783227285e-02,8.790674463538534003e-03,2.281480723215313991e-02,6.747194533659198190e-02,2.816342721142403929e-02,3.669818684341850934e-02,2.690944453685813198e-02,7.575079013704239320e-03,2.327545392893244983e-02
3.635270182083402690e-02,6.277590817775843823e-02,4.318562782306048509e-02,2.094662896188148604e-02,9.766989545879131707e-02,1.095699351255901982e-01,1.189876009264116963e-01,2.108738211923072078e-02,0.000000000000000000e+00,7.371626722626710426e-02,1.000499033921510988e-01,6.062622359278831835e-02,1.726657368427787220e-01,5.593018643395478162e-02,4.007626261980012927e-02,4.289132576678481718e-02,3.320494939284206193e-02,5.889879847986589922e-02,5.732492226586991674e-02,1.165692057683203053e-01,5.255211065757316169e-02,1.925247277705979532e-01,1.513608271167355412e-01,7.013345958465022623e-02,1.569397704443961095e-01,3.164770764289644434e-01,1.749945618098296962e-01,2.318332458957658992e-01,1.820706069020230078e-01,4.772811608296758518e-02,1.213932003429258749e-01,5.120855779196683416e-02,3.399828537062865585e-02,5.072231961203311351e-02,3.696689741653977346e-02,5.929546646875919619e-02,2.266125833322670327e-02,1.430563908331307366e-02,4.998016660055533411e-02,3.214290284193420388e-02,4.291691724993922097e-02,2.789471663830277171e-02,4.335197246356412709e-02,1.312843085821038813e-02,1.326918401555962114e-02,3.914217348466430407e-02,6.005041522181418095e-02,6.541183094266228570e-02,2.973730342542002178e-02,9.045309720924876729e-02,1.293905388286778202e-01,1.281493518956891009e-01,2.116415656869393910e-02,1.638622666376629844e-01,9.234686696267482842e-02,1.092756330693145372e-01,8.077951657688321740e-02,1.717700349323744990e-01,6.283988688564445813e-02,5.381888907371626396e-02,5.454824634361684493e-02,2.950698007703036335e-02,6.217450832362989704e-02,6.652506045987895134e-02,1.144962956328133968e-01,6.280149966091284897e-02,1.970160330641962387e-01,1.734206855958337068e-01,5.482975265831531442e-02,1.452828498675640678e-01,4.273777686785837915e-01,1.780527440467812306e-01,2.327929265140561144e-01,1.731135877979808335e-01,4.777929904927639970e-02,1.472917812951849703e-01
1.991017389412803526e-02,3.394710240431984133e-02,2.369771340098015405e-02,1.164412483525482760e-02,5.447147189415362661e-02,5.938503665979961987e-02,6.574452022366955584e-02,1.179767373418126424e-02,7.371626722626710426e-02,0.000000000000000000e+00,5.543115251244385561e-02,3.316656216811045277e-02,9.525150030069992613e-02,3.156709447096006649e-02,2.203426699594375135e-02,2.363373469309413763e-02,1.820834026436001993e-02,3.218129006666581304e-02,3.133677112257041153e-02,6.322375913296054972e-02,2.919988227917749007e-02,1.044644342362861661e-01,8.337705211705544184e-02,3.819528860795127351e-02,8.561630689306598541e-02,1.717700349323744990e-01,9.505956417704188033e-02,1.268185947716599926e-01,9.791301454875817045e-02,2.637202339061560374e-02,6.628194136991209795e-02,2.800987831249759918e-02,1.866898696113933331e-02,2.798428682934319539e-02,2.023006743355811043e-02,3.332011106703688941e-02,1.252703100408184174e-02,7.664649204744661271e-03,2.749804864940947821e-02,1.756855318549986611e-02,2.345459431101329373e-02,1.522693247687169696e-02,2.424793028879988765e-02,7.319164182160177098e-03,7.204002507965348752e-03,2.126652250131156469e-02,3.259075379713631537e-02,3.562334455093344593e-02,1.641693644355158438e-02,5.064554516256989519e-02,6.917377896635999723e-02,7.104195723663164763e-02,1.156735038579160928e-02,8.812427224219779309e-02,5.165640874716893871e-02,6.017837263758621380e-02,4.481068700336528210e-02,9.445816432291333220e-02,3.481721283156965357e-02,2.917429079602308281e-02,2.955816304333917788e-02,1.637854921881997522e-02,3.390871517958823217e-02,3.642947627029724522e-02,6.211052961574387715e-02,3.427979168532712534e-02,1.064733656639070547e-01,9.411267930032884976e-02,2.972450768384281641e-02,7.893692978976596386e-02,2.327161520645928960e-01,9.642870852580261165e-02,1.283156965361927637e-01,9.384396872720758565e-02,2.615449578380315068e-02,8.017811672275466928e-02
2.666632544689127512e-02,4.648692914997888670e-02,3.213010710035699852e-02,1.582833233100024162e-02,7.363949277680388594e-02,8.104822715000448152e-02,8.910954434364243282e-02,1.582833233100024162e-02,1.000499033921510988e-01,5.543115251244385561e-02,0.000000000000000000e+00,4.577036762165551109e-02,1.293905388286778202e-01,4.236670036211948737e-02,2.994203529065526947e-02,3.209171987562538936e-02,2.492610459239165063e-02,4.354390858722217289e-02,4.258422796893193696e-02,8.602577062353648774e-02,3.934690534989955524e-02,1.422374633721897319e-01,1.133958618571739296e-01,5.229619582602909600e-02,1.163900653862394580e-01,2.342004580875484687e-01,1.298895727501887254e-01,1.738301493263041952e-01,1.342401248864378005e-01,3.584087215774590246e-02,9.042750572609435655e-02,3.827206305741449183e-02,2.520761090709012012e-02,3.784980358536679107e-02,2.753643587414108737e-02,4.465713810443884546e-02,1.691597036506250692e-02,1.049250809330654760e-02,3.723560798966103758e-02,2.348018579416770099e-02,3.164386892042328481e-02,2.049877800667937802e-02,3.285946437025757949e-02,9.955086947064017630e-03,9.827129531291986519e-03,2.844493352612250531e-02,4.472111681232485841e-02,4.885414134176146311e-02,2.234136479379662463e-02,6.916098322478279881e-02,9.549461939066677951e-02,9.654387019999743913e-02,1.584112807257744698e-02,1.211116940282274124e-01,6.955765121367608883e-02,8.230220982457038537e-02,6.080536397486916572e-02,1.278422540978362276e-01,4.757456718404114854e-02,3.953884147355760104e-02,4.066486673235147203e-02,2.222620311960179715e-02,4.614144412739440426e-02,4.966027306112525547e-02,8.513006871313226476e-02,4.624381006001202638e-02,1.457051093396117825e-01,1.288659134240124904e-01,4.086959859758672320e-02,1.079448759452854151e-01,3.164130977210784512e-01,1.324103338408977593e-01,1.741500428657342947e-01,1.282901050530383391e-01,3.582807641616869709e-02,1.091348799119652990e-01
1.666005553351844470e-02,2.877762280712978585e-02,1.956468887154354935e-02,9.686376373942751777e-03,4.491305293598290421e-02,5.000575808370974484e-02,5.366534017478982732e-02,1.005745287968164148e-02,6.062622359278831835e-02,3.316656216811045277e-02,4.577036762165551109e-02,0.000000000000000000e+00,7.815638955355658224e-02,2.543793425547977508e-02,1.836188916328645657e-02,1.923199959053626881e-02,1.489424319586441642e-02,2.629524894115238542e-02,2.606492559276272700e-02,5.187393635398139524e-02,2.464459827769318462e-02,8.588501746618724952e-02,7.024862125884505371e-02,3.358882164015815353e-02,7.021023403411344455e-02,1.443615564740054480e-01,7.810520658724776077e-02,1.050530383488375019e-01,8.157285255466981133e-02,2.134329695077478301e-02,5.541835677086665718e-02,2.324986244577804603e-02,1.531650266791211891e-02,2.360814320993973037e-02,1.681360443244488134e-02,2.664073396373686786e-02,1.017261455387647069e-02,6.461849496487569351e-03,2.291717316477076549e-02,1.434402630804468282e-02,1.992296963570523716e-02,1.273176286931709117e-02,1.974382925362439326e-02,5.937224091822241277e-03,6.180343181789100734e-03,1.760694041023147527e-02,2.653836803111924228e-02,3.030031605481695728e-02,1.371703497076173089e-02,4.193164514849458124e-02,5.750406264795076411e-02,5.818223695154252362e-02,9.763150823405970097e-03,7.159217412445138817e-02,4.198282811480339577e-02,5.009532827475016159e-02,3.982034778825607052e-02,7.704316003633990273e-02,2.872643984082097479e-02,2.419674732249107660e-02,2.472137272715640294e-02,1.367864774603012173e-02,2.774116773937633507e-02,3.044106921216619202e-02,5.152845133139691280e-02,2.829138462719606867e-02,8.715179588233036567e-02,7.980704021701577611e-02,2.592417243541349572e-02,6.518150759427263075e-02,1.929341915010684416e-01,8.011413801486864938e-02,1.048227150004478470e-01,7.660810482271500355e-02,2.175276068124528187e-02,6.720323476347071778e-02
4.680682268940896534e-02,7.953832964389451199e-02,5.537996954613504802e-02,2.708858491893897588e-02,1.270489181200496476e-01,1.397806809893667457e-01,1.538815882074445751e-01,2.738288697521464726e-02,1.726657368427787220e-01,9.525150030069992613e-02,1.293905388286778202e-01,7.815638955355658224e-02,0.000000000000000000e+00,7.241110158539237895e-02,5.122135353354403953e-02,5.494491433251014190e-02,4.260981945208634769e-02,7.509820731660503401e-02,7.287174828217168887e-02,1.471894153625673274e-01,6.813732389860654992e-02,2.431190899668590200e-01,1.937403232204322479e-01,9.012040792824148328e-02,2.010211001778608175e-01,4.036160765697175967e-01,2.230297756906501616e-01,2.971043236810789190e-01,2.315261480979130260e-01,6.117644048060805195e-02,1.551611623651648619e-01,6.597484357205922467e-02,4.386380212665225153e-02,6.555258410001151004e-02,4.768972885823597602e-02,7.618584535066730279e-02,2.913590357129147365e-02,1.834909342170925467e-02,6.466967793118449936e-02,4.130465381121162932e-02,5.513685045616818770e-02,3.580248493301429330e-02,5.580222901818274878e-02,1.712070223029775809e-02,1.694156184821691419e-02,5.040242607260303487e-02,7.671047075533261872e-02,8.363296694859950753e-02,3.840002047318652467e-02,1.178615756676178183e-01,1.634655986487696944e-01,1.664470064362580104e-01,2.728052104259702515e-02,2.076748857980064145e-01,1.199856687694335344e-01,1.413545572033627074e-01,1.045795959104809936e-01,2.219933206228967004e-01,8.106102289158167995e-02,6.838044298857340331e-02,6.925055341582321555e-02,3.786259932694399644e-02,7.918004887973283112e-02,8.546275799413954877e-02,1.447838159460531626e-01,8.083069954319202499e-02,2.491714757328760965e-01,2.210720272293380806e-01,7.029980422515387517e-02,1.856406188020626735e-01,5.479648373021458463e-01,2.255633325229363662e-01,2.995739018054791591e-01,2.188967511612135430e-01,6.088213842433238404e-02,1.883789074995841362e-01
1.497101764532763474e-02,2.583460224437307204e-02,1.828511471382323825e-02,8.854653171424550426e-03,4.074164118181469035e-02,4.550165704853424697e-02,4.954511138693042799e-02,8.944223362464972377e-03,5.593018643395478162e-02,3.156709447096006649e-02,4.236670036211948737e-02,2.543793425547977508e-02,7.241110158539237895e-02,0.000000000000000000e+00,1.696715333137131798e-02,1.809317859016519245e-02,1.426725185858146450e-02,2.452943660349835714e-02,2.399201545725582543e-02,4.863661373494900658e-02,2.199587977121214219e-02,7.976865299228416695e-02,6.349246970608181384e-02,2.923826950390909923e-02,6.542462668423948413e-02,1.309132320763649882e-01,7.325562052948778047e-02,9.722204450358920558e-02,7.545648808076671488e-02,2.046039078194776886e-02,5.095264296042276847e-02,2.150964159127842154e-02,1.428004760015866639e-02,2.152243733285562691e-02,1.566198769049660308e-02,2.477255569346521399e-02,9.507235991861907876e-03,5.950019833399444909e-03,2.093383322030428415e-02,1.317961382451919919e-02,1.778608079231231917e-02,1.158014612736881117e-02,1.848984657905848941e-02,5.617330552392163501e-03,5.502168878197336022e-03,1.591790252204066530e-02,2.506685774974088537e-02,2.743406994152346179e-02,1.256541822881345090e-02,3.896303310258346364e-02,5.347340405113178152e-02,5.443308466942201745e-02,8.918631879310565114e-03,6.768947294340443843e-02,3.959002443986641556e-02,4.629499302632084090e-02,3.426699594374991997e-02,7.250067177643280958e-02,2.644879784007882206e-02,2.249491369272306127e-02,2.278921574899873265e-02,1.248864377935023258e-02,2.587298946910468120e-02,2.816342721142403929e-02,4.784327775716241959e-02,2.601374262645391594e-02,8.120177604893091816e-02,7.195045488861306904e-02,2.295556038950237465e-02,6.025514708704943212e-02,1.779503781141636154e-01,7.418970966462361261e-02,9.723484024516640400e-02,7.156658264129697744e-02,2.016608872567209748e-02,6.083095545802356952e-02
1.081240163273662451e-02,1.868178270271653521e-02,1.297488195928394976e-02,6.385075047024350164e-03,2.921267802075469197e-02,3.262914102186792453e-02,3.518828933730854674e-02,6.436258013333162956e-03,4.007626261980012927e-02,2.203426699594375135e-02,2.994203529065526947e-02,1.836188916328645657e-02,5.122135353354403953e-02,1.696715333137131798e-02,0.000000000000000000e+00,1.277015009404870033e-02,1.000626991337282869e-02,1.745339151130503863e-02,1.718468093818377104e-02,3.474043838210643526e-02,1.564919194891940118e-02,5.718416910852068547e-02,4.546326982380263781e-02,2.098501618661309520e-02,4.647413340840168133e-02,9.384396872720758565e-02,5.215544266867986473e-02,6.903302580901075902e-02,5.381888907371626396e-02,1.440800501593069750e-02,3.621194866348479563e-02,1.489424319586441642e-02,1.023659326176248538e-02,1.523972821844890059e-02,1.088917608219984456e-02,1.788844672492994475e-02,6.730560069608834337e-03,4.209798978899822151e-03,1.468951133062916699e-02,9.494440250284705979e-03,1.289810750982073144e-02,8.342823508336425983e-03,1.309004363347877897e-02,3.928292664201353535e-03,3.979475630510166326e-03,1.150337167790559285e-02,1.765812337654028633e-02,1.971823777046998599e-02,8.931427620887768745e-03,2.722933807628821062e-02,3.816969712479686971e-02,3.814410564164245898e-02,6.321096339138334609e-03,4.780489053243081043e-02,2.774116773937633507e-02,3.261634528029071917e-02,2.461900679453877736e-02,5.104221315146319216e-02,1.878414863533416079e-02,1.593069826361786720e-02,1.614822587043032026e-02,8.867448913001752323e-03,1.841307212959527109e-02,1.991017389412803526e-02,3.421581297744110545e-02,1.846425509590408215e-02,5.790073063684406107e-02,5.169479597190055481e-02,1.630177476935675690e-02,4.278895983416718812e-02,1.266778416143107544e-01,5.324308070274212656e-02,6.931453212370923544e-02,5.096543870199997384e-02,1.436961779119908834e-02,4.372304896930301332e-02
1.131143555424754706e-02,1.989737815255082989e-02,1.375542219549334005e-02,6.730560069608834337e-03,3.108085629102634584e-02,3.476602986526083905e-02,3.764507172013153991e-02,6.743355811186037101e-03,4.289132576678481718e-02,2.363373469309413763e-02,3.209171987562538936e-02,1.923199959053626881e-02,5.494491433251014190e-02,1.809317859016519245e-02,1.277015009404870033e-02,0.000000000000000000e+00,1.065885273381018787e-02,1.854102954536730047e-02,1.836188916328645657e-02,3.723560798966103758e-02,1.667285127509564660e-02,6.126601067164847564e-02,4.827833297078731878e-02,2.195749254648052956e-02,4.966027306112525547e-02,9.981958004376143001e-02,5.575104605187393425e-02,7.404895650727437439e-02,5.761922432214559159e-02,1.544446008368415002e-02,3.861754807999897426e-02,1.602026845465829089e-02,1.073562718327340619e-02,1.604585993781269468e-02,1.159294186894601481e-02,1.910404217476423944e-02,7.204002507965348752e-03,4.478509552021087137e-03,1.558521324103338476e-02,1.003186139652723595e-02,1.342273291448605951e-02,8.726695755652519315e-03,1.407531573492341696e-02,4.171411754168212992e-03,4.260981945208634943e-03,1.223272894780617036e-02,1.905285920845542491e-02,2.084426302926386046e-02,9.392074317667080396e-03,2.898235467236503701e-02,4.076723266496910109e-02,4.074164118181469035e-02,6.692172844877225177e-03,5.156683855612852196e-02,2.971171194226561452e-02,3.483000857314685894e-02,2.582180650279587014e-02,5.427953577049558082e-02,2.015329298409489212e-02,1.699274481452572524e-02,1.742780002815063137e-02,9.443257283975893188e-03,1.964146332100676767e-02,2.121533953500275016e-02,3.654463794449207270e-02,1.952630164681194019e-02,6.204655090785786420e-02,5.500889304039615485e-02,1.726145538764698936e-02,4.568079743061509435e-02,1.346112013921766937e-01,5.658276925439213734e-02,7.427927985566402935e-02,5.494491433251014190e-02,1.539327711737533723e-02,4.658929508259650881e-02
8.982610587196581536e-03,1.536768563422093170e-02,1.073562718327340619e-02,5.271845529807680196e-03,2.446545789561234072e-02,2.681987434581771176e-02,2.937902266125833398e-02,5.284641271384882960e-03,3.320494939284206193e-02,1.820834026436001993e-02,2.492610459239165063e-02,1.489424319586441642e-02,4.260981945208634769e-02,1.426725185858146450e-02,1.000626991337282869e-02,1.065885273381018787e-02,0.000000000000000000e+00,1.442080075750790114e-02,1.426725185858146450e-02,2.889278448132461680e-02,1.311563511663318450e-02,4.736983531880590431e-02,3.759388875382272538e-02,1.713349797187495999e-02,3.855356937211296131e-02,7.740144080050159747e-02,4.314724059832887593e-02,5.720976059167508926e-02,4.445240623920359430e-02,1.206638430730253009e-02,2.985246509961484926e-02,1.247584803777302895e-02,8.381210733068035143e-03,1.265498841985387285e-02,9.097772261391409016e-03,1.511177080267686948e-02,5.617330552392163501e-03,3.467645967422041883e-03,1.211756727361134288e-02,7.805402362093895145e-03,1.055648680119256229e-02,6.845721743803661816e-03,1.097874627324026478e-02,3.314097068495604811e-03,3.275709843763995217e-03,9.622397666056737089e-03,1.475349003851518168e-02,1.623779606147074395e-02,7.447121597932208209e-03,2.280201149057593801e-02,3.141354557203362985e-02,3.183580504408133061e-02,5.169479597190055481e-03,3.987153075456487811e-02,2.313470077158321855e-02,2.717815510997939957e-02,2.019168020882650127e-02,4.245627055315991105e-02,1.570037491522821224e-02,1.323079679082801198e-02,1.342273291448605951e-02,7.447121597932208209e-03,1.540607285895254086e-02,1.666005553351844470e-02,2.835536333508208509e-02,1.538048137579813360e-02,4.823994574605570962e-02,4.244347481158270569e-02,1.344832439764046504e-02,3.550818287673861845e-02,1.047459405509846286e-01,4.400455528400148281e-02,5.769599877160880991e-02,4.253304500262312937e-02,1.207918004887973198e-02,3.612237847244437194e-02
1.584112807257744698e-02,2.706299343578457209e-02,1.895049327583780280e-02,9.225729677163440126e-03,4.243067907000550032e-02,4.744660976826912263e-02,5.161802152243732955e-02,9.276912643472252917e-03,5.889879847986589922e-02,3.218129006666581304e-02,4.354390858722217289e-02,2.629524894115238542e-02,7.509820731660503401e-02,2.452943660349835714e-02,1.745339151130503863e-02,1.854102954536730047e-02,1.442080075750790114e-02,0.000000000000000000e+00,2.484933014292843231e-02,5.068393238730150435e-02,2.290437742319356013e-02,8.342823508336426330e-02,6.593645634732761551e-02,3.040268198743458286e-02,6.758710701078680938e-02,1.369528221008048385e-01,7.590433903596882637e-02,1.009711967857097187e-01,7.859144476718148142e-02,2.106179063607631352e-02,5.246254046653273800e-02,2.197028828805773493e-02,1.491983467901882195e-02,2.220061163644738988e-02,1.603306419623549278e-02,2.600094688487671404e-02,9.903903980755204839e-03,6.167547440211897103e-03,2.157362029916443796e-02,1.389617535284257480e-02,1.868178270271653521e-02,1.205358856572532646e-02,1.915522514107305049e-02,5.770879451318601007e-03,5.732492226586991847e-03,1.689037888190809966e-02,2.588578521068188656e-02,2.856009520031733279e-02,1.302606492559276255e-02,3.978196056352446136e-02,5.572545456871953046e-02,5.582782050133715257e-02,9.187342452431830966e-03,7.029980422515387517e-02,4.054970505815664455e-02,4.760015866719555927e-02,3.558495732620183677e-02,7.467594784455733326e-02,2.754923161571828927e-02,2.339061560312728077e-02,2.353136876047651205e-02,1.279574157720310759e-02,2.706299343578457209e-02,2.903353763867384807e-02,4.989059640951491043e-02,2.710138066051618125e-02,8.511727297155506633e-02,7.503422860871901412e-02,2.371050914255735595e-02,6.300623152614809319e-02,1.852183593300149589e-01,7.714552596895753178e-02,1.011503371677905661e-01,7.471433506928894241e-02,2.081867154610945320e-02,6.367161008816266121e-02
1.518854525214008780e-02,2.676869137950890071e-02,1.834909342170925467e-02,8.982610587196581536e-03,4.148379419329246975e-02,4.660209082417371418e-02,5.000575808370974484e-02,9.046589295082596224e-03,5.732492226586991674e-02,3.133677112257041153e-02,4.258422796893193696e-02,2.606492559276272700e-02,7.287174828217168887e-02,2.399201545725582543e-02,1.718468093818377104e-02,1.836188916328645657e-02,1.426725185858146450e-02,2.484933014292843231e-02,0.000000000000000000e+00,5.001855382528694327e-02,2.226459034433340631e-02,8.223823111668436547e-02,6.505355017850059096e-02,2.980128213330603473e-02,6.625634988675768722e-02,1.337282952233496691e-01,7.463756061982572410e-02,9.882151220073959186e-02,7.711993448580312105e-02,2.067791838876022192e-02,5.174597893820936240e-02,2.121533953500275016e-02,1.449757520697111945e-02,2.159921178231884523e-02,1.547005156683855555e-02,2.539954703074816592e-02,9.558418958170720667e-03,5.975611316553851304e-03,2.081867154610945320e-02,1.338434568975445035e-02,1.808038284858799055e-02,1.168251205998643676e-02,1.884812734322017722e-02,5.630126293969367132e-03,5.681309260278179056e-03,1.621220457831633668e-02,2.538675128917096402e-02,2.800987831249759918e-02,1.268057990300827838e-02,3.879668846207982164e-02,5.472738672569768537e-02,5.418996557945515713e-02,8.918631879310565114e-03,6.903302580901075902e-02,3.948765850724878651e-02,4.628219728474363553e-02,3.484280431472405737e-02,7.247508029327839885e-02,2.690944453685813198e-02,2.287878594003915633e-02,2.318588373789202961e-02,1.261660119512226369e-02,2.629524894115238542e-02,2.820181443615564845e-02,4.914844339803713102e-02,2.616729152538035258e-02,8.332586915074663425e-02,7.366508425995828280e-02,2.319867947946923151e-02,6.121482770533966111e-02,1.801768371485969467e-01,7.649294314852017607e-02,9.900065258282043923e-02,7.356271832734066762e-02,2.051157374825657992e-02,6.226407851467032073e-02
3.072257552686465804e-02,5.416437409630075334e-02,3.755550152909111622e-02,1.810597433174239781e-02,8.331307340916942195e-02,9.467569192972578873e-02,1.004849586057759980e-01,1.831070619697764551e-02,1.165692057683203053e-01,6.322375913296054972e-02,8.602577062353648774e-02,5.187393635398139524e-02,1.471894153625673274e-01,4.863661373494900658e-02,3.474043838210643526e-02,3.723560798966103758e-02,2.889278448132461680e-02,5.068393238730150435e-02,5.001855382528694327e-02,0.000000000000000000e+00,4.482348274494248053e-02,1.672019551893129952e-01,1.310795767168686232e-01,5.942342388453122903e-02,1.344960397179818523e-01,2.710138066051617778e-01,1.519750227124412878e-01,1.998055047280265228e-01,1.572084810175173597e-01,4.198282811480339577e-02,1.049378766746426744e-01,4.285293854205320802e-02,2.917429079602308281e-02,4.373584471088021869e-02,3.134956686414760996e-02,5.142608539877928375e-02,1.932156978157669250e-02,1.206638430730253009e-02,4.162454735064170797e-02,2.711417640209338314e-02,3.660861665237808565e-02,2.367212191782574679e-02,3.779862061905797654e-02,1.128584407109313979e-02,1.149057593632838922e-02,3.307699197707002908e-02,5.173318319663216397e-02,5.687707131066781219e-02,2.547632148021138423e-02,7.749101099154201422e-02,1.109006922496193204e-01,1.087126204399175983e-01,1.808038284858799055e-02,1.395631533825542892e-01,7.953832964389451199e-02,9.360084963724073226e-02,7.022302977569065685e-02,1.457690880474978024e-01,5.369093165794423805e-02,4.683241417256336914e-02,4.745940550984632106e-02,2.545072999705698044e-02,5.378050184898465480e-02,5.790073063684406107e-02,1.003186139652723630e-01,5.292318716331204792e-02,1.697866949879080212e-01,1.493007127228058450e-01,4.685800565571777987e-02,1.243106294225281849e-01,3.654079922201891040e-01,1.557881537024478347e-01,1.998822791774897412e-01,1.496845849701219366e-01,4.186766644060856829e-02,1.265498841985387146e-01
1.483026448797840000e-02,2.414556435618226207e-02,1.696715333137131798e-02,8.394006474645238775e-03,3.902701181046947659e-02,4.296810021624803549e-02,4.703714603779862030e-02,8.637125564612097364e-03,5.255211065757316169e-02,2.919988227917749007e-02,3.934690534989955524e-02,2.464459827769318462e-02,6.813732389860654992e-02,2.199587977121214219e-02,1.564919194891940118e-02,1.667285127509564660e-02,1.311563511663318450e-02,2.290437742319356013e-02,2.226459034433340631e-02,4.482348274494248053e-02,0.000000000000000000e+00,7.398497779938836838e-02,5.961536000818927483e-02,2.849611649243131983e-02,6.101009584010440995e-02,1.247840718608846933e-01,6.789420480863968266e-02,9.060664610817520392e-02,7.040217015777149034e-02,1.848984657905848941e-02,4.758736292561835390e-02,2.040920781563895434e-02,1.362746477972130894e-02,2.074189709664623488e-02,1.491983467901882195e-02,2.316029225473762235e-02,8.918631879310565114e-03,5.681309260278179056e-03,2.011490575936328296e-02,1.271896712773988754e-02,1.738941280341902221e-02,1.117068239689831231e-02,1.712070223029775809e-02,5.323028496116492120e-03,5.156683855612851849e-03,1.563639620734219582e-02,2.314749651316042045e-02,2.575782779490985372e-02,1.192563114995329535e-02,3.641668052872003986e-02,4.967306880270246083e-02,5.095264296042276847e-02,8.406802216222440671e-03,6.249440186305997569e-02,3.663420813553249639e-02,4.318562782306048509e-02,3.324333661757367109e-02,6.793259203337129182e-02,2.473416846873360483e-02,2.111297360238512458e-02,2.088265025399546962e-02,1.161853335210042033e-02,2.409438138987345102e-02,2.618008726695755795e-02,4.431165308185435608e-02,2.501567478343207432e-02,7.544369233918951645e-02,6.806054944914333160e-02,2.204706273752095325e-02,5.645481183862010449e-02,1.683535719312612700e-01,6.899463858427914986e-02,9.058105462502079319e-02,6.616677969571727047e-02,1.845145935432688025e-02,5.782395618738084275e-02
