0.000000000000000000e+00,1.688572236940250396e-02,1.314334216415031197e-02,5.272769361351886848e-03,2.623524267599475213e-02,3.089071220967617645e-02,3.415725713109905165e-02,7.870572802798425985e-03,3.921139947015098159e-02,2.136114612001337523e-02,2.731551737441806696e-02,1.729725558784948186e-02,4.988554232361943480e-02,1.313048175107384488e-02,1.550965817022042711e-02,1.107281565883896229e-02,8.539314282774762913e-03,1.640988708557318890e-02,1.653849121633787014e-02,3.229249723501118746e-02,2.065382340080763532e-02,5.693304868952391018e-02,4.532009568147329220e-02,2.044805679158414463e-02,4.300522132770904365e-02,9.395817793667532447e-02,4.845803647213148269e-02,6.866174541526273711e-02,5.105583991357802442e-02,1.072558450577432501e-02,3.870984336016872890e-02,1.421075644949715798e-02,1.053267830962730488e-02,1.662851410787314493e-02,7.111808431286812532e-03,1.487949792947349491e-02,5.349931839810694555e-03,5.015561099822526091e-03,1.315620257722678078e-02,8.500733043545358192e-03,1.117569896345070590e-02,9.105172458139356231e-03,8.963707914298207902e-03,4.051030119087425420e-03,2.777849224517091320e-03,9.838216003498032047e-03,1.473803338563234658e-02,2.263432701458370847e-02,7.922014455104297789e-03,2.233853751382494299e-02,3.374572391265207721e-02,3.661359602870443986e-02,7.098948018210344581e-03,4.264512976156794449e-02,2.022942976928418859e-02,3.352709689035211771e-02,1.932920085393142681e-02,5.472105764037141218e-02,1.576686643174978614e-02,1.880192391779623995e-02,1.399212942719720194e-02,8.294966434321870974e-03,1.664137452094961375e-02,1.727153476169654422e-02,2.952750842357056496e-02,1.765734715399058449e-02,5.533835746804187383e-02,4.825226986290799547e-02,1.160009259497415089e-02,3.238252012654646572e-02,1.055454101185730048e-01,4.876668638596672045e-02,7.078371357287996379e-02,4.306952339309138428e-02,1.167725507343295860e-02,4.117904267085058939e-02
1.688572236940250396e-02,0.000000000000000000e+00,2.359885799531881087e-02,9.478124437356927681e-03,4.817510738444918950e-02,5.497826590190076773e-02,6.250160755163455817e-02,1.346485249106201335e-02,7.154247794439157204e-02,3.840119344633349807e-02,4.992412356284883779e-02,2.822860670284729409e-02,9.199053473597572361e-02,2.437048277990689141e-02,2.609377813215360553e-02,2.052521927004295407e-02,1.539391445253221469e-02,2.982329792432933044e-02,2.991332081586460523e-02,5.807762545332956217e-02,3.483885902415185393e-02,1.028190025463617957e-01,7.743254713341392315e-02,3.405437382648730804e-02,7.904009876797242484e-02,1.640988708557318820e-01,8.701355487538259270e-02,1.261606522801512476e-01,9.244064919365209410e-02,1.976645489853134235e-02,6.930476606908614334e-02,2.533501376064199034e-02,1.848041359088454030e-02,2.825432752900023173e-02,1.230741531417989081e-02,2.775277141901797903e-02,9.941099308109775656e-03,8.732220478921783047e-03,2.370174129993055448e-02,1.550965817022042711e-02,1.904627176624913362e-02,1.592119138866740502e-02,1.724581393554361006e-02,7.484760410504385716e-03,4.861236142904909810e-03,1.666709534710254792e-02,2.654389258982998642e-02,4.016307003780961171e-02,1.445510429795004992e-02,4.052316160395071781e-02,5.978806039249980747e-02,6.625684816996321724e-02,1.232027572725635962e-02,7.650659739190822373e-02,3.648499189793975861e-02,6.138275161398184382e-02,3.185524319041127539e-02,9.957817845109184773e-02,2.964325214125877739e-02,3.197098690809949129e-02,2.595231358831245547e-02,1.505954371254404622e-02,3.005478535970575529e-02,3.126366418889374443e-02,5.347359757195400964e-02,2.992618122894107405e-02,1.009156614110445216e-01,8.334833714858921883e-02,1.984361737699014833e-02,5.977519997942334212e-02,1.840839527765631700e-01,8.829959618302940516e-02,1.292857326577329657e-01,7.856426348414310978e-02,2.139972735924277822e-02,7.284137966511484985e-02
1.314334216415031197e-02,2.359885799531881087e-02,0.000000000000000000e+00,7.278993801280896764e-03,3.683222305100439936e-02,4.206641117312687889e-02,4.782787623138454874e-02,1.036549293963322065e-02,5.445098896576557740e-02,2.932174181434707774e-02,3.836261220710409509e-02,2.226137503536613702e-02,6.988348465752719507e-02,1.840325111242573086e-02,2.029373183466652922e-02,1.548393734406749121e-02,1.183158003035057401e-02,2.277579155842485506e-02,2.276293114534838971e-02,4.430412304843231452e-02,2.716119241750045155e-02,7.817845109184906605e-02,5.954371254404691727e-02,2.642814887214177400e-02,5.999382700172329469e-02,1.268679749993569805e-01,6.689986882378662347e-02,9.632449394274543442e-02,7.065510944211528255e-02,1.490521875562643081e-02,5.367936418117749686e-02,1.948352581084904570e-02,1.460942925486766707e-02,2.248000205766609305e-02,9.722472285809819620e-03,2.102677538002520677e-02,7.613364541269065228e-03,6.803158517451580838e-03,1.818462409012577483e-02,1.212736953110933949e-02,1.507240412562051504e-02,1.248746109725044386e-02,1.304045885953856836e-02,5.761465058257671593e-03,3.832403096787468950e-03,1.295043596800329183e-02,2.030659224774299804e-02,3.105789757967026068e-02,1.118855937652717472e-02,3.130224542812315436e-02,4.596311633529669149e-02,5.117158363126623338e-02,9.516705676586332402e-03,5.917076056482933888e-02,2.789423596285912563e-02,4.697908896833766224e-02,2.493634095527148473e-02,7.668664317497878025e-02,2.249286247074256187e-02,2.488489930296561292e-02,1.967643200699606409e-02,1.142004681190359784e-02,2.318732477687183297e-02,2.394608914838344468e-02,4.087039275701535856e-02,2.326448725533064241e-02,7.660948069651997427e-02,6.418632166465186584e-02,1.532961238714987580e-02,4.538439774685562589e-02,1.415931479719128583e-01,6.782581856529232289e-02,9.889657655803904546e-02,6.005812906710563531e-02,1.619126006327323286e-02,5.641863216646518520e-02
5.272769361351886848e-03,9.478124437356927681e-03,7.278993801280896764e-03,0.000000000000000000e+00,1.521386866946166337e-02,1.676997865171429153e-02,1.963785076776666111e-02,4.256796728310913505e-03,2.220993338306026521e-02,1.216595077033874248e-02,1.575400601867332079e-02,8.976568327374674985e-03,2.864013992129427200e-02,7.510481236657321619e-03,8.037758172792510217e-03,6.443066951310476471e-03,4.835515316751973908e-03,9.400961958898119974e-03,9.066591218909951511e-03,1.764448674091411914e-02,1.094421152807428105e-02,3.126366418889374443e-02,2.390750790915404170e-02,1.071272409269785793e-02,2.446050567144216620e-02,5.074718999974279360e-02,2.678824043828287663e-02,3.909565575246276570e-02,2.835721083361197534e-02,5.928650428251755825e-03,2.179840016461328731e-02,8.063478998945446119e-03,5.992952493634095580e-03,9.208055762751099840e-03,3.948146814475680944e-03,8.577895522004167633e-03,3.112219964505259784e-03,2.777849224517091320e-03,7.549062475886725472e-03,4.951259034440186335e-03,6.160137863628179812e-03,5.118444404434270567e-03,5.337071426734226604e-03,2.404897245299519003e-03,1.556109982252629892e-03,5.234188122122482995e-03,8.282106021245402155e-03,1.252604233647984858e-02,4.604027881375549920e-03,1.283469225031507940e-02,1.840325111242573086e-02,2.094961290156639733e-02,3.870984336016872803e-03,2.385606625684816989e-02,1.156151135574474617e-02,1.909771341855500543e-02,1.017258674348620051e-02,3.112219964505259784e-02,9.156614110445228036e-03,1.000540137349211628e-02,8.063478998945446119e-03,4.668329946757889676e-03,9.465264024280460597e-03,9.696751459656883718e-03,1.639702667249672008e-02,9.465264024280460597e-03,3.085213097044677000e-02,2.556650119601841520e-02,6.275881581316392240e-03,1.842897193857866850e-02,5.679158414568275665e-02,2.722549448288278870e-02,4.043313871241543955e-02,2.456338897605390981e-02,6.520229429769284178e-03,2.296869775457187693e-02
2.623524267599475213e-02,4.817510738444918950e-02,3.683222305100439936e-02,1.521386866946166337e-02,0.000000000000000000e+00,8.603616348157103189e-02,1.004784073664446165e-01,2.150261066385452183e-02,1.129530080506185863e-01,6.193574937626996485e-02,8.019753594485454218e-02,4.589881426991435087e-02,1.465958486586589060e-01,3.846549551171583869e-02,4.112760101854471412e-02,3.243396177885233406e-02,2.528357210833611854e-02,4.763497003523753381e-02,4.611744129221430344e-02,8.950847501221739777e-02,5.598137812186527312e-02,1.586203348851565054e-01,1.214280202680110138e-01,5.392371202963039400e-02,1.247331464286632885e-01,2.572211219424367923e-01,1.357030787828905072e-01,1.999022608606188522e-01,1.448854137194886815e-01,3.094215386198204826e-02,1.102137400653308980e-01,4.144911134545641723e-02,2.960467090202937440e-02,4.512718948532627034e-02,1.997222150775482957e-02,4.387972941690886780e-02,1.595977262789680801e-02,1.374778157874431000e-02,3.873556418632166654e-02,2.479487641143033466e-02,3.041487692584685792e-02,2.561794284832428700e-02,2.725121530903572634e-02,1.214022994418580657e-02,7.870572802798425985e-03,2.608091771907713671e-02,4.139766969315054196e-02,6.340183646698731301e-02,2.326448725533064241e-02,6.571671082075156156e-02,9.385529463206358780e-02,1.064842202731551696e-01,1.998508192083129839e-02,1.213765786157051385e-01,5.911931891252347054e-02,9.777772062038632417e-02,5.141593147971913053e-02,1.585688932328506440e-01,4.691478690295532161e-02,5.028421512898994389e-02,4.102471771393297051e-02,2.424187864914221016e-02,4.821368862367859248e-02,4.907533629980195128e-02,8.265387484245993732e-02,4.853519895059029560e-02,1.560739730960158389e-01,1.305589135523033129e-01,3.217675351732297850e-02,9.462691941665166140e-02,2.880346716736541524e-01,1.377478844620489140e-01,2.062681653334705045e-01,1.243730548625221893e-01,3.370714267342266729e-02,1.162838550374238056e-01
3.089071220967617645e-02,5.497826590190076773e-02,4.206641117312687889e-02,1.676997865171429153e-02,8.603616348157103189e-02,0.000000000000000000e+00,1.121685228529540335e-01,2.425473906221867898e-02,1.277553435016332839e-01,6.814732889220401213e-02,8.823529411764706454e-02,5.180174387201316732e-02,1.646775894441729338e-01,4.331387124154428142e-02,4.654183492373775016e-02,3.663931685485737749e-02,2.759844646210036362e-02,5.340929550657166902e-02,5.293346022274235396e-02,1.029476066771264631e-01,6.284883870469919198e-02,1.830551197304457478e-01,1.399341546850484952e-01,6.228298052933460560e-02,1.413616605365364265e-01,2.968954962833406097e-01,1.554180920291159673e-01,2.247357185112785760e-01,1.650505414233905122e-01,3.501890480722241045e-02,1.242315903186810427e-01,4.601455798760255983e-02,3.353995730342858306e-02,5.113300239203683040e-02,2.241569999228375243e-02,4.912677795210781961e-02,1.763162632783765033e-02,1.556109982252629892e-02,4.261940893541500686e-02,2.782993389747678847e-02,3.460737158877542907e-02,2.879446487821188741e-02,3.046631857815272973e-02,1.343913166490907744e-02,8.783662131227654851e-03,3.023483114277630487e-02,4.758352838293165854e-02,7.196687157591501183e-02,2.601661565369479609e-02,7.304714627433833707e-02,1.085033051261606457e-01,1.191903083927055712e-01,2.220993338306026521e-02,1.380436739628076726e-01,6.481648190539880672e-02,1.094163944545898798e-01,5.793616090948841557e-02,1.774093983898762938e-01,5.283057691813061035e-02,5.747318603873556586e-02,4.610458087913783809e-02,2.681396126443581426e-02,5.414233905193034657e-02,5.564700738187710466e-02,9.520563800509272701e-02,5.375652665963630977e-02,1.799943414182463564e-01,1.512384577792638685e-01,3.633066694102214667e-02,1.068957534916021440e-01,3.319529823297924231e-01,1.575657810128861247e-01,2.307415314179891430e-01,1.398955734458190714e-01,3.797679981481005135e-02,1.315620257722678044e-01
3.415725713109905165e-02,6.250160755163455817e-02,4.782787623138454874e-02,1.963785076776666111e-02,1.004784073664446165e-01,1.121685228529540335e-01,0.000000000000000000e+00,2.799711926747087271e-02,1.472131484863293815e-01,8.009465264024280551e-02,1.040793230278556497e-01,5.927364386944108943e-02,1.896267908125209012e-01,5.007844851976645667e-02,5.316494765811877882e-02,4.224645695619743541e-02,3.270403045345816190e-02,6.207721392011111144e-02,6.005812906710563531e-02,1.165667841251060988e-01,7.244270685974434076e-02,2.070526505311350574e-01,1.577844080351860911e-01,7.017927415828596749e-02,1.622212505465675525e-01,3.341135317266390459e-01,1.763291236914529825e-01,2.592787880346716922e-01,1.877105892641271756e-01,4.007304714627434039e-02,1.430463746495537480e-01,5.360220170271869089e-02,3.832403096787468516e-02,5.839913578024125834e-02,2.569510532678309644e-02,5.706165282028858449e-02,2.069240464003703830e-02,1.783739293706113754e-02,5.030993595514288153e-02,3.206100979963476261e-02,3.934000360091566284e-02,3.328274904189922750e-02,3.536613596028704426e-02,1.570256436636744898e-02,1.013400550425679753e-02,3.383574680418734854e-02,5.397515368193626234e-02,8.220376038478355296e-02,3.015766866431749890e-02,8.478870341315362935e-02,1.221096221610638161e-01,1.377736052882018447e-01,2.566938450063015881e-02,1.578229892744154872e-01,7.646801615267882768e-02,1.266493479770570141e-01,6.621826693073382120e-02,2.059980966588646767e-01,6.093263715630545946e-02,6.522801512384578115e-02,5.333213302811286305e-02,3.131510584119961971e-02,6.268165333470511469e-02,6.351758018467552891e-02,1.075516345585020156e-01,6.266879292162864934e-02,2.035546181743357608e-01,1.692173152601661457e-01,4.143625093237994494e-02,1.229455490110342303e-01,3.740193935029192951e-01,1.792484374598111996e-01,2.675994752951464939e-01,1.615910903058206116e-01,4.369968363383831822e-02,1.503510892769875651e-01
7.870572802798425985e-03,1.346485249106201335e-02,1.036549293963322065e-02,4.256796728310913505e-03,2.150261066385452183e-02,2.425473906221867898e-02,2.799711926747087271e-02,0.000000000000000000e+00,3.166233699426425352e-02,1.733583682707888485e-02,2.210705007844851813e-02,1.347771290413848043e-02,4.038169706010957122e-02,1.067414285346845321e-02,1.188302168265644755e-02,9.118032871215823315e-03,6.931762648216260349e-03,1.331052753414439620e-02,1.298901720723269655e-02,2.543789706525373742e-02,1.629414336788497647e-02,4.525579361609095158e-02,3.522467141644589766e-02,1.610123717173795460e-02,3.481313819799891629e-02,7.397309601584402261e-02,3.846549551171583869e-02,5.596851770878880777e-02,4.048458036472131483e-02,8.526453869698294094e-03,3.089071220967617645e-02,1.149720929036240728e-02,8.397849738933614583e-03,1.297615679415622773e-02,5.568558862110650591e-03,1.225597366187401900e-02,4.462563337534401590e-03,3.935286401399212992e-03,1.076416574500372973e-02,6.893181408986856495e-03,8.809382957380590753e-03,7.240412562051492910e-03,7.600504128192597277e-03,3.382288639111088058e-03,2.186270222999562533e-03,7.613364541269065228e-03,1.183158003035057401e-02,1.783739293706113754e-02,6.468787777463412374e-03,1.828750739473751843e-02,2.656961341598292059e-02,2.965611255433524621e-02,5.748604645181203641e-03,3.424728002263432991e-02,1.640988708557318890e-02,2.726407572211219515e-02,1.505954371254404622e-02,4.439414593996759278e-02,1.319478381645618377e-02,1.460942925486766707e-02,1.144576763805653374e-02,6.687414799763368410e-03,1.354201496952082105e-02,1.378636281797371299e-02,2.371460171300702330e-02,1.403071066642660493e-02,4.440700635304405813e-02,3.765528948789834823e-02,9.156614110445228036e-03,2.649245093752411462e-02,8.285964145168342454e-02,3.895419120862161910e-02,5.780755677872373433e-02,3.507034645952827878e-02,9.413822371974587058e-03,3.269117004038169655e-02
3.921139947015098159e-02,7.154247794439157204e-02,5.445098896576557740e-02,2.220993338306026521e-02,1.129530080506185863e-01,1.277553435016332839e-01,1.472131484863293815e-01,3.166233699426425352e-02,0.000000000000000000e+00,8.966279996913500971e-02,1.160523676020473738e-01,6.637259188765143314e-02,2.147560379639394113e-01,5.670156125414748532e-02,6.016101237171737892e-02,4.818796779752565485e-02,3.612490033179865945e-02,7.008925126675068229e-02,6.895753491602150953e-02,1.339283417783379282e-01,8.140641477404254867e-02,2.378018981969700907e-01,1.803801538105404001e-01,8.006893181408987481e-02,1.851256462357570853e-01,3.827387535687646336e-01,2.018056019959361125e-01,2.941433678849764699e-01,2.147560379639394113e-01,4.552586229069677942e-02,1.618611589804264395e-01,6.019959361094678191e-02,4.357107950307363697e-02,6.650119601841611439e-02,2.914169603127652469e-02,6.485506314462820276e-02,2.332878932071298303e-02,2.028087142159006040e-02,5.585277399110059188e-02,3.649785231101623090e-02,4.479281874533810187e-02,3.746238329175133330e-02,4.016307003780961171e-02,1.778595128475526574e-02,1.140718639882713076e-02,3.886416831708634778e-02,6.172998276704647763e-02,9.362380719668715601e-02,3.411867589186964866e-02,9.561717122353970144e-02,1.396512255973661742e-01,1.554052316160395020e-01,2.894878983512950282e-02,1.800457830705522178e-01,8.545744489312996628e-02,1.434707682810771878e-01,7.448751253890274759e-02,2.320918747910182822e-01,6.915044111216851752e-02,7.425602510352632968e-02,6.037963939401733843e-02,3.499318398106947281e-02,7.034645952828004478e-02,7.289282131742071125e-02,1.238843591656163950e-01,7.014069291905655756e-02,2.335193806425062413e-01,1.947323748038786995e-01,4.697908896833766224e-02,1.392654132050721583e-01,4.282260346202320100e-01,2.048020782427531494e-01,3.023997530800689448e-01,1.836081174927338688e-01,4.985982149746649716e-02,1.707862856554952513e-01
2.136114612001337523e-02,3.838833303325702578e-02,2.932174181434707774e-02,1.216595077033874248e-02,6.193574937626996485e-02,6.814732889220401213e-02,8.009465264024280551e-02,1.733583682707888485e-02,8.966279996913500971e-02,0.000000000000000000e+00,6.391625299004603800e-02,3.656215437639857152e-02,1.157951593405180113e-01,3.121222253658787610e-02,3.303840119344633036e-02,2.608091771907713671e-02,1.972787365930193590e-02,3.778389361866302948e-02,3.738522081329252039e-02,7.178682579284446919e-02,4.501144576763805444e-02,1.272666478047274896e-01,9.746907070655110028e-02,4.337817330692661510e-02,9.893515779726844150e-02,2.055351217881118409e-01,1.081946552123254218e-01,1.584531495151624281e-01,1.146763034028653039e-01,2.456338897605390981e-02,8.733506520229429582e-02,3.231821806116412510e-02,2.363743923454821386e-02,3.612490033179865945e-02,1.556109982252629892e-02,3.562334422181640675e-02,1.270608811955039989e-02,1.102137400653309049e-02,3.009336659893515828e-02,1.989505902929602013e-02,2.435762236683042259e-02,2.025515059543712623e-02,2.177267933846034967e-02,9.568147328892204206e-03,6.224439929010519568e-03,2.110393785848401621e-02,3.348851565112271472e-02,5.006558810668998438e-02,1.832608863396692142e-02,5.239332287353069828e-02,7.379305023277347997e-02,8.442861184701253019e-02,1.575400601867332079e-02,9.592582113737493921e-02,4.685048483757298099e-02,7.780549911263150153e-02,4.135908845392113897e-02,1.256076545178631265e-01,3.766814990097482052e-02,4.039455747318603657e-02,3.269117004038169655e-02,1.917487589701381140e-02,3.815684559788060093e-02,3.923712029630391923e-02,6.621826693073382120e-02,3.892847038246868147e-02,1.245659610586692112e-01,1.039635793101674477e-01,2.523213045603024673e-02,7.505337071426734785e-02,2.308958563749067550e-01,1.097507651945780482e-01,1.650505414233905122e-01,9.901232027572726135e-02,2.710975076519457974e-02,9.235062630211682277e-02
2.731551737441806696e-02,4.992412356284883779e-02,3.836261220710409509e-02,1.575400601867332079e-02,8.019753594485454218e-02,8.823529411764706454e-02,1.040793230278556497e-01,2.210705007844851813e-02,1.160523676020473738e-01,6.391625299004603800e-02,0.000000000000000000e+00,4.701767020756706522e-02,1.506211579515933929e-01,4.003446590704493740e-02,4.238792150003858200e-02,3.384860721726382082e-02,2.583656987062424304e-02,4.888243010365492941e-02,4.852233853751382331e-02,9.318655315208725087e-02,5.778183595257079669e-02,1.649347977057022963e-01,1.254919108001749106e-01,5.560842614264770167e-02,1.290671056354329993e-01,2.669178734020936639e-01,1.410915918619305987e-01,2.066539777257645483e-01,1.497852311016229787e-01,3.203528897348182497e-02,1.135060058129067073e-01,4.218215489081509478e-02,3.053062064353507035e-02,4.642609120604954120e-02,2.033231307389593220e-02,4.566732683453792602e-02,1.644846832480259188e-02,1.415931479719128618e-02,3.915995781784510632e-02,2.578512821831837123e-02,3.117364129735846964e-02,2.602947606677126491e-02,2.812572339823555048e-02,1.241029861879163615e-02,8.024897759716041398e-03,2.700686746058283266e-02,4.317240669770312789e-02,6.531803801538105247e-02,2.385606625684816989e-02,6.781295815221584367e-02,9.640165642120425427e-02,1.098150672599603889e-01,2.042233596543121046e-02,1.251189588209573322e-01,6.079117261246431286e-02,1.016487049564031991e-01,5.277913526582473508e-02,1.633529668972967530e-01,4.883098845134905414e-02,5.199465006816018919e-02,4.246508397849738797e-02,2.509066591218910014e-02,4.956403199670773169e-02,5.092723578281334318e-02,8.631909256925332508e-02,4.961547364901360696e-02,1.626970858303968814e-01,1.350343373029141703e-01,3.284549499729931543e-02,9.793204557730393611e-02,2.989145811363461136e-01,1.435865119987654037e-01,2.136371820262866761e-01,1.286684328300624902e-01,3.512178811183415406e-02,1.199747935903701240e-01
1.729725558784948186e-02,2.822860670284729409e-02,2.227423544844260236e-02,8.976568327374674985e-03,4.589881426991435087e-02,5.180174387201316732e-02,5.927364386944108943e-02,1.347771290413848043e-02,6.637259188765143314e-02,3.656215437639857152e-02,4.701767020756706522e-02,0.000000000000000000e+00,8.535456158851822961e-02,2.296869775457187693e-02,2.614521978445947734e-02,1.898196970086679300e-02,1.480233545101468720e-02,2.816430463746495694e-02,2.782993389747678847e-02,5.382082872501865040e-02,3.566192546104580974e-02,9.548856709277502020e-02,7.671236400113171094e-02,3.431158208801667053e-02,7.289282131742071125e-02,1.580030350574860576e-01,8.168934386172484186e-02,1.179942899765940439e-01,8.630623215617685973e-02,1.839039069934926204e-02,6.581959412536331211e-02,2.437048277990689141e-02,1.788883458936700935e-02,2.780421307132385084e-02,1.199876540034465824e-02,2.591373234908305248e-02,9.195195349674631022e-03,8.359268499704209862e-03,2.271148949304251791e-02,1.457084801563826235e-02,1.878906350471977113e-02,1.531675197407340698e-02,1.580544767097919259e-02,6.906041822063324447e-03,4.668329946757889676e-03,1.678283906479076035e-02,2.491062012911854709e-02,3.801538105403945433e-02,1.346485249106201335e-02,3.867126212093932591e-02,5.623858638339463561e-02,6.266879292162864934e-02,1.242315903186810323e-02,7.164536124900332259e-02,3.468453406723424198e-02,5.746032562565909357e-02,3.324416780266982452e-02,9.349520306592247476e-02,2.763702770132976660e-02,3.149515162427016929e-02,2.394608914838344468e-02,1.421075644949715798e-02,2.853725661668252839e-02,2.934746264050001191e-02,4.947400910517246037e-02,3.086499138352323882e-02,9.267213662902852589e-02,8.132925229558372882e-02,1.990791944237248895e-02,5.576275109956532056e-02,1.782067440006173120e-01,8.212659790632474699e-02,1.221353429872167468e-01,7.294426296972658652e-02,2.012654646467244499e-02,6.970343887445665243e-02
4.988554232361943480e-02,9.199053473597572361e-02,6.988348465752719507e-02,2.864013992129427200e-02,1.465958486586589060e-01,1.646775894441729338e-01,1.896267908125209012e-01,4.038169706010957122e-02,2.147560379639394113e-01,1.157951593405180113e-01,1.506211579515933929e-01,8.535456158851822961e-02,0.000000000000000000e+00,7.345867949278531150e-02,7.686668895804933677e-02,6.194860978934643714e-02,4.699194938141412758e-02,9.039584351449368727e-02,8.815813163918824469e-02,1.710049126777952178e-01,1.044265541809202974e-01,3.040716067800097733e-01,2.293526068057306078e-01,1.017258674348620051e-01,2.378533398492759521e-01,4.892615550811492131e-01,2.581342112708659986e-01,3.780318423827773167e-01,2.759458833817742263e-01,5.866920445484709312e-02,2.082486689472465846e-01,7.789552200416677286e-02,5.585277399110059188e-02,8.463437845623601741e-02,3.725661668252784609e-02,8.346408086627742084e-02,3.013194783816456127e-02,2.592659276215952130e-02,7.300856503510892714e-02,4.683762442449651564e-02,5.722883819028266872e-02,4.836801358059621136e-02,5.168600015432495837e-02,2.293011651534247394e-02,1.467373132025000596e-02,4.958975282286066932e-02,7.905295918104889019e-02,1.199233519380642488e-01,4.380256693845006183e-02,1.232799197510223987e-01,1.781681627613878882e-01,2.006481648190539813e-01,3.706371048638082422e-02,2.306515085264538578e-01,1.104066462614779198e-01,1.847141130173101109e-01,9.532138172278092902e-02,2.991074873324930938e-01,8.887831477147045689e-02,9.494842974356336451e-02,7.776691787340209161e-02,4.546156022531443880e-02,9.112888705985236482e-02,9.286504282517554776e-02,1.576815247305743406e-01,9.025437897065254067e-02,2.984644666786697154e-01,2.482702744412150497e-01,6.032819774171146315e-02,1.802258288536227882e-01,5.475963887960081378e-01,2.620180560199593667e-01,3.895290516731397257e-01,2.353970009516705708e-01,6.373620720697548148e-02,2.196044136937678470e-01
1.313048175107384488e-02,2.437048277990689141e-02,1.840325111242573086e-02,7.510481236657321619e-03,3.846549551171583869e-02,4.331387124154428142e-02,5.007844851976645667e-02,1.067414285346845321e-02,5.670156125414748532e-02,3.121222253658787610e-02,4.003446590704493740e-02,2.296869775457187693e-02,7.345867949278531150e-02,0.000000000000000000e+00,2.052521927004295407e-02,1.635844543326731709e-02,1.268036729339746399e-02,2.370174129993055448e-02,2.348311427763059844e-02,4.544869981223796651e-02,2.773991100594151021e-02,8.076339412021914244e-02,6.062398724247022863e-02,2.699400704750636731e-02,6.293886159623447718e-02,1.291828493531212152e-01,6.837881632758044392e-02,1.007999176933563057e-01,7.295712338280305187e-02,1.576686643174978614e-02,5.501684714113017072e-02,2.061524216157822886e-02,1.469945214640294186e-02,2.232567710074847764e-02,9.928238895033308573e-03,2.161835438154273425e-02,7.909154042027830706e-03,6.918902235139792398e-03,1.922631754931968320e-02,1.221739242264461602e-02,1.505954371254404622e-02,1.266750688032099517e-02,1.385066488335605361e-02,6.005812906710563531e-03,3.935286401399212992e-03,1.289899431569742003e-02,2.084672959695465372e-02,3.166233699426425352e-02,1.156151135574474617e-02,3.301268036729339966e-02,4.727487846909642771e-02,5.334499344118932840e-02,9.979680547339180377e-03,6.066256848169963162e-02,2.959181048895290558e-02,4.925538208287250086e-02,2.566938450063015881e-02,7.910440083335476547e-02,2.371460171300702330e-02,2.516782839064790611e-02,2.062810257465469768e-02,1.230741531417989081e-02,2.398467038761285114e-02,2.474343475912446286e-02,4.162915712852696681e-02,2.399753080068931649e-02,7.888577381105481290e-02,6.570385040767509621e-02,1.584402891020859558e-02,4.775071375292574277e-02,1.446925075233416458e-01,6.931762648216260869e-02,1.029733275032794076e-01,6.228298052933460560e-02,1.691144319555544159e-02,5.802618380102368689e-02
1.550965817022042711e-02,2.609377813215360553e-02,2.029373183466652922e-02,8.037758172792510217e-03,4.112760101854471412e-02,4.654183492373775016e-02,5.316494765811877882e-02,1.188302168265644755e-02,6.016101237171737892e-02,3.303840119344633036e-02,4.238792150003858200e-02,2.614521978445947734e-02,7.686668895804933677e-02,2.052521927004295407e-02,0.000000000000000000e+00,1.715579104400833527e-02,1.324622546876205731e-02,2.519354921680084375e-02,2.561794284832428700e-02,4.973121736670181592e-02,3.134082666735255734e-02,8.770801718151187421e-02,6.871318706756861239e-02,3.081354973121736701e-02,6.638545230072789849e-02,1.427120039095655657e-01,7.451323336505569217e-02,1.072301242315903125e-01,7.871858844106072173e-02,1.689858278247897277e-02,5.950513130481750734e-02,2.156691272923686245e-02,1.613981841096736106e-02,2.519354921680084375e-02,1.085418863653900626e-02,2.336737055994238602e-02,8.333547673551273960e-03,7.664806193574937900e-03,1.994650068160189194e-02,1.311762133799737606e-02,1.697574526093778222e-02,1.370920033951490528e-02,1.475089379870881366e-02,6.198719102857583665e-03,4.205355076005041701e-03,1.508526453869698213e-02,2.257002494920136784e-02,3.468453406723424198e-02,1.221739242264461602e-02,3.490316108953419455e-02,5.106870032665448977e-02,5.640577175338871985e-02,1.107281565883896229e-02,6.486792355770466811e-02,3.126366418889374443e-02,5.207181254661899517e-02,2.945034594511175552e-02,8.435144936855372422e-02,2.539931582602433097e-02,2.833149000745904117e-02,2.173409809923094668e-02,1.297615679415622773e-02,2.555364078294194638e-02,2.701972787365930148e-02,4.532009568147329220e-02,2.712261117827104509e-02,8.484014506545950463e-02,7.342009825355590158e-02,1.758018467553177852e-02,5.042567967283109048e-02,1.615396486535147502e-01,7.497620823580852800e-02,1.096993235422721730e-01,6.592247742997504878e-02,1.828750739473751843e-02,6.273309498701097608e-02
1.107281565883896229e-02,2.052521927004295407e-02,1.548393734406749121e-02,6.443066951310476471e-03,3.243396177885233406e-02,3.663931685485737749e-02,4.224645695619743541e-02,9.118032871215823315e-03,4.818796779752565485e-02,2.608091771907713671e-02,3.384860721726382082e-02,1.898196970086679300e-02,6.194860978934643714e-02,1.635844543326731709e-02,1.715579104400833527e-02,0.000000000000000000e+00,1.054553872270377370e-02,2.003652357313717020e-02,1.977931531160780770e-02,3.829831014172175446e-02,2.326448725533064241e-02,6.808302682682167151e-02,5.132590858818385227e-02,2.282723321073073033e-02,5.317780807119524417e-02,1.091077445407546559e-01,5.757606934334730947e-02,8.440289102085958561e-02,6.129272872244656556e-02,1.298901720723269655e-02,4.604027881375549747e-02,1.742585971861416311e-02,1.234599655340929553e-02,1.867331978703155870e-02,8.217803955863061532e-03,1.860901772164921808e-02,6.700275212839836361e-03,5.710023405951798921e-03,1.615267882404382987e-02,1.036549293963322065e-02,1.261606522801512337e-02,1.066128244039198612e-02,1.143290722498006666e-02,5.144165230587206469e-03,3.253684508346408114e-03,1.090563028884487806e-02,1.767020756706705331e-02,2.658247382905938941e-02,9.748193111962755522e-03,2.750842357056508536e-02,3.991872218935672151e-02,4.459991254919108000e-02,8.243524782015999169e-03,5.185318552431904260e-02,2.482059723758327230e-02,4.133336762776820134e-02,2.114251909771341920e-02,6.674554386686899765e-02,1.971501324622546708e-02,2.103963579310167559e-02,1.736155765323182248e-02,1.022402839579207232e-02,2.026801100851359505e-02,2.071812546618997247e-02,3.548187967797525322e-02,1.997222150775482957e-02,6.727282080300418798e-02,5.520975333727719259e-02,1.338769001260320564e-02,4.006018673319786810e-02,1.218395534864579882e-01,5.866920445484709312e-02,8.696211322307673131e-02,5.299776228812469459e-02,1.424933768872656270e-02,4.880526762519612344e-02
8.539314282774762913e-03,1.539391445253221469e-02,1.183158003035057401e-02,4.835515316751973908e-03,2.528357210833611854e-02,2.759844646210036362e-02,3.270403045345816190e-02,6.931762648216260349e-03,3.612490033179865945e-02,1.972787365930193590e-02,2.583656987062424304e-02,1.480233545101468720e-02,4.699194938141412758e-02,1.268036729339746399e-02,1.324622546876205731e-02,1.054553872270377370e-02,0.000000000000000000e+00,1.527817073484400399e-02,1.499524164716170734e-02,2.885876694359422803e-02,1.814604285089637184e-02,5.126160652280151164e-02,3.918567864399804396e-02,1.731011600092595068e-02,3.997016384166259678e-02,8.279533938630108392e-02,4.357107950307363697e-02,6.432778620849301243e-02,4.643895161912600655e-02,1.003112219964505218e-02,3.525039224259883530e-02,1.318192340337971669e-02,9.478124437356927681e-03,1.432650016718537041e-02,6.301602407469328142e-03,1.440366264564417811e-02,5.131304817510738518e-03,4.372540445999125065e-03,1.225597366187401900e-02,7.986316520486638412e-03,9.671030633503947815e-03,8.114920651251317923e-03,8.783662131227654851e-03,3.845263509863936901e-03,2.469199310681859192e-03,8.449291391239486387e-03,1.345199207798554453e-02,2.019084853005478561e-02,7.330435453586769436e-03,2.110393785848401621e-02,2.987473957663520224e-02,3.417011754417551700e-02,6.340183646698731995e-03,3.870984336016872890e-02,1.884050515702564293e-02,3.146943079811723859e-02,1.648704956403199834e-02,5.064430669513104999e-02,1.527817073484400399e-02,1.610123717173795460e-02,1.318192340337971669e-02,7.819131150492554180e-03,1.547107693099102413e-02,1.574114560559685197e-02,2.651817176367704879e-02,1.561254147483217246e-02,5.007844851976645667e-02,4.198924869466807291e-02,1.017258674348620051e-02,3.051776023045860153e-02,9.281360117286967248e-02,4.441986676612053042e-02,6.666838138841019168e-02,3.980297847166851255e-02,1.096993235422721695e-02,3.712801255176316484e-02
1.640988708557318890e-02,2.982329792432933044e-02,2.277579155842485506e-02,9.400961958898119974e-03,4.763497003523753381e-02,5.340929550657166902e-02,6.207721392011111144e-02,1.331052753414439620e-02,7.008925126675068229e-02,3.778389361866302948e-02,4.886956969057846406e-02,2.816430463746495694e-02,9.039584351449368727e-02,2.370174129993055448e-02,2.519354921680084375e-02,2.003652357313717020e-02,1.527817073484400399e-02,0.000000000000000000e+00,2.851153579052959075e-02,5.560842614264770167e-02,3.428586126186373290e-02,9.883227449265670483e-02,7.527199773656730042e-02,3.357853854265799298e-02,7.714961804573162996e-02,1.596363075181974900e-01,8.405565986779495180e-02,1.233699426425576839e-01,8.992000823066437221e-02,1.907199259240206779e-02,6.798014352220993484e-02,2.538645541294786562e-02,1.827464698166104962e-02,2.784279431055325382e-02,1.224311324879755192e-02,2.707116952596517329e-02,9.876797242727436768e-03,8.487872630468891108e-03,2.379176419146582927e-02,1.521386866946166337e-02,1.878906350471977113e-02,1.585688932328506440e-02,1.675711823863782618e-02,7.446179171274980996e-03,4.809794490599038005e-03,1.628128295480850765e-02,2.574654697908896825e-02,3.921139947015098159e-02,1.427505851487949860e-02,3.993158260243318686e-02,5.827053164947658404e-02,6.529231718922812178e-02,1.219167159649168011e-02,7.518197484503202910e-02,3.588055248334576230e-02,5.992952493634095407e-02,3.141798914581136332e-02,9.755909359808637160e-02,2.875588363898248442e-02,3.108361840582319485e-02,2.518068880372437493e-02,1.476375421178528248e-02,2.979757709817639280e-02,3.029913320815864550e-02,5.151881478433087413e-02,2.968183338048818037e-02,9.722472285809820314e-02,8.132925229558372882e-02,1.977931531160780770e-02,5.852773991100593959e-02,1.786182772190642865e-01,8.563749067620052280e-02,1.269065562385863766e-01,7.693099102343167739e-02,2.065382340080763532e-02,7.160678000977391267e-02
1.653849121633787014e-02,2.991332081586460523e-02,2.276293114534838971e-02,9.066591218909951511e-03,4.611744129221430344e-02,5.293346022274235396e-02,6.005812906710563531e-02,1.298901720723269655e-02,6.895753491602150953e-02,3.738522081329252039e-02,4.852233853751382331e-02,2.782993389747678847e-02,8.815813163918824469e-02,2.348311427763059844e-02,2.561794284832428700e-02,1.977931531160780770e-02,1.499524164716170734e-02,2.851153579052959075e-02,0.000000000000000000e+00,5.648293423184752582e-02,3.393863010879909214e-02,9.978394506031533495e-02,7.522055608426142514e-02,3.320558656344041459e-02,7.635227243499061178e-02,1.600864219758738605e-01,8.453149515162426686e-02,1.215694848118521604e-01,8.904550014146454806e-02,1.899483011394325835e-02,6.688700841071015812e-02,2.421615782298927599e-02,1.803029913320815941e-02,2.745698191825921355e-02,1.198590498726819116e-02,2.668535713367113302e-02,9.388101545821651156e-03,8.436430978163019304e-03,2.240283957920728361e-02,1.507240412562051504e-02,1.842897193857866850e-02,1.527817073484400399e-02,1.649990997710846369e-02,7.073227192057408678e-03,4.719771599063762348e-03,1.615267882404382987e-02,2.569510532678309644e-02,3.872270377324519425e-02,1.385066488335605361e-02,3.962293268859795603e-02,5.782041719180019967e-02,6.403199670773425389e-02,1.184444044342704283e-02,7.456467501736155357e-02,3.514750893798708475e-02,5.972375832711746685e-02,3.080068931814089819e-02,9.620875022505723240e-02,2.875588363898248442e-02,3.118650171043493846e-02,2.489775971604207827e-02,1.473803338563234658e-02,2.888448776974716567e-02,3.027341238200571133e-02,5.189176676354844558e-02,2.879446487821188741e-02,9.748193111962756563e-02,8.100774196867203958e-02,1.904627176624913362e-02,5.761465058257671246e-02,1.789655083721289064e-01,8.602330306849456654e-02,1.253504462563337640e-01,7.606934334730831859e-02,2.094961290156639733e-02,7.062938861596233797e-02
3.229249723501118746e-02,5.807762545332956217e-02,4.430412304843231452e-02,1.764448674091411914e-02,8.950847501221739777e-02,1.029476066771264631e-01,1.165667841251060988e-01,2.543789706525373742e-02,1.339283417783379282e-01,7.178682579284446919e-02,9.318655315208725087e-02,5.382082872501865040e-02,1.710049126777952178e-01,4.544869981223796651e-02,4.973121736670181592e-02,3.829831014172175446e-02,2.885876694359422803e-02,5.560842614264770167e-02,5.648293423184752582e-02,0.000000000000000000e+00,6.587103577766917351e-02,1.929190565600966967e-01,1.469816610509529498e-01,6.500938810154582859e-02,1.480747961624527265e-01,3.100388384474909165e-01,1.630314565703850360e-01,2.353712801255176401e-01,1.727410684431184007e-01,3.683222305100439936e-02,1.297229867023328709e-01,4.736490136063170597e-02,3.464595282800483206e-02,5.338357468041873832e-02,2.331592890763651421e-02,5.176316263278376434e-02,1.839039069934926204e-02,1.629414336788497647e-02,4.380256693845006183e-02,2.894878983512950282e-02,3.603487744026338119e-02,2.972041461971758683e-02,3.213817227809357552e-02,1.388924612258545660e-02,9.156614110445228036e-03,3.150801203734664158e-02,4.969263612747241293e-02,7.545204351963785694e-02,2.694256539520049551e-02,7.615936623884358991e-02,1.127215206152421684e-01,1.234213842948635453e-01,2.334164973378944838e-02,1.443195555441240674e-01,6.805730600066874081e-02,1.147534658813241099e-01,6.021245402402325420e-02,1.859358522595745689e-01,5.545410118573008279e-02,6.054682476401142266e-02,4.829085110213739845e-02,2.813858381131201930e-02,5.608426142647701673e-02,5.860490238946475250e-02,1.005041281925975472e-01,5.632860927492991387e-02,1.894981866817562199e-01,1.579644538182566338e-01,3.759098742251601455e-02,1.111654106329895281e-01,3.472697343038658180e-01,1.653849121633786945e-01,2.416986033591398964e-01,1.468530569201882685e-01,4.027881375549782761e-02,1.366676097636256026e-01
2.065382340080763532e-02,3.483885902415185393e-02,2.716119241750045155e-02,1.094421152807428105e-02,5.598137812186527312e-02,6.284883870469919198e-02,7.244270685974434076e-02,1.629414336788497647e-02,8.140641477404254867e-02,4.501144576763805444e-02,5.778183595257079669e-02,3.566192546104580974e-02,1.044265541809202974e-01,2.773991100594151021e-02,3.134082666735255734e-02,2.326448725533064241e-02,1.814604285089637184e-02,3.428586126186373290e-02,3.393863010879909214e-02,6.587103577766917351e-02,0.000000000000000000e+00,1.166568070166413701e-01,9.229918464981094750e-02,4.182206332467398868e-02,8.931556881607037590e-02,1.918516422747498784e-01,9.996399084338589147e-02,1.444738805010417071e-01,1.052496206178142463e-01,2.262146660150723965e-02,8.021039635793102140e-02,2.966897296741171156e-02,2.174695851230741550e-02,3.386146763034028617e-02,1.457084801563826235e-02,3.144370997196430095e-02,1.126572185498598243e-02,1.022402839579207232e-02,2.777849224517091320e-02,1.770878880629645977e-02,2.273721031919545207e-02,1.868618020010802752e-02,1.956068828930785167e-02,8.526453869698294094e-03,5.710023405951798921e-03,2.004938398621363554e-02,3.029913320815864550e-02,4.659327657604362544e-02,1.661565369479667612e-02,4.739062218678463667e-02,6.818591013143342205e-02,7.686668895804933677e-02,1.505954371254404622e-02,8.737364644152370574e-02,4.260654852233853457e-02,7.050078448519767060e-02,4.020165127703902164e-02,1.146634429897888385e-01,3.391290928264616145e-02,3.801538105403945433e-02,2.939890429280588371e-02,1.749016178399650026e-02,3.489030067645772920e-02,3.590627330949869994e-02,6.039249980709380378e-02,3.690938552946320533e-02,1.131073330075361982e-01,9.789346433807454007e-02,2.402325162684225413e-02,6.812160806605108143e-02,2.156048252269862908e-01,1.002469199310681847e-01,1.489493042516525645e-01,8.917410427222922931e-02,2.449908691067156918e-02,8.482728465238303928e-02
