0.000000000000000000e+00,1.243599122165325518e-02,9.202633504023408073e-03,5.676664228237015761e-03,2.040965618141916613e-02,2.636430138990489974e-02,2.671543525969275953e-02,5.720555961960497801e-03,2.794440380395025667e-02,1.762984637893196677e-02,2.095098756400877796e-02,1.091441111923920938e-02,4.109729334308705184e-02,1.107534747622531020e-02,8.295537673738112572e-03,8.866130212143379097e-03,8.105340160936357063e-03,1.482077542062911445e-02,1.003657644476956858e-02,2.395025603511338752e-02,1.038771031455742490e-02,3.926847110460863349e-02,3.341623994147768784e-02,9.656181419166057558e-03,3.309436722750548621e-02,7.069495245062179523e-02,3.812728602779810044e-02,5.501097293343087252e-02,4.071689831748354083e-02,8.149231894659839104e-03,2.945135332845647338e-02,1.236283833211411845e-02,7.710314557425018700e-03,1.246525237746890988e-02,8.280907095830285225e-03,1.291880029261155763e-02,4.696415508412582658e-03,4.433065106071689548e-03,1.209948792977322621e-02,7.344550109729334163e-03,8.705193855157278282e-03,8.002926115581565636e-03,1.022677395757132408e-02,3.204096561814191550e-03,2.633504023408924592e-03,7.549378200438917018e-03,1.016825164594001470e-02,9.261155815654719195e-03,6.144842721287490858e-03,1.427944403803950262e-02,2.558888076079005036e-02,2.490124359912216506e-02,5.954645208485735350e-03,3.031455742501828685e-02,1.767373811265544881e-02,2.225310899780541182e-02,1.957571324067300736e-02,3.831748354059985595e-02,1.400146305779078303e-02,1.144111192392099560e-02,1.188002926115581601e-02,6.495976591075347181e-03,1.325530358449158660e-02,1.180687637161667927e-02,2.655449890270665525e-02,1.422092172640819323e-02,3.852231163130943881e-02,3.698610095098756739e-02,9.202633504023408073e-03,2.874908558888076074e-02,8.285296269202634123e-02,4.378931967812728365e-02,5.430870519385515988e-02,3.619604974396488373e-02,9.597659107534748171e-03,3.209948792977322662e-02
1.243599122165325518e-02,0.000000000000000000e+00,1.989758595464520899e-02,1.223116313094367233e-02,4.354059985369421876e-02,5.641550841258229781e-02,5.645940014630577986e-02,1.205559619604974417e-02,5.938551572787124921e-02,3.746891002194586984e-02,4.460863204096561507e-02,2.237015362106803060e-02,8.738844184345281874e-02,2.405267008046817895e-02,1.745427944403803860e-02,1.884418434528164002e-02,1.711777615215800963e-02,3.154352596927578745e-02,2.128749085588880693e-02,5.125091441111923746e-02,2.172640819312362734e-02,8.273591806876372245e-02,7.091441111923921237e-02,1.998536942209217307e-02,7.008046817849304666e-02,1.480029261155815790e-01,8.237015362106803185e-02,1.178200438917337278e-01,8.694952450621799833e-02,1.729334308705193779e-02,6.212143379663497000e-02,2.608632040965618015e-02,1.622531089978054147e-02,2.615947329919531689e-02,1.738112655449890187e-02,2.794440380395025667e-02,1.025603511338697878e-02,9.275786393562546542e-03,2.529626920263350343e-02,1.533284564740307158e-02,1.840526700804681615e-02,1.660570592538405249e-02,2.244330651060716733e-02,6.759326993416240291e-03,5.530358449158741425e-03,1.583028529626920311e-02,2.171177761521579999e-02,1.964886613021214409e-02,1.299195318215069436e-02,3.041697147037307827e-02,5.442574981711777865e-02,5.274323335771762683e-02,1.284564740307242089e-02,6.405267008046817978e-02,3.735186539868325106e-02,4.725676664228237178e-02,4.023408924652523838e-02,8.070226773957571431e-02,3.016825164594001338e-02,2.435991221653255323e-02,2.512070226773957526e-02,1.378200438917337282e-02,2.813460131675201217e-02,2.528163862472567608e-02,5.686905632772494557e-02,2.986100950987563910e-02,8.188734455010972246e-02,7.945866861741038290e-02,1.948792977322604328e-02,6.090709583028529328e-02,1.754791514264813501e-01,9.281638624725677134e-02,1.152304316020482805e-01,7.653255303584491354e-02,2.064374542794440368e-02,6.800292611558156342e-02
9.202633504023408073e-03,1.989758595464520899e-02,0.000000000000000000e+00,9.509875640087784091e-03,3.353328456474030661e-02,4.433065106071689548e-02,4.297000731528895223e-02,9.305047549378201235e-03,4.574981711777615506e-02,2.893928310168251625e-02,3.483540599853694048e-02,1.694220921726408147e-02,6.693489392831017404e-02,1.884418434528164002e-02,1.365032918800292670e-02,1.470373079736649567e-02,1.316752011704462252e-02,2.416971470373079772e-02,1.676664228237015331e-02,3.975128017556693594e-02,1.702999268471104555e-02,6.434528163862472672e-02,5.511338697878566395e-02,1.489392831016825118e-02,5.391367959034382151e-02,1.128749085588880707e-01,6.427212874908558304e-02,9.116313094367227421e-02,6.762253108997805240e-02,1.357717629846378997e-02,4.771031455742501953e-02,1.929773226042428777e-02,1.218727139722019029e-02,2.035113386978785674e-02,1.328456474030724130e-02,2.169714703730797264e-02,8.032187271397220329e-03,7.125091441111923961e-03,1.904901243599122287e-02,1.171909290416971519e-02,1.420629114850036588e-02,1.280175566934893885e-02,1.760058522311631207e-02,5.091441111923921022e-03,4.418434528163862202e-03,1.214337966349670825e-02,1.685442574981711739e-02,1.558156547183613821e-02,9.846378931967813067e-03,2.327724945135332957e-02,4.213606437454279346e-02,4.005852231163131022e-02,1.009509875640087796e-02,4.911485003657644482e-02,2.870519385515727870e-02,3.664959765910753148e-02,3.072421360643745256e-02,6.196049743964886919e-02,2.333577176298463896e-02,1.931236283833211512e-02,1.928310168251646042e-02,1.082662765179224530e-02,2.169714703730797264e-02,2.000000000000000042e-02,4.466715435259692446e-02,2.308705193855157406e-02,6.393562545720556101e-02,6.181419166057059572e-02,1.527432333577176220e-02,4.674469641550841464e-02,1.347915142648134501e-01,7.188002926115581726e-02,8.955376737381126606e-02,5.906364301389904758e-02,1.634235552304316025e-02,5.246525237746890724e-02
5.676664228237015761e-03,1.223116313094367233e-02,9.509875640087784091e-03,0.000000000000000000e+00,2.064374542794440368e-02,2.649597659107534586e-02,2.649597659107534586e-02,5.705925384052670454e-03,2.779809802487198320e-02,1.782004389173372227e-02,2.124359912216532489e-02,1.044623262618873429e-02,4.127286027798098000e-02,1.141185076810534091e-02,8.134601316752011757e-03,8.763716166788587669e-03,8.061448427212875023e-03,1.470373079736649567e-02,1.006583760058522327e-02,2.389173372348207813e-02,1.029992684711046082e-02,3.865398683247988493e-02,3.332845647403072376e-02,9.261155815654719195e-03,3.296269202633504009e-02,6.939283101682516830e-02,3.872713972201902166e-02,5.569861009509875782e-02,4.064374542794440409e-02,8.061448427212875023e-03,2.921726408193123584e-02,1.224579370885149968e-02,7.637161667885881099e-03,1.250914411119239192e-02,8.222384784198975838e-03,1.319678127286027722e-02,4.901243599122165513e-03,4.447695683979516895e-03,1.189465983906364335e-02,7.198244330651060695e-03,8.646671543525968895e-03,7.841989758595464821e-03,1.078273591806876326e-02,3.204096561814191550e-03,2.633504023408924592e-03,7.388441843452816203e-03,1.031455742501828816e-02,9.407461594732992663e-03,6.100950987564008818e-03,1.427944403803950262e-02,2.541331382589612220e-02,2.476956839795171894e-02,6.203365032918800245e-03,2.989027066569129379e-02,1.773226042428675819e-02,2.229700073152889386e-02,1.913679590343818696e-02,3.783467446964155351e-02,1.413313825896122915e-02,1.155815654718361438e-02,1.188002926115581601e-02,6.525237746891001875e-03,1.326993416239941395e-02,1.207022677395757151e-02,2.674469641550841423e-02,1.408924652523774711e-02,3.852231163130943881e-02,3.755669348939283392e-02,9.231894659839064501e-03,2.855888807607900523e-02,8.280907095830285225e-02,4.355523043160204610e-02,5.455742501828822477e-02,3.575713240673006332e-02,9.641550841258230212e-03,3.207022677395757193e-02
2.040965618141916613e-02,4.354059985369421876e-02,3.353328456474030661e-02,2.064374542794440368e-02,0.000000000000000000e+00,9.379663496708119663e-02,9.389904901243599500e-02,2.020482809070958327e-02,9.932699341623994760e-02,6.354059985369421570e-02,7.533284564740307110e-02,3.795171909290417228e-02,1.466130212143379741e-01,4.035113386978785716e-02,2.904169714703730767e-02,3.157278712509144214e-02,2.910021945866861706e-02,5.226042428675932439e-02,3.549378200438917108e-02,8.529626920263350121e-02,3.673738112655449556e-02,1.386686174103877178e-01,1.183321141185076780e-01,3.303584491587417682e-02,1.167520117044623246e-01,2.471250914411119159e-01,1.372933430870519333e-01,1.977176298463789450e-01,1.454279444038039382e-01,2.896854425749817094e-02,1.039209948792977345e-01,4.318946598390636243e-02,2.703730797366496116e-02,4.370153621068031957e-02,2.886613021214337951e-02,4.703730797366496158e-02,1.743964886613021126e-02,1.559619604974396556e-02,4.226773957571323959e-02,2.532553035844915812e-02,3.040234089246525093e-02,2.763716166788588238e-02,3.815654718361375514e-02,1.144111192392099560e-02,9.334308705193855929e-03,2.633504023408924505e-02,3.654718361375274005e-02,3.316752011704462294e-02,2.152158010241404448e-02,5.116313094367227338e-02,9.028529626920263340e-02,8.841258229700073301e-02,2.185808339429407346e-02,1.067300658376005851e-01,6.311631309436722959e-02,7.937088514996341881e-02,6.836869056327725402e-02,1.351719092904169750e-01,5.057790782735917950e-02,4.084857351865398695e-02,4.215069495245062081e-02,2.340892465252377569e-02,4.709583028529627097e-02,4.269202633504023264e-02,9.493782004389172968e-02,5.069495245062179828e-02,1.366788588149231987e-01,1.319385515727871383e-01,3.228968544257498213e-02,1.018727139722019059e-01,2.922165325530358682e-01,1.544842721287490728e-01,1.933284564740307132e-01,1.272128749085588983e-01,3.471836137527432170e-02,1.134455010972933442e-01
2.636430138990489974e-02,5.641550841258229781e-02,4.433065106071689548e-02,2.649597659107534586e-02,9.379663496708119663e-02,0.000000000000000000e+00,1.215069495245062192e-01,2.608632040965618015e-02,1.290563277249451302e-01,8.084857351865398778e-02,9.727871250914410517e-02,4.798829553767373912e-02,1.890416971470373075e-01,5.214337966349670561e-02,3.850768105340161146e-02,4.134601316752011674e-02,3.653255303584491270e-02,6.807607900512070709e-02,4.687637161667886077e-02,1.124067300658375956e-01,4.719824433065106239e-02,1.813313825896122888e-01,1.550548646671543462e-01,4.244330651060716775e-02,1.516313094367227610e-01,3.198390636430138989e-01,1.810534016093635623e-01,2.560790051207022522e-01,1.901828822238478545e-01,3.789319678127286289e-02,1.343818580833942844e-01,5.525969275786393742e-02,3.457205559619604823e-02,5.686905632772494557e-02,3.729334308705194168e-02,6.032187271397219941e-02,2.244330651060716733e-02,1.989758595464520899e-02,5.378200438917337539e-02,3.291880029261155804e-02,3.976591075347476328e-02,3.581565471836137271e-02,4.870519385515727911e-02,1.441111923920994874e-02,1.214337966349670825e-02,3.405998536942209109e-02,4.734455010972933586e-02,4.333577176298463590e-02,2.765179224579370973e-02,6.532553035844915201e-02,1.184198975859546421e-01,1.130504754937819989e-01,2.809070958302853013e-02,1.384784198975859415e-01,8.005852231163131105e-02,1.028968544257498202e-01,8.643745427944403426e-02,1.742209217264081844e-01,6.498902706656912998e-02,5.407461594732992233e-02,5.448427212874908804e-02,2.994879297732260318e-02,6.108266276517922144e-02,5.569861009509875782e-02,1.252670080468178404e-01,6.485735186539867692e-02,1.792392099487929713e-01,1.733284564740307232e-01,4.270665691294805999e-02,1.320994879297732183e-01,3.805413313825896093e-01,2.024725676664228258e-01,2.505486466715435290e-01,1.665398683247988343e-01,4.529626920263350731e-02,1.470373079736649602e-01
2.671543525969275953e-02,5.645940014630577986e-02,4.297000731528895223e-02,2.649597659107534586e-02,9.389904901243599500e-02,1.215069495245062192e-01,0.000000000000000000e+00,2.623262618873445362e-02,1.280175566934893816e-01,8.160936356986100981e-02,9.704462326261886762e-02,4.912948061448427217e-02,1.889392831016825092e-01,5.196781272860277745e-02,3.783467446964155351e-02,4.062911485003657674e-02,3.722019019751280494e-02,6.749085588880761322e-02,4.589612289685442853e-02,1.102121433796634936e-01,4.747622531089978198e-02,1.794147768836868995e-01,1.528310168251645895e-01,4.304316020482808897e-02,1.513386978785662140e-01,3.204242867593269928e-01,1.769861009509875738e-01,2.548646671543525755e-01,1.875054864667154431e-01,3.741038771031456045e-02,1.344111192392099530e-01,5.604974396488661414e-02,3.495245062179955925e-02,5.653255303584491659e-02,3.735186539868325106e-02,6.051207022677395492e-02,2.241404535479151264e-02,2.014630577907827388e-02,5.505486466715435456e-02,3.306510607168983151e-02,3.951719092904169839e-02,3.585954645208485475e-02,4.885149963423555258e-02,1.482077542062911445e-02,1.212874908558888090e-02,3.413313825896122783e-02,4.718361375274323505e-02,4.258961228968544122e-02,2.797366495976591136e-02,6.592538405267008017e-02,1.167081199707388495e-01,1.143087051938551507e-01,2.817849305047549421e-02,1.380541331382589554e-01,8.140453547915142696e-02,1.022823701536210717e-01,8.828090709583027995e-02,1.750694952450621844e-01,6.503291880029260508e-02,5.274323335771762683e-02,5.433796634967081457e-02,3.009509875640087664e-02,6.089246525237746593e-02,5.464520848573518885e-02,1.219604974396488600e-01,6.547183613752742548e-02,1.761228968544257534e-01,1.704169714703730742e-01,4.165325530358449102e-02,1.314850036576444836e-01,3.781419166057059522e-01,1.995610826627651768e-01,2.494220921726408302e-01,1.644915874177030057e-01,4.455010972933430569e-02,1.465106071689831757e-01
5.720555961960497801e-03,1.205559619604974417e-02,9.305047549378201235e-03,5.705925384052670454e-03,2.020482809070958327e-02,2.608632040965618015e-02,2.623262618873445362e-02,0.000000000000000000e+00,2.749085588880760891e-02,1.755669348939283003e-02,2.057059253840526694e-02,1.025603511338697878e-02,4.048280907095830328e-02,1.111923920994879224e-02,8.207754206291148491e-03,8.719824433065105629e-03,8.105340160936357063e-03,1.470373079736649567e-02,9.831748354059985720e-03,2.373079736649597732e-02,1.040234089246525225e-02,3.847841989758595677e-02,3.305047549378200417e-02,9.129480614484271339e-03,3.281638624725676662e-02,6.889539136795903851e-02,3.820043891733723718e-02,5.479151426481346232e-02,4.024871982443306573e-02,7.973664959765910942e-03,2.879297732260424278e-02,1.211411850768105355e-02,7.739575713240673394e-03,1.227505486466715437e-02,7.973664959765910942e-03,1.313825896122896783e-02,4.842721287490856126e-03,4.418434528163862202e-03,1.190929041697147070e-02,7.183613752743233348e-03,8.500365764447695427e-03,7.695683979517191353e-03,1.068032187271397183e-02,3.218727139722018897e-03,2.574981711777615204e-03,7.373811265544988856e-03,1.008046817849305062e-02,9.290416971470373889e-03,6.071689831748354124e-03,1.432333577176298466e-02,2.519385515727871200e-02,2.471104608632040955e-02,6.159473299195318205e-03,2.968544257498171093e-02,1.748354059985369330e-02,2.190197512801755550e-02,1.881492318946598533e-02,3.754206291148500657e-02,1.411850768105340180e-02,1.138258961228968622e-02,1.152889539136795968e-02,6.393562545720555754e-03,1.310899780541331314e-02,1.171909290416971519e-02,2.648134601316751852e-02,1.404535479151426507e-02,3.792245793708851759e-02,3.700073152889539474e-02,9.188002926115580726e-03,2.809070958302853013e-02,8.247256766642283021e-02,4.311631309436722570e-02,5.401609363569861294e-02,3.575713240673006332e-02,9.539136795903438784e-03,3.166057059253840622e-02
2.794440380395025667e-02,5.938551572787124921e-02,4.574981711777615506e-02,2.779809802487198320e-02,9.932699341623994760e-02,1.290563277249451302e-01,1.280175566934893816e-01,2.749085588880760891e-02,0.000000000000000000e+00,8.516459400146306202e-02,1.022970007315288921e-01,5.108997805413313664e-02,1.991953182150695001e-01,5.515727871250914599e-02,4.057059253840526736e-02,4.351133869787856406e-02,3.897585954645208656e-02,7.170446232626188909e-02,4.896854425749817136e-02,1.178346744696415482e-01,4.978785662033650278e-02,1.921287490855888846e-01,1.622238478419897600e-01,4.469641550841257915e-02,1.596488661302121470e-01,3.378931967812728865e-01,1.892318946598390561e-01,2.691880029261155549e-01,1.999707388441843425e-01,3.979517190929041798e-02,1.417556693489392949e-01,5.846378931967812637e-02,3.626920263350402046e-02,5.915142648134601167e-02,3.912216532553036002e-02,6.378931967812728754e-02,2.333577176298463896e-02,2.083394294074615918e-02,5.635698610095098843e-02,3.452816386247256619e-02,4.140453547915142613e-02,3.707388441843453147e-02,5.117776152158010072e-02,1.520117044623262546e-02,1.265544989027066539e-02,3.599122165325530087e-02,4.946598390636430115e-02,4.564740307242136363e-02,2.901243599122165298e-02,6.924652523774689483e-02,1.244623262618873433e-01,1.194001463057790813e-01,2.945135332845647338e-02,1.467446964155084133e-01,8.471104608632040733e-02,1.085735186539868308e-01,9.161667885881492890e-02,1.844184345281638659e-01,6.882223847841989484e-02,5.613752743233357823e-02,5.746891002194586678e-02,3.180687637161667969e-02,6.465252377468909406e-02,5.836137527432333494e-02,1.313825896122896852e-01,6.836869056327725402e-02,1.887637161667885810e-01,1.811850768105340292e-01,4.424286759326993140e-02,1.392392099487929635e-01,3.995757132406729806e-01,2.131528895391368028e-01,2.646525237746891190e-01,1.758302852962692064e-01,4.788588149231894769e-02,1.542355523043160148e-01
1.762984637893196677e-02,3.746891002194586984e-02,2.893928310168251625e-02,1.782004389173372227e-02,6.354059985369421570e-02,8.084857351865398778e-02,8.160936356986100981e-02,1.755669348939283003e-02,8.516459400146306202e-02,0.000000000000000000e+00,6.479882955376736753e-02,3.233357717629846417e-02,1.263057790782735890e-01,3.524506217995610619e-02,2.517922457937088465e-02,2.708119970738844320e-02,2.482809070958302833e-02,4.516459400146306119e-02,3.070958302852962521e-02,7.357717629846378948e-02,3.186539868324798908e-02,1.193708851499634266e-01,1.021360643745427982e-01,2.826627651792245829e-02,1.012435991221653231e-01,2.129188002926115653e-01,1.175859546452084903e-01,1.704608632040965632e-01,1.248134601316751996e-01,2.490124359912216506e-02,8.931967812728602851e-02,3.735186539868325106e-02,2.329188002926115691e-02,3.771762984637893473e-02,2.472567666422823690e-02,4.112655449890270654e-02,1.511338697878566138e-02,1.340160936356986181e-02,3.644476956839794862e-02,2.210680321872713835e-02,2.623262618873445362e-02,2.365764447695684058e-02,3.312362838332114090e-02,9.948792977322604494e-03,7.973664959765910942e-03,2.256035113386978957e-02,3.160204828090709683e-02,2.823701536210680360e-02,1.862472567666422982e-02,4.431602048280906814e-02,7.748354059985369802e-02,7.618141916605705721e-02,1.878566203365033063e-02,9.188002926115582114e-02,5.476225310899780763e-02,6.795903438185808831e-02,5.862472567666422718e-02,1.165325530358449213e-01,4.399414776883686651e-02,3.518653986832479680e-02,3.610826627651791965e-02,2.011704462326261919e-02,4.052670080468178532e-02,3.656181419166056740e-02,8.103877103145573635e-02,4.364301389904901018e-02,1.170446232626188715e-01,1.139575713240672944e-01,2.787125091441111993e-02,8.771031455742502037e-02,2.534747622531089983e-01,1.324359912216532542e-01,1.676810534016093535e-01,1.099926847110460904e-01,2.981711777615215705e-02,9.739575713240672394e-02
2.095098756400877796e-02,4.460863204096561507e-02,3.483540599853694048e-02,2.124359912216532489e-02,7.533284564740307110e-02,9.727871250914410517e-02,9.704462326261886762e-02,2.057059253840526694e-02,1.022970007315288921e-01,6.479882955376736753e-02,0.000000000000000000e+00,3.862472567666423023e-02,1.501682516459400263e-01,4.185808339429407388e-02,3.044623262618873297e-02,3.286027798098024866e-02,2.942209217264081869e-02,5.367959034381858396e-02,3.673738112655449556e-02,8.833942940746158934e-02,3.752743233357717922e-02,1.428675932699341733e-01,1.222238478419897523e-01,3.348939283101682457e-02,1.199122165325530315e-01,2.545720555961960563e-01,1.431602048280907202e-01,2.036430138990490135e-01,1.502999268471104655e-01,2.967081199707388359e-02,1.067739575713240741e-01,4.377468910021945631e-02,2.759326993416240034e-02,4.517922457937088854e-02,2.961228968544257420e-02,4.825164594001463136e-02,1.795171909290416840e-02,1.588880760790051250e-02,4.242867593269934040e-02,2.601316752011704342e-02,3.145574250182882337e-02,2.826627651792245829e-02,3.915142648134601472e-02,1.147037307973665030e-02,9.612289685442575518e-03,2.712509144111192524e-02,3.760058522311631596e-02,3.417702999268470987e-02,2.193123628383321019e-02,5.237746891002194316e-02,9.344550109729334031e-02,9.027066569129481299e-02,2.248719824433064937e-02,1.098024871982443279e-01,6.433065106071689243e-02,8.204828090709583022e-02,6.997805413313826217e-02,1.385954645208485603e-01,5.211411850768105092e-02,4.244330651060716775e-02,4.324798829553767182e-02,2.386247256766642344e-02,4.854425749817117830e-02,4.414045354791513998e-02,9.852231163130943659e-02,5.149963423555230235e-02,1.415801024140453668e-01,1.365764447695684003e-01,3.312362838332114090e-02,1.050182882223847786e-01,3.017702999268471187e-01,1.596927578639356360e-01,1.986100950987564062e-01,1.315288953913679726e-01,3.584491587417702740e-02,1.167373811265545042e-01
1.091441111923920938e-02,2.237015362106803060e-02,1.694220921726408147e-02,1.044623262618873429e-02,3.795171909290417228e-02,4.798829553767373912e-02,4.912948061448427217e-02,1.025603511338697878e-02,5.108997805413313664e-02,3.233357717629846417e-02,3.862472567666423023e-02,0.000000000000000000e+00,7.547915142648134457e-02,2.065837600585223102e-02,1.505486466715435200e-02,1.632772494513533290e-02,1.476225310899780506e-02,2.686174103877103300e-02,1.830285296269202472e-02,4.381858083394293835e-02,1.884418434528164002e-02,7.128017556693488910e-02,6.079005120702267451e-02,1.714703730797366432e-02,6.033650329188002676e-02,1.279882955376737408e-01,7.025603511338697482e-02,1.015654718361375247e-01,7.454279444038039437e-02,1.486466715435259649e-02,5.363569861009510192e-02,2.269202633504023570e-02,1.407461594732991976e-02,2.254572055596196223e-02,1.504023408924652465e-02,2.411119239209948834e-02,8.851499634235551750e-03,7.841989758595464821e-03,2.181419166057059142e-02,1.326993416239941395e-02,1.565471836137527495e-02,1.417702999268471119e-02,1.938551572787125185e-02,5.866861741038771269e-03,4.769568397951719392e-03,1.391367959034381895e-02,1.858083394294074778e-02,1.695683979517190881e-02,1.126554498902706571e-02,2.656912948061448260e-02,4.653986832479883179e-02,4.560351133869788159e-02,1.098756400877834612e-02,5.504023408924652722e-02,3.230431602048280948e-02,4.073152889539136817e-02,3.552304316020482577e-02,6.989027066569129809e-02,2.633504023408924505e-02,2.089246525237746857e-02,2.163862472567666326e-02,1.198244330651060743e-02,2.428675932699341650e-02,2.163862472567666326e-02,4.829553767373811340e-02,2.633504023408924505e-02,7.000731528895391687e-02,6.734455010972933975e-02,1.657644476956839780e-02,5.250914411119238928e-02,1.502414045354791561e-01,7.926847110460863433e-02,9.916605705925383984e-02,6.554498902706656915e-02,1.777615215801024023e-02,5.822970007315288882e-02
4.109729334308705184e-02,8.738844184345281874e-02,6.693489392831017404e-02,4.127286027798098000e-02,1.466130212143379741e-01,1.890416971470373075e-01,1.889392831016825092e-01,4.048280907095830328e-02,1.991953182150695001e-01,1.263057790782735890e-01,1.501682516459400263e-01,7.547915142648134457e-02,0.000000000000000000e+00,8.090709583028529717e-02,5.878566203365032800e-02,6.324798829553766877e-02,5.714703730797366515e-02,1.049451353328456488e-01,7.129480614484272338e-02,1.714264813460131542e-01,7.363569861009509887e-02,2.782882223847841785e-01,2.374396488661301985e-01,6.613021214337966303e-02,2.354352596927578589e-01,4.965325530358449257e-01,2.750841258229699826e-01,3.963569861009509920e-01,2.916898317483540559e-01,5.822970007315288882e-02,2.082223847841989661e-01,8.703730797366496241e-02,5.401609363569861294e-02,8.763716166788587669e-02,5.792245793708851453e-02,9.395757132406730439e-02,3.471836137527432170e-02,3.097293343087052092e-02,8.487198244330651509e-02,5.138258961228968358e-02,6.137527432333576838e-02,5.524506217995611007e-02,7.584491587417703518e-02,2.297000731528895529e-02,1.869787856620336655e-02,5.274323335771762683e-02,7.319678127286027847e-02,6.637893196781273486e-02,4.327724945135332651e-02,1.023262618873445468e-01,1.810241404535479215e-01,1.768544257498171068e-01,4.349670811997073672e-02,2.133869787856620404e-01,1.260863204096561718e-01,1.588588149231894564e-01,1.353913679590343921e-01,2.712948061448427484e-01,1.011704462326261933e-01,8.229700073152890205e-02,8.438917337234820570e-02,4.670080468178493260e-02,9.439648866130212479e-02,8.554498902706657304e-02,1.896415508412582218e-01,1.013021214337966325e-01,2.737381126554498945e-01,2.656181419166057101e-01,6.494513533284564100e-02,2.040965618141916682e-01,5.876079005120702359e-01,3.090709583028529717e-01,3.885588880760790231e-01,2.552596927578639208e-01,6.933430870519385891e-02,2.271689831748354149e-01
1.107534747622531020e-02,2.405267008046817895e-02,1.884418434528164002e-02,1.141185076810534091e-02,4.035113386978785716e-02,5.214337966349670561e-02,5.196781272860277745e-02,1.111923920994879224e-02,5.515727871250914599e-02,3.524506217995610619e-02,4.185808339429407388e-02,2.065837600585223102e-02,8.090709583028529717e-02,0.000000000000000000e+00,1.599122165325530392e-02,1.762984637893196677e-02,1.597659107534747658e-02,2.886613021214337951e-02,1.991221653255303634e-02,4.744696415508412729e-02,2.005852231163130980e-02,7.656181419166056823e-02,6.572055596196049732e-02,1.795171909290416840e-02,6.456474030724212998e-02,1.358888076079005081e-01,7.670811997073884170e-02,1.097293343087051981e-01,8.112655449890270043e-02,1.616678858814923209e-02,5.692757863935625495e-02,2.340892465252377569e-02,1.467446964155084098e-02,2.415508412582297038e-02,1.588880760790051250e-02,2.554498902706656832e-02,9.743964886613021639e-03,8.617410387710314201e-03,2.289685442574981855e-02,1.379663496708120017e-02,1.688368690563277208e-02,1.525969275786393485e-02,2.124359912216532489e-02,6.217995610826627592e-03,5.208485735186539796e-03,1.442574981711777608e-02,2.043891733723482082e-02,1.821506949524506064e-02,1.171909290416971519e-02,2.804681784930504809e-02,5.012435991221653175e-02,4.831016825164594075e-02,1.220190197512801764e-02,5.897585954645208350e-02,3.485003657644476782e-02,4.418434528163862202e-02,3.757132406730066126e-02,7.422092172640819274e-02,2.798829553767373871e-02,2.297000731528895529e-02,2.346744696415508508e-02,1.288953913679590293e-02,2.613021214337966219e-02,2.393562545720556017e-02,5.302121433796634642e-02,2.781272860277981054e-02,7.591806876371616497e-02,7.348939283101682540e-02,1.798098024871982309e-02,5.651792245793708924e-02,1.614776883686905584e-01,8.536942209217264488e-02,1.063643013899048945e-01,7.041697147037308258e-02,1.932699341623994246e-02,6.257498171177761082e-02
8.295537673738112572e-03,1.745427944403803860e-02,1.365032918800292670e-02,8.134601316752011757e-03,2.904169714703730767e-02,3.850768105340161146e-02,3.783467446964155351e-02,8.207754206291148491e-03,4.057059253840526736e-02,2.517922457937088465e-02,3.044623262618873297e-02,1.505486466715435200e-02,5.878566203365032800e-02,1.599122165325530392e-02,0.000000000000000000e+00,1.294806144842721232e-02,1.152889539136795968e-02,2.121433796634967020e-02,1.452816386247256751e-02,3.501097293343086864e-02,1.473299195318215037e-02,5.653255303584491659e-02,4.813460131675201259e-02,1.340160936356986181e-02,4.700804681784930689e-02,9.988295537673738678e-02,5.644476956839795251e-02,7.945866861741038290e-02,5.923920994879297575e-02,1.180687637161667927e-02,4.182882223847841918e-02,1.727871250914411044e-02,1.082662765179224530e-02,1.758595464520848473e-02,1.147037307973665030e-02,1.865398683247988451e-02,6.905632772494513759e-03,6.217995610826627592e-03,1.692757863935625412e-02,1.019751280175566939e-02,1.243599122165325518e-02,1.119239209948792897e-02,1.506949524506217934e-02,4.535479151426480976e-03,3.730797366495976469e-03,1.075347476225310857e-02,1.479151426481345975e-02,1.329919531821506865e-02,8.675932699341623588e-03,2.036576444769568409e-02,3.723482077542063229e-02,3.537673738112655231e-02,8.792977322604242363e-03,4.318946598390636243e-02,2.522311631309436669e-02,3.221653255303584540e-02,2.744696415508412687e-02,5.451353328456474273e-02,2.027798098024872001e-02,1.670811997073884392e-02,1.694220921726408147e-02,9.334308705193855929e-03,1.904901243599122287e-02,1.723482077542062840e-02,3.871250914411119431e-02,2.023408924652523797e-02,5.558156547183613905e-02,5.373811265544989335e-02,1.329919531821506865e-02,4.117044623262618858e-02,1.190782735918068796e-01,6.316020482809070469e-02,7.779078273591806536e-02,5.204096561814191418e-02,1.404535479151426507e-02,4.586686174103877384e-02
8.866130212143379097e-03,1.884418434528164002e-02,1.470373079736649567e-02,8.763716166788587669e-03,3.157278712509144214e-02,4.134601316752011674e-02,4.062911485003657674e-02,8.719824433065105629e-03,4.351133869787856406e-02,2.708119970738844320e-02,3.286027798098024866e-02,1.632772494513533290e-02,6.324798829553766877e-02,1.764447695683979411e-02,1.294806144842721232e-02,0.000000000000000000e+00,1.252377468910021927e-02,2.267739575713240835e-02,1.562545720555962026e-02,3.782004389173372616e-02,1.572787125091441168e-02,6.079005120702267451e-02,5.190929041697146806e-02,1.423555230431602057e-02,5.068032187271397093e-02,1.072567666422823696e-01,6.067300658376005573e-02,8.566203365032919181e-02,6.421360643745427366e-02,1.288953913679590293e-02,4.487198244330650732e-02,1.850768105340161104e-02,1.136795903438185887e-02,1.863935625457205716e-02,1.230431602048280906e-02,2.036576444769568409e-02,7.432333577176298244e-03,6.525237746891001875e-03,1.792245793708851370e-02,1.092904169714703673e-02,1.310899780541331314e-02,1.174835405998536988e-02,1.623994147768836882e-02,4.842721287490856126e-03,3.979517190929041798e-03,1.142648134601316826e-02,1.584491587417703046e-02,1.444038039502560343e-02,9.261155815654719195e-03,2.204828090709582897e-02,3.985369422092172736e-02,3.803950256035113636e-02,9.334308705193855929e-03,4.648134601316752240e-02,2.702267739575713382e-02,3.471836137527432170e-02,2.904169714703730767e-02,5.913679590343818432e-02,2.223847841989758448e-02,1.799561082662765044e-02,1.836137527432333411e-02,1.012435991221653266e-02,2.039502560351133878e-02,1.855157278712509308e-02,4.187271397220190122e-02,2.200438917337234693e-02,6.017556693489392594e-02,5.761521580102414025e-02,1.404535479151426507e-02,4.427212874908558610e-02,1.266861741038771139e-01,6.756400877834674301e-02,8.431602048280907591e-02,5.606437454279444149e-02,1.536210680321872628e-02,4.911485003657644482e-02
8.105340160936357063e-03,1.711777615215800963e-02,1.316752011704462252e-02,8.061448427212875023e-03,2.910021945866861706e-02,3.653255303584491270e-02,3.722019019751280494e-02,8.105340160936357063e-03,3.897585954645208656e-02,2.482809070958302833e-02,2.942209217264081869e-02,1.476225310899780506e-02,5.714703730797366515e-02,1.597659107534747658e-02,1.152889539136795968e-02,1.252377468910021927e-02,0.000000000000000000e+00,2.042428675932699347e-02,1.386978785662033690e-02,3.357717629846378865e-02,1.451353328456474016e-02,5.464520848573518885e-02,4.639356254572055832e-02,1.287490855888807559e-02,4.621799561082663016e-02,9.707388441843452231e-02,5.366495976591075662e-02,7.779078273591806536e-02,5.732260424286759332e-02,1.151426481346013234e-02,4.064374542794440409e-02,1.702999268471104555e-02,1.060716898317483510e-02,1.689831748354059943e-02,1.117776152158010163e-02,1.866861741038771186e-02,6.832479882955377025e-03,6.057059253840526777e-03,1.653255303584491576e-02,9.934162399414777148e-03,1.179224579370885193e-02,1.068032187271397183e-02,1.512801755669348873e-02,4.491587417702998936e-03,3.555230431602048307e-03,1.040234089246525225e-02,1.430870519385515731e-02,1.291880029261155763e-02,8.485735186539868080e-03,2.042428675932699347e-02,3.547915142648134373e-02,3.482077542062911313e-02,8.558888076079004814e-03,4.198975859546452000e-02,2.493050475493781976e-02,3.114850036576444908e-02,2.648134601316751852e-02,5.312362838332113785e-02,2.024871982443306531e-02,1.590343818580833984e-02,1.650329188002926106e-02,9.217264081931235420e-03,1.850768105340161104e-02,1.666422823701536188e-02,3.710314557425018617e-02,1.992684711046086368e-02,5.337234820775420968e-02,5.157278712509143909e-02,1.250914411119239192e-02,4.005852231163131022e-02,1.153182150694952446e-01,6.040965618141916349e-02,7.609363569861009313e-02,5.054864667154352481e-02,1.369422092172640874e-02,4.435991221653255018e-02
1.482077542062911445e-02,3.154352596927578745e-02,2.416971470373079772e-02,1.470373079736649567e-02,5.226042428675932439e-02,6.807607900512070709e-02,6.749085588880761322e-02,1.470373079736649567e-02,7.170446232626188909e-02,4.516459400146306119e-02,5.367959034381858396e-02,2.686174103877103300e-02,1.049451353328456488e-01,2.886613021214337951e-02,2.121433796634967020e-02,2.267739575713240835e-02,2.042428675932699347e-02,0.000000000000000000e+00,2.569129480614484179e-02,6.209217264081931531e-02,2.640819312362838178e-02,1.005267008046817900e-01,8.580833942940746528e-02,2.387710314557425079e-02,8.406730065837600407e-02,1.782004389173372227e-01,9.947329919531822107e-02,1.420775420629114827e-01,1.054572055596195990e-01,2.105340160936356939e-02,7.439648866130212090e-02,3.120702267739575847e-02,1.948792977322604328e-02,3.130943672275054990e-02,2.071689831748354041e-02,3.347476225310899722e-02,1.236283833211411845e-02,1.114850036576444693e-02,3.040234089246525093e-02,1.824433065106071533e-02,2.203365032918800162e-02,1.992684711046086368e-02,2.706656912948061586e-02,8.163862472567666451e-03,6.613021214337965956e-03,1.901975128017556818e-02,2.615947329919531689e-02,2.373079736649597732e-02,1.546452084857351944e-02,3.657644476956839474e-02,6.561814191660571283e-02,6.329188002926115775e-02,1.561082662765179291e-02,7.694220921726407925e-02,4.474030724213606119e-02,5.695683979517190965e-02,4.810534016093635790e-02,9.722019019751279578e-02,3.632772494513532985e-02,2.961228968544257420e-02,3.041697147037307827e-02,1.669348939283101657e-02,3.392831016825164497e-02,3.051938551572786970e-02,6.896854425749816830e-02,3.631309436722750250e-02,9.904901243599122107e-02,9.561082662765178763e-02,2.349670811997073977e-02,7.344550109729333642e-02,2.113825896122896730e-01,1.116898317483540626e-01,1.392538405267008117e-01,9.250914411119239011e-02,2.497439648866130180e-02,8.156547183613752083e-02
1.003657644476956858e-02,2.128749085588880693e-02,1.676664228237015331e-02,1.006583760058522327e-02,3.549378200438917108e-02,4.687637161667886077e-02,4.589612289685442853e-02,9.831748354059985720e-03,4.896854425749817136e-02,3.070958302852962521e-02,3.673738112655449556e-02,1.830285296269202472e-02,7.129480614484272338e-02,1.991221653255303634e-02,1.452816386247256751e-02,1.562545720555962026e-02,1.386978785662033690e-02,2.569129480614484179e-02,0.000000000000000000e+00,4.239941477688368571e-02,1.792245793708851370e-02,6.860277980980249157e-02,5.866861741038770922e-02,1.602048280907095862e-02,5.726408193123628393e-02,1.206583760058522331e-01,6.854425749817118219e-02,9.704462326261886762e-02,7.176298463789319848e-02,1.441111923920994874e-02,5.057790782735917950e-02,2.067300658376005837e-02,1.316752011704462252e-02,2.152158010241404448e-02,1.411850768105340180e-02,2.288222384784199120e-02,8.471104608632040733e-03,7.607900512070226405e-03,2.029261155815654735e-02,1.246525237746890988e-02,1.514264813460131608e-02,1.357717629846378997e-02,1.875640087783467594e-02,5.427944403803949998e-03,4.637893196781273271e-03,1.300658376005852171e-02,1.780541331382589493e-02,1.643013899049012433e-02,1.056327724945135306e-02,2.482809070958302833e-02,4.491587417702998936e-02,4.283833211411850611e-02,1.063643013899048979e-02,5.239209948792977051e-02,3.032918800292611419e-02,3.903438185808339594e-02,3.297732260424286743e-02,6.611558156547184262e-02,2.488661302121433772e-02,2.042428675932699347e-02,2.045354791514264817e-02,1.135332845647403152e-02,2.313094367227505610e-02,2.109729334308705143e-02,4.709583028529627097e-02,2.456474030724213609e-02,6.772494513533285077e-02,6.544257498171177079e-02,1.603511338697878597e-02,4.990490124359912155e-02,1.436722750548646566e-01,7.641550841258229476e-02,9.461594732991952805e-02,6.289685442574981245e-02,1.730797366495976514e-02,5.564008778346744843e-02
2.395025603511338752e-02,5.125091441111923746e-02,3.975128017556693594e-02,2.389173372348207813e-02,8.529626920263350121e-02,1.124067300658375956e-01,1.102121433796634936e-01,2.373079736649597732e-02,1.178346744696415482e-01,7.357717629846378948e-02,8.833942940746158934e-02,4.381858083394293835e-02,1.714264813460131542e-01,4.744696415508412729e-02,3.501097293343086864e-02,3.782004389173372616e-02,3.357717629846378865e-02,6.209217264081931531e-02,4.239941477688368571e-02,0.000000000000000000e+00,4.266276517922457795e-02,1.651645940014630498e-01,1.400438917337234745e-01,3.849305047549378411e-02,1.373518653986832427e-01,2.905486466715435090e-01,1.645354791514264947e-01,2.317483540599853675e-01,1.731821506949524636e-01,3.430870519385515599e-02,1.219458668617410396e-01,4.993416239941477625e-02,3.139722019019751398e-02,5.135332845647402888e-02,3.376737381126554416e-02,5.468910021945867089e-02,2.026335040234089266e-02,1.806876371616678717e-02,4.835405998536942279e-02,2.978785662033650236e-02,3.596196049743964618e-02,3.224579370885150009e-02,4.415508412582296732e-02,1.303584491587417640e-02,1.107534747622531020e-02,3.087051938551572949e-02,4.277980980248719672e-02,3.915142648134601472e-02,2.498902706656912914e-02,5.926847110460863044e-02,1.078127286027798087e-01,1.026481346013167484e-01,2.538405267008046751e-02,1.266715435259692657e-01,7.284564740307242214e-02,9.353328456474030439e-02,7.865398683247988576e-02,1.583613752743233405e-01,5.929773226042428513e-02,4.833942940746159544e-02,4.968544257498171135e-02,2.728602779809802606e-02,5.562545720555962109e-02,5.037307973664959665e-02,1.140599853694220928e-01,5.849305047549378106e-02,1.631602048280907102e-01,1.566788588149231887e-01,3.828822238478420126e-02,1.203072421360643768e-01,3.444184345281638415e-01,1.848573518653986725e-01,2.275786393562545806e-01,1.518361375274323299e-01,4.140453547915142613e-02,1.330065837600585277e-01
1.038771031455742490e-02,2.172640819312362734e-02,1.702999268471104555e-02,1.029992684711046082e-02,3.673738112655449556e-02,4.719824433065106239e-02,4.747622531089978198e-02,1.040234089246525225e-02,4.978785662033650278e-02,3.186539868324798908e-02,3.752743233357717922e-02,1.884418434528164002e-02,7.363569861009509887e-02,2.005852231163130980e-02,1.473299195318215037e-02,1.572787125091441168e-02,1.451353328456474016e-02,2.640819312362838178e-02,1.792245793708851370e-02,4.266276517922457795e-02,0.000000000000000000e+00,6.940746159473298871e-02,6.017556693489392594e-02,1.669348939283101657e-02,5.894659839063642881e-02,1.245062179956108322e-01,6.874908558888076504e-02,9.937088514996342270e-02,7.255303584491587521e-02,1.457205559619604955e-02,5.221653255303584235e-02,2.179956108266276407e-02,1.385515727871250956e-02,2.223847841989758448e-02,1.451353328456474016e-02,2.354059985369422181e-02,8.749085588880760322e-03,7.915142648134601555e-03,2.147768836869056244e-02,1.291880029261155763e-02,1.552304316020482883e-02,1.403072421360643772e-02,1.906364301389905022e-02,5.822970007315289229e-03,4.623262618873445924e-03,1.354791514264813528e-02,1.833211411850767941e-02,1.654718361375274310e-02,1.108997805413313754e-02,2.569129480614484179e-02,4.553035844915874486e-02,4.457937088514996038e-02,1.103145574250182816e-02,5.331382589612290029e-02,3.164594001463057887e-02,3.985369422092172736e-02,3.451353328456473885e-02,6.781272860277981485e-02,2.513533284564740261e-02,2.079005120702267714e-02,2.096561814191660530e-02,1.155815654718361438e-02,2.358449158741770385e-02,2.134601316752011632e-02,4.737381126554499056e-02,2.541331382589612220e-02,6.831016825164594464e-02,6.659839063643013812e-02,1.664959765910753453e-02,5.094367227505486317e-02,1.488368690563277308e-01,7.767373811265544659e-02,9.738112655449890354e-02,6.438917337234820182e-02,1.729334308705193779e-02,5.735186539868324801e-02
