0.000000000000000000e+00,1.799904005119726952e-02,1.158604874406698321e-02,5.586368727001226990e-03,2.067889712548664008e-02,3.433150231987627116e-02,3.883792864380566229e-02,1.002613193962988668e-02,4.255773025438643054e-02,2.477201215935150025e-02,3.197162817983040944e-02,2.035891419124313470e-02,5.819689616553783834e-02,1.577249213375286549e-02,1.447922777451869300e-02,1.283931523652071839e-02,8.652871846834836109e-03,2.105221054877073200e-02,1.931896965495173701e-02,3.198496080209055348e-02,2.061223401418590950e-02,5.158391552450535683e-02,5.513039304570423182e-02,1.703909124846674991e-02,4.105114393898991881e-02,9.546157538264625486e-02,5.191723108100901318e-02,7.126286598048103826e-02,5.123726734574156338e-02,1.263932590261852666e-02,3.557143619006986057e-02,1.493253693136366127e-02,9.466161804703748794e-03,1.503919790944482915e-02,1.019945602901178687e-02,1.481254333102234588e-02,5.799690683163564488e-03,5.359714148578742857e-03,1.391925763959255512e-02,8.906191669777612646e-03,1.169270972214815282e-02,8.439549890672496876e-03,1.083942189749879936e-02,2.933176897232147532e-03,5.386379393099034393e-03,1.113273958722201494e-02,1.621246866833768799e-02,1.825235987414004432e-02,7.159618153698469288e-03,2.523865393845661428e-02,3.673137432670257885e-02,4.310436776705242612e-02,9.492827049224042066e-03,4.373100101327929284e-02,2.551863900591968409e-02,3.782464935203455614e-02,2.805183723534744947e-02,5.761026078609141066e-02,1.438589941869766915e-02,1.494586955362380704e-02,1.605247720121593530e-02,9.172844114980534952e-03,1.698576075942616337e-02,2.093221694842941835e-02,3.699802677190550115e-02,1.998560076795904278e-02,5.237054023785397971e-02,5.141059143512345664e-02,1.325262652658524935e-02,4.110447442803050189e-02,1.170604234440829755e-01,5.755693029705082064e-02,7.079622420137592076e-02,5.394378966455122548e-02,1.159938136632712898e-02,3.686470054930404000e-02
1.799904005119726952e-02,0.000000000000000000e+00,1.894565623166764509e-02,9.252839848541411297e-03,3.421150871953496098e-02,5.637032691589782124e-02,6.407658258226227310e-02,1.599914671217535223e-02,7.151618580342382347e-02,4.023785398112100786e-02,5.307716921764172452e-02,3.207828915791157559e-02,9.696816169804277352e-02,2.641192469734947312e-02,2.321209535491440545e-02,2.139885872753453239e-02,1.425257319609620800e-02,3.527811850034665020e-02,3.182496933496880426e-02,5.335715428510479780e-02,3.239827209215508791e-02,8.623540077862514031e-02,8.960855421044211511e-02,2.727854514425897409e-02,6.806303663804597059e-02,1.541517785718095057e-01,8.632872913444616936e-02,1.189003253159831436e-01,8.588875259986133992e-02,2.167884379499759873e-02,5.830355714361900449e-02,2.439869873606740833e-02,1.555917017759052799e-02,2.435870086928697276e-02,1.670577569196309703e-02,2.473201429257106121e-02,9.679483760866086292e-03,8.666204469094981877e-03,2.311876699909338334e-02,1.481254333102234588e-02,1.909231507652925028e-02,1.405258386219401627e-02,1.857234280838355317e-02,4.893072369473627954e-03,8.666204469094981877e-03,1.715908484880806356e-02,2.711855367713721793e-02,3.007839581888965830e-02,1.193269692283078186e-02,4.115780491707109190e-02,6.090341848434750044e-02,7.131619646952162828e-02,1.562583328889126030e-02,7.348941389792544576e-02,4.202442536398058592e-02,6.169004319769612332e-02,4.394432296944163208e-02,9.582155618367020622e-02,2.423870726894565564e-02,2.429203775798624218e-02,2.703855794357634332e-02,1.515919150978614453e-02,2.827849181376993273e-02,3.421150871953496098e-02,6.159671484187510121e-02,3.154498426750573098e-02,8.768865660498106895e-02,8.388885926083941569e-02,2.085222121486854027e-02,6.846301530585036099e-02,1.907231614313903145e-01,9.650151991893765602e-02,1.183536878033171619e-01,9.014185910084795972e-02,1.974561356727641201e-02,6.066343128366487314e-02
1.158604874406698321e-02,1.894565623166764509e-02,0.000000000000000000e+00,5.933016905765025641e-03,2.199882672924110757e-02,3.599808010239453904e-02,4.081115673830729151e-02,1.029278438483280898e-02,4.577089221908164918e-02,2.565196522852114525e-02,3.383819529625086558e-02,2.046557516932430432e-02,6.193003039837875062e-02,1.673244093648338857e-02,1.493253693136366127e-02,1.363927257212948704e-02,9.132846248200095912e-03,2.267879046450856084e-02,2.017225747960108700e-02,3.382486267399072155e-02,2.062556663644605701e-02,5.519705615700495893e-02,5.759692816383125968e-02,1.751906564983200798e-02,4.363767265745827073e-02,9.870140259186176157e-02,5.489040584502159759e-02,7.618260359447495689e-02,5.482374273372087048e-02,1.359927470534904800e-02,3.754466428457148980e-02,1.579915737827316050e-02,1.015945816223134783e-02,1.566583115567169587e-02,1.081275665297850783e-02,1.571916164471228242e-02,6.239667217748386986e-03,5.573036104741080354e-03,1.507919577622526819e-02,9.559490160524772642e-03,1.230601034611487378e-02,9.092848381419656872e-03,1.193269692283078186e-02,3.199829342435070272e-03,5.586368727001226990e-03,1.094608287557996898e-02,1.703909124846674991e-02,1.937230014399232009e-02,7.799584022185483516e-03,2.631859634152845101e-02,3.925123993387019672e-02,4.598421417524398841e-02,9.919470961548717061e-03,4.741080475707962205e-02,2.663857927577195986e-02,3.954455762359340709e-02,2.779851741240467120e-02,6.169004319769612332e-02,1.562583328889126030e-02,1.553250493307023646e-02,1.721241533784864663e-02,9.692816383126233795e-03,1.818569676283931374e-02,2.201215935150125161e-02,3.933123566743106786e-02,2.009226174604021239e-02,5.618367020425577008e-02,5.383712868647005240e-02,1.347928110500773262e-02,4.371766839101914881e-02,1.220734894138979232e-01,6.145005599701349602e-02,7.551597248146765806e-02,5.769025651965228180e-02,1.254599754679750455e-02,3.902458535544770651e-02
5.586368727001226990e-03,9.252839848541411297e-03,5.933016905765025641e-03,0.000000000000000000e+00,1.077275878619806879e-02,1.781238333955522529e-02,2.026558583542210912e-02,5.066396458855527279e-03,2.258546210868753526e-02,1.281264999200042685e-02,1.690576502586528876e-02,1.013279291771105456e-02,3.085168790997813368e-02,8.172897445469574570e-03,7.346274865340515249e-03,6.692976374593355253e-03,4.586422057490267476e-03,1.125273318756333032e-02,9.986134072849447638e-03,1.655911684710148837e-02,1.015945816223134783e-02,2.690523172097488216e-02,2.811850034664818004e-02,8.599541357794251301e-03,2.150551970561570200e-02,4.834408831528985012e-02,2.695856221001546524e-02,3.762466001813236788e-02,2.706522318809663485e-02,6.639645885552770445e-03,1.863900591968428375e-02,8.039571222868113418e-03,5.066396458855527279e-03,7.826249266705775920e-03,5.413044637619326797e-03,7.746253533144898708e-03,3.079835742093754887e-03,2.719854941069809601e-03,7.639592555063729959e-03,4.866407124953335550e-03,6.146338861927364006e-03,4.586422057490267476e-03,5.866353794464295064e-03,1.626579915737827323e-03,2.693189696549517197e-03,5.239720548237427472e-03,8.319556290331181492e-03,9.532824916004479371e-03,3.879793077702522672e-03,1.307930243720334916e-02,1.935896752173217258e-02,2.313209962135352737e-02,4.933070236254066127e-03,2.323876059943469699e-02,1.333262226014612570e-02,1.999893339021918681e-02,1.366593781664977858e-02,3.075835955415711157e-02,7.679590421844168131e-03,7.786251399925337748e-03,8.492880379713081684e-03,4.839741880433043146e-03,8.986187403338488991e-03,1.086608714201909263e-02,1.919897605461041989e-02,9.999466695109593406e-03,2.726521252199882658e-02,2.629193109700815947e-02,6.519652285211455060e-03,2.167884379499759873e-02,5.995680230387712834e-02,3.014505893019038887e-02,3.751799904005119479e-02,2.823849394698949369e-02,6.106340995146925833e-03,1.938563276625246759e-02
2.067889712548664008e-02,3.421150871953496098e-02,2.199882672924110757e-02,1.077275878619806879e-02,0.000000000000000000e+00,6.582315609834142600e-02,7.560930083728867324e-02,1.873233427550530586e-02,8.372886779371767341e-02,4.773078769132312743e-02,6.286331395658897869e-02,3.758466215135192884e-02,1.144205642365740544e-01,3.073169430963682003e-02,2.677190549837342101e-02,2.489200575969281737e-02,1.686576715908484972e-02,4.155778358487547536e-02,3.697136152738520615e-02,6.178337155351714544e-02,3.773132099621353402e-02,9.990133859527491889e-02,1.035411444722948160e-01,3.159831475654632099e-02,8.028905125059997150e-02,1.791504453095834892e-01,1.003946456189003245e-01,1.395792224414697802e-01,1.005546370860220806e-01,2.517199082715588371e-02,6.800970614900538058e-02,2.937176683910191349e-02,1.837235347448136144e-02,2.822516132472934619e-02,1.970561570049597297e-02,2.897178817129753003e-02,1.133272892112420667e-02,9.959468828329156101e-03,2.785184790144525774e-02,1.763905925017332510e-02,2.233214228574476046e-02,1.662577995840221895e-02,2.182550263985920738e-02,5.813023305423711123e-03,1.002613193962988668e-02,1.971894832275612047e-02,3.117167084422164253e-02,3.479814409898138866e-02,1.393259026185270089e-02,4.853074502693189435e-02,7.108954189109914501e-02,8.459548824062716743e-02,1.826569249640019182e-02,8.646205535704762357e-02,4.989067249746680088e-02,7.367607060956748999e-02,5.111727374540024627e-02,1.132472934776811851e-01,2.834515492507066331e-02,2.822516132472934619e-02,3.174497360140792618e-02,1.814569889605887817e-02,3.298490747160151559e-02,3.986454055783691247e-02,7.112953975787958405e-02,3.697136152738520615e-02,1.014079249106714375e-01,9.779478427817182851e-02,2.422537464668551160e-02,8.099568023038770936e-02,2.225347981440989886e-01,1.117673724068049684e-01,1.393925657298277498e-01,1.044477627859847491e-01,2.321209535491440545e-02,7.098288091301797886e-02
3.433150231987627116e-02,5.637032691589782124e-02,3.599808010239453904e-02,1.781238333955522529e-02,6.582315609834142600e-02,0.000000000000000000e+00,1.229934403498480072e-01,3.031838301957228907e-02,1.357527598528078527e-01,7.672924110714095247e-02,1.008212895312250029e-01,6.126339928537144486e-02,1.854701082608927465e-01,5.019732280945016223e-02,4.441096474854674264e-02,4.079782411604714748e-02,2.706522318809663485e-02,6.794304303770465348e-02,6.018345688229961160e-02,1.010479441096474862e-01,6.161004746413524524e-02,1.643245693563009924e-01,1.705109060850087954e-01,5.195722894778945222e-02,1.306463655271718760e-01,2.948642739053917161e-01,1.637512665991147087e-01,2.277611860700762547e-01,1.636712708655538306e-01,4.105114393898991881e-02,1.116740440509839533e-01,4.782411604714414954e-02,2.989173910724761407e-02,4.627753186496719878e-02,3.219828275825289271e-02,4.721081542317743379e-02,1.861234067516399221e-02,1.630579702415871010e-02,4.502426537251346533e-02,2.893179030451709099e-02,3.655805023732067865e-02,2.723854727747853505e-02,3.551810570102927750e-02,9.439496560183457258e-03,1.638579275771958818e-02,3.274492027091888136e-02,5.106394325635966319e-02,5.726361260732761027e-02,2.302543864327235776e-02,7.903578475814623805e-02,1.164604554423764038e-01,1.376593248360087340e-01,2.974508026238600542e-02,1.407524932003626494e-01,8.003573142765718629e-02,1.188203295824222655e-01,8.324889339235240493e-02,1.838835262119353497e-01,4.666417791051143821e-02,4.637086022078822783e-02,5.158391552450535683e-02,2.937176683910191349e-02,5.389045917551064241e-02,6.510319449629353716e-02,1.169404298437416723e-01,6.055677030558370005e-02,1.668977654525092003e-01,1.605514372566796411e-01,3.995786891365794152e-02,1.313396618846994768e-01,3.645538904591755225e-01,1.828302490533838254e-01,2.275611967361740595e-01,1.712042024425363962e-01,3.763799264039251191e-02,1.162604661084742086e-01
3.883792864380566229e-02,6.407658258226227310e-02,4.081115673830729151e-02,2.026558583542210912e-02,7.560930083728867324e-02,1.229934403498480072e-01,0.000000000000000000e+00,3.518479014452562809e-02,1.563783264892538993e-01,8.903525145325583146e-02,1.176070609567489711e-01,7.028958455549037809e-02,2.137086022078822367e-01,5.825022665457842141e-02,5.054397098821396261e-02,4.651751906564983302e-02,3.158498213428617002e-02,7.750253319822943132e-02,6.919630953015838692e-02,1.159538157964908472e-01,7.072956109007519365e-02,1.873633406218334907e-01,1.949896005546370992e-01,5.938349954669084468e-02,1.493253693136366023e-01,3.343421684176843822e-01,1.873233427550530517e-01,2.621060210122126977e-01,1.876833235560770030e-01,4.687749986667377744e-02,1.275265319182976864e-01,5.495706895632233163e-02,3.469148312090021558e-02,5.354381099674684202e-02,3.694469628286491114e-02,5.501039944536291471e-02,2.147885446109540700e-02,1.877233214228574490e-02,5.231720974881339664e-02,3.325155991680443790e-02,4.215775158658204708e-02,3.129166444456295965e-02,4.099781344994933574e-02,1.102607860914084532e-02,1.898565409844808413e-02,3.691803103834462307e-02,5.823689403231827738e-02,6.494320302917178100e-02,2.626526585248786794e-02,9.064849874673350238e-02,1.326462588661938002e-01,1.591248466748440005e-01,3.409151511919364386e-02,1.617380406378326474e-01,9.324836008746199834e-02,1.375126659911471427e-01,9.531491653778464967e-02,2.130153058503546359e-01,5.330382379606420779e-02,5.289051250599968029e-02,5.901018612340674929e-02,3.366487120686896539e-02,6.197002826515918966e-02,7.512932643592341864e-02,1.332328942456402210e-01,6.935630099728014308e-02,1.899498693403018634e-01,1.822302810516772398e-01,4.515759159511492649e-02,1.508852861180736971e-01,4.140179190443176171e-01,2.083355554370433516e-01,2.604794410964748619e-01,1.952829182443603095e-01,4.299770678897125303e-02,1.325395978881126202e-01
1.002613193962988668e-02,1.599914671217535223e-02,1.029278438483280898e-02,5.066396458855527279e-03,1.873233427550530586e-02,3.031838301957228907e-02,3.518479014452562809e-02,0.000000000000000000e+00,3.845128259826142286e-02,2.190549837342008546e-02,2.878513145965548581e-02,1.763905925017332510e-02,5.255719694949602394e-02,1.454589088581942358e-02,1.281264999200042685e-02,1.142605727694522878e-02,7.812916644445630152e-03,1.917231081009012836e-02,1.721241533784864663e-02,2.885179457095621638e-02,1.770572236147405568e-02,4.650418644338968899e-02,4.907738253959788993e-02,1.491920430910351376e-02,3.694469628286491114e-02,8.380886352727855149e-02,4.649085382112953801e-02,6.490320516239134196e-02,4.607754253106501052e-02,1.159938136632712898e-02,3.187829982400938733e-02,1.347928110500773262e-02,8.612873980054397069e-03,1.345261586048744108e-02,9.132846248200095912e-03,1.374593355021065492e-02,5.386379393099034393e-03,4.706415657831581993e-03,1.263932590261852666e-02,8.146232200949283034e-03,1.050610634099514648e-02,7.612927310543437555e-03,1.013279291771105456e-02,2.706522318809663399e-03,4.746413524612021033e-03,9.426163937923311489e-03,1.442589728547810819e-02,1.621246866833768799e-02,6.572982774252039868e-03,2.250546637512666065e-02,3.293157698256093252e-02,3.930457042291077979e-02,8.412884646152205340e-03,4.009119513625940268e-02,2.279878406484987449e-02,3.383819529625086558e-02,2.383872860114127218e-02,5.261052743853661395e-02,1.330595701562583243e-02,1.307930243720334916e-02,1.449256039677883877e-02,8.199562689989867842e-03,1.542584395498906684e-02,1.879899738680603644e-02,3.325155991680443790e-02,1.735907418271025529e-02,4.719748280091728282e-02,4.522425470641566053e-02,1.141272465468508301e-02,3.731800970614900653e-02,1.026078609140845810e-01,5.141059143512345664e-02,6.442323076102607349e-02,4.843741667111087223e-02,1.062609994133646187e-02,3.283824862673991041e-02
4.255773025438643054e-02,7.151618580342382347e-02,4.577089221908164918e-02,2.258546210868753526e-02,8.372886779371767341e-02,1.357527598528078527e-01,1.563783264892538993e-01,3.845128259826142286e-02,0.000000000000000000e+00,9.730147725454642293e-02,1.285398112100687995e-01,7.686256732974242056e-02,2.365073862727321286e-01,6.451655911684710254e-02,5.601034611487387682e-02,5.195722894778945222e-02,3.450482640925817135e-02,8.678203829129113589e-02,7.663591275131992342e-02,1.297130819689616688e-01,7.703589141912431382e-02,2.104287771318862910e-01,2.165084528825129417e-01,6.530318383019571848e-02,1.660978081169004195e-01,3.713535278118500482e-01,2.091755106394325714e-01,2.903978454482427640e-01,2.093221694842941627e-01,5.275718628339821914e-02,1.408191563116633904e-01,5.969014985867420603e-02,3.774465361847367806e-02,5.855687696656178276e-02,4.042451069276305209e-02,6.029011786038077775e-02,2.367873713401951949e-02,2.061223401418590950e-02,5.669030985014132662e-02,3.665137859314170077e-02,4.633086235400778879e-02,3.433150231987627116e-02,4.553090501839902188e-02,1.190603167831049032e-02,2.089221908164897931e-02,4.054450429310436921e-02,6.534318169697615752e-02,7.263612607327608883e-02,2.905178390485840811e-02,9.959468828329155754e-02,1.481920964215241721e-01,1.742440403178497077e-01,3.798464081915631230e-02,1.805903685136792669e-01,1.020345581568982973e-01,1.498586742040424469e-01,1.046210868753666423e-01,2.341341795104261159e-01,5.926350594634952756e-02,5.853021172204148775e-02,6.587648658738200214e-02,3.717135086128740135e-02,6.898298757399605463e-02,8.302223881392992166e-02,1.492987040691163003e-01,7.556930297050823420e-02,2.136019412298010844e-01,2.030291717775052074e-01,5.009066183136899608e-02,1.672844114980534258e-01,4.598288091301797054e-01,2.335875419977601064e-01,2.895845554903738739e-01,2.182016959095514907e-01,4.829075782624926705e-02,1.472721454855741019e-01
2.477201215935150025e-02,4.023785398112100786e-02,2.565196522852114525e-02,1.281264999200042685e-02,4.773078769132312743e-02,7.672924110714095247e-02,8.903525145325583146e-02,2.190549837342008546e-02,9.730147725454642293e-02,0.000000000000000000e+00,7.356940963148632384e-02,4.379766412458001995e-02,1.330062396672177516e-01,3.703802463868594019e-02,3.165164524558690406e-02,2.889179243773665542e-02,1.950562636659378124e-02,4.821076209268838897e-02,4.330435710095461438e-02,7.240947149485360557e-02,4.455762359340835477e-02,1.170470908218228384e-01,1.222868113700602694e-01,3.726467921710842346e-02,9.296837501999893894e-02,2.105087728654471690e-01,1.172870780225054727e-01,1.636046077542531174e-01,1.172337475334648826e-01,2.961175403978454426e-02,7.966241800437309784e-02,3.369153645138926040e-02,2.155885019465628508e-02,3.322489467228414289e-02,2.266545784224841334e-02,3.474481360994080559e-02,1.343928323822729531e-02,1.163937923310756802e-02,3.211828702469201463e-02,2.065223188096634854e-02,2.631859634152845101e-02,1.946562849981334220e-02,2.573196096208202333e-02,6.786304730414378233e-03,1.181270332248946647e-02,2.345208255559703622e-02,3.666471121540184480e-02,4.035784758146232498e-02,1.647912111354061029e-02,5.714361900698629315e-02,8.224894672284144281e-02,9.908804863740600100e-02,2.118553677137219315e-02,1.006612980641032468e-01,5.793024372033491604e-02,8.554210442109753953e-02,5.995680230387712834e-02,1.330195722894778887e-01,3.378486480721028251e-02,3.277158551543917636e-02,3.679803743800330595e-02,2.075889285904751816e-02,3.874460028798464017e-02,4.705082395605567763e-02,8.366220468241693242e-02,4.325102661191403131e-02,1.187803317156418265e-01,1.135406111674044094e-01,2.803850461308730196e-02,9.454162444669617082e-02,2.592395072262812517e-01,1.303930457042291047e-01,1.636979361100741326e-01,1.219401631912964690e-01,2.707855581035678236e-02,8.263559276838568224e-02
3.197162817983040944e-02,5.307716921764172452e-02,3.383819529625086558e-02,1.690576502586528876e-02,6.286331395658897869e-02,1.008212895312250029e-01,1.176070609567489711e-01,2.878513145965548581e-02,1.285398112100687995e-01,7.356940963148632384e-02,0.000000000000000000e+00,5.797024158711535508e-02,1.767639059250173394e-01,4.826409258172897204e-02,4.159778145165591440e-02,3.829129113113967364e-02,2.603861127406538467e-02,6.416991093808330215e-02,5.697029491760439296e-02,9.536824702682523969e-02,5.802357207615593815e-02,1.543117700389312619e-01,1.602981174337368697e-01,4.887739320569569473e-02,1.234734147512132618e-01,2.760252786518052615e-01,1.542451069276305209e-01,2.162951309263505817e-01,1.544984267505732922e-01,3.886459388832595729e-02,1.051810570102927889e-01,4.497093488347288226e-02,2.835848754733080734e-02,4.389099248040104206e-02,3.027838515279185003e-02,4.545090928483814380e-02,1.775905285051463875e-02,1.535918084368833626e-02,4.241107140952482535e-02,2.722521465521838754e-02,3.454482427603861039e-02,2.566529785078129275e-02,3.385152791851100962e-02,9.039517892379073799e-03,1.549250706628979742e-02,3.023838728601141446e-02,4.803743800330648878e-02,5.343715001866566894e-02,2.173217428403818527e-02,7.510266119140313057e-02,1.094741613780598338e-01,1.309663484614153883e-01,2.799850674630686292e-02,1.339395232254279866e-01,7.667591061810036246e-02,1.130873020105594429e-01,7.811583382219615401e-02,1.754173110767425769e-01,4.417097754786411534e-02,4.314436563383286516e-02,4.887739320569569473e-02,2.763852594528291851e-02,5.097061490053864108e-02,6.173004106447656236e-02,1.101541251133272836e-01,5.671697509466161469e-02,1.566449789344568355e-01,1.496720174924004165e-01,3.713135299450696231e-02,1.243133699536024678e-01,3.402218548344088100e-01,1.722708122233480854e-01,2.157218281691642980e-01,1.610847421470854857e-01,3.593141699109380499e-02,1.093008372886779406e-01
2.035891419124313470e-02,3.206495653565143156e-02,2.046557516932430432e-02,1.013279291771105456e-02,3.759799477361207287e-02,6.126339928537144486e-02,7.028958455549037809e-02,1.763905925017332510e-02,7.686256732974242056e-02,4.379766412458001995e-02,5.797024158711535508e-02,0.000000000000000000e+00,1.048210762092688375e-01,2.887845981547650792e-02,2.555863687270012313e-02,2.285211455389045757e-02,1.561250066663111280e-02,3.815796490853821249e-02,3.446482854247773231e-02,5.711695376246600508e-02,3.613140632499600019e-02,9.246173537411338239e-02,9.780811690043197948e-02,3.002506532984907522e-02,7.378273158764865614e-02,1.692043091035144720e-01,9.336835368780331545e-02,1.293930990347181564e-01,9.251506586315395853e-02,2.321209535491440545e-02,6.370326915897818465e-02,2.674524025385312948e-02,1.718575009332835510e-02,2.667857714255239890e-02,1.815903151831902221e-02,2.707855581035678236e-02,1.061276731907631610e-02,9.426163937923311489e-03,2.537198016105807544e-02,1.627913177963841856e-02,2.107887579329102354e-02,1.542584395498906684e-02,2.015892485734094297e-02,5.426377259879473433e-03,9.572822782784918411e-03,1.939896538851261162e-02,2.899845341581782157e-02,3.231827635859420983e-02,1.313263292624393397e-02,4.550423977387872687e-02,6.571649512026024598e-02,7.827582528931789629e-02,1.693243027038558030e-02,7.932910244786944842e-02,4.575755959682150514e-02,6.790304517092421444e-02,4.882406271665511166e-02,1.047144152311876714e-01,2.670524238707269044e-02,2.637192683056903755e-02,2.887845981547650792e-02,1.646578849128046626e-02,3.066503119833608945e-02,3.723801397258812845e-02,6.607647592128419733e-02,3.519812276678577212e-02,9.410164791211135527e-02,9.102181217001760472e-02,2.305210388779265276e-02,7.490267185750093537e-02,2.082688923257426383e-01,1.033678203829129089e-01,1.287931310330115708e-01,9.663484614153912411e-02,2.121220201589248469e-02,6.600981280998347023e-02
5.819689616553783834e-02,9.696816169804277352e-02,6.193003039837875062e-02,3.085168790997813368e-02,1.144205642365740544e-01,1.854701082608927465e-01,2.137086022078822367e-01,5.255719694949602394e-02,2.365073862727321286e-01,1.330062396672177516e-01,1.767639059250173394e-01,1.048210762092688375e-01,0.000000000000000000e+00,8.782198282758252317e-02,7.592928377153218555e-02,7.051623913391286136e-02,4.721081542317743379e-02,1.172737454002453217e-01,1.042744386966028419e-01,1.751373260092795037e-01,1.053943789664551212e-01,2.844381632979574581e-01,2.932910244786944842e-01,8.903525145325583146e-02,2.247746786838035193e-01,5.035198122766785245e-01,2.828915791157805004e-01,3.951122606794304493e-01,2.837448669404298296e-01,7.116953762466002309e-02,1.922297477467868332e-01,8.199562689989867148e-02,5.210388779265105741e-02,8.015572502799850341e-02,5.545037597994773720e-02,8.272892112420671129e-02,3.249160044797611002e-02,2.838515279185110235e-02,7.846248200095995440e-02,5.034398165431176742e-02,6.364993866993760852e-02,4.737080689029918301e-02,6.195669564289904563e-02,1.659911471388192741e-02,2.866513785931416869e-02,5.518372353474481490e-02,8.832862247346807971e-02,9.848808063569942928e-02,3.981121006879632940e-02,1.365393845661564687e-01,1.999760012799317310e-01,2.389472561463388545e-01,5.133059570156258550e-02,2.436536718041704408e-01,1.396858834195509602e-01,2.061623380086395341e-01,1.427657191616447108e-01,3.207028958455548917e-01,8.096901498586742130e-02,7.972908111567382494e-02,8.856860967415071395e-02,5.059730147725454569e-02,9.340835155458375449e-02,1.131406324996000190e-01,2.014692549730681126e-01,1.034744813609940750e-01,2.867980374380033060e-01,2.754919737613993891e-01,6.771638845928217021e-02,2.273878726467921663e-01,6.249400031998293414e-01,3.143299024052050306e-01,3.936723374753346438e-01,2.947709455495706732e-01,6.510319449629353716e-02,1.998826729241107159e-01
1.577249213375286549e-02,2.641192469734947312e-02,1.673244093648338857e-02,8.172897445469574570e-03,3.073169430963682003e-02,5.019732280945016223e-02,5.825022665457842141e-02,1.454589088581942358e-02,6.451655911684710254e-02,3.703802463868594019e-02,4.826409258172897204e-02,2.887845981547650792e-02,8.782198282758252317e-02,0.000000000000000000e+00,2.038557943576342624e-02,1.893232360940749759e-02,1.290597834782144897e-02,3.146498853394485290e-02,2.855847688123300254e-02,4.781078342488400551e-02,2.882512932643592485e-02,7.678257159618154248e-02,7.992907044957602014e-02,2.435870086928697276e-02,6.099674684016852255e-02,1.366460455442376487e-01,7.698256093008372380e-02,1.074076049277371825e-01,7.712921977494534287e-02,1.939896538851261162e-02,5.170390912484667395e-02,2.221214868540344681e-02,1.394592288411284665e-02,2.155885019465628508e-02,1.495920217588395280e-02,2.231880966348461295e-02,8.719534958135566685e-03,7.839581888965921688e-03,2.097221481520985392e-02,1.329262439336568666e-02,1.693243027038558030e-02,1.249266705775691974e-02,1.675910618100368010e-02,4.506426323929390264e-03,7.866247133486213225e-03,1.491920430910351376e-02,2.417204415764492506e-02,2.662524665351181236e-02,1.061276731907631610e-02,3.714468561676710634e-02,5.447709455495707009e-02,6.470321582848914677e-02,1.397258812863313993e-02,6.638312623326755868e-02,3.842461735374113480e-02,5.625033331555650412e-02,3.934456828969121883e-02,8.694202975841287817e-02,2.177217215081862431e-02,2.145218921657511546e-02,2.430537038024638621e-02,1.377259879473094820e-02,2.537198016105807544e-02,3.113167297744120349e-02,5.470374913337955336e-02,2.811850034664818004e-02,7.787584662151351977e-02,7.454269105647698401e-02,1.841235134126180048e-02,6.193003039837875062e-02,1.687776651911898074e-01,8.559543491013812955e-02,1.065543171030878394e-01,8.012905978347821534e-02,1.774572022825449472e-02,5.395712228681136952e-02
1.447922777451869300e-02,2.321209535491440545e-02,1.493253693136366127e-02,7.346274865340515249e-03,2.677190549837342101e-02,4.441096474854674264e-02,5.054397098821396261e-02,1.281264999200042685e-02,5.601034611487387682e-02,3.165164524558690406e-02,4.159778145165591440e-02,2.555863687270012313e-02,7.592928377153218555e-02,2.038557943576342624e-02,0.000000000000000000e+00,1.671910831422324106e-02,1.133272892112420667e-02,2.786518052370540177e-02,2.505199722681457006e-02,4.159778145165591440e-02,2.575862620660231486e-02,6.738307290277852080e-02,7.084955469041651077e-02,2.179883739533891585e-02,5.341048477414538087e-02,1.220868220361580742e-01,6.728974454695749174e-02,9.274172044157645567e-02,6.664977867847048099e-02,1.639912537997973568e-02,4.621086875366647168e-02,1.954562423337422028e-02,1.250599968001706551e-02,1.965228521145538990e-02,1.338595274918671051e-02,1.929230441043144201e-02,7.666257799584022363e-03,6.906298330755692751e-03,1.843901658578209202e-02,1.191936430057063609e-02,1.541251133272892107e-02,1.126606580982347609e-02,1.438589941869766915e-02,3.933123566743106612e-03,6.892965708495546982e-03,1.390592501733240935e-02,2.075889285904751816e-02,2.375873286758039410e-02,9.439496560183457258e-03,3.255826355927683713e-02,4.803743800330648878e-02,5.693029705082395392e-02,1.221268199029385167e-02,5.795690896485521104e-02,3.281158338221961540e-02,4.881073009439496763e-02,3.491813769932270578e-02,7.586262066023145845e-02,1.883899525358647548e-02,1.926563916591115047e-02,2.097221481520985392e-02,1.189269905605034455e-02,2.241213801930563854e-02,2.729187776651911812e-02,4.807743587008692782e-02,2.537198016105807544e-02,6.834302170550904387e-02,6.582315609834142600e-02,1.686576715908484972e-02,5.362380673030772010e-02,1.496986827369206907e-01,7.483600874620020826e-02,9.255506372993439757e-02,7.066289797877446655e-02,1.505253053170497492e-02,4.802410538104634474e-02
1.283931523652071839e-02,2.139885872753453239e-02,1.363927257212948704e-02,6.692976374593355253e-03,2.489200575969281737e-02,4.079782411604714748e-02,4.651751906564983302e-02,1.142605727694522878e-02,5.195722894778945222e-02,2.889179243773665542e-02,3.829129113113967364e-02,2.285211455389045757e-02,7.051623913391286136e-02,1.893232360940749759e-02,1.671910831422324106e-02,0.000000000000000000e+00,1.023945389579222418e-02,2.563863260626099774e-02,2.290544504293104411e-02,3.865127193216361806e-02,2.299877339875206622e-02,6.251666577782517831e-02,6.487653991787104002e-02,1.947896112207348970e-02,4.947736120740227339e-02,1.110474108047570796e-01,6.255666364460561735e-02,8.652871846834835068e-02,6.242333742200416313e-02,1.567916377793184338e-02,4.219774945336248612e-02,1.805237054023785259e-02,1.147938776598581359e-02,1.757239613887259452e-02,1.222601461255399743e-02,1.782571596181536933e-02,7.079622420137592943e-03,6.252999840008532755e-03,1.706575649298704145e-02,1.093275025331982321e-02,1.390592501733240935e-02,1.031944962935310052e-02,1.353261159404831743e-02,3.639805877019892336e-03,6.226334595488240350e-03,1.213268625673297359e-02,1.938563276625246759e-02,2.193216361794037700e-02,8.786198069436297262e-03,2.979841075142659196e-02,4.425097328142499342e-02,5.218388352621193549e-02,1.123940056530318456e-02,5.339715215188522990e-02,3.022505466375126695e-02,4.489093914991200418e-02,3.113167297744120349e-02,6.963628606474321636e-02,1.774572022825449472e-02,1.765239187243346913e-02,1.958562210015465932e-02,1.102607860914084532e-02,2.038557943576342624e-02,2.475867953709135622e-02,4.446429523758732572e-02,2.269212308676870488e-02,6.347661458055570138e-02,6.102341208468881756e-02,1.497253479814409857e-02,4.947736120740227339e-02,1.374860007466268408e-01,6.944962935310117214e-02,8.579542424404032475e-02,6.508986187403338619e-02,1.419924270705562319e-02,4.409098181430323726e-02
8.652871846834836109e-03,1.425257319609620800e-02,9.132846248200095912e-03,4.586422057490267476e-03,1.686576715908484972e-02,2.706522318809663485e-02,3.158498213428617002e-02,7.812916644445630152e-03,3.450482640925817135e-02,1.950562636659378124e-02,2.603861127406538467e-02,1.561250066663111280e-02,4.721081542317743379e-02,1.290597834782144897e-02,1.133272892112420667e-02,1.023945389579222418e-02,0.000000000000000000e+00,1.717241747106821106e-02,1.539917871046877530e-02,2.561196736174070621e-02,1.578582475601301299e-02,4.153111834035518035e-02,4.323769398965388727e-02,1.321262865980481031e-02,3.315823156098341579e-02,7.442269745613566689e-02,4.135779425097328016e-02,5.789024585355447700e-02,4.141112474001386323e-02,1.043944322969441590e-02,2.827849181376993273e-02,1.225267985707428897e-02,7.626259932803584191e-03,1.189269905605034455e-02,8.199562689989867842e-03,1.225267985707428897e-02,4.799744013652604974e-03,4.079782411604714401e-03,1.151938563276625263e-02,7.412937976641245826e-03,9.346168204362433410e-03,6.932963575275985155e-03,9.026185270118926296e-03,2.453202495866887295e-03,4.173110767425737382e-03,8.212895312250013610e-03,1.293264359234174224e-02,1.434590155191723185e-02,5.813023305423711123e-03,2.009226174604021239e-02,2.931843635006133042e-02,3.533144898938723327e-02,7.519598954722414574e-03,3.582475601301263884e-02,2.054557090288517893e-02,3.042504399765345868e-02,2.086555383712868778e-02,4.735747426803903898e-02,1.174604021118873590e-02,1.167937709988800532e-02,1.305263719268305762e-02,7.426270598901391594e-03,1.375926617247080069e-02,1.653245160258119684e-02,2.966508452882513081e-02,1.533251559916804473e-02,4.213108634206175901e-02,4.018452349208042479e-02,9.986134072849447638e-03,3.337155351714575502e-02,9.147512132686257125e-02,4.623753399818676668e-02,5.810356780971681623e-02,4.345101594581622650e-02,9.679483760866086292e-03,2.943842995040264407e-02
2.105221054877073200e-02,3.527811850034665020e-02,2.267879046450856084e-02,1.125273318756333032e-02,4.155778358487547536e-02,6.794304303770465348e-02,7.750253319822943132e-02,1.917231081009012836e-02,8.678203829129113589e-02,4.821076209268838897e-02,6.416991093808330215e-02,3.815796490853821249e-02,1.172737454002453217e-01,3.146498853394485290e-02,2.786518052370540177e-02,2.563863260626099774e-02,1.717241747106821106e-02,0.000000000000000000e+00,3.814463228627806846e-02,6.386326062609994081e-02,3.831795637565996171e-02,1.039411231400991925e-01,1.077275878619806948e-01,3.259826142605727617e-02,8.224894672284144281e-02,1.838435283451549385e-01,1.033144898938723327e-01,1.437789984534158239e-01,1.034078182496933479e-01,2.571862833982187582e-02,7.007626259932803192e-02,3.030505039731214503e-02,1.919897605461041989e-02,2.946509519492293908e-02,2.045224254706415681e-02,2.979841075142659196e-02,1.183936856700975974e-02,1.034611487387339379e-02,2.878513145965548581e-02,1.839901871900165298e-02,2.325209322169484449e-02,1.741240467175083836e-02,2.226547917444402988e-02,6.146338861927364006e-03,1.037278011839368533e-02,1.994560290117860374e-02,3.199829342435070445e-02,3.633139565889819539e-02,1.455922350807956935e-02,4.926403925123993416e-02,7.380939683216894420e-02,8.719534958135566338e-02,1.866567116420457528e-02,8.963521945496240317e-02,5.055730361047410665e-02,7.486267399072049633e-02,5.154391765772492473e-02,1.170337581995626874e-01,2.907844914937869965e-02,2.919844274972001330e-02,3.258492880379713214e-02,1.847901445256253106e-02,3.441149805343714924e-02,4.101114607220947977e-02,7.364940536504720192e-02,3.765132526265265595e-02,1.049810676763905937e-01,1.002479867740387193e-01,2.494533624873340044e-02,8.278225161324728743e-02,2.280678363820596299e-01,1.155005066396458807e-01,1.431390325849287992e-01,1.085408778198496127e-01,2.367873713401951949e-02,7.366273798730733902e-02
1.931896965495173701e-02,3.182496933496880426e-02,2.017225747960108700e-02,9.986134072849447638e-03,3.697136152738520615e-02,6.018345688229961160e-02,6.919630953015838692e-02,1.721241533784864663e-02,7.663591275131992342e-02,4.330435710095461438e-02,5.697029491760439296e-02,3.446482854247773231e-02,1.042744386966028419e-01,2.855847688123300254e-02,2.505199722681457006e-02,2.290544504293104411e-02,1.539917871046877530e-02,3.814463228627806846e-02,0.000000000000000000e+00,5.731694309636819334e-02,3.458482214281904943e-02,9.256839635219454854e-02,9.659484827475868507e-02,2.935843421684176946e-02,7.323609407498267443e-02,1.652045224254706512e-01,9.227507866247133816e-02,1.283398218761666043e-01,9.191509786144738681e-02,2.307876913231294430e-02,6.260999413364620736e-02,2.649192043091035120e-02,1.690576502586528876e-02,2.621193536344728139e-02,1.795904218441683048e-02,2.685190123193429562e-02,1.047944109647485494e-02,9.239507226281265528e-03,2.494533624873340044e-02,1.602581195669564376e-02,2.059890139192576547e-02,1.515919150978614453e-02,2.011892699056050393e-02,5.333048904058450453e-03,9.332835582102287642e-03,1.825235987414004432e-02,2.866513785931416869e-02,3.213161964695216560e-02,1.297264145912217954e-02,4.446429523758732572e-02,6.562316676443923080e-02,7.726254599754679708e-02,1.665244520292251049e-02,7.979574422697456593e-02,4.521092208415550956e-02,6.631646312196683157e-02,4.665084528825129417e-02,1.036078075835955431e-01,2.626526585248786794e-02,2.589195242920377601e-02,2.910511439389899119e-02,1.637246013545944068e-02,3.058503546477521137e-02,3.678470481574316192e-02,6.634312836648711964e-02,3.375819956268998751e-02,9.454162444669617082e-02,8.942189749880007088e-02,2.238547277478534353e-02,7.348941389792544576e-02,2.030291717775052074e-01,1.031944962935310156e-01,1.274598688069969732e-01,9.684816809770145640e-02,2.125219988267292373e-02,6.508986187403338619e-02
3.198496080209055348e-02,5.335715428510479780e-02,3.382486267399072155e-02,1.655911684710148837e-02,6.178337155351714544e-02,1.010479441096474862e-01,1.159538157964908472e-01,2.885179457095621638e-02,1.297130819689616688e-01,7.240947149485360557e-02,9.536824702682523969e-02,5.711695376246600508e-02,1.751373260092795037e-01,4.781078342488400551e-02,4.159778145165591440e-02,3.865127193216361806e-02,2.561196736174070621e-02,6.386326062609994081e-02,5.731694309636819334e-02,0.000000000000000000e+00,5.767692389739213776e-02,1.559516825769292347e-01,1.619113647272145406e-01,4.866407124953335550e-02,1.229934403498480072e-01,2.762252679857074567e-01,1.558050237320676157e-01,2.145885552770518956e-01,1.552450535971414969e-01,3.931790304517092383e-02,1.043277691856434319e-01,4.438429950402645457e-02,2.786518052370540177e-02,4.333102234547490939e-02,2.983840861820702753e-02,4.494426963895258725e-02,1.750573302757186395e-02,1.538584608820862953e-02,4.186443389685883670e-02,2.677190549837342101e-02,3.405151725241320482e-02,2.521198869393632275e-02,3.397152151885232674e-02,8.986187403338488991e-03,1.559916804437096703e-02,3.051837235347448080e-02,4.873073436083408955e-02,5.366380459708815220e-02,2.157218281691643258e-02,7.383606207668924615e-02,1.095008266225801358e-01,1.287398005439709947e-01,2.834515492507066331e-02,1.334728814463228552e-01,7.567596394858941422e-02,1.109940803157164896e-01,7.780918351021279267e-02,1.729774412031358233e-01,4.399765345848221515e-02,4.337102021225534842e-02,4.917071089541891205e-02,2.733187563329955716e-02,5.089061916697776300e-02,6.182336942029758448e-02,1.114740547170817581e-01,5.645032264945869238e-02,1.592181750306650434e-01,1.514852541197802827e-01,3.726467921710842346e-02,1.236734040851154570e-01,3.405551703909124872e-01,1.732307610260786224e-01,2.140419177643858861e-01,1.627513199296037605e-01,3.565143192363073865e-02,1.084208842195082956e-01
2.061223401418590950e-02,3.239827209215508791e-02,2.062556663644605701e-02,1.015945816223134783e-02,3.773132099621353402e-02,6.161004746413524524e-02,7.072956109007519365e-02,1.770572236147405568e-02,7.703589141912431382e-02,4.455762359340835477e-02,5.802357207615593815e-02,3.613140632499600019e-02,1.053943789664551212e-01,2.882512932643592485e-02,2.575862620660231486e-02,2.299877339875206622e-02,1.578582475601301299e-02,3.831795637565996171e-02,3.458482214281904943e-02,5.767692389739213776e-02,0.000000000000000000e+00,9.307503599808010508e-02,9.870140259186176157e-02,3.038504613087301964e-02,7.403605141059144135e-02,1.705242387072689325e-01,9.366167137752652583e-02,1.299130713028638362e-01,9.298170764225907603e-02,2.326542584395498853e-02,6.411658044904271214e-02,2.715855154391765697e-02,1.718575009332835510e-02,2.709188843261692639e-02,1.837235347448136144e-02,2.719854941069809601e-02,1.051943896325529225e-02,9.506159671484187834e-03,2.561196736174070621e-02,1.611914031251666587e-02,2.118553677137219315e-02,1.558583542211082126e-02,2.011892699056050393e-02,5.346381526318596221e-03,9.586155405045064179e-03,1.979894405631699508e-02,2.911844701615913869e-02,3.254493093701669310e-02,1.299930670364247282e-02,4.551757239613887090e-02,6.579649085382112406e-02,7.891579115780492093e-02,1.702575862620660241e-02,7.958242227081221976e-02,4.610420777558530553e-02,6.848968055037064906e-02,4.922404138445949512e-02,1.052210548770732279e-01,2.645192256412991216e-02,2.657191616447122928e-02,2.922510799424030831e-02,1.658578209162177991e-02,3.067836382059623349e-02,3.755799690683163383e-02,6.636979361100740771e-02,3.574476027945176076e-02,9.471494853607807796e-02,9.175510639432563065e-02,2.330542371073542757e-02,7.482267612394005729e-02,2.088021972161484829e-01,1.037144685616767092e-01,1.290997813449949461e-01,9.711482054290437871e-02,2.125219988267292373e-02,6.618313689936536348e-02
