0.000000000000000000e+00,2.043516265444494245e-02,1.384393678093033195e-02,6.543976942521675250e-03,3.560206950317749280e-02,4.646932363155283768e-02,5.298967610857804184e-02,1.060738500791419577e-02,6.217959318670415042e-02,3.347586760849535770e-02,4.261853575562853103e-02,2.832573413026530373e-02,7.711025538047201755e-02,1.873420113869923853e-02,2.251411561813413884e-02,1.703323962295353114e-02,1.143424130029058010e-02,2.572704292565380566e-02,2.386071015143282487e-02,4.365801223747312748e-02,2.067140730940962567e-02,6.737697559592714658e-02,6.026601148149023091e-02,2.523092915022797506e-02,5.258806019513808522e-02,1.150038980368069119e-01,6.543976942521675944e-02,1.069243308370148166e-01,6.496728011528739299e-02,1.495428665926433476e-02,5.577736303716128441e-02,1.809634057029459869e-02,1.500153559025727001e-02,2.541992487419971955e-02,1.105624985234709111e-02,2.315197618653877867e-02,8.079567199792104040e-03,3.212927307519667253e-03,1.760022679486876462e-02,9.591532991566065203e-03,2.050603605093434881e-02,1.429280162536322556e-02,1.757660232937229700e-02,4.559521840818351116e-03,3.425547496987880677e-03,1.195397954121288006e-02,2.185263058423303137e-02,2.893997023317347594e-02,1.374943891894445970e-02,3.160953483427437344e-02,4.852465212974556297e-02,5.506862907226724169e-02,1.443454841834203480e-02,5.993526896453967717e-02,3.354674100498476058e-02,6.130548796333482736e-02,3.397198138392119177e-02,7.616527676061328467e-02,2.168725932575775450e-02,1.717498641593234038e-02,1.634813012355595604e-02,1.344232086749037360e-02,2.192350398072243772e-02,2.575066739115027675e-02,4.053958279193933117e-02,1.880507453518864142e-02,6.260483356564057467e-02,8.341798766802900611e-02,1.901769472465685354e-02,5.306054950506744472e-02,1.286352146282690456e-01,7.125138793734792086e-02,1.063809681305960403e-01,6.191972406624299957e-02,1.474166646979612090e-02,5.386378133194736489e-02
2.043516265444494245e-02,0.000000000000000000e+00,1.904131919015332117e-02,8.930047957664957736e-03,4.989487112854072010e-02,6.690448628599778014e-02,7.451156417586052294e-02,1.452904628032790704e-02,8.960759762810366347e-02,4.642207470055990243e-02,5.884854355170214546e-02,3.879137234520069200e-02,1.091214061281863545e-01,2.657752368352666109e-02,3.104254766235913995e-02,2.414420373739043987e-02,1.589926527912306070e-02,3.647617472654680892e-02,3.359398993597769584e-02,6.213234425571121516e-02,2.830210966476883611e-02,9.539559167473836421e-02,8.422121949490893322e-02,3.517682912424106162e-02,7.382645467646294091e-02,1.594887665666564203e-01,9.367100569349617878e-02,1.510548323844173035e-01,9.260790474615511469e-02,2.126201894682132679e-02,7.937820406813296537e-02,2.475843984029861208e-02,2.062415837841668695e-02,3.531857591721987433e-02,1.540315150369722837e-02,3.297975383306952363e-02,1.122162111082236798e-02,4.535897375321883487e-03,2.461669304731980285e-02,1.306432941954688287e-02,2.837298306125823899e-02,1.993904887901911185e-02,2.582154078763967964e-02,6.425854615039334507e-03,4.748517564790096478e-03,1.738760660540055250e-02,3.125516785182735208e-02,4.072857851591107914e-02,1.934843724160740727e-02,4.420137494389189681e-02,6.971579768007749034e-02,7.659051713954971585e-02,2.034066479245907194e-02,8.585130761416523426e-02,4.628032790758108972e-02,8.540244276973232851e-02,4.613858111460228395e-02,1.062155968721207738e-01,3.116066998984148156e-02,2.445132178884452598e-02,2.310472725554584342e-02,1.901769472465685354e-02,3.066455621441564749e-02,3.661792151952562163e-02,5.870679675872333275e-02,2.617590777008670100e-02,9.003283800704009465e-02,1.163977415010985367e-01,2.593966311512202125e-02,7.500767795128635007e-02,1.810815280304283181e-01,1.027428004441399562e-01,1.499444825060833042e-01,8.913510831817429703e-02,2.114389661933898865e-02,7.488955562380400499e-02
1.384393678093033195e-02,1.904131919015332117e-02,0.000000000000000000e+00,5.976989770606440031e-03,3.293250490207658837e-02,4.323277185853670324e-02,4.876089678471024619e-02,9.591532991566065203e-03,5.762007134588580104e-02,3.047556049044390300e-02,3.928748612062651913e-02,2.603416097710789176e-02,7.110964114436911510e-02,1.726948427791821089e-02,2.060053391292021932e-02,1.552127383117956998e-02,1.053651161142479115e-02,2.390795908242576012e-02,2.230149542866592671e-02,4.051595832644286355e-02,1.932481277611093964e-02,6.220321765220061805e-02,5.542299605471426305e-02,2.352996763448227113e-02,4.883177018119964907e-02,1.071133265609865576e-01,6.090387204989487074e-02,9.893926149920857782e-02,6.054950506744784938e-02,1.389118571192326720e-02,5.147771031680407894e-02,1.618275886508067918e-02,1.360769212596565046e-02,2.310472725554584342e-02,1.006402230149542817e-02,2.142739020529660365e-02,7.347208769401591955e-03,3.165678376526731130e-03,1.601738760660539884e-02,8.835550095679085489e-03,1.887594793167804430e-02,1.320607621252569211e-02,1.665524817501003868e-02,4.181530392874861259e-03,3.165678376526731130e-03,1.145786576578704946e-02,2.034066479245907194e-02,2.712088638994542694e-02,1.285170923007866901e-02,2.924708828462755858e-02,4.550072054619764411e-02,5.057998062793829519e-02,1.322970067802215974e-02,5.558836731318953644e-02,3.104254766235913995e-02,5.660421932953767221e-02,3.094804980037326597e-02,7.054265397245387814e-02,2.050603605093434881e-02,1.589926527912306070e-02,1.511965791773961162e-02,1.259184010961751990e-02,2.022254246497673033e-02,2.426232606487278148e-02,3.794089158732783656e-02,1.755297786387582937e-02,5.882491908620567783e-02,7.715750431146495281e-02,1.760022679486876462e-02,4.913888823265373518e-02,1.198705379290793543e-01,6.695173521699071539e-02,9.938812634364146970e-02,5.806893619031869291e-02,1.403293250490207644e-02,4.987124666304424553e-02
6.543976942521675250e-03,8.930047957664957736e-03,5.976989770606440031e-03,0.000000000000000000e+00,1.594651421011599596e-02,2.074228070589902856e-02,2.374258782395048326e-02,4.583146306314819611e-03,2.794774268232181128e-02,1.474166646979612090e-02,1.866332774220983218e-02,1.233197098915637079e-02,3.444447069385055127e-02,8.315811854756785526e-03,9.638781922559002194e-03,7.583453424366273440e-03,5.150133478230054830e-03,1.124524557631883560e-02,1.048926268043185589e-02,1.930118831061447202e-02,8.882799026672020745e-03,2.969595312906045392e-02,2.650665028703725473e-02,1.093812752486474950e-02,2.303385385905644053e-02,5.053273169694535993e-02,2.927071275012402968e-02,4.755604904439036940e-02,2.882184790569113433e-02,6.567601408018143745e-03,2.461669304731980285e-02,7.985069337806231793e-03,6.449479080535803002e-03,1.093812752486474950e-02,4.772142030286564973e-03,1.030026695646010966e-02,3.543669824470221420e-03,1.393843464291620420e-03,7.914195941316827174e-03,4.181530392874861259e-03,9.024545819650829984e-03,6.307732287556993764e-03,8.079567199792104040e-03,1.960830636206855639e-03,1.464716860781024822e-03,5.150133478230054830e-03,9.780528715537811432e-03,1.259184010961751990e-02,6.047863167095844650e-03,1.426917715986675793e-02,2.133289234331073314e-02,2.452219518533393233e-02,6.378605684046398383e-03,2.664839708001606397e-02,1.481253986628552552e-02,2.702638852795955643e-02,1.471804200429965327e-02,3.375936119445297617e-02,9.969524439509555927e-03,7.418082165890996574e-03,7.347208769401591955e-03,6.118736563585249269e-03,9.733279784544874441e-03,1.141061683479411247e-02,1.804909163930165997e-02,8.292187389260317898e-03,2.787686928583240839e-02,3.683054170899383722e-02,8.174065061777978022e-03,2.378983675494341851e-02,5.629710127808358611e-02,3.134966571381322259e-02,4.739067778591509600e-02,2.749887783788891940e-02,6.662099270004015993e-03,2.390795908242576012e-02
3.560206950317749280e-02,4.989487112854072010e-02,3.293250490207658837e-02,1.594651421011599596e-02,0.000000000000000000e+00,1.148857757093245807e-01,1.332892343310732586e-01,2.553804720168206116e-02,1.553072361737815599e-01,8.256750691015615762e-02,1.033806610125445891e-01,6.886531692220464185e-02,1.922322757447612884e-01,4.656382149353870820e-02,5.327316969453566031e-02,4.235866663516738018e-02,2.811311394079708814e-02,6.359706111649224280e-02,5.828155637978690851e-02,1.072550733539653633e-01,4.980037326655484264e-02,1.645444021829006176e-01,1.467788041295565726e-01,6.031326041248316616e-02,1.295093198516383548e-01,2.766897398946348563e-01,1.621347067022608501e-01,2.632001700961515978e-01,1.609771078929339294e-01,3.633442793356800316e-02,1.359115500011812139e-01,4.533534928772236378e-02,3.600368541661744942e-02,6.097474544638427363e-02,2.671927047650547032e-02,5.813980958680809580e-02,2.031704032696260084e-02,7.937820406813296537e-03,4.481561104680006902e-02,2.338822084150346189e-02,5.036736043847007960e-02,3.529495145172340670e-02,4.585508752864466547e-02,1.143424130029058010e-02,8.457558647735594765e-03,2.917621488813815570e-02,5.464338869333081050e-02,7.014103805901392152e-02,3.392473245292824957e-02,7.918920834416121046e-02,1.189964327057100313e-01,1.362186680526353000e-01,3.562569396867396043e-02,1.480545252663658384e-01,8.318174301306432983e-02,1.505587186089914764e-01,8.209501760022679118e-02,1.868931465425594796e-01,5.466701315882727813e-02,4.122469229133690627e-02,4.044508492995346066e-02,3.380661012544591143e-02,5.407640152141558049e-02,6.317182073755581162e-02,9.988424011906731070e-02,4.663469489002811108e-02,1.552836117082851131e-01,2.046114956649105754e-01,4.486285997779300427e-02,1.323915046422074748e-01,3.138982730515721964e-01,1.743013064329419493e-01,2.630347988376762758e-01,1.526849205036736046e-01,3.694866403647617537e-02,1.315173994188381379e-01
4.646932363155283768e-02,6.690448628599778014e-02,4.323277185853670324e-02,2.074228070589902856e-02,1.148857757093245807e-01,0.000000000000000000e+00,1.715136195043587275e-01,3.366486333246710566e-02,2.064542039736350920e-01,1.063100947341066443e-01,1.355808074842306810e-01,8.870986793923787972e-02,2.500177183491223420e-01,6.043138273996551124e-02,7.066077629993620934e-02,5.547024498570719830e-02,3.642892579555387367e-02,8.379597911597250204e-02,7.607077889862741416e-02,1.425027758746958417e-01,6.404592596092513468e-02,2.206997566680053979e-01,1.962956838101538037e-01,8.001606463653759826e-02,1.713954971768763824e-01,3.682581681589454092e-01,2.172269602400245803e-01,3.457440525408112530e-01,2.137069148810508135e-01,4.788679156134092313e-02,1.811051524959247927e-01,5.738382669092111782e-02,4.717805759644688041e-02,8.008693803302700809e-02,3.479883767629757263e-02,7.444069077937111312e-02,2.556167166717852879e-02,1.022939355997070504e-02,5.658059486404119764e-02,3.085355193838739546e-02,6.510902690826619876e-02,4.599683432162347124e-02,5.811618512131162817e-02,1.471804200429965327e-02,1.082000519738240962e-02,3.846062982825013826e-02,7.236173781568192021e-02,9.319851638356682622e-02,4.413050154740248698e-02,1.020340664792459134e-01,1.584020411538188955e-01,1.758605211557088543e-01,4.687093954499279430e-02,1.968626709820690268e-01,1.052469937867655803e-01,1.964610550686290702e-01,1.070188286990006871e-01,2.439462307165300436e-01,7.132226133383731681e-02,5.464338869333081050e-02,5.244631340215927945e-02,4.328002078952963849e-02,7.066077629993620934e-02,8.393772590895130781e-02,1.342578374164284660e-01,6.012426468851142514e-02,2.069739422145573937e-01,2.738548040350586854e-01,5.958090198209265581e-02,1.722459779347492170e-01,4.134517706536889325e-01,2.332915967776229005e-01,3.445628292659878578e-01,2.033593989935977564e-01,4.812303621630560635e-02,1.718916109523022095e-01
5.298967610857804184e-02,7.451156417586052294e-02,4.876089678471024619e-02,2.374258782395048326e-02,1.332892343310732586e-01,1.715136195043587275e-01,0.000000000000000000e+00,3.838975643176072844e-02,2.325356138817359364e-01,1.237921992014930639e-01,1.543622575539228547e-01,1.031207918920834382e-01,2.898013182451746883e-01,7.108601667887264053e-02,7.999244017104112370e-02,6.328994306503815670e-02,4.183892839424507848e-02,9.525384488175954456e-02,8.639467032058399665e-02,1.602211249970469376e-01,7.453518864135698363e-02,2.443478466299700003e-01,2.185735547733232420e-01,8.946585083512485770e-02,1.913817949868884261e-01,4.076874010725507480e-01,2.414420373739044057e-01,3.945521982565144414e-01,2.406624300125209670e-01,5.388740579744383252e-02,2.028160362871790079e-01,6.895981478419051236e-02,5.525762479623898271e-02,9.298589619409861062e-02,4.006709348200997167e-02,8.934772850764251262e-02,3.087717640388386309e-02,1.185948167922700781e-02,6.803846062982825404e-02,3.553119610668808298e-02,7.666139053603912568e-02,5.343854095301094065e-02,6.976304661107042560e-02,1.776559805334404149e-02,1.278083583358926439e-02,4.495735783977887479e-02,8.216589099671620100e-02,1.033570365470481284e-01,5.169033050627229453e-02,1.185003189302842042e-01,1.765220061896099479e-01,2.064069550426421706e-01,5.424177277989085388e-02,2.216683597533605776e-01,1.250206714073094083e-01,2.247395402679014387e-01,1.246899288903588615e-01,2.789813130477922787e-01,8.136265916983628776e-02,6.227409104869002093e-02,5.993526896453967717e-02,4.994212005953365535e-02,8.093741879089985658e-02,9.393087481395732963e-02,1.494247442651610025e-01,7.014103805901392152e-02,2.314252640034019093e-01,3.055588367313189502e-01,6.614850339011080216e-02,1.968154220510761054e-01,4.686621465189350078e-01,2.588532684448014431e-01,3.889768243993479424e-01,2.259207635427248340e-01,5.440714403836613422e-02,1.962720593446573292e-01
1.060738500791419577e-02,1.452904628032790704e-02,9.591532991566065203e-03,4.583146306314819611e-03,2.553804720168206116e-02,3.366486333246710566e-02,3.838975643176072844e-02,0.000000000000000000e+00,4.540622268421176666e-02,2.334097191051052317e-02,3.000307118051454003e-02,1.975005315504736736e-02,5.539937158921779542e-02,1.353681872947624584e-02,1.601738760660539884e-02,1.219022419617756155e-02,8.008693803302699421e-03,1.863970327671336455e-02,1.691511729547118953e-02,3.132604124831675496e-02,1.469441753880318391e-02,4.795766495783032601e-02,4.323277185853670324e-02,1.781284698433698022e-02,3.735027994991613198e-02,8.107916558387866235e-02,4.769779583736918210e-02,7.649601927756384534e-02,4.670556828651752090e-02,1.053651161142479115e-02,3.964185310307354049e-02,1.292258262656807363e-02,1.072550733539653738e-02,1.790734484632285073e-02,7.725200217345082679e-03,1.682061943348531902e-02,5.811618512131163164e-03,2.291573153157409806e-03,1.273358690259632914e-02,6.827470528479292859e-03,1.464716860781024865e-02,1.027664249096364203e-02,1.306432941954688287e-02,3.378298565994944554e-03,2.433319946136218610e-03,8.622929906210871631e-03,1.578114295164071909e-02,2.050603605093434881e-02,9.922275508516620671e-03,2.270311134210588333e-02,3.479883767629757263e-02,3.935835951711592201e-02,1.041838928394245127e-02,4.344539204800491189e-02,2.329372297951758791e-02,4.368163670296959511e-02,2.371896335845401563e-02,5.391103026294030015e-02,1.571026955515131621e-02,1.219022419617756155e-02,1.150511469677998472e-02,9.426161733090788336e-03,1.571026955515131621e-02,1.856882988022396166e-02,2.953058187058517706e-02,1.337144747100096898e-02,4.498098230527534241e-02,5.995889343003614480e-02,1.313520281603628749e-02,3.808263838030664233e-02,9.161567719530346043e-02,5.098159654137825181e-02,7.585815870915919856e-02,4.455574192633891817e-02,1.048926268043185589e-02,3.801176498381723945e-02
6.217959318670415042e-02,8.960759762810366347e-02,5.762007134588580104e-02,2.794774268232181128e-02,1.553072361737815599e-01,2.064542039736350920e-01,2.325356138817359364e-01,4.540622268421176666e-02,0.000000000000000000e+00,1.433296321670722295e-01,1.822391268397552389e-01,1.184766944647877296e-01,3.378298565994944380e-01,8.204776866923385592e-02,9.433249072739728625e-02,7.488955562380400499e-02,4.869002338822084330e-02,1.130194429351035895e-01,1.023411845306999995e-01,1.912872971249025555e-01,8.646554371707340647e-02,2.952349453093623954e-01,2.615700819768952967e-01,1.058848543551702132e-01,2.297243024876562123e-01,4.909400174821044738e-01,2.893760778662382571e-01,4.640081268161307948e-01,2.866120154031515099e-01,6.418767275390394045e-02,2.413475395119185352e-01,7.814973186231662095e-02,6.295920054808759603e-02,1.067353351130430617e-01,4.658744595903517582e-02,1.015143282383236117e-01,3.486971107278697551e-02,1.403293250490207644e-02,7.703938198398260773e-02,4.103569656736516524e-02,8.745777126792506073e-02,6.144723475631364007e-02,7.966169765409057690e-02,1.998629781001204711e-02,1.474166646979612090e-02,5.124146566183940266e-02,9.702567979399466525e-02,1.249734224763164731e-01,5.946277965461031767e-02,1.375652625859339895e-01,2.138722861395260799e-01,2.379456164804271412e-01,6.269933142762644518e-02,2.656334900422878120e-01,1.430933875121075394e-01,2.653499964563301727e-01,1.416759195823194539e-01,3.274587162465449341e-01,9.556096293321363067e-02,7.281060266011481208e-02,7.115689007536205035e-02,5.861229889673746224e-02,9.527746934725601913e-02,1.128304472111318485e-01,1.800184270830872402e-01,8.058305180845283522e-02,2.775402206525077187e-01,3.645255026105034268e-01,7.871671903423184402e-02,2.334097191051052456e-01,5.547496987880649044e-01,3.134257837416428716e-01,4.641498736091095867e-01,2.742327954830022230e-01,6.492003118429445774e-02,2.309527746934725567e-01
3.347586760849535770e-02,4.642207470055990243e-02,3.047556049044390300e-02,1.474166646979612090e-02,8.256750691015615762e-02,1.063100947341066443e-01,1.237921992014930639e-01,2.334097191051052317e-02,1.433296321670722295e-01,0.000000000000000000e+00,9.660043941505823406e-02,6.390417916794632891e-02,1.784592123603203351e-01,4.448486852984951528e-02,4.939875735311488603e-02,3.957097970658413760e-02,2.601053651161142413e-02,5.913203713765975700e-02,5.445439296935906948e-02,1.002149826360178575e-01,4.632757683857402498e-02,1.530156630206241652e-01,1.357461787427059474e-01,5.539937158921779542e-02,1.196106688086182035e-01,2.559238347232393740e-01,1.503933473505161822e-01,2.454345720428075250e-01,1.491648751446998378e-01,3.430272390087174550e-02,1.269342531125233209e-01,4.065770511942167625e-02,3.352311653948829295e-02,5.658059486404119764e-02,2.459306858182333522e-02,5.495050674478489661e-02,1.892319686267098303e-02,7.512580027876869689e-03,4.077582744690401440e-02,2.187625504972949900e-02,4.661107042453164345e-02,3.227101986817548090e-02,4.285478041059320731e-02,1.058376054241772814e-02,7.748824682841550307e-03,2.771149802735713152e-02,5.060360509343476282e-02,6.461291313284037163e-02,3.156228590328143818e-02,7.382645467646294091e-02,1.094993975761298366e-01,1.266035105955727880e-01,3.283800704009071786e-02,1.361005457251529549e-01,7.807885846582721112e-02,1.396205910841267217e-01,7.635427248458503957e-02,1.738051926575161221e-01,5.180845283375463961e-02,3.876774787970422437e-02,3.775189586335608860e-02,3.163315929977084107e-02,5.034373597297361197e-02,5.880129462070920326e-02,9.345838550402797706e-02,4.358713884098372460e-02,1.446526022348744445e-01,1.884523612653263847e-01,4.139006354981218661e-02,1.223511068062085039e-01,2.914077818989345148e-01,1.619929599092820582e-01,2.454345720428075250e-01,1.415105483238441597e-01,3.489333553828344314e-02,1.229889673746131507e-01
4.261853575562853103e-02,5.884854355170214546e-02,3.928748612062651913e-02,1.866332774220983218e-02,1.033806610125445891e-01,1.355808074842306810e-01,1.543622575539228547e-01,3.000307118051454003e-02,1.822391268397552389e-01,9.660043941505823406e-02,0.000000000000000000e+00,8.098466772189279184e-02,2.245741690094261722e-01,5.521037586524604746e-02,6.319544520305228619e-02,4.984762219754777790e-02,3.288525597108365311e-02,7.512580027876869515e-02,6.877081906021875746e-02,1.266271350610692348e-01,5.889579248269508072e-02,1.946183467599045536e-01,1.729547118996432598e-01,7.155850598880200697e-02,1.522833045902336480e-01,3.286399395213683294e-01,1.906730610219943833e-01,3.107798436060383862e-01,1.893973398851850898e-01,4.349264097899784715e-02,1.616622173923314976e-01,5.169033050627229453e-02,4.233504216967091255e-02,7.172387724727727343e-02,3.132604124831675496e-02,6.813295849181412456e-02,2.336459637600699427e-02,9.567908526069597575e-03,5.072172742091710096e-02,2.738075551040657779e-02,5.847055210375864953e-02,4.077582744690401440e-02,5.322592076354272506e-02,1.320607621252569211e-02,9.875026577523683680e-03,3.505870679675872348e-02,6.380968130596045840e-02,8.337073873703607085e-02,3.999622008552056185e-02,9.293864726310567537e-02,1.411561813413971522e-01,1.592997708426846792e-01,4.160268373928040220e-02,1.742776819674454747e-01,9.735642231094521204e-02,1.764983817241135011e-01,9.617519903612180288e-02,2.200146471686078020e-01,6.489640671879798317e-02,4.904439037066786466e-02,4.767417137187271448e-02,3.947648184459826709e-02,6.362068558198870349e-02,7.477143329632167379e-02,1.188074369817382903e-01,5.435989510737319896e-02,1.837274681660327480e-01,2.408278012709962335e-01,5.348578988400387590e-02,1.550946159843133443e-01,3.705497413121028316e-01,2.073519336625008758e-01,3.106144723475631197e-01,1.811287769614212395e-01,4.398875475442368121e-02,1.553072361737815599e-01
2.832573413026530373e-02,3.879137234520069200e-02,2.603416097710789176e-02,1.233197098915637079e-02,6.886531692220464185e-02,8.870986793923787972e-02,1.031207918920834382e-01,1.975005315504736736e-02,1.184766944647877296e-01,6.390417916794632891e-02,8.098466772189279184e-02,0.000000000000000000e+00,1.481490231283517089e-01,3.685416617449030485e-02,4.209879751470622933e-02,3.279075810909778260e-02,2.201800184270830824e-02,4.930425949112901551e-02,4.587871199414113310e-02,8.325261640955373965e-02,3.940560844810886421e-02,1.270523754400056660e-01,1.133501854520541502e-01,4.717805759644688041e-02,9.981336672257790088e-02,2.155496231897753301e-01,1.253986628552528904e-01,2.052493562333152222e-01,1.246426799593659263e-01,2.870372557820879272e-02,1.064754659925819247e-01,3.418460157338940042e-02,2.851472985423704823e-02,4.850102766424909534e-02,2.074228070589902856e-02,4.571334073566585277e-02,1.575751848614425146e-02,6.378605684046398383e-03,3.399560584941765939e-02,1.828533629426634319e-02,3.945285737910179946e-02,2.728625764842070381e-02,3.527132698622693907e-02,8.906423492168490108e-03,6.638474804507548364e-03,2.388433461692929249e-02,4.205154858371329407e-02,5.433627064187672440e-02,2.645940135604431948e-02,6.139998582532070481e-02,9.154480379881405061e-02,1.057194830966949328e-01,2.778237142384653441e-02,1.134210588485435461e-01,6.560514068369202589e-02,1.164449904320914719e-01,6.499090458078385368e-02,1.454558340617543577e-01,4.278390701410380442e-02,3.309787616055186871e-02,3.134966571381322259e-02,2.634127902856197787e-02,4.190980179073448136e-02,4.906801483616433229e-02,7.781898934536606027e-02,3.635805239906447078e-02,1.202012804460299150e-01,1.570790710860166806e-01,3.522407805523399688e-02,1.017033239622953528e-01,2.454109475773110505e-01,1.357461787427059474e-01,2.042335042169670933e-01,1.179333317583689672e-01,2.893997023317347594e-02,1.029554206336081579e-01
7.711025538047201755e-02,1.091214061281863545e-01,7.110964114436911510e-02,3.444447069385055127e-02,1.922322757447612884e-01,2.500177183491223420e-01,2.898013182451746883e-01,5.539937158921779542e-02,3.378298565994944380e-01,1.784592123603203351e-01,2.245741690094261722e-01,1.481490231283517089e-01,0.000000000000000000e+00,1.023648089961964602e-01,1.161614968461338604e-01,9.225353776370809333e-02,6.043138273996551124e-02,1.385811146022821183e-01,1.255640341137281846e-01,2.334333435706017201e-01,1.076803137329017945e-01,3.582177703229464383e-01,3.189066597368234723e-01,1.299818091615677074e-01,2.798554182711616156e-01,5.980533440430910730e-01,3.529495145172340531e-01,5.721845543244583610e-01,3.503271988471260978e-01,7.904746155118240469e-02,2.954239410333341365e-01,9.830140093080394492e-02,7.902383708568593013e-02,1.333601077275626545e-01,5.821068298329750562e-02,1.271468733019915365e-01,4.391788135793427833e-02,1.719861088142880801e-02,9.671856174254057914e-02,5.109971886886058995e-02,1.096883933001015915e-01,7.677951286352145688e-02,9.967161992959909511e-02,2.518368021923503980e-02,1.830896075976281082e-02,6.451841527085450112e-02,1.187365635852488804e-01,1.519053131422901659e-01,7.420444612440643684e-02,1.713246237803869587e-01,2.590658886342696587e-01,2.968886578941151710e-01,7.765361808689077994e-02,3.232299369226770969e-01,1.797349334971296286e-01,3.269626024711190793e-01,1.786009591532991547e-01,4.054667013158827493e-01,1.185239433957806648e-01,9.029270712750124550e-02,8.790663611235795261e-02,7.271610479812894157e-02,1.173899690519502048e-01,1.382267476198351108e-01,2.184554324458409247e-01,1.005693496184648789e-01,3.381369746509484964e-01,4.449195586949845072e-01,9.714380212147699645e-02,2.864230196791797689e-01,6.822036901415104992e-01,3.794797892697677755e-01,5.678612771386047919e-01,3.315693732429303986e-01,7.940182853362942605e-02,2.860450282312362869e-01
1.873420113869923853e-02,2.657752368352666109e-02,1.726948427791821089e-02,8.315811854756785526e-03,4.656382149353870820e-02,6.043138273996551124e-02,7.108601667887264053e-02,1.353681872947624584e-02,8.204776866923385592e-02,4.448486852984951528e-02,5.521037586524604746e-02,3.685416617449030485e-02,1.023648089961964602e-01,0.000000000000000000e+00,2.813673840629355924e-02,2.272673580760235443e-02,1.526140471071842086e-02,3.383023459094237906e-02,3.104254766235913995e-02,5.721845543244583748e-02,2.638852795955491659e-02,8.729240000944978040e-02,7.696850858749321178e-02,3.170403269626024395e-02,6.782584044036003845e-02,1.444163575799097543e-01,8.552056509721467359e-02,1.399277091355808078e-01,8.464645987384535053e-02,1.949018403458621651e-02,7.276335372912187682e-02,2.367171442746108037e-02,1.920669044862860150e-02,3.264901131611896989e-02,1.415105483238441805e-02,3.137329017930969022e-02,1.091450305936828187e-02,4.299652720357202001e-03,2.360084103097167402e-02,1.226109759266696617e-02,2.681376833849134084e-02,1.849795648373455531e-02,2.485293770228448607e-02,6.095112098088780773e-03,4.583146306314819611e-03,1.580476741713718672e-02,2.889272130218053722e-02,3.659429705402915400e-02,1.816721396678400158e-02,4.167355713576980508e-02,6.295920054808759603e-02,7.245623567766779072e-02,1.894682132816745065e-02,7.838597651728129723e-02,4.467386425382125631e-02,7.961444872309764165e-02,4.394150582343074596e-02,9.893926149920857782e-02,2.953058187058517706e-02,2.237236882515532960e-02,2.180538165324009611e-02,1.800184270830872471e-02,2.849110538874058060e-02,3.335774528101301956e-02,5.386378133194736489e-02,2.464031751281627394e-02,8.249663351366674779e-02,1.066644617165536657e-01,2.360084103097167402e-02,6.971579768007749034e-02,1.653003850787875817e-01,9.265515367714804995e-02,1.391244773087008946e-01,8.081929646341751150e-02,1.982092655153677024e-02,7.037728271397859781e-02
2.251411561813413884e-02,3.104254766235913995e-02,2.060053391292021932e-02,9.638781922559002194e-03,5.327316969453566031e-02,7.066077629993620934e-02,7.999244017104112370e-02,1.601738760660539884e-02,9.433249072739728625e-02,4.939875735311488603e-02,6.319544520305228619e-02,4.209879751470622933e-02,1.161614968461338604e-01,2.813673840629355924e-02,0.000000000000000000e+00,2.532542701221384904e-02,1.689149282997472190e-02,3.907486593115831047e-02,3.569656736516336332e-02,6.595950766613904725e-02,3.097167426586973360e-02,1.012780835833589216e-01,9.052895178246592178e-02,3.794089158732783656e-02,7.869309456873538333e-02,1.723641002622315621e-01,9.955349760211675003e-02,1.613787238063738860e-01,9.839589879278981543e-02,2.225424649767299146e-02,8.410309716742658814e-02,2.693189066597368245e-02,2.312835172104231105e-02,3.881499681069715962e-02,1.653712584752770054e-02,3.541307377920574484e-02,1.219022419617756155e-02,4.890264357768905716e-03,2.624678116657610735e-02,1.459991967681731166e-02,3.106617212785560758e-02,2.166363486026128687e-02,2.681376833849134084e-02,7.063715183443974345e-03,5.079260081740650211e-03,1.878145006969217379e-02,3.295612936757305600e-02,4.335089418601904138e-02,2.086040303338137017e-02,4.731980438942568618e-02,7.344846322851945886e-02,8.268562923763850270e-02,2.215974863568711747e-02,9.107231448888468417e-02,4.975312433556190739e-02,9.182829738477167603e-02,5.086347421389591367e-02,1.132556875900682797e-01,3.269626024711191209e-02,2.617590777008670100e-02,2.442769732334805835e-02,1.977367762054383499e-02,3.262538685062250227e-02,3.921661272413711624e-02,6.210871979021474754e-02,2.834935859576177136e-02,9.475773110633371743e-02,1.255640341137281846e-01,2.832573413026530373e-02,7.876396796522479316e-02,1.945710978289116322e-01,1.079874317843558806e-01,1.597013867561246359e-01,9.360013229700678283e-02,2.208887523919771459e-02,8.081929646341751150e-02
1.703323962295353114e-02,2.414420373739043987e-02,1.552127383117956998e-02,7.583453424366273440e-03,4.235866663516738018e-02,5.547024498570719830e-02,6.328994306503815670e-02,1.219022419617756155e-02,7.491318008930047956e-02,3.957097970658413760e-02,4.984762219754777790e-02,3.279075810909778260e-02,9.225353776370809333e-02,2.272673580760235443e-02,2.532542701221384904e-02,0.000000000000000000e+00,1.332419854000803199e-02,3.028656476647215851e-02,2.797136714781827890e-02,5.185570176474757487e-02,2.338822084150346189e-02,7.940182853362942605e-02,7.018828699000685678e-02,2.891634576767700485e-02,6.161260601478891347e-02,1.314465260223487419e-01,7.812610739682014638e-02,1.270287509745091914e-01,7.732287556994023314e-02,1.776559805334404149e-02,6.574688747667084554e-02,2.109664768834604992e-02,1.722223534692527563e-02,2.910534149164875281e-02,1.275721136809279677e-02,2.823123626827942975e-02,9.709655319048406813e-03,3.803538944931370968e-03,2.102577429185664704e-02,1.089087859387181424e-02,2.381346122043988614e-02,1.656075031302416817e-02,2.218337310118358510e-02,5.433627064187672440e-03,3.945285737910179773e-03,1.431642609085969492e-02,2.622315670107963972e-02,3.326324741902714210e-02,1.620638333057714681e-02,3.782276925984549842e-02,5.776181813886460681e-02,6.484915778780504791e-02,1.703323962295353114e-02,7.146400812681613646e-02,3.968910203406648268e-02,7.177112617827022256e-02,3.898036806917243302e-02,8.922960618016016754e-02,2.641215242505138422e-02,1.977367762054383499e-02,1.958468189657209049e-02,1.615913439958420808e-02,2.598691204611495650e-02,3.047556049044390300e-02,4.866639892272437568e-02,2.206525077370124349e-02,7.503130241678282464e-02,9.763991589690283746e-02,2.140376573980013603e-02,6.333719199603109196e-02,1.497791112476080100e-01,8.448108861537008407e-02,1.255167851827352354e-01,7.394457700394528599e-02,1.788372038082638310e-02,6.279382928961231569e-02
1.143424130029058010e-02,1.589926527912306070e-02,1.053651161142479115e-02,5.150133478230054830e-03,2.811311394079708814e-02,3.642892579555387367e-02,4.183892839424507848e-02,8.008693803302699421e-03,4.869002338822084330e-02,2.601053651161142413e-02,3.288525597108365311e-02,2.201800184270830824e-02,6.043138273996551124e-02,1.526140471071842086e-02,1.689149282997472190e-02,1.332419854000803199e-02,0.000000000000000000e+00,2.000992227550851821e-02,1.863970327671336455e-02,3.418460157338940042e-02,1.589926527912306070e-02,5.244631340215927945e-02,4.637482576956696023e-02,1.915944151763566278e-02,4.098844763637222999e-02,8.788301164686149192e-02,5.135958798932174080e-02,8.391410144345484712e-02,5.091072314488884892e-02,1.178860828273760319e-02,4.353988990999078934e-02,1.370218998795152271e-02,1.143424130029058010e-02,1.930118831061447202e-02,8.363060785749722517e-03,1.875782560419570616e-02,6.425854615039334507e-03,2.575066739115027415e-03,1.367856552245505508e-02,7.559828958869805812e-03,1.589926527912306070e-02,1.100900092135415412e-02,1.455267074582437641e-02,3.567294289966689482e-03,2.622315670107963972e-03,9.544284060573129946e-03,1.729310874341467852e-02,2.239599329065180069e-02,1.089087859387181424e-02,2.511280682274563691e-02,3.756290013938434758e-02,4.287840487608968187e-02,1.131611897280824022e-02,4.637482576956696023e-02,2.655389921803019346e-02,4.736705332041862837e-02,2.605778544260435939e-02,5.951002858560325293e-02,1.793096931181931836e-02,1.327694960901509673e-02,1.287533369557513838e-02,1.074913180089300500e-02,1.696236622646412479e-02,2.015166906848732398e-02,3.238914219565782598e-02,1.471804200429965327e-02,4.975312433556190739e-02,6.437666847787568147e-02,1.422192822887382094e-02,4.129556568782631609e-02,9.945899974013087952e-02,5.561199177868600407e-02,8.450471308086654476e-02,4.850102766424909534e-02,1.197760400670934769e-02,4.207517304920976170e-02
2.572704292565380566e-02,3.647617472654680892e-02,2.390795908242576012e-02,1.124524557631883560e-02,6.359706111649224280e-02,8.379597911597250204e-02,9.525384488175954456e-02,1.863970327671336455e-02,1.130194429351035895e-01,5.913203713765975700e-02,7.512580027876869515e-02,4.930425949112901551e-02,1.385811146022821183e-01,3.383023459094237906e-02,3.907486593115831047e-02,3.028656476647215851e-02,2.000992227550851821e-02,0.000000000000000000e+00,4.221691984218856747e-02,7.862222117224597351e-02,3.583831415814216909e-02,1.201540315150369659e-01,1.064045925960925149e-01,4.375251009945899799e-02,9.336388764204209267e-02,2.005244631340215855e-01,1.187365635852488804e-01,1.910983014009308145e-01,1.169883531385102343e-01,2.686101726948427956e-02,9.903375936119444833e-02,3.179853055824612140e-02,2.627040563207257498e-02,4.431949727137423495e-02,1.934843724160740727e-02,4.193342625623095593e-02,1.436367502185263018e-02,5.764369581138227040e-03,3.137329017930969022e-02,1.672612157149944503e-02,3.626355453707860027e-02,2.511280682274563691e-02,3.267263578161543752e-02,8.244938458267380907e-03,6.071487632592312278e-03,2.161638592926835162e-02,3.959460417208060523e-02,5.119421673084646740e-02,2.445132178884452598e-02,5.622622788159417628e-02,8.722152661296038445e-02,9.742729570743462186e-02,2.586878971863261489e-02,1.081291785773346864e-01,5.946277965461031767e-02,1.089324104042145996e-01,5.906116374117035411e-02,1.348012001228472145e-01,3.914573932764771336e-02,3.028656476647215851e-02,2.912896595714522044e-02,2.409695480639750462e-02,3.924023718963358387e-02,4.639845023506343480e-02,7.309409624607243749e-02,3.319237402253773922e-02,1.131848141935788699e-01,1.479836518698764425e-01,3.262538685062250227e-02,9.508847362328427810e-02,2.284958302818398679e-01,1.274776158189420971e-01,1.902478206430579522e-01,1.114366037468402237e-01,2.679014387299487321e-02,9.487585343381606251e-02
2.386071015143282487e-02,3.359398993597769584e-02,2.230149542866592671e-02,1.048926268043185589e-02,5.828155637978690851e-02,7.607077889862741416e-02,8.639467032058399665e-02,1.691511729547118953e-02,1.023411845306999995e-01,5.445439296935906948e-02,6.877081906021875746e-02,4.587871199414113310e-02,1.255640341137281846e-01,3.104254766235913995e-02,3.569656736516336332e-02,2.797136714781827890e-02,1.863970327671336455e-02,4.221691984218856747e-02,0.000000000000000000e+00,7.165300385078787748e-02,3.366486333246710566e-02,1.096883933001015915e-01,9.683668407002291034e-02,4.077582744690401440e-02,8.580405868317229900e-02,1.855229275437643155e-01,1.072786978194618379e-01,1.748446691393607255e-01,1.064990904580783854e-01,2.464031751281627394e-02,9.135580807484230959e-02,2.875097450920172798e-02,2.381346122043988614e-02,4.053958279193933117e-02,1.769472465685463861e-02,3.846062982825013826e-02,1.322970067802215974e-02,5.551749391670013183e-03,2.851472985423704823e-02,1.526140471071842086e-02,3.297975383306952363e-02,2.289210706607763129e-02,2.995582224952160477e-02,7.441706631387465069e-03,5.551749391670013183e-03,1.991542441352264423e-02,3.586193862363863671e-02,4.682369061399985904e-02,2.249049115263767121e-02,5.187932623024404249e-02,7.989794230905525318e-02,8.913510831817429703e-02,2.319922511753171740e-02,9.820690306881807441e-02,5.509225353776370931e-02,9.893926149920857782e-02,5.379290793545796201e-02,1.238394481324859991e-01,3.654704812303621875e-02,2.780599588934300204e-02,2.719175978643483330e-02,2.244324222164473595e-02,3.572019183065983094e-02,4.231141770417444492e-02,6.768409364738123268e-02,3.059368281792624461e-02,1.039240237189633653e-01,1.336199768480238192e-01,3.023931583547922325e-02,8.681991069952042783e-02,2.090528951782466005e-01,1.176498381724113557e-01,1.758841456212053289e-01,1.026483025821540856e-01,2.506555789175269819e-02,8.743414680242860004e-02
4.365801223747312748e-02,6.213234425571121516e-02,4.051595832644286355e-02,1.930118831061447202e-02,1.072550733539653633e-01,1.425027758746958417e-01,1.602211249970469376e-01,3.132604124831675496e-02,1.912872971249025555e-01,1.002149826360178575e-01,1.266271350610692348e-01,8.325261640955373965e-02,2.334333435706017201e-01,5.721845543244583748e-02,6.595950766613904725e-02,5.185570176474757487e-02,3.418460157338940042e-02,7.862222117224597351e-02,7.165300385078787748e-02,0.000000000000000000e+00,6.078574972241253260e-02,2.034066479245907055e-01,1.805854142550024910e-01,7.460606203784639345e-02,1.587564081362659307e-01,3.422240071818374862e-01,2.007370833234898011e-01,3.233244347846629951e-01,1.977367762054383638e-01,4.491010890878593953e-02,1.686314347137896075e-01,5.308417397056391929e-02,4.405962815091308410e-02,7.488955562380400499e-02,3.248364005764369650e-02,7.087339648940442494e-02,2.423870159937631386e-02,9.827777646530746689e-03,5.249356233315221471e-02,2.844385645774764187e-02,6.083299865340546786e-02,4.231141770417444492e-02,5.518675139974957983e-02,1.372581445344799034e-02,1.018214462897776978e-02,3.645255026105034130e-02,6.697535968248718996e-02,8.670178837203808275e-02,4.129556568782631609e-02,9.539559167473836421e-02,1.478182806114011760e-01,1.646389000448864881e-01,4.351626544449432171e-02,1.830896075976281012e-01,1.005221006874719436e-01,1.837747170970256694e-01,9.934087741264853444e-02,2.275981005929740841e-01,6.695173521699071539e-02,5.133596352382527317e-02,4.946963074960428891e-02,4.096482317087576236e-02,6.600675659713199639e-02,7.843322544827423248e-02,1.255167851827352354e-01,5.629710127808358611e-02,1.924448959342294763e-01,2.507264523140164125e-01,5.551749391670013356e-02,1.607644877034657138e-01,3.863308842637435125e-01,2.177939474119398033e-01,3.223322072338113409e-01,1.897753313331285996e-01,4.540622268421176666e-02,1.610479812894233254e-01
2.067140730940962567e-02,2.830210966476883611e-02,1.932481277611093964e-02,8.882799026672020745e-03,4.980037326655484264e-02,6.404592596092513468e-02,7.453518864135698363e-02,1.469441753880318391e-02,8.646554371707340647e-02,4.632757683857402498e-02,5.889579248269508072e-02,3.940560844810886421e-02,1.076803137329017945e-01,2.638852795955491659e-02,3.097167426586973360e-02,2.338822084150346189e-02,1.589926527912306070e-02,3.583831415814216909e-02,3.366486333246710566e-02,6.078574972241253260e-02,0.000000000000000000e+00,9.241890902218337367e-02,8.285100049611376916e-02,3.479883767629757263e-02,7.281060266011481208e-02,1.583547922228259464e-01,9.130855914384937433e-02,1.491648751446998378e-01,9.029270712750124550e-02,2.067140730940962567e-02,7.720475324245788806e-02,2.523092915022797506e-02,2.097852536086371178e-02,3.546032271019868010e-02,1.533227810720782375e-02,3.302700276406246582e-02,1.141061683479411247e-02,4.677644168300691858e-03,2.473481537480214446e-02,1.337144747100096898e-02,2.872735004370526035e-02,1.998629781001204711e-02,2.525455361572444268e-02,6.543976942521675250e-03,4.724893099293628849e-03,1.717498641593234038e-02,3.045193602494743537e-02,3.999622008552056185e-02,1.932481277611093964e-02,4.436674620236717020e-02,6.773134257837416794e-02,7.711025538047201755e-02,2.015166906848732398e-02,8.381960358146896273e-02,4.670556828651752090e-02,8.523707151125706205e-02,4.691818847598572956e-02,1.054596139762337820e-01,3.080630300739445673e-02,2.426232606487278148e-02,2.298660492806350181e-02,1.868695220770629981e-02,3.035743816296156139e-02,3.619268114058919739e-02,5.700583524297762883e-02,2.648302582154078710e-02,8.705615535448510411e-02,1.144605353303881495e-01,2.596328758061848888e-02,7.321221857355476870e-02,1.790734484632285073e-01,9.934087741264853444e-02,1.476292848874294350e-01,8.611117673462638511e-02,2.067140730940962567e-02,7.467693543433580328e-02
