0.000000000000000000e+00,1.363139221596820251e-02,5.681969749513164462e-03,4.855016405687305123e-03,1.970016272307733435e-02,2.239443006909061853e-02,2.580894710166191028e-02,4.441539733774375019e-03,2.739616400352122214e-02,1.513858137487662445e-02,1.869981593619121293e-02,1.351135060154186850e-02,3.837330274495158455e-02,1.075039346973617575e-02,1.005681969749513092e-02,9.950116040227278275e-03,5.761997492464054384e-03,1.211086509990129921e-02,9.149838610718382531e-03,1.988689412329607692e-02,1.121722197028303218e-02,3.845333048790247621e-02,3.494544775522181318e-02,1.115053218449062362e-02,2.887667724811267961e-02,6.618294342038573419e-02,4.198788913490009850e-02,4.801664577053378624e-02,3.382505935390935775e-02,9.723370768533091610e-03,2.592898871608824429e-02,9.109824739242936703e-03,5.775335449622535748e-03,1.124389788459999491e-02,8.069464080881372930e-03,9.923440125910315546e-03,4.414863819457412290e-03,3.281137460986475497e-03,8.976445167658121324e-03,6.202150078693947216e-03,8.362899138367968152e-03,7.495931923066662984e-03,8.389575052684930881e-03,2.827646917598100867e-03,2.894336703390508556e-03,7.429242137274255295e-03,1.359137834449275668e-02,1.160402272787899869e-02,7.269186651372475452e-03,1.960679702296796306e-02,2.630245151652572944e-02,2.824979326166404334e-02,6.335529650278763462e-03,3.003707952090057740e-02,1.679248806252834486e-02,2.604903033051457831e-02,1.775282097793902045e-02,3.853335823085336093e-02,1.264438338624056420e-02,1.104382852722277097e-02,1.243097607170485716e-02,5.988742764158241916e-03,1.271107317203297102e-02,1.372475791607757380e-02,1.955344519433403414e-02,1.613892816176274586e-02,3.473204044068610441e-02,4.410862432309867187e-02,9.803398511483981531e-03,2.819644143303011788e-02,7.906741003547897162e-02,3.906687651719262938e-02,4.697628511217222247e-02,3.663936831434897595e-02,8.096139995198335659e-03,2.684930776002347405e-02
1.363139221596820251e-02,0.000000000000000000e+00,1.539200256088777384e-02,1.327126737268919873e-02,5.243150958999119593e-02,5.899378451196414519e-02,6.854376183743697559e-02,1.128391175607543900e-02,7.261183877077387328e-02,3.997385760396937604e-02,4.976391815829487447e-02,3.526555872702536593e-02,1.016885853762637681e-01,2.949022327740283278e-02,2.608904420199002414e-02,2.667591431696321458e-02,1.527196094646143983e-02,3.267799503827993612e-02,2.464854482887400902e-02,5.288500013337957273e-02,2.867660789073545394e-02,1.021687518339691042e-01,9.276549203723957748e-02,2.863659401926001158e-02,7.623976311788085991e-02,1.727665590738122481e-01,1.119988262597700485e-01,1.280577266785818957e-01,8.888414650412142237e-02,2.614239603062394959e-02,6.875716915197267742e-02,2.334142502734281102e-02,1.516525728919358718e-02,3.006375543521754359e-02,2.082055112438978978e-02,2.679595593138954859e-02,1.180409208525622262e-02,8.629658281537598910e-03,2.298130018406380898e-02,1.621895590471363405e-02,2.219436071171339286e-02,1.920665830821351519e-02,2.318136954144103118e-02,7.482593965908181620e-03,7.749353109077813245e-03,1.904660282231173535e-02,3.614586389948515333e-02,3.157094459412596033e-02,1.946007949422466285e-02,5.167124603195774601e-02,7.106463574039000031e-02,7.515938858804385725e-02,1.621895590471363405e-02,8.061461306586283071e-02,4.421532798036652973e-02,6.877050710913117093e-02,4.513564702430175601e-02,1.029023394776855949e-01,3.405180462560353921e-02,2.796969616133592948e-02,3.335823085336250132e-02,1.572545148984981489e-02,3.377170752527542535e-02,3.673273401445834724e-02,5.205804678955371079e-02,4.121428761970816895e-02,9.327233440926187280e-02,1.166004214794462146e-01,2.446181342865526645e-02,7.535945794542107945e-02,2.068850534852081924e-01,1.046496118654466900e-01,1.262571024621868820e-01,9.755381865713447231e-02,2.196761544001920793e-02,7.185157521274042336e-02
5.681969749513164462e-03,1.539200256088777384e-02,0.000000000000000000e+00,5.601942006562274541e-03,2.224771254034732179e-02,2.548883612985835059e-02,2.921012617707471892e-02,4.801664577053378798e-03,3.110411609357910737e-02,1.699255741990556706e-02,2.119401392482727492e-02,1.460506308853735946e-02,4.320164323632192521e-02,1.260436951476511837e-02,1.099047669858884378e-02,1.137727745618481029e-02,6.562274921972950995e-03,1.379144770186998235e-02,1.056366206951743318e-02,2.276789286952810368e-02,1.204417531410889065e-02,4.418865206604956353e-02,3.941366340331314833e-02,1.191079574252407527e-02,3.226451836636700515e-02,7.303865339984527694e-02,4.805665964200923207e-02,5.491236962146877482e-02,3.809320564462347070e-02,1.137727745618481029e-02,2.975698242057246354e-02,9.870088297276388353e-03,6.375543521754208423e-03,1.272441112919145238e-02,8.749699895963934659e-03,1.149731907061114604e-02,4.988395977272121369e-03,3.601248432790033881e-03,9.696694854216128881e-03,6.802358150825619891e-03,9.376583882412569196e-03,8.029450209405927102e-03,9.923440125910315546e-03,3.187771760877104212e-03,3.281137460986475497e-03,8.029450209405927102e-03,1.561874783258196224e-02,1.337797102995705138e-02,8.282871395417078231e-03,2.202096726865313339e-02,3.041054232133806254e-02,3.201109718035585749e-02,6.762344279350174930e-03,3.443860538319951092e-02,1.885987142209299278e-02,2.958358897751220407e-02,1.873982980766665876e-02,4.358844399391788998e-02,1.457838717422039673e-02,1.176407821378077680e-02,1.436497985968469143e-02,6.482247179022061073e-03,1.436497985968469143e-02,1.587216901859311163e-02,2.236775415477365581e-02,1.713927494864886381e-02,4.005388534692026770e-02,4.936377944354043007e-02,1.016352335476298531e-02,3.218449062341612044e-02,8.729692960226212439e-02,4.497559153839997964e-02,5.373862939152239393e-02,4.200122709205857813e-02,9.469949582521940482e-03,3.081068103609251041e-02
4.855016405687305123e-03,1.327126737268919873e-02,5.601942006562274541e-03,0.000000000000000000e+00,1.899325099367780989e-02,2.138074532504601749e-02,2.482193827193427196e-02,4.014725104702963551e-03,2.607570624483154104e-02,1.456504921706191537e-02,1.819297356416891068e-02,1.300450822951956624e-02,3.703950702910342035e-02,1.063035185530984000e-02,9.456611625363459117e-03,9.603329154106757595e-03,5.588604049403793177e-03,1.192413369968255664e-02,8.856403553231787310e-03,1.919332035105503209e-02,1.037693066929869061e-02,3.717288660068823747e-02,3.334489289620401475e-02,1.043028249793261607e-02,2.760957131805692744e-02,6.268839864486355773e-02,4.093419051938005510e-02,4.662949822605169659e-02,3.215781470909915424e-02,9.443273668204977753e-03,2.494197988636060598e-02,8.496278709952783531e-03,5.521914263611385487e-03,1.099047669858884378e-02,7.575959666017552906e-03,9.603329154106757595e-03,4.201456504921706123e-03,3.161095846560141049e-03,8.336223224051003688e-03,5.761997492464054384e-03,8.069464080881372930e-03,6.935737722410435270e-03,8.482940752794302167e-03,2.720943260330247783e-03,2.880998746232027192e-03,6.775682236508656295e-03,1.312454984394590199e-02,1.145730519913570021e-02,7.135807079787660073e-03,1.888654733640995551e-02,2.574225731586950172e-02,2.734281217488729321e-02,5.802011363939499344e-03,2.905007069117293908e-02,1.609891429028730003e-02,2.516872515805479091e-02,1.659241870515111919e-02,3.726625230079760875e-02,1.235094832875396724e-02,1.004348174033664956e-02,1.204417531410889065e-02,5.775335449622535748e-03,1.229759650012004178e-02,1.344466081574945994e-02,1.872649185050817566e-02,1.485848427454851059e-02,3.379838343959239155e-02,4.212126870648491561e-02,8.923093339024195866e-03,2.732947421772881358e-02,7.497265718782511468e-02,3.789313628724624849e-02,4.548243391042228190e-02,3.513217915544055575e-02,7.936084509296555817e-03,2.600901645903913248e-02
1.970016272307733435e-02,5.243150958999119593e-02,2.224771254034732179e-02,1.899325099367780989e-02,0.000000000000000000e+00,8.518953237122202371e-02,1.004081414890495433e-01,1.635233547629845116e-02,1.052098060661029177e-01,5.870034945447755170e-02,7.227838984181182702e-02,5.163123216048230019e-02,1.483180836023154647e-01,4.229466214954517855e-02,3.759970122975964807e-02,3.862672393096273221e-02,2.251447168351695255e-02,4.692293328353829007e-02,3.555899378451196635e-02,7.645317043241657562e-02,4.218795849227732070e-02,1.477845653159761963e-01,1.332995438418651812e-01,4.176114386320591010e-02,1.105850028009709995e-01,2.496465441353002412e-01,1.621095313041854558e-01,1.859978125750260114e-01,1.292848187371622160e-01,3.823992317336676744e-02,9.972790567396697115e-02,3.457198495478432804e-02,2.207431909728705885e-02,4.321498119348040484e-02,3.054392189292287965e-02,3.880011737402299515e-02,1.708592312001493835e-02,1.249766585749726572e-02,3.423853602582228178e-02,2.318136954144103118e-02,3.178435190866166909e-02,2.808973777576226349e-02,3.341158268199642678e-02,1.105716648438125234e-02,1.105716648438125234e-02,2.758289540373996471e-02,5.257822711873449267e-02,4.509563315282631019e-02,2.810307573292074659e-02,7.646650838957505525e-02,1.016619094619468089e-01,1.103182436578013653e-01,2.356817029903699942e-02,1.155067089924507184e-01,6.528930029076746022e-02,1.009950116040227303e-01,6.660975804945715173e-02,1.495985274895297035e-01,4.951049697228372681e-02,4.010723717555419315e-02,4.823005308506948807e-02,2.334142502734281102e-02,4.921706191479712639e-02,5.316509723370768659e-02,7.429242137274255642e-02,6.050097367087257233e-02,1.336863445994611599e-01,1.675247419105289903e-01,3.583909088484008021e-02,1.096113319284018478e-01,2.997839250940326217e-01,1.500786939472350534e-01,1.826099714567716858e-01,1.399285085496305425e-01,3.161095846560140615e-02,1.035025475498172753e-01
2.239443006909061853e-02,5.899378451196414519e-02,2.548883612985835059e-02,2.138074532504601749e-02,8.518953237122202371e-02,0.000000000000000000e+00,1.121322058313548725e-01,1.891322325072691823e-02,1.193080267826179680e-01,6.476911996158668527e-02,8.120148318083601768e-02,5.705978072398431439e-02,1.663376637234241229e-01,4.796329394189986078e-02,4.328167097927281687e-02,4.348174033665003907e-02,2.486195214340971432e-02,5.320511110518313241e-02,4.044068610451623247e-02,8.763037853122415677e-02,4.713634059807399884e-02,1.692586763411315920e-01,1.523728225784938828e-01,4.705631285512310719e-02,1.250433483607650553e-01,2.847387094192653234e-01,1.839170912583028838e-01,2.106463574039000308e-01,1.460639688425320881e-01,4.318830527916344558e-02,1.141995891909195204e-01,3.880011737402299515e-02,2.470189665750793448e-02,4.947048310080828099e-02,3.445194334035799055e-02,4.356176807960093073e-02,1.913996852242110663e-02,1.383146157334542645e-02,3.763971510123509390e-02,2.658254861685384329e-02,3.623922959959452461e-02,3.122415770800544138e-02,3.773308080134446518e-02,1.220423080001067050e-02,1.271107317203297102e-02,3.134419932243177886e-02,5.976738602715608167e-02,5.143116280310507799e-02,3.193106943740496584e-02,8.413583375570198031e-02,1.169205324512497673e-01,1.227092058580307871e-01,2.691599754581588261e-02,1.322725211406620971e-01,7.177154746978953170e-02,1.129458212180222410e-01,7.339877824312428245e-02,1.674180382532611255e-01,5.576599887961159602e-02,4.638941499719902856e-02,5.533918425054018542e-02,2.512871128657934855e-02,5.557926747939285345e-02,6.071438098540827416e-02,8.601648571504788565e-02,6.761010483634326274e-02,1.537599701229759586e-01,1.921599487822445163e-01,4.068076933336890050e-02,1.236695387734414592e-01,3.395843892549417209e-01,1.727932349881292073e-01,2.065516045562461600e-01,1.612825779603595799e-01,3.573238722757222235e-02,1.184277216101581875e-01
2.580894710166191028e-02,6.854376183743697559e-02,2.921012617707471892e-02,2.482193827193427196e-02,1.004081414890495433e-01,1.121322058313548725e-01,0.000000000000000000e+00,2.146077306799690568e-02,1.382879398191373121e-01,7.681329527569558113e-02,9.491290313975511705e-02,6.769013257929415439e-02,1.939872489129564892e-01,5.585936457972096730e-02,4.935044148638194350e-02,5.048416784485288550e-02,2.945020940592738695e-02,6.162136207218502082e-02,4.656280844025929150e-02,1.001147064315629359e-01,5.527249446474778033e-02,1.936404620268359633e-01,1.750473497479126117e-01,5.477899004988395770e-02,1.452903673273401308e-01,3.277802971696854861e-01,2.127404166777816241e-01,2.441913196574812539e-01,1.693120281697655105e-01,5.021740870168325127e-02,1.308053458532291158e-01,4.534905433883746478e-02,2.887667724811267961e-02,5.671299383786379544e-02,3.994718168965240984e-02,5.085763064529037064e-02,2.243444394056606436e-02,1.637901139061541389e-02,4.510897110998479675e-02,3.057059780723984238e-02,4.177448182036438973e-02,3.686611358604316435e-02,4.406861045162322604e-02,1.460506308853735946e-02,1.457838717422039673e-02,3.611918798516819407e-02,6.898391442366687276e-02,5.920719182649985396e-02,3.702616907194494072e-02,1.000346786886120581e-01,1.337530343852535442e-01,1.448368767839517679e-01,3.105076426494518191e-02,1.518526422493131078e-01,8.552298130018406996e-02,1.322191693120281786e-01,8.685677701603222722e-02,1.968682476591885055e-01,6.495585136180542785e-02,5.275162056179475562e-02,6.324859284551978544e-02,3.058393576439832548e-02,6.464907834716035473e-02,6.971750206738336342e-02,9.740710112839118251e-02,7.934750713580708548e-02,1.751807293194974358e-01,2.201563208578974085e-01,4.696294715501373590e-02,1.439832475258089606e-01,3.937231573612185453e-01,1.973750900312108147e-01,2.397097660522314322e-01,1.838237255581935126e-01,4.136100514845146570e-02,1.359004454877690837e-01
4.441539733774375019e-03,1.128391175607543900e-02,4.801664577053378798e-03,4.014725104702963551e-03,1.635233547629845116e-02,1.891322325072691823e-02,2.146077306799690568e-02,0.000000000000000000e+00,2.326139728439192284e-02,1.256435564328967427e-02,1.561874783258196224e-02,1.099047669858884378e-02,3.171766212286926401e-02,8.963107210499639960e-03,8.496278709952783531e-03,8.229519566783151038e-03,4.828340491370341526e-03,9.990129911702724103e-03,7.682663323285405556e-03,1.689919171979619578e-02,9.389921839571050560e-03,3.270467095259690232e-02,2.902339477685597635e-02,9.336570010937125103e-03,2.402166084242537275e-02,5.531250833622322616e-02,3.529223464134233212e-02,4.034732040440686118e-02,2.850321444767519447e-02,8.242857523941632403e-03,2.210099501160402158e-02,7.482593965908181620e-03,4.761650705577933837e-03,9.269880225144716546e-03,6.615626750606877320e-03,8.216181609624669674e-03,3.561234561314588921e-03,2.694267346013284620e-03,7.322538480006402645e-03,5.041747805906047694e-03,6.775682236508656295e-03,6.015418678475204645e-03,6.962413636727398866e-03,2.374156374209726236e-03,2.320804545575799478e-03,6.348867607437244827e-03,1.151065702776962740e-02,9.589991196948276231e-03,5.962066849841278320e-03,1.607223837597033730e-02,2.202096726865313339e-02,2.327473524155040246e-02,5.308506949075679320e-03,2.526209085816416219e-02,1.387147544482087054e-02,2.175420812548350263e-02,1.473844266012217484e-02,3.175767599434470290e-02,1.060367594099287727e-02,9.389921839571050560e-03,1.071037959826072992e-02,4.788326619894896566e-03,1.073705551257769439e-02,1.169738842798836997e-02,1.680582601968682449e-02,1.364473017312668388e-02,2.961026489182916679e-02,3.701283111478646110e-02,8.162829780990744216e-03,2.372822578493877926e-02,6.591618427721609996e-02,3.322485128177768421e-02,3.969376050364126218e-02,3.086403286472643934e-02,6.802358150825619891e-03,2.276789286952810368e-02
2.739616400352122214e-02,7.261183877077387328e-02,3.110411609357910737e-02,2.607570624483154104e-02,1.052098060661029177e-01,1.193080267826179680e-01,1.382879398191373121e-01,2.326139728439192284e-02,0.000000000000000000e+00,8.038786779416864925e-02,9.968789180249153226e-02,6.999759916771147727e-02,2.050177394830207667e-01,5.888708085469629427e-02,5.289833809053805236e-02,5.367193960572998884e-02,3.093072265051884789e-02,6.572945287699735739e-02,4.947048310080828099e-02,1.073305412543014981e-01,5.810014138234587816e-02,2.079520900578867293e-01,1.870515111905460548e-01,5.772667858190839302e-02,1.544668818523755038e-01,3.503347827246778845e-01,2.255181796356069968e-01,2.592765492037239494e-01,1.806893056259503416e-01,5.324512497665857824e-02,1.394216661776082333e-01,4.796329394189986078e-02,3.033051457838717435e-02,5.988742764158241222e-02,4.214794462080187487e-02,5.359191186277909719e-02,2.332808707018433139e-02,1.700589537706405016e-02,4.690959532637981044e-02,3.265131912396297686e-02,4.381518926561207838e-02,3.846666844506095584e-02,4.625603542561421144e-02,1.499186384613332597e-02,1.533865073225384838e-02,3.823992317336676744e-02,7.355883372902606576e-02,6.298183370235015122e-02,3.856003414517032712e-02,1.039560380932056383e-01,1.438765438685410958e-01,1.516792488062528310e-01,3.313148558166831292e-02,1.638034518633126047e-01,8.891082241843839551e-02,1.390748792914877074e-01,9.007122469122628983e-02,2.071784885426947997e-01,6.830367860858431450e-02,5.663296609491290379e-02,6.829034065142582099e-02,3.121081975084696175e-02,6.839704430869368579e-02,7.449249073011977862e-02,1.057566623096006658e-01,8.369568116947208314e-02,1.895323712220236267e-01,2.356550270760530419e-01,4.991063568703817122e-02,1.525462160215541318e-01,4.169845546456104612e-01,2.118601115053218575e-01,2.547416437698402092e-01,1.980953397177688258e-01,4.394856883719689550e-02,1.450102702270120170e-01
1.513858137487662445e-02,3.997385760396937604e-02,1.699255741990556706e-02,1.456504921706191537e-02,5.870034945447755170e-02,6.476911996158668527e-02,7.681329527569558113e-02,1.256435564328967427e-02,8.038786779416864925e-02,0.000000000000000000e+00,5.564595726518526547e-02,3.916024221730200067e-02,1.127324139034865391e-01,3.266465708112145649e-02,2.891669111958812544e-02,2.957025102035372097e-02,1.688585376263771268e-02,3.605249819937578204e-02,2.746285378931362722e-02,5.866033558300210587e-02,3.198442126603889130e-02,1.138261263904820353e-01,1.029290153920025541e-01,3.166431029423533161e-02,8.502947688532024040e-02,1.912262917811508034e-01,1.238962840451356406e-01,1.415957531944407322e-01,9.866086910128844811e-02,2.893002907674660507e-02,7.593299010323578679e-02,2.594232667324672392e-02,1.683250193400378722e-02,3.301144396724197544e-02,2.288793448395443769e-02,2.987702403499880102e-02,1.319123962973830881e-02,9.576653239789793132e-03,2.586229893029583574e-02,1.796622829247472575e-02,2.454184117160615811e-02,2.147411102515538878e-02,2.596900258756369012e-02,8.456264838477339438e-03,8.509616667111264895e-03,2.106063435324245781e-02,4.022727878998052370e-02,3.458532291194280767e-02,2.158081468242323969e-02,5.826019686824766147e-02,7.825379464881158931e-02,8.420252354149437846e-02,1.796622829247472575e-02,8.900418811854776679e-02,4.968389041534398282e-02,7.712006829034065425e-02,5.043081601621895310e-02,1.148931629631605583e-01,3.827993704484221327e-02,3.086403286472643934e-02,3.698615520046949490e-02,1.757942753487875751e-02,3.759970122975964807e-02,4.070744524768586670e-02,5.731320190999546205e-02,4.558913756769013281e-02,1.030223810921119254e-01,1.289380318510416901e-01,2.706271507455917935e-02,8.394910235548323774e-02,2.295729186117854148e-01,1.162002827646917563e-01,1.405687304932376480e-01,1.080641288980179748e-01,2.440846160002134099e-02,7.918745164990530216e-02
1.869981593619121293e-02,4.976391815829487447e-02,2.119401392482727492e-02,1.819297356416891068e-02,7.227838984181182702e-02,8.120148318083601768e-02,9.491290313975511705e-02,1.561874783258196224e-02,9.968789180249153226e-02,5.564595726518526547e-02,0.000000000000000000e+00,4.861685384266545978e-02,1.399951983354229545e-01,4.036065836156534081e-02,3.591911862779096493e-02,3.647931282844719264e-02,2.126070371061968001e-02,4.457545282364552830e-02,3.414517032571291050e-02,7.301197748552831768e-02,3.965374663216581635e-02,1.411422626510523692e-01,1.273641529063408717e-01,3.920025608877743956e-02,1.050230746658841752e-01,2.376557206498252639e-01,1.540267292661456067e-01,1.767279323498812948e-01,1.223890948862272204e-01,3.622589164243604498e-02,9.475284765385333374e-02,3.261130525248753104e-02,2.087390295302371523e-02,4.122762557686664858e-02,2.880998746232027105e-02,3.710619681489583238e-02,1.640568730493237662e-02,1.188411982820711255e-02,3.190439352308800658e-02,2.219436071171339286e-02,3.037052844986262018e-02,2.644916904526902618e-02,3.211780083762370841e-02,1.032357884066476342e-02,1.067036572678528583e-02,2.615573398778243269e-02,4.989729772987969159e-02,4.280150452156747387e-02,2.682263184570651132e-02,7.217168618454397611e-02,9.748712887134206029e-02,1.041827833648998336e-01,2.231440232613972688e-02,1.106250166724464523e-01,6.147464454344172408e-02,9.572651852642249937e-02,6.248832928748632859e-02,1.419958919091951766e-01,4.753647931282845018e-02,3.845333048790247621e-02,4.582922079654280084e-02,2.175420812548350263e-02,4.676287779763651370e-02,5.052418171632832439e-02,7.127804305492570214e-02,5.651292448048656630e-02,1.282044442073252133e-01,1.597086990156587616e-01,3.369167978232454064e-02,1.037959826073038688e-01,2.850188065195934373e-01,1.438498679542241365e-01,1.736468642462720424e-01,1.337663723424120377e-01,3.017045909248539451e-02,9.864753114412996848e-02
1.351135060154186850e-02,3.526555872702536593e-02,1.460506308853735946e-02,1.300450822951956624e-02,5.163123216048230019e-02,5.705978072398431439e-02,6.769013257929415439e-02,1.099047669858884378e-02,6.999759916771147727e-02,3.916024221730200067e-02,4.861685384266545978e-02,0.000000000000000000e+00,9.980793341691786280e-02,2.851655240483367409e-02,2.594232667324672392e-02,2.584896097313735264e-02,1.485848427454851059e-02,3.169098620855229781e-02,2.400832288526689312e-02,5.141782484594659142e-02,2.870328380505241667e-02,9.896764211593352123e-02,9.036465974871288331e-02,2.860991810494304538e-02,7.481260170192333137e-02,1.699255741990556845e-01,1.089310961133192895e-01,1.242564088884146462e-01,8.664336970149652539e-02,2.511537332942086545e-02,6.735668365033212202e-02,2.323472137007496011e-02,1.504521567476725316e-02,2.997038973510817231e-02,2.071384746712193539e-02,2.599567850188065285e-02,1.169738842798836997e-02,8.536292581428227624e-03,2.319470749859951428e-02,1.619227999039667132e-02,2.220769866887187596e-02,1.924667217968895755e-02,2.226105049750580142e-02,7.389228265798810334e-03,7.562621708859071541e-03,1.884653346493450968e-02,3.487875796942940115e-02,3.050390802144743382e-02,1.924667217968895755e-02,5.159121828900685436e-02,6.851708592312001633e-02,7.417237975831621200e-02,1.607223837597033730e-02,7.812041507722676525e-02,4.357510603675941036e-02,6.759676687918478311e-02,4.549577186758076153e-02,1.012084189185584321e-01,3.311814762450983329e-02,2.760957131805692744e-02,3.203777309467281675e-02,1.573878944700829452e-02,3.305145783871742127e-02,3.529223464134233212e-02,5.012404300157387999e-02,4.134766719129297913e-02,8.948435457625310285e-02,1.139194920905914066e-01,2.480860031477578886e-02,7.325206071438097877e-02,2.044575452823645667e-01,1.005415210606343535e-01,1.222290394003254510e-01,9.423266732467255880e-02,2.116733801051030872e-02,6.979752981033425507e-02
3.837330274495158455e-02,1.016885853762637681e-01,4.320164323632192521e-02,3.703950702910342035e-02,1.483180836023154647e-01,1.663376637234241229e-01,1.939872489129564892e-01,3.171766212286926401e-02,2.050177394830207667e-01,1.127324139034865391e-01,1.399951983354229545e-01,9.980793341691786280e-02,0.000000000000000000e+00,8.261530663963506660e-02,7.389228265798809814e-02,7.479926374476485174e-02,4.317496732200495901e-02,9.177848320751193223e-02,6.897057646650839313e-02,1.487582361885453619e-01,8.152159415263958431e-02,2.877664256942406573e-01,2.600101368474404540e-01,8.106810360925120751e-02,2.154480219809533914e-01,4.877824312428308273e-01,3.149358444260677015e-01,3.614453010376930675e-01,2.512204230800010873e-01,7.409235201536532034e-02,1.943740496705524679e-01,6.696988289273614336e-02,4.268146290714114333e-02,8.453597247045642471e-02,5.918051591218288776e-02,7.522607837383626928e-02,3.317149945314375875e-02,2.398164697094993039e-02,6.640968869207991565e-02,4.597593832528609759e-02,6.219489422999973510e-02,5.451223090671433041e-02,6.498252727612238711e-02,2.135406941072905129e-02,2.168751833969109408e-02,5.368527756288846847e-02,1.021687518339691042e-01,8.797716541734468265e-02,5.491236962146877482e-02,1.471043295008936380e-01,1.991090244618134164e-01,2.137941152933016675e-01,4.606930402539546887e-02,2.265718782511270679e-01,1.251500520180329201e-01,1.946007949422466354e-01,1.277509536639368226e-01,2.904606930402539589e-01,9.565982874063008734e-02,7.861391949209059482e-02,9.396590818150292457e-02,4.460212873796249450e-02,9.556646304052071605e-02,1.030890708779043374e-01,1.450236081841705105e-01,1.174006989089551034e-01,2.607303865339984372e-01,3.281137460986475185e-01,7.005095099634539579e-02,2.127270787206231584e-01,5.846160002134073164e-01,2.924613866140262086e-01,3.542694800864299443e-01,2.733614319630805478e-01,6.119454744311361022e-02,2.016699122362418939e-01
1.075039346973617575e-02,2.949022327740283278e-02,1.260436951476511837e-02,1.063035185530984000e-02,4.229466214954517855e-02,4.796329394189986078e-02,5.585936457972096730e-02,8.963107210499639960e-03,5.888708085469629427e-02,3.266465708112145649e-02,4.036065836156534081e-02,2.851655240483367409e-02,8.261530663963506660e-02,0.000000000000000000e+00,2.098060661029156615e-02,2.162082855389868552e-02,1.257769360044815564e-02,2.632912743084269216e-02,1.996692186624696511e-02,4.285485635020140627e-02,2.322138341291647701e-02,8.310881105449889616e-02,7.415904180115773237e-02,2.304798996985621753e-02,6.168805185797743285e-02,1.391949209059140380e-01,9.093819190652759066e-02,1.045829220796542780e-01,7.183823725558192985e-02,2.139408328220449712e-02,5.565929522234374510e-02,1.916664443673806936e-02,1.217755488569370777e-02,2.407501267105930168e-02,1.700589537706405016e-02,2.136740736788753439e-02,9.456611625363459117e-03,6.922399765251953906e-03,1.867314002187425021e-02,1.280443887214234230e-02,1.772614506362205425e-02,1.553872008963107232e-02,1.883319550777603005e-02,6.068770507109130970e-03,6.322191693120282098e-03,1.504521567476725316e-02,2.950356123456131588e-02,2.535545655827353348e-02,1.553872008963107232e-02,4.226798623522821235e-02,5.732653986715394862e-02,6.124789927174754262e-02,1.299117027236108488e-02,6.488916157601301582e-02,3.625256755675300424e-02,5.640622082321871539e-02,3.650598874276415884e-02,8.318883879744978782e-02,2.762290927521540707e-02,2.226105049750580142e-02,2.714274281751007101e-02,1.292448048656867632e-02,2.754288153226451888e-02,2.999706564942513504e-02,4.173446794888895084e-02,3.325152719609464347e-02,7.530610611678714705e-02,9.305892709472617097e-02,1.968682476591885125e-02,6.140795475764931899e-02,1.664977192093259062e-01,8.446928268466401268e-02,1.019420065622749227e-01,7.842718809187185225e-02,1.763277936351268296e-02,5.802011363939499344e-02
1.005681969749513092e-02,2.608904420199002414e-02,1.099047669858884378e-02,9.456611625363459117e-03,3.759970122975964807e-02,4.328167097927281687e-02,4.935044148638194350e-02,8.496278709952783531e-03,5.289833809053805236e-02,2.891669111958812544e-02,3.591911862779096493e-02,2.594232667324672392e-02,7.389228265798809814e-02,2.098060661029156615e-02,0.000000000000000000e+00,1.909995465094566081e-02,1.112385627017366090e-02,2.343479072745218231e-02,1.769946914930509152e-02,3.865339984527969841e-02,2.132739349641208856e-02,7.486595353055726376e-02,6.704991063568703502e-02,2.144743511083842258e-02,5.561928135086829927e-02,1.272174353775975542e-01,8.124149705231147045e-02,9.260543655133779417e-02,6.488916157601301582e-02,1.872649185050817566e-02,5.029743644463414293e-02,1.708592312001493835e-02,1.108384239869821507e-02,2.179422199695894499e-02,1.523194707498599573e-02,1.901992690799477262e-02,8.496278709952783531e-03,6.135460292901539527e-03,1.683250193400378722e-02,1.183076799957318535e-02,1.604556246165337458e-02,1.400485501640568765e-02,1.621895590471363405e-02,5.455224477818976930e-03,5.508576306452903255e-03,1.405820684503961311e-02,2.638247925947661762e-02,2.234107824045669308e-02,1.407154480219809448e-02,3.730626617227305458e-02,5.089764451676580953e-02,5.417878197775228416e-02,1.216421692853522640e-02,5.811347933950436473e-02,3.206444900898978295e-02,4.979059407261184067e-02,3.362498999653212861e-02,7.390562061514657777e-02,2.432843385707045281e-02,2.098060661029156615e-02,2.422173019980259842e-02,1.136393949902632892e-02,2.466188278603249212e-02,2.644916904526902618e-02,3.829327500200069290e-02,3.071731533598313912e-02,6.753007709339237108e-02,8.518953237122202371e-02,1.859311227892335855e-02,5.461893456398218133e-02,1.521460773067996874e-01,7.610638354629604974e-02,9.063141889188251754e-02,7.087790434017125774e-02,1.553872008963107232e-02,5.200469496091978533e-02
9.950116040227278275e-03,2.667591431696321458e-02,1.137727745618481029e-02,9.603329154106757595e-03,3.862672393096273221e-02,4.348174033665003907e-02,5.048416784485288550e-02,8.229519566783151038e-03,5.367193960572998884e-02,2.957025102035372097e-02,3.647931282844719264e-02,2.584896097313735264e-02,7.479926374476485174e-02,2.162082855389868552e-02,1.909995465094566081e-02,0.000000000000000000e+00,1.132392562755088483e-02,2.384826739936511328e-02,1.825966334996131923e-02,3.928028383172833121e-02,2.106063435324245781e-02,7.595966601755274605e-02,6.835703043721823302e-02,2.091391682449916106e-02,5.612612372289060153e-02,1.273108010777069254e-01,8.305545922586496377e-02,9.481953743964574577e-02,6.567610104836343887e-02,1.962013498012644269e-02,5.060420945927921604e-02,1.731266839170912675e-02,1.112385627017366090e-02,2.188758769706831628e-02,1.527196094646143983e-02,1.962013498012644269e-02,8.616320324379117546e-03,6.295515778803318502e-03,1.684583989116227032e-02,1.171072638514685134e-02,1.609891429028730003e-02,1.396484114493024183e-02,1.721930269159975546e-02,5.508576306452903255e-03,5.628617920879238137e-03,1.387147544482087054e-02,2.700936324592525389e-02,2.304798996985621753e-02,1.417824845946594886e-02,3.827993704484221327e-02,5.247152346146664176e-02,5.540587403633259744e-02,1.193747165684103800e-02,5.963400645557126456e-02,3.278469869554778704e-02,5.089764451676580953e-02,3.286472643849867870e-02,7.570624483154160533e-02,2.518206311521327401e-02,2.048710219542774699e-02,2.482193827193427196e-02,1.159068477072051559e-02,2.498199375783604834e-02,2.716941873182703374e-02,3.861338597380425258e-02,3.002374156374209777e-02,6.925067356683650699e-02,8.584309227198762271e-02,1.785952463520687136e-02,5.593939232267185896e-02,1.516392349347773782e-01,7.782698001974017177e-02,9.321898258062795428e-02,7.253181102782298162e-02,1.631232160482300533e-02,5.293835196201349819e-02
5.761997492464054384e-03,1.527196094646143983e-02,6.562274921972950995e-03,5.588604049403793177e-03,2.251447168351695255e-02,2.486195214340971432e-02,2.945020940592738695e-02,4.828340491370341526e-03,3.093072265051884789e-02,1.688585376263771268e-02,2.126070371061968001e-02,1.485848427454851059e-02,4.317496732200495901e-02,1.257769360044815564e-02,1.112385627017366090e-02,1.132392562755088483e-02,0.000000000000000000e+00,1.361805425880972115e-02,1.049697228372502462e-02,2.243444394056606436e-02,1.228425854296156042e-02,4.360178195107637655e-02,3.945367727478859415e-02,1.209752714274281785e-02,3.243791180942726809e-02,7.323872275722249914e-02,4.730973404113426178e-02,5.453890682103128967e-02,3.767972897271053973e-02,1.120388401312454908e-02,2.930349187718409021e-02,9.963453997385759639e-03,6.375543521754208423e-03,1.269773521487448965e-02,8.829727638914824581e-03,1.147064315629418157e-02,5.041747805906047694e-03,3.587910475631552083e-03,9.856750340117906989e-03,6.909061808093472541e-03,9.269880225144716546e-03,8.109477952356817024e-03,9.830074425800944260e-03,3.214447675194067374e-03,3.241123589511030537e-03,8.082802038039854295e-03,1.551204417531410959e-02,1.319123962973830881e-02,8.242857523941632403e-03,2.216768479739643014e-02,2.997038973510817231e-02,3.234454610931789681e-02,6.869047936618027581e-03,3.411849441139595124e-02,1.892656120788540133e-02,2.943687144876890732e-02,1.913996852242110663e-02,4.393523088003841587e-02,1.465841491717128665e-02,1.181743004241470399e-02,1.420492437378291159e-02,6.695654493557766374e-03,1.440499373116013553e-02,1.559207191826499778e-02,2.195427748286072483e-02,1.752607570624483205e-02,3.932029770320377704e-02,4.928375170058953841e-02,1.035025475498172615e-02,3.211780083762370841e-02,8.772374423133352805e-02,4.428201776615893481e-02,5.379198122015631939e-02,4.141435697708539115e-02,9.376583882412569196e-03,3.043721823565502874e-02
1.211086509990129921e-02,3.267799503827993612e-02,1.379144770186998235e-02,1.192413369968255664e-02,4.692293328353829007e-02,5.320511110518313241e-02,6.162136207218502082e-02,9.990129911702724103e-03,6.572945287699735739e-02,3.605249819937578204e-02,4.457545282364552830e-02,3.169098620855229781e-02,9.177848320751193223e-02,2.632912743084269216e-02,2.343479072745218231e-02,2.384826739936511328e-02,1.361805425880972115e-02,0.000000000000000000e+00,2.210099501160402158e-02,4.786992824179048950e-02,2.571558140155253899e-02,9.280550590871501637e-02,8.333555632619307763e-02,2.563555365860164734e-02,6.846373409448608394e-02,1.558273534825406204e-01,1.012084189185584321e-01,1.156400885640355286e-01,8.030784005121775759e-02,2.375490169925574199e-02,6.144796862912476482e-02,2.119401392482727492e-02,1.365806813028516524e-02,2.702270120308373699e-02,1.873982980766665876e-02,2.394163309947448456e-02,1.069704164110224856e-02,7.696001280443886920e-03,2.083388908154826941e-02,1.444500760263557962e-02,1.992690799477151928e-02,1.719262677728279273e-02,2.103395843892549508e-02,6.735668365033211334e-03,6.989089551044362462e-03,1.691252967695467888e-02,3.274468482407234815e-02,2.836983487609037735e-02,1.743271000613546076e-02,4.692293328353829007e-02,6.440899511830767976e-02,6.805025742257315990e-02,1.448502147411102545e-02,7.293194974257742602e-02,3.990716781817697095e-02,6.212820444420732308e-02,4.038733427588230701e-02,9.289887160882438766e-02,3.069063942166617640e-02,2.514204924373782818e-02,3.013044522100994868e-02,1.415157254514898440e-02,3.058393576439832548e-02,3.310480966735134672e-02,4.701629898364766136e-02,3.689278950036012361e-02,8.437591698455464140e-02,1.050230746658841752e-01,2.208765705444554195e-02,6.805025742257315990e-02,1.864246272040974151e-01,9.469949582521941522e-02,1.131458905753994770e-01,8.841731800357456594e-02,1.978019046602822253e-02,6.470243017579427325e-02
9.149838610718382531e-03,2.464854482887400902e-02,1.056366206951743318e-02,8.856403553231787310e-03,3.555899378451196635e-02,4.042734814735775284e-02,4.656280844025929150e-02,7.682663323285405556e-03,4.947048310080828099e-02,2.746285378931362722e-02,3.414517032571291050e-02,2.400832288526689312e-02,6.897057646650839313e-02,1.996692186624696511e-02,1.769946914930509152e-02,1.825966334996131923e-02,1.049697228372502462e-02,2.210099501160402158e-02,0.000000000000000000e+00,3.643929895697174681e-02,1.959345906580947996e-02,7.050444153973377259e-02,6.310187531677648176e-02,1.917998239389655246e-02,5.209806066102915661e-02,1.172006295515778812e-01,7.681329527569558113e-02,8.740363325952997531e-02,6.028756635633686356e-02,1.791287646384079682e-02,4.696294715501373590e-02,1.579214127564222345e-02,1.021687518339691077e-02,2.038039853815989608e-02,1.397817910208872492e-02,1.836636700722917362e-02,8.136153866673779753e-03,5.895377064048870630e-03,1.537866460372929248e-02,1.087043508416250977e-02,1.515191933203510581e-02,1.295115640088564078e-02,1.596553471870248292e-02,5.095099634539974019e-03,5.361858777709605645e-03,1.267105930055752692e-02,2.479526235761730577e-02,2.144743511083842258e-02,1.344466081574945994e-02,3.553231787019500015e-02,4.864352975698241904e-02,5.143116280310507799e-02,1.100381465574732515e-02,5.487235574999332899e-02,3.047723210713047109e-02,4.717635446954944467e-02,3.058393576439832548e-02,7.010430282497932819e-02,2.355483234187851632e-02,1.901992690799477262e-02,2.270120308373569512e-02,1.067036572678528583e-02,2.314135566996558882e-02,2.502200762931149416e-02,3.550564195587804089e-02,2.771627497532477835e-02,6.343532424573852802e-02,7.912076186411289014e-02,1.632565956198148843e-02,5.143116280310507799e-02,1.402752954357510684e-01,7.178488542694801133e-02,8.614986528663269583e-02,6.698322084989463687e-02,1.505855363192573453e-02,4.885693707151812781e-02
1.988689412329607692e-02,5.288500013337957273e-02,2.276789286952810368e-02,1.919332035105503209e-02,7.645317043241657562e-02,8.763037853122415677e-02,1.001147064315629359e-01,1.689919171979619578e-02,1.073305412543014981e-01,5.866033558300210587e-02,7.301197748552831768e-02,5.141782484594659142e-02,1.487582361885453619e-01,4.285485635020140627e-02,3.865339984527969841e-02,3.928028383172833121e-02,2.243444394056606436e-02,4.786992824179048950e-02,3.643929895697174681e-02,0.000000000000000000e+00,4.217462053511884107e-02,1.520126977352148634e-01,1.357937418305012467e-01,4.197455117774161887e-02,1.121855576599887910e-01,2.548483474271080462e-01,1.655240483367567406e-01,1.883586309920772528e-01,1.308720356390215278e-01,3.846666844506095584e-02,1.019820204337503616e-01,3.394510096833568830e-02,2.188758769706831628e-02,4.382852722277055801e-02,3.027716274975324889e-02,3.904020060287566318e-02,1.723264064875823509e-02,1.253767972897270981e-02,3.297143009576652961e-02,2.355483234187851632e-02,3.237122202363486301e-02,2.774295088964174108e-02,3.373169365379998647e-02,1.091044895563795386e-02,1.131058767039240347e-02,2.759623336089844434e-02,5.381865713447328559e-02,4.593592445381065176e-02,2.826313121882252644e-02,7.498599514498359431e-02,1.047829914370315002e-01,1.090911515992210590e-01,2.408835062821778131e-02,1.187611705391202338e-01,6.530263824792595373e-02,1.008616320324379062e-01,6.606290180595940364e-02,1.498119348040654053e-01,4.981726998692879993e-02,4.170779203457198464e-02,4.955051084375917264e-02,2.279456878384506641e-02,4.979059407261184067e-02,5.439218929228799293e-02,7.784031797689865140e-02,6.048763571371408576e-02,1.382345879905033659e-01,1.714060874436471316e-01,3.606583615653426861e-02,1.107717342011897421e-01,3.030650625550190824e-01,1.557073118681142898e-01,1.851175074025662171e-01,1.449035665697441799e-01,3.210446288046522878e-02,1.056366206951743214e-01
1.121722197028303218e-02,2.867660789073545394e-02,1.204417531410889065e-02,1.037693066929869061e-02,4.218795849227732070e-02,4.713634059807399884e-02,5.527249446474778033e-02,9.389921839571050560e-03,5.810014138234587816e-02,3.198442126603889130e-02,3.965374663216581635e-02,2.870328380505241667e-02,8.152159415263958431e-02,2.322138341291647701e-02,2.132739349641208856e-02,2.106063435324245781e-02,1.228425854296156042e-02,2.571558140155253899e-02,1.959345906580947996e-02,4.217462053511884107e-02,0.000000000000000000e+00,8.170832555285832688e-02,7.401232427241444256e-02,2.362152212767092488e-02,6.115453357163817133e-02,1.392482727345479843e-01,8.893749833275535477e-02,1.020487102195427737e-01,7.134473284071811416e-02,2.068717155280497266e-02,5.531250833622322616e-02,1.909995465094566081e-02,1.229759650012004178e-02,2.390161922799903874e-02,1.683250193400378722e-02,2.118067596766879182e-02,9.403259796729533659e-03,6.855709979459546216e-03,1.891322325072691823e-02,1.303118414383653070e-02,1.757942753487875751e-02,1.553872008963107232e-02,1.791287646384079682e-02,6.082108464267613201e-03,6.015418678475204645e-03,1.579214127564222345e-02,2.897004294822205089e-02,2.439512364286285789e-02,1.556539600394803505e-02,4.181449569183983556e-02,5.552591565075892799e-02,6.043428388508016030e-02,1.348467468722490403e-02,6.358204177448181782e-02,3.558566969882892561e-02,5.516579080747992941e-02,3.747965961533331752e-02,8.210846426761277128e-02,2.708939098887614208e-02,2.308800384133166336e-02,2.648918291674447201e-02,1.267105930055752692e-02,2.716941873182703374e-02,2.889001520527115924e-02,4.126763944834209441e-02,3.409181849707898504e-02,7.350548190039213337e-02,9.339237602368821722e-02,2.048710219542774699e-02,6.006082108464267516e-02,1.676047696534798681e-01,8.281537599701230268e-02,1.002614239603062396e-01,7.724010990476698479e-02,1.721930269159975546e-02,5.712647050977671948e-02
