0.000000000000000000e+00,2.510703262420762791e-02,1.131724801699246670e-02,9.242972354053963571e-03,3.503036739570541958e-02,4.666290531346453663e-02,4.722710829378381353e-02,5.376522518336596633e-03,5.427964554777471584e-02,3.132985961302313382e-02,3.846536789353157543e-02,2.205369884836215141e-02,6.421957452457602300e-02,2.036108990740433458e-02,1.649464007168696678e-02,1.767282864823603583e-02,1.169891473897315126e-02,2.208688725896916852e-02,2.130695960970429084e-02,3.776841127078424398e-02,2.835949686369519662e-02,6.093392187448143371e-02,5.738276193953071452e-02,2.640138063788125336e-02,5.628754438949918476e-02,1.221665394444260005e-01,6.475058909428826892e-02,8.887856360558893387e-02,6.772095184361620612e-02,1.744050977398692304e-02,5.069529720221698649e-02,1.739072715807640085e-02,9.309349175267996046e-03,2.183797417941654717e-02,1.282732069961169639e-02,2.455942384919186303e-02,1.010587102983638054e-02,5.028044206962928309e-03,1.682652417775712742e-02,1.332514685871693562e-02,1.914971292024824842e-02,1.319239321628887240e-02,1.513391523679930885e-02,6.023696525173409359e-03,3.783478809199827212e-03,1.581427765424313694e-02,2.097507550363413020e-02,2.075935083468852596e-02,1.120108857986791030e-02,3.083203345391789113e-02,4.410739769672430283e-02,5.225515250074674184e-02,1.106833493743984535e-02,5.456174703793435082e-02,3.318841060701602924e-02,5.243768875908532551e-02,3.907935348976137452e-02,6.340645846470412128e-02,2.140652484152533869e-02,1.251203079884504257e-02,1.835319106567986566e-02,1.163253791775911879e-02,2.102485811954465586e-02,2.596993129999004488e-02,3.629152699877202792e-02,2.391224984235505030e-02,5.739935614483422655e-02,6.602834290265839623e-02,2.329826424612525468e-02,5.630413859480269678e-02,1.389432810062726231e-01,7.014370581792837844e-02,8.463044704789088324e-02,6.219508147754804206e-02,1.589724868076067971e-02,5.240450034847830840e-02
2.510703262420762791e-02,0.000000000000000000e+00,1.646145166107994967e-02,1.420463973980286114e-02,5.349971789850983817e-02,7.054196674521256982e-02,7.168696691115462871e-02,8.097972188111911621e-03,8.283827287511201509e-02,4.760877501576449289e-02,5.758189240317281021e-02,3.242507716305466359e-02,9.754073877402011372e-02,3.116391755998805177e-02,2.364674255749892040e-02,2.660051110152334905e-02,1.790514752248514863e-02,3.386877302445985560e-02,3.187746838803889871e-02,5.729979091301317523e-02,4.126978858982443404e-02,9.214762205038000420e-02,8.534399787594172671e-02,3.906275928445786944e-02,8.537718628654873687e-02,1.812916929408250610e-01,9.729182569446749584e-02,1.342803093159868622e-01,1.022203046696093659e-01,2.671667053864790545e-02,7.538747469383691446e-02,2.691580100229000114e-02,1.451992964056951323e-02,3.202681623577047221e-02,1.946500282101490051e-02,3.766884603896319267e-02,1.554877036938701051e-02,7.483986591882115132e-03,2.582058345225847137e-02,2.006239421194119105e-02,2.807739537353556164e-02,1.969732169526401330e-02,2.386246722644452464e-02,9.226378148750456754e-03,5.542464571371676953e-03,2.208688725896916852e-02,3.191065679864591581e-02,3.147920746075470733e-02,1.732435033686236664e-02,4.732667352560485791e-02,6.657595167767416111e-02,8.054827254322791119e-02,1.632869801865188819e-02,8.321993959709270139e-02,5.039660150675383948e-02,7.966877966214197526e-02,5.758189240317281021e-02,9.598088347549035837e-02,3.381899040854933342e-02,1.793833593309216573e-02,2.749659818791277965e-02,1.749029238989744869e-02,3.227572931532309009e-02,3.934486077461750442e-02,5.393116723640104665e-02,3.454913544190368890e-02,8.711957784341707589e-02,9.876870996647971190e-02,3.401812087219142910e-02,8.615711393581361455e-02,2.072118416249045803e-01,1.053566094719723817e-01,1.287212505393116602e-01,9.335899903753609730e-02,2.407819189539012888e-02,7.855696790680694042e-02
1.131724801699246670e-02,1.646145166107994967e-02,0.000000000000000000e+00,6.189638578208489679e-03,2.331485845142875976e-02,3.128007699711261164e-02,3.101456971225648174e-02,3.401812087219143084e-03,3.659022269423517493e-02,2.075935083468852596e-02,2.520659785602867575e-02,1.398891507085725690e-02,4.251435398758753731e-02,1.349108891175201594e-02,1.083601606319073429e-02,1.188145099731173840e-02,7.998406956290863776e-03,1.481862533603265676e-02,1.427101656101689361e-02,2.598652550529354996e-02,1.856891573462546990e-02,4.045667252995253926e-02,3.828283163519299176e-02,1.680992997245361886e-02,3.717101987985795691e-02,8.043211310610334785e-02,4.346022368988749357e-02,5.939066078125518344e-02,4.536855729979091117e-02,1.186485679200823158e-02,3.366964256081775991e-02,1.146659586472403847e-02,6.305798015333046076e-03,1.440377020344495683e-02,8.512827320699611552e-03,1.641166904516942748e-02,6.886595200955826328e-03,3.202681623577046961e-03,1.113471175865387783e-02,9.043841890411867881e-03,1.286050911021871176e-02,8.844711426769772192e-03,1.053732036772758902e-02,3.999203478145431888e-03,2.572101822043742353e-03,1.047094354651355828e-02,1.430420497162390898e-02,1.407188609737479619e-02,7.600146029006670662e-03,2.037768411270784313e-02,2.973681590388636137e-02,3.532906309116856658e-02,7.533769207792639054e-03,3.700507782682287139e-02,2.203710464305864286e-02,3.466529487902824530e-02,2.502406159769008515e-02,4.248116557698052020e-02,1.468587169360459355e-02,8.164349009325944095e-03,1.219674089807839049e-02,7.849059108559290274e-03,1.435398758753443291e-02,1.727456772095184445e-02,2.492449636586903730e-02,1.551558195877999341e-02,3.871428097308420024e-02,4.470478908765058990e-02,1.518369785270983451e-02,3.816667219806843536e-02,9.297733231555541100e-02,4.742623875742590922e-02,5.710066044937107954e-02,4.223225249742789539e-02,1.063688559954863687e-02,3.491420795858086318e-02
9.242972354053963571e-03,1.420463973980286114e-02,6.189638578208489679e-03,0.000000000000000000e+00,2.001261159603066539e-02,2.645116325379177555e-02,2.691580100229000114e-02,2.970362749327934600e-03,3.091500448043543042e-02,1.787195911187813152e-02,2.143971325213235579e-02,1.219674089807839049e-02,3.639109223059307924e-02,1.158275530184859486e-02,8.794928810859248269e-03,9.973117387408317325e-03,6.737247353224253693e-03,1.261159603066609215e-02,1.178188576549069055e-02,2.124058278849026010e-02,1.536623411104842164e-02,3.391855564037038473e-02,3.176130895091434231e-02,1.453652384587302178e-02,3.164514951378978591e-02,6.788689389665128471e-02,3.620855597225448863e-02,4.979921011582755241e-02,3.791775911851581748e-02,9.807175334373237005e-03,2.812717798944608383e-02,1.035478410938900189e-02,5.476087750157645345e-03,1.214695828216786656e-02,7.517175002489130502e-03,1.413826291858882866e-02,5.841160266834821355e-03,2.804420696292854714e-03,9.724204307855695978e-03,7.732899671434734744e-03,1.067007401015565397e-02,7.450798181275098894e-03,8.960870863894328589e-03,3.501377319040191363e-03,2.107464073545518065e-03,8.197537419932959465e-03,1.194782781852577087e-02,1.178188576549069055e-02,6.471740068368125529e-03,1.757326341641498799e-02,2.470877169692343306e-02,3.030101888420563480e-02,6.156450167601473442e-03,3.104775812286349537e-02,1.908333609903421768e-02,2.995254057283196561e-02,2.170522053698848222e-02,3.590986027679134163e-02,1.236268295111347081e-02,6.737247353224253693e-03,1.017224785105041301e-02,6.538116889582158003e-03,1.198101622913278624e-02,1.485181374663967387e-02,2.006239421194119105e-02,1.302645116325379208e-02,3.225913511001957806e-02,3.727058511167900129e-02,1.277753808370117074e-02,3.209319305698449948e-02,7.805914174770170466e-02,3.917891872158242583e-02,4.789087650592412787e-02,3.428362815704755900e-02,8.828117221466263639e-03,2.922239553947761359e-02
3.503036739570541958e-02,5.349971789850983817e-02,2.331485845142875976e-02,2.001261159603066539e-02,0.000000000000000000e+00,9.805515913842885456e-02,1.009923334771497816e-01,1.100195811622581461e-02,1.148319007002754633e-01,6.777073445952673525e-02,8.033254787428230348e-02,4.551790514752248468e-02,1.371511068334937411e-01,4.322790481563838078e-02,3.287312070624937715e-02,3.748630978062460900e-02,2.560485878331286713e-02,4.726029670439082370e-02,4.452225282931200623e-02,7.920414191364374967e-02,5.832863164183067078e-02,1.269456705718363110e-01,1.194782781852577053e-01,5.434602236898875005e-02,1.185821910988682781e-01,2.535760512429059976e-01,1.351266137864657602e-01,1.877634330091931814e-01,1.422787162722777277e-01,3.675616474727025351e-02,1.053400152666688766e-01,3.834920845640702597e-02,2.047724934452889098e-02,4.533536888918389407e-02,2.789485911519697450e-02,5.313464538183266389e-02,2.205369884836215141e-02,1.055391457303109758e-02,3.670638213135973132e-02,2.850884471142677012e-02,4.025754206631044357e-02,2.816036640005310093e-02,3.347051209717566422e-02,1.299326275264677498e-02,7.915435929773322749e-03,3.141283063954067312e-02,4.450565862400849421e-02,4.404102087551026862e-02,2.421094553781819383e-02,6.657595167767416111e-02,9.199827420264843070e-02,1.136703063290298993e-01,2.313232219309017262e-02,1.158275530184859486e-01,7.185290896418970730e-02,1.123759583153562808e-01,8.096312767581560765e-02,1.350436427599482347e-01,4.671268792937505882e-02,2.515681524011815010e-02,3.816667219806843536e-02,2.470877169692343306e-02,4.492051375659619761e-02,5.505957319703959352e-02,7.493943115064219396e-02,4.905247087716969184e-02,1.203245826557366172e-01,1.391755998805217220e-01,4.785768809531711770e-02,1.197105970595068181e-01,2.920746075470445624e-01,1.466761806777073518e-01,1.790680694301549913e-01,1.286050911021871246e-01,3.315522219640901214e-02,1.093392187448143094e-01
4.666290531346453663e-02,7.054196674521256982e-02,3.128007699711261164e-02,2.645116325379177555e-02,9.805515913842885456e-02,0.000000000000000000e+00,1.316916132886395974e-01,1.513391523679930885e-02,1.561348777007069144e-01,8.755102718130829131e-02,1.068832763598951269e-01,6.002124058278848762e-02,1.807108957552022721e-01,5.817928379409909728e-02,4.467160067704357973e-02,4.983239852643456952e-02,3.272377285851780365e-02,6.357240051773919987e-02,5.965616806611131334e-02,1.080946533470512061e-01,7.591848926354917426e-02,1.741064020444060834e-01,1.601506753841558661e-01,7.283196707709667372e-02,1.598021970727821761e-01,3.389864259400617308e-01,1.844279977431880768e-01,2.506056884935780604e-01,1.918456075138561534e-01,4.994855796355912592e-02,1.412830639540672284e-01,5.046297832796787369e-02,2.693239520759350969e-02,5.988848694036042614e-02,3.614217915104045442e-02,7.002754638080382898e-02,2.887391722810394440e-02,1.392253824964322442e-02,4.740964455212239720e-02,3.750290398592811408e-02,5.242109455378182042e-02,3.682254156848428772e-02,4.457203544522252842e-02,1.705884305200624021e-02,1.035478410938900189e-02,4.165145531180512034e-02,6.020377684112707822e-02,5.909196508579204338e-02,3.199362782516345510e-02,8.695363579038199731e-02,1.267631343134977273e-01,1.487172679300388378e-01,3.059971457966877834e-02,1.563671965749560133e-01,9.218081046098702824e-02,1.469748763731704988e-01,1.062858849689688329e-01,1.781719823437655503e-01,6.287544389499187536e-02,3.380239620324582833e-02,5.222196409013972473e-02,3.209319305698449948e-02,6.025355945703760041e-02,7.399356144834223770e-02,1.029504497029637283e-01,6.415319770336198879e-02,1.650791543592977362e-01,1.863197371477879893e-01,6.378812518668480758e-02,1.607646609803856375e-01,3.871594039361455075e-01,1.986658258935979637e-01,2.420928611728784263e-01,1.783545186021041340e-01,4.555109355812950178e-02,1.483024127974511275e-01
4.722710829378381353e-02,7.168696691115462871e-02,3.101456971225648174e-02,2.691580100229000114e-02,1.009923334771497816e-01,1.316916132886395974e-01,0.000000000000000000e+00,1.501775579967475419e-02,1.544256745544455856e-01,9.027247685108359676e-02,1.077461750356775438e-01,6.143174803358666947e-02,1.834157512196741002e-01,5.847797948956224429e-02,4.412399190202781485e-02,5.028044206962928309e-02,3.408449769340546331e-02,6.350602369652517953e-02,5.962297965550429624e-02,1.065016096379144406e-01,7.809233015830871483e-02,1.709203146261325523e-01,1.598519796886927191e-01,7.367827154757558561e-02,1.598851680992997293e-01,3.412100494507318005e-01,1.814078523779496244e-01,2.510869204473797911e-01,1.909163320168597022e-01,4.931797816202582174e-02,1.414656002124058398e-01,5.144203644087484706e-02,2.731406192957419252e-02,6.078457402674986021e-02,3.737015034350005260e-02,7.158740167933357046e-02,2.952109123494075713e-02,1.418804553449935259e-02,4.940094918854336103e-02,3.836580266171053105e-02,5.379841359397298517e-02,3.770203444957020977e-02,4.473797749825760700e-02,1.739072715807640085e-02,1.062029139424513005e-02,4.190036839135773822e-02,5.939066078125518344e-02,5.910855929109554846e-02,3.260761342139324725e-02,8.922704191696259612e-02,1.233613222262785886e-01,1.521356742225614678e-01,3.088181606982841679e-02,1.554711094885666001e-01,9.594769506488334820e-02,1.503600942550861186e-01,1.093558129501178144e-01,1.810593740665759621e-01,6.269290763665327781e-02,3.352029471308619335e-02,5.104377551359065568e-02,3.305565696458796776e-02,6.020377684112707822e-02,7.412631509077030612e-02,1.001626232119743748e-01,6.556370515416017064e-02,1.610467624705452794e-01,1.858219109886827536e-01,6.450167601473565104e-02,1.607646609803856375e-01,3.908267233082207692e-01,1.963592313564103409e-01,2.408980783910258661e-01,1.731439381368026220e-01,4.447247021340147710e-02,1.466595864724038467e-01
5.376522518336596633e-03,8.097972188111911621e-03,3.401812087219143084e-03,2.970362749327934600e-03,1.100195811622581461e-02,1.513391523679930885e-02,1.501775579967475419e-02,0.000000000000000000e+00,1.788855331718164007e-02,1.002290000331884125e-02,1.221333510338189904e-02,6.969566227473366488e-03,2.065978560286747812e-02,6.504928478975141766e-03,5.044638412266436861e-03,5.592247187282200875e-03,3.683913577378779367e-03,7.118914075204938255e-03,6.720653147920746008e-03,1.213036407686435975e-02,8.628986757824167950e-03,1.979688692708506115e-02,1.808768378082373576e-02,8.579204141913644027e-03,1.810427798612724432e-02,3.858152733065613182e-02,2.092529288772360802e-02,2.834290265839168807e-02,2.183797417941654717e-02,5.592247187282200875e-03,1.599681391258172755e-02,5.741595035013773510e-03,3.103116391755998682e-03,6.720653147920746008e-03,4.032391888752447258e-03,7.832464903255783456e-03,3.252464239487570883e-03,1.593043709136769421e-03,5.525870366068169268e-03,4.131957120573495970e-03,5.824566061531313670e-03,4.148551325877003655e-03,4.994855796355912939e-03,1.958116225813945864e-03,1.145000165942053035e-03,4.563406458464704454e-03,6.720653147920746008e-03,6.571305300189174241e-03,3.667319372075271249e-03,9.989711592711825877e-03,1.437058179283794146e-02,1.676014735654309668e-02,3.418406292522651203e-03,1.783877070127111442e-02,1.055391457303109758e-02,1.669377053532906247e-02,1.234608874580996399e-02,2.027811888088679529e-02,7.135508280508446807e-03,3.750290398592811408e-03,5.791377650924297432e-03,3.584348345557731089e-03,6.753841558527762245e-03,8.280508446450498758e-03,1.143340745411702310e-02,7.251667717633002337e-03,1.845275629750091351e-02,2.056022037104643027e-02,7.318044538847034812e-03,1.818724901264478361e-02,4.374232518004712855e-02,2.241877136503932916e-02,2.729746772427068396e-02,2.009558262254820468e-02,5.061232617569944546e-03,1.676014735654309668e-02
5.427964554777471584e-02,8.283827287511201509e-02,3.659022269423517493e-02,3.091500448043543042e-02,1.148319007002754633e-01,1.561348777007069144e-01,1.544256745544455856e-01,1.788855331718164007e-02,0.000000000000000000e+00,1.036474063257110667e-01,1.256181341475556823e-01,7.029305366565995195e-02,2.117420596727622728e-01,6.800305333377584804e-02,5.218877567953270763e-02,5.836182005243768789e-02,3.881384620490524462e-02,7.472370648169658625e-02,6.977863330125119723e-02,1.272775546779064682e-01,8.881218678437489966e-02,2.044737977498257697e-01,1.879293750622282599e-01,8.517805582290663424e-02,1.872324184394809354e-01,3.976303474826590745e-01,2.169360459327602797e-01,2.939497527463409976e-01,2.259301052072616167e-01,5.867710995320433998e-02,1.658590820085626139e-01,5.889283462214994769e-02,3.157877269257575170e-02,6.969566227473365794e-02,4.214928147091035610e-02,8.200856260993660829e-02,3.385217881915635052e-02,1.627891540274136253e-02,5.562377617735886348e-02,4.395804984899272932e-02,6.114964654342703448e-02,4.284623809365769448e-02,5.212239885831867342e-02,1.999601739072715684e-02,1.216355248747137512e-02,4.837210845972586548e-02,7.077428561946168262e-02,6.941356078457402989e-02,3.751949819123161917e-02,1.020045800006637721e-01,1.486508911088247897e-01,1.749195181042779990e-01,3.604261391921941005e-02,1.847930702598652442e-01,1.087750157644950394e-01,1.729779960837675434e-01,1.241578440808469713e-01,2.098503202681623603e-01,7.371145995818259578e-02,3.937804918522452152e-02,6.098370449039195590e-02,3.776841127078424398e-02,7.080747403006870666e-02,8.697022999568550239e-02,1.209053798413593922e-01,7.472370648169658625e-02,1.939862599980086977e-01,2.184461186153795198e-01,7.455776442866150766e-02,1.885267664531545539e-01,4.538017324350336890e-01,2.335800338521788200e-01,2.849059108559290898e-01,2.092031462613255510e-01,5.328399322956423739e-02,1.740732136337990732e-01
3.132985961302313382e-02,4.760877501576449289e-02,2.075935083468852596e-02,1.787195911187813152e-02,6.777073445952673525e-02,8.755102718130829131e-02,9.027247685108359676e-02,1.002290000331884125e-02,1.036474063257110667e-01,0.000000000000000000e+00,7.201885101722478588e-02,4.017457103979290428e-02,1.213202349739471025e-01,3.939464339052802661e-02,2.935514918190567854e-02,3.353688891838969843e-02,2.273406126580598124e-02,4.236500613985596381e-02,4.002522319206133078e-02,7.160399588463708942e-02,5.174073213633799406e-02,1.146493644419368796e-01,1.070326242076267004e-01,4.815638379078025777e-02,1.062692907636653278e-01,2.258803225913511015e-01,1.214529886163751571e-01,1.677840098237695365e-01,1.272941488832099732e-01,3.332116424944409072e-02,9.384023099133782797e-02,3.380239620324582833e-02,1.827022003916232290e-02,3.985928113902625219e-02,2.445985861737081518e-02,4.769174604228203218e-02,1.976369851647804751e-02,9.359131791178519968e-03,3.274036706382131567e-02,2.540572831967077144e-02,3.546181673359662806e-02,2.482493113404798946e-02,3.054993196375825615e-02,1.164913212306262734e-02,7.019348843383890410e-03,2.786167070458995740e-02,3.977631011250871290e-02,3.939464339052802661e-02,2.190435100063058138e-02,5.988848694036042614e-02,8.199196840463310321e-02,1.019216089741462328e-01,2.041087252331485677e-02,1.035976237098005376e-01,6.403703826623742545e-02,1.000464637748498253e-01,7.180312634827917817e-02,1.201586406027015386e-01,4.292920912017523377e-02,2.251833659686037700e-02,3.444957021008263759e-02,2.205369884836215141e-02,4.042348411934552216e-02,4.926819554611529955e-02,6.722312568451097037e-02,4.357638312701204997e-02,1.076797982144635096e-01,1.235438584846171722e-01,4.223225249742789539e-02,1.069662473864126662e-01,2.588696027347250350e-01,1.313597291825694402e-01,1.615445886296505151e-01,1.166738574889648467e-01,3.020145365238458696e-02,9.783943446948326073e-02
3.846536789353157543e-02,5.758189240317281021e-02,2.520659785602867575e-02,2.143971325213235579e-02,8.033254787428230348e-02,1.068832763598951269e-01,1.077461750356775438e-01,1.221333510338189904e-02,1.256181341475556823e-01,7.201885101722478588e-02,0.000000000000000000e+00,4.916863031429424824e-02,1.470246589890810140e-01,4.696160100892768363e-02,3.637449802528956722e-02,4.030732468222096576e-02,2.701536623411104898e-02,5.150841326208888127e-02,4.827254322790481417e-02,8.702001261159603152e-02,6.267631343134977273e-02,1.399887159403936099e-01,1.300985695795028318e-01,5.937406657595167836e-02,1.292522651090239338e-01,2.764760545617470644e-01,1.481862533603265641e-01,2.031462613255451133e-01,1.554379210779595899e-01,4.019116524509640936e-02,1.145497992101158213e-01,4.072217981480866916e-02,2.193753941123759502e-02,4.880355779761707397e-02,2.952109123494075713e-02,5.680196475390793254e-02,2.338123527264279397e-02,1.133384222229597352e-02,3.846536789353157543e-02,3.053333775845474760e-02,4.273007865653313808e-02,2.981978693040390413e-02,3.587667186618433146e-02,1.377319040191165266e-02,8.463044704789087630e-03,3.405130928279844621e-02,4.868739836049251757e-02,4.759218081046098781e-02,2.605290232650758417e-02,7.128870598387043733e-02,1.015565364574690516e-01,1.213036407686435836e-01,2.482493113404798946e-02,1.263482791809100170e-01,7.586870664763864514e-02,1.201752348080050437e-01,8.715276625402409993e-02,1.452490790216056649e-01,5.069529720221698649e-02,2.746340977730576602e-02,4.168464372241213051e-02,2.621884437954266275e-02,4.868739836049251757e-02,5.982211011914639193e-02,8.257276559025587825e-02,5.255384819620988190e-02,1.329361786864027006e-01,1.506753841558527707e-01,5.189007998406956063e-02,1.299990043476818014e-01,3.150907703030101925e-01,1.608310378015996855e-01,1.951146659586472376e-01,1.424446583253128062e-01,3.652384587302114072e-02,1.194284955693471900e-01
2.205369884836215141e-02,3.242507716305466359e-02,1.398891507085725690e-02,1.219674089807839049e-02,4.551790514752248468e-02,6.002124058278848762e-02,6.143174803358666947e-02,6.969566227473366488e-03,7.029305366565995195e-02,4.017457103979290428e-02,4.916863031429424824e-02,0.000000000000000000e+00,8.331950482891374576e-02,2.670007633334439689e-02,2.046065513922538243e-02,2.265109023928844195e-02,1.496797318376423026e-02,2.905645348644253501e-02,2.673326474395141053e-02,4.837210845972586548e-02,3.562775878663170664e-02,7.863993893332447971e-02,7.293153230891773198e-02,3.430022236235106409e-02,7.331319903089840440e-02,1.570143705817928503e-01,8.320334539178918243e-02,1.141183498722246198e-01,8.710298363811357081e-02,2.236898874912880350e-02,6.478377750489529296e-02,2.314891639839368118e-02,1.239587136172048791e-02,2.782848229398294029e-02,1.677674156184660176e-02,3.212638146759151658e-02,1.315920480568185530e-02,6.405363247154093921e-03,2.195413361654110357e-02,1.744050977398692304e-02,2.412797451130065454e-02,1.707543725730974876e-02,2.016195944376223889e-02,7.932030135076831301e-03,4.762536922106800144e-03,1.898377086721316984e-02,2.684942418107596693e-02,2.689920679698649258e-02,1.500116159437124563e-02,4.044007832464903418e-02,5.675218213799741035e-02,6.833493743984600521e-02,1.383956722312568513e-02,7.077428561946168262e-02,4.274667286183665010e-02,6.808602436029338734e-02,5.008131160598718740e-02,8.209153363645414758e-02,2.870797517506886581e-02,1.539942252165543875e-02,2.314891639839368118e-02,1.483521954133616531e-02,2.714811987653911393e-02,3.395174405097740183e-02,4.561747037934353599e-02,2.972022169858285628e-02,7.397696724303873261e-02,8.398327304105406010e-02,2.967043908267233063e-02,7.276559025588263951e-02,1.773422720785901574e-01,8.994059274501343959e-02,1.099697985463476135e-01,7.958580863562443597e-02,2.044406093392187387e-02,6.728950250572500458e-02
6.421957452457602300e-02,9.754073877402011372e-02,4.251435398758753731e-02,3.639109223059307924e-02,1.371511068334937411e-01,1.807108957552022721e-01,1.834157512196741002e-01,2.065978560286747812e-02,2.117420596727622728e-01,1.213202349739471025e-01,1.470246589890810140e-01,8.331950482891374576e-02,0.000000000000000000e+00,8.013341741064020085e-02,6.078457402674986021e-02,6.838472005575653434e-02,4.548471673691546757e-02,8.697022999568550239e-02,8.159370747734891183e-02,1.465766154458862935e-01,1.052570442401513373e-01,2.356709037204208212e-01,2.187448143108426668e-01,1.008927682453287372e-01,2.187945969267531821e-01,4.660980385649331481e-01,2.494274999170289775e-01,3.434336729614018702e-01,2.625203279014968194e-01,6.828515482393547609e-02,1.934718396335999568e-01,6.957950283760910848e-02,3.698848362151936631e-02,8.257276559025587825e-02,5.028044206962928309e-02,9.704291261491487797e-02,3.987587534432975728e-02,1.934884338389034411e-02,6.624406757160399006e-02,5.202283362649762904e-02,7.240051773920547218e-02,5.097739869237662147e-02,6.126580598055159088e-02,2.359695994158839821e-02,1.427101656101689361e-02,5.698450101224652314e-02,8.190899737811556391e-02,8.068102618565596573e-02,4.457203544522252842e-02,1.208058146095383478e-01,1.705552421094553850e-01,2.060004646377484872e-01,4.175102054362616472e-02,2.134346686137200966e-01,1.286548737180976398e-01,2.039925657960240390e-01,1.479041518701669500e-01,2.466728618366466341e-01,8.655537486309780593e-02,4.570044140586107528e-02,7.062493777173010912e-02,4.462181806113305060e-02,8.247320035843483388e-02,1.014403770203445021e-01,1.382629185888287759e-01,8.801566492980651690e-02,2.228933656367196592e-01,2.539079353489761548e-01,8.771696923434336990e-02,2.194417709335899913e-01,5.310145697122564679e-01,2.700540971092894593e-01,3.313862799110550705e-01,2.402011217682785138e-01,6.178022634496033866e-02,2.016527828482294060e-01
2.036108990740433458e-02,3.116391755998805177e-02,1.349108891175201594e-02,1.158275530184859486e-02,4.322790481563838078e-02,5.817928379409909728e-02,5.847797948956224429e-02,6.504928478975141766e-03,6.800305333377584804e-02,3.939464339052802661e-02,4.696160100892768363e-02,2.670007633334439689e-02,8.013341741064020085e-02,0.000000000000000000e+00,1.909993030433772623e-02,2.188775679532707283e-02,1.468587169360459355e-02,2.762935183034084460e-02,2.601971391590056706e-02,4.689522418771364942e-02,3.358667153430022062e-02,7.565298197869303742e-02,6.933058975805649060e-02,3.191065679864591581e-02,6.986160432776873652e-02,1.477050214065248335e-01,7.995088115230161718e-02,1.106003783478809177e-01,8.393349042514354486e-02,2.197072782184461212e-02,6.151471906010420876e-02,2.200391623245162923e-02,1.174869735488367518e-02,2.595333709468653632e-02,1.588065447545717115e-02,3.033420729481265191e-02,1.264478444127310752e-02,6.239421194119013601e-03,2.117420596727622589e-02,1.622913278683084035e-02,2.296638014005509404e-02,1.614616176031329758e-02,1.954797384753244327e-02,7.483986591882115132e-03,4.613189074375228377e-03,1.820384321794829216e-02,2.620225017423915420e-02,2.585377186286548848e-02,1.397232086555374835e-02,3.863130994656666095e-02,5.437921077959576716e-02,6.563008197537420485e-02,1.327536424280641170e-02,6.788689389665128471e-02,4.165145531180512034e-02,6.524841525339351855e-02,4.732667352560485791e-02,7.834124323786133270e-02,2.733065613487770107e-02,1.478543692542564139e-02,2.296638014005509404e-02,1.433739338223092435e-02,2.655072848561282339e-02,3.229232352062659517e-02,4.410739769672430283e-02,2.850884471142677012e-02,7.113935813613886383e-02,8.086356244399456328e-02,2.791145332050047959e-02,7.052537253990906474e-02,1.695429955859413806e-01,8.617370814111711963e-02,1.054063920878829108e-01,7.596827187945968951e-02,1.976369851647804751e-02,6.428595134579004333e-02
1.649464007168696678e-02,2.364674255749892040e-02,1.083601606319073429e-02,8.794928810859248269e-03,3.287312070624937715e-02,4.467160067704357973e-02,4.412399190202781485e-02,5.044638412266436861e-03,5.218877567953270763e-02,2.935514918190567854e-02,3.637449802528956722e-02,2.046065513922538243e-02,6.078457402674986021e-02,1.909993030433772623e-02,0.000000000000000000e+00,1.680992997245361886e-02,1.103514652683282998e-02,2.089210447711659091e-02,2.017855364906574744e-02,3.665659951544920220e-02,2.605290232650758417e-02,5.809631276758155799e-02,5.422986293186419365e-02,2.490790216056553222e-02,5.295210912349407328e-02,1.160598718927350614e-01,6.189638578208489506e-02,8.429856294182071219e-02,6.498290796853738172e-02,1.671036474063257102e-02,4.818957220138727487e-02,1.621253858152733179e-02,9.010653479804852511e-03,2.061000298695695593e-02,1.196442202382927943e-02,2.308253957717965044e-02,9.558262254820617393e-03,4.762536922106800144e-03,1.541601672695894557e-02,1.257840762005907505e-02,1.797152434369917937e-02,1.227971192459593151e-02,1.443695861405197220e-02,5.625435597889217113e-03,3.567754140254223404e-03,1.476884272012213284e-02,2.021174205967276108e-02,1.971391590056752186e-02,1.058710298363811295e-02,2.887391722810394440e-02,4.281304968305067737e-02,4.941754339384686612e-02,1.045434934121004973e-02,5.213899306362218544e-02,3.113072914938103466e-02,4.935116657263283885e-02,3.635790381998606213e-02,5.967276227141482536e-02,2.036108990740433458e-02,1.191463940791875550e-02,1.752348080050446233e-02,1.083601606319073429e-02,2.016195944376223889e-02,2.484152533935149801e-02,3.524609206465102729e-02,2.203710464305864286e-02,5.552421094553781911e-02,6.262653081543924360e-02,2.182137997411303862e-02,5.389797882579402954e-02,1.321728452424413280e-01,6.730609671102850966e-02,8.034914207958580856e-02,5.973913909262885263e-02,1.529985728983438917e-02,5.004812319538017029e-02
1.767282864823603583e-02,2.660051110152334905e-02,1.188145099731173840e-02,9.973117387408317325e-03,3.748630978062460900e-02,4.983239852643456952e-02,5.028044206962928309e-02,5.592247187282200875e-03,5.836182005243768789e-02,3.353688891838969843e-02,4.030732468222096576e-02,2.265109023928844195e-02,6.838472005575653434e-02,2.188775679532707283e-02,1.680992997245361886e-02,0.000000000000000000e+00,1.269456705718363144e-02,2.354717732567787256e-02,2.245195977564634279e-02,4.050645514586306145e-02,2.923898974478112214e-02,6.436892237230759650e-02,6.056884935780425250e-02,2.703196043941455753e-02,5.955660283429026897e-02,1.270618300089608743e-01,6.894892303607580430e-02,9.463675284590621073e-02,7.180312634827917817e-02,1.878464040357107415e-02,5.310145697122564679e-02,1.895058245660615273e-02,1.018884205635392157e-02,2.263449603398493340e-02,1.369021937539411163e-02,2.658391689621984050e-02,1.105174073213633854e-02,5.243768875908532551e-03,1.812087219143075287e-02,1.415485712389233722e-02,2.006239421194119105e-02,1.397232086555374835e-02,1.674355315123958812e-02,6.538116889582158003e-03,3.949420862234907965e-03,1.596362550197471045e-02,2.246855398094985135e-02,2.225282931200424710e-02,1.213036407686435975e-02,3.308884537519498487e-02,4.676247054528558794e-02,5.647008064783777537e-02,1.164913212306262734e-02,5.829544323122365368e-02,3.542862832298961095e-02,5.585609505160797628e-02,4.027413627161395560e-02,6.732269091633201474e-02,2.353058312037436400e-02,1.291029172612923569e-02,1.961435066874647401e-02,1.236268295111347081e-02,2.273406126580598124e-02,2.777869967807241811e-02,3.836580266171053105e-02,2.477514851813746727e-02,6.091732766917792169e-02,7.049218412930205457e-02,2.401181507417609814e-02,6.046928412598320812e-02,1.462779197504231465e-01,7.439182237562642908e-02,9.075370880488532743e-02,6.634363280342504832e-02,1.702565464139922310e-02,5.535826889250274052e-02
1.169891473897315126e-02,1.790514752248514863e-02,7.998406956290863776e-03,6.737247353224253693e-03,2.560485878331286713e-02,3.272377285851780365e-02,3.408449769340546331e-02,3.683913577378779367e-03,3.881384620490524462e-02,2.273406126580598124e-02,2.701536623411104898e-02,1.496797318376423026e-02,4.548471673691546757e-02,1.468587169360459355e-02,1.103514652683282998e-02,1.269456705718363144e-02,0.000000000000000000e+00,1.588065447545717115e-02,1.520029205801334132e-02,2.681623577046895329e-02,1.964753907935349111e-02,4.268029604062261589e-02,4.045667252995253926e-02,1.777239388005708368e-02,3.972652749659819071e-02,8.451428761076631990e-02,4.548471673691546757e-02,6.275928445786731202e-02,4.745942716803292633e-02,1.241246556702399473e-02,3.512993262752647089e-02,1.279413228900467929e-02,6.870000995652318643e-03,1.501775579967475419e-02,9.259566559357472124e-03,1.798811854900268792e-02,7.500580797185622817e-03,3.435000497826159321e-03,1.251203079884504257e-02,9.574856460124124211e-03,1.344130629584149202e-02,9.359131791178519968e-03,1.148319007002754702e-02,4.397464405429624135e-03,2.671667053864790631e-03,1.052072616242408221e-02,1.498456738906773708e-02,1.473565430951511747e-02,8.197537419932959465e-03,2.238558295443231205e-02,3.071587401679333473e-02,3.841558527762105324e-02,7.799276492648767219e-03,3.893000564202980102e-02,2.432710497494275023e-02,3.758587501244565338e-02,2.679964156516544474e-02,4.523580365736284969e-02,1.594703129667120189e-02,8.413262088878563708e-03,1.287710331552222032e-02,8.380073678271548338e-03,1.518369785270983451e-02,1.833659686037635711e-02,2.523978626663568939e-02,1.652782848229398388e-02,4.014138262918588718e-02,4.677906475058909302e-02,1.579768344893963186e-02,4.022435365570342647e-02,9.764030400584115810e-02,4.915203610899074316e-02,6.040290730476917391e-02,4.347681789519099865e-02,1.116790016926089493e-02,3.654044007832464580e-02
2.208688725896916852e-02,3.386877302445985560e-02,1.481862533603265676e-02,1.261159603066609215e-02,4.726029670439082370e-02,6.357240051773919987e-02,6.350602369652517953e-02,7.118914075204938255e-03,7.472370648169658625e-02,4.236500613985596381e-02,5.150841326208888127e-02,2.905645348644253501e-02,8.697022999568550239e-02,2.762935183034084460e-02,2.089210447711659091e-02,2.354717732567787256e-02,1.588065447545717115e-02,0.000000000000000000e+00,2.845906209551624447e-02,5.130928279844678558e-02,3.637449802528956722e-02,8.278849025920148597e-02,7.610102552188775793e-02,3.514652683282997597e-02,7.639972121735090493e-02,1.621253858152733041e-01,8.751783877070126727e-02,1.194450897746506951e-01,9.153363645415020511e-02,2.371311937871295461e-02,6.717334306860044124e-02,2.449304702797782882e-02,1.302645116325379208e-02,2.850884471142677012e-02,1.742391556868341448e-02,3.347051209717566422e-02,1.388934983903620905e-02,6.670870532010222086e-03,2.343101788855331616e-02,1.800471275430619647e-02,2.515681524011815010e-02,1.783877070127111442e-02,2.142311904682884724e-02,8.280508446450498758e-03,4.961667385748896701e-03,1.951478543692542617e-02,2.854203312203378723e-02,2.801101855232153090e-02,1.548239354817297804e-02,4.198333941787527751e-02,5.998805217218147745e-02,7.173674952706514396e-02,1.466927748830108499e-02,7.492283694533868887e-02,4.475457170356111902e-02,7.107298131492482962e-02,5.122631177192923935e-02,8.580863562443995229e-02,3.008529421526003056e-02,1.571471242242208910e-02,2.422753974312170239e-02,1.553217616408350196e-02,2.879094620158640511e-02,3.529587468056154947e-02,4.830573163851183127e-02,3.050014934784773049e-02,7.822508380073678325e-02,8.861305632073279703e-02,3.048355514254422194e-02,7.703030101888420911e-02,1.850253891341143708e-01,9.430486873983605356e-02,1.152799442434701838e-01,8.373435996150144223e-02,2.137333643091832505e-02,7.052537253990906474e-02
2.130695960970429084e-02,3.187746838803889871e-02,1.427101656101689361e-02,1.178188576549069055e-02,4.452225282931200623e-02,5.965616806611131334e-02,5.962297965550429624e-02,6.720653147920746008e-03,6.977863330125119723e-02,4.002522319206133078e-02,4.827254322790481417e-02,2.673326474395141053e-02,8.159370747734891183e-02,2.601971391590056706e-02,2.017855364906574744e-02,2.245195977564634279e-02,1.520029205801334132e-02,2.845906209551624447e-02,0.000000000000000000e+00,4.890312302943811834e-02,3.491420795858086318e-02,7.815870697952274904e-02,7.259964820284756093e-02,3.234210613653712429e-02,7.163718429524409959e-02,1.521356742225614678e-01,8.287146128571902526e-02,1.137034947396369233e-01,8.657196906840131101e-02,2.280043808702001198e-02,6.370515416016726828e-02,2.223623510670073855e-02,1.208058146095383409e-02,2.688261259168298403e-02,1.616275596561680614e-02,3.142942484484417820e-02,1.302645116325379208e-02,6.206232783511997364e-03,2.140652484152533869e-02,1.666058212472204536e-02,2.369652517340944606e-02,1.652782848229398388e-02,2.017855364906574744e-02,7.666522850220703136e-03,4.679565895589259984e-03,1.923268394676578771e-02,2.714811987653911393e-02,2.656732269091633195e-02,1.450333543526600467e-02,3.966015067538415650e-02,5.675218213799741035e-02,6.740566194284955404e-02,1.392253824964322442e-02,7.040921310278450140e-02,4.224884670273140741e-02,6.644319803524609269e-02,4.752580398924695360e-02,8.081377982808403415e-02,2.855862732733729231e-02,1.548239354817297804e-02,2.367993096810593751e-02,1.475224851481862602e-02,2.728087351896717541e-02,3.298928014337393355e-02,4.666290531346453663e-02,2.935514918190567854e-02,7.409312668016328207e-02,8.408283827287511836e-02,2.852543891673027868e-02,7.256645979224055076e-02,1.746208224088148520e-01,8.967508546015731663e-02,1.090073346387441522e-01,8.024957684776476419e-02,2.062659719226046101e-02,6.650957485646012690e-02
3.776841127078424398e-02,5.729979091301317523e-02,2.598652550529354996e-02,2.124058278849026010e-02,7.920414191364374967e-02,1.080946533470512061e-01,1.065016096379144406e-01,1.213036407686435975e-02,1.272775546779064682e-01,7.160399588463708942e-02,8.702001261159603152e-02,4.837210845972586548e-02,1.465766154458862935e-01,4.689522418771364942e-02,3.665659951544920220e-02,4.050645514586306145e-02,2.681623577046895329e-02,5.130928279844678558e-02,4.890312302943811834e-02,0.000000000000000000e+00,6.159769008662175499e-02,1.415153828283163551e-01,1.299492217317712583e-01,5.837841425774119991e-02,1.288705983870432337e-01,2.759284457867312579e-01,1.501609637914440298e-01,2.041916962596661278e-01,1.566824864757226654e-01,4.082174504662971354e-02,1.150476253692210710e-01,3.957717964886661721e-02,2.153927848395340364e-02,4.843848528093989275e-02,2.903985928113902645e-02,5.632073280010620187e-02,2.341442368324980761e-02,1.128405960638544960e-02,3.755268660183863627e-02,3.031761308950914335e-02,4.274667286183665010e-02,2.948790282433374349e-02,3.581029504497029725e-02,1.369021937539411163e-02,8.413262088878563708e-03,3.406790348810195823e-02,4.941754339384686612e-02,4.825594902260130908e-02,2.573761242574093208e-02,7.045899571869503053e-02,1.032159569878198513e-01,1.201752348080050437e-01,2.504065580299359370e-02,1.273273372938170112e-01,7.528790946201587009e-02,1.194284955693471900e-01,8.541037469715574704e-02,1.447844412731074393e-01,5.074507981812750868e-02,2.812717798944608383e-02,4.266370183531910387e-02,2.628522120075669696e-02,4.913544190368723114e-02,6.038631309946566883e-02,8.539378049185224195e-02,5.212239885831867342e-02,1.354916863031429552e-01,1.520692974013474474e-01,5.147522485148186416e-02,1.305632073280010574e-01,3.153562775878663293e-01,1.631376323387873084e-01,1.968902459261225868e-01,1.456473399488898424e-01,3.710464305864392270e-02,1.207726261989313377e-01
2.835949686369519662e-02,4.126978858982443404e-02,1.856891573462546990e-02,1.536623411104842164e-02,5.832863164183067078e-02,7.591848926354917426e-02,7.809233015830871483e-02,8.628986757824167950e-03,8.881218678437489966e-02,5.174073213633799406e-02,6.267631343134977273e-02,3.562775878663170664e-02,1.052570442401513373e-01,3.358667153430022062e-02,2.605290232650758417e-02,2.923898974478112214e-02,1.964753907935349111e-02,3.637449802528956722e-02,3.491420795858086318e-02,6.159769008662175499e-02,0.000000000000000000e+00,9.905081145663933995e-02,9.369088314360625447e-02,4.258073080880156458e-02,9.201486840795194966e-02,1.976037967541734441e-01,1.054893631144004501e-01,1.455975573329793271e-01,1.104178420895423340e-01,2.867478676446184871e-02,8.252298297434536301e-02,2.899007666522850080e-02,1.569811821711858055e-02,3.539543991238259385e-02,2.115761176197272081e-02,4.068899140420165206e-02,1.676014735654309668e-02,8.097972188111911621e-03,2.797783014171451380e-02,2.180478576880953007e-02,3.126348279180909961e-02,2.172181474229199077e-02,2.540572831967077144e-02,1.000630579801533269e-02,6.289203810029537524e-03,2.553848196209883639e-02,3.423384554113703682e-02,3.410109189870896840e-02,1.868507517175002630e-02,5.106036971889416076e-02,7.180312634827917817e-02,8.683747635325744785e-02,1.810427798612724432e-02,8.917725930105206700e-02,5.492681955461153204e-02,8.619030234642062471e-02,6.363877733895323408e-02,1.038797251999601795e-01,3.592645448209485365e-02,2.016195944376223889e-02,2.983638113570741268e-02,1.908333609903421768e-02,3.463210646842122820e-02,4.233181772924894670e-02,5.859413892668680068e-02,3.879725199960173954e-02,9.327602801101855801e-02,1.080780591417477010e-01,3.778500547608774907e-02,9.269523082539576908e-02,2.270419169625966516e-01,1.141515382828316300e-01,1.384952374630779026e-01,1.012910291726129286e-01,2.603630812120407562e-02,8.502870797517507462e-02
