0.000000000000000000e+00,1.351014572594079130e-02,8.355303715945906415e-03,5.495874814727370189e-03,2.292789779509175202e-02,2.461994517241831645e-02,3.125696821836592559e-02,6.217290363199937456e-03,3.409016382691273245e-02,1.936016999173651235e-02,2.326893059982423559e-02,1.835018822387491852e-02,4.055667047049410501e-02,1.142459895853828108e-02,1.130654914151549804e-02,1.016540091029525562e-02,5.981190729154369640e-03,1.511037657891630206e-02,1.539894279830532862e-02,2.441007883104447801e-02,1.558257584700743770e-02,4.592137882186282660e-02,4.054355382415823772e-02,1.411351145739057379e-02,3.858917352011437957e-02,8.049685856320255850e-02,3.792022455698527278e-02,6.337963509489893954e-02,4.217001796980548306e-02,8.643869935334932975e-03,3.416886370492792230e-02,1.316911292120830600e-02,5.889374204803315971e-03,1.265756371410957717e-02,7.738821338160259238e-03,1.369377877464289864e-02,4.341609937171263950e-03,3.633311035034562236e-03,1.530712627395427496e-02,8.184787313579664630e-03,1.133278243418722742e-02,8.132320728236204152e-03,9.863718044570363511e-03,3.397211400988995288e-03,2.964362071905455014e-03,1.024410078831044547e-02,1.556945920067157214e-02,1.740578968769265072e-02,4.918742375949317069e-03,2.022586864990359376e-02,2.699405815920985149e-02,3.045685279187817368e-02,7.542071643122286347e-03,4.247170083553036823e-02,1.937328663807237616e-02,3.116515169401487539e-02,2.343944700219047911e-02,4.272091711591180507e-02,1.156888206823279350e-02,1.870433767494326938e-02,1.213289786067498280e-02,5.508991461063235742e-03,1.201484804365219976e-02,1.789110560211965018e-02,2.538071065989847691e-02,2.054066816196434969e-02,5.023675546636235945e-02,4.733797662613623003e-02,1.618594157845721845e-02,3.124385157203006178e-02,1.023491913587533941e-01,4.517372998071852996e-02,6.111045527879431505e-02,3.685777620378021674e-02,1.373312871365049356e-02,3.769724156927557052e-02
1.351014572594079130e-02,0.000000000000000000e+00,1.391676176235260090e-02,9.312818898464041498e-03,3.805139102034391790e-02,4.091081992156245239e-02,5.213866918506276232e-02,1.011293432495179688e-02,5.701806162200448447e-02,3.243746638859376641e-02,3.975655504400634616e-02,2.957803748737522845e-02,6.849512716588622430e-02,1.938640328440824345e-02,1.827148834585973214e-02,1.699917365128084112e-02,1.004735109327247258e-02,2.511837773318117972e-02,2.616770944005036847e-02,4.190768504308818587e-02,2.500032791615839495e-02,7.771612953999920692e-02,6.694736289825417574e-02,2.286231456341242599e-02,6.478311625283647568e-02,1.327011109799446364e-01,6.503233253321791252e-02,1.070843006860005969e-01,7.253505423733259960e-02,1.512349322525216762e-02,5.703117826834035176e-02,2.134078358845210507e-02,9.811251459226904767e-03,2.065871797898713100e-02,1.255263054342265795e-02,2.296724773409934695e-02,7.187922192053935490e-03,5.981190729154369640e-03,2.447566206272380404e-02,1.324781279922349411e-02,1.876992090662259541e-02,1.314287962853657662e-02,1.680242395624286650e-02,5.613924631750154097e-03,4.813809205262398715e-03,1.707787352929603097e-02,2.662679206180563682e-02,2.919765474363514648e-02,8.092970789228609227e-03,3.405081388790513752e-02,4.526554650506958710e-02,5.122050394155222564e-02,1.221159773869017091e-02,7.090859009168536120e-02,3.208331693752541208e-02,5.228295229475727474e-02,3.746114193523000097e-02,7.075119033565498150e-02,1.995041907685042928e-02,3.070606907225960358e-02,2.050131822295675477e-02,9.352168837471634688e-03,2.010781883288080898e-02,3.026010309684019906e-02,4.359973242041474684e-02,3.293589894935662621e-02,8.503521819541179361e-02,7.838507850312831371e-02,2.632510919608074471e-02,5.295190125788638152e-02,1.690342213302902796e-01,7.687666417450386702e-02,1.022704914807382043e-01,6.229095344902215586e-02,2.326893059982423559e-02,6.293366911947953501e-02
8.355303715945906415e-03,1.391676176235260090e-02,0.000000000000000000e+00,5.705741156101207766e-03,2.341321370951875147e-02,2.511837773318117972e-02,3.188656724248743746e-02,6.191057070528207217e-03,3.478534608271357381e-02,1.957003633311035079e-02,2.416086255066304811e-02,1.829772163853145978e-02,4.171093534805021125e-02,1.179186505594249576e-02,1.128031584884376694e-02,1.048020042235601156e-02,6.020540668161964565e-03,1.538582615196946481e-02,1.593672529807578855e-02,2.548564383058539440e-02,1.537270950563359925e-02,4.750849302850247008e-02,4.102886973858523717e-02,1.416597804273403427e-02,3.938928894660213148e-02,8.159865685541520253e-02,3.944175553194559369e-02,6.509791576489723508e-02,4.392764857881136659e-02,9.076719264418473682e-03,3.486404596072876366e-02,1.298547987250619692e-02,5.994307375490234326e-03,1.272314694578890147e-02,7.673238106480934941e-03,1.399546164036779075e-02,4.394076522514723561e-03,3.712010913049751653e-03,1.503167670090111395e-02,8.237253898923123374e-03,1.150329883655346920e-02,8.197903959915528449e-03,1.016540091029525562e-02,3.423444693660724659e-03,3.003712010913049939e-03,1.053266700769947203e-02,1.614659163944962700e-02,1.779928907776859651e-02,4.931859022285181755e-03,2.080300108868164688e-02,2.780729023203347416e-02,3.128320151103766017e-02,7.528954996786421661e-03,4.331116620102572201e-02,1.964873621112554064e-02,3.179475071813638726e-02,2.307218090478626443e-02,4.346856595705610171e-02,1.202796468998806358e-02,1.884862078463778526e-02,1.264444706777371162e-02,5.692624509765343080e-03,1.231653090937709014e-02,1.838953816288251344e-02,2.656120883012631426e-02,2.019963535723186265e-02,5.211243589239103469e-02,4.819055863796744416e-02,1.613347499311375971e-02,3.234564986424270927e-02,1.035165728826453607e-01,4.716746022376998304e-02,6.243523655871666828e-02,3.815632419103083539e-02,1.417909468906989809e-02,3.858917352011437957e-02
5.495874814727370189e-03,9.312818898464041498e-03,5.705741156101207766e-03,0.000000000000000000e+00,1.549075932265638403e-02,1.657944096853316424e-02,2.117026718608586155e-02,4.092393656789832315e-03,2.333451383150356162e-02,1.324781279922349411e-02,1.625152481013654449e-02,1.215913115334671217e-02,2.789910675638452783e-02,7.869987801518906964e-03,7.319088655412584084e-03,6.978055850680097913e-03,4.039927071446372704e-03,1.013916761762352625e-02,1.075564999540917430e-02,1.695982371227324620e-02,1.006046773960833640e-02,3.136190138905285002e-02,2.723015779325542104e-02,9.352168837471634688e-03,2.636445913508833963e-02,5.379136662338173530e-02,2.624640931806555832e-02,4.333739949369744965e-02,2.944687102401657985e-02,6.125473838848882920e-03,2.315088078280145428e-02,8.748803106021852197e-03,4.053043717782237390e-03,8.434003593961096265e-03,5.154842009994884885e-03,9.273468959456446573e-03,2.898778840226131151e-03,2.465929511142590878e-03,9.994884507929012105e-03,5.456524875719776131e-03,7.712588045488529866e-03,5.430291583048045892e-03,6.886239326329044244e-03,2.308529755112212912e-03,1.967496950379726741e-03,6.873122679993179558e-03,1.087369981243195734e-02,1.192303151930114435e-02,3.292278230302076499e-03,1.390364511601673708e-02,1.846823804089770329e-02,2.084235102768924180e-02,4.944975668621047309e-03,2.871233882920814703e-02,1.305106310418552122e-02,2.139325017379556382e-02,1.530712627395427496e-02,2.873857212187987814e-02,8.211020606251394002e-03,1.243458072639987491e-02,8.381537008617635787e-03,3.803827437400805322e-03,8.184787313579664630e-03,1.238211414105641443e-02,1.774682249242513776e-02,1.336586261624627889e-02,3.450989650966040934e-02,3.179475071813638726e-02,1.070318341006571382e-02,2.160311651516940226e-02,6.833772740985584460e-02,3.115203504767900811e-02,4.173716864072193888e-02,2.517084431852463847e-02,9.378402130143365795e-03,2.566927687928750521e-02
2.292789779509175202e-02,3.805139102034391790e-02,2.341321370951875147e-02,1.549075932265638403e-02,0.000000000000000000e+00,6.831149411718412390e-02,8.910137855952990349e-02,1.745825627303610947e-02,9.600073453219480635e-02,5.535224753734965114e-02,6.731462899565839042e-02,5.181075302666614257e-02,1.157937538530148663e-01,3.304083212004355063e-02,3.058801925523682227e-02,2.856805571951363462e-02,1.706475688296016369e-02,4.193391833575991351e-02,4.335051614003331694e-02,6.873122679993179385e-02,4.283896693293458985e-02,1.284906675061320280e-01,1.129080916591245903e-01,3.904825614186964444e-02,1.090124476973727413e-01,2.251997009404635430e-01,1.069006676372984965e-01,1.789504059602040897e-01,1.197943309854536398e-01,2.484292816012801872e-02,9.573840160547751610e-02,3.698894266713886880e-02,1.663190755387662645e-02,3.531001193614816819e-02,2.156376657616180734e-02,3.948110547095318862e-02,1.232964755571295569e-02,1.029656737365390422e-02,4.281273364026285527e-02,2.280984797806896724e-02,3.189968388882330474e-02,2.231141541730610398e-02,2.852870578050603970e-02,9.562035178845473132e-03,8.224137252587257821e-03,2.796468998806385040e-02,4.480646388331431529e-02,4.828237516231850129e-02,1.374624535998635912e-02,5.907737509673526705e-02,7.552564960190978616e-02,8.757984758456957564e-02,2.077676779600991577e-02,1.190335654979734759e-01,5.558834717139522069e-02,8.760608087724131021e-02,6.494051600886685538e-02,1.202534136072089116e-01,3.369666443683679014e-02,5.066960479544590362e-02,3.456236309500387155e-02,1.609412505410616478e-02,3.381471425385957491e-02,4.993507260063746733e-02,7.258752082267605488e-02,5.591626332979184044e-02,1.417253636590196653e-01,1.302614147614737927e-01,4.467529741995566323e-02,8.799958026731724559e-02,2.823620456721625538e-01,1.269035532994923776e-01,1.734282978528050023e-01,1.040150054434082344e-01,3.945487217828145404e-02,1.067170345885963822e-01
2.461994517241831645e-02,4.091081992156245239e-02,2.511837773318117972e-02,1.657944096853316424e-02,6.831149411718412390e-02,0.000000000000000000e+00,9.336428861868598106e-02,1.803538871181416259e-02,1.021917916027230144e-01,5.714922808536313653e-02,6.993795826283136230e-02,5.324046747727541329e-02,1.224045436062907444e-01,3.440496333897349185e-02,3.305394876637941098e-02,3.048308608454990132e-02,1.755007279738716314e-02,4.499009693201642263e-02,4.685266071170923058e-02,7.414840173664397072e-02,4.547541284644342208e-02,1.382101024410078705e-01,1.202140636682013097e-01,4.129120266530253436e-02,1.160560867797321566e-01,2.403756607510591781e-01,1.148624719631684554e-01,1.911357704062225382e-01,1.291596164692611348e-01,2.652185889111871933e-02,1.020081585540209140e-01,3.869410669080129705e-02,1.785175566311205525e-02,3.763165833759624102e-02,2.271803145371791358e-02,4.050420388515064279e-02,1.284119676281168451e-02,1.071630005640157937e-02,4.453101431026115081e-02,2.420021248967063957e-02,3.410328047324859974e-02,2.380671309959469725e-02,2.978790382874906689e-02,1.015228426395939007e-02,8.683219874342527900e-03,3.091593541363344202e-02,4.727239339445690747e-02,5.267645168483322399e-02,1.450701084746651957e-02,6.034968979131415806e-02,8.128385734335445700e-02,9.152795813166489380e-02,2.200973255158121186e-02,1.264051207387295317e-01,5.627041278086018783e-02,9.273468959456446226e-02,6.756384527603982726e-02,1.262739542753708866e-01,3.536247852149162346e-02,5.547029735437243592e-02,3.693647608179540659e-02,1.646139115151038293e-02,3.584779443591862291e-02,5.418486601345767761e-02,7.754561313763297381e-02,5.994307375490234846e-02,1.518382979839714708e-01,1.412400477445926728e-01,4.706252705308306555e-02,9.430868715486824538e-02,3.043586615774078741e-01,1.362819554296357538e-01,1.822033342514985665e-01,1.114521439158435989e-01,4.146171906766878135e-02,1.130261414761473820e-01
3.125696821836592559e-02,5.213866918506276232e-02,3.188656724248743746e-02,2.117026718608586155e-02,8.910137855952990349e-02,9.336428861868598106e-02,0.000000000000000000e+00,2.367554663623604866e-02,1.311008801269691326e-01,7.497475045580345721e-02,9.143614160731383667e-02,6.949199228741195777e-02,1.574784559083933499e-01,4.478023059064258765e-02,4.171093534805021125e-02,3.899578955652618917e-02,2.315088078280145428e-02,5.756896076811080648e-02,5.906425845039939976e-02,9.399388764280748598e-02,5.825102637757578056e-02,1.760647437663138415e-01,1.535696953003056198e-01,5.337163394063405841e-02,1.487952360340508151e-01,3.067065412715276884e-01,1.464998229252744699e-01,2.445467542858641985e-01,1.638400293812878050e-01,3.409016382691273245e-02,1.308647804929235769e-01,5.061713821010244141e-02,2.286231456341242599e-02,4.782329254056322948e-02,2.915830480462755156e-02,5.322735083093954600e-02,1.673684072456354394e-02,1.387741182334500771e-02,5.874945893833864730e-02,3.100775193798449569e-02,4.332428284736158930e-02,3.052243602355749624e-02,3.870722333713715740e-02,1.312976298220071107e-02,1.113603273914925453e-02,3.885150644683167676e-02,6.076942247406183495e-02,6.626529728878920167e-02,1.875680426028673159e-02,7.960492661236374945e-02,1.030181403218825009e-01,1.192696651320190454e-01,2.845000590249084985e-02,1.620430488332743058e-01,7.531578326053595118e-02,1.197812143391177725e-01,8.817009666968349257e-02,1.638137960886160704e-01,4.579021235850417454e-02,6.968874198244992546e-02,4.703629376041133792e-02,2.185233279555083216e-02,4.631487821193876891e-02,6.870499350726005927e-02,9.851913062868085380e-02,7.673238106480935461e-02,1.930770340639305360e-01,1.785044399847846852e-01,6.095305552276394229e-02,1.207911961069793733e-01,3.875444326394627548e-01,1.741890633402851662e-01,2.358110678261781945e-01,1.417909468906989878e-01,5.372578339170241274e-02,1.450176418893217301e-01
6.217290363199937456e-03,1.011293432495179688e-02,6.191057070528207217e-03,4.092393656789832315e-03,1.745825627303610947e-02,1.803538871181416259e-02,2.367554663623604866e-02,0.000000000000000000e+00,2.552499376959298932e-02,1.471687718884035802e-02,1.779928907776859651e-02,1.365442883563530545e-02,3.088970212096171092e-02,8.617636642663203603e-03,8.512703471976284381e-03,7.528954996786421661e-03,4.538359632209236841e-03,1.135901572685895679e-02,1.150329883655346920e-02,1.846823804089770329e-02,1.168693188525557827e-02,3.461482968034732682e-02,3.039126956019884765e-02,1.055890030037120141e-02,2.890908852424612166e-02,6.059890607169558796e-02,2.852870578050603970e-02,4.781017589422736219e-02,3.176851742546465962e-02,6.505856582588964016e-03,2.543317724524193565e-02,9.706318288539985545e-03,4.499009693201641916e-03,9.365285483807500241e-03,5.666391217093613708e-03,1.025721743464630929e-02,3.252928291294482008e-03,2.728262437859888066e-03,1.131966578785136186e-02,6.020540668161964565e-03,8.538936764648015487e-03,5.994307375490234326e-03,7.463371765107097364e-03,2.583979328165374786e-03,2.138013352745969826e-03,7.856871155183043146e-03,1.173939847059903702e-02,1.286743005548341388e-02,3.659544327706292042e-03,1.567439237135849137e-02,2.009470218654494517e-02,2.322958066081664413e-02,5.640157924421883469e-03,3.163735096210600756e-02,1.471687718884035802e-02,2.375424651425123504e-02,1.748448956570784057e-02,3.203085035218195681e-02,8.893086215716366344e-03,1.427091121342095176e-02,9.168535788769527350e-03,4.262910059156074967e-03,9.102952557090203053e-03,1.345767914059733256e-02,1.913718700402681008e-02,1.547764267632051848e-02,3.776282480095489308e-02,3.588714437492621784e-02,1.202796468998806358e-02,2.340009706318288418e-02,7.704718057687010013e-02,3.414263041225619466e-02,4.597384540720628882e-02,2.784664017104106909e-02,1.041461719067668726e-02,2.845000590249084985e-02
3.409016382691273245e-02,5.701806162200448447e-02,3.478534608271357381e-02,2.333451383150356162e-02,9.600073453219480635e-02,1.021917916027230144e-01,1.311008801269691326e-01,2.552499376959298932e-02,0.000000000000000000e+00,8.048374191686669121e-02,9.815186453127663913e-02,7.456813441939165454e-02,1.703458859638767586e-01,4.866275790605857632e-02,4.601319534621387680e-02,4.253728406720969774e-02,2.482981151379215490e-02,6.292055247314366773e-02,6.454701661879090613e-02,1.034116397119584502e-01,6.345833497291412939e-02,1.931950838809533277e-01,1.677356733430396540e-01,5.781817704849224332e-02,1.619512323089232486e-01,3.346581146132556750e-01,1.606658009680085042e-01,2.666614200081323105e-01,1.799341544353939559e-01,3.722504230118443141e-02,1.427222287805453849e-01,5.380448326971759565e-02,2.454124529440312660e-02,5.194191949002478770e-02,3.161111766943427992e-02,5.758207741444667377e-02,1.804850535815002988e-02,1.492674353021419473e-02,6.196303729062553611e-02,3.401146394889754260e-02,4.704941040674720520e-02,3.302771547370768335e-02,4.164535211637088868e-02,1.407416151838298060e-02,1.208043127533152405e-02,4.283896693293458985e-02,6.570128149634701931e-02,7.282362045672162443e-02,2.042261834494156492e-02,8.540248429281600828e-02,1.126326420860714328e-01,1.287136504938417303e-01,3.062736919424441720e-02,1.767861593147863897e-01,8.011647581946247654e-02,1.300384317737640905e-01,9.482023636196697247e-02,1.776256246802817573e-01,4.959403979590498029e-02,7.681108094282454446e-02,5.124673723422395327e-02,2.330828053883183051e-02,5.018428888101890417e-02,7.521085008984902676e-02,1.078057162344731729e-01,8.322512100106245481e-02,2.107976232636839531e-01,1.961332126601870451e-01,6.566193155733941744e-02,1.316124293340678597e-01,4.233266438437020551e-01,1.902700717480554637e-01,2.565616023295164139e-01,1.556814753603798507e-01,5.853959259696480538e-02,1.577932554204541094e-01
1.936016999173651235e-02,3.243746638859376641e-02,1.957003633311035079e-02,1.324781279922349411e-02,5.535224753734965114e-02,5.714922808536313653e-02,7.497475045580345721e-02,1.471687718884035802e-02,8.048374191686669121e-02,0.000000000000000000e+00,5.709676150001967432e-02,4.281273364026285527e-02,9.720746599509437480e-02,2.817455632943768884e-02,2.595784309867653003e-02,2.420021248967063957e-02,1.416597804273403427e-02,3.549364498485027553e-02,3.673972638675743196e-02,5.867075906032345745e-02,3.612324400897178739e-02,1.092091973924107090e-01,9.533178556906569956e-02,3.258174949828827882e-02,9.172470782670287537e-02,1.890108736998124261e-01,9.037369325410879450e-02,1.515366151182465648e-01,1.015359592859297749e-01,2.127520035677277904e-02,8.065425831923293820e-02,3.014205327981741775e-02,1.391676176235260090e-02,2.952557090203176970e-02,1.782552237044032414e-02,3.339498157111189802e-02,1.038838389800495789e-02,8.512703471976284381e-03,3.533624522881989583e-02,1.924212017471372757e-02,2.699405815920985149e-02,1.880927084563019033e-02,2.399034614829680459e-02,8.092970789228609227e-03,6.794422801977990575e-03,2.404281273364026333e-02,3.768412492293970323e-02,4.079277010453967456e-02,1.155576542189692968e-02,4.942352339353874024e-02,6.306483558283818014e-02,7.367620246855284549e-02,1.752383950471543550e-02,9.962092892089351170e-02,4.665591101667125595e-02,7.410905179763638273e-02,5.435538241582392460e-02,1.011818098348614275e-01,2.864675559752882447e-02,4.321934967667466487e-02,2.905337163394063407e-02,1.343144584792560318e-02,2.877792206088747307e-02,4.224871784782066597e-02,6.133343826650401731e-02,4.729862668712863510e-02,1.192958984246907800e-01,1.107044950746993023e-01,3.721192565484857107e-02,7.472553417542203424e-02,2.390377628248009645e-01,1.073859835517254890e-01,1.467621558519917602e-01,8.813074673067590459e-02,3.330316504676084088e-02,9.009824368105562309e-02
2.326893059982423559e-02,3.975655504400634616e-02,2.416086255066304811e-02,1.625152481013654449e-02,6.731462899565839042e-02,6.993795826283136230e-02,9.143614160731383667e-02,1.779928907776859651e-02,9.815186453127663913e-02,5.709676150001967432e-02,0.000000000000000000e+00,5.249281863613111665e-02,1.190073322053017552e-01,3.431314681462243471e-02,3.168981754744946977e-02,2.963050407271868719e-02,1.764188932173821681e-02,4.333739949369744965e-02,4.533112973674890966e-02,7.228583795695116276e-02,4.352103254239955699e-02,1.342619918939125523e-01,1.164233528771363713e-01,3.966473851965529596e-02,1.129474415981321922e-01,2.304594761211453402e-01,1.115177271475229215e-01,1.858366452865331531e-01,1.249622896417843937e-01,2.640380907409593456e-02,9.921431288448169517e-02,3.697582602080300151e-02,1.686800718792219253e-02,3.634622699668148965e-02,2.197038261257361694e-02,4.080588675087553491e-02,1.263133042143784607e-02,1.042773383701255281e-02,4.243235089652278025e-02,2.312464749012972318e-02,3.311953199805873355e-02,2.287543120974829328e-02,2.949933760936003860e-02,9.771901520219309842e-03,8.368420362281771968e-03,2.906648828027649789e-02,4.648539461430501590e-02,5.043350516140033407e-02,1.417909468906989809e-02,6.067760594971077781e-02,7.830637862511313774e-02,8.984902740067420013e-02,2.117026718608586155e-02,1.231784257401067756e-01,5.705741156101207939e-02,9.129185849761932425e-02,6.546518186230144976e-02,1.235588084838468437e-01,3.512637888744606085e-02,5.299125119689397645e-02,3.572974461889583814e-02,1.647450779784624675e-02,3.520507876546124376e-02,5.216490247773448996e-02,7.605031545534438053e-02,5.676884534162305457e-02,1.476016212174871001e-01,1.357835228688728801e-01,4.543606290743582715e-02,9.186899093639738778e-02,2.908878657904747089e-01,1.326879943336087830e-01,1.796455882160049311e-01,1.083566153805794879e-01,4.087146998255485747e-02,1.106520284893558470e-01
1.835018822387491852e-02,2.957803748737522845e-02,1.829772163853145978e-02,1.215913115334671217e-02,5.181075302666614257e-02,5.324046747727541329e-02,6.949199228741195777e-02,1.365442883563530545e-02,7.456813441939165454e-02,4.281273364026285527e-02,5.249281863613111665e-02,0.000000000000000000e+00,9.013759362006322495e-02,2.591849315966893511e-02,2.459371187974658535e-02,2.223271553929091413e-02,1.318222956754416982e-02,3.279161583966211380e-02,3.409016382691273245e-02,5.367331680635895053e-02,3.411639711958446702e-02,9.989637849394666924e-02,8.910137855952990349e-02,3.036503626752712001e-02,8.434003593961096612e-02,1.764713598027256303e-01,8.259552197694093600e-02,1.398627998793268434e-01,9.262975642387753783e-02,1.896667060166056656e-02,7.484358399244481208e-02,2.843688925615498603e-02,1.293301328716273818e-02,2.835818937813979618e-02,1.711722346830362243e-02,3.100775193798449569e-02,9.601385117853068057e-03,8.040504203885150483e-03,3.327693175408911325e-02,1.803538871181416259e-02,2.565616023295163792e-02,1.782552237044032414e-02,2.215401566127572427e-02,7.568304935794016586e-03,6.492739936253098462e-03,2.214089901493986046e-02,3.457547974133973190e-02,3.792022455698527278e-02,1.079499993441676749e-02,4.594761211453455424e-02,5.874945893833864730e-02,6.776059497107779495e-02,1.636957462715932926e-02,9.241989008250370286e-02,4.308818321331601975e-02,6.861317698290901601e-02,5.110245412452944086e-02,9.383648788677710628e-02,2.629887590340901707e-02,4.001888797072364334e-02,2.677107517150014923e-02,1.232964755571295569e-02,2.633822584241661199e-02,3.899578955652618917e-02,5.646716247589816245e-02,4.438673120056663840e-02,1.098912630018756831e-01,1.027951573341727987e-01,3.485092931439289637e-02,6.821967759283306676e-02,2.210679573446661106e-01,9.830926428730701883e-02,1.357704062225370267e-01,8.110022429465234273e-02,3.067983577958787594e-02,8.416951953724471913e-02
4.055667047049410501e-02,6.849512716588622430e-02,4.171093534805021125e-02,2.789910675638452783e-02,1.158068704993507197e-01,1.224045436062907444e-01,1.574784559083933499e-01,3.087658547462584710e-02,1.703458859638767586e-01,9.720746599509437480e-02,1.190073322053017552e-01,9.013759362006322495e-02,0.000000000000000000e+00,5.842154277994202755e-02,5.507679796429648666e-02,5.086635449048387131e-02,3.005023675546636408e-02,7.555188289458150686e-02,7.774236283267094150e-02,1.237293248862130907e-01,7.618148191870302566e-02,2.311940083159537696e-01,2.011700048531591400e-01,6.955757551909128034e-02,1.944411652828604842e-01,4.005036792192971928e-01,1.925130182714883398e-01,3.192854051076221000e-01,2.153359828958931743e-01,4.492451370033710006e-02,1.709492516953265429e-01,6.542583192329384789e-02,2.952557090203176970e-02,6.235653668070147843e-02,3.802515772767219027e-02,6.917719277535119837e-02,2.182609950287910452e-02,1.796980548013484003e-02,7.556499954091737414e-02,4.062225370217342757e-02,5.651962906124162467e-02,3.971720510499875123e-02,5.010558900300371432e-02,1.690735712692978746e-02,1.449389420113065576e-02,5.119427064888049106e-02,7.936882697831817990e-02,8.717323154815777297e-02,2.435761224570101927e-02,1.027820406878369314e-01,1.348128910400188951e-01,1.549075932265638333e-01,3.721192565484857107e-02,2.119125382022324644e-01,9.728616587310956465e-02,1.569406734086228883e-01,1.147313054998098103e-01,2.135258857015438216e-01,5.937905796246015916e-02,9.218379044845813330e-02,6.146460472986266937e-02,2.834507273180393236e-02,6.049397290100867047e-02,9.042615983945224978e-02,1.291071498839176934e-01,1.005259775180681742e-01,2.531119243431839139e-01,2.352077020947284103e-01,7.951311008801269231e-02,1.583310379202245433e-01,5.082044622830834690e-01,2.284263959390862853e-01,3.080837891367935177e-01,1.858891118718765945e-01,7.000354149451068486e-02,1.896667060166056795e-01
1.142459895853828108e-02,1.938640328440824345e-02,1.179186505594249576e-02,7.869987801518906964e-03,3.304083212004355063e-02,3.440496333897349185e-02,4.478023059064258765e-02,8.617636642663203603e-03,4.866275790605857632e-02,2.817455632943768884e-02,3.431314681462243471e-02,2.591849315966893511e-02,5.842154277994202755e-02,0.000000000000000000e+00,1.516284316425976254e-02,1.454636078647411450e-02,8.630753288999069156e-03,2.111780060074240281e-02,2.232453206364196779e-02,3.559857815553719301e-02,2.110468395440653899e-02,6.560946497199596217e-02,5.679507863429478220e-02,1.947821980875929712e-02,5.539159747635724607e-02,1.122522593423313508e-01,5.470953186689227199e-02,9.083277587586405244e-02,6.132032162016815696e-02,1.299859651884206248e-02,4.840042497934127913e-02,1.825837169952386485e-02,8.302837130602447671e-03,1.773370584608927047e-02,1.076876664174503812e-02,1.985860255249937562e-02,6.230407009535802142e-03,5.246658534345938554e-03,2.097351749104789040e-02,1.130654914151549804e-02,1.612035834677789589e-02,1.117538267815684945e-02,1.474311048151208739e-02,4.840042497934128087e-03,4.171093534805021298e-03,1.406104487204711505e-02,2.303283096577866951e-02,2.458059523341072153e-02,6.873122679993179558e-03,2.968297065806214594e-02,3.823502406904602524e-02,4.411128162751347392e-02,1.028345072731803866e-02,6.011359015726858851e-02,2.821390626844528376e-02,4.472776400529912544e-02,3.228006663256338671e-02,6.036280643765001841e-02,1.735332310234919198e-02,2.544629389157780294e-02,1.758942273639475806e-02,8.092970789228609227e-03,1.722215663899054339e-02,2.559057700127231536e-02,3.719880900851270378e-02,2.761054053699549954e-02,7.223337137160770749e-02,6.560946497199596217e-02,2.241634858799302146e-02,4.502944687102401755e-02,1.416335471346686081e-01,6.471753302115715312e-02,8.752738099922612036e-02,5.268956833116908434e-02,1.995041907685042928e-02,5.383071656238933023e-02
1.130654914151549804e-02,1.827148834585973214e-02,1.128031584884376694e-02,7.319088655412584084e-03,3.058801925523682227e-02,3.305394876637941098e-02,4.171093534805021125e-02,8.512703471976284381e-03,4.601319534621387680e-02,2.595784309867653003e-02,3.168981754744946977e-02,2.459371187974658535e-02,5.507679796429648666e-02,1.516284316425976254e-02,0.000000000000000000e+00,1.349702907960492575e-02,8.014270911213421111e-03,2.040950169860570110e-02,2.113091724707826663e-02,3.330316504676084088e-02,2.139325017379556382e-02,6.238276997337320606e-02,5.518173113498340415e-02,1.907160377234748752e-02,5.158777003895644031e-02,1.090911475753879312e-01,5.120738729521635835e-02,8.576975039022022296e-02,5.759519406078254106e-02,1.167381523891971272e-02,4.600007869987801645e-02,1.743202298036438183e-02,8.053620850221016036e-03,1.713034011463948972e-02,1.032280066632563359e-02,1.786487230944791907e-02,5.692624509765343080e-03,4.918742375949317069e-03,2.033080182059051125e-02,1.087369981243195734e-02,1.556945920067157214e-02,1.101798292212647148e-02,1.301171316517792803e-02,4.538359632209236841e-03,3.869410669080129619e-03,1.437584438410787098e-02,2.096040084471202311e-02,2.362308005089258645e-02,6.623906399611747056e-03,2.736132425661406964e-02,3.641181022836081221e-02,4.096328650690591461e-02,1.049331706869187711e-02,5.708364485368380703e-02,2.566927687928750521e-02,4.256351735988142537e-02,3.166358425477773519e-02,5.718857802437073146e-02,1.550387596899224785e-02,2.629887590340901707e-02,1.644827450517451564e-02,7.437138472435367992e-03,1.627775810280827559e-02,2.444942877005207293e-02,3.436561339996589692e-02,2.842377260981912221e-02,6.791799472710817465e-02,6.572751478901874000e-02,2.186544944188669945e-02,4.196015162843164115e-02,1.407547318301656525e-01,6.168758771757237164e-02,8.178228990411731680e-02,5.005312241766025211e-02,1.841577145555424455e-02,5.119427064888049106e-02
1.016540091029525562e-02,1.699917365128084112e-02,1.048020042235601156e-02,6.978055850680097913e-03,2.856805571951363462e-02,3.048308608454990132e-02,3.899578955652618917e-02,7.528954996786421661e-03,4.253728406720969774e-02,2.420021248967063957e-02,2.963050407271868719e-02,2.223271553929091413e-02,5.086635449048387131e-02,1.454636078647411450e-02,1.349702907960492575e-02,0.000000000000000000e+00,7.450255118771232678e-03,1.852070462624116204e-02,1.955691968677448697e-02,3.113891840134314429e-02,1.856005456524875696e-02,5.749026089009562357e-02,5.011870564933957467e-02,1.707787352929603097e-02,4.837419168666955149e-02,9.912249636013063803e-02,4.805939217460879903e-02,7.964427655137135131e-02,5.363396686735135560e-02,1.121473261716444264e-02,4.232741772583585582e-02,1.600230852975511112e-02,7.319088655412584084e-03,1.542517609097705973e-02,9.352168837471634688e-03,1.739267304135678691e-02,5.404058290376316520e-03,4.472776400529912544e-03,1.835018822387491852e-02,1.002111780060074321e-02,1.407416151838298060e-02,9.889951337242094617e-03,1.257886383609438732e-02,4.223560120148480042e-03,3.633311035034562236e-03,1.263133042143784607e-02,1.991106913784283783e-02,2.177363291753564578e-02,6.099240546177153548e-03,2.548564383058539440e-02,3.386718083920303018e-02,3.826125736171775288e-02,9.011136032739149385e-03,5.284696808719946404e-02,2.402969608730439952e-02,3.883838980049580947e-02,2.793845669539212276e-02,5.296501790422224881e-02,1.503167670090111395e-02,2.274426474638964468e-02,1.539894279830532862e-02,6.925589265336638302e-03,1.496609346922178965e-02,2.241634858799302146e-02,3.245058303492962676e-02,2.433137895302928816e-02,6.334028515589133768e-02,5.821167643856818563e-02,1.967496950379726828e-02,3.932370571492280892e-02,1.254082556172037843e-01,5.697871168299688954e-02,7.626018179671821551e-02,4.652474455331261083e-02,1.735332310234919198e-02,4.690512729705269279e-02
5.981190729154369640e-03,1.004735109327247258e-02,6.020540668161964565e-03,4.039927071446372704e-03,1.706475688296016369e-02,1.755007279738716314e-02,2.315088078280145428e-02,4.538359632209236841e-03,2.482981151379215490e-02,1.416597804273403427e-02,1.764188932173821681e-02,1.318222956754416982e-02,3.005023675546636408e-02,8.630753288999069156e-03,8.014270911213421111e-03,7.450255118771232678e-03,0.000000000000000000e+00,1.096551633678301101e-02,1.122784926350030819e-02,1.806162200448589369e-02,1.122784926350030819e-02,3.374913102218025235e-02,2.945998767035244367e-02,1.019163420296698500e-02,2.854182242684190352e-02,5.864452576765172981e-02,2.783352352470520180e-02,4.693136058972442043e-02,3.121761827935833414e-02,6.584556460604152998e-03,2.492162803814320857e-02,9.391518776479229613e-03,4.302259998163669892e-03,8.984902740067420013e-03,5.430291583048045892e-03,1.019163420296698500e-02,3.187345059615157711e-03,2.597095974501239472e-03,1.104421621479820086e-02,5.889374204803315971e-03,8.342187069610042596e-03,5.797557680452262302e-03,7.410905179763637753e-03,2.518396096486050489e-03,2.072430121066645529e-03,7.489605057778826736e-03,1.160823200724038842e-02,1.255263054342265795e-02,3.567727803355237939e-03,1.528089298128254558e-02,1.930770340639305360e-02,2.282296462440483106e-02,5.456524875719776131e-03,3.066671913325200866e-02,1.457259407914584387e-02,2.287543120974829328e-02,1.694670706593738238e-02,3.125696821836592559e-02,8.866852923044635237e-03,1.345767914059733256e-02,8.906202862052230163e-03,4.197326827476750670e-03,8.906202862052230163e-03,1.303794645784965740e-02,1.883550413830191797e-02,1.479557706685554613e-02,3.677907632576502689e-02,3.430003016828657436e-02,1.158199871456865905e-02,2.313776413646558699e-02,7.435826807801780569e-02,3.315888193706632847e-02,4.535736302942063730e-02,2.719080785424782612e-02,1.033591731266149914e-02,2.772859035401828431e-02
1.511037657891630206e-02,2.511837773318117972e-02,1.538582615196946481e-02,1.013916761762352625e-02,4.193391833575991351e-02,4.499009693201642263e-02,5.756896076811080648e-02,1.135901572685895679e-02,6.292055247314366773e-02,3.549364498485027553e-02,4.333739949369744965e-02,3.279161583966211380e-02,7.555188289458150686e-02,2.111780060074240281e-02,2.040950169860570110e-02,1.852070462624116204e-02,1.096551633678301101e-02,0.000000000000000000e+00,2.842377260981912221e-02,4.554099607812274464e-02,2.810897309775836628e-02,8.527131782945736316e-02,7.406970185862878087e-02,2.560369364760817917e-02,7.084300686000603864e-02,1.474311048151208670e-01,7.089547344534949391e-02,1.175120345230131619e-01,7.919831057595194679e-02,1.631710804181586705e-02,6.265821954642636360e-02,2.379359645325882996e-02,1.088681645876782289e-02,2.275738139272550850e-02,1.374624535998635912e-02,2.510526108684531590e-02,7.935571033198231261e-03,6.597673106940017684e-03,2.762365718333136683e-02,1.483492700586314106e-02,2.064560133265126718e-02,1.453324414013824895e-02,1.835018822387491852e-02,6.309106887550991125e-03,5.312241766025262851e-03,1.901913718700402531e-02,2.894843846325371658e-02,3.188656724248743746e-02,8.998019386403283831e-03,3.732997547187134890e-02,4.968585632025603743e-02,5.628352942719605512e-02,1.382494523800154723e-02,7.778171277167854336e-02,3.546741169217854095e-02,5.756896076811080648e-02,4.228806778682826090e-02,7.825391203976966858e-02,2.174739962486391467e-02,3.415574705859206195e-02,2.249504846600821131e-02,1.025721743464630929e-02,2.220648224661918302e-02,3.313264864439460083e-02,4.720681016277757797e-02,3.712010913049751393e-02,9.273468959456446226e-02,8.684531538976114629e-02,2.925012132897860523e-02,5.790999357284329352e-02,1.879877752856149720e-01,8.427445270793162968e-02,1.121604428179802937e-01,6.820656094649719947e-02,2.549876047692126169e-02,6.932147588504571079e-02
1.539894279830532862e-02,2.616770944005036847e-02,1.593672529807578855e-02,1.075564999540917430e-02,4.335051614003331694e-02,4.685266071170923058e-02,5.906425845039939976e-02,1.150329883655346920e-02,6.454701661879090613e-02,3.673972638675743196e-02,4.533112973674890966e-02,3.409016382691273245e-02,7.774236283267094150e-02,2.232453206364196779e-02,2.113091724707826663e-02,1.955691968677448697e-02,1.122784926350030819e-02,2.842377260981912221e-02,0.000000000000000000e+00,4.798069229659360918e-02,2.846312254882671713e-02,8.886527892548433394e-02,7.694224740618318958e-02,2.606277626936344752e-02,7.379425228557562333e-02,1.515890817035900340e-01,7.397788533427773761e-02,1.219585776308713398e-01,8.267422185495612585e-02,1.741890633402851454e-02,6.538648198428625991e-02,2.401657944096853223e-02,1.110979944647752515e-02,2.413462925799131700e-02,1.448077755479479020e-02,2.654809218379044697e-02,8.184787313579664630e-03,6.846889387321449319e-03,2.746625742730098713e-02,1.529400962761841114e-02,2.191791602723015819e-02,1.524154304227495066e-02,1.907160377234748752e-02,6.322223533886855810e-03,5.548341400070829800e-03,1.937328663807237616e-02,3.033880297485538891e-02,3.380159760752370762e-02,9.286585605792310391e-03,3.875968992248061962e-02,5.205996930704757247e-02,5.819855979223232528e-02,1.377247865265808849e-02,8.127074069701858972e-02,3.642492687469667950e-02,5.957580765749813378e-02,4.226183449415653326e-02,8.065425831923293820e-02,2.271803145371791358e-02,3.548052833851440824e-02,2.362308005089258645e-02,1.048020042235601156e-02,2.299348102677107458e-02,3.448366321698868170e-02,5.035480528338514422e-02,3.714634242316924156e-02,9.748291556814753234e-02,9.049174307113157234e-02,2.991907029210771549e-02,6.053332284001626540e-02,1.917260194913364413e-01,8.792088038930206961e-02,1.173415181206469149e-01,7.177428874985243568e-02,2.665302535447736793e-02,7.237765448130221990e-02
2.441007883104447801e-02,4.190768504308818587e-02,2.548564383058539440e-02,1.695982371227324620e-02,6.873122679993179385e-02,7.414840173664397072e-02,9.399388764280748598e-02,1.846823804089770329e-02,1.034116397119584502e-01,5.867075906032345745e-02,7.228583795695116276e-02,5.367331680635895053e-02,1.237293248862130907e-01,3.559857815553719301e-02,3.330316504676084088e-02,3.113891840134314429e-02,1.806162200448589369e-02,4.554099607812274464e-02,4.798069229659360918e-02,0.000000000000000000e+00,4.509503010270334011e-02,1.416860137200120773e-01,1.215388449481236699e-01,4.119938614095148416e-02,1.180367003764477563e-01,2.406642269704482029e-01,1.182465667178215912e-01,1.937590996733954962e-01,1.318616456144492965e-01,2.768924041501068939e-02,1.033854064192867156e-01,3.794645784965700042e-02,1.756318944372303043e-02,3.772347486194729815e-02,2.288854785608415709e-02,4.231430107949999547e-02,1.298547987250619692e-02,1.096551633678301101e-02,4.336363278636918422e-02,2.433137895302928816e-02,3.418198035126378959e-02,2.392476291661747856e-02,3.064048584058028102e-02,1.008670103228006577e-02,8.775036398693581569e-03,3.100775193798449569e-02,4.846600821102060863e-02,5.341098387964165334e-02,1.465129395716103372e-02,6.172693765657996656e-02,8.258240533060506872e-02,9.269533965555686039e-02,2.203596584425294297e-02,1.287398837865134649e-01,5.787064363383569859e-02,9.504321934967667473e-02,6.764254515405501711e-02,1.285169007988037626e-01,3.641181022836081221e-02,5.590314668345597315e-02,3.753984181324519082e-02,1.680242395624286650e-02,3.645116016736840714e-02,5.512926454963994888e-02,7.974920972205826186e-02,5.923477485276564675e-02,1.552879759703039153e-01,1.429058618292474991e-01,4.746914308949487515e-02,9.573840160547751610e-02,3.049226773698500703e-01,1.404923989034483622e-01,1.859415784572200636e-01,1.138393735489710012e-01,4.222248455514893833e-02,1.144558559267566528e-01
1.558257584700743770e-02,2.500032791615839495e-02,1.537270950563359925e-02,1.006046773960833640e-02,4.283896693293458985e-02,4.547541284644342208e-02,5.825102637757578056e-02,1.168693188525557827e-02,6.345833497291412939e-02,3.612324400897178739e-02,4.352103254239955699e-02,3.411639711958446702e-02,7.618148191870302566e-02,2.110468395440653899e-02,2.139325017379556382e-02,1.856005456524875696e-02,1.122784926350030819e-02,2.810897309775836628e-02,2.846312254882671713e-02,4.509503010270334011e-02,0.000000000000000000e+00,8.502210154907592632e-02,7.547318301656633088e-02,2.637757578142420692e-02,7.135455606710476573e-02,1.500806673749655595e-01,7.018717454321278526e-02,1.176300843400359397e-01,7.843754508847178286e-02,1.598919188341924730e-02,6.314353546085336999e-02,2.441007883104447801e-02,1.112291609281338897e-02,2.338698041684702036e-02,1.427091121342095176e-02,2.492162803814320857e-02,7.961804325869962368e-03,6.768189509306260336e-03,2.845000590249084985e-02,1.493986017655006028e-02,2.105221736906307678e-02,1.496609346922178965e-02,1.806162200448589369e-02,6.348456826558585182e-03,5.364708351368722462e-03,1.966185285746140446e-02,2.884350529256679563e-02,3.207020029118955173e-02,9.116069203426068607e-03,3.802515772767219027e-02,4.981702278361468256e-02,5.699182832933275683e-02,1.441519432311546590e-02,7.862117813717388326e-02,3.580844449691102799e-02,5.827725967024750819e-02,4.407193168850588594e-02,7.946064350266923704e-02,2.139325017379556382e-02,3.565104474088064829e-02,2.256063169768753388e-02,1.044085048334841663e-02,2.246881517333648021e-02,3.323758181508151832e-02,4.701006046773961028e-02,3.896955626385445459e-02,9.329870538700664462e-02,8.889151221815606851e-02,3.020763651149674031e-02,5.752961082910321156e-02,1.927622345518697766e-01,8.401211978121433943e-02,1.130917247078267046e-01,6.836396070252757917e-02,2.557746035493645154e-02,7.034457429924316496e-02
