0.000000000000000000e+00,1.944163620810327245e-02,1.581771521891282492e-02,8.492106695699509419e-03,2.686056458511548381e-02,3.648806283536822764e-02,4.096741581771522200e-02,7.170075433548487621e-03,4.707986624154288785e-02,2.412318220701454088e-02,3.037561241154055486e-02,1.726417295279570815e-02,5.641185162143246001e-02,1.580216190994634257e-02,1.150944863519713819e-02,9.891904502682945591e-03,9.114239054358813999e-03,2.065479430748891690e-02,1.748191927832646458e-02,4.330041216268760984e-02,1.524224278715296740e-02,5.669181118282914933e-02,5.011276149000699898e-02,1.763745236799129160e-02,4.389143790341395318e-02,9.629053581149389640e-02,5.764056302978458335e-02,8.016175441325142093e-02,5.860486818570651013e-02,1.547554242165020619e-02,4.000311066179329522e-02,1.645540088653861185e-02,8.694299712263783494e-03,1.650206081343805892e-02,1.088731627653783361e-02,1.810405163698576916e-02,7.854421028073722486e-03,6.905669181118283262e-03,1.528890271405241447e-02,1.101174274826969418e-02,1.542888249475075739e-02,1.099618943930321183e-02,1.267594680768333384e-02,4.852632397542576935e-03,3.126215102263006553e-03,1.085620965860486890e-02,1.895948363014231253e-02,2.099696710475153563e-02,7.698887938408896341e-03,2.500972081810405243e-02,3.659693599813360065e-02,4.064079632941908216e-02,8.009954117738549498e-03,5.238354459911346434e-02,2.661171164165176267e-02,4.630220079321875626e-02,2.812038261140057532e-02,5.995800606579049924e-02,1.945718951706975827e-02,1.308033284081188199e-02,1.331363247530912251e-02,9.627498250252742099e-03,2.079477408818726156e-02,2.149467299167898138e-02,3.510381833735127383e-02,1.846177774321487025e-02,5.239909790807994322e-02,5.507426705031495673e-02,1.815071156388521623e-02,4.784197838090053362e-02,1.162298779065246146e-01,5.916478730849988182e-02,7.501360914534567492e-02,5.491873396065012625e-02,1.275371335251574735e-02,3.872773932654172135e-02
1.944163620810327245e-02,0.000000000000000000e+00,2.754491017964071781e-02,1.490006998989034867e-02,4.781087176296756891e-02,6.465510537366825350e-02,7.246286647484252719e-02,1.269150011664981793e-02,8.366124893071000268e-02,4.334707208958706037e-02,5.353448946263317243e-02,3.023563263084221020e-02,9.988335018275137922e-02,2.807372268450112826e-02,2.006376856676257703e-02,1.757523913212535871e-02,1.614433470720895783e-02,3.641029629053581240e-02,3.081110506260206772e-02,7.672447313165875471e-02,2.678279804028306857e-02,1.010342950462710943e-01,8.852943463721907325e-02,3.071778520880317359e-02,7.827980402830701789e-02,1.693599813360292528e-01,1.036472509526401714e-01,1.424060968971148644e-01,1.043315965471654089e-01,2.788708297690333654e-02,7.092308888716074289e-02,2.911579438525546334e-02,1.519558286025351861e-02,2.892915467765767162e-02,1.923944319153899837e-02,3.182207014542343809e-02,1.370246519947118831e-02,1.220934753868885628e-02,2.673613811338362151e-02,1.902169686600824194e-02,2.634730538922155571e-02,1.891282370324286546e-02,2.331441014075744458e-02,8.600979858464887634e-03,5.474764756201882382e-03,1.874173730461155610e-02,3.437281281592658583e-02,3.672136246986546643e-02,1.326697254840967372e-02,4.435803717240843075e-02,6.467065868263473238e-02,7.190294735204914855e-02,1.416906446846566588e-02,9.366202659615832649e-02,4.712652616844233838e-02,8.100163309744147500e-02,4.905513648028617807e-02,1.060891204603779392e-01,3.510381833735127383e-02,2.278559763589703760e-02,2.346994323042227160e-02,1.696866008243253648e-02,3.633252974570339716e-02,3.841667314721206733e-02,6.249319542732716115e-02,3.214868963371957100e-02,9.493739793140991423e-02,9.829691266817015827e-02,3.171319698265805814e-02,8.510770666459288591e-02,2.060191305700287689e-01,1.052803483941208429e-01,1.329341317365269337e-01,9.792363325297456789e-02,2.322109028695855046e-02,6.795240687456256812e-02
1.581771521891282492e-02,2.754491017964071781e-02,0.000000000000000000e+00,1.186717474142623928e-02,3.765456100785442156e-02,5.085932032039816586e-02,5.697177074422583171e-02,1.001633097441480616e-02,6.639707597791430493e-02,3.379734038416672831e-02,4.213391399020141592e-02,2.343883661248930689e-02,7.840423050003887673e-02,2.194571895170697659e-02,1.563107551131503320e-02,1.384244498016953123e-02,1.269150011664981793e-02,2.872696166109339755e-02,2.462088809394198663e-02,6.087565129481296855e-02,2.070145423438836743e-02,7.949296212769266234e-02,6.980325064157399950e-02,2.420094875184695613e-02,6.142001710863986136e-02,1.335407107862197629e-01,8.139046582160354426e-02,1.120926977214402320e-01,8.274360370168754031e-02,2.169686600824325545e-02,5.572750602690722255e-02,2.301889727039427638e-02,1.200715452212458220e-02,2.295668403452834697e-02,1.514892293335407154e-02,2.524302045260129121e-02,1.105840267516914298e-02,9.596391632319775655e-03,2.116805350338284500e-02,1.505560307955517568e-02,2.137024651994711907e-02,1.525779609611944976e-02,1.841511781631541972e-02,6.796796018352904180e-03,4.401586437514580855e-03,1.532000933198537918e-02,2.672058480441713915e-02,2.945796718251808208e-02,1.062291002410762839e-02,3.529045804494906208e-02,5.157477253285636803e-02,5.698732405319231753e-02,1.094952951240376476e-02,7.445369002255229629e-02,3.731238821059180283e-02,6.404852632397542433e-02,3.841667314721206733e-02,8.401897503693911418e-02,2.780931643207092477e-02,1.818181818181818094e-02,1.849288436114783496e-02,1.346916556497394779e-02,2.906913445835601628e-02,3.022007932187572785e-02,4.916400964305155802e-02,2.536744692433315351e-02,7.431371024185395857e-02,7.737771210825103441e-02,2.522746714363480885e-02,6.745470098763511890e-02,1.638541099618943953e-01,8.280581693755346973e-02,1.047048759623609854e-01,7.742437203515048494e-02,1.790185862042149509e-02,5.325452990123649005e-02
8.492106695699509419e-03,1.490006998989034867e-02,1.186717474142623928e-02,0.000000000000000000e+00,2.112139357648339794e-02,2.748269694377478839e-02,3.174430360059102285e-02,5.661404463799673235e-03,3.599035694844077843e-02,1.900614355704175959e-02,2.353215646628820448e-02,1.322031262151022665e-02,4.312932576405630047e-02,1.230266739248775214e-02,8.554319931565440571e-03,7.667781320475931632e-03,7.045648961816626185e-03,1.572439536511392733e-02,1.331363247530912251e-02,3.281748191927832958e-02,1.161832179796251641e-02,4.272493973092775232e-02,3.813671358581538495e-02,1.336029240220856958e-02,3.362625398553542588e-02,7.271171941830624486e-02,4.448246364414028958e-02,6.142001710863986136e-02,4.437359048137490963e-02,1.178940819659382577e-02,3.043782564740648428e-02,1.297145967804650378e-02,6.781242709386421826e-03,1.258262695388443972e-02,8.445446768800062357e-03,1.393576483396842709e-02,6.034683878995255810e-03,5.381444902402986522e-03,1.183606812349327284e-02,8.414340150867097648e-03,1.163387510692899876e-02,8.336573606034684142e-03,1.015631075511315082e-02,3.872773932654172135e-03,2.332996344972393041e-03,8.134380589470410067e-03,1.462011042849366282e-02,1.561552220234854911e-02,6.003577261062291101e-03,1.944163620810327245e-02,2.770044326930554482e-02,3.126215102263006640e-02,6.019130570028773455e-03,4.009643051559218935e-02,2.099696710475153563e-02,3.553931098841278668e-02,2.135469321098063672e-02,4.608445446768800330e-02,1.518002955128703625e-02,9.767478030951085022e-03,1.020297068201259788e-02,7.605568084610000480e-03,1.583326852787930727e-02,1.625320786997433778e-02,2.642507193405397095e-02,1.404463799673380531e-02,3.987868419006143639e-02,4.146512170464266428e-02,1.365580527257173951e-02,3.725017497472587341e-02,8.824947507582238393e-02,4.431137724550898022e-02,5.771832957461699859e-02,4.143401508670969957e-02,9.798584648884049730e-03,2.934909401975270213e-02
2.686056458511548381e-02,4.781087176296756891e-02,3.765456100785442156e-02,2.112139357648339794e-02,0.000000000000000000e+00,8.734738315576638656e-02,1.017964071856287400e-01,1.816626487285169858e-02,1.152033595147367584e-01,6.126448401897503782e-02,7.502916245431215381e-02,4.214946729916789481e-02,1.382844700209969746e-01,3.880550587137413659e-02,2.723384400031106725e-02,2.474531456567384546e-02,2.253674469243331646e-02,4.995722840034217543e-02,4.269383311299478762e-02,1.050003888327241675e-01,3.726572828369235230e-02,1.375845711175052444e-01,1.213780231744303606e-01,4.241387355159810524e-02,1.080799440080877222e-01,2.322264561785519765e-01,1.420950307177852034e-01,1.968737848977369920e-01,1.423749902791819066e-01,3.823003343961427908e-02,9.680379500738782450e-02,4.204059413640252180e-02,2.144801306477953085e-02,3.995645073489385163e-02,2.712497083754568730e-02,4.496461622210125297e-02,1.962827591570106417e-02,1.706197993623143408e-02,3.838556652927910262e-02,2.673613811338362151e-02,3.692355548642974050e-02,2.637841200715452042e-02,3.222645617855198624e-02,1.236488062835368155e-02,7.450034994945174335e-03,2.575627964849521584e-02,4.670658682634730441e-02,5.009720818104051315e-02,1.891282370324286546e-02,6.260206859009254110e-02,8.876273427171631203e-02,1.011431682090364742e-01,1.941052959017030774e-02,1.291546776576716626e-01,6.778132047593125875e-02,1.142079477408818738e-01,6.854343261528890452e-02,1.480052881250485952e-01,4.844855743059335584e-02,3.105995800606578885e-02,3.264639552064702022e-02,2.420094875184695613e-02,5.050159421416906130e-02,5.233688467221401380e-02,8.414340150867097301e-02,4.519791585659849176e-02,1.274593669803250617e-01,1.321564662882028229e-01,4.344039194338595450e-02,1.186406407963294246e-01,2.831013298079166352e-01,1.419706042460533446e-01,1.848821836845788991e-01,1.327474920289291593e-01,3.160432381989268513e-02,9.349094019752701712e-02
3.648806283536822764e-02,6.465510537366825350e-02,5.085932032039816586e-02,2.748269694377478839e-02,8.734738315576638656e-02,0.000000000000000000e+00,1.325608523213313572e-01,2.331441014075744458e-02,1.537133525157477199e-01,7.915078933043004361e-02,9.837467921300256657e-02,5.616299867796873541e-02,1.833112994789641570e-01,5.246131114394587264e-02,3.706353526712807822e-02,3.252196904891515444e-02,2.948907380045104679e-02,6.750136091453456944e-02,5.718951706975659161e-02,1.416439847577572186e-01,4.902402986235321336e-02,1.869663270860875692e-01,1.636985768722295786e-01,5.709619721595769748e-02,1.441947274282603664e-01,3.130414495683956910e-01,1.913990201415351200e-01,2.626798351349249327e-01,1.930165642740493126e-01,5.145034606112450226e-02,1.310677346605490234e-01,5.393887549576172058e-02,2.821370246519947292e-02,5.342561629986779942e-02,3.511937164631775271e-02,5.942919356093008532e-02,2.558519324986390994e-02,2.239676491173497180e-02,4.949062913134769093e-02,3.516603157321720324e-02,4.910179640718562860e-02,3.497939186561940805e-02,4.328485885372113096e-02,1.580216190994634257e-02,1.006299090131425496e-02,3.510381833735127383e-02,6.300645462322108925e-02,6.799906680146200477e-02,2.455867485807605721e-02,8.167042538300023358e-02,1.201337584571117445e-01,1.329496850454934265e-01,2.603623920989190516e-02,1.724550898203592864e-01,8.562096586048681401e-02,1.492339995334007186e-01,9.014697876973326585e-02,1.951473676024574333e-01,6.533945096819347709e-02,4.222723384400031005e-02,4.312932576405630047e-02,3.105995800606578885e-02,6.734582782486973895e-02,7.106306866785908061e-02,1.154211058402675183e-01,5.907146745470098770e-02,1.744925732949685060e-01,1.816626487285169789e-01,5.893148767400264304e-02,1.570728672525079639e-01,3.789874795862819834e-01,1.946185550975970124e-01,2.445446768800062232e-01,1.811960494595225013e-01,4.267827980402830873e-02,1.251419239443191667e-01
4.096741581771522200e-02,7.246286647484252719e-02,5.697177074422583171e-02,3.174430360059102285e-02,1.017964071856287400e-01,1.325608523213313572e-01,0.000000000000000000e+00,2.740493039894237662e-02,1.742437203515047883e-01,9.159343650361614908e-02,1.131658760401275388e-01,6.359748036394742565e-02,2.093475386888560552e-01,5.916478730849988182e-02,4.110739559841355972e-02,3.732794151955828865e-02,3.393732016486507297e-02,7.558908157710553244e-02,6.378412007154522778e-02,1.585659849132902977e-01,5.650517147523135414e-02,2.084610000777665506e-01,1.834668325686289736e-01,6.448401897503694413e-02,1.632941908391010166e-01,3.522046815459989322e-01,2.146356637374601528e-01,2.980013997978069873e-01,2.152266894781864892e-01,5.762500972081810446e-02,1.465588303911657120e-01,6.314643440391942697e-02,3.263084221168053439e-02,6.012909246442180861e-02,4.087409596391632094e-02,6.792130025662959647e-02,2.950462710941752914e-02,2.574072633952873349e-02,5.804494906291313150e-02,4.062524302045260327e-02,5.568084610000777895e-02,3.998755735282681634e-02,4.819970448712963818e-02,1.864841745081266197e-02,1.129170230966638176e-02,3.911657205070379062e-02,7.072089587059647575e-02,7.590014775643517952e-02,2.880472820592580932e-02,9.422194571895170512e-02,1.344116960883428025e-01,1.530756668481219329e-01,2.942686056458511390e-02,1.951784742203903911e-01,1.011898281359359247e-01,1.722373434948285265e-01,1.035850377167742420e-01,2.242165020608134496e-01,7.311610545143479301e-02,4.690877984291157848e-02,4.925732949685045214e-02,3.637918967260284769e-02,7.655338673302744534e-02,7.913523602146356473e-02,1.270394276382300347e-01,6.818570650905980690e-02,1.925810716229877928e-01,2.001866397075977855e-01,6.613266972548409450e-02,1.793452056925110838e-01,4.280892759934676328e-01,2.153666692588848408e-01,2.794307488918267302e-01,2.006687922855587558e-01,4.779531845400109002e-02,1.419550509370868518e-01
7.170075433548487621e-03,1.269150011664981793e-02,1.001633097441480616e-02,5.661404463799673235e-03,1.816626487285169858e-02,2.331441014075744458e-02,2.740493039894237662e-02,0.000000000000000000e+00,3.110661793296523939e-02,1.643984757757212950e-02,1.998600202193016526e-02,1.121393576483396826e-02,3.707908857609456404e-02,1.029629053581149374e-02,7.278948596313865836e-03,6.687922855587525965e-03,5.941364025196360817e-03,1.329807916634264016e-02,1.135391554553231118e-02,2.805816937553464591e-02,1.006299090131425496e-02,3.700132203126214880e-02,3.225756279648495095e-02,1.146278870829769113e-02,2.908468776732249864e-02,6.202659615833268358e-02,3.818337351271482855e-02,5.272571739637607613e-02,3.784120071545220981e-02,1.020297068201259788e-02,2.570961972159576878e-02,1.098063613033672947e-02,5.801384244498017026e-03,1.049848355237576782e-02,7.232288669414417906e-03,1.186717474142623928e-02,5.241465121704642731e-03,4.588226145112372575e-03,1.018741737304611553e-02,7.123415506649039691e-03,9.627498250252742099e-03,7.092308888716074115e-03,8.492106695699509419e-03,3.312854809860797840e-03,1.975270238743292821e-03,6.656816237654561257e-03,1.242709386421961271e-02,1.334473909324208722e-02,5.179251885838712446e-03,1.673536044793529770e-02,2.381211602768489033e-02,2.703165098374679318e-02,5.210358503771677155e-03,3.468387899525623985e-02,1.790185862042149509e-02,3.036005910257407250e-02,1.830624465355004324e-02,3.970759779143012702e-02,1.294035306011353907e-02,8.227700443269305927e-03,8.772066257096197001e-03,6.423516603157321606e-03,1.346916556497394779e-02,1.399797806983435651e-02,2.244342483863441887e-02,1.202270783109106456e-02,3.398398009176452350e-02,3.502605179251885859e-02,1.166498172486196520e-02,3.172875029162454397e-02,7.499805583637919604e-02,3.793452056925111088e-02,4.947507582238121204e-02,3.536822458978147732e-02,8.538766622598958217e-03,2.493195427327163718e-02
4.707986624154288785e-02,8.366124893071000268e-02,6.639707597791430493e-02,3.599035694844077843e-02,1.152033595147367584e-01,1.537133525157477199e-01,1.742437203515047883e-01,3.110661793296523939e-02,0.000000000000000000e+00,1.041138502216346490e-01,1.280659460300178909e-01,7.202737382378100739e-02,2.385566529279104231e-01,6.734582782486973895e-02,4.731316587604012663e-02,4.261606656816237931e-02,3.841667314721206733e-02,8.736293646473286545e-02,7.437592347771988799e-02,1.840267516914223522e-01,6.337973403841667963e-02,2.413562485418772885e-01,2.116027684889960347e-01,7.330274515903258126e-02,1.876351193716463139e-01,4.037172408429893222e-01,2.483707908857609448e-01,3.408974259273660490e-01,2.501905280348394323e-01,6.633486274204837552e-02,1.688156155222023391e-01,7.070534256162998299e-02,3.653472276226767124e-02,6.907224512014931150e-02,4.619332763045337631e-02,7.722217901858620392e-02,3.351738082277004593e-02,2.930243409285325507e-02,6.473287191850066180e-02,4.586670814215724340e-02,6.361303367291391841e-02,4.555564196282758938e-02,5.630297845866708006e-02,2.088809394198615915e-02,1.308033284081188199e-02,4.512014931176607652e-02,8.103273971537444664e-02,8.832724162065479223e-02,3.225756279648495095e-02,1.072711719418306259e-01,1.554864297379267568e-01,1.736838012287114097e-01,3.348627420483708123e-02,2.258029395753946567e-01,1.140057547243175928e-01,1.944941286258651536e-01,1.167586904113850216e-01,2.553697799206781083e-01,8.447002099696709898e-02,5.431215491095730402e-02,5.630297845866708006e-02,4.123182207014542550e-02,8.787619566062679355e-02,9.156232988568317743e-02,1.482541410685123129e-01,7.672447313165875471e-02,2.246053347849754911e-01,2.334707208958705926e-01,7.574461466677034904e-02,2.045882261451123785e-01,4.921533556264094944e-01,2.496306089120460259e-01,3.186873007232288724e-01,2.333462944241387338e-01,5.476320087098530270e-02,1.611322808927599382e-01
2.412318220701454088e-02,4.334707208958706037e-02,3.379734038416672831e-02,1.900614355704175959e-02,6.126448401897503782e-02,7.915078933043004361e-02,9.159343650361614908e-02,1.643984757757212950e-02,1.041138502216346490e-01,0.000000000000000000e+00,6.790574694766311759e-02,3.788786064235166035e-02,1.242709386421961271e-01,3.538377789874795620e-02,2.477642118360681364e-02,2.224123182207014479e-02,2.001710863986312997e-02,4.526012909246442117e-02,3.855665292791041199e-02,9.501516447624232253e-02,3.375068045726728472e-02,1.249552842367213645e-01,1.100552142468310124e-01,3.812116027684889913e-02,9.781476009020918794e-02,2.091297923633252953e-01,1.292168908935376059e-01,1.772921689089353714e-01,1.285792052259118190e-01,3.494828524768644334e-02,8.770510926199548418e-02,3.661248930710008648e-02,1.913057002877362189e-02,3.569484407807761023e-02,2.402986235321564676e-02,4.057858309355315274e-02,1.745081266039349988e-02,1.544443580371724148e-02,3.393732016486507297e-02,2.398320242631619970e-02,3.281748191927832958e-02,2.365658293802006332e-02,2.933354071078621977e-02,1.104284936620265889e-02,6.703476164554009187e-03,2.301889727039427638e-02,4.255385333229644296e-02,4.504238276693366821e-02,1.690644684656660707e-02,5.642740493039894584e-02,7.930632242009487409e-02,9.061357803872774341e-02,1.749747258729294694e-02,1.159188117271949675e-01,6.022241231822070273e-02,1.016564274049304023e-01,6.180884983280193062e-02,1.327163854109962016e-01,4.406252430204526255e-02,2.784042305000388948e-02,2.930243409285325507e-02,2.160354615444435786e-02,4.529123571039738588e-02,4.703320631464343732e-02,7.656894004199393811e-02,4.034528345905591395e-02,1.161832179796251641e-01,1.196204992612178303e-01,3.920989190450268475e-02,1.069601057625009788e-01,2.546232210902869553e-01,1.282214791196827075e-01,1.667625787386266545e-01,1.202892915467765750e-01,2.888249475075822456e-02,8.403452834590559306e-02
3.037561241154055486e-02,5.353448946263317243e-02,4.213391399020141592e-02,2.353215646628820448e-02,7.502916245431215381e-02,9.837467921300256657e-02,1.131658760401275388e-01,1.998600202193016526e-02,1.280659460300178909e-01,6.790574694766311759e-02,0.000000000000000000e+00,4.725095264017419722e-02,1.539777587681779303e-01,4.412473753791119196e-02,3.064001866397075835e-02,2.734271716307644373e-02,2.504082743603701713e-02,5.583637918967260250e-02,4.757757212847033013e-02,1.167431371024185427e-01,4.154288824947507258e-02,1.539777587681779303e-01,1.364802861808849799e-01,4.760867874640329483e-02,1.204292713274749266e-01,2.599891126837234889e-01,1.588303911657205081e-01,2.201259818026285175e-01,1.590014775643518175e-01,4.278715296679368868e-02,1.084532234232832987e-01,4.588226145112372922e-02,2.381211602768489033e-02,4.438914379034139546e-02,2.986235321564663023e-02,5.037716774243720247e-02,2.172797262617622016e-02,1.899059024807527724e-02,4.200948751846955709e-02,2.962905358114938797e-02,4.095186250874873618e-02,2.931798740181973742e-02,3.630142312777043245e-02,1.357803872773932601e-02,8.336573606034684142e-03,2.894470798662415398e-02,5.221245820048215497e-02,5.610078544210280599e-02,2.095030717785208857e-02,6.941441791741193024e-02,9.909013142546076180e-02,1.122482308111050625e-01,2.168131269927676963e-02,1.438525546309977476e-01,7.381600435492650936e-02,1.262773154988723889e-01,7.621121393576484049e-02,1.642584959950229295e-01,5.459211447235399334e-02,3.473053892215569038e-02,3.644140290846877711e-02,2.658060502371879449e-02,5.603857220623687657e-02,5.818492884361147616e-02,9.471965160587915433e-02,5.015942141690644951e-02,1.439458744847966487e-01,1.484718873940430728e-01,4.875962360992300987e-02,1.316587604012753598e-01,3.156232988568317688e-01,1.590636908002177330e-01,2.059724706431293184e-01,1.493584260051326051e-01,3.586593047670891959e-02,1.042538300023330006e-01
1.726417295279570815e-02,3.023563263084221020e-02,2.343883661248930689e-02,1.322031262151022665e-02,4.214946729916789481e-02,5.616299867796873541e-02,6.359748036394742565e-02,1.121393576483396826e-02,7.202737382378100739e-02,3.788786064235166035e-02,4.725095264017419722e-02,0.000000000000000000e+00,8.720740337506804885e-02,2.497861420017108772e-02,1.782409207558907985e-02,1.524224278715296740e-02,1.412240454156621881e-02,3.168209036472509343e-02,2.662726495061824503e-02,6.627264950618244610e-02,2.430982191461233261e-02,8.750291624543121705e-02,7.782875806827903309e-02,2.746714363480830604e-02,6.845011276149000345e-02,1.490940197527023947e-01,9.008476553386733643e-02,1.242864919511626060e-01,9.017808538766622362e-02,2.427871529667936790e-02,6.225989579282992237e-02,2.564740648572983936e-02,1.351582549187339659e-02,2.544521346916556528e-02,1.690644684656660707e-02,2.829146901003188469e-02,1.213158099385644277e-02,1.073178318687300660e-02,2.373434948285247856e-02,1.701532000933198702e-02,2.332996344972393041e-02,1.670425383000233299e-02,2.003266194882961232e-02,7.512248230811105487e-03,4.728205925810716366e-03,1.647095419550509421e-02,2.962905358114938797e-02,3.154211058402674878e-02,1.180496150556030813e-02,3.902325219690488955e-02,5.571195271794074366e-02,6.300645462322108925e-02,1.247375379111905977e-02,8.059724706431292685e-02,4.129403530601135491e-02,7.126526168442336162e-02,4.404697099307877672e-02,9.233999533400731596e-02,3.074889182673613830e-02,1.987712885916478878e-02,2.039038805505871341e-02,1.479119682712497046e-02,3.155766389299323460e-02,3.326852787930632133e-02,5.423438836612489572e-02,2.860253518936153524e-02,8.167042538300023358e-02,8.499883350182751984e-02,2.808927599346761061e-02,7.408041060735671979e-02,1.791430126759468167e-01,9.118905047048760093e-02,1.166031573217201911e-01,8.468776732249785888e-02,2.034372812815926634e-02,6.012909246442180861e-02
5.641185162143246001e-02,9.988335018275137922e-02,7.840423050003887673e-02,4.312932576405630047e-02,1.382844700209969746e-01,1.833112994789641570e-01,2.093475386888560552e-01,3.707908857609456404e-02,2.385566529279104231e-01,1.242709386421961271e-01,1.539777587681779303e-01,8.720740337506804885e-02,0.000000000000000000e+00,8.129714596780465707e-02,5.648961816626487525e-02,5.073489384866630703e-02,4.620888093941986213e-02,1.043315965471654089e-01,8.759623609923011811e-02,2.168131269927677240e-01,7.743992534411696382e-02,2.876895559530290303e-01,2.521969048915156941e-01,8.859164787308500266e-02,2.244964616222101250e-01,4.842056147445368830e-01,2.954039972004043890e-01,4.094408585426549396e-01,2.965393887549576113e-01,7.972626176218990113e-02,2.018197371490784708e-01,8.548098607978847630e-02,4.432693055447546604e-02,8.243253752235787934e-02,5.571195271794074366e-02,9.296212769266661013e-02,3.990979080799440110e-02,3.516603157321720324e-02,7.851310366280425668e-02,5.519869352204681556e-02,7.569795473987091239e-02,5.462322109028695805e-02,6.689478186484174027e-02,2.527412707053425592e-02,1.555330896648261969e-02,5.379889571506338286e-02,9.734816082121471037e-02,1.041605101485340995e-01,3.897659227000544596e-02,1.281748191927832570e-01,1.848044171397464908e-01,2.091920055991912386e-01,4.051636985768722332e-02,2.671436348083054413e-01,1.363247530912201633e-01,2.337506804572672958e-01,1.413173652694610649e-01,3.070689789252663560e-01,1.012364880628353614e-01,6.426627264950618423e-02,6.715918811727195070e-02,4.914845633408507913e-02,1.045960027995956193e-01,1.088109495295124102e-01,1.754879850688234044e-01,9.282214791196827242e-02,2.672525079710708629e-01,2.772066257096197361e-01,9.089353760012443273e-02,2.452756824014309112e-01,5.884905513648028830e-01,2.971459678046504127e-01,3.821448013064779325e-01,2.772532856365191867e-01,6.641262928688078382e-02,1.940119760479041833e-01
1.580216190994634257e-02,2.807372268450112826e-02,2.194571895170697659e-02,1.230266739248775214e-02,3.880550587137413659e-02,5.246131114394587264e-02,5.916478730849988182e-02,1.029629053581149374e-02,6.734582782486973895e-02,3.538377789874795620e-02,4.412473753791119196e-02,2.497861420017108772e-02,8.129714596780465707e-02,0.000000000000000000e+00,1.606656816237654606e-02,1.444902402986235346e-02,1.320475931254374430e-02,2.955128703631697620e-02,2.507193405396998184e-02,6.143557041760634718e-02,2.168131269927676963e-02,8.114161287813982659e-02,7.151411462788707929e-02,2.496306089120460536e-02,6.320864763978537026e-02,1.363869663270860788e-01,8.384788863830780481e-02,1.157943852554630948e-01,8.367680223967649544e-02,2.242787152966793651e-02,5.689400419939342340e-02,2.404541566218212911e-02,1.227156077455478569e-02,2.331441014075744458e-02,1.559996889338206676e-02,2.636285869818803806e-02,1.133836223656582883e-02,9.923011120615910299e-03,2.213235865930476831e-02,1.545998911268372383e-02,2.133913990201415437e-02,1.533556264095186326e-02,1.927054980947196655e-02,7.107862197682557337e-03,4.308266583715685862e-03,1.508670969748814039e-02,2.763823003343961540e-02,2.948907380045104679e-02,1.087176296757135126e-02,3.588148378567540542e-02,5.201026518391788089e-02,5.885372112917022780e-02,1.146278870829769113e-02,7.554242165020608191e-02,3.852554630997744728e-02,6.667703553931099425e-02,4.008087720662571046e-02,8.607201182051481270e-02,2.877362158799284461e-02,1.815071156388521623e-02,1.919278326463955131e-02,1.398242476086787416e-02,2.967571350804883851e-02,3.081110506260206772e-02,5.003499494517458374e-02,2.630064546232210865e-02,7.574461466677034904e-02,7.877750991523446711e-02,2.556963994089742759e-02,6.894781864841745267e-02,1.661715529979002903e-01,8.409674158177152248e-02,1.080177307722217928e-01,7.880861653316742488e-02,1.878839723151100316e-02,5.474764756201881688e-02
1.150944863519713819e-02,2.006376856676257703e-02,1.563107551131503320e-02,8.554319931565440571e-03,2.723384400031106725e-02,3.706353526712807822e-02,4.110739559841355972e-02,7.278948596313865836e-03,4.731316587604012663e-02,2.477642118360681364e-02,3.064001866397075835e-02,1.782409207558907985e-02,5.648961816626487525e-02,1.606656816237654606e-02,0.000000000000000000e+00,1.004743759234777260e-02,9.083132436425849290e-03,2.088809394198615915e-02,1.769966560385722101e-02,4.435803717240843075e-02,1.586437514581227198e-02,5.846488840500816547e-02,5.126370635352671401e-02,1.816626487285169858e-02,4.510459600279959763e-02,9.932343105995800059e-02,5.950696010576250056e-02,8.120382611400575601e-02,6.006687922855587225e-02,1.603546154444358135e-02,4.082743603701687735e-02,1.623765456100785542e-02,8.818726183995645798e-03,1.673536044793529770e-02,1.101174274826969418e-02,1.802628509215335392e-02,7.854421028073722486e-03,7.045648961816626185e-03,1.490006998989034867e-02,1.108950929310210769e-02,1.522668947818648331e-02,1.080954973170542011e-02,1.306477953184539964e-02,4.852632397542576935e-03,3.141768411229488907e-03,1.102729605723617654e-02,1.959716929776809946e-02,2.104362703165098269e-02,7.527801539777587841e-03,2.539855354226611822e-02,3.721906835679290870e-02,4.071856287425149740e-02,8.227700443269305927e-03,5.311455012053814539e-02,2.662726495061824503e-02,4.651994711874951616e-02,2.875806827902636226e-02,6.002021930165642866e-02,1.995489540399720055e-02,1.357803872773932601e-02,1.340695232910801837e-02,9.643051559219224453e-03,2.079477408818726156e-02,2.207014542343883542e-02,3.655027607123415706e-02,1.866397075977914433e-02,5.456100785442102863e-02,5.645851154833191055e-02,1.867952406874562668e-02,4.874407030095653098e-02,1.178318687300723283e-01,6.110895092931020733e-02,7.613344739093241831e-02,5.636519169453300948e-02,1.322031262151022665e-02,3.927210514036861416e-02
9.891904502682945591e-03,1.757523913212535871e-02,1.384244498016953123e-02,7.667781320475931632e-03,2.474531456567384546e-02,3.252196904891515444e-02,3.732794151955828865e-02,6.687922855587525965e-03,4.261606656816237931e-02,2.224123182207014479e-02,2.734271716307644373e-02,1.524224278715296740e-02,5.073489384866630703e-02,1.444902402986235346e-02,1.004743759234777260e-02,0.000000000000000000e+00,8.181040516369857130e-03,1.847733105218135261e-02,1.584882183684578963e-02,3.868107939964227082e-02,1.360914534567229245e-02,5.082821370246520115e-02,4.479352982346994361e-02,1.549109573061668854e-02,4.003421727972625993e-02,8.537211291702309635e-02,5.266350416051014671e-02,7.258729294657438602e-02,5.274127070534256195e-02,1.429349094019752645e-02,3.572595069601057494e-02,1.513336962438758919e-02,7.854421028073722486e-03,1.444902402986235346e-02,9.798584648884049730e-03,1.645540088653861185e-02,7.107862197682557337e-03,6.205770277626565176e-03,1.395131814293490945e-02,9.751924721984602668e-03,1.325141923944319136e-02,9.487518469554397441e-03,1.189828135935920399e-02,4.510459600279959937e-03,2.721829069134458403e-03,9.363091997822536872e-03,1.735749280659460228e-02,1.841511781631541972e-02,6.936775799051247970e-03,2.289447079866241408e-02,3.281748191927832958e-02,3.697021541332918410e-02,7.076755579749591761e-03,4.735982580293957717e-02,2.437203515047826549e-02,4.146512170464266428e-02,2.490084765533867248e-02,5.423438836612489572e-02,1.787075200248853038e-02,1.144723539933120704e-02,1.205381444902402927e-02,8.849832801928610507e-03,1.866397075977914433e-02,1.936386966327086068e-02,3.168209036472509343e-02,1.639318765067267897e-02,4.762423205536978066e-02,4.897736993545376977e-02,1.597324830857764846e-02,4.367369157788319328e-02,1.039583171319698324e-01,5.283459055914145608e-02,6.801462011042849753e-02,4.980169531067734495e-02,1.177385488762734342e-02,3.434170619799362112e-02
9.114239054358813999e-03,1.614433470720895783e-02,1.269150011664981793e-02,7.045648961816626185e-03,2.253674469243331646e-02,2.948907380045104679e-02,3.393732016486507297e-02,5.941364025196360817e-03,3.841667314721206733e-02,2.001710863986312997e-02,2.504082743603701713e-02,1.412240454156621881e-02,4.620888093941986213e-02,1.320475931254374430e-02,9.083132436425849290e-03,8.181040516369857130e-03,0.000000000000000000e+00,1.665759390310288593e-02,1.424683101329807938e-02,3.511937164631775271e-02,1.244264717318609506e-02,4.605334784975503859e-02,4.090520258184928565e-02,1.406019130570028766e-02,3.594369702154133484e-02,7.789097130414496251e-02,4.740648572983902076e-02,6.575939031028851800e-02,4.768644529123571008e-02,1.278481997044871379e-02,3.264639552064702022e-02,1.348471887394043014e-02,7.045648961816626185e-03,1.342250563807450073e-02,8.818726183995645798e-03,1.518002955128703625e-02,6.439069912123803960e-03,5.614744536900225305e-03,1.239598724628664800e-02,8.943152655727506367e-03,1.245820048215257742e-02,8.849832801928610507e-03,1.079399642273893775e-02,4.028307022318998280e-03,2.581849288436114612e-03,8.865386110895092861e-03,1.577105529201337439e-02,1.679757368380122712e-02,6.252430204526013106e-03,2.079477408818726156e-02,2.948907380045104679e-02,3.353293413173652482e-02,6.516836456956217466e-03,4.272493973092775232e-02,2.230344505793607421e-02,3.793452056925111088e-02,2.291002410762889643e-02,4.938175596858231792e-02,1.633097441480674955e-02,1.049848355237576782e-02,1.085620965860486890e-02,7.978847499805583054e-03,1.693755346449957178e-02,1.748191927832646458e-02,2.846255540866319406e-02,1.508670969748814039e-02,4.284936620265961810e-02,4.474686989657049307e-02,1.452679057469476696e-02,3.958317131969826819e-02,9.506182440314177307e-02,4.791974492573294886e-02,6.193327630453378946e-02,4.456023018897270482e-02,1.074733649583949069e-02,3.154211058402674878e-02
2.065479430748891690e-02,3.641029629053581240e-02,2.872696166109339755e-02,1.572439536511392733e-02,4.995722840034217543e-02,6.750136091453456944e-02,7.558908157710553244e-02,1.329807916634264016e-02,8.736293646473286545e-02,4.526012909246442117e-02,5.583637918967260250e-02,3.168209036472509343e-02,1.043315965471654089e-01,2.955128703631697620e-02,2.088809394198615915e-02,1.847733105218135261e-02,1.665759390310288593e-02,0.000000000000000000e+00,3.236643595925033090e-02,8.019286103118437870e-02,2.788708297690333654e-02,1.054669881017186450e-01,9.241776187883972427e-02,3.208647639785364158e-02,8.145267905746947368e-02,1.764678435337118101e-01,1.084065634963838620e-01,1.488607201182051420e-01,1.092775487985068877e-01,2.928688078388677271e-02,7.369157788319465052e-02,3.056225211913834658e-02,1.598880161754413082e-02,2.997122637841200671e-02,1.993934209503071819e-02,3.370402053036783419e-02,1.451123726572828287e-02,1.275371335251574735e-02,2.805816937553464591e-02,1.997044871296368290e-02,2.782486974103740712e-02,1.983046893226533824e-02,2.437203515047826549e-02,9.083132436425849290e-03,5.708064390699121166e-03,1.986157555019830642e-02,3.561707753324519499e-02,3.821448013064779325e-02,1.406019130570028766e-02,4.647328719185006562e-02,6.762578738626642827e-02,7.541799517847422307e-02,1.477564351815848810e-02,9.770588692744380799e-02,4.947507582238121204e-02,8.510770666459288591e-02,5.113927988179485518e-02,1.111128392565518264e-01,3.669025585193250172e-02,2.388988257251730210e-02,2.457422816704253957e-02,1.787075200248853038e-02,3.838556652927910262e-02,3.997200404386033051e-02,6.515281126059568884e-02,3.361070067656894006e-02,9.839023252196904545e-02,1.018119604945952189e-01,3.298856831790963201e-02,8.926044015864374737e-02,2.146356637374601528e-01,1.092931021074733666e-01,1.389688156155222121e-01,1.021696866008243304e-01,2.413873551598102324e-02,7.093864219612722177e-02
1.748191927832646458e-02,3.081110506260206772e-02,2.462088809394198663e-02,1.331363247530912251e-02,4.269383311299478762e-02,5.718951706975659161e-02,6.378412007154522778e-02,1.135391554553231118e-02,7.437592347771988799e-02,3.855665292791041199e-02,4.757757212847033013e-02,2.662726495061824503e-02,8.759623609923011811e-02,2.507193405396998184e-02,1.769966560385722101e-02,1.584882183684578963e-02,1.424683101329807938e-02,3.236643595925033090e-02,0.000000000000000000e+00,6.813904658216035637e-02,2.326775021385799752e-02,8.908935376001243800e-02,7.882416984213391764e-02,2.698499105684734264e-02,6.918111828291469145e-02,1.487051870285403254e-01,9.165564973948207850e-02,1.259351427016097702e-01,9.254218835057158310e-02,2.469865463877439840e-02,6.266428182595847052e-02,2.558519324986390994e-02,1.345361225600746544e-02,2.544521346916556528e-02,1.685978691966716000e-02,2.866474842522746813e-02,1.234932731938719920e-02,1.082510304067190246e-02,2.357881639318765155e-02,1.676646706586826241e-02,2.360992301112061625e-02,1.687534022863364236e-02,2.113694688544988029e-02,7.621121393576483702e-03,4.837079088576094581e-03,1.676646706586826241e-02,3.014231277704331607e-02,3.280192861031184376e-02,1.178940819659382577e-02,3.955206470176530348e-02,5.726728361458900685e-02,6.392409985224356550e-02,1.227156077455478569e-02,8.313243642584959570e-02,4.193172097363714185e-02,7.140524146512169934e-02,4.308266583715685688e-02,9.394198615755501580e-02,3.135547087642896052e-02,2.017264172952795698e-02,2.099696710475153563e-02,1.525779609611944976e-02,3.253752235788164027e-02,3.371957383933432001e-02,5.558752624620887789e-02,2.832257562796484940e-02,8.381678202037483316e-02,8.650750447157633249e-02,2.812038261140057532e-02,7.568240143090441963e-02,1.815226689478186550e-01,9.266661482230344193e-02,1.177074422583404556e-01,8.706742359436969725e-02,2.031262151022630164e-02,5.941364025196360643e-02
4.330041216268760984e-02,7.672447313165875471e-02,6.087565129481296855e-02,3.281748191927832958e-02,1.050003888327241675e-01,1.416439847577572186e-01,1.585659849132902977e-01,2.805816937553464591e-02,1.840267516914223522e-01,9.501516447624232253e-02,1.167431371024185427e-01,6.627264950618244610e-02,2.168131269927677240e-01,6.143557041760634718e-02,4.435803717240843075e-02,3.868107939964227082e-02,3.511937164631775271e-02,8.019286103118437870e-02,6.813904658216035637e-02,0.000000000000000000e+00,5.832490862430982081e-02,2.220079321875728928e-01,1.935609300878761985e-01,6.712808149933897905e-02,1.714441247375379229e-01,3.723462166575938759e-01,2.280581693755346362e-01,3.108795396220546126e-01,2.298934598335795887e-01,6.064235166031572977e-02,1.543976981102729573e-01,6.400186639707597380e-02,3.353293413173652482e-02,6.347305389221556682e-02,4.199393420950307126e-02,6.981880395054047839e-02,3.053114550120538187e-02,2.676724473131658621e-02,5.854265494984058071e-02,4.211836068123493010e-02,5.897814760090209357e-02,4.171397464810638195e-02,5.093708686523058110e-02,1.897503693910879488e-02,1.203826114005754691e-02,4.185395442880472661e-02,7.490473598258029497e-02,8.097052647950851723e-02,2.934909401975270213e-02,9.741037405708063979e-02,1.427949296212769337e-01,1.569639940897425978e-01,3.104440469709930650e-02,2.056769577727661502e-01,1.037872307333385230e-01,1.778676413406952428e-01,1.073333851776965553e-01,2.317598569095574990e-01,7.655338673302744534e-02,5.076600046659927173e-02,5.143479275215802338e-02,3.746792130025662637e-02,8.061280037327941961e-02,8.450112761490007063e-02,1.377556575161365537e-01,7.037872307333385702e-02,2.065012831479897393e-01,2.145267905746947590e-01,6.928999144568007140e-02,1.876506726806128067e-01,4.520258184928843681e-01,2.308266583715685438e-01,2.906446846566607123e-01,2.146512170464266178e-01,4.970837545687845083e-02,1.483008009954117634e-01
1.524224278715296740e-02,2.678279804028306857e-02,2.070145423438836743e-02,1.161832179796251641e-02,3.726572828369235230e-02,4.902402986235321336e-02,5.650517147523135414e-02,1.006299090131425496e-02,6.337973403841667963e-02,3.375068045726728472e-02,4.154288824947507258e-02,2.430982191461233261e-02,7.743992534411696382e-02,2.168131269927676963e-02,1.586437514581227198e-02,1.360914534567229245e-02,1.244264717318609506e-02,2.788708297690333654e-02,2.326775021385799752e-02,5.832490862430982081e-02,0.000000000000000000e+00,7.784431137724551197e-02,6.829457967182518685e-02,2.468310132980791605e-02,6.112450423827669316e-02,1.334784975503538473e-01,7.904191616766467754e-02,1.097908079944008020e-01,7.971070845322342224e-02,2.146356637374601320e-02,5.454545454545454281e-02,2.294113072556186461e-02,1.210047437592347806e-02,2.253674469243331646e-02,1.532000933198537918e-02,2.458978147600902192e-02,1.066956995100707718e-02,9.627498250252742099e-03,2.104362703165098269e-02,1.532000933198537918e-02,2.034372812815926634e-02,1.479119682712497046e-02,1.723306633486274345e-02,6.687922855587525965e-03,4.168286803017342071e-03,1.429349094019752645e-02,2.614511237265728164e-02,2.787152966793685419e-02,1.045182362547632075e-02,3.479275215802161980e-02,4.978614200171086607e-02,5.608523213313632710e-02,1.102729605723617654e-02,7.160743448168598035e-02,3.655027607123415706e-02,6.316198771288591973e-02,3.958317131969826819e-02,8.233921766855899216e-02,2.690722451201493087e-02,1.782409207558907985e-02,1.802628509215335392e-02,1.303367291391243493e-02,2.770044326930554482e-02,2.948907380045104679e-02,4.765533867330274537e-02,2.558519324986390994e-02,7.193405396998212020e-02,7.456256318531767624e-02,2.508748736293646420e-02,6.526168442336106879e-02,1.583637918967260305e-01,8.075278015397775733e-02,1.031650983746792150e-01,7.426705031495450804e-02,1.796407185628742451e-02,5.325452990123649005e-02
