0.000000000000000000e+00,1.717659688674181423e-02,1.293124481530278681e-02,8.328046975389970588e-03,2.820475284243400063e-02,3.423933375624196862e-02,3.843588867743456816e-02,9.661835748792270070e-03,4.105466907399274445e-02,2.400819792124140109e-02,3.248263634737064837e-02,2.586248963060557363e-02,5.370939670456578718e-02,1.530603946062883240e-02,1.633077961580376922e-02,1.324029343353014775e-02,7.758746889181671394e-03,1.976284584980237194e-02,1.719286260349062179e-02,3.139283332520047265e-02,2.127555750744156496e-02,5.525463979570259532e-02,5.078156768978025343e-02,2.417085508872948360e-02,3.915158021438214925e-02,9.834252346329641625e-02,5.380699100505863947e-02,6.628279575139478519e-02,5.156232209372305780e-02,1.237821044584329691e-02,3.765513427349176379e-02,1.566388522910262121e-02,1.109321882268742183e-02,1.441142503944436298e-02,9.043738512337546470e-03,1.798988272418224066e-02,7.628621155191203131e-03,5.839392312822264293e-03,1.436262788919793684e-02,8.132858374404267759e-03,1.543616519461930153e-02,1.044259015273507965e-02,1.465541079067649195e-02,3.383269083752175714e-03,3.578457684737878109e-03,1.156492460840286875e-02,1.852665137689292127e-02,2.391060362074854881e-02,8.018998357162607921e-03,2.672457261829242620e-02,3.625628263309423061e-02,3.732981993851559183e-02,1.065404447046959177e-02,4.731697002228402865e-02,2.854633289415898015e-02,4.019258608630589535e-02,2.831861285967566047e-02,5.341661380308723034e-02,1.717659688674181423e-02,1.615185673156687568e-02,1.444395647294197983e-02,1.006847866751248328e-02,1.759950552221083500e-02,2.093397745571658544e-02,3.062834463800647236e-02,2.055986597049399081e-02,5.344914523658485239e-02,5.632817710112396348e-02,1.771336553945249484e-02,4.146131199271296114e-02,1.122822427170253323e-01,5.146472779323020552e-02,7.134143366027423383e-02,5.029359618731599202e-02,1.094682737194814515e-02,4.401502952227590026e-02
1.717659688674181423e-02,0.000000000000000000e+00,2.042974023650351995e-02,1.312643341628848791e-02,4.528375542868296605e-02,5.553115698043234461e-02,6.228142943118788327e-02,1.504578799264789588e-02,6.779550740903397821e-02,3.828949722669529321e-02,5.257079653214918880e-02,4.002992891881780591e-02,8.739569609134827111e-02,2.462629515769612296e-02,2.441484083996161430e-02,2.187738902714748274e-02,1.229688186209925392e-02,3.183200767741830445e-02,2.747279558873761893e-02,5.029359618731599202e-02,3.248263634737064837e-02,9.011207078839929274e-02,8.041770360610940582e-02,3.770393142373818646e-02,6.351762390409733394e-02,1.554677206851119986e-01,8.816018477854226099e-02,1.089803022170171970e-01,8.402869272434489167e-02,2.033214593601067113e-02,6.135428357650579700e-02,2.504920379316514720e-02,1.756697408871321989e-02,2.194245189414271643e-02,1.415117357146342646e-02,2.864392719465183243e-02,1.215049041135997723e-02,9.157598529579206309e-03,2.288586346557361026e-02,1.273605621431708398e-02,2.314611493355454852e-02,1.654223393353828134e-02,2.358528928577237685e-02,5.790595162575839019e-03,5.660469428585370756e-03,1.823386847541436789e-02,2.991265310105889821e-02,3.833829437694172282e-02,1.374453065274321324e-02,4.347826086956521618e-02,5.943492900014639424e-02,6.045966915532132585e-02,1.704647115275134683e-02,7.830316042876429850e-02,4.575546121439841296e-02,6.543697848045673671e-02,4.342946371931879351e-02,8.630589306917808845e-02,2.797703280795068095e-02,2.482148375868182752e-02,2.311358350005692994e-02,1.654223393353828134e-02,2.872525577839587368e-02,3.412547373900030878e-02,4.939898176613152780e-02,3.183200767741830445e-02,8.668000455440068308e-02,9.038858797312904203e-02,2.783064135721140600e-02,6.760031880804827364e-02,1.797849672245807606e-01,8.422388132533059624e-02,1.159745604190048629e-01,8.167016379576766405e-02,1.750191122171798619e-02,7.069080499032190379e-02
1.293124481530278681e-02,2.042974023650351995e-02,0.000000000000000000e+00,9.678101465541079362e-03,3.272662209860277560e-02,4.066429187202134227e-02,4.497470681045560165e-02,1.112575025618503868e-02,4.977309325135412243e-02,2.783064135721140600e-02,3.828949722669529321e-02,2.911563298036727934e-02,6.327363815286519977e-02,1.803867987442866680e-02,1.821760275866556034e-02,1.582654239659070719e-02,9.108801379332780168e-03,2.316238065030335608e-02,2.051106882024756467e-02,3.786658859122626897e-02,2.392686933749735637e-02,6.670570438686380943e-02,5.967891475137852147e-02,2.742399843849119279e-02,4.637355845085313483e-02,1.142503944436311647e-01,6.524178987947103214e-02,7.913271198295353248e-02,6.200491224645814092e-02,1.489939654190861919e-02,4.450300102474015473e-02,1.805494559117747436e-02,1.284991623155874382e-02,1.623318531531092040e-02,1.034499585224222910e-02,2.119422892369752370e-02,8.832284194603034350e-03,6.799069601001968277e-03,1.662356251728232259e-02,9.385318564062525987e-03,1.735551977097870777e-02,1.211795897786235865e-02,1.794108557393581452e-02,4.229086354690218992e-03,4.245352071439028284e-03,1.346801346801346742e-02,2.187738902714748274e-02,2.823728427593161922e-02,9.954618650270823446e-03,3.137656760845166509e-02,4.333186941882594123e-02,4.393370093853185554e-02,1.236194472909448762e-02,5.774329445827030421e-02,3.300313928333251795e-02,4.725190715528879842e-02,3.158802192618617721e-02,6.247661803217358784e-02,2.077132028822849946e-02,1.828266562566079403e-02,1.693261113550968699e-02,1.179264464288618842e-02,2.119422892369752370e-02,2.509800094341156987e-02,3.693944273654418270e-02,2.278826916508075798e-02,6.423331544104490809e-02,6.673823582036142454e-02,2.034841165275947869e-02,4.983815611834935266e-02,1.310528798451503774e-01,6.203744367995575604e-02,8.456546137705557575e-02,5.995543193610826382e-02,1.301257339904682980e-02,5.172497926121114725e-02
8.328046975389970588e-03,1.312643341628848791e-02,9.678101465541079362e-03,0.000000000000000000e+00,2.130808894093918354e-02,2.578116104686152890e-02,2.931082158135298391e-02,7.075586785731713228e-03,3.186453911091591956e-02,1.802241415767985924e-02,2.477268660843540138e-02,1.891702857886432693e-02,4.094080905675108462e-02,1.146733030791001820e-02,1.162998747539810418e-02,1.008474438426129258e-02,5.758063729078222170e-03,1.488313082515980990e-02,1.298004196554921122e-02,2.355275785227476174e-02,1.533857089412644925e-02,4.204687779567006789e-02,3.780152572423103874e-02,1.779469412319653956e-02,2.992891881780770577e-02,7.350477398786577077e-02,4.113599765773678918e-02,5.050505050505050414e-02,3.920037736462857192e-02,9.450381431057759685e-03,2.839994144341970519e-02,1.192277037687665756e-02,8.425641275882821135e-03,1.062151303697197492e-02,6.766538167504351428e-03,1.353307633500870286e-02,5.611672278338944615e-03,4.440540672424730245e-03,1.081670163795767602e-02,6.067112347305583971e-03,1.130467314042193222e-02,7.937669773418564931e-03,1.136973600741716765e-02,2.700108980302217115e-03,2.700108980302217115e-03,8.685892743863757662e-03,1.406984498771938347e-02,1.820133704191675278e-02,6.343629532035328922e-03,2.038094308625709727e-02,2.757038988923046774e-02,2.846500431041493889e-02,7.905138339920948082e-03,3.645147123407992823e-02,2.164966899266416306e-02,3.066087607150409095e-02,2.072252313798207679e-02,4.040404040404040747e-02,1.332162201727419074e-02,1.180891035963499772e-02,1.084923307145529286e-02,7.677418305437629271e-03,1.348427918476227672e-02,1.587533954683712986e-02,2.309731778330812238e-02,1.488313082515980990e-02,4.040404040404040747e-02,4.253484929813432236e-02,1.312643341628848791e-02,3.191333626116234917e-02,8.411002130808893640e-02,3.924917451487499459e-02,5.434375965776931661e-02,3.819190292620244093e-02,8.230452674897120041e-03,3.324712503456464519e-02
2.820475284243400063e-02,4.528375542868296605e-02,3.272662209860277560e-02,2.130808894093918354e-02,0.000000000000000000e+00,8.869695343125294507e-02,1.017908554140438265e-01,2.446363799020803698e-02,1.082483449633208084e-01,6.328990386961401426e-02,8.565526439922575841e-02,6.594121569966980567e-02,1.413002813968997629e-01,3.973714601733925600e-02,3.965581743359521127e-02,3.498755672668716482e-02,2.000683160103449917e-02,5.138339920948616774e-02,4.422648384001041239e-02,7.986466923664990725e-02,5.346541095333365995e-02,1.435124188747377016e-01,1.292636510027814489e-01,6.125668927601294472e-02,1.026041412514842460e-01,2.514842466533288023e-01,1.409749670619235840e-01,1.744498121309715488e-01,1.342572260446656673e-01,3.215732201239447641e-02,9.746417475886075266e-02,4.164023487694985121e-02,2.883911579563753352e-02,3.606109403210852604e-02,2.314611493355454852e-02,4.665007563558288411e-02,1.986044015029522422e-02,1.514338229314074642e-02,3.776899429073342362e-02,2.072252313798207679e-02,3.804551147546316597e-02,2.696855836952455343e-02,3.876120301241074012e-02,9.417849997560142836e-03,9.222661396574440007e-03,2.947347874884106642e-02,4.803266155923160974e-02,6.198864652970933337e-02,2.200751476113795013e-02,7.101611932529806881e-02,9.460140861107044219e-02,9.900941784999756079e-02,2.758665560597927877e-02,1.251158932318352512e-01,7.563558288195969259e-02,1.064428504042030654e-01,7.178060801249207257e-02,1.394947868377820199e-01,4.551147546316628573e-02,4.006246035231542796e-02,3.728102278826916222e-02,2.696855836952455343e-02,4.638982416760194238e-02,5.458774540900145078e-02,7.794531466029050448e-02,5.193643357894565937e-02,1.374615722441809296e-01,1.450739276826233382e-01,4.495844109370679409e-02,1.092242879682493173e-01,2.889929894760812634e-01,1.340783031604287634e-01,1.866490996925779522e-01,1.303209225914540026e-01,2.817222140893638552e-02,1.135347029066835767e-01
3.423933375624196862e-02,5.553115698043234461e-02,4.066429187202134227e-02,2.578116104686152890e-02,8.869695343125294507e-02,0.000000000000000000e+00,1.223669871012866145e-01,2.961987019958034484e-02,1.327933115372728901e-01,7.477349989427284349e-02,1.022950926332568816e-01,7.786398607654645976e-02,1.714894516826883930e-01,4.822785016021730736e-02,4.822785016021730736e-02,4.273003789912002692e-02,2.417085508872948360e-02,6.241155516517835067e-02,5.457147969225263628e-02,9.928593503472731008e-02,6.356642105434376355e-02,1.770197953772832955e-01,1.589648497861058385e-01,7.404154264057645485e-02,1.250020332145936053e-01,3.059418663283397510e-01,1.730346947738252150e-01,2.131296865596382373e-01,1.648367735324257066e-01,3.967208315034401883e-02,1.196831438377332080e-01,4.946404463312675803e-02,3.475983669220384514e-02,4.347826086956521618e-02,2.792823565770425828e-02,5.666975715284894299e-02,2.395940077099497495e-02,1.798988272418224066e-02,4.484458107646513425e-02,2.521186096065322971e-02,4.586932123164007280e-02,3.233624489663137341e-02,4.702418712080547875e-02,1.156492460840286875e-02,1.120707883992908167e-02,3.584963971437401392e-02,5.858911172920834576e-02,7.597716293368467211e-02,2.713121553701263941e-02,8.547634151498885446e-02,1.167227833894500522e-01,1.181216350298475853e-01,3.332845361830868991e-02,1.541989947787049120e-01,8.850176483026724050e-02,1.280274565298719913e-01,8.459799281055319087e-02,1.688706712861302306e-01,5.546609411343710744e-02,4.884594739667203617e-02,4.521869256168772888e-02,3.170188194342783705e-02,5.640950568486800126e-02,6.738886449031376846e-02,9.746417475886075266e-02,6.197238081296052581e-02,1.703183200767741934e-01,1.785487727516713030e-01,5.488052831048000069e-02,1.331511573057466702e-01,3.533889620846142332e-01,1.652759478846435315e-01,2.274760487320873770e-01,1.605100928772426327e-01,3.433692805673482090e-02,1.388929553180760779e-01
3.843588867743456816e-02,6.228142943118788327e-02,4.497470681045560165e-02,2.931082158135298391e-02,1.017908554140438265e-01,1.223669871012866145e-01,0.000000000000000000e+00,3.373509653702890659e-02,1.496120626555409172e-01,8.645228451991736340e-02,1.181053693130987847e-01,8.964036500268383889e-02,1.936921550448120477e-01,5.507571691146570525e-02,5.416483677353242654e-02,4.809772442622683997e-02,2.734266985474714806e-02,7.059321068982904457e-02,6.135428357650579700e-02,1.097773223377088159e-01,7.278908245091819662e-02,1.973356755965451625e-01,1.781258641162022927e-01,8.365458123912229704e-02,1.416906585988711720e-01,3.445892093235088383e-01,1.940987979635322713e-01,2.398217277444330553e-01,1.847622765497161645e-01,4.422648384001041239e-02,1.335578002244668938e-01,5.709266578831796030e-02,3.941183168236308404e-02,4.912246458140177852e-02,3.165308479318141438e-02,6.431464402478895281e-02,2.739146700499357420e-02,2.064119455423803207e-02,5.195269929569446693e-02,2.849753574391255401e-02,5.180630784495518504e-02,3.698823988679061231e-02,5.343287951983604483e-02,1.317523056653491405e-02,1.270352478081946714e-02,4.019258608630589535e-02,6.597374713316742079e-02,8.544381008149123935e-02,3.079100180549455834e-02,9.757803477610241250e-02,1.305811740594349235e-01,1.362253777712714997e-01,3.796418289171912125e-02,1.733437433920525794e-01,1.034824899559199096e-01,1.460010735373054314e-01,9.778948909383691768e-02,1.920655833699312087e-01,6.262300948291286973e-02,5.488052831048000069e-02,5.128580490899331545e-02,3.700450560353941987e-02,6.398932968981278779e-02,7.506628279575139340e-02,1.073049333918899145e-01,7.049561638933619923e-02,1.890726914881504239e-01,1.998893931261080947e-01,6.153320646074269401e-02,1.506855999609622854e-01,3.962979228679711641e-01,1.849899965841994842e-01,2.575025618503879454e-01,1.797036386408367159e-01,3.869614014541550989e-02,1.559394264708274247e-01
9.661835748792270070e-03,1.504578799264789588e-02,1.112575025618503868e-02,7.075586785731713228e-03,2.446363799020803698e-02,2.961987019958034484e-02,3.373509653702890659e-02,0.000000000000000000e+00,3.622375119959660855e-02,2.068999170448445821e-02,2.815595569218757796e-02,2.204004619463556525e-02,4.671513850257811434e-02,1.311016769953968035e-02,1.356560776850631971e-02,1.154865889165406119e-02,6.668943867011500014e-03,1.691634541876087597e-02,1.496445940890385289e-02,2.701735551977097957e-02,1.800614844093104822e-02,4.795133297548756501e-02,4.367344947055092075e-02,2.080385172172611805e-02,3.381642512077294438e-02,8.420761560858179562e-02,4.681273280307096663e-02,5.759690300753102926e-02,4.458432960848419946e-02,1.063777875372078248e-02,3.248263634737064837e-02,1.354934205175751041e-02,9.613038598545845664e-03,1.205289611086712495e-02,7.709949738935246120e-03,1.541989947787049224e-02,6.571349566518648599e-03,4.977309325135411723e-03,1.245953902958733817e-02,6.880398184746010400e-03,1.284991623155874382e-02,8.978675645342312772e-03,1.289871338180516996e-02,3.155549049268856036e-03,3.074220465524813480e-03,9.954618650270823446e-03,1.592413669708355600e-02,2.086891458872135174e-02,7.319572536963841330e-03,2.348769498527952804e-02,3.171814766017664461e-02,3.248263634737064837e-02,9.108801379332780168e-03,4.157517200995462098e-02,2.456123229070088926e-02,3.497129100993835032e-02,2.405699507148782376e-02,4.624343271686266743e-02,1.522471087688478941e-02,1.361440491875274411e-02,1.241074187934091376e-02,8.718424177361376246e-03,1.535483661087525854e-02,1.828266562566079403e-02,2.630166398282340195e-02,1.740431692122513391e-02,4.601571268237934775e-02,4.884594739667203617e-02,1.504578799264789588e-02,3.646773695082873579e-02,9.682981180565720936e-02,4.482831535971632669e-02,6.198864652970933337e-02,4.338066656907236390e-02,9.320255697067290554e-03,3.793165145822150613e-02
4.105466907399274445e-02,6.779550740903397821e-02,4.977309325135412243e-02,3.186453911091591956e-02,1.082483449633208084e-01,1.327933115372728901e-01,1.496120626555409172e-01,3.622375119959660855e-02,0.000000000000000000e+00,9.155971957904325553e-02,1.254412075668114301e-01,9.473153434506091652e-02,2.092096488231753870e-01,5.956505473413686164e-02,5.790595162575838672e-02,5.231054506416825400e-02,2.942468159859464374e-02,7.675791733762747648e-02,6.720994160607687840e-02,1.214398412466045352e-01,7.667658875388344564e-02,2.169195985621106271e-01,1.941475951137786871e-01,8.902226776622912396e-02,1.542315262122025410e-01,3.726313049984547598e-01,2.131296865596382373e-01,2.602839994144341973e-01,2.024268449389222402e-01,4.840677304445420437e-02,1.456432277688316235e-01,6.075245205679988270e-02,4.206314351241887545e-02,5.247320223165633651e-02,3.380015940402413682e-02,6.956847053465410602e-02,2.939215016509702516e-02,2.195871761089152399e-02,5.478293400998714840e-02,3.053075033751362355e-02,5.527090551245140287e-02,3.936303453211665443e-02,5.788968590900957917e-02,1.429756502220270314e-02,1.379332780298963938e-02,4.338066656907236390e-02,7.161795084500398312e-02,9.328388555441695373e-02,3.357243936954081714e-02,1.040029928918817792e-01,1.429105873550317873e-01,1.453016477171066578e-01,4.053416613803087487e-02,1.912522975324907615e-01,1.087037850322874477e-01,1.560044893378226827e-01,1.023601555002521118e-01,2.060540997739065405e-01,6.742139592381138358e-02,5.902828608142617756e-02,5.533596837944664004e-02,3.920037736462857192e-02,6.971486198539338097e-02,8.193041526374859884e-02,1.196180809707379777e-01,7.433432554205500475e-02,2.090957888059337411e-01,2.187088274044795833e-01,6.641292148538525952e-02,1.639584248279900569e-01,4.290896078335691977e-01,2.031913336261162439e-01,2.780624278208819189e-01,1.966850469265928325e-01,4.232339498039981024e-02,1.687730769856373714e-01
2.400819792124140109e-02,3.828949722669529321e-02,2.783064135721140600e-02,1.802241415767985924e-02,6.328990386961401426e-02,7.477349989427284349e-02,8.645228451991736340e-02,2.068999170448445821e-02,9.155971957904325553e-02,0.000000000000000000e+00,7.282161388441581173e-02,5.525463979570259532e-02,1.187885294165487438e-01,3.448331950747409586e-02,3.355617365279200959e-02,2.968493306657557854e-02,1.701393971925372825e-02,4.349452658631402374e-02,3.802924575871435842e-02,6.873891898046487203e-02,4.531628686218058116e-02,1.218952813155711745e-01,1.102652938401730703e-01,5.136713349273736018e-02,8.664747312090306797e-02,2.117633663527383470e-01,1.192927666357617988e-01,1.478228338131719888e-01,1.136160314904276214e-01,2.752159273898404160e-02,8.249971534995689804e-02,3.471103954195741553e-02,2.425218367247352833e-02,3.033556173652791899e-02,1.920981148034288030e-02,3.999739748532019079e-02,1.667235966752874873e-02,1.271979049756827469e-02,3.157175620943736966e-02,1.755070837196441233e-02,3.227118202963613625e-02,2.265814343109029058e-02,3.332845361830868991e-02,7.856341189674523676e-03,7.726215455684054545e-03,2.478895232518420894e-02,4.079441760601180966e-02,5.211535646318254944e-02,1.857544852713934741e-02,6.018315197059158350e-02,7.936043201743685216e-02,8.394736414060086083e-02,2.312984921680573749e-02,1.063289903869614056e-01,6.382667252232469834e-02,8.947770783519576332e-02,6.062232632280941530e-02,1.181866978968428294e-01,3.897265733014525224e-02,3.367003367003366943e-02,3.191333626116234917e-02,2.269067486458790917e-02,3.963955171684640372e-02,4.619463556661624476e-02,6.642918720213406014e-02,4.334813513557474879e-02,1.168366434066917120e-01,1.226597700027651783e-01,3.747621138925486678e-02,9.273085118495746904e-02,2.432863254119292662e-01,1.134696400396883464e-01,1.587859269018689345e-01,1.112575025618503938e-01,2.430098082271995447e-02,9.588640023422631553e-02
3.248263634737064837e-02,5.257079653214918880e-02,3.828949722669529321e-02,2.477268660843540138e-02,8.565526439922575841e-02,1.022950926332568816e-01,1.181053693130987847e-01,2.815595569218757796e-02,1.254412075668114301e-01,7.282161388441581173e-02,0.000000000000000000e+00,7.553798858146684725e-02,1.627059646383317848e-01,4.655248133509003183e-02,4.549520974641747817e-02,4.048536898778444526e-02,2.340636640153548331e-02,5.943492900014639424e-02,5.175751069470876237e-02,9.318629125392410839e-02,6.124042355926413717e-02,1.665609395077994048e-01,1.502952227589908762e-01,7.013777062086240521e-02,1.193903609362546581e-01,2.896761495795311947e-01,1.637307047935067372e-01,2.021503277541924770e-01,1.556466435693488748e-01,3.726475707152035466e-02,1.126888856357455421e-01,4.793506725873875746e-02,3.308446786707656267e-02,4.110346622423917406e-02,2.641552400006506179e-02,5.452268254200621361e-02,2.309731778330812238e-02,1.722539403698824037e-02,4.323427511833308895e-02,2.387807218725093023e-02,4.346199515281640863e-02,3.080726752224336937e-02,4.502350396070203126e-02,1.104442167244099569e-02,1.067031018721839933e-02,3.373509653702890659e-02,5.556368841392995972e-02,7.192699946323134752e-02,2.587875534735438118e-02,8.253224678345451315e-02,1.103466224239171151e-01,1.148522259633370790e-01,3.163681907643259988e-02,1.465378421900161154e-01,8.661494168740545285e-02,1.222531270840449547e-01,8.196294669724621396e-02,1.616161616161616299e-01,5.283104800013012359e-02,4.582052408139364319e-02,4.336440085232355635e-02,3.103498755672668558e-02,5.387205387205386969e-02,6.311098098537712420e-02,9.147839099529921081e-02,5.883309748044047299e-02,1.602661071260104986e-01,1.678296654142064637e-01,5.149725922672782757e-02,1.269701849411994377e-01,3.326989703801297993e-01,1.564111322565428785e-01,2.166593470941297062e-01,1.524097659363359836e-01,3.306820215032775512e-02,1.309390198279087036e-01
2.586248963060557363e-02,4.002992891881780591e-02,2.911563298036727934e-02,1.891702857886432693e-02,6.594121569966980567e-02,7.786398607654645976e-02,8.964036500268383889e-02,2.204004619463556525e-02,9.473153434506091652e-02,5.525463979570259532e-02,7.553798858146684725e-02,0.000000000000000000e+00,1.241399502269067423e-01,3.573577969713235408e-02,3.624001691634541611e-02,3.106751899022430416e-02,1.785975699019177326e-02,4.569039834740317579e-02,3.973714601733925600e-02,7.142276224401827855e-02,4.913873029815058607e-02,1.271491078254363416e-01,1.165113290717155470e-01,5.561248556417638239e-02,9.058377657411473272e-02,2.250849883700125342e-01,1.234405244067079827e-01,1.544592462466858607e-01,1.179264464288618947e-01,2.872525577839587368e-02,8.736316465785064211e-02,3.593096829811805865e-02,2.545584671188536041e-02,3.228744774638494380e-02,2.041347451975471239e-02,4.165650059369865876e-02,1.750191122171798619e-02,1.315896484978610649e-02,3.293807641633728772e-02,1.849411994339530615e-02,3.430439662323720579e-02,2.365035215276761055e-02,3.417427088924673145e-02,8.018998357162607921e-03,8.132858374404267759e-03,2.664324403454838147e-02,4.237219213064623985e-02,5.414857105678361898e-02,1.919354576359407274e-02,6.262300948291286973e-02,8.331300118739731753e-02,8.702158460612566260e-02,2.444737227345922942e-02,1.101676995396802111e-01,6.603881000016265101e-02,9.268205403471103943e-02,6.516046129572700130e-02,1.238309016086793918e-01,4.053416613803087487e-02,3.615868833260137832e-02,3.342604791880154219e-02,2.360155500252118441e-02,4.085948047300703989e-02,4.814652157647326958e-02,6.909676474893866605e-02,4.728443858878641354e-02,1.216350298475902397e-01,1.286780851998243214e-01,3.980220888433448623e-02,9.591893166772394452e-02,2.580230647863497873e-01,1.185120122318189945e-01,1.656175279363685249e-01,1.160396232860000931e-01,2.527692382764846687e-02,1.004408009238927091e-01
5.370939670456578718e-02,8.739569609134827111e-02,6.327363815286519977e-02,4.094080905675108462e-02,1.413002813968997629e-01,1.714894516826883930e-01,1.936921550448120477e-01,4.671513850257811434e-02,2.092096488231753870e-01,1.187885294165487438e-01,1.627059646383317848e-01,1.241399502269067423e-01,0.000000000000000000e+00,7.688804307161795082e-02,7.584703719969419777e-02,6.774671025878754860e-02,3.781779144097984630e-02,9.874916638201662600e-02,8.528115291400314990e-02,1.550448120496429605e-01,1.007335838253712590e-01,2.777533792026545822e-01,2.495160949267229422e-01,1.165763919387107772e-01,1.975471299142796677e-01,4.820507815676897678e-01,2.721417069243156073e-01,3.352852193431903327e-01,2.590640706582735819e-01,6.242782088192716516e-02,1.881455456334683307e-01,7.833569186226191361e-02,5.478293400998714840e-02,6.851119894598155236e-02,4.390116950503424043e-02,8.965663071943265339e-02,3.780152572423103874e-02,2.843247287691732031e-02,7.137396509377186282e-02,4.001366320206899835e-02,7.246376811594203160e-02,5.141593064298378285e-02,7.361863400510743061e-02,1.815253989167032664e-02,1.772963125620130587e-02,5.649083426861204599e-02,9.251939686722294998e-02,1.192765009190129982e-01,4.268124074887359731e-02,1.354283576505798670e-01,1.828429219733567479e-01,1.884383285349468806e-01,5.263585939914442596e-02,2.422290538232567125e-01,1.422924901185770863e-01,2.020202020202020166e-01,1.351030433156037158e-01,2.677336976853885164e-01,8.705411603962329159e-02,7.701816880560842515e-02,7.156915369475755351e-02,5.097675629076595105e-02,8.916865921696839892e-02,1.052717187982888519e-01,1.519380601506205297e-01,9.858650921452853655e-02,2.662697831779957114e-01,2.806161453504448788e-01,8.591551586720669320e-02,2.096976203256396554e-01,5.556856812895459852e-01,2.594869792937425923e-01,3.596675287496543527e-01,2.517932952715561390e-01,5.408350818978838181e-02,2.182696530522617584e-01
1.530603946062883240e-02,2.462629515769612296e-02,1.803867987442866680e-02,1.146733030791001820e-02,3.973714601733925600e-02,4.822785016021730736e-02,5.507571691146570525e-02,1.311016769953968035e-02,5.956505473413686164e-02,3.448331950747409586e-02,4.655248133509003183e-02,3.573577969713235408e-02,7.688804307161795082e-02,0.000000000000000000e+00,2.174726329315701187e-02,1.891702857886432693e-02,1.106068738918980499e-02,2.761918703947689388e-02,2.399193220449259006e-02,4.430781242375445017e-02,2.874152149514468471e-02,7.835195757901071423e-02,7.047935067258738473e-02,3.342604791880154219e-02,5.528717122920021737e-02,1.361440491875274550e-01,7.726215455684054545e-02,9.543096016525967618e-02,7.300053676865271568e-02,1.787602270694058082e-02,5.299370516761821304e-02,2.241415767985816335e-02,1.564761951235381018e-02,1.950259438182143368e-02,1.255713333008019045e-02,2.501667235966752861e-02,1.071910733746482547e-02,8.214186958148310749e-03,2.036467736950828625e-02,1.106068738918980499e-02,2.075505457147969191e-02,1.459034792368125652e-02,2.145448039167845850e-02,5.042372192130646288e-03,5.042372192130646288e-03,1.587533954683712986e-02,2.630166398282340195e-02,3.399534800500984139e-02,1.184144179313261457e-02,3.827323150994648565e-02,5.187137071195042221e-02,5.336781665284080767e-02,1.504578799264789588e-02,6.823468176125180307e-02,4.095707477349989217e-02,5.790595162575838672e-02,3.898892304689405980e-02,7.600969436718228722e-02,2.524439239415084829e-02,2.187738902714748274e-02,2.049480310349875711e-02,1.459034792368125652e-02,2.545584671188536041e-02,3.005904455179817664e-02,4.297402365035215416e-02,2.796076709120187340e-02,7.555425429821564787e-02,7.952308918492492773e-02,2.462629515769612296e-02,5.997169765285707138e-02,1.570454952097464218e-01,7.363489972185624510e-02,1.016932611135509673e-01,7.135769937702304833e-02,1.541989947787049224e-02,6.197238081296052581e-02
1.633077961580376922e-02,2.441484083996161430e-02,1.821760275866556034e-02,1.162998747539810418e-02,3.965581743359521127e-02,4.822785016021730736e-02,5.416483677353242654e-02,1.356560776850631971e-02,5.790595162575838672e-02,3.355617365279200959e-02,4.549520974641747817e-02,3.624001691634541611e-02,7.584703719969419777e-02,2.174726329315701187e-02,0.000000000000000000e+00,1.872183997787862583e-02,1.101189023894337884e-02,2.778184420696497986e-02,2.425218367247352833e-02,4.468192390897705174e-02,2.999398168480293947e-02,7.809170611102977944e-02,7.191073374648253302e-02,3.436945949023243602e-02,5.499438832772166053e-02,1.386815010003415727e-01,7.609102295092633195e-02,9.450381431057759685e-02,7.262642528343012105e-02,1.772963125620130587e-02,5.362806812082174246e-02,2.169846614291058573e-02,1.563135379560500263e-02,2.008816018477854390e-02,1.267099334732185029e-02,2.550464386213178655e-02,1.070284162071601618e-02,8.165389807901884608e-03,1.977911156655117950e-02,1.133720457391954907e-02,2.142194895818084338e-02,1.447648790643959668e-02,2.099904032271181914e-02,4.830917874396135035e-03,4.977309325135411723e-03,1.659103108378470748e-02,2.599261536459604102e-02,3.371883082028009904e-02,1.143479887441240135e-02,3.781779144097984630e-02,5.133460205923973813e-02,5.232681078091706156e-02,1.525724231038240626e-02,6.706355015533758956e-02,3.963955171684640372e-02,5.670228858634655811e-02,3.980220888433448623e-02,7.491989134501211844e-02,2.475642089168659382e-02,2.243042339660697090e-02,2.034841165275947869e-02,1.400478212072414977e-02,2.495160949267229492e-02,3.012410741879341033e-02,4.342946371931879351e-02,2.914816441386489793e-02,7.560305144846207748e-02,8.010865498788204142e-02,2.485401519217944263e-02,5.852404886221311553e-02,1.591925698205891304e-01,7.282161388441581173e-02,1.009450381431057781e-01,7.150409082776232328e-02,1.563135379560500263e-02,6.213503798044860832e-02
1.324029343353014775e-02,2.187738902714748274e-02,1.582654239659070719e-02,1.008474438426129258e-02,3.498755672668716482e-02,4.273003789912002692e-02,4.809772442622683997e-02,1.154865889165406119e-02,5.231054506416825400e-02,2.968493306657557854e-02,4.048536898778444526e-02,3.106751899022430416e-02,6.774671025878754860e-02,1.891702857886432693e-02,1.872183997787862583e-02,0.000000000000000000e+00,9.580507165048227081e-03,2.449616942370565556e-02,2.134062037443679866e-02,3.881000016265716973e-02,2.498414092616991003e-02,6.961726768490053563e-02,6.203744367995575604e-02,2.888791294588395966e-02,4.943151319962914292e-02,1.201548496234486618e-01,6.818588461100538733e-02,8.456546137705557575e-02,6.463995835976511783e-02,1.574521381284666247e-02,4.726817287203760598e-02,1.933993721433335117e-02,1.358187348525512726e-02,1.693261113550968699e-02,1.084923307145529286e-02,2.208884334488199139e-02,9.336521413816099846e-03,7.026789635485287955e-03,1.758323980546202744e-02,9.678101465541079362e-03,1.774589697295011342e-02,1.255713333008019045e-02,1.839652564290245387e-02,4.424274955675921821e-03,4.391743522178304972e-03,1.402104783747295906e-02,2.296719204931765151e-02,2.965240163307795995e-02,1.062151303697197492e-02,3.380015940402413682e-02,4.595064981538411752e-02,4.678020136957335151e-02,1.307763626604206350e-02,6.075245205679988270e-02,3.528033962816571473e-02,5.058637908879454886e-02,3.345857935229915731e-02,6.698222157159355872e-02,2.186112331039867171e-02,1.906342002960360535e-02,1.797361700743343310e-02,1.273605621431708398e-02,2.225150051237007737e-02,2.648058686706029549e-02,3.811057434245840314e-02,2.452870085720327414e-02,6.673823582036142454e-02,6.966606483514696524e-02,2.129182322419037252e-02,5.221295076367540172e-02,1.384700466826070675e-01,6.511166414548057169e-02,8.965663071943265339e-02,6.317604385237235443e-02,1.354934205175751041e-02,5.444135395826216889e-02
7.758746889181671394e-03,1.229688186209925392e-02,9.108801379332780168e-03,5.758063729078222170e-03,2.000683160103449917e-02,2.417085508872948360e-02,2.734266985474714806e-02,6.668943867011500014e-03,2.942468159859464374e-02,1.701393971925372825e-02,2.340636640153548331e-02,1.785975699019177326e-02,3.781779144097984630e-02,1.106068738918980499e-02,1.101189023894337884e-02,9.580507165048227081e-03,0.000000000000000000e+00,1.384212495323606379e-02,1.237821044584329691e-02,2.256054913059743830e-02,1.460661364043006581e-02,3.947689454935831427e-02,3.575204541388116164e-02,1.654223393353828134e-02,2.779810992371378742e-02,6.815335317750777222e-02,3.856601441142504250e-02,4.762601864051139305e-02,3.663039411831682524e-02,8.946144211844694188e-03,2.665950975129719250e-02,1.089803022170171901e-02,7.693684022186437696e-03,9.678101465541079362e-03,6.099643780803200820e-03,1.284991623155874382e-02,5.335155093609199664e-03,4.082694903950942304e-03,9.970884367019632738e-03,5.595406561590136191e-03,1.037752728573984595e-02,7.189446802973373067e-03,1.070284162071601618e-02,2.456123229070089013e-03,2.504920379316514720e-03,7.953935490167374223e-03,1.304510483254444665e-02,1.675368825127279346e-02,5.839392312822264293e-03,1.914474861334764660e-02,2.563476959612225395e-02,2.659444688430195533e-02,7.400901120707884320e-03,3.430439662323720579e-02,2.028334878576424499e-02,2.854633289415898015e-02,1.940500008132858487e-02,3.791538574147269858e-02,1.250833617983376431e-02,1.088176450495291145e-02,1.027993298524699541e-02,7.254509669968606765e-03,1.276858764781470083e-02,1.496445940890385289e-02,2.160087184241773692e-02,1.379332780298963938e-02,3.788285430797508346e-02,3.931423738187023176e-02,1.206916182761593424e-02,2.960360448283153728e-02,7.788025179329527425e-02,3.677678556905610019e-02,5.105808487450999578e-02,3.617495404935018588e-02,8.002732640413800363e-03,3.080726752224336937e-02
1.976284584980237194e-02,3.183200767741830445e-02,2.316238065030335608e-02,1.488313082515980990e-02,5.138339920948616774e-02,6.241155516517835067e-02,7.059321068982904457e-02,1.691634541876087597e-02,7.675791733762747648e-02,4.349452658631402374e-02,5.943492900014639424e-02,4.569039834740317579e-02,9.874916638201662600e-02,2.761918703947689388e-02,2.778184420696497986e-02,2.449616942370565556e-02,1.384212495323606379e-02,0.000000000000000000e+00,3.118137900746596400e-02,5.706013435482034518e-02,3.689064558629776003e-02,1.020999040322711771e-01,9.113681094357423129e-02,4.268124074887359731e-02,7.174807657899445745e-02,1.763366352738333365e-01,9.961124936970347510e-02,1.227410985865092091e-01,9.476406577855853164e-02,2.286959774882480270e-02,6.873891898046487203e-02,2.835114429317327905e-02,2.007189446802973287e-02,2.508173522666276231e-02,1.600546528082760073e-02,3.243383919712421876e-02,1.367946778574797954e-02,1.042632443598627209e-02,2.592755249760080732e-02,1.441142503944436298e-02,2.648058686706029549e-02,1.875437141137624095e-02,2.711494982026382838e-02,6.522552416272223326e-03,6.506286699523414901e-03,2.075505457147969191e-02,3.368629938678247698e-02,4.360838660355568358e-02,1.551749377836334279e-02,4.936645033263390575e-02,6.678703297060785415e-02,6.836480749524227740e-02,1.907968574635241291e-02,8.832284194603035044e-02,5.183883927845280709e-02,7.386261975633956478e-02,4.941524748288033536e-02,9.751297190910716839e-02,3.196213341140877184e-02,2.809089282519234079e-02,2.610647538183770086e-02,1.849411994339530615e-02,3.256396493111468615e-02,3.853348297792742044e-02,5.564501699767400444e-02,3.581710828087639881e-02,9.761056620960002761e-02,1.025065469509914007e-01,3.140909904194928021e-02,7.675791733762747648e-02,2.028822850078888795e-01,9.515444298052994077e-02,1.309715512614063326e-01,9.206395679825631062e-02,1.986044015029522422e-02,7.981587208640349151e-02
1.719286260349062179e-02,2.747279558873761893e-02,2.051106882024756467e-02,1.298004196554921122e-02,4.422648384001041239e-02,5.455521397550382873e-02,6.135428357650579700e-02,1.496445940890385289e-02,6.720994160607687840e-02,3.802924575871435842e-02,5.175751069470876237e-02,3.973714601733925600e-02,8.528115291400314990e-02,2.399193220449259006e-02,2.425218367247352833e-02,2.134062037443679866e-02,1.237821044584329691e-02,3.118137900746596400e-02,0.000000000000000000e+00,5.026106475381837690e-02,3.197839912815757940e-02,8.861562484750890034e-02,8.001106068738919608e-02,3.729728850501797671e-02,6.244408659867597272e-02,1.533043803575204478e-01,8.707038175637209221e-02,1.060687389189804708e-01,8.290635826867710778e-02,1.973031441630475336e-02,5.979277476862018131e-02,2.491907805917467633e-02,1.733925405422990021e-02,2.181232616015224557e-02,1.393971925372891607e-02,2.843247287691732031e-02,1.203663039411831739e-02,9.190129963076823158e-03,2.267440914783909814e-02,1.255713333008019045e-02,2.317864636705216363e-02,1.634704533255258024e-02,2.394313505424616392e-02,5.806860879324647444e-03,5.693000862082987605e-03,1.774589697295011342e-02,2.934335301485059902e-02,3.807804290896078109e-02,1.369573350249678710e-02,4.273003789912002692e-02,5.873550317994762765e-02,5.949999186714162447e-02,1.649343678329185520e-02,7.809170611102977944e-02,4.494217537695798653e-02,6.371281250508303851e-02,4.282763219961287920e-02,8.461425852730200536e-02,2.771678133996974616e-02,2.426844938922233588e-02,2.273947201483433531e-02,1.602173099757640828e-02,2.851380146066136503e-02,3.350737650254558692e-02,4.895980741391369601e-02,3.020543600253745159e-02,8.557393581548171368e-02,8.882707916524341940e-02,2.737520128824476665e-02,6.729127018982090924e-02,1.761251809560988313e-01,8.326420403715090179e-02,1.136973600741716661e-01,8.085687795832723068e-02,1.743684835472275249e-02,6.924315619967794100e-02
3.139283332520047265e-02,5.029359618731599202e-02,3.786658859122626897e-02,2.355275785227476174e-02,7.986466923664990725e-02,9.928593503472731008e-02,1.097773223377088159e-01,2.701735551977097957e-02,1.214398412466045352e-01,6.873891898046487203e-02,9.318629125392410839e-02,7.142276224401827855e-02,1.550448120496429605e-01,4.430781242375445017e-02,4.468192390897705174e-02,3.881000016265716973e-02,2.256054913059743830e-02,5.706013435482034518e-02,5.026106475381837690e-02,0.000000000000000000e+00,5.852404886221311553e-02,1.632427332910424689e-01,1.458384163698173419e-01,6.694969013809592973e-02,1.137136257909204806e-01,2.787943850745783214e-01,1.598269327737926737e-01,1.948307552172286461e-01,1.512874314806681997e-01,3.692317701979537514e-02,1.095496023032254962e-01,4.424274955675921994e-02,3.127897330795881281e-02,3.967208315034401883e-02,2.519559524390442215e-02,5.179004212820637748e-02,2.150327754192488464e-02,1.655849965028708889e-02,3.983474031783210828e-02,2.251175198035101563e-02,4.216073781291172773e-02,2.939215016509702516e-02,4.328307226857951162e-02,9.987150083768442030e-03,1.019860440150295242e-02,3.277541924884919827e-02,5.349794238683127506e-02,6.955220481790530540e-02,2.374794645326046283e-02,7.661152588688820153e-02,1.059223474682411820e-01,1.066705704386863851e-01,3.043315603702077127e-02,1.407472470274402643e-01,8.080808080808081495e-02,1.162673433204834128e-01,7.768506319230956969e-02,1.526049545373216743e-01,5.032612762081361407e-02,4.484458107646513425e-02,4.172156346069389593e-02,2.880658436213991841e-02,5.213162217993135700e-02,6.236275801493192800e-02,9.128320239431350624e-02,5.653963141885846866e-02,1.583630182663998964e-01,1.633891247417817438e-01,4.988695326859578227e-02,1.211958554953724010e-01,3.207762000032531313e-01,1.523935002195871691e-01,2.068348541778493588e-01,1.481318824313993532e-01,3.254769921436587859e-02,1.264008848549911246e-01
2.127555750744156496e-02,3.248263634737064837e-02,2.392686933749735637e-02,1.533857089412644925e-02,5.346541095333365995e-02,6.356642105434376355e-02,7.278908245091819662e-02,1.800614844093104822e-02,7.667658875388344564e-02,4.531628686218058116e-02,6.124042355926413717e-02,4.913873029815058607e-02,1.007335838253712590e-01,2.874152149514468471e-02,2.999398168480293947e-02,2.498414092616991003e-02,1.460661364043006581e-02,3.689064558629776003e-02,3.197839912815757940e-02,5.852404886221311553e-02,0.000000000000000000e+00,1.035312871061663392e-01,9.517070869727874138e-02,4.586932123164007280e-02,7.326078823663365047e-02,1.836724735275459819e-01,1.007823809756176886e-01,1.256851933180435643e-01,9.616291741895606482e-02,2.356902356902356929e-02,7.117877649278615826e-02,2.921322728086013162e-02,2.062492883748922451e-02,2.639925828331625424e-02,1.675368825127279346e-02,3.332845361830868991e-02,1.418370500496104331e-02,1.088176450495291145e-02,2.680590120203646745e-02,1.507831942614551272e-02,2.799329852469949198e-02,1.925860863058930644e-02,2.760292132272808632e-02,6.457489549276988761e-03,6.620146716765073873e-03,2.174726329315701187e-02,3.440199092373005113e-02,4.438914100749849490e-02,1.527350802713121555e-02,5.074903625628263137e-02,6.800696172676848339e-02,7.051188210608499984e-02,2.031588021926186011e-02,8.915239350021958442e-02,5.370939670456578718e-02,7.586330291644301227e-02,5.362806812082174246e-02,1.003594723401486644e-01,3.272662209860277560e-02,2.966866734982677098e-02,2.704988695326859469e-02,1.911221717985003149e-02,3.308446786707656267e-02,3.954195741635355144e-02,5.657216285235609071e-02,3.863107727842027272e-02,9.933473218497372581e-02,1.054343759657769275e-01,3.287301354934205055e-02,7.776639177605361442e-02,2.109988776655443432e-01,9.665088892142031929e-02,1.345174775126465883e-01,9.445501716033116724e-02,2.064119455423803207e-02,8.184908668000455412e-02
