0.000000000000000000e+00,1.217047648987290565e-02,8.521579018278170256e-03,5.400368257960210493e-03,1.593164772982440247e-02,2.603628688193290394e-02,2.701306866663672618e-02,4.210266313378542569e-03,2.682220326043023226e-02,1.542641577221897861e-02,1.826694211164503479e-02,1.346162482597565956e-02,3.872322270624690976e-02,1.036286881932905156e-02,1.151928863340369140e-02,8.465442134099788671e-03,5.198275474918040255e-03,1.395562940674540883e-02,1.175506354695289059e-02,2.584542147572641002e-02,1.223784075088696355e-02,4.337135671621682176e-02,3.123456235685094506e-02,1.410158530560919748e-02,3.187452283648448126e-02,7.450487268154667997e-02,3.891408811245340715e-02,5.823640364665199493e-02,3.926213679435936604e-02,8.341940988907350918e-03,2.669870211523779624e-02,9.015583599047917798e-03,5.984191853415367704e-03,1.096914716845556227e-02,7.129384290654331227e-03,1.205820272151614421e-02,3.727489109444469609e-03,3.671352225266088891e-03,1.093546503794853332e-02,6.141375129114833541e-03,9.846409484887951383e-03,6.747653478241343386e-03,7.578479364081376103e-03,2.672115686890914887e-03,2.672115686890914887e-03,7.140611667490007544e-03,1.283289172317779621e-02,1.736875196479094677e-02,5.389140881124534176e-03,1.782907441505366536e-02,3.026900794898279914e-02,2.969641173036331738e-02,6.085238244936452823e-03,3.834149189383392192e-02,1.814344096645259877e-02,2.793371356716216683e-02,1.885076570710019286e-02,3.507432523465217611e-02,1.127228634301881763e-02,1.124983158934746499e-02,1.002604751425876899e-02,6.770108231912696020e-03,1.318094040508375683e-02,1.359635334800377189e-02,2.202811335159653161e-02,1.435981497282974757e-02,4.457268603763416687e-02,4.000314366551398909e-02,1.034041406565769892e-02,2.888804059819463643e-02,8.235280908968428681e-02,4.287735213544707075e-02,5.248798670678582468e-02,3.454663852337539615e-02,8.038801814344097296e-03,3.067319351506713962e-02
1.217047648987290565e-02,0.000000000000000000e+00,1.681861049984281764e-02,1.093546503794853332e-02,3.214397988054071287e-02,5.272376162033502733e-02,5.439664076885076388e-02,8.319486235236000019e-03,5.429559437732968397e-02,3.072933039924552120e-02,3.651142946961871694e-02,2.636188081016751367e-02,7.880495800961064001e-02,2.123096959626353045e-02,2.261193694705168969e-02,1.682983787667849396e-02,1.029550455831499539e-02,2.815826110387568970e-02,2.313962365832846965e-02,5.226343917007230527e-02,2.384694839897606375e-02,8.737144653523150339e-02,6.262630798940135857e-02,2.763057439259891321e-02,6.368168141195490461e-02,1.476512327659765533e-01,7.895091390847441826e-02,1.179548210356132359e-01,7.940000898190147094e-02,1.676247361566443606e-02,5.341985898414694511e-02,1.817712309695962772e-02,1.212556698253020211e-02,2.175865630754030694e-02,1.416894956662325365e-02,2.466654690798042102e-02,7.511115103067319068e-03,7.230430682175416346e-03,2.179233843804733589e-02,1.242870615709345747e-02,1.943458930255535094e-02,1.328198679660484195e-02,1.557237167108276900e-02,5.445277765302914894e-03,5.288094489603449057e-03,1.419140432029460629e-02,2.586787622939776266e-02,3.461400278438945405e-02,1.089055553060582979e-02,3.603987964252031856e-02,6.061660753581533251e-02,5.971841738896124102e-02,1.219293124354425828e-02,7.654825526563974192e-02,3.634301881708357912e-02,5.588988188799568629e-02,3.738716486280145579e-02,7.040688013652490751e-02,2.306103202047873543e-02,2.262316432388736601e-02,1.999595814433915639e-02,1.352898908698971572e-02,2.649660933219562600e-02,2.700184128980104986e-02,4.462882292181254845e-02,2.864103830780976440e-02,8.990883370009430942e-02,8.069115731800421965e-02,2.013068666636726872e-02,5.828131315399470019e-02,1.651996227601383316e-01,8.641711950419904420e-02,1.056159338932051855e-01,6.973323752638434236e-02,1.631337854223739031e-02,6.154847981317644601e-02
8.521579018278170256e-03,1.681861049984281764e-02,0.000000000000000000e+00,7.533569856738671702e-03,2.199443122108950613e-02,3.600619751201329655e-02,3.721875421026631103e-02,5.692280055687789532e-03,3.733102797862307420e-02,2.115237795841379623e-02,2.525037050343557563e-02,1.839044325683747080e-02,5.390263618808101981e-02,1.464049939372165030e-02,1.602146674450981301e-02,1.178874567745991780e-02,7.118156913818655777e-03,1.935599766470561672e-02,1.644810706426550612e-02,3.648897471594736430e-02,1.689720213769254839e-02,6.084115507252885191e-02,4.313558180266762604e-02,1.925495127318453334e-02,4.387658867382224909e-02,1.028764539453002197e-01,5.391386356491669613e-02,8.128620829029505057e-02,5.463241568239996654e-02,1.175506354695289059e-02,3.683702339785332319e-02,1.206943009835182053e-02,8.173530336372209631e-03,1.525800511968383733e-02,9.868864238559302282e-03,1.700947590604931156e-02,5.231957605425068339e-03,4.962500561368841934e-03,1.476400053891408805e-02,8.645080163470606274e-03,1.386581039205999830e-02,9.408541788296581956e-03,1.087932815377015347e-02,3.671352225266088891e-03,3.682579602101764774e-03,1.009341177527282515e-02,1.779539228454663988e-02,2.402658642834688135e-02,7.589706740917052420e-03,2.470022903848744650e-02,4.225984640948488719e-02,4.105851708806754208e-02,8.308258858400323701e-03,5.321776620110477141e-02,2.505950509722908170e-02,3.865585844523285880e-02,2.581173934521938454e-02,4.855840481429919003e-02,1.595410248349575510e-02,1.548255265639735846e-02,1.383212826155297108e-02,9.318722773611173155e-03,1.827816948848071110e-02,1.883953833026451655e-02,3.093142318228769144e-02,1.952440831724076148e-02,6.230071406116675231e-02,5.522746665469079747e-02,1.413526743611622644e-02,4.025014595589886113e-02,1.137557820990703766e-01,5.969596263528988839e-02,7.322495172227960758e-02,4.819912875555755483e-02,1.137333273453990275e-02,4.266403197556922766e-02
5.400368257960210493e-03,1.093546503794853332e-02,7.533569856738671702e-03,0.000000000000000000e+00,1.426999595814433877e-02,2.364485561593389351e-02,2.406026855885391030e-02,3.682579602101764774e-03,2.418376970404634632e-02,1.380967350788161845e-02,1.635828804958009558e-02,1.188979206898100292e-02,3.511923474199488138e-02,9.599407194503075877e-03,1.017200341312255764e-02,7.544797233574348019e-03,4.648134009969910260e-03,1.251852517177886627e-02,1.045268783401446036e-02,2.345399020972739959e-02,1.075582700857771572e-02,3.909372614182422129e-02,2.790003143665514135e-02,1.240625140342210483e-02,2.848385503211029943e-02,6.621906857681771064e-02,3.543360129339381132e-02,5.249921408362150099e-02,3.547851080073651658e-02,7.398841334710558500e-03,2.397044954416849977e-02,8.083711321686800830e-03,5.333003996946153458e-03,9.857636861723627700e-03,6.388377419499708179e-03,1.105896618314097107e-02,3.345758297031481768e-03,3.255939282346072532e-03,9.666771455517133779e-03,5.580006287331028096e-03,8.835945569677100195e-03,6.029101360758072105e-03,7.073247406475951377e-03,2.413886019670364366e-03,2.391431265999012165e-03,6.455741680513764347e-03,1.157542551758207298e-02,1.563973593209682517e-02,4.917591054026137533e-03,1.617865002020927798e-02,2.721516144967889642e-02,2.674361162258050151e-02,5.456505142138590343e-03,3.429963623299052411e-02,1.636951542641577190e-02,2.527282525710692826e-02,1.716665918174877653e-02,3.142542776305744245e-02,1.036286881932905156e-02,1.019445816679391027e-02,8.936991961198185314e-03,6.051556114429424739e-03,1.185610993847397571e-02,1.231643238873669603e-02,2.000718552117483270e-02,1.282166434634211989e-02,4.022769120222750849e-02,3.598374275834194391e-02,9.183994251583060819e-03,2.603628688193290394e-02,7.441505366686126943e-02,3.839762877801230351e-02,4.741321237706022651e-02,3.093142318228769144e-02,7.309022320025149698e-03,2.746216374006377192e-02
1.593164772982440247e-02,3.214397988054071287e-02,2.199443122108950613e-02,1.426999595814433877e-02,0.000000000000000000e+00,6.925046032245026073e-02,7.220326043023307661e-02,1.092423766111285700e-02,7.149593568958548251e-02,4.154129429200161677e-02,4.825526563973592947e-02,3.500696097363811821e-02,1.045830152243229921e-01,2.786634930614811240e-02,2.976377599137737529e-02,2.239861678717384313e-02,1.392194727623837988e-02,3.726366371760901630e-02,3.080792203709525195e-02,6.861049984281672454e-02,3.173979431445637239e-02,1.148785197826379806e-01,8.175775811739345589e-02,3.650020209278304062e-02,8.496878789239682706e-02,1.931894732114788626e-01,1.030448645978353645e-01,1.565096330893250010e-01,1.047401985000224606e-01,2.216284187362464742e-02,7.032828849867517329e-02,2.468900166165177018e-02,1.615619526653792534e-02,2.905645125072978119e-02,1.914267750482777364e-02,3.270534872232451484e-02,9.925001122737683867e-03,9.745363093366866264e-03,2.940449993263574008e-02,1.623478690438765956e-02,2.567701082319126873e-02,1.748102573314770647e-02,2.078187452283648470e-02,7.297794943189473381e-03,7.129384290654331227e-03,1.873849193874343316e-02,3.387299591323483100e-02,4.557192257600933827e-02,1.438226972650110021e-02,4.781739794314456699e-02,8.012978847622041767e-02,7.977051241747877552e-02,1.612251313603089639e-02,1.015853056091974710e-01,4.887277136569811997e-02,7.420173350698343329e-02,4.895136300354785419e-02,9.374859657789554046e-02,3.041496384784658780e-02,2.928099878744330059e-02,2.668747473840211992e-02,1.817712309695962772e-02,3.539991916288678236e-02,3.595006062783491496e-02,5.870795347375039330e-02,3.809448960344904989e-02,1.184263708627116413e-01,1.055485696321911415e-01,2.673238424574482519e-02,7.726680738312301233e-02,2.169129204652625043e-01,1.133740512866573819e-01,1.394664750527686847e-01,9.209817218305114961e-02,2.145551713297704985e-02,8.140970943548749006e-02
2.603628688193290394e-02,5.272376162033502733e-02,3.600619751201329655e-02,2.364485561593389351e-02,6.925046032245026073e-02,0.000000000000000000e+00,1.166973548300175162e-01,1.773925540036825829e-02,1.161696681187407432e-01,6.573629137288364288e-02,7.805272376162034065e-02,5.578883549647460638e-02,1.690169308842681961e-01,4.595365338842232611e-02,4.812053711770782061e-02,3.603987964252031856e-02,2.212915974311761846e-02,6.077379081151480095e-02,4.973727938204517557e-02,1.120941303273903095e-01,5.064669690573494337e-02,1.880473346207392205e-01,1.337068307360668173e-01,5.876409035792877489e-02,1.375915031212107675e-01,3.164211613598598705e-01,1.688372928548973750e-01,2.536376700947590712e-01,1.702743970898639159e-01,3.586024161314950442e-02,1.143283783176898549e-01,3.917231777967395551e-02,2.593524049041182056e-02,4.677325189742668338e-02,3.059460187721740540e-02,5.341985898414694511e-02,1.623478690438765956e-02,1.532536938069789349e-02,4.650379485337045871e-02,2.682220326043023226e-02,4.163111330668702731e-02,2.843894552476759416e-02,3.367090313019266423e-02,1.160910764808910020e-02,1.144069699555395891e-02,3.048232810886064570e-02,5.505905600215565965e-02,7.417927875331208065e-02,2.337539857187766537e-02,7.719944312210895443e-02,1.303273903085283292e-01,1.280706875645574172e-01,2.599137737459020214e-02,1.647954371940539842e-01,7.730048951363004128e-02,1.193133336327300426e-01,7.933264472088741304e-02,1.508510351641442482e-01,4.978218888938788084e-02,4.800826334935105744e-02,4.291103426595409970e-02,2.868594781515246619e-02,5.679929941168545410e-02,5.770871693537522190e-02,9.562356850945345765e-02,6.070642655050074304e-02,1.930884268199577758e-01,1.730026496609332332e-01,4.305699016481789182e-02,1.246351102528405197e-01,3.529213634526429111e-01,1.851057618897920809e-01,2.274105178066196664e-01,1.499865271477971995e-01,3.531010014820137183e-02,1.321686801095791897e-01
2.701306866663672618e-02,5.439664076885076388e-02,3.721875421026631103e-02,2.406026855885391030e-02,7.220326043023307661e-02,1.166973548300175162e-01,0.000000000000000000e+00,1.857008128620829188e-02,1.206606188530111867e-01,6.974446490322000480e-02,8.160057484169398745e-02,5.912336641667041010e-02,1.756186284636457595e-01,4.721111959401805280e-02,5.029864822382898448e-02,3.764539453002200414e-02,2.326312480352090567e-02,6.271612700408676910e-02,5.190416311133067007e-02,1.158103920599991010e-01,5.354336012933938460e-02,1.945255310549243166e-01,1.383212826155297004e-01,6.144743342165536609e-02,1.431265999011990808e-01,3.270422598464094999e-01,1.738671576772802818e-01,2.637198544931961819e-01,1.765954102483495713e-01,3.739839223963713211e-02,1.186284636457538011e-01,4.115956347958862893e-02,2.705797817397943145e-02,4.874927022050568048e-02,3.203170611218394970e-02,5.522746665469079747e-02,1.682983787667849396e-02,1.633583329590874295e-02,4.926572955494678413e-02,2.748461849373512456e-02,4.329276507836708754e-02,2.956168320833520505e-02,3.506309785781649979e-02,1.227152288139399076e-02,1.197961108366641172e-02,3.175102169129204871e-02,5.727084923878385248e-02,7.684016706336731228e-02,2.419499708088202264e-02,8.057888354964745647e-02,1.351776171015403871e-01,1.340885615484798121e-01,2.721516144967889642e-02,1.713859073965958713e-01,8.192616876992860064e-02,1.247922935285399881e-01,8.280190416311132562e-02,1.574976422508645169e-01,5.133156689271118484e-02,4.944536758431759826e-02,4.485337045852606785e-02,3.049355548569632202e-02,5.944896034490501635e-02,6.042574212960883512e-02,9.905914582117034128e-02,6.399604796335384149e-02,2.000943099654196866e-01,1.783917905420577543e-01,4.479723357434768627e-02,1.299681142497866870e-01,3.657205730453136905e-01,1.918870974985404376e-01,2.352809089684286259e-01,1.555216239277855128e-01,3.623074504872681595e-02,1.371873175551264201e-01
4.210266313378542569e-03,8.319486235236000019e-03,5.692280055687789532e-03,3.682579602101764774e-03,1.092423766111285700e-02,1.773925540036825829e-02,1.857008128620829188e-02,0.000000000000000000e+00,1.822203260430232952e-02,1.055373422553554548e-02,1.250729779494318995e-02,9.060493106390623066e-03,2.663133785422373834e-02,7.174293797997035628e-03,7.724435262945165623e-03,5.658597925180760581e-03,3.514168949566623054e-03,9.453451295639287225e-03,7.881618538644630592e-03,1.763820900884717144e-02,8.207212466879238583e-03,2.977500336821305160e-02,2.118606008892082518e-02,9.408541788296581956e-03,2.159024565500516565e-02,5.004041855660843613e-02,2.648538195535994968e-02,4.010419005703507594e-02,2.696815915929402091e-02,5.703507432523464982e-03,1.803116719809583560e-02,6.107692998607805457e-03,4.142902052364485534e-03,7.331477073696501465e-03,4.737953024655319929e-03,8.375623119414379869e-03,2.571069295369829769e-03,2.436340773341716566e-03,7.410068711546233949e-03,4.232721067049894335e-03,6.601697579377553866e-03,4.490950734270445291e-03,5.321776620110477141e-03,1.886199308393587005e-03,1.773925540036825786e-03,4.805317285669376097e-03,8.678762293977635225e-03,1.171015403961018532e-02,3.716261732608793292e-03,1.222661337405128723e-02,2.061346387030134342e-02,2.032155207257376264e-02,4.109219921857457450e-03,2.611487851978263816e-02,1.229397763506534340e-02,1.891812996811425077e-02,1.261957156329995139e-02,2.397044954416849977e-02,7.971437553330039394e-03,7.511115103067319068e-03,6.736426101405667936e-03,4.603224502627205859e-03,9.004356222212241481e-03,9.082947860061975701e-03,1.507836709031301972e-02,9.689226209188484679e-03,3.023532581847577019e-02,2.718147931917186746e-02,6.713971347734315302e-03,1.979386536129698615e-02,5.528360353886917905e-02,2.934836304845735849e-02,3.588269636682085706e-02,2.371221987694795141e-02,5.478959895809942977e-03,2.081555665334351365e-02
2.682220326043023226e-02,5.429559437732968397e-02,3.733102797862307420e-02,2.418376970404634632e-02,7.149593568958548251e-02,1.161696681187407432e-01,1.206606188530111867e-01,1.822203260430232952e-02,0.000000000000000000e+00,6.855436295863834295e-02,8.052274666546907489e-02,5.782099070373197813e-02,1.749113037229981515e-01,4.737953024655319756e-02,4.971482462837382987e-02,3.746575650065119001e-02,2.290384874477927046e-02,6.276103651142947437e-02,5.174697983563120163e-02,1.163156240176045214e-01,5.273498899717070365e-02,1.955809044774778904e-01,1.374792293528540044e-01,6.006646607086719991e-02,1.420599991018098585e-01,3.262338887142408050e-01,1.741366147213365134e-01,2.631697130282480979e-01,1.763259532042933397e-01,3.751066600799389528e-02,1.177639556294067386e-01,3.959895809942964862e-02,2.629451654915345576e-02,4.804194547985808639e-02,3.138051825571473719e-02,5.530605829254053168e-02,1.674001886199308342e-02,1.584182871513899540e-02,4.730093860870346334e-02,2.745093636322809560e-02,4.303453541114653919e-02,2.919117977275789352e-02,3.519782637984461560e-02,1.190101944581667924e-02,1.185610993847397571e-02,3.156015628508555132e-02,5.693402793371356990e-02,7.671666591817487280e-02,2.417254232721067000e-02,7.971437553330039394e-02,1.349193874343198318e-01,1.326514573135132713e-01,2.690079489827996648e-02,1.717002739479947804e-01,8.066870256433286701e-02,1.235348273229442684e-01,8.175775811739345589e-02,1.564198140746395904e-01,5.141015853056091905e-02,4.931063906228948940e-02,4.457268603763416687e-02,3.003323303543359996e-02,5.915704854717743905e-02,6.001032918668882526e-02,9.902546369066331233e-02,6.265999011990838752e-02,2.002964027484618603e-01,1.777742848160955569e-01,4.441550276193469843e-02,1.294853370458526054e-01,3.643059235640185300e-01,1.917299142228409692e-01,2.352135447074145680e-01,1.550725288543584601e-01,3.664615799164683274e-02,1.361543988862442267e-01
1.542641577221897861e-02,3.072933039924552120e-02,2.115237795841379623e-02,1.380967350788161845e-02,4.154129429200161677e-02,6.573629137288364288e-02,6.974446490322000480e-02,1.055373422553554548e-02,6.855436295863834295e-02,0.000000000000000000e+00,4.639152108501369554e-02,3.318812592625858954e-02,9.993488121435308014e-02,2.713656981182916567e-02,2.840526339426056521e-02,2.145551713297704985e-02,1.319216778191943315e-02,3.547851080073651658e-02,2.955045583149952873e-02,6.605065792428256588e-02,3.047110073202496938e-02,1.108029819912875608e-01,7.827727129833385311e-02,3.435577311716890569e-02,8.119638927560964003e-02,1.846342120626936756e-01,9.828445681950868928e-02,1.507275340189518087e-01,1.000247002290384907e-01,2.144428975614137353e-02,6.709480397000044949e-02,2.280280235325818361e-02,1.519064085866978116e-02,2.766425652310594216e-02,1.805362195176718823e-02,3.185206808281312862e-02,9.576952440831723243e-03,9.150312121076031868e-03,2.750707324740647719e-02,1.561728117842547253e-02,2.470022903848744650e-02,1.676247361566443606e-02,2.015314142003862136e-02,6.949746261283513624e-03,6.702743970898638985e-03,1.823325998113800583e-02,3.246957380877531912e-02,4.342749360039520334e-02,1.387703776889567461e-02,4.594242601158664979e-02,7.655948264247541823e-02,7.669421116450352016e-02,1.522432298917680837e-02,9.749854044101136097e-02,4.680693402793371233e-02,7.063142767323841997e-02,4.668343288274127978e-02,8.959446714869537254e-02,2.958413796200655768e-02,2.773162078411999659e-02,2.541878115597072038e-02,1.732384245744824150e-02,3.368213050702834055e-02,3.425472672564781884e-02,5.627161270040867413e-02,3.647774733911168799e-02,1.134414155476714398e-01,1.003952036646157953e-01,2.514932411191449224e-02,7.413436924596937538e-02,2.069317824583464249e-01,1.088045089145372041e-01,1.340211972874657542e-01,8.842681995778506332e-02,2.065837337764404869e-02,7.756994655768625901e-02
1.826694211164503479e-02,3.651142946961871694e-02,2.525037050343557563e-02,1.635828804958009558e-02,4.825526563973592947e-02,7.805272376162034065e-02,8.160057484169398745e-02,1.250729779494318995e-02,8.052274666546907489e-02,4.639152108501369554e-02,0.000000000000000000e+00,3.966632236044370652e-02,1.175506354695289024e-01,3.184084070597745231e-02,3.382808640589212573e-02,2.516055148875016856e-02,1.553868954057574005e-02,4.197916198859298620e-02,3.477118606008892249e-02,7.779449409439978536e-02,3.611847128037005278e-02,1.304958009610634462e-01,9.292899806889118319e-02,4.109219921857457103e-02,9.565725063996047273e-02,2.197085372973458517e-01,1.168882202362240136e-01,1.767862756545560687e-01,1.184600529932186702e-01,2.502582296672205622e-02,7.933264472088741304e-02,2.702429604347240250e-02,1.796380293708178116e-02,3.248080118561099544e-02,2.111869582790676728e-02,3.709525306507387848e-02,1.132842322719719748e-02,1.068846274756365955e-02,3.231239053307585068e-02,1.854762653253693924e-02,2.921363452642924616e-02,1.990613912965374932e-02,2.373467463061930058e-02,8.173530336372209631e-03,7.948982799658688495e-03,2.139938024879867173e-02,3.828535500965554728e-02,5.165716082094579109e-02,1.642565231059415348e-02,5.413841110163021553e-02,9.061615844074190351e-02,8.950464813400997588e-02,1.805362195176718823e-02,1.150469304351731253e-01,5.467732518974267181e-02,8.371132168680109342e-02,5.593479139533839156e-02,1.052454304576278810e-01,3.490591458211703135e-02,3.341267346297210894e-02,2.986482238289845867e-02,2.031032469573808633e-02,3.967754973727938284e-02,4.042978398526968220e-02,6.663448151973773437e-02,4.282121525126869610e-02,1.339313782727803437e-01,1.193806978937441005e-01,2.996586877441954552e-02,8.722549063636772515e-02,2.449476804239457406e-01,1.287780123052050252e-01,1.581376027304980392e-01,1.041226927740602631e-01,2.450936363228095258e-02,9.166030448645978712e-02
1.346162482597565956e-02,2.636188081016751367e-02,1.839044325683747080e-02,1.188979206898100292e-02,3.500696097363811821e-02,5.578883549647460638e-02,5.912336641667041010e-02,9.060493106390623066e-03,5.782099070373197813e-02,3.318812592625858954e-02,3.966632236044370652e-02,0.000000000000000000e+00,8.456460232631247964e-02,2.307225939731441175e-02,2.493600395203664569e-02,1.822203260430232952e-02,1.113755782099070356e-02,2.984236762922710604e-02,2.546369066331342218e-02,5.637265909192976099e-02,2.663133785422373834e-02,9.408541788296582997e-02,6.767862756545560410e-02,3.005568778910495259e-02,6.876768311851619297e-02,1.605290339964970669e-01,8.394709660035029608e-02,1.276665019984730698e-01,8.506983428391790003e-02,1.814344096645259877e-02,5.758521579018278241e-02,1.943458930255535094e-02,1.310234876723402261e-02,2.376835676112632953e-02,1.529168725019086454e-02,2.676606637625185414e-02,8.184757713207885949e-03,7.746890016616517390e-03,2.348767234023442854e-02,1.350653433331836309e-02,2.134324336462029015e-02,1.457313513270759413e-02,1.694211164503525366e-02,5.928054969236987853e-03,5.725962186194817616e-03,1.589796559931737699e-02,2.774284816095567291e-02,3.746575650065119001e-02,1.192347419948803187e-02,3.904881663448152296e-02,6.544437957515605864e-02,6.486055597970090403e-02,1.305743925989131908e-02,8.245385548120537367e-02,3.932950105537342395e-02,6.063906228948668514e-02,4.101360758072483681e-02,7.633493510576189189e-02,2.507073247406475802e-02,2.436340773341716393e-02,2.151165401715543143e-02,1.467418152422867925e-02,2.855121929312435386e-02,2.928099878744330059e-02,4.803071810302241007e-02,3.139174563255041350e-02,9.643193964162212473e-02,8.641711950419904420e-02,2.210670498944626583e-02,6.279471864193650332e-02,1.784928369335788412e-01,9.296268019939821214e-02,1.143283783176898549e-01,7.517851529168724511e-02,1.767189113935420039e-02,6.648852562087394225e-02
3.872322270624690976e-02,7.880495800961064001e-02,5.390263618808101981e-02,3.511923474199488138e-02,1.045830152243229921e-01,1.690169308842681961e-01,1.756186284636457595e-01,2.663133785422373834e-02,1.749113037229981515e-01,9.993488121435308014e-02,1.175506354695289024e-01,8.456460232631247964e-02,0.000000000000000000e+00,6.865540935015942980e-02,7.247271747428930821e-02,5.443032289935779283e-02,3.343512821664346157e-02,9.091929761530516407e-02,7.469573808775317736e-02,1.683208335204562922e-01,7.672789329501054911e-02,2.829635783895450563e-01,2.000269457044056287e-01,8.804508914537206854e-02,2.064826873849194000e-01,4.733125252615978940e-01,2.522903848744779132e-01,3.811357614406969962e-01,2.559617370997440133e-01,5.413841110163021553e-02,1.709480397000044949e-01,5.866304396640768803e-02,3.867831319890421143e-02,6.976691965689135744e-02,4.579647011272286461e-02,8.010733372254906504e-02,2.422867921138905159e-02,2.328557955719225830e-02,6.998023981676920746e-02,3.974491399829344074e-02,6.215475816230296019e-02,4.246193919252706089e-02,5.089369919611981541e-02,1.749225310998338279e-02,1.724525081959850728e-02,4.557192257600933827e-02,8.282435891678267825e-02,1.111173485426864838e-01,3.501818835047379452e-02,1.162145776260834484e-01,1.953900390712713930e-01,1.933354291103426548e-01,3.917231777967395551e-02,2.477432972560290880e-01,1.177527282525710761e-01,1.796604841244891504e-01,1.191786051107019406e-01,2.274891094444694006e-01,7.450487268154667997e-02,7.159698208110656936e-02,6.449005254412358557e-02,4.385413392015089645e-02,8.551892935734495271e-02,8.681007769344770142e-02,1.438114698881753362e-01,9.183994251583060819e-02,2.903175102169129329e-01,2.581286208290294870e-01,6.442268828310952766e-02,1.879575156060538099e-01,5.292809987874432798e-01,2.772376162033502456e-01,3.410427987604975897e-01,2.252997709615125466e-01,5.280235325818475461e-02,1.977702429604347167e-01
1.036286881932905156e-02,2.123096959626353045e-02,1.464049939372165030e-02,9.599407194503075877e-03,2.786634930614811240e-02,4.595365338842232611e-02,4.721111959401805280e-02,7.174293797997035628e-03,4.737953024655319756e-02,2.713656981182916567e-02,3.184084070597745231e-02,2.307225939731441175e-02,6.865540935015942980e-02,0.000000000000000000e+00,1.954686307091211064e-02,1.475277316207841173e-02,9.127857367404679234e-03,2.452059100911662889e-02,2.033277944940943896e-02,4.558314995284501459e-02,2.083801140701486629e-02,7.617775183006242345e-02,5.409350159428751026e-02,2.399290429783985240e-02,5.562042484393946162e-02,1.274082723312525145e-01,6.854313558180266663e-02,1.027529528001077802e-01,6.922800556877890810e-02,1.464049939372165030e-02,4.623433780931423404e-02,1.575200970045358487e-02,1.028427718147931907e-02,1.881708357659316391e-02,1.231643238873669603e-02,2.137692549512731910e-02,6.545560695199174016e-03,6.332240535321327461e-03,1.887322046077154550e-02,1.066600799389230692e-02,1.689720213769254839e-02,1.158665289441774757e-02,1.389949252256702725e-02,4.681816140476939211e-03,4.648134009969910260e-03,1.229397763506534340e-02,2.255580006287331157e-02,3.016796155746171576e-02,9.509588179817667075e-03,3.148156464723581710e-02,5.291462702654151778e-02,5.231957605425068686e-02,1.056496160237122180e-02,6.691516594062962842e-02,3.203170611218394970e-02,4.894013562671217787e-02,3.284007724435263065e-02,6.145866079849104241e-02,2.025418781155970821e-02,1.951318094040508516e-02,1.743611622580500120e-02,1.196838370683073541e-02,2.318453316567117145e-02,2.383572102214038743e-02,3.902636188081017032e-02,2.501459558988637991e-02,7.843445457403332155e-02,6.953114474334216866e-02,1.755961737099744069e-02,5.089369919611981541e-02,1.434971033367763993e-01,7.495396775497373265e-02,9.223290070507926541e-02,6.044819688328018775e-02,1.426999595814433877e-02,5.325144833161180036e-02
1.151928863340369140e-02,2.261193694705168969e-02,1.602146674450981301e-02,1.017200341312255764e-02,2.976377599137737529e-02,4.812053711770782061e-02,5.029864822382898448e-02,7.724435262945165623e-03,4.971482462837382987e-02,2.840526339426056521e-02,3.382808640589212573e-02,2.493600395203664569e-02,7.247271747428930821e-02,1.954686307091211064e-02,0.000000000000000000e+00,1.575200970045358487e-02,9.633089325010104828e-03,2.578928459154803191e-02,2.205056810526788424e-02,4.864822382898459363e-02,2.272421071540845286e-02,8.090447747788206967e-02,5.787712758791035972e-02,2.605874163560425658e-02,5.929177706920554791e-02,1.382539183545156425e-01,7.236044370593254504e-02,1.087595994071944988e-01,7.312390533075852073e-02,1.547132527956168388e-02,4.959132348318139039e-02,1.671756410832173079e-02,1.118246732833340883e-02,2.065837337764404869e-02,1.334935105761889812e-02,2.273543809224412918e-02,6.972201014954866258e-03,6.792562985584047787e-03,2.027664256523106084e-02,1.167647190910315637e-02,1.858130866304396472e-02,1.264202631697130229e-02,1.446086136435083269e-02,5.097229083396955136e-03,4.962500561368841934e-03,1.368617236268918069e-02,2.376835676112632953e-02,3.226748102573314542e-02,1.025059505097229012e-02,3.319935330309426585e-02,5.637265909192976099e-02,5.539587730722594222e-02,1.127228634301881763e-02,7.073247406475950683e-02,3.401895181209862312e-02,5.228589392374365791e-02,3.500696097363811821e-02,6.504019400907172510e-02,2.121974221942785413e-02,2.086046616068621892e-02,1.867112767772937526e-02,1.264202631697130229e-02,2.464409215430906838e-02,2.529528001077828089e-02,4.133920150895945000e-02,2.665379260789509097e-02,8.314995284501729145e-02,7.432523465217585890e-02,1.913145012799209732e-02,5.399245520276642341e-02,1.535680603583778614e-01,7.977051241747877552e-02,9.774554273139623994e-02,6.451250729779493820e-02,1.499977545246328724e-02,5.729330399245520511e-02
8.465442134099788671e-03,1.682983787667849396e-02,1.178874567745991780e-02,7.544797233574348019e-03,2.239861678717384313e-02,3.603987964252031856e-02,3.764539453002200414e-02,5.658597925180760581e-03,3.746575650065119001e-02,2.145551713297704985e-02,2.516055148875016856e-02,1.822203260430232952e-02,5.443032289935779283e-02,1.475277316207841173e-02,1.575200970045358487e-02,0.000000000000000000e+00,7.196748551668388262e-03,1.931108815736291492e-02,1.626846903489468851e-02,3.633179144024790280e-02,1.670633673148605447e-02,6.039205999910181311e-02,4.293348901962545233e-02,1.895181209862127972e-02,4.426954686307091325e-02,1.018098531459109835e-01,5.397000044909507077e-02,8.208335204562805520e-02,5.487941797278483858e-02,1.166524453226748179e-02,3.675843176000359591e-02,1.241747878025778115e-02,8.353168365743027235e-03,1.528045987335518996e-02,9.947455876409036502e-03,1.721156868909148180e-02,5.231957605425068339e-03,4.984955315040193700e-03,1.495486594512058197e-02,8.600170656127902741e-03,1.367494498585350438e-02,9.206449005254411719e-03,1.091301028427718069e-02,3.772398616787174010e-03,3.693806978937441091e-03,1.008218439843714884e-02,1.767189113935420039e-02,2.391431265999011818e-02,7.556024610410023469e-03,2.494723132887232200e-02,4.206898100327839674e-02,4.140656576997350097e-02,8.353168365743027235e-03,5.319531144743341877e-02,2.540755377913504406e-02,3.870076795257555713e-02,2.550860017065612745e-02,4.862576907531324100e-02,1.597655723716710774e-02,1.544887052589033125e-02,1.398931153725243605e-02,9.430996541967934590e-03,1.832307899582341637e-02,1.872726456190775685e-02,3.086405892127363354e-02,1.987245699914672037e-02,6.223334980015269441e-02,5.516010239367673956e-02,1.401176629092378868e-02,4.040732923159832957e-02,1.136884178380563187e-01,5.939282346072663477e-02,7.286567566353796543e-02,4.835631203125701633e-02,1.130596847352584484e-02,4.265280459873355134e-02
5.198275474918040255e-03,1.029550455831499539e-02,7.118156913818655777e-03,4.648134009969910260e-03,1.392194727623837988e-02,2.212915974311761846e-02,2.326312480352090567e-02,3.514168949566623054e-03,2.290384874477927046e-02,1.319216778191943315e-02,1.553868954057574005e-02,1.113755782099070356e-02,3.343512821664346157e-02,9.127857367404679234e-03,9.633089325010104828e-03,7.196748551668388262e-03,0.000000000000000000e+00,1.188979206898100292e-02,9.913773745902007550e-03,2.220775138096734921e-02,1.025059505097229012e-02,3.712893519558090744e-02,2.610365114294696184e-02,1.153051601023936772e-02,2.736111734854268507e-02,6.214353078546728387e-02,3.285130462118830696e-02,5.027619347015763185e-02,3.356985673867157738e-02,7.163066421161360178e-03,2.237616203350249397e-02,7.645843625095432271e-03,5.074774329725602502e-03,9.285040643104145938e-03,6.029101360758072105e-03,1.067723537072798323e-02,3.199802398167692248e-03,3.065073876139578612e-03,9.217676382090088036e-03,5.265639735932096423e-03,8.274576727893294750e-03,5.647370548345084264e-03,6.758880855077019703e-03,2.335294381820631447e-03,2.267930120806574846e-03,6.175057259621861624e-03,1.073337225490636308e-02,1.461804464005029940e-02,4.648134009969910260e-03,1.530291462702654086e-02,2.567701082319126873e-02,2.568823820002694505e-02,5.119683837068307770e-03,3.253693806978937703e-02,1.570710019311088307e-02,2.382449364530471111e-02,1.556114429424709268e-02,2.996586877441954552e-02,9.913773745902007550e-03,9.352404904118202106e-03,8.588943279292226424e-03,5.804553824044550100e-03,1.126105896618314131e-02,1.150806125656801508e-02,1.888444783760722182e-02,1.220415862037993460e-02,3.808326222661337357e-02,3.377194952171374415e-02,8.532806395113844838e-03,2.481250280684420967e-02,6.963219113486325551e-02,3.645529258544033535e-02,4.505546324156824156e-02,2.970763910719899370e-02,6.994655768626218025e-03,2.608119638927560921e-02
1.395562940674540883e-02,2.815826110387568970e-02,1.935599766470561672e-02,1.251852517177886627e-02,3.726366371760901630e-02,6.077379081151480095e-02,6.271612700408676910e-02,9.453451295639287225e-03,6.276103651142947437e-02,3.547851080073651658e-02,4.197916198859298620e-02,2.984236762922710604e-02,9.091929761530516407e-02,2.452059100911662889e-02,2.578928459154803191e-02,1.931108815736291492e-02,1.188979206898100292e-02,0.000000000000000000e+00,2.672115686890914887e-02,6.027978623074504994e-02,2.730498046436430695e-02,1.012372569272915052e-01,7.136120716755736670e-02,3.140297300938608982e-02,7.387613957874882009e-02,1.691292046526249593e-01,9.032424664301431927e-02,1.364912201913144885e-01,9.183994251583060819e-02,1.950195356356940884e-02,6.096465621772129140e-02,2.081555665334351365e-02,1.386581039205999830e-02,2.492477657520096937e-02,1.634706067274441926e-02,2.857367404679570649e-02,8.712444424484664177e-03,8.285804104728971067e-03,2.503705034355773254e-02,1.422508645080163524e-02,2.224143351147437817e-02,1.514573135132707589e-02,1.812098621278124613e-02,6.253648897471594977e-03,6.186284636457537942e-03,1.635828804958009558e-02,2.940449993263574008e-02,3.968877711411505915e-02,1.246238828760048468e-02,4.141779314680917728e-02,7.002514932411191273e-02,6.905959491624376334e-02,1.393317465307405620e-02,8.895450666906183634e-02,4.192302510441460461e-02,6.409709435487492835e-02,4.218125477163515297e-02,8.114025239143127233e-02,2.656397359320968390e-02,2.564332869268423978e-02,2.316207841199981882e-02,1.558359904791844358e-02,3.059460187721740540e-02,3.109983383482283273e-02,5.126420263169712693e-02,3.272780347599586748e-02,1.037746440921543112e-01,9.241253873445008649e-02,2.309471415098576438e-02,6.726321462253559424e-02,1.889792068981003270e-01,9.930614811155522026e-02,1.220528135806350223e-01,8.053397404230475121e-02,1.896303947545695257e-02,7.086720258678762263e-02
1.175506354695289059e-02,2.313962365832846965e-02,1.644810706426550612e-02,1.045268783401446036e-02,3.080792203709525195e-02,4.973727938204517557e-02,5.190416311133067007e-02,7.881618538644630592e-03,5.174697983563120163e-02,2.955045583149952873e-02,3.477118606008892249e-02,2.546369066331342218e-02,7.469573808775317736e-02,2.033277944940943896e-02,2.205056810526788424e-02,1.626846903489468851e-02,9.913773745902007550e-03,2.672115686890914887e-02,0.000000000000000000e+00,5.019760183230789763e-02,2.339785332554901801e-02,8.371132168680109342e-02,5.926932231553419528e-02,2.650783670903130232e-02,6.104324785557102562e-02,1.415435397673687479e-01,7.460591907306776682e-02,1.128800467058876378e-01,7.540306282840077146e-02,1.615619526653792534e-02,5.099474558764090226e-02,1.668388197781470184e-02,1.138456011137557906e-02,2.115237795841379623e-02,1.364126285534647716e-02,2.358871873175551193e-02,7.196748551668388262e-03,6.916064130776485540e-03,2.047873534827323108e-02,1.187856469214532661e-02,1.917635963533479912e-02,1.295639286837023396e-02,1.510082184398437236e-02,5.142138590739659537e-03,5.086001706561278819e-03,1.401176629092378868e-02,2.454304576278798153e-02,3.316567117258723690e-02,1.050882471819284195e-02,3.440068262451161096e-02,5.811290250145956238e-02,5.727084923878385248e-02,1.157542551758207298e-02,7.358422778102123585e-02,3.513046211883055769e-02,5.352090537566803197e-02,3.581533210580679916e-02,6.707234921632909685e-02,2.205056810526788424e-02,2.128710648044190856e-02,1.929986078052723861e-02,1.307989401356267171e-02,2.537387164862801511e-02,2.609242376611128553e-02,4.261912246822652239e-02,2.728252571069295432e-02,8.608029819912875469e-02,7.603179593119863133e-02,1.955809044774778696e-02,5.577760811963893006e-02,1.573741411056720774e-01,8.255490187272646052e-02,1.009565725063996111e-01,6.639870660618853171e-02,1.558359904791844358e-02,5.892127363362823639e-02
2.584542147572641002e-02,5.226343917007230527e-02,3.648897471594736430e-02,2.345399020972739959e-02,6.861049984281672454e-02,1.120941303273903095e-01,1.158103920599991010e-01,1.763820900884717144e-02,1.163156240176045214e-01,6.605065792428256588e-02,7.779449409439978536e-02,5.637265909192976099e-02,1.683208335204562922e-01,4.558314995284501459e-02,4.864822382898459363e-02,3.633179144024790280e-02,2.220775138096734921e-02,6.027978623074504994e-02,5.019760183230789763e-02,0.000000000000000000e+00,5.141015853056091905e-02,1.874971931557910809e-01,1.329770512417478845e-01,5.852831544437957223e-02,1.367157677280280148e-01,3.164323887366955468e-01,1.678717384470292395e-01,2.529640274846184922e-01,1.695895271028876883e-01,3.612969865720572910e-02,1.140589212736336233e-01,3.837517402434095087e-02,2.536264427179233880e-02,4.660484124489154556e-02,3.045987335518929306e-02,5.316162931692639676e-02,1.623478690438765956e-02,1.523555036601248469e-02,4.558314995284501459e-02,2.641801769434589178e-02,4.183320608972919408e-02,2.833789913324650730e-02,3.391790542057753627e-02,1.153051601023936772e-02,1.138456011137557906e-02,3.067319351506713962e-02,5.514887501684106325e-02,7.424664301432613855e-02,2.334171644137063989e-02,7.695244083172407545e-02,1.304508914537207409e-01,1.273184533165671040e-01,2.591278573674046792e-02,1.647505276867112789e-01,7.777203934072843272e-02,1.198747024745138584e-01,7.983787667849283343e-02,1.502559841918534034e-01,4.964746036735977197e-02,4.817667400188620219e-02,4.289980688911842338e-02,2.901154174338707592e-02,5.661966138231463302e-02,5.824763102348767124e-02,9.596038981452373329e-02,6.109938473974940720e-02,1.933354291103426548e-01,1.713297705124174897e-01,4.319171868684600762e-02,1.244330174697983599e-01,3.528090896842861479e-01,1.848812143530785546e-01,2.265572371671082663e-01,1.496721605963982626e-01,3.535500965554407710e-02,1.316859029056451358e-01
1.223784075088696355e-02,2.384694839897606375e-02,1.689720213769254839e-02,1.075582700857771572e-02,3.173979431445637239e-02,5.064669690573494337e-02,5.354336012933938460e-02,8.207212466879238583e-03,5.273498899717070365e-02,3.047110073202496938e-02,3.611847128037005278e-02,2.663133785422373834e-02,7.672789329501054911e-02,2.083801140701486629e-02,2.272421071540845286e-02,1.670633673148605447e-02,1.025059505097229012e-02,2.730498046436430695e-02,2.339785332554901801e-02,5.141015853056091905e-02,0.000000000000000000e+00,8.555261148785198166e-02,6.144743342165536609e-02,2.757443750842053162e-02,6.276103651142947437e-02,1.458211703417613414e-01,7.621143396056945241e-02,1.159788027125342458e-01,7.739030852831543794e-02,1.667265460097902899e-02,5.239816769210042108e-02,1.749225310998338279e-02,1.184488256163829939e-02,2.171374680019760167e-02,1.397808416041675973e-02,2.427358871873175686e-02,7.410068711546233949e-03,7.140611667490007544e-03,2.141060762563434805e-02,1.223784075088696355e-02,1.967036421610455013e-02,1.332689630394754549e-02,1.538150626487627508e-02,5.366686127453181542e-03,5.243184982260744656e-03,1.451699824852921428e-02,2.534018951812098616e-02,3.417613508779808462e-02,1.081196389275609730e-02,3.551219293124354554e-02,5.975209951946826997e-02,5.892127363362823639e-02,1.191224682265235556e-02,7.541429020523644777e-02,3.617460816454843436e-02,5.527237616203350273e-02,3.722998158710198735e-02,6.934027933713567127e-02,2.284771186060088888e-02,2.193829433691112454e-02,1.971527372344725540e-02,1.348407957964701046e-02,2.601383212826155131e-02,2.683343063726590857e-02,4.360713162976602442e-02,2.847262765527462311e-02,8.774194997080882186e-02,7.810886064579872223e-02,2.010823191269591609e-02,5.730453136929088143e-02,1.617415906947500814e-01,8.469933084834059545e-02,1.039318273678537796e-01,6.818385952306103837e-02,1.599901199083846037e-02,6.057169802847262724e-02
