0.000000000000000000e+00,1.486988847583643053e-02,8.632796365138372535e-03,5.472945064023131308e-03,1.926889714993804126e-02,2.907889301941346538e-02,2.938868236266005754e-02,4.832713754646840443e-03,3.323007021891780099e-02,1.681123502684840967e-02,2.490706319702602062e-02,1.468401486988847593e-02,4.566294919454770562e-02,9.273027674514662533e-03,1.047087980173481980e-02,9.892606361007848584e-03,5.968608013217678934e-03,1.420900454357703485e-02,1.208178438661710111e-02,2.657992565055762244e-02,1.067740603056588182e-02,5.103263114415530766e-02,3.176373399421726640e-02,1.162742668318876571e-02,3.240396530359355293e-02,6.724494010739363870e-02,3.775299463031805275e-02,5.254027261462205362e-02,3.880627839735646678e-02,9.871953738124741168e-03,2.916150351094589158e-02,1.309376290788930204e-02,8.591491119372159438e-03,1.474597273853779471e-02,5.906650144568360156e-03,1.073936389921520060e-02,4.915324246179264903e-03,3.407682775712515474e-03,1.135894258570838491e-02,7.207765386204047567e-03,9.913258983890954265e-03,7.269723254853366345e-03,1.080132176786451938e-02,3.448988021478727704e-03,2.705493597686906265e-03,7.744733581164808291e-03,1.226765799256505571e-02,1.707971912432879047e-02,6.030565881866996845e-03,1.943411813300289018e-02,2.763320941759603300e-02,2.998760842627013617e-02,6.608839322593969799e-03,4.039653035935563546e-02,1.743081371334159399e-02,2.891367203634861646e-02,1.949607600165221069e-02,4.403139198678231864e-02,1.363073110285006190e-02,1.249483684427922341e-02,1.253614209004543650e-02,6.774060305658818719e-03,1.284593143329202866e-02,1.612969847170590831e-02,2.841800908715406970e-02,1.292854192482445312e-02,4.710863279636513801e-02,4.010739363899214899e-02,1.067740603056588182e-02,2.876910367616687322e-02,7.484510532837670982e-02,3.748451053283766848e-02,5.947955390334572212e-02,3.591491119372160201e-02,9.500206526228830231e-03,2.501032631144155249e-02
1.486988847583643053e-02,0.000000000000000000e+00,2.525815778603882761e-02,1.615035109458901399e-02,5.712515489467162588e-02,8.700950020652623018e-02,8.748451053283766432e-02,1.387856257744733528e-02,1.002891367203634920e-01,5.059892606361007794e-02,7.323420074349441811e-02,4.405204460966542779e-02,1.362866584056175168e-01,2.759190417182982163e-02,3.050392399834778862e-02,3.062783973564642617e-02,1.794712928541924990e-02,4.275092936802973864e-02,3.535729037587773821e-02,8.064849235852952769e-02,3.095828170177612401e-02,1.536555142503097937e-01,9.268897149938042090e-02,3.430400660883932418e-02,9.663362247005369277e-02,1.981412639405204512e-01,1.135481206113176378e-01,1.590458488228004841e-01,1.171210243700950004e-01,2.959520859149111782e-02,8.686493184634448694e-02,3.926063610078479871e-02,2.664188351920693948e-02,4.363899215200330722e-02,1.753407682775712587e-02,3.192895497728211185e-02,1.474597273853779471e-02,1.030565881866997088e-02,3.380834365964477395e-02,2.131350681536555228e-02,2.955390334572490646e-02,2.077653862040479069e-02,3.347790169351507611e-02,1.067740603056588182e-02,7.847996695580339299e-03,2.275919041718298119e-02,3.707145807517554792e-02,5.030978934324659146e-02,1.821561338289962723e-02,5.826104915324246264e-02,8.258983890954151030e-02,9.025196199917390194e-02,2.036348616274266665e-02,1.210863279636513884e-01,5.243700950020652868e-02,8.645187938868235944e-02,5.764147046674927832e-02,1.305865344898802238e-01,4.151177199504337001e-02,3.705080545229243877e-02,3.777364725320115496e-02,2.040479140850888148e-02,3.872366790582403712e-02,4.836844279223461579e-02,8.405617513424204490e-02,3.853779429987608252e-02,1.415530772408095939e-01,1.187525815778603944e-01,3.089632383312680697e-02,8.705080545229243461e-02,2.214167699297810710e-01,1.116687319289549757e-01,1.782940933498554370e-01,1.078066914498141265e-01,2.922346137959520862e-02,7.523750516315572123e-02
8.632796365138372535e-03,2.525815778603882761e-02,0.000000000000000000e+00,9.211069805865345489e-03,3.265179677819082804e-02,4.989673688558447090e-02,5.004130524576621414e-02,7.786038826931020521e-03,5.720776538620404861e-02,2.893432465923172214e-02,4.190417182982238836e-02,2.523750516315572193e-02,7.736472532011565151e-02,1.581990912845931269e-02,1.765799256505576342e-02,1.701776125567946996e-02,1.030565881866997088e-02,2.395704254440313846e-02,2.021891780256092688e-02,4.597273853779430125e-02,1.763733994217265427e-02,8.793886823626601013e-02,5.295332507228418112e-02,1.953738124741842205e-02,5.460553490293267032e-02,1.132176786451879330e-01,6.470466749277158092e-02,9.012804626187526091e-02,6.687319289549772949e-02,1.705906650144568479e-02,4.979347377116893902e-02,2.195373812474184227e-02,1.495249896736885499e-02,2.511358942585708437e-02,1.005782734407269750e-02,1.846344485749690234e-02,8.343659644774886058e-03,5.803387030152829147e-03,1.893845518380834342e-02,1.222635274679884261e-02,1.703841387856257911e-02,1.216439487814952557e-02,1.904171829822387529e-02,5.968608013217678934e-03,4.564229657166460515e-03,1.317637339942172650e-02,2.092110698058653392e-02,2.909954564229657106e-02,1.030565881866997088e-02,3.298223874432052588e-02,4.723254853366377209e-02,5.097067327550598714e-02,1.148285832300702247e-02,6.947542337876910779e-02,2.976042957455597021e-02,4.890541098719537044e-02,3.275505989260635992e-02,7.391573729863692988e-02,2.354399008674101443e-02,2.118959107806691472e-02,2.114828583230070336e-02,1.154481619165633952e-02,2.176786451879388767e-02,2.786038826931020243e-02,4.832713754646840443e-02,2.197439074762494796e-02,8.060718711276332327e-02,6.821561338289962306e-02,1.776125567947129183e-02,4.904997934737711368e-02,1.258364312267657992e-01,6.420900454357703069e-02,1.008880627839735672e-01,6.168938455183808206e-02,1.666666666666666644e-02,4.285419248244527052e-02
5.472945064023131308e-03,1.615035109458901399e-02,9.211069805865345489e-03,0.000000000000000000e+00,2.112763320941759768e-02,3.211482858323007339e-02,3.211482858323007339e-02,5.059892606361008141e-03,3.674101610904585008e-02,1.825691862866584206e-02,2.684840974803799976e-02,1.646014043783560615e-02,5.035109458901280283e-02,9.871953738124741168e-03,1.121437422552664168e-02,1.090458488228004952e-02,6.299049979347376774e-03,1.548946716232961658e-02,1.274266831887649679e-02,2.895497728211482782e-02,1.133828996282527923e-02,5.567947129285419350e-02,3.424204874019000366e-02,1.292854192482445312e-02,3.583230070218917929e-02,7.379182156133828885e-02,4.184221396117306785e-02,5.809582817017761025e-02,4.273027674514663643e-02,1.057414291615035168e-02,3.170177612556794589e-02,1.478727798430400607e-02,9.871953738124741168e-03,1.612969847170590831e-02,6.588186699710863251e-03,1.162742668318876571e-02,5.472945064023131308e-03,3.862040479140850871e-03,1.257744733581164787e-02,8.013217678645188219e-03,1.113176373399421722e-02,7.951259809995869440e-03,1.206113176373399369e-02,3.923998347790169650e-03,2.932672449401073963e-03,8.405617513424204837e-03,1.332094175960346974e-02,1.840148698884758530e-02,6.815365551425030949e-03,2.166460140437835580e-02,3.042131350681536589e-02,3.333333333333333287e-02,7.434944237918215265e-03,4.463031805039240074e-02,1.914498141263940370e-02,3.192895497728211185e-02,2.166460140437835580e-02,4.816191656340355204e-02,1.497315159025196241e-02,1.387856257744733528e-02,1.367203634861627499e-02,7.414291615035109584e-03,1.435357290375877809e-02,1.767864518793886910e-02,3.075175547294506373e-02,1.416769929781082175e-02,5.152829409334985789e-02,4.353572903758777535e-02,1.154481619165633952e-02,3.201156546881454151e-02,8.180503923998347360e-02,4.097480380008260842e-02,6.497315159025196518e-02,3.944650970673275331e-02,1.024370095002065210e-02,2.763320941759603300e-02
1.926889714993804126e-02,5.712515489467162588e-02,3.265179677819082804e-02,2.112763320941759768e-02,0.000000000000000000e+00,1.118339529120198211e-01,1.125774473358116534e-01,1.800908715406856694e-02,1.282114828583230115e-01,6.484923585295332416e-02,9.479553903345724897e-02,5.714580751755472809e-02,1.760842627013630701e-01,3.523337463857909718e-02,3.921933085501858735e-02,3.853779429987608252e-02,2.277984304006608687e-02,5.423378769103676111e-02,4.518793886823626454e-02,1.023543990086741018e-01,4.006608839322593762e-02,1.963238331268070958e-01,1.195786864931846355e-01,4.442379182156133699e-02,1.240603056588186759e-01,2.560512185047500999e-01,1.450020652622883155e-01,2.039446509706732691e-01,1.503510945890128014e-01,3.769103676166873224e-02,1.106774060305658752e-01,5.121850475010326226e-02,3.422139611730689451e-02,5.600991325898389134e-02,2.290375877736472443e-02,4.116067740603056302e-02,1.920693928128872421e-02,1.319702602230483218e-02,4.434118133002891426e-02,2.761255679471292732e-02,3.841387856257744843e-02,2.759190417182982163e-02,4.295745559686080239e-02,1.387856257744733528e-02,1.024370095002065210e-02,2.947129285419248373e-02,4.719124328789756073e-02,6.458075175547293989e-02,2.375051631557207818e-02,7.602230483271375794e-02,1.059479553903345667e-01,1.161503510945890161e-01,2.583643122676580056e-02,1.557001239157372874e-01,6.763733994217265011e-02,1.116067740603056552e-01,7.482445270549359373e-02,1.679264766625361283e-01,5.332507228418009032e-02,4.824452705493597476e-02,4.818256918628666119e-02,2.647666253614209056e-02,4.948368442792234340e-02,6.195786864931846633e-02,1.077653862040479082e-01,4.958694754233787527e-02,1.807930607187112626e-01,1.522511358942585658e-01,4.006608839322593762e-02,1.115654688145394507e-01,2.850268484097480126e-01,1.430400660883932307e-01,2.276745146633622485e-01,1.374432052870714627e-01,3.711276332094175928e-02,9.657166460140437225e-02
2.907889301941346538e-02,8.700950020652623018e-02,4.989673688558447090e-02,3.211482858323007339e-02,1.118339529120198211e-01,0.000000000000000000e+00,1.723048327137546576e-01,2.709624122263527488e-02,1.967781908302354277e-01,9.855431639818257317e-02,1.426063610078479871e-01,8.566707971912432273e-02,2.680090871540685704e-01,5.382073523337464055e-02,5.978934324659231775e-02,5.906650144568360156e-02,3.459314332920281065e-02,8.304419661296984223e-02,6.883519206939281432e-02,1.570425444031391948e-01,6.009913258983890644e-02,3.001239157372986299e-01,1.823007021891780155e-01,6.685254027261462728e-02,1.898595621643948683e-01,3.887030152829409335e-01,2.223461379595208509e-01,3.100991325898388995e-01,2.287691036761668739e-01,5.749690210656753508e-02,1.693102023957042679e-01,7.715819909128458776e-02,5.245766212308963089e-02,8.550185873605947728e-02,3.469640644361834253e-02,6.274266831887649609e-02,2.922346137959520862e-02,1.997108632796365177e-02,6.590251961999174513e-02,4.239983477901693859e-02,5.826104915324246264e-02,4.118133002891367217e-02,6.530359355638165608e-02,2.083849648905411120e-02,1.565468814539446377e-02,4.452705493597686887e-02,7.170590665014456300e-02,9.884345311854605964e-02,3.577034283353985877e-02,1.133828996282527923e-01,1.634655101197852178e-01,1.763940520446096727e-01,3.946716232961586246e-02,2.384345311854605409e-01,1.012391573729863742e-01,1.680090871540685649e-01,1.119372160264353600e-01,2.549359768690623862e-01,8.097893432465923247e-02,7.255266418835192022e-02,7.337876910367616135e-02,3.961173068979760570e-02,7.575382073523337367e-02,9.469227591904172403e-02,1.650351094589012912e-01,7.490706319702601645e-02,2.761668731928955123e-01,2.330855018587360550e-01,6.053283767038413615e-02,1.698058653448988042e-01,4.317017761255679265e-01,2.200123915737298708e-01,3.484510532837670205e-01,2.122263527467988520e-01,5.667079719124328702e-02,1.475629904997934616e-01
2.938868236266005754e-02,8.748451053283766432e-02,5.004130524576621414e-02,3.211482858323007339e-02,1.125774473358116534e-01,1.723048327137546576e-01,0.000000000000000000e+00,2.730276745146633516e-02,1.970260223048327097e-01,9.975216852540272350e-02,1.450227178851714038e-01,8.703015282940933239e-02,2.705700123915737443e-01,5.406856670797191566e-02,5.974803800082610639e-02,5.900454357703428104e-02,3.527467988434530854e-02,8.382899628252787894e-02,6.939281288723668506e-02,1.567740603056588244e-01,6.121437422552664098e-02,3.003510945890128236e-01,1.826104915324246181e-01,6.732755059892606142e-02,1.909128459314332893e-01,3.891573729863692654e-01,2.231722428748451059e-01,3.133622470053696873e-01,2.306278397356464338e-01,5.799256505576207837e-02,1.697232548533663676e-01,7.922346137959521140e-02,5.278810408921932873e-02,8.603882693102024581e-02,3.494423791821561071e-02,6.352746798843453280e-02,2.928541924824452566e-02,2.026022304832713825e-02,6.829822387443205967e-02,4.279223461379595000e-02,5.916976456009913343e-02,4.221396117306897705e-02,6.619165634035523160e-02,2.131350681536555228e-02,1.598513011152416508e-02,4.514663362247005318e-02,7.209830648492358829e-02,9.938042131350681430e-02,3.669971086327963872e-02,1.154068566707971977e-01,1.630937629078892948e-01,1.790169351507641393e-01,3.965303593556381706e-02,2.402313093762907803e-01,1.033663775299463045e-01,1.698678232135481248e-01,1.139611730689797653e-01,2.590458488228005174e-01,8.147459727385378270e-02,7.321354812061131589e-02,7.389508467575382766e-02,4.025196199917389223e-02,7.602230483271375794e-02,9.564229657166460619e-02,1.641883519206939201e-01,7.546468401486988720e-02,2.767864518793886619e-01,2.338496489054109895e-01,6.076001652209830906e-02,1.712928541924824410e-01,4.341800908715406915e-01,2.194960760016522183e-01,3.508054522924411445e-01,2.114415530772408014e-01,5.636100784799669833e-02,1.481206113176373462e-01
4.832713754646840443e-03,1.387856257744733528e-02,7.786038826931020521e-03,5.059892606361008141e-03,1.800908715406856694e-02,2.709624122263527488e-02,2.730276745146633516e-02,0.000000000000000000e+00,3.089632383312680697e-02,1.563403552251135809e-02,2.288310615448161875e-02,1.365138372573316758e-02,4.227591904171829756e-02,8.426270136307310518e-03,9.748038000826105345e-03,9.417596034696405771e-03,5.617513424204873679e-03,1.321767864518793960e-02,1.090458488228004952e-02,2.474184221396117170e-02,9.830648492358529805e-03,4.739776951672862448e-02,2.914085088806278243e-02,1.090458488228004952e-02,3.015282940933498509e-02,6.195786864931846633e-02,3.521272201569599497e-02,4.892606361007847959e-02,3.626600578273440900e-02,8.983890954151177791e-03,2.688971499380421459e-02,1.247418422139611772e-02,8.508880627839734978e-03,1.369268897149938068e-02,5.452292441140024759e-03,9.851301115241635487e-03,4.667492771581990656e-03,3.242461792647666121e-03,1.088393225939694384e-02,6.670797191243287710e-03,9.273027674514662533e-03,6.608839322593969799e-03,1.051218504750103290e-02,3.407682775712515474e-03,2.519619991738950796e-03,7.352333746385790805e-03,1.137959520859149060e-02,1.544816191656340348e-02,5.803387030152829147e-03,1.846344485749690234e-02,2.591904171829822329e-02,2.821148285832300595e-02,6.278397356464271092e-03,3.783560512185047547e-02,1.615035109458901399e-02,2.688971499380421459e-02,1.825691862866584206e-02,4.083023543990086518e-02,1.305245766212308894e-02,1.168938455183808275e-02,1.179264766625361463e-02,6.278397356464271092e-03,1.191656340355225045e-02,1.480793060718711349e-02,2.622883106154481545e-02,1.204047914085088801e-02,4.392812887236679370e-02,3.709211069805865013e-02,9.809995869475424124e-03,2.693102023957042596e-02,6.931020239570424846e-02,3.475836431226765610e-02,5.541098719537380923e-02,3.376703841387856259e-02,8.983890954151177791e-03,2.329615861214374278e-02
3.323007021891780099e-02,1.002891367203634920e-01,5.720776538620404861e-02,3.674101610904585008e-02,1.282114828583230115e-01,1.967781908302354277e-01,1.970260223048327097e-01,3.089632383312680697e-02,0.000000000000000000e+00,1.124741842213961146e-01,1.638372573316811132e-01,9.824452705493597060e-02,3.073936389921519963e-01,6.197852127220156854e-02,6.916563403552250522e-02,6.829822387443205967e-02,3.965303593556381706e-02,9.558033870301528567e-02,7.930607187112763412e-02,1.816811235026848381e-01,6.852540272614622563e-02,3.461792647666253608e-01,2.095208591491119487e-01,7.730276745146633099e-02,2.189591078066914498e-01,4.493184634448574855e-01,2.572697232548533663e-01,3.565468814539446418e-01,2.650970673275506173e-01,6.604708798017348836e-02,1.942792234613796021e-01,8.688558446922758915e-02,5.906650144568360156e-02,9.673688558446923158e-02,3.936389921520033058e-02,7.147872779843039703e-02,3.310615448161916691e-02,2.286245353159851307e-02,7.465923172242874828e-02,4.830648492358529528e-02,6.631557207765385875e-02,4.704667492771581749e-02,7.387443205287071157e-02,2.366790582403965199e-02,1.774060305658818615e-02,5.061957868649318709e-02,8.217678645187938280e-02,1.139611730689797653e-01,4.033457249070632189e-02,1.289136720363486255e-01,1.878356051218504630e-01,2.015076414704667362e-01,4.518793886823626454e-02,2.743494423791821291e-01,1.164601404378356048e-01,1.926476662536142082e-01,1.281288723667905749e-01,2.928748451053283519e-01,9.204874019000412744e-02,8.312680710450226496e-02,8.407682775712516099e-02,4.576621230896323750e-02,8.754646840148698483e-02,1.088599752168525336e-01,1.903552251135894324e-01,8.519206939281288860e-02,3.186906237092110850e-01,2.674308137133415975e-01,6.941346551011978727e-02,1.951466336224700615e-01,4.969640644361834059e-01,2.544609665427509104e-01,4.010119785212721832e-01,2.454564229657166530e-01,6.513837257331681063e-02,1.687938868236265877e-01
1.681123502684840967e-02,5.059892606361007794e-02,2.893432465923172214e-02,1.825691862866584206e-02,6.484923585295332416e-02,9.855431639818257317e-02,9.975216852540272350e-02,1.563403552251135809e-02,1.124741842213961146e-01,0.000000000000000000e+00,8.397356464270962217e-02,5.022717885171416874e-02,1.540685667079719212e-01,3.172242874845105504e-02,3.428335398595621503e-02,3.415943824865758094e-02,2.036348616274266665e-02,4.789343246592317471e-02,4.027261462205700138e-02,9.078893019413465659e-02,3.508880627839735394e-02,1.731102850061957965e-01,1.048740190004130574e-01,3.866171003717472354e-02,1.085708384964890610e-01,2.225320115654688125e-01,1.270342833539859495e-01,1.799463031805039193e-01,1.320322180916976562e-01,3.413878562577447179e-02,9.812061131763734345e-02,4.421726559273028018e-02,2.986369268897149862e-02,4.964890541098719579e-02,1.970260223048327097e-02,3.711276332094175928e-02,1.668731928954977212e-02,1.158612143742255261e-02,3.791821561338289820e-02,2.437009500206526250e-02,3.374638579099545344e-02,2.372986369268897250e-02,3.833126807104502570e-02,1.204047914085088801e-02,8.901280462618753331e-03,2.575382073523337437e-02,4.147046674927715865e-02,5.673275505989260753e-02,2.092110698058653392e-02,6.668731928954976795e-02,9.229657166460140949e-02,1.023337463857909996e-01,2.277984304006608687e-02,1.370301528294093352e-01,5.974803800082610639e-02,9.729450640231308844e-02,6.486988847583642637e-02,1.479347377116893847e-01,4.741842213961173363e-02,4.178025609252374734e-02,4.223461379595208620e-02,2.327550598926063710e-02,4.293680297397769324e-02,5.468814539446509998e-02,9.442379182156133977e-02,4.347377116893845483e-02,1.589838909541511636e-01,1.336018174308137019e-01,3.442792234613795826e-02,9.745972738537794777e-02,2.477488641057414287e-01,1.248244527054935965e-01,2.014869888475836479e-01,1.210656753407682723e-01,3.306484923585295554e-02,8.482032218091697939e-02
2.490706319702602062e-02,7.323420074349441811e-02,4.190417182982238836e-02,2.684840974803799976e-02,9.479553903345724897e-02,1.426063610078479871e-01,1.450227178851714038e-01,2.288310615448161875e-02,1.638372573316811132e-01,8.397356464270962217e-02,0.000000000000000000e+00,7.306897976042957266e-02,2.243287897562990518e-01,4.551838083436596238e-02,5.080545229244114169e-02,4.927715819909128658e-02,2.980173482032218157e-02,6.959933911606773493e-02,5.834365964477488536e-02,1.312061131763734012e-01,5.125980999586947362e-02,2.514869888475836368e-01,1.533457249070631911e-01,5.687732342007435077e-02,1.585088806278397433e-01,3.264560099132589599e-01,1.857703428335398532e-01,2.604502271788516898e-01,1.916976456009913121e-01,4.871953738124741584e-02,1.428748451053283852e-01,6.501445683601816961e-02,4.399008674101610727e-02,7.298636926889714993e-02,2.922346137959520862e-02,5.349029326724494271e-02,2.441140024783147386e-02,1.693515076414704723e-02,5.557620817843866162e-02,3.539859562164394957e-02,4.931846344485749795e-02,3.486162742668318798e-02,5.559686080132177077e-02,1.765799256505576342e-02,1.323833126807104528e-02,3.824865757951259604e-02,6.045022717885171343e-02,8.304419661296984223e-02,3.044196612969847157e-02,9.741842213961172947e-02,1.361420900454357596e-01,1.486162742668318826e-01,3.314745972738537827e-02,2.002684840974803815e-01,8.605947955390334803e-02,1.423172242874845006e-01,9.491945477075588999e-02,2.148905410987195508e-01,6.883519206939281432e-02,6.158612143742255018e-02,6.179264766625361394e-02,3.339529120198265338e-02,6.290788930194134154e-02,7.994630318050392759e-02,1.390128046261875361e-01,6.350681536555143059e-02,2.323213548120611205e-01,1.958694754233787638e-01,5.103263114415530766e-02,1.422346137959520918e-01,3.638785625774473287e-01,1.837463857909954479e-01,2.927715819909128547e-01,1.771788517141676955e-01,4.793473771168938607e-02,1.245146633622470078e-01
1.468401486988847593e-02,4.405204460966542779e-02,2.523750516315572193e-02,1.646014043783560615e-02,5.714580751755472809e-02,8.566707971912432273e-02,8.703015282940933239e-02,1.365138372573316758e-02,9.824452705493597060e-02,5.022717885171416874e-02,7.306897976042957266e-02,0.000000000000000000e+00,1.346551011978521228e-01,2.740603056588186703e-02,3.054522924411400345e-02,2.959520859149111782e-02,1.728624535315985075e-02,4.151177199504337001e-02,3.484097480380008577e-02,7.926476662536141582e-02,3.097893432465923316e-02,1.520652622883106042e-01,9.252375051631557545e-02,3.492358529533250849e-02,9.508467575382073544e-02,1.989054109871953857e-01,1.124328789756299102e-01,1.577034283353986044e-01,1.154275092936802999e-01,2.918215613382899726e-02,8.638992152003303893e-02,3.897149938042131223e-02,2.635274679884345300e-02,4.386617100371747319e-02,1.767864518793886910e-02,3.176373399421726640e-02,1.482858323007021917e-02,1.038826931020239534e-02,3.327137546468401236e-02,2.143742255266418983e-02,2.984304006608839294e-02,2.106567534076827716e-02,3.285832300702189179e-02,1.045022717885171412e-02,7.765386204047913972e-03,2.277984304006608687e-02,3.676166873192895229e-02,5.026848409748038010e-02,1.829822387443205342e-02,5.919041718298223564e-02,8.060718711276332327e-02,8.911606774060305824e-02,2.007434944237918364e-02,1.197439074762494809e-01,5.223048327137546493e-02,8.641057414291615502e-02,5.863279636513837184e-02,1.283973564642709730e-01,4.105741429161503808e-02,3.736059479553903440e-02,3.703015282940933656e-02,2.030152829409334961e-02,3.820735233374638468e-02,4.847170590665014767e-02,8.302354399008674002e-02,3.849648905410987115e-02,1.397149938042131223e-01,1.178232135481206144e-01,3.110285006195786725e-02,8.620404791408509126e-02,2.206939281288723687e-01,1.100165220983064795e-01,1.752168525402726107e-01,1.055555555555555552e-01,2.852127220156959811e-02,7.465923172242874828e-02
4.566294919454770562e-02,1.362866584056175168e-01,7.736472532011565151e-02,5.035109458901280283e-02,1.760842627013630701e-01,2.680090871540685704e-01,2.705700123915737443e-01,4.227591904171829756e-02,3.074142916150350846e-01,1.540685667079719212e-01,2.243287897562990518e-01,1.346551011978521228e-01,0.000000000000000000e+00,8.389095415117719945e-02,9.301941346551012568e-02,9.200743494423792301e-02,5.429574555968608163e-02,1.307104502271788649e-01,1.073110285006195763e-01,2.437422552664188224e-01,9.529120198265179920e-02,4.679264766625361172e-01,2.836018174308136963e-01,1.045022717885171482e-01,2.983064849235853022e-01,6.079306071871127815e-01,3.477488641057414065e-01,4.870714580751755451e-01,3.595415117719950593e-01,8.938455183808344251e-02,2.634448574969021073e-01,1.231102850061957937e-01,8.207352333746385786e-02,1.328583230070218835e-01,5.446096654275092708e-02,9.791408508880627970e-02,4.572490706319702614e-02,3.151590251961999128e-02,1.060099132589838872e-01,6.668731928954976795e-02,9.140850888062783397e-02,6.555142503097893814e-02,1.025402726146220633e-01,3.323007021891780099e-02,2.467988434531185465e-02,6.976456009913259426e-02,1.116893845518380779e-01,1.543990086741016121e-01,5.687732342007435077e-02,1.787691036761668850e-01,2.542131350681536284e-01,2.788723667905824155e-01,6.154481619165633882e-02,3.735646427096241395e-01,1.603469640644361871e-01,2.640437835605121686e-01,1.769103676166873251e-01,4.028294093349855665e-01,1.261462205700124017e-01,1.136307311028500605e-01,1.150144568360181724e-01,6.270136307311029167e-02,1.193928128872366740e-01,1.485336637752994737e-01,2.557414291615034974e-01,1.172449401073936415e-01,4.312680710450227384e-01,3.637752994630318315e-01,9.423791821561337823e-02,2.673688558446922769e-01,6.776538620404791713e-01,3.413052457662122952e-01,5.467368855844692010e-01,3.296778190830235711e-01,8.771168938455184416e-02,2.303800082610491518e-01
9.273027674514662533e-03,2.759190417182982163e-02,1.581990912845931269e-02,9.871953738124741168e-03,3.523337463857909718e-02,5.382073523337464055e-02,5.406856670797191566e-02,8.426270136307310518e-03,6.197852127220156854e-02,3.172242874845105504e-02,4.551838083436596238e-02,2.740603056588186703e-02,8.389095415117719945e-02,0.000000000000000000e+00,1.895910780669144910e-02,1.840148698884758530e-02,1.131763733994217182e-02,2.608426270136307221e-02,2.199504337050805364e-02,4.973151590251961851e-02,1.910367616687319234e-02,9.477488641057414676e-02,5.718711276332093946e-02,2.133415943824865796e-02,5.954151177199504263e-02,1.220156959933911545e-01,6.955803387030153051e-02,9.814126394052044566e-02,7.255266418835192022e-02,1.860801321767864558e-02,5.328376703841387896e-02,2.416356877323420221e-02,1.664601404378356075e-02,2.711689384551838056e-02,1.086327963651383642e-02,1.974390747624948234e-02,9.107806691449813613e-03,6.484923585295332242e-03,2.100371747211896012e-02,1.307311028500619636e-02,1.844279223461379666e-02,1.309376290788930204e-02,2.110698058653448853e-02,6.670797191243287710e-03,4.956629491945477133e-03,1.410574142916150298e-02,2.284180090871540739e-02,3.116480793060718776e-02,1.140024783147459801e-02,3.630731102850062036e-02,5.097067327550598714e-02,5.559686080132177077e-02,1.253614209004543650e-02,7.536142090045436226e-02,3.281701776125568043e-02,5.365551425030978816e-02,3.554316398182569281e-02,8.052457662123090054e-02,2.589838909541511761e-02,2.315159025196199954e-02,2.342007434944238034e-02,1.247418422139611772e-02,2.360594795539033494e-02,3.013217678645187941e-02,5.210656753407683084e-02,2.381247418422139522e-02,8.756712102437010092e-02,7.298636926889714993e-02,1.910367616687319234e-02,5.340768277571251305e-02,1.360594795539033508e-01,6.900041305245765977e-02,1.093969434118133022e-01,6.643948781495249978e-02,1.802973977695167263e-02,4.679884345311854932e-02
1.047087980173481980e-02,3.050392399834778862e-02,1.765799256505576342e-02,1.121437422552664168e-02,3.921933085501858735e-02,5.978934324659231775e-02,5.974803800082610639e-02,9.748038000826105345e-03,6.916563403552250522e-02,3.428335398595621503e-02,5.080545229244114169e-02,3.054522924411400345e-02,9.301941346551012568e-02,1.895910780669144910e-02,0.000000000000000000e+00,2.071458075175547364e-02,1.208178438661710111e-02,2.901693515076414834e-02,2.457662123089632278e-02,5.555555555555555247e-02,2.125154894671623176e-02,1.057827344072697212e-01,6.522098306484923336e-02,2.424617926476662494e-02,6.664601404378356353e-02,1.377323420074349491e-01,7.874845105328376338e-02,1.084675753820735222e-01,8.038000826104915730e-02,2.030152829409334961e-02,5.993391160677406099e-02,2.655927302767451328e-02,1.825691862866584206e-02,3.038000826104915453e-02,1.197852127220156923e-02,2.185047501032631040e-02,1.005782734407269750e-02,7.021891780256092098e-03,2.277984304006608687e-02,1.470466749277158161e-02,2.061131763733994177e-02,1.449814126394051959e-02,2.259396943411813227e-02,7.166460140437835337e-03,5.493597686906236989e-03,1.621230896323833104e-02,2.538207352333746517e-02,3.500619578686493122e-02,1.247418422139611772e-02,3.979760429574556030e-02,5.698058653448988264e-02,6.111111111111110911e-02,1.377529946303180514e-02,8.294093349855431729e-02,3.541924824452705178e-02,5.916976456009913343e-02,3.996282527881040575e-02,8.919867823213548097e-02,2.843866171003717538e-02,2.560925237505163113e-02,2.577447335811648005e-02,1.373399421726559204e-02,2.629078893019413596e-02,3.329202808756712151e-02,5.890128046261874917e-02,2.639405204460966436e-02,9.783147459727385697e-02,8.242461792647666485e-02,2.189178025609252523e-02,5.935563816604708803e-02,1.530772408095828208e-01,7.757125154894671526e-02,1.221809169764560138e-01,7.525815778603882344e-02,1.997108632796365177e-02,5.192069392812886930e-02
9.892606361007848584e-03,3.062783973564642617e-02,1.701776125567946996e-02,1.090458488228004952e-02,3.853779429987608252e-02,5.906650144568360156e-02,5.900454357703428104e-02,9.417596034696405771e-03,6.829822387443205967e-02,3.415943824865758094e-02,4.927715819909128658e-02,2.959520859149111782e-02,9.200743494423792301e-02,1.840148698884758530e-02,2.071458075175547364e-02,0.000000000000000000e+00,1.208178438661710111e-02,2.883106154481619027e-02,2.401900041305245898e-02,5.489467162329615679e-02,2.087980173482032256e-02,1.041924824452705456e-01,6.284593143329203491e-02,2.327550598926063710e-02,6.590251961999174513e-02,1.343246592317224319e-01,7.734407269723254930e-02,1.069392812887236671e-01,7.932672449401073633e-02,1.999173895084675745e-02,5.832300702189178315e-02,2.649731515902519624e-02,1.796778190830235558e-02,2.932672449401074050e-02,1.175134242048740153e-02,2.127220156959933745e-02,1.003717472118959182e-02,6.877323420074349727e-03,2.277984304006608687e-02,1.441553077240809513e-02,2.003304419661296881e-02,1.391986782321354837e-02,2.247005369681949472e-02,7.228418009087154115e-03,5.307724080958281521e-03,1.526228831061544888e-02,2.509293680297397869e-02,3.397356464270962634e-02,1.228831061544816139e-02,3.888888888888888951e-02,5.625774473358116645e-02,6.059479553903345667e-02,1.387856257744733528e-02,8.197026022304833293e-02,3.508880627839735394e-02,5.852953325072283997e-02,3.882693102023956899e-02,8.816604708798017609e-02,2.771581990912845919e-02,2.519619991738950709e-02,2.581577860388269141e-02,1.377529946303180514e-02,2.604295745559686084e-02,3.279636513837257128e-02,5.729037587773647133e-02,2.587773647253201192e-02,9.619991738950846305e-02,8.027674514663361849e-02,2.096241222635274529e-02,5.869475423378769235e-02,1.493597686906237010e-01,7.631144155307724442e-02,1.204874019000412994e-01,7.375051631557208442e-02,1.972325485336637665e-02,5.105328376703841681e-02
5.968608013217678934e-03,1.794712928541924990e-02,1.030565881866997088e-02,6.299049979347376774e-03,2.277984304006608687e-02,3.459314332920281065e-02,3.527467988434530854e-02,5.617513424204873679e-03,3.965303593556381706e-02,2.036348616274266665e-02,2.980173482032218157e-02,1.728624535315985075e-02,5.429574555968608163e-02,1.131763733994217182e-02,1.208178438661710111e-02,1.208178438661710111e-02,0.000000000000000000e+00,1.691449814126394155e-02,1.443618339529120255e-02,3.225939694341181663e-02,1.228831061544816139e-02,6.106980586534489774e-02,3.688558446922759332e-02,1.338289962825278852e-02,3.845518380834365979e-02,7.790169351507642004e-02,4.460966542750929159e-02,6.296984717059066206e-02,4.638579099545642181e-02,1.220570012391573693e-02,3.471705906650144474e-02,1.548946716232961658e-02,1.045022717885171412e-02,1.769929781082197479e-02,6.877323420074349727e-03,1.319702602230483218e-02,5.803387030152829147e-03,4.006608839322594109e-03,1.330028913672036406e-02,8.550185873605948075e-03,1.183395291201982599e-02,8.302354399008674696e-03,1.367203634861627499e-02,4.254440313919867489e-03,3.221809169764560006e-03,9.252375051631556852e-03,1.458075175547294579e-02,2.017761255679471205e-02,7.352333746385790805e-03,2.315159025196199954e-02,3.246592317224287344e-02,3.601817430813713389e-02,7.992565055762082538e-03,4.826517967781908391e-02,2.094175960346963961e-02,3.399421726559272855e-02,2.249070631970260387e-02,5.218917802560925356e-02,1.683188764973151536e-02,1.447748864105741391e-02,1.495249896736885499e-02,8.199091284593142820e-03,1.497315159025196241e-02,1.918628665840561853e-02,3.360181743081371020e-02,1.526228831061544888e-02,5.607187112763321185e-02,4.723254853366377209e-02,1.226765799256505571e-02,3.411813300289136958e-02,8.731928954977281887e-02,4.444444444444444614e-02,7.108632796365138562e-02,4.293680297397769324e-02,1.185460553490293341e-02,2.996695580338703049e-02
1.420900454357703485e-02,4.275092936802973864e-02,2.395704254440313846e-02,1.548946716232961658e-02,5.423378769103676111e-02,8.304419661296984223e-02,8.382899628252787894e-02,1.321767864518793960e-02,9.558033870301528567e-02,4.789343246592317471e-02,6.959933911606773493e-02,4.151177199504337001e-02,1.307104502271788649e-01,2.608426270136307221e-02,2.901693515076414834e-02,2.883106154481619027e-02,1.691449814126394155e-02,0.000000000000000000e+00,3.362247005369681935e-02,7.662123089632383310e-02,2.945064023130937458e-02,1.460346964064436204e-01,8.845518380834366257e-02,3.244527054935977123e-02,9.242048740190003664e-02,1.887236679058240385e-01,1.079512598099958698e-01,1.508467575382073655e-01,1.120404791408508849e-01,2.819083023543990027e-02,8.194960760016521684e-02,3.748451053283766848e-02,2.519619991738950709e-02,4.101610904584881978e-02,1.658405617513424371e-02,3.025609252375051697e-02,1.408508880627839729e-02,9.686080132176786567e-03,3.236266005782734156e-02,2.052870714580751904e-02,2.821148285832300595e-02,1.992978108219744041e-02,3.180503923998347776e-02,1.022304832713754642e-02,7.558859975216852822e-03,2.156133828996282392e-02,3.490293267244939934e-02,4.801734820322180880e-02,1.747211895910780535e-02,5.462618752581577947e-02,7.918215613382899309e-02,8.581164807930606597e-02,1.914498141263940370e-02,1.157786038826931069e-01,4.950433705080545255e-02,8.190830235439901241e-02,5.431639818256918384e-02,1.252168525402726218e-01,3.934324659231722143e-02,3.517141676992978361e-02,3.585295332507228150e-02,1.943411813300289018e-02,3.688558446922759332e-02,4.603469640644362176e-02,7.988434531185460707e-02,3.641057414291615224e-02,1.344279223461379569e-01,1.129904997934737670e-01,2.926476662536141998e-02,8.271375464684015133e-02,2.099752168525402807e-01,1.066501445683601806e-01,1.706319702602230592e-01,1.034076827757125089e-01,2.761255679471292732e-02,7.160264353572903806e-02
1.208178438661710111e-02,3.535729037587773821e-02,2.021891780256092688e-02,1.274266831887649679e-02,4.518793886823626454e-02,6.883519206939281432e-02,6.939281288723668506e-02,1.090458488228004952e-02,7.930607187112763412e-02,4.027261462205700138e-02,5.834365964477488536e-02,3.484097480380008577e-02,1.073110285006195763e-01,2.199504337050805364e-02,2.457662123089632278e-02,2.401900041305245898e-02,1.443618339529120255e-02,3.362247005369681935e-02,0.000000000000000000e+00,6.414704667492771017e-02,2.432878975629905113e-02,1.222428748451053343e-01,7.397769516728625039e-02,2.740603056588186703e-02,7.624948368442792390e-02,1.573936389921520018e-01,8.952912019826518575e-02,1.248864105741429170e-01,9.258570838496489597e-02,2.395704254440313846e-02,6.924824452705494182e-02,3.009087154068566805e-02,2.063197026022304745e-02,3.488228004956629713e-02,1.381660470879801650e-02,2.571251548946716300e-02,1.154481619165633952e-02,7.992565055762082538e-03,2.571251548946716300e-02,1.676992978108219831e-02,2.352333746385790875e-02,1.650144568360181752e-02,2.655927302767451328e-02,8.240396530359355917e-03,6.340355225113589004e-03,1.840148698884758530e-02,2.945064023130937458e-02,4.049979347377116734e-02,1.416769929781082175e-02,4.572490706319702614e-02,6.540685667079719490e-02,7.073523337463857863e-02,1.600578273440727076e-02,9.603469640644361760e-02,4.128459314332920405e-02,6.805039239983477761e-02,4.508467575382073267e-02,1.030359355638165997e-01,3.296158612143742367e-02,2.938868236266005754e-02,2.973977695167286106e-02,1.600578273440727076e-02,3.021478727798430561e-02,3.868236266005782575e-02,6.778190830235439335e-02,3.038000826104915453e-02,1.130731102850061898e-01,9.463031805039240352e-02,2.467988434531185465e-02,6.815365551425031643e-02,1.752375051631557268e-01,8.913672036348616046e-02,1.412639405204461074e-01,8.616274266831887296e-02,2.360594795539033494e-02,5.989260636100784962e-02
2.657992565055762244e-02,8.064849235852952769e-02,4.597273853779430125e-02,2.895497728211482782e-02,1.023543990086741018e-01,1.570425444031391948e-01,1.567740603056588244e-01,2.474184221396117170e-02,1.816811235026848381e-01,9.078893019413465659e-02,1.312267657992565173e-01,7.926476662536141582e-02,2.437422552664188224e-01,4.973151590251961851e-02,5.555555555555555247e-02,5.489467162329615679e-02,3.225939694341181663e-02,7.662123089632383310e-02,6.414704667492771017e-02,0.000000000000000000e+00,5.483271375464684322e-02,2.773647253201156349e-01,1.678851714167699238e-01,6.220570012391573450e-02,1.741842213961173058e-01,3.590458488228004952e-01,2.051838083436596516e-01,2.841800908715406693e-01,2.111317637339942266e-01,5.330441966129698811e-02,1.561131763733994149e-01,6.891780256092523704e-02,4.694341181330029256e-02,7.829409334985543145e-02,3.139198678232135720e-02,5.716646014043783725e-02,2.651796778190830192e-02,1.844279223461379666e-02,5.902519619991739019e-02,3.789756299049979599e-02,5.311854605534902657e-02,3.715406856670797064e-02,5.958281701776125400e-02,1.879388682362660018e-02,1.429161503510945931e-02,4.089219330855018569e-02,6.648079306071871808e-02,9.147046674927715448e-02,3.215613382899628475e-02,1.034489880214787272e-01,1.494010739363899332e-01,1.594589012804626116e-01,3.657579512598099769e-02,2.180090871540685538e-01,9.384551838083436681e-02,1.545229244114002531e-01,1.031598513011152407e-01,2.324452705493597615e-01,7.395704254440313430e-02,6.710037174721189546e-02,6.784386617100371386e-02,3.657579512598099769e-02,6.912432878975630079e-02,8.764973151590252365e-02,1.536761668731928820e-01,6.862866584056175057e-02,2.564849235852953435e-01,2.139611730689797708e-01,5.627839735646426866e-02,1.552457662123089555e-01,3.980380008261049096e-01,2.041924824452705511e-01,3.198265179677818870e-01,1.965303593556381734e-01,5.295332507228418112e-02,1.358736059479553893e-01
1.067740603056588182e-02,3.095828170177612401e-02,1.763733994217265427e-02,1.133828996282527923e-02,4.006608839322593762e-02,6.009913258983890644e-02,6.121437422552664098e-02,9.830648492358529805e-03,6.852540272614622563e-02,3.508880627839735394e-02,5.125980999586947362e-02,3.097893432465923316e-02,9.529120198265179920e-02,1.910367616687319234e-02,2.125154894671623176e-02,2.087980173482032256e-02,1.228831061544816139e-02,2.945064023130937458e-02,2.432878975629905113e-02,5.483271375464684322e-02,0.000000000000000000e+00,1.056588186699710802e-01,6.480793060718710585e-02,2.410161090458488170e-02,6.722428748451053648e-02,1.382073523337463972e-01,7.806691449814126549e-02,1.101817430813713389e-01,8.058653448988022105e-02,2.034283353985956097e-02,6.005782734407269507e-02,2.790169351507641379e-02,1.862866584056175126e-02,3.056588186699710913e-02,1.218504750103263125e-02,2.230483271375464580e-02,1.026435357290375952e-02,7.104502271788517426e-03,2.412226352746798738e-02,1.515902519619991701e-02,2.075588599752168500e-02,1.497315159025196241e-02,2.323420074349442227e-02,7.538207352333746274e-03,5.576208178438661449e-03,1.627426683188764808e-02,2.552664188351920840e-02,3.482032218091697662e-02,1.303180503923998326e-02,4.130524576621230626e-02,5.683601817430813941e-02,6.327963651383725074e-02,1.391986782321354837e-02,8.413878562577446762e-02,3.622470053696819764e-02,6.014043783560512474e-02,4.078893019413465382e-02,9.157372986369269330e-02,2.891367203634861646e-02,2.600165220983064948e-02,2.614622057001239272e-02,1.414704667492771607e-02,2.674514663362247135e-02,3.337463857909954423e-02,5.797191243287897616e-02,2.697232548533663732e-02,9.745972738537794777e-02,8.263114415530772860e-02,2.162329615861214444e-02,6.034696406443618155e-02,1.541718298223874462e-01,7.662123089632383310e-02,1.236266005782734462e-01,7.428748451053283908e-02,1.970260223048327097e-02,5.200330441966129896e-02
