0.000000000000000000e+00,1.242161839355031272e-02,7.843137254901960675e-03,6.111276998108888629e-03,2.498258186523340252e-02,2.546033641883149040e-02,3.294515775853488343e-02,5.693241763710559997e-03,3.165123917587339686e-02,1.883149198765800628e-02,2.691350651935901436e-02,1.508908131780630976e-02,4.246043595103015517e-02,1.242161839355031272e-02,9.694436150094555560e-03,8.141733850900766470e-03,6.867721707972528934e-03,1.343684681994625207e-02,1.266049567034935840e-02,2.273315417537573324e-02,1.262068279088284992e-02,4.196277495769881738e-02,3.344281875186622816e-02,1.045088085995819586e-02,2.886433761321787611e-02,7.030954513785209192e-02,3.495570817159351223e-02,5.563849905444410993e-02,2.888424405295112948e-02,7.146411864238081356e-03,2.450482731163531464e-02,1.144620284662088185e-02,7.146411864238081356e-03,1.628346770180153294e-02,9.037523638897183853e-03,1.387478849407783495e-02,5.971931919976112418e-03,2.488304966656713652e-03,9.933313426893599501e-03,5.653428884244053251e-03,1.088882253408977874e-02,8.062108091967751244e-03,9.993032746093361354e-03,4.041007265850502309e-03,1.831392455459341078e-03,6.887628147705783174e-03,1.092863541355628548e-02,1.885139842739125965e-02,7.464914899970140523e-03,2.006569125111973620e-02,2.378819548123817934e-02,2.922265352841644376e-02,8.838459241564646657e-03,3.431870210012939043e-02,1.566636807007066798e-02,3.075544938787697774e-02,1.799542151886135075e-02,4.331641285956006754e-02,1.530805215487210033e-02,1.540758435353836893e-02,9.216681596496465942e-03,6.728376629839753591e-03,1.009256494475962995e-02,1.580571314820344506e-02,2.098138747884940869e-02,1.713944461033144184e-02,4.480939583955409478e-02,4.492883447795361501e-02,1.102816761222255408e-02,2.344978600577286854e-02,8.884244052951129067e-02,3.728476162038419500e-02,4.037025977903851981e-02,2.985965959988056209e-02,4.240071663183039505e-03,2.299193789190803056e-02
1.242161839355031272e-02,0.000000000000000000e+00,1.592515178660296529e-02,1.228227331541753738e-02,5.082114063899671741e-02,5.205533990245844733e-02,6.710460834079824688e-02,1.192395740021897146e-02,6.483527421120732770e-02,3.792176769184830987e-02,5.480242858564745440e-02,2.924255996814969713e-02,8.649348064098735800e-02,2.569921369563053781e-02,2.004578481138648283e-02,1.662187717726684721e-02,1.341694038021299870e-02,2.703294515775853460e-02,2.557977505723101411e-02,4.628247237981487211e-02,2.605752961082910199e-02,8.607544540658902676e-02,6.871702995919179435e-02,2.010550413058624294e-02,5.892306161043097540e-02,1.406190902757041838e-01,7.257887926744301110e-02,1.146809993032746056e-01,5.985866427789390126e-02,1.500945555887329627e-02,5.038319896486513627e-02,2.287249925350851032e-02,1.425301084900965423e-02,3.210908728973822790e-02,1.779635712152881355e-02,2.798845426495471383e-02,1.194386383995222484e-02,5.115955011446202648e-03,2.000597193191997608e-02,1.116751269035532942e-02,2.066288444311734779e-02,1.578580670847019168e-02,2.032447496765203698e-02,8.320891808500050293e-03,3.423907634119637781e-03,1.383497561461132647e-02,2.263362197670946638e-02,3.784214193291529638e-02,1.506917487807305639e-02,4.060913705583756028e-02,4.857171294913904813e-02,5.934109684482929969e-02,1.841345675325967851e-02,7.096645764904946363e-02,3.181049069373942384e-02,6.304369463521448946e-02,3.628943963372150555e-02,8.846421817457947312e-02,3.097442022494276831e-02,3.206927441027172115e-02,1.948840449885537798e-02,1.341694038021299870e-02,2.139942271324773646e-02,3.230815168707076857e-02,4.439136060515577048e-02,3.569224644172389743e-02,9.312232507216083865e-02,9.340101522842639281e-02,2.169801930924654051e-02,4.900965462327062927e-02,1.804319697422115953e-01,7.683885737035930918e-02,8.448293022792872919e-02,6.161043097442022581e-02,8.440330446899572264e-03,4.670050761421319641e-02
7.843137254901960675e-03,1.592515178660296529e-02,0.000000000000000000e+00,7.763511495968946317e-03,3.234796456653727531e-02,3.332338011346670792e-02,4.293819050462824999e-02,7.385289141037125298e-03,4.122623668756842524e-02,2.368866328257191248e-02,3.467701801532795808e-02,1.835373743405991839e-02,5.480242858564745440e-02,1.624365482233502619e-02,1.248133771275007457e-02,1.041106798049168912e-02,8.639394844232109461e-03,1.737832188713048578e-02,1.674131581566636745e-02,2.904349557081715993e-02,1.616402906340200923e-02,5.434458047178262335e-02,4.403304468995720283e-02,1.264058923061610502e-02,3.750373245744998557e-02,8.898178560764406775e-02,4.628247237981487211e-02,7.261869214690952479e-02,3.814073852891410044e-02,9.316213795162734540e-03,3.157161341694038337e-02,1.483029760127401245e-02,9.017617199163928746e-03,2.010550413058624294e-02,1.116751269035532942e-02,1.801532795859460412e-02,7.644072857569423479e-03,3.244749676520354391e-03,1.313825022394744628e-02,7.166318303971334729e-03,1.305862446501443279e-02,1.015228426395939007e-02,1.281974718821538711e-02,5.434458047178261815e-03,2.169801930924654051e-03,8.639394844232109461e-03,1.441226236687568468e-02,2.428585647456952407e-02,9.813874788494077531e-03,2.579874589429680468e-02,3.067582362894396425e-02,3.833980292624664110e-02,1.166517368368667242e-02,4.488902159848710827e-02,1.994625261272021596e-02,3.973325370757439801e-02,2.253408977804319605e-02,5.587737633124315734e-02,1.948840449885537798e-02,1.990643973325370922e-02,1.210311535781825355e-02,8.480143326366079010e-03,1.355628545834577404e-02,2.052353936498457418e-02,2.782920274708868338e-02,2.183736438737931759e-02,5.880362297203145516e-02,5.956006768189509026e-02,1.357619189807902915e-02,3.117348462227530551e-02,1.136856773166119300e-01,4.853190006967254139e-02,5.319000696725390692e-02,3.893699611824424922e-02,5.175674330645963633e-03,2.922265352841644376e-02
6.111276998108888629e-03,1.228227331541753738e-02,7.763511495968946317e-03,0.000000000000000000e+00,2.470389170896785183e-02,2.504230118443316264e-02,3.274609336120234970e-02,5.792773962376828595e-03,3.119339106200855888e-02,1.849308251219269547e-02,2.641584552602766964e-02,1.439235592714243131e-02,4.234099731263063493e-02,1.234199263461729923e-02,9.754155469294317413e-03,7.922763013834975901e-03,6.628844431173484993e-03,1.305862446501443279e-02,1.234199263461729923e-02,2.227530606151089873e-02,1.260077635114959654e-02,4.158455260276699289e-02,3.352244451079924165e-02,9.833781228227330903e-03,2.850602169801930846e-02,6.809993032746093633e-02,3.507514680999303247e-02,5.561859261471086002e-02,2.882452473375136937e-02,7.086692545038319503e-03,2.418632427590325373e-02,1.144620284662088185e-02,6.967253906638797532e-03,1.562655519060416123e-02,8.778739922364884804e-03,1.365581765701204264e-02,5.852493281576590448e-03,2.448492087190206039e-03,1.007265850502637658e-02,5.434458047178261815e-03,1.015228426395939007e-02,7.823230815168707303e-03,9.973126306360107982e-03,4.140539464516770907e-03,1.672140937593311494e-03,6.728376629839753591e-03,1.092863541355628548e-02,1.841345675325967851e-02,7.445008460236886283e-03,1.994625261272021596e-02,2.376828904150492597e-02,2.926246640788295050e-02,9.117149397830197344e-03,3.455757937692843784e-02,1.552702299193789263e-02,3.089479446600975482e-02,1.767691848312929331e-02,4.283865830596197966e-02,1.512889419727281824e-02,1.578580670847019168e-02,9.356026674629243020e-03,6.529312232507216394e-03,1.031153578182542052e-02,1.554692943167114601e-02,2.112073255698218230e-02,1.735841544739723241e-02,4.486911515875385836e-02,4.570518562755051389e-02,1.068975813675724154e-02,2.374838260177167260e-02,8.726983179058425688e-02,3.724494874091768826e-02,4.041007265850502655e-02,2.962078232308151815e-02,4.041007265850502309e-03,2.267343485617597312e-02
2.498258186523340252e-02,5.082114063899671741e-02,3.234796456653727531e-02,2.470389170896785183e-02,0.000000000000000000e+00,1.033343286553199958e-01,1.360406091370558457e-01,2.374838260177167260e-02,1.285159749178859390e-01,7.775455359808898514e-02,1.092664476958296049e-01,5.946053548322882687e-02,1.738031253110381147e-01,5.173683686672638643e-02,3.983278590624066834e-02,3.324375435453369443e-02,2.729172887429083191e-02,5.374738727978500830e-02,5.086095351846322415e-02,9.284363491589529838e-02,5.217477854085796757e-02,1.722703294515775807e-01,1.377127500746491429e-01,4.005175674330645891e-02,1.176271523837961602e-01,2.807007066786105232e-01,1.460734547626157120e-01,2.302776948342789010e-01,1.192395740021897077e-01,2.993928535881357558e-02,9.975116950333433319e-02,4.719816860754454113e-02,2.858564745695232542e-02,6.405892306161042882e-02,3.601074947745595833e-02,5.737035931123718457e-02,2.434557579376928418e-02,9.953219866626854609e-03,4.138548820543445916e-02,2.257390265750970279e-02,4.136558176570120232e-02,3.185030357320593059e-02,4.114661092863541175e-02,1.702000597193192161e-02,6.887628147705783174e-03,2.751069971135662248e-02,4.536677615208519615e-02,7.588334826316313342e-02,3.047675923161142705e-02,8.247237981487011427e-02,9.696426794067880550e-02,1.210510600179157958e-01,3.672738130785309363e-02,1.425102020503632994e-01,6.473574201254105043e-02,1.277197173285557763e-01,7.251915994824326139e-02,1.771673136259580006e-01,6.262565940081615823e-02,6.372051358614511107e-02,3.863839952224544516e-02,2.725191599482432517e-02,4.259978102916293224e-02,6.445705185627551015e-02,8.814571513884741916e-02,7.080720613118343665e-02,1.855280183139245420e-01,1.861650243853886777e-01,4.355529013635911495e-02,9.821837364387379921e-02,3.583358216382999673e-01,1.533393052652533006e-01,1.681297899870608237e-01,1.222454464019110121e-01,1.698019309246541139e-02,9.304269931322782516e-02
2.546033641883149040e-02,5.205533990245844733e-02,3.332338011346670792e-02,2.504230118443316264e-02,1.033343286553199958e-01,0.000000000000000000e+00,1.372748084005175617e-01,2.378819548123817934e-02,1.328953916592017503e-01,7.663979297302676852e-02,1.110381208320891794e-01,5.882352941176470507e-02,1.770876878670249732e-01,5.261272021498954871e-02,3.987259878570717508e-02,3.445804717826216751e-02,2.776948342788892327e-02,5.661391460137354253e-02,5.320991340698716376e-02,9.403802129989051461e-02,5.163730466806011610e-02,1.759530208022295206e-01,1.409176868717030018e-01,4.104707872996914836e-02,1.219070369264457082e-01,2.887230018911117746e-01,1.482034438140738541e-01,2.355329949238578746e-01,1.226037623171095797e-01,3.031750771374539660e-02,1.029162934209216645e-01,4.719816860754454113e-02,2.938190504628247074e-02,6.555190604160446299e-02,3.658803622972031655e-02,5.766895590723598863e-02,2.456454663083507475e-02,1.047078729969145097e-02,4.068876281477058071e-02,2.333034736737334483e-02,4.234099731263063493e-02,3.224843236787100498e-02,4.154473972330048614e-02,1.715935105006469522e-02,7.066786105305066130e-03,2.816761222255399766e-02,4.618294018114860178e-02,7.861053050661889752e-02,3.117348462227530551e-02,8.293022792873494531e-02,1.003284562555986914e-01,1.221658206429779986e-01,3.718522942171792467e-02,1.453767293719518128e-01,6.401911018214392901e-02,1.288344779536179929e-01,7.180252811784612610e-02,1.808699114163431765e-01,6.316313327361401664e-02,6.425798745894296948e-02,3.963372150890813461e-02,2.741116751269035562e-02,4.389369961182442575e-02,6.620881855280183470e-02,9.089280382203643316e-02,7.026973225838559212e-02,1.902259380909724351e-01,1.908828506021698068e-01,4.413257688862346623e-02,9.999004678013337366e-02,3.673932517169304357e-01,1.570419030556385043e-01,1.733253707574400337e-01,1.268040211008261142e-01,1.709963173086493510e-02,9.455558873295510924e-02
3.294515775853488343e-02,6.710460834079824688e-02,4.293819050462824999e-02,3.274609336120234970e-02,1.360406091370558457e-01,1.372748084005175617e-01,0.000000000000000000e+00,3.131282970040807911e-02,1.712750074649148913e-01,1.015029361998606577e-01,1.448989748183537318e-01,7.797352443515477571e-02,2.293819050462824749e-01,6.873693639892505813e-02,5.233403005872399455e-02,4.413257688862346623e-02,3.595103015825619475e-02,7.188215387677913959e-02,6.802030456852792284e-02,1.223250721608440394e-01,6.873693639892505813e-02,2.274907932716233594e-01,1.824624265950034741e-01,5.311038120832089343e-02,1.560266746292425510e-01,3.710162237483826120e-01,1.932517169304270033e-01,3.045884343585149590e-01,1.579775057231014301e-01,3.949437643077535753e-02,1.317607245944062977e-01,6.238678212401711776e-02,3.768289041504926939e-02,8.444311734846222939e-02,4.741713944461033170e-02,7.582362894396336983e-02,3.232805812680401847e-02,1.331740818154673010e-02,5.500149298297999506e-02,3.001891111774659254e-02,5.482233502538071124e-02,4.222155867423111469e-02,5.430476759231611661e-02,2.257390265750970279e-02,9.156962277296705824e-03,3.644869115158753947e-02,5.954016124216184036e-02,1.004877077734647184e-01,4.066885637503732387e-02,1.081317806310341384e-01,1.283766298397531480e-01,1.598288046182940181e-01,4.857171294913904813e-02,1.881556683587140566e-01,8.511993629939285100e-02,1.673136259579974250e-01,9.527222056335224454e-02,2.347367373345277120e-01,8.251219269433661407e-02,8.366676619886533051e-02,5.127898875286154845e-02,3.585149795958992441e-02,5.655419528217378589e-02,8.506021698019308741e-02,1.166716432765999845e-01,9.286354135562854828e-02,2.454464019110182138e-01,2.465014432168806668e-01,5.752961082910321156e-02,1.295710162237483920e-01,4.727779436647755462e-01,2.029063402010550521e-01,2.233303473673733386e-01,1.613616004777545521e-01,2.235493182044391222e-02,1.226236687568428435e-01
5.693241763710559997e-03,1.192395740021897146e-02,7.385289141037125298e-03,5.792773962376828595e-03,2.374838260177167260e-02,2.378819548123817934e-02,3.131282970040807911e-02,0.000000000000000000e+00,2.968050164228127827e-02,1.743804120633024937e-02,2.520155270229919309e-02,1.371553697621180450e-02,4.019110182143923599e-02,1.200358315915198495e-02,9.574997511695033589e-03,7.504727779436648136e-03,6.190902757041902987e-03,1.258086991141634317e-02,1.174479944261968764e-02,2.141932915298098983e-02,1.254105703194983643e-02,4.003185030357320900e-02,3.196974221160545776e-02,9.455558873295511618e-03,2.719219667562456505e-02,6.493480640987359109e-02,3.308450283666766051e-02,5.295112969045485951e-02,2.759032547028963944e-02,6.947347466905544160e-03,2.346969244550612191e-02,1.059022593809097294e-02,6.628844431173484993e-03,1.510898775753956487e-02,8.221359609833781695e-03,1.303871802528117768e-02,5.553896685577784653e-03,2.388772767990445054e-03,9.336120234895989647e-03,5.195580770379217873e-03,9.555091071961780216e-03,7.345476261570617685e-03,9.196775156763212569e-03,3.901662187717726531e-03,1.572608738927042896e-03,6.509405792773962154e-03,1.041106798049168912e-02,1.711953817059818847e-02,7.007066786105305145e-03,1.865233403005872245e-02,2.227530606151089873e-02,2.772967054842241305e-02,8.878272121031153402e-03,3.272618692146909286e-02,1.479048472180750397e-02,2.880461829401811599e-02,1.749776052553000949e-02,4.054941773663780363e-02,1.427291728874290760e-02,1.538767791380511556e-02,9.137055837563452451e-03,6.250622076241663973e-03,1.007265850502637658e-02,1.479048472180750397e-02,2.066288444311734779e-02,1.711953817059818847e-02,4.339603861849308103e-02,4.381407385289141226e-02,1.025181646262565867e-02,2.277296705484223999e-02,8.412461431273016155e-02,3.533393052652532978e-02,3.829999004678013436e-02,2.856574101721907205e-02,3.861849308251219352e-03,2.207624166417836153e-02
3.165123917587339686e-02,6.483527421120732770e-02,4.122623668756842524e-02,3.119339106200855888e-02,1.285159749178859390e-01,1.328953916592017503e-01,1.712750074649148913e-01,2.968050164228127827e-02,0.000000000000000000e+00,9.578978799641683917e-02,1.385687269831790691e-01,7.347466905543943716e-02,2.204439136060515614e-01,6.557181248133771290e-02,4.946750273713546031e-02,4.293819050462824999e-02,3.487608241266049874e-02,7.034935801731860561e-02,6.638797651040111159e-02,1.176669652632626600e-01,6.433761321787598297e-02,2.198467204140539533e-01,1.750771374539663583e-01,5.113964367472877137e-02,1.515477256892604763e-01,3.601074947745595556e-01,1.851497959589927245e-01,2.937593311436249577e-01,1.528814571513884835e-01,3.792176769184830987e-02,1.279984074848213305e-01,5.884343585149796191e-02,3.609037523638897182e-02,8.123818055140838434e-02,4.514780531501940558e-02,7.212103115357818006e-02,3.071563650841047100e-02,1.305862446501443279e-02,5.119936299392853496e-02,2.886433761321787611e-02,5.259281377525629880e-02,4.005175674330645891e-02,5.163730466806011610e-02,2.131979695431471949e-02,8.699114163431869579e-03,3.485617597292724190e-02,5.754951726883646840e-02,9.770080621080919070e-02,3.885737035931123573e-02,1.028565741017219010e-01,1.245346869712351950e-01,1.519259480441922938e-01,4.588434358514979772e-02,1.809893500547427037e-01,7.978501045088086385e-02,1.593908629441624369e-01,8.920075644470985832e-02,2.261172489300288524e-01,7.867024982581864723e-02,7.938688165621578252e-02,4.952722205633522390e-02,3.425898278092963378e-02,5.472280282671444090e-02,8.231312829700408729e-02,1.131282970040808217e-01,8.705086095351846631e-02,2.374042002587837263e-01,2.364685975913208005e-01,5.478252214591420449e-02,1.244351547725689316e-01,4.566537274808400437e-01,1.953020802229521180e-01,2.169403802129989123e-01,1.576789091271026122e-01,2.153876779138051006e-02,1.174679008659301332e-01
1.883149198765800628e-02,3.792176769184830987e-02,2.368866328257191248e-02,1.849308251219269547e-02,7.775455359808898514e-02,7.663979297302676852e-02,1.015029361998606577e-01,1.743804120633024937e-02,9.578978799641683917e-02,0.000000000000000000e+00,8.171593510500646529e-02,4.467005076142131770e-02,1.281178461232208576e-01,3.959390862944162093e-02,2.890415049268438286e-02,2.542052353936498366e-02,2.060316512391758767e-02,4.039016621877176971e-02,3.774260973424903298e-02,6.953319398825520692e-02,3.802129989051458020e-02,1.292525131880163103e-01,1.018612521150592254e-01,3.001891111774659254e-02,8.782721210311535132e-02,2.102518164626256680e-01,1.080919677515676386e-01,1.728675226435751888e-01,8.846421817457947312e-02,2.269334129590922650e-02,7.355429481437245065e-02,3.453767293719518100e-02,2.116054543644869251e-02,4.773564248034239260e-02,2.679406788095949066e-02,4.367472877475863519e-02,1.815467303672738120e-02,7.325569821837364312e-03,3.015825619587936615e-02,1.686075445406589116e-02,3.115357818254205213e-02,2.382800836070468956e-02,3.123320394147506562e-02,1.252115059221658132e-02,5.135861451179456888e-03,2.048372648551806396e-02,3.370160246839852547e-02,5.633522444510799532e-02,2.263362197670946638e-02,6.159052453468696897e-02,7.080720613118343665e-02,8.969841743804120304e-02,2.647556484522742976e-02,1.056036627849109150e-01,4.873096446700507511e-02,9.393848910122425122e-02,5.326963272618692041e-02,1.326565143824026960e-01,4.755648452274310878e-02,4.566537274808400715e-02,2.858564745695232542e-02,2.072260376231710791e-02,3.107395242360903864e-02,4.815367771474071690e-02,6.567134468000397629e-02,5.115955011446202821e-02,1.389071364586443591e-01,1.362197670946551087e-01,3.192992933213894408e-02,7.277794366477555177e-02,2.657111575594705011e-01,1.135065193590126392e-01,1.272817756544241952e-01,9.085299094256991947e-02,1.327759530208022336e-02,6.901562655519059841e-02
2.691350651935901436e-02,5.480242858564745440e-02,3.467701801532795808e-02,2.641584552602766964e-02,1.092664476958296049e-01,1.110381208320891794e-01,1.448989748183537318e-01,2.520155270229919309e-02,1.385687269831790691e-01,8.171593510500646529e-02,0.000000000000000000e+00,6.272519159948243550e-02,1.854085796755250426e-01,5.581765701204339375e-02,4.329650641982681070e-02,3.620981387478849206e-02,2.930227928734945725e-02,5.838558773763312393e-02,5.611625360804220475e-02,9.925350851000298846e-02,5.619587936697521824e-02,1.842739126107295622e-01,1.480840051756743270e-01,4.311734846222753381e-02,1.274012142928237223e-01,3.053846919478451216e-01,1.561461132676420782e-01,2.463820045784811397e-01,1.282372847616203848e-01,3.272618692146909286e-02,1.085100029859659559e-01,4.984572509206728480e-02,3.067582362894396425e-02,6.879665571812480784e-02,3.808101920971434379e-02,6.111276998108888109e-02,2.601771673136259524e-02,1.102816761222255408e-02,4.347566437742609452e-02,2.416641783617000036e-02,4.439136060515577048e-02,3.364188314919876882e-02,4.379416741315815542e-02,1.811486015726087445e-02,7.385289141037125298e-03,2.916293420921668017e-02,4.894993530407086568e-02,8.275106997113566842e-02,3.266646760226933621e-02,8.844431173484622322e-02,1.040907733651836309e-01,1.280979396834876216e-01,3.895690255797750606e-02,1.524236090375236385e-01,6.829899472479347700e-02,1.373345277197173253e-01,7.671941873195979589e-02,1.919179854682989961e-01,6.728376629839753764e-02,6.889618791679108512e-02,4.164427192196675648e-02,2.912312132975017342e-02,4.576490494675027054e-02,6.989150990345376069e-02,9.547128496068478520e-02,7.582362894396336983e-02,1.999800935602667473e-01,2.005772867522643554e-01,4.586443714541654088e-02,1.057031949835771922e-01,3.876779138051159590e-01,1.643276599980093566e-01,1.833184035035334003e-01,1.328157659002687507e-01,1.841345675325967851e-02,9.995023390066685998e-02
1.508908131780630976e-02,2.924255996814969713e-02,1.835373743405991839e-02,1.439235592714243131e-02,5.946053548322882687e-02,5.882352941176470507e-02,7.797352443515477571e-02,1.371553697621180450e-02,7.347466905543943716e-02,4.467005076142131770e-02,6.272519159948243550e-02,0.000000000000000000e+00,9.931322782920275205e-02,2.983975316014730872e-02,2.303175077137454077e-02,1.911018214392356043e-02,1.580571314820344506e-02,3.127301682094157237e-02,2.922265352841644376e-02,5.319000696725390692e-02,3.003881755747984592e-02,9.863640887827211656e-02,7.886931422315118789e-02,2.384791480043794293e-02,6.756245645466307792e-02,1.625559868617497683e-01,8.205434458047178303e-02,1.315218473176072433e-01,6.786105305066189586e-02,1.700009953219866476e-02,5.721110779337115759e-02,2.671444212202647717e-02,1.668159649646660733e-02,3.778242261371553973e-02,2.100129391858266206e-02,3.314422215586742410e-02,1.395441425301084844e-02,5.792773962376828595e-03,2.339006668657310495e-02,1.305862446501443279e-02,2.452473375136856801e-02,1.859261471085896233e-02,2.368866328257191248e-02,9.694436150094555560e-03,4.041007265850502309e-03,1.624365482233502619e-02,2.561958793669752085e-02,4.327659998009356079e-02,1.759729272419627635e-02,4.725788792674430472e-02,5.504130586244650181e-02,6.899572011545734851e-02,2.131979695431471949e-02,8.093958395540958028e-02,3.708569722305165434e-02,7.222056335224445733e-02,4.204240071663183087e-02,1.012441524833283535e-01,3.615009455558873541e-02,3.658803622972031655e-02,2.183736438737931759e-02,1.578580670847019168e-02,2.392754055937095642e-02,3.684681994625261386e-02,4.996516373046680504e-02,4.088782721210311444e-02,1.060814173385090098e-01,1.061610430974420233e-01,2.552005573803125399e-02,5.557877973524435328e-02,2.071265054245048365e-01,8.723001891111774320e-02,9.529212700308549444e-02,6.971235194585448380e-02,9.933313426893599501e-03,5.386682591818453547e-02
4.246043595103015517e-02,8.649348064098735800e-02,5.480242858564745440e-02,4.234099731263063493e-02,1.738031253110381147e-01,1.771075943067582370e-01,2.293819050462824749e-01,4.019110182143923599e-02,2.204439136060515614e-01,1.281178461232208576e-01,1.854085796755250426e-01,9.931322782920275205e-02,0.000000000000000000e+00,8.766796058524932433e-02,6.752264357519657811e-02,5.639494376430775197e-02,4.616303374141534493e-02,9.302279287349457526e-02,8.784711854284861510e-02,1.573604060913705582e-01,8.820543445804718274e-02,2.919876580073653694e-01,2.341793570219966036e-01,6.851796556185926756e-02,2.015925151786603087e-01,4.771772668458246214e-01,2.465412560963471666e-01,3.895690255797750745e-01,2.033840947546531330e-01,5.042301184433164302e-02,1.704986563153179924e-01,7.904847218075047866e-02,4.847218075047277780e-02,1.092664476958296049e-01,6.081417338509007703e-02,9.668557778441325135e-02,4.118642380810191850e-02,1.719916392953120196e-02,6.937394247038916606e-02,3.881755747984472898e-02,7.096645764904946363e-02,5.438439335124913010e-02,6.903553299492386219e-02,2.888424405295112948e-02,1.176470588235294101e-02,4.737732656514382495e-02,7.656016721409375503e-02,1.289539165920175201e-01,5.221459142032447431e-02,1.379914402309146970e-01,1.650442918284064919e-01,2.047576390962476400e-01,6.304369463521448946e-02,2.410868916094356662e-01,1.075744003185030301e-01,2.137155369762118173e-01,1.226037623171095797e-01,3.020205036329252635e-01,1.052652533094456111e-01,1.087687867024982602e-01,6.569125111973724007e-02,4.574499850701702064e-02,7.307654026077435583e-02,1.090474768587638144e-01,1.498357718722006515e-01,1.199362993928535931e-01,3.153578182542052244e-01,3.180053747387279750e-01,7.454961680103514010e-02,1.660396138150691814e-01,6.110082611724892976e-01,2.594804419229621018e-01,2.864934806409873413e-01,2.083407982482333165e-01,2.848611525828605509e-02,1.583557280780332477e-01
1.242161839355031272e-02,2.569921369563053781e-02,1.624365482233502619e-02,1.234199263461729923e-02,5.173683686672638643e-02,5.261272021498954871e-02,6.873693639892505813e-02,1.200358315915198495e-02,6.557181248133771290e-02,3.959390862944162093e-02,5.581765701204339375e-02,2.983975316014730872e-02,8.766796058524932433e-02,0.000000000000000000e+00,2.028466208818552677e-02,1.707972529113168172e-02,1.385488205434457984e-02,2.733154175375734213e-02,2.581865233403005805e-02,4.693938489101224382e-02,2.635612620682790952e-02,8.707076739325171622e-02,6.955310042798845682e-02,2.002587837165322945e-02,5.952025480242858352e-02,1.420125410570319546e-01,7.439036528316909924e-02,1.162934209216681530e-01,6.045585746989150938e-02,1.532795859460535544e-02,5.060216980193092684e-02,2.366875684283865910e-02,1.439235592714243131e-02,3.232805812680401847e-02,1.813476659699412782e-02,2.874489897481835241e-02,1.236189907435055260e-02,5.155767890912710261e-03,2.092166815964964510e-02,1.120732556982183790e-02,2.070269732258385453e-02,1.598487110580272888e-02,2.100129391858266206e-02,8.619488404498856088e-03,3.404001194386383974e-03,1.359609833781228252e-02,2.311137653030755426e-02,3.847914800437941818e-02,1.534786503433860881e-02,4.178361700009953356e-02,4.898974818353737243e-02,6.097342490295610401e-02,1.843336319299293188e-02,7.186224743704588969e-02,3.286553199960186994e-02,6.529312232507215874e-02,3.611028167612222867e-02,9.047476858763810192e-02,3.179058425400617394e-02,3.234796456653727531e-02,1.972728177565442539e-02,1.381506917487807309e-02,2.161839355031352702e-02,3.296506419826814027e-02,4.472977008062108129e-02,3.551308848412461361e-02,9.411764705882352811e-02,9.415745993829004179e-02,2.173783218871304726e-02,4.996516373046680504e-02,1.808500049766099405e-01,7.759530208022295816e-02,8.615507116552204026e-02,6.204837264855180695e-02,8.619488404498856088e-03,4.695929133074549372e-02
9.694436150094555560e-03,2.004578481138648283e-02,1.248133771275007457e-02,9.754155469294317413e-03,3.983278590624066834e-02,3.987259878570717508e-02,5.233403005872399455e-02,9.574997511695033589e-03,4.946750273713546031e-02,2.890415049268438286e-02,4.329650641982681070e-02,2.303175077137454077e-02,6.752264357519657811e-02,2.028466208818552677e-02,0.000000000000000000e+00,1.262068279088284992e-02,1.031153578182542052e-02,2.084204240071663161e-02,1.998606549218672271e-02,3.583159151985667451e-02,2.139942271324773646e-02,6.666666666666666574e-02,5.404598387578381929e-02,1.572608738927042810e-02,4.584453070568329097e-02,1.099432666467602265e-01,5.563849905444410993e-02,8.812580869911416925e-02,4.622275306061510852e-02,1.156564148502040382e-02,3.993231810490693867e-02,1.793570219966159063e-02,1.104807405195580745e-02,2.563949437643077423e-02,1.405394645167711704e-02,2.187717726684582434e-02,9.395839554095749765e-03,4.021100826117248936e-03,1.558674231113765275e-02,8.758833482631631431e-03,1.612421618393550249e-02,1.240171195381705935e-02,1.540758435353836893e-02,6.489499353040708782e-03,2.627650044789489429e-03,1.092863541355628548e-02,1.755747984472976961e-02,2.940181148601572758e-02,1.178461232208619439e-02,3.185030357320593059e-02,3.756345177664974916e-02,4.636209813874788560e-02,1.520851995620583173e-02,5.504130586244650181e-02,2.460435951030158150e-02,4.966656713446800098e-02,2.948143724494874107e-02,6.869712351945854445e-02,2.396735343883746316e-02,2.651537772469393997e-02,1.528814571513884696e-02,1.049069373942470434e-02,1.698019309246541139e-02,2.498258186523340252e-02,3.489598885239374865e-02,2.954115656414850119e-02,7.269831790584253828e-02,7.466905543943465340e-02,1.713944461033144184e-02,3.831989648651338426e-02,1.422315118940977452e-01,5.946053548322882687e-02,6.475564845227431421e-02,4.803423907634119666e-02,6.509405792773962154e-03,3.718522942171792467e-02
8.141733850900766470e-03,1.662187717726684721e-02,1.041106798049168912e-02,7.922763013834975901e-03,3.324375435453369443e-02,3.445804717826216751e-02,4.413257688862346623e-02,7.504727779436648136e-03,4.293819050462824999e-02,2.542052353936498366e-02,3.620981387478849206e-02,1.911018214392356043e-02,5.639494376430775197e-02,1.707972529113168172e-02,1.262068279088284992e-02,0.000000000000000000e+00,9.017617199163928746e-03,1.799542151886135075e-02,1.703991241166517498e-02,3.061610430974420066e-02,1.644271921966756339e-02,5.641485020404100881e-02,4.451079924355529072e-02,1.303871802528117768e-02,3.877774460037822224e-02,9.282372847616203460e-02,4.795461331740818317e-02,7.588334826316313342e-02,3.953418931024186428e-02,1.007265850502637658e-02,3.254702896386980904e-02,1.475067184234099722e-02,9.356026674629243020e-03,2.070269732258385453e-02,1.154573504528715044e-02,1.885139842739125965e-02,7.962575893301482646e-03,3.404001194386383974e-03,1.309843734448093953e-02,7.265850502637603327e-03,1.347665969941276055e-02,1.027172290235891378e-02,1.371553697621180450e-02,5.494177366378023668e-03,2.229521250124415037e-03,8.778739922364884804e-03,1.489001692047377257e-02,2.496267542550014915e-02,9.913406987160346129e-03,2.671444212202647717e-02,3.153180053747386968e-02,3.907634119637702630e-02,1.154573504528715044e-02,4.630237881954812201e-02,2.094157459938290194e-02,4.134567532596795242e-02,2.275306061510898661e-02,5.882352941176470507e-02,2.066288444311734779e-02,2.004578481138648283e-02,1.260077635114959654e-02,8.977804319697422000e-03,1.381506917487807309e-02,2.137951627351448308e-02,2.908330845028366668e-02,2.205633522444510816e-02,6.089379914402309052e-02,5.989847715736040801e-02,1.377525629541156635e-02,3.234796456653727531e-02,1.172489300288643427e-01,5.010450880859958211e-02,5.679307255897282636e-02,4.048969841743804005e-02,5.713148203443814237e-03,3.011844331641285941e-02
6.867721707972528934e-03,1.341694038021299870e-02,8.639394844232109461e-03,6.628844431173484993e-03,2.729172887429083191e-02,2.776948342788892327e-02,3.595103015825619475e-02,6.190902757041902987e-03,3.487608241266049874e-02,2.060316512391758767e-02,2.930227928734945725e-02,1.580571314820344506e-02,4.616303374141534493e-02,1.385488205434457984e-02,1.031153578182542052e-02,9.017617199163928746e-03,0.000000000000000000e+00,1.467104608340798200e-02,1.391460137354434169e-02,2.494276898576689577e-02,1.351647257887926730e-02,4.622275306061510852e-02,3.654822335025380980e-02,1.084900965462327026e-02,3.157161341694038337e-02,7.570419030556385653e-02,3.847914800437941818e-02,6.174977605255300289e-02,3.177067781427291709e-02,8.082014531701004617e-03,2.655519060416044672e-02,1.232208619488404412e-02,7.624166417836170107e-03,1.727878968846421892e-02,9.634716830894793707e-03,1.532795859460535544e-02,6.509405792773962154e-03,2.667462924255996608e-03,1.063003881755747969e-02,6.091370558375634389e-03,1.138648352742111999e-02,8.559769085299094235e-03,1.098835473275604734e-02,4.459042500248830074e-03,1.911018214392355870e-03,7.464914899970140523e-03,1.204339603861849343e-02,2.052353936498457418e-02,8.121827411167513097e-03,2.167811286951328714e-02,2.561958793669752085e-02,3.192992933213894408e-02,9.535184632228525109e-03,3.786204837264855322e-02,1.703991241166517498e-02,3.348263163133273490e-02,1.885139842739125965e-02,4.753657808300985194e-02,1.678112869513287420e-02,1.640290634020105665e-02,1.015228426395939007e-02,7.345476261570617685e-03,1.114760625062207605e-02,1.735841544739723241e-02,2.358913108390564214e-02,1.823429879566039469e-02,4.954712849606848074e-02,4.902956106300387917e-02,1.154573504528715044e-02,2.597790385189608850e-02,9.588932019508310256e-02,4.072857569423708746e-02,4.528715039315218266e-02,3.294515775853488343e-02,4.678013337314621510e-03,2.488304966656713565e-02
1.343684681994625207e-02,2.703294515775853460e-02,1.737832188713048578e-02,1.305862446501443279e-02,5.374738727978500830e-02,5.661391460137354253e-02,7.188215387677913959e-02,1.258086991141634317e-02,7.034935801731860561e-02,4.039016621877176971e-02,5.838558773763312393e-02,3.127301682094157237e-02,9.302279287349457526e-02,2.733154175375734213e-02,2.084204240071663161e-02,1.799542151886135075e-02,1.467104608340798200e-02,0.000000000000000000e+00,2.794864138548820709e-02,4.962675425500149423e-02,2.703294515775853460e-02,9.206728376629839949e-02,7.383298497063800481e-02,2.173783218871304726e-02,6.292425599681497617e-02,1.514680999303274489e-01,7.805315019408778920e-02,1.230417039912411609e-01,6.439733253707574656e-02,1.598487110580272888e-02,5.352841644271921773e-02,2.468398526923459846e-02,1.540758435353836893e-02,3.441823429879566076e-02,1.903055638499054347e-02,3.053647855081118717e-02,1.299890514581467094e-02,5.553896685577784653e-03,2.175773862844630410e-02,1.200358315915198495e-02,2.241465113964367581e-02,1.703991241166517498e-02,2.189708370657907771e-02,9.057430078630437226e-03,3.762317109584950754e-03,1.469095252314123537e-02,2.414651139643674699e-02,4.104707872996914836e-02,1.640290634020105665e-02,4.295809694436149989e-02,5.251318801632327837e-02,6.399920374241066523e-02,1.956803025778839494e-02,7.600278690156266059e-02,3.376132178759828906e-02,6.688563750373245631e-02,3.808101920971434379e-02,9.499353040708669038e-02,3.304468995720115376e-02,3.318403503533393084e-02,2.056335224445108092e-02,1.451179456554195328e-02,2.269334129590922650e-02,3.441823429879566076e-02,4.707872996914502089e-02,3.664775554892007320e-02,9.911416343187021138e-02,9.903453767293719789e-02,2.319100228924056775e-02,5.243356225739026488e-02,1.926147108589628676e-01,8.223350253807105992e-02,9.031551706977207494e-02,6.630835075146809809e-02,8.997710759430675373e-03,4.972628645366776456e-02
1.266049567034935840e-02,2.557977505723101411e-02,1.674131581566636745e-02,1.234199263461729923e-02,5.086095351846322415e-02,5.322981984672041367e-02,6.802030456852792284e-02,1.174479944261968764e-02,6.638797651040111159e-02,3.774260973424903298e-02,5.611625360804220475e-02,2.922265352841644376e-02,8.784711854284861510e-02,2.581865233403005805e-02,1.998606549218672271e-02,1.703991241166517498e-02,1.391460137354434169e-02,2.794864138548820709e-02,0.000000000000000000e+00,4.670050761421319641e-02,2.581865233403005805e-02,8.673235791778639847e-02,7.048870309545138269e-02,2.048372648551806396e-02,5.999800935602667140e-02,1.440031850303573335e-01,7.433064596396934953e-02,1.162735144819349031e-01,6.081417338509007703e-02,1.518861351647257836e-02,5.127898875286154845e-02,2.362894396337215236e-02,1.455160744500846003e-02,3.256693540360306588e-02,1.789588932019508388e-02,2.874489897481835241e-02,1.228227331541753738e-02,5.255300089578978859e-03,2.078232308151687149e-02,1.134667064795461325e-02,2.102120035831591544e-02,1.596496466606947204e-02,2.056335224445108092e-02,8.619488404498856088e-03,3.463720513586144960e-03,1.363591121727878927e-02,2.307156365084104752e-02,3.957400218970837102e-02,1.554692943167114601e-02,4.126604956703493893e-02,4.950731561660197400e-02,6.091370558375634736e-02,1.827411167512690490e-02,7.235990843037722053e-02,3.181049069373942384e-02,6.419826813974320590e-02,3.557280780332437720e-02,9.085299094256991947e-02,3.115357818254205213e-02,3.187021001293918743e-02,1.970737533592117202e-02,1.363591121727878927e-02,2.177764506817955747e-02,3.284562555986862004e-02,4.478948939982084487e-02,3.463720513586145133e-02,9.443615009455558207e-02,9.479446600975414972e-02,2.155867423111376691e-02,4.960684781526823739e-02,1.825022394744700016e-01,7.781427291728874873e-02,8.619488404498855394e-02,6.266547228028267191e-02,8.480143326366079010e-03,4.685975913207923033e-02
2.273315417537573324e-02,4.628247237981487211e-02,2.904349557081715993e-02,2.227530606151089873e-02,9.284363491589529838e-02,9.403802129989051461e-02,1.223250721608440394e-01,2.141932915298098983e-02,1.176669652632626600e-01,6.953319398825520692e-02,9.925350851000298846e-02,5.319000696725390692e-02,1.573604060913705582e-01,4.693938489101224382e-02,3.583159151985667451e-02,3.061610430974420066e-02,2.494276898576689577e-02,4.962675425500149423e-02,4.670050761421319641e-02,0.000000000000000000e+00,4.695929133074549372e-02,1.559669553100427875e-01,1.244749676520354315e-01,3.656812978998705971e-02,1.073554294814372395e-01,2.558972827709763975e-01,1.314621279984074798e-01,2.092564944759629786e-01,1.083905643475664426e-01,2.723200955509107180e-02,9.156962277296705477e-02,4.178361700009953356e-02,2.583855877376331142e-02,5.828605553896685360e-02,3.254702896386980904e-02,5.167711754752662284e-02,2.201652234497860142e-02,9.176868717029959197e-03,3.630934607345476239e-02,2.042400716631830385e-02,3.754354533691649232e-02,2.874489897481835241e-02,3.710560366278491118e-02,1.516870707673932499e-02,6.190902757041902987e-03,2.484323678710062544e-02,4.100726585050263467e-02,6.921469095252313908e-02,2.770976410868915968e-02,7.377326565143824122e-02,8.818552801831391896e-02,1.081317806310341384e-01,3.310440927640091735e-02,1.289340101522842563e-01,5.782820742510202255e-02,1.142231511894097745e-01,6.517368368667264544e-02,1.613815069174878158e-01,5.679307255897282636e-02,5.735045287150393467e-02,3.517467900865930280e-02,2.462426595003483487e-02,3.869811884144520875e-02,5.844530705683288752e-02,8.054145516074449895e-02,6.350154274907932050e-02,1.688663282571911950e-01,1.683686672638598503e-01,3.925549915397631012e-02,8.882253408977804077e-02,3.257887926744301721e-01,1.389071364586443591e-01,1.538170598188514093e-01,1.119538170598188553e-01,1.552702299193789263e-02,8.442321090872897948e-02
1.262068279088284992e-02,2.605752961082910199e-02,1.616402906340200923e-02,1.260077635114959654e-02,5.217477854085796757e-02,5.163730466806011610e-02,6.873693639892505813e-02,1.254105703194983643e-02,6.433761321787598297e-02,3.802129989051458020e-02,5.619587936697521824e-02,3.003881755747984592e-02,8.820543445804718274e-02,2.635612620682790952e-02,2.139942271324773646e-02,1.644271921966756339e-02,1.351647257887926730e-02,2.703294515775853460e-02,2.581865233403005805e-02,4.695929133074549372e-02,0.000000000000000000e+00,8.717029959191797961e-02,7.015029361998606494e-02,2.060316512391758767e-02,5.971931919976112418e-02,1.429282372847616167e-01,7.237981487011048432e-02,1.155568826515377678e-01,6.011744799442619858e-02,1.518861351647257836e-02,5.179655618592615002e-02,2.323081516870707797e-02,1.439235592714243131e-02,3.320394147506718768e-02,1.833383099432666502e-02,2.854583457748581521e-02,1.218274111675126878e-02,5.135861451179456888e-03,2.016522344978600653e-02,1.132676420822135988e-02,2.084204240071663161e-02,1.606449686473574237e-02,1.996615905245346934e-02,8.340798248233303666e-03,3.423907634119637781e-03,1.433263660794266946e-02,2.265352841644271975e-02,3.782223549318204647e-02,1.536777147407186218e-02,4.146511396436747265e-02,4.879068378620483870e-02,6.009754155469294173e-02,1.962774957698815506e-02,7.136458644371454496e-02,3.218871304867124833e-02,6.389967154374440184e-02,3.855877376331243167e-02,8.926047576390962190e-02,3.119339106200855888e-02,3.443814073852891067e-02,2.002587837165322945e-02,1.353637901861252067e-02,2.213596098337812165e-02,3.232805812680401847e-02,4.532696327261868940e-02,3.816064496864735728e-02,9.449586941375534566e-02,9.620782323081517040e-02,2.249427689857668930e-02,4.994525729073355513e-02,1.843933512491290894e-01,7.709764108689161344e-02,8.430377227032945231e-02,6.240668856375037460e-02,8.519956205832587490e-03,4.815367771474071690e-02
