0.000000000000000000e+00,2.289013765015208632e-02,1.127322094481964486e-02,7.715969823512226766e-03,3.199807530374113029e-02,3.828770772112526088e-02,4.734409101063738468e-02,8.661133164922410477e-03,4.627863415304771938e-02,2.716914986853637137e-02,3.027959650117715770e-02,2.232303964530597470e-02,6.518190098125140053e-02,1.708167929748586472e-02,1.362753690433228526e-02,1.428055884930659429e-02,8.076850372050661114e-03,1.515698303861421833e-02,1.529446134281933593e-02,3.321819525356154573e-02,2.093107181522915750e-02,5.860012716743139005e-02,4.540220996374010054e-02,1.850801670361396090e-02,4.663951470158615720e-02,1.030743585777869481e-01,5.658950696843154105e-02,9.224794212163392459e-02,6.473509649258477050e-02,1.541475485899881405e-02,4.938908078568850918e-02,1.618807032015260119e-02,9.640666082383873153e-03,1.926414737674210856e-02,1.173721022151191784e-02,1.842209276348576175e-02,6.736436906050764090e-03,4.949218951384234434e-03,1.450396109363990930e-02,1.074049251602481568e-02,1.458988503376810845e-02,1.166847106940935817e-02,1.204653640597343200e-02,5.636610472409822430e-03,4.055609974050970040e-03,1.242460174253750584e-02,2.613806258699798851e-02,1.758003815022941840e-02,8.918904985307006192e-03,2.888762867110034049e-02,3.897509924215084715e-02,4.622707978897080267e-02,1.010465535907614613e-02,4.533347081163753567e-02,2.794246532969015678e-02,3.892354487807393043e-02,3.093261844615146500e-02,5.591930023543159600e-02,1.940162568094722442e-02,1.538038528294753508e-02,1.902356034438315233e-02,6.616143389871285974e-03,1.639428777646027846e-02,2.039834338643432832e-02,3.961093639909951669e-02,1.957347356120362272e-02,5.971713838909797206e-02,5.927033390043133509e-02,2.008901720197281415e-02,4.447423141035555111e-02,1.164097540856833535e-01,5.619425684384183467e-02,7.954838377068618183e-02,5.619425684384183467e-02,1.515698303861421833e-02,4.916567854135519416e-02
2.289013765015208632e-02,0.000000000000000000e+00,2.177312642848550431e-02,1.507105909848602092e-02,6.262136756543107419e-02,7.523500197625061781e-02,9.372583389183894442e-02,1.678953790104999177e-02,9.154336581258269712e-02,5.404615834063686980e-02,5.980306232922617121e-02,4.299633964015053822e-02,1.290233884965028832e-01,3.363063016617690026e-02,2.570844288635699623e-02,2.857830248663882633e-02,1.601622243989620289e-02,3.060610747366431308e-02,2.998745510474128129e-02,6.538811843755906739e-02,3.959375161107387547e-02,1.164956780258115526e-01,8.869069100032650477e-02,3.543503290886906854e-02,9.236823563781340618e-02,1.991545084291385381e-01,1.128353181763502994e-01,1.831554707772679591e-01,1.280610403670670860e-01,3.072640098984379120e-02,9.618325857950542346e-02,3.175748827138217406e-02,1.919540822463955063e-02,3.667233764671512519e-02,2.247770273753673179e-02,3.622553315804849516e-02,1.336976508394768955e-02,9.606296506332594187e-03,2.844082418243371047e-02,2.048426732656252747e-02,2.765032393325428384e-02,2.230585485728033696e-02,2.533037754979292414e-02,1.120448179271708693e-02,7.819078551666065399e-03,2.344005086697255671e-02,5.136533140863707575e-02,3.461016308363836641e-02,1.778625560653709220e-02,5.715660497327765266e-02,7.746902441958378183e-02,9.284940970253131864e-02,1.940162568094722442e-02,9.061538725919815462e-02,5.499132168204705351e-02,7.600831743740441016e-02,5.925314911240570082e-02,1.121307418672990719e-01,3.955938203502259998e-02,2.911103091543365898e-02,3.825333814507397845e-02,1.299169974738361572e-02,3.258235809661287619e-02,4.060765410458661712e-02,7.781272018009657843e-02,3.727380522761251924e-02,1.191249505937344300e-01,1.156708082005808436e-01,3.777216408035606598e-02,8.860476706019830562e-02,2.243989620388032458e-01,1.109793610695812005e-01,1.586155934766544651e-01,1.118729700469144744e-01,3.069203141379251223e-02,9.623481294358234017e-02
1.127322094481964486e-02,2.177312642848550431e-02,0.000000000000000000e+00,7.303534910896873969e-03,3.045144438143355600e-02,3.624271794607413638e-02,4.555687305597085762e-02,7.990926431922461964e-03,4.438830747022735196e-02,2.620680173910054991e-02,2.868141121479266670e-02,2.122321321166503391e-02,6.214019350071316866e-02,1.629117904830643809e-02,1.233867780240930669e-02,1.379938478458868183e-02,7.870632915742983848e-03,1.479610249007578572e-02,1.465862418587066812e-02,3.184341221151037321e-02,1.919540822463955063e-02,5.665824612053410592e-02,4.292760048804798029e-02,1.733945111787046217e-02,4.466326407863759063e-02,9.633792167173617360e-02,5.454451719338041654e-02,8.853602790809575462e-02,6.219174786479008538e-02,1.501950473440910074e-02,4.712068876630406966e-02,1.519135261466549730e-02,9.176676805691601907e-03,1.792373391074221153e-02,1.080923166812737361e-02,1.749411421010121925e-02,6.392741145537970092e-03,4.639892766922720270e-03,1.373064563248612389e-02,9.898437902768468868e-03,1.361035211630664578e-02,1.080923166812737361e-02,1.213246034610163115e-02,5.310099499922668782e-03,3.866577305768933125e-03,1.178876458558883629e-02,2.493512742520321082e-02,1.672079874894743037e-02,8.540839648742932361e-03,2.737536732484404864e-02,3.748002268392019304e-02,4.478355759481706527e-02,9.468818202127476588e-03,4.347751370486845068e-02,2.658486707566462201e-02,3.675826158684332434e-02,2.935161794779261521e-02,5.382275609630355478e-02,1.886889725215239524e-02,1.433211321338351274e-02,1.854238627966523986e-02,6.272447629358491976e-03,1.577563540753724666e-02,1.929851695279338752e-02,3.790964238456118879e-02,1.835335361138320381e-02,5.758622467391864841e-02,5.612551769173926980e-02,1.873141894794727591e-02,4.291041570002233907e-02,1.102747847605299730e-01,5.370246258012407320e-02,7.628327404581464188e-02,5.408052791668814530e-02,1.476173291402450502e-02,4.653640597343231683e-02
7.715969823512226766e-03,1.507105909848602092e-02,7.303534910896873969e-03,0.000000000000000000e+00,2.098262617930607768e-02,2.514134488151088809e-02,3.151690123902321783e-02,5.636610472409822430e-03,3.084669450602326932e-02,1.821587530717808448e-02,1.998590847381897379e-02,1.448677630561426982e-02,4.335722018868896910e-02,1.123885136876836589e-02,8.540839648742932361e-03,9.486002990153116071e-03,5.447577804127786381e-03,1.020776408722998477e-02,1.003591620697358647e-02,2.177312642848550431e-02,1.345568902407588870e-02,3.895791445412520593e-02,2.962657455620285041e-02,1.196061246584523459e-02,3.100135759825402640e-02,6.679727105566152234e-02,3.763468577615095012e-02,6.124658452337990167e-02,4.291041570002233907e-02,1.032805760340946115e-02,3.239332542833084361e-02,1.070612293997353498e-02,6.444295509614888541e-03,1.245897131858878480e-02,7.595676307332748650e-03,1.197779725387087407e-02,4.416490522589403521e-03,3.247924936845903929e-03,9.571926930281315221e-03,6.908284786307160655e-03,9.245415957794159839e-03,7.475382791153271402e-03,8.506470072691653395e-03,3.797838153666374325e-03,2.594902991871595333e-03,7.870632915742983848e-03,1.718478802563970509e-02,1.142788403705040368e-02,5.980306232922617295e-03,1.905792992043443129e-02,2.588029076661339453e-02,3.093261844615146500e-02,6.547404237768727174e-03,3.009056383289512165e-02,1.843927755151140296e-02,2.560533415820315933e-02,2.005464762592153519e-02,3.735972916774071839e-02,1.318073241566565350e-02,9.709405234486432820e-03,1.263081919884518310e-02,4.313381794435565755e-03,1.080923166812737361e-02,1.340413465999896851e-02,2.584592119056211557e-02,1.271674313897338052e-02,3.947345809489440083e-02,3.854547954150985833e-02,1.288859101922977708e-02,2.950628104002337229e-02,7.540684985650701611e-02,3.672389201079204885e-02,5.274011445068824827e-02,3.715351171143303766e-02,1.013902493512742510e-02,3.204962966781804701e-02
3.199807530374113029e-02,6.262136756543107419e-02,3.045144438143355600e-02,2.098262617930607768e-02,0.000000000000000000e+00,1.039335979790689257e-01,1.336117268993486928e-01,2.364626832328023398e-02,1.287656166761182996e-01,7.767524187589146256e-02,8.470382017837810307e-02,6.092007355089274628e-02,1.828289598047808107e-01,4.732690622261174346e-02,3.519444587651011230e-02,3.959375161107387547e-02,2.326820298671615841e-02,4.241205684727878539e-02,4.184495884243268071e-02,9.123403962812118295e-02,5.621144163186746895e-02,1.619150727775773013e-01,1.235586259043494756e-01,4.947500472581670833e-02,1.300544757780412730e-01,2.779983158907735064e-01,1.574126583148596770e-01,2.592153425787492860e-01,1.789795672870375109e-01,4.378683988932996485e-02,1.347802924850921846e-01,4.550531869189393397e-02,2.713478029248509241e-02,5.157154886494474955e-02,3.196370572768984786e-02,5.103882043614992037e-02,1.892045161622931543e-02,1.362753690433228526e-02,4.107164338127889530e-02,2.878451994294650360e-02,3.851110996545857590e-02,3.132786857074117831e-02,3.572717430530494148e-02,1.637710298843463724e-02,1.079204688010173413e-02,3.296042343317695522e-02,7.109346806207145208e-02,4.720661270643226881e-02,2.539911670189548207e-02,8.188551494217319315e-02,1.077314361327353087e-01,1.319963568249385710e-01,2.740973690089532760e-02,1.261878984722723529e-01,7.825952466876320845e-02,1.089171865065044487e-01,8.386176556512175972e-02,1.567940059459366486e-01,5.564434362702135733e-02,3.990307779553538964e-02,5.255108178240621569e-02,1.845646233953704071e-02,4.514443814335550309e-02,5.590211544740595478e-02,1.068206423673764005e-01,5.330721245553435989e-02,1.644927909814232481e-01,1.604199962193466333e-01,5.347906033579075818e-02,1.237132889965802257e-01,3.141379251086937607e-01,1.524806241515010985e-01,2.223883418398034106e-01,1.548864944750906469e-01,4.246361121135570904e-02,1.336117268993486928e-01
3.828770772112526088e-02,7.523500197625061781e-02,3.624271794607413638e-02,2.514134488151088809e-02,1.039335979790689257e-01,0.000000000000000000e+00,1.562097231530649166e-01,2.813149799797219630e-02,1.525493633036036634e-01,8.939526730937773225e-02,9.919059648399236595e-02,7.095598975786633622e-02,2.148957742606245058e-01,5.560997405097008184e-02,4.313381794435565408e-02,4.746438452681685932e-02,2.632709525528002456e-02,5.129659225653451782e-02,4.983588527435513921e-02,1.087281538382224022e-01,6.604114038253337815e-02,1.947895722706260435e-01,1.483047206612706503e-01,5.901256208004674458e-02,1.542506573181419705e-01,3.353439535323332055e-01,1.875375917238060741e-01,3.043769655101304372e-01,2.124039799969067444e-01,5.084978776786788085e-02,1.600763004588338367e-01,5.294633190699592901e-02,3.198089051571548908e-02,6.107473664312351030e-02,3.770342492825350805e-02,6.007801893763640294e-02,2.235740922135725367e-02,1.608496159199876430e-02,4.725816707050918553e-02,3.442113041535632689e-02,4.595212318056057094e-02,3.722225086353559559e-02,4.177621969033012278e-02,1.864549500781908023e-02,1.299169974738361572e-02,3.909539275833032873e-02,8.547713563953188154e-02,5.799865958653400294e-02,2.952346582804901004e-02,9.496313862968500108e-02,1.291264972246567444e-01,1.540959942259112203e-01,3.230740148820264446e-02,1.518447869945524220e-01,9.078723513945455292e-02,1.266690725369902515e-01,9.781581344194119343e-02,1.859565912254472209e-01,6.571462941004622971e-02,4.859858053650908255e-02,6.322283514632846824e-02,2.149816982007526911e-02,5.423519100891890238e-02,6.772524960904607871e-02,1.295561169252977263e-01,6.208863913663625195e-02,1.986217800003436951e-01,1.930882782560877087e-01,6.315409599422591724e-02,1.466206114347579637e-01,3.737691395576635545e-01,1.849598735199601274e-01,2.630475503084669375e-01,1.859394064374216005e-01,5.088415734391916329e-02,1.604371810073722815e-01
4.734409101063738468e-02,9.372583389183894442e-02,4.555687305597085762e-02,3.151690123902321783e-02,1.336117268993486928e-01,1.562097231530649166e-01,0.000000000000000000e+00,3.562406557715110805e-02,1.929851695279338752e-01,1.153442972280936951e-01,1.265144094447595013e-01,9.104500695983915037e-02,2.721039335979790752e-01,7.064666357340482206e-02,5.248234263030365776e-02,5.964839923699541413e-02,3.466171744771528312e-02,6.365245484696946399e-02,6.258699798937980563e-02,1.360004124349126209e-01,8.375865683696791242e-02,2.423226959495454746e-01,1.852176453403447387e-01,7.386021893419944528e-02,1.940334415974978854e-01,4.161468268288910921e-01,2.344348782457768288e-01,3.868639480332010105e-01,2.678592909556460344e-01,6.519908576927703481e-02,2.014744548125998735e-01,6.827516282586654217e-02,4.007492567579178794e-02,7.633482840989155860e-02,4.739564537471430139e-02,7.630045883384029004e-02,2.854393291058754736e-02,2.014057156604973434e-02,6.188242168032857121e-02,4.320255709645821202e-02,5.712223539722637716e-02,4.706913440222714601e-02,5.298070148304720450e-02,2.436802942035709921e-02,1.618807032015260119e-02,4.825488477599628595e-02,1.058754790259662099e-01,7.025141344881510874e-02,3.811585984086886258e-02,1.215651904933752608e-01,1.616916705332439863e-01,1.981577907236514169e-01,4.089979550102249700e-02,1.897028750150366871e-01,1.166331563300166685e-01,1.618119640494234401e-01,1.250537024625801297e-01,2.357924764998023670e-01,8.271038476740388834e-02,5.915004038425186045e-02,7.896410097781443593e-02,2.782217181351067867e-02,6.812049973363579203e-02,8.360399374473716227e-02,1.585984086886288169e-01,7.894691618978880165e-02,2.458112079187503296e-01,2.399855647780584633e-01,7.973741643896822828e-02,1.857331889811139058e-01,4.675980821776563601e-01,2.279562131601106656e-01,3.320101046553590729e-01,2.321664862263924101e-01,6.325720472237975067e-02,1.993263563093949364e-01
8.661133164922410477e-03,1.678953790104999177e-02,7.990926431922461964e-03,5.636610472409822430e-03,2.364626832328023398e-02,2.813149799797219630e-02,3.562406557715110805e-02,0.000000000000000000e+00,3.419772817102301188e-02,2.041552817445996953e-02,2.261518104174185112e-02,1.625680947225515913e-02,4.846110223230396669e-02,1.251052568266570499e-02,9.795329174614631970e-03,1.062019899984533756e-02,6.100599749102094543e-03,1.130759052087092556e-02,1.115292742864016848e-02,2.448832293653657732e-02,1.508824388651166040e-02,4.349469849289409190e-02,3.306353216133078865e-02,1.335258029592205006e-02,3.436957605127941018e-02,7.535529549243009939e-02,4.199962193466343779e-02,6.872196731453317220e-02,4.755030846694505847e-02,1.168565585743499939e-02,3.596776133766389771e-02,1.196061246584523459e-02,7.234795758794315169e-03,1.366190648038356423e-02,8.454915708614734945e-03,1.343850423605024748e-02,5.052327679538073067e-03,3.608805485384337843e-03,1.089515560825557276e-02,7.698785035486587283e-03,1.031087281538382167e-02,8.506470072691653395e-03,9.400079050024918656e-03,4.313381794435565755e-03,2.904229176333109931e-03,8.609578800845492028e-03,1.910948428451135148e-02,1.271674313897338052e-02,6.719252118025123739e-03,2.175594164045986656e-02,2.905947655135673879e-02,3.507415236033063766e-02,7.286350122871234486e-03,3.395714113866405565e-02,2.074203914694712145e-02,2.881888951899778256e-02,2.215119176504957640e-02,4.225739375504802831e-02,1.488202643020398314e-02,1.077486209207609465e-02,1.407434139299891702e-02,4.914849375332955468e-03,1.220119949820418909e-02,1.508824388651166040e-02,2.852674812256190962e-02,1.407434139299891702e-02,4.401024213366327986e-02,4.292760048804798029e-02,1.419463490917839514e-02,3.314945610145898780e-02,8.384458077709611157e-02,4.117475210943272873e-02,5.933907305253389997e-02,4.148407829389424289e-02,1.132477530889656504e-02,3.598494612568953893e-02
4.627863415304771938e-02,9.154336581258269712e-02,4.438830747022735196e-02,3.084669450602326932e-02,1.287656166761182996e-01,1.525493633036036634e-01,1.929851695279338752e-01,3.419772817102301188e-02,0.000000000000000000e+00,1.108934371294530014e-01,1.215480057053496266e-01,8.717842965407021638e-02,2.632537677647746044e-01,6.879070646663573707e-02,5.158873365297039076e-02,5.835954013507243382e-02,3.278857555292055692e-02,6.270729150555927334e-02,6.116066058325170252e-02,1.339897922359127580e-01,8.016703613960922403e-02,2.392466188929559534e-01,1.810932962141912073e-01,7.174649000704576285e-02,1.897372445910879557e-01,4.080184220927635108e-01,2.301558660273925472e-01,3.752814009039198706e-01,2.613806258699798990e-01,6.315409599422591724e-02,1.960440617964977483e-01,6.494131394889243736e-02,3.899228403017648836e-02,7.420391469471224188e-02,4.600367754463748765e-02,7.425546905878915860e-02,2.746129126497224779e-02,1.972813665343437980e-02,5.818769225481603552e-02,4.199962193466343779e-02,5.562715883899572306e-02,4.524754687150933652e-02,5.194961420150882164e-02,2.311353989448540133e-02,1.584437455963980806e-02,4.753312367891941725e-02,1.041398154353766065e-01,7.007956556855871044e-02,3.631145709817669431e-02,1.167534498461961501e-01,1.573439191627571399e-01,1.900981251396264005e-01,3.952501245897131754e-02,1.857847433451908503e-01,1.120448179271708727e-01,1.559347665446546849e-01,1.198810812668625742e-01,2.281968001924696288e-01,8.047636232407073820e-02,5.846264886322627419e-02,7.746902441958378183e-02,2.660205186369025976e-02,6.655668402330257305e-02,8.207454761045522573e-02,1.580828650478596220e-01,7.538966506848138183e-02,2.429413483184685030e-01,2.360330635321613302e-01,7.726280696327610109e-02,1.804746438452681789e-01,4.564107851729649057e-01,2.256878211407262191e-01,3.227818734855905647e-01,2.285920503170593421e-01,6.226048701689264331e-02,1.951504528191644883e-01
2.716914986853637137e-02,5.404615834063686980e-02,2.620680173910054991e-02,1.821587530717808448e-02,7.767524187589146256e-02,8.939526730937773225e-02,1.153442972280936951e-01,2.041552817445996953e-02,1.108934371294530014e-01,0.000000000000000000e+00,7.341341444553281526e-02,5.191524462545754615e-02,1.570174081902699637e-01,4.155281744599680083e-02,2.998745510474128129e-02,3.485075011599732264e-02,1.991716932171641585e-02,3.693010946709972264e-02,3.625990273409977760e-02,7.942809025450671412e-02,4.751593889089378298e-02,1.405371964736814860e-01,1.067175336392225671e-01,4.160437181007372448e-02,1.118729700469144744e-01,2.384045642796996101e-01,1.367221735319894826e-01,2.235225378494956339e-01,1.543709508343214520e-01,3.801275111271502222e-02,1.150865254077090977e-01,3.811585984086886258e-02,2.309635510645976011e-02,4.330566582461205238e-02,2.675671495592102031e-02,4.469763365468886612e-02,1.646302692856283639e-02,1.159973191730680024e-02,3.450705435548452604e-02,2.476327954494681252e-02,3.294323864515131400e-02,2.651612792356206408e-02,3.127631420666426160e-02,1.407434139299891702e-02,9.314155109896719506e-03,2.795965011771579800e-02,6.129813888745682532e-02,4.096853465312505493e-02,2.177312642848550431e-02,7.054355484525098863e-02,9.283222491450568437e-02,1.138320358818373929e-01,2.307917031843412237e-02,1.089687408705813654e-01,6.743310821261019883e-02,9.329621419119794867e-02,7.147153339863553112e-02,1.359316732828100560e-01,4.837517829217576754e-02,3.402588029076661358e-02,4.610678627279132802e-02,1.615370074410132223e-02,3.914694712240724545e-02,4.856421096045780011e-02,9.257445309412108692e-02,4.500695983915038723e-02,1.426852949768864509e-01,1.378219999656304373e-01,4.485229674691963014e-02,1.075595882524789104e-01,2.687013455689024055e-01,1.320135416129641914e-01,1.928648760117543937e-01,1.343163032083999342e-01,3.742846831984327632e-02,1.140726229141963560e-01
3.027959650117715770e-02,5.980306232922617121e-02,2.868141121479266670e-02,1.998590847381897379e-02,8.470382017837810307e-02,9.919059648399236595e-02,1.265144094447595013e-01,2.261518104174185112e-02,1.215480057053496266e-01,7.341341444553281526e-02,0.000000000000000000e+00,5.777525734220068099e-02,1.726899348696533942e-01,4.495540547507346357e-02,3.421491295904865310e-02,3.816741420494577930e-02,2.177312642848550431e-02,4.076231719681737420e-02,3.997181694763794757e-02,8.700658177381381808e-02,5.329002766750871867e-02,1.547662009589111654e-01,1.177501675516832436e-01,4.672543864171435635e-02,1.234555171761956283e-01,2.650581705074667727e-01,1.501434929800140872e-01,2.462923819834682282e-01,1.692529772645254282e-01,4.148407829389424289e-02,1.276314206664260764e-01,4.248079599938135026e-02,2.546785585399804000e-02,4.842673265625268425e-02,2.995308552869000232e-02,4.858139574848344133e-02,1.799247306284476947e-02,1.278548229107594018e-02,3.792682717258682307e-02,2.715196508051073362e-02,3.643175061435616896e-02,2.942035709989517314e-02,3.409461944286917151e-02,1.524290697874241748e-02,1.029368802735818218e-02,3.091543365812582725e-02,6.794865185337939373e-02,4.557405784399649190e-02,2.392122493169046918e-02,7.781272018009657843e-02,1.033836847622484623e-01,1.246584523379904164e-01,2.562251894622879708e-02,1.215480057053496266e-01,7.394614287432764443e-02,1.034180543382997308e-01,7.913594885807083423e-02,1.499888298877833370e-01,5.325565809145744317e-02,3.852829475348421712e-02,5.069512467563712377e-02,1.770033166640889652e-02,4.303070921620182065e-02,5.409771270471378651e-02,1.028853259095049016e-01,4.995617879053462079e-02,1.585640391125775484e-01,1.526352872437318486e-01,5.002491794263717872e-02,1.180766785241704059e-01,2.971078001752848197e-01,1.467752745269887138e-01,2.126617518172913279e-01,1.486312316337577988e-01,4.146689350586860168e-02,1.270299530855286962e-01
2.232303964530597470e-02,4.299633964015053822e-02,2.122321321166503391e-02,1.448677630561426982e-02,6.092007355089274628e-02,7.095598975786633622e-02,9.104500695983915037e-02,1.625680947225515913e-02,8.717842965407021638e-02,5.191524462545754615e-02,5.777525734220068099e-02,0.000000000000000000e+00,1.240226151810417399e-01,3.249643415648467704e-02,2.467735560481861337e-02,2.713478029248509241e-02,1.568971146740905098e-02,2.875015036689522463e-02,2.871578079084394566e-02,6.248388926122596526e-02,3.876888178584317335e-02,1.104810022168376538e-01,8.497877678678833480e-02,3.392277156261277321e-02,8.802048426732655972e-02,1.906824079324981602e-01,1.070268598236840812e-01,1.754395009537557393e-01,1.220463645580931733e-01,2.955783540410028901e-02,9.211046381742880873e-02,3.058892268563867187e-02,1.847364712756268193e-02,3.540066333281779304e-02,2.156690897217782704e-02,3.497104363217679729e-02,1.287140623120413760e-02,9.142307229640322941e-03,2.759876956917736365e-02,1.965939750133182187e-02,2.670516059184410013e-02,2.142943066797271118e-02,2.426492069220326231e-02,1.103263391246069036e-02,7.458198003127631051e-03,2.304480074238284340e-02,4.868450447663728170e-02,3.265109724871543412e-02,1.733945111787046217e-02,5.543812617071368354e-02,7.348215359763536625e-02,8.922341942912134782e-02,1.881734288807547506e-02,8.530528775927548324e-02,5.315254936330360280e-02,7.387740372222507956e-02,5.801584437455963722e-02,1.066659792751456365e-01,3.797838153666374672e-02,2.783935660153631989e-02,3.625990273409977760e-02,1.264800398687082258e-02,3.084669450602326932e-02,3.825333814507397845e-02,7.351652317368664868e-02,3.655204413053565055e-02,1.119073396229657569e-01,1.103435239126325379e-01,3.680981595092024800e-02,8.436012441786530647e-02,2.161674485745218310e-01,1.045866199240432365e-01,1.512776889897063104e-01,1.059098486020174923e-01,2.892199824715162293e-02,9.150899623653142856e-02
6.518190098125140053e-02,1.290233884965028832e-01,6.214019350071316866e-02,4.335722018868896910e-02,1.828289598047808107e-01,2.148957742606245058e-01,2.721039335979790752e-01,4.846110223230396669e-02,2.632537677647746044e-01,1.570174081902699637e-01,1.726899348696533942e-01,1.240226151810417399e-01,0.000000000000000000e+00,9.687065010053101666e-02,7.276039250055850449e-02,8.229794985478854075e-02,4.672543864171435635e-02,8.805485384337784216e-02,8.552869000360881213e-02,1.871595263872420090e-01,1.145709817669399028e-01,3.339691704902820191e-01,2.540083518069804480e-01,1.008918904985307008e-01,2.671375298585692004e-01,5.719097454932893232e-01,3.234177106425392134e-01,5.291368080974721000e-01,3.677372789606639936e-01,8.930934336924954697e-02,2.763829458163633568e-01,9.252289873004417020e-02,5.493976731797012986e-02,1.049475004725816674e-01,6.504442267704628466e-02,1.043975872557612039e-01,3.866577305768933298e-02,2.765032393325428384e-02,8.334622192435256482e-02,5.916722517227750167e-02,7.879225309755803763e-02,6.392741145537969571e-02,7.312127304909693537e-02,3.301197779725387194e-02,2.227148528122905452e-02,6.698630372394356880e-02,1.463628396143733523e-01,9.786736780601811014e-02,5.179495110927806456e-02,1.660737914797821013e-01,2.207042326132907240e-01,2.694746610300561840e-01,5.554123489886752391e-02,2.601776907081851387e-01,1.588046261449365115e-01,2.203089824887010106e-01,1.709027169149868464e-01,3.221460363286418604e-01,1.138320358818373929e-01,8.183396057809626256e-02,1.087797082022993189e-01,3.754876183602275097e-02,9.336495334330051354e-02,1.151037101957347319e-01,2.202058737605471772e-01,1.080923166812737396e-01,3.386778024093072825e-01,3.305150280971284049e-01,1.091405887508377637e-01,2.544207867195958372e-01,6.428485504631300529e-01,3.144300665051296684e-01,4.560155350483751646e-01,3.189152961798216168e-01,8.796892990324964301e-02,2.741317385850045585e-01
1.708167929748586472e-02,3.363063016617690026e-02,1.629117904830643809e-02,1.123885136876836589e-02,4.732690622261174346e-02,5.560997405097008184e-02,7.064666357340482206e-02,1.251052568266570499e-02,6.879070646663573707e-02,4.155281744599680083e-02,4.495540547507346357e-02,3.249643415648467704e-02,9.687065010053101666e-02,0.000000000000000000e+00,1.878297331202419609e-02,2.129195236376759184e-02,1.249334089464006377e-02,2.261518104174185112e-02,2.261518104174185112e-02,4.904538502517571258e-02,2.988434637658744439e-02,8.693784262171126709e-02,6.566307504596931299e-02,2.634428004330566578e-02,6.930625010740493197e-02,1.471705246515784271e-01,8.437730920589094075e-02,1.380625869979893727e-01,9.583956281899262686e-02,2.352597480710075586e-02,7.183241394717396200e-02,2.376656183945970863e-02,1.445240672956299086e-02,2.747847605299788554e-02,1.694420099328074886e-02,2.679108453197229928e-02,9.967177054871028535e-03,7.320719698922513452e-03,2.151535460810091033e-02,1.513979825058857885e-02,2.053582169063944765e-02,1.663487480881923469e-02,1.914385386056263044e-02,8.575209224794211327e-03,5.825643140691859345e-03,1.761440772628069737e-02,3.815022941692014502e-02,2.541630148992112329e-02,1.336976508394768955e-02,4.320255709645821202e-02,5.753467030984172476e-02,6.954683713976388126e-02,1.460706982179374794e-02,6.679727105566152234e-02,4.165592617415064119e-02,5.772370297812376427e-02,4.471481844271450734e-02,8.314000446804488409e-02,2.967812892027976712e-02,2.148098503204963136e-02,2.830334587822859113e-02,9.743774810537711786e-03,2.416181196404942194e-02,2.960938976817720919e-02,5.762059424996992391e-02,2.830334587822859113e-02,8.836418002783935632e-02,8.552869000360881213e-02,2.844082418243371047e-02,6.628172741489234132e-02,1.677407159182691399e-01,8.166211269783987814e-02,1.182828959804780866e-01,8.284786307160901808e-02,2.292450722620336528e-02,7.119657679022529939e-02
1.362753690433228526e-02,2.570844288635699623e-02,1.233867780240930669e-02,8.540839648742932361e-03,3.519444587651011230e-02,4.313381794435565408e-02,5.248234263030365776e-02,9.795329174614631970e-03,5.158873365297039076e-02,2.998745510474128129e-02,3.421491295904865310e-02,2.467735560481861337e-02,7.276039250055850449e-02,1.878297331202419609e-02,0.000000000000000000e+00,1.605059201594748186e-02,8.867350621230087743e-03,1.723634238971662180e-02,1.732226632984482095e-02,3.739409874379199389e-02,2.316509425856232152e-02,6.647076008317437390e-02,5.083260297984224657e-02,2.069048478287020473e-02,5.191524462545754615e-02,1.164441236617346359e-01,6.394459624340534387e-02,1.029196954855561841e-01,7.215892491966111044e-02,1.715041844958842265e-02,5.469918028561117362e-02,1.764877730233197634e-02,1.089515560825557276e-02,2.122321321166503391e-02,1.285422144317849812e-02,2.008901720197281415e-02,7.406643639050712602e-03,5.464762592153425864e-03,1.579282019556288788e-02,1.168565585743499939e-02,1.611933116805004326e-02,1.290577580725541830e-02,1.378219999656304234e-02,6.186523689230293693e-03,4.485229674691962320e-03,1.366190648038356423e-02,2.954065061607465126e-02,2.015775635407537208e-02,9.932807478819749569e-03,3.239332542833084361e-02,4.438830747022735196e-02,5.170902716914986541e-02,1.117011221666580796e-02,5.194961420150882164e-02,3.084669450602326932e-02,4.347751370486845068e-02,3.387121719853585650e-02,6.291350896186695407e-02,2.221993091715213781e-02,1.740819026997302010e-02,2.167001770033166741e-02,7.389458851025072252e-03,1.861112543176779779e-02,2.371500747538279191e-02,4.511006856730422065e-02,2.132632193981887081e-02,6.830953240191782461e-02,6.653949923527693877e-02,2.196215909676754036e-02,5.009365709473973666e-02,1.291780515887336611e-01,6.416799848773865889e-02,8.975614785791617700e-02,6.360090048289254727e-02,1.742537505799866132e-02,5.555841968689316512e-02
1.428055884930659429e-02,2.857830248663882633e-02,1.379938478458868183e-02,9.486002990153116071e-03,3.959375161107387547e-02,4.746438452681685932e-02,5.964839923699541413e-02,1.062019899984533756e-02,5.835954013507243382e-02,3.485075011599732264e-02,3.816741420494577930e-02,2.713478029248509241e-02,8.229794985478854075e-02,2.129195236376759184e-02,1.605059201594748186e-02,0.000000000000000000e+00,1.031087281538382167e-02,1.947036483304978582e-02,1.928133216476774631e-02,4.186214363045831499e-02,2.486638827310065289e-02,7.447887130312247361e-02,5.643484387620078396e-02,2.192778952071626139e-02,5.868605110755958920e-02,1.257582787716313433e-01,7.229640322386624018e-02,1.171143303947345810e-01,8.155900396968603083e-02,1.977969101751129999e-02,6.081696482273891285e-02,2.003746283789589397e-02,1.209809077005035219e-02,2.275265934594696698e-02,1.405715660497327754e-02,2.307917031843412237e-02,8.575209224794211327e-03,6.049045385025176094e-03,1.790654912271657032e-02,1.288859101922977708e-02,1.721915760169098406e-02,1.391967830076815994e-02,1.646302692856283639e-02,7.234795758794315169e-03,4.949218951384234434e-03,1.471017854994758657e-02,3.254798852056160069e-02,2.199652867281881932e-02,1.129040573284528608e-02,3.639738103830489346e-02,4.932034163358595125e-02,5.911567080820057801e-02,1.225275386228110927e-02,5.813613789073911881e-02,3.507415236033063766e-02,4.835799350415012632e-02,3.732535959168943596e-02,7.136842467048168381e-02,2.533037754979292414e-02,1.821587530717808448e-02,2.469454039284425459e-02,8.420546132563454245e-03,2.058737605471636437e-02,2.572562767438263745e-02,4.966403739409874091e-02,2.337131171486999878e-02,7.638638277396848919e-02,7.343059923355844953e-02,2.371500747538279191e-02,5.646921345225206640e-02,1.418776099396814039e-01,7.066384836143045634e-02,1.009949992266845342e-01,7.154027255073808211e-02,1.988279974566513689e-02,6.055919300235431540e-02
8.076850372050661114e-03,1.601622243989620289e-02,7.870632915742983848e-03,5.447577804127786381e-03,2.326820298671615841e-02,2.632709525528002456e-02,3.466171744771528312e-02,6.100599749102094543e-03,3.278857555292055692e-02,1.991716932171641585e-02,2.177312642848550431e-02,1.568971146740905098e-02,4.672543864171435635e-02,1.249334089464006377e-02,8.867350621230087743e-03,1.031087281538382167e-02,0.000000000000000000e+00,1.075767730405045516e-02,1.074049251602481568e-02,2.347442044302383568e-02,1.417745012115275566e-02,4.146689350586860168e-02,3.168874911927961613e-02,1.237304737846058739e-02,3.311508652540771230e-02,7.025141344881510874e-02,4.017803440394562831e-02,6.653949923527693877e-02,4.583182966438108935e-02,1.125603615679400538e-02,3.428365211115121103e-02,1.137632967297348349e-02,6.891099998281521172e-03,1.302606932343489468e-02,8.025296007973740930e-03,1.347287381210152818e-02,4.932034163358594951e-03,3.402588029076661445e-03,1.034524239143510237e-02,7.372274062999432769e-03,9.743774810537711786e-03,7.836263339691704882e-03,9.279785533845440540e-03,4.210273066281727122e-03,2.749566084102352415e-03,8.368991768486535796e-03,1.804402742692168965e-02,1.206372119399907149e-02,6.564589025794366657e-03,2.115447405956247598e-02,2.744410647694660657e-02,3.402588029076661358e-02,6.908284786307160655e-03,3.189496657558728993e-02,2.015775635407537208e-02,2.778780223745939970e-02,2.142943066797271118e-02,4.040143664827894332e-02,1.448677630561426982e-02,1.005310099499922595e-02,1.369627605643484319e-02,4.777371071127837869e-03,1.146225361310168264e-02,1.426337406128095481e-02,2.723788902063892930e-02,1.350724338815280715e-02,4.186214363045831499e-02,4.074513240879173992e-02,1.343850423605024748e-02,3.192933615163857236e-02,7.984052516712206171e-02,3.887199051399700678e-02,5.727689848945713424e-02,3.961093639909951669e-02,1.110137306456324829e-02,3.373373889433074063e-02
1.515698303861421833e-02,3.060610747366431308e-02,1.479610249007578572e-02,1.020776408722998477e-02,4.241205684727878539e-02,5.129659225653451782e-02,6.365245484696946399e-02,1.130759052087092556e-02,6.270729150555927334e-02,3.693010946709972264e-02,4.076231719681737420e-02,2.875015036689522463e-02,8.805485384337784216e-02,2.261518104174185112e-02,1.723634238971662180e-02,1.947036483304978582e-02,1.075767730405045516e-02,0.000000000000000000e+00,2.044989775051124850e-02,4.466326407863759063e-02,2.636146483133130700e-02,8.011548177553229344e-02,6.037016033407227589e-02,2.392122493169046918e-02,6.313691120620026909e-02,1.355364231582203427e-01,7.736591569142994840e-02,1.251739959787596113e-01,8.735027753432661468e-02,2.106855011943427683e-02,6.514753140520011809e-02,2.141224587994706996e-02,1.294014538330669727e-02,2.453987730061349751e-02,1.513979825058857885e-02,2.416181196404942194e-02,9.056383289512123791e-03,6.495849873691807858e-03,1.943599525699850339e-02,1.366190648038356423e-02,1.821587530717808448e-02,1.498513515835782177e-02,1.735663590589609992e-02,7.595676307332748650e-03,5.241360347820109983e-03,1.548349401110137372e-02,3.467890223574092434e-02,2.380093141551099106e-02,1.202935161794779252e-02,3.854547954150985833e-02,5.303225584712412816e-02,6.318846557027718580e-02,1.304325411146053590e-02,6.253544362530287504e-02,3.701603340722792179e-02,5.194961420150882164e-02,3.961093639909951669e-02,7.630045883384029004e-02,2.675671495592102031e-02,1.967658228935745962e-02,2.610369301094670955e-02,8.815796257153167559e-03,2.221993091715213781e-02,2.790809575363887782e-02,5.289477754291900535e-02,2.486638827310065289e-02,8.197143888230139230e-02,7.874069873348112092e-02,2.545067106597240225e-02,6.057637779037995662e-02,1.513636129298345234e-01,7.544121943255829854e-02,1.081095014692993739e-01,7.635201319791720675e-02,2.118884363561375495e-02,6.526782492137959968e-02
1.529446134281933593e-02,2.998745510474128129e-02,1.465862418587066812e-02,1.003591620697358647e-02,4.184495884243268071e-02,4.983588527435513921e-02,6.258699798937980563e-02,1.115292742864016848e-02,6.116066058325170252e-02,3.625990273409977760e-02,3.997181694763794757e-02,2.871578079084394566e-02,8.552869000360881213e-02,2.261518104174185112e-02,1.732226632984482095e-02,1.928133216476774631e-02,1.074049251602481568e-02,2.044989775051124850e-02,0.000000000000000000e+00,4.425082916602223609e-02,2.648175834751078511e-02,7.843137254901960675e-02,5.956247529686721498e-02,2.364626832328023398e-02,6.153872591981578155e-02,1.330961832585794979e-01,7.568180646491726171e-02,1.224244298946572523e-01,8.525373339519856652e-02,2.070766957089584248e-02,6.430547679194377475e-02,2.075922393497276267e-02,1.256208004674262343e-02,2.431647505628018249e-02,1.486484164217834365e-02,2.431647505628018249e-02,8.867350621230087743e-03,6.375556357512329742e-03,1.861112543176779779e-02,1.359316732828100630e-02,1.845646233953704071e-02,1.483047206612706469e-02,1.697857056933202782e-02,7.337904486948153802e-03,5.241360347820109983e-03,1.579282019556288788e-02,3.447268477943324361e-02,2.335412692684435756e-02,1.170284064546063887e-02,3.835644687322781882e-02,5.203553814163702079e-02,6.152154113179014033e-02,1.294014538330669727e-02,6.102318227904658665e-02,3.658641370658692604e-02,5.105600522417556159e-02,3.940471894279184290e-02,7.482256706363527021e-02,2.644738877145950268e-02,1.976250622948565877e-02,2.586310597858775331e-02,8.850165833204448260e-03,2.170438727638294638e-02,2.713478029248509241e-02,5.270574487463697277e-02,2.469454039284425459e-02,8.037325359591689089e-02,7.724562217525046681e-02,2.539911670189548207e-02,5.944218178068773339e-02,1.502294169201423002e-01,7.504596930796858523e-02,1.061676204224020897e-01,7.532092591637881696e-02,2.081077829904968285e-02,6.387585709130277900e-02
3.321819525356154573e-02,6.538811843755906739e-02,3.184341221151037321e-02,2.177312642848550431e-02,9.123403962812118295e-02,1.087281538382224022e-01,1.360004124349126209e-01,2.448832293653657732e-02,1.339897922359127580e-01,7.942809025450671412e-02,8.700658177381381808e-02,6.248388926122596526e-02,1.871595263872420090e-01,4.904538502517571258e-02,3.739409874379199389e-02,4.186214363045831499e-02,2.347442044302383568e-02,4.466326407863759063e-02,4.425082916602223609e-02,0.000000000000000000e+00,5.732845285353405096e-02,1.704902820023715126e-01,1.292296059528105778e-01,5.102163564812427915e-02,1.351755426096818979e-01,2.906463198776443324e-01,1.649567802581155262e-01,2.670000515543640707e-01,1.865065044422677121e-01,4.511006856730422065e-02,1.397638810125277076e-01,4.547094911584265847e-02,2.758158478115172590e-02,5.298070148304720450e-02,3.268546682476671655e-02,5.303225584712412816e-02,1.941881046897286564e-02,1.412589575707583721e-02,4.050454537643278369e-02,2.966094413225412937e-02,4.019521919197126952e-02,3.215273839597188738e-02,3.689573989104844715e-02,1.632554862435771706e-02,1.146225361310168264e-02,3.424928253509992859e-02,7.497723015586603423e-02,5.105600522417556159e-02,2.548504064202368122e-02,8.339777628842948154e-02,1.129727964805554152e-01,1.338007595676307393e-01,2.821742193810039198e-02,1.322541286453231546e-01,8.001237304737846001e-02,1.109965458576068487e-01,8.539121169940368239e-02,1.618291488374490883e-01,5.727689848945713424e-02,4.260108951556082491e-02,5.614270247976491102e-02,1.907511470846007251e-02,4.718942791840662759e-02,5.896100771596982093e-02,1.147600144352219353e-01,5.349624512381639940e-02,1.753707618016531744e-01,1.681703356189101495e-01,5.483665858981629643e-02,1.287484318880926515e-01,3.269921465518723092e-01,1.627743121788592651e-01,2.305167465759309919e-01,1.639600625526284050e-01,4.543657953979137604e-02,1.392827069478098090e-01
2.093107181522915750e-02,3.959375161107387547e-02,1.919540822463955063e-02,1.345568902407588870e-02,5.621144163186746895e-02,6.604114038253337815e-02,8.375865683696791242e-02,1.508824388651166040e-02,8.016703613960922403e-02,4.751593889089378298e-02,5.329002766750871867e-02,3.876888178584317335e-02,1.145709817669399028e-01,2.988434637658744439e-02,2.316509425856232152e-02,2.486638827310065289e-02,1.417745012115275566e-02,2.636146483133130700e-02,2.648175834751078511e-02,5.732845285353405096e-02,0.000000000000000000e+00,1.015277276554793634e-01,7.839700297296832432e-02,3.189496657558728993e-02,8.102627554089120165e-02,1.775875994569607041e-01,9.850320496296678663e-02,1.618807032015260050e-01,1.119073396229657569e-01,2.708322592840817222e-02,8.513343987901909882e-02,2.842363939440806925e-02,1.708167929748586472e-02,3.294323864515131400e-02,2.019212593012665105e-02,3.203244487979240579e-02,1.184031894966575647e-02,8.523654860717292878e-03,2.560533415820315933e-02,1.837053839940884156e-02,2.472890996889553356e-02,2.007183241394717294e-02,2.192778952071626139e-02,1.010465535907614613e-02,6.873915210255881689e-03,2.120602842363939269e-02,4.485229674691963014e-02,2.991871595263872335e-02,1.596466807581928618e-02,5.131377704456015210e-02,6.784554312522554642e-02,8.200580845835266086e-02,1.739100548194737889e-02,7.894691618978880165e-02,4.870168926466292292e-02,6.812049973363579203e-02,5.356498427591895733e-02,9.817669399047962431e-02,3.486793490402295692e-02,2.596621470674159368e-02,3.321819525356154573e-02,1.153099276520424057e-02,2.859548727466446755e-02,3.536629375676651060e-02,6.745029300063583311e-02,3.383684762248457406e-02,1.026962932412228691e-01,1.018542386279665257e-01,3.424928253509992859e-02,7.795019848430169429e-02,1.992919867333436401e-01,9.666443264422333592e-02,1.392311525837328923e-01,9.676754137237716935e-02,2.637864961935694474e-02,8.485848327060885321e-02
