0.000000000000000000e+00,1.644517163082676731e-02,1.131962067583811883e-02,7.730065446774408641e-03,2.789835715239748909e-02,3.133765193001201987e-02,3.676372378789902196e-02,6.177374115132897373e-03,3.843328435955656319e-02,2.549418992921063248e-02,3.087017496994791041e-02,2.132028850006678286e-02,5.531254173901429400e-02,1.599439027647922909e-02,1.228796580739949240e-02,1.325631093896086597e-02,9.683451315613730501e-03,1.913316415119540453e-02,1.828168825965005920e-02,2.734740216375050256e-02,1.541004407639909139e-02,5.100507546413783622e-02,4.130492854280753273e-02,1.652864965940964437e-02,4.078736476559369911e-02,8.337785494857753721e-02,5.282489648724456033e-02,7.876986777080272062e-02,5.118872712702016853e-02,1.484239348203552841e-02,4.359222652597836284e-02,1.475891545345265135e-02,9.616668892747428157e-03,2.005142246560705221e-02,1.018431948711099287e-02,1.808134099105115564e-02,8.013890743956190998e-03,5.325898223587552036e-03,1.402430880192333425e-02,9.199278749833044583e-03,1.240483504741552064e-02,1.045144917857619878e-02,1.464204621343662312e-02,4.774943234940563774e-03,2.754774943234940439e-03,1.021771069854414404e-02,1.853212234539869038e-02,2.028516094563910868e-02,1.040136236142647289e-02,3.115400026712969103e-02,3.794911179377587901e-02,4.457726726325630939e-02,8.748497395485508102e-03,4.095432082275944630e-02,2.806531320956324321e-02,3.829971951382395851e-02,2.874983304394283443e-02,5.322559102444236745e-02,1.848203552824896623e-02,1.520969680780018783e-02,1.370709229330840072e-02,9.983972218512087576e-03,1.701282222519032855e-02,1.853212234539869038e-02,2.776479230666488440e-02,1.804794977961800620e-02,4.946907973821289967e-02,5.327567784159209507e-02,1.632830239081073734e-02,4.040336583411246324e-02,1.158841992787498359e-01,5.340924268732469282e-02,7.367770802724722679e-02,5.785027380793375529e-02,1.133631628155469528e-02,4.364231334312809046e-02
1.644517163082676731e-02,0.000000000000000000e+00,1.986777080272472337e-02,1.350674502470949716e-02,4.850073460665153130e-02,5.429410979030319107e-02,6.404434352878322911e-02,1.056831841859222701e-02,6.821824495792706833e-02,4.452718044610658177e-02,5.391011085882195519e-02,3.602911713636970659e-02,9.569921196741017211e-02,2.771470548951516025e-02,2.113663683718445402e-02,2.309002270602377588e-02,1.682917056230799971e-02,3.307399492453585998e-02,3.163817283291037868e-02,4.811673567517029543e-02,2.621210097502337313e-02,8.937157740082810053e-02,7.082275944971283543e-02,2.794844396954721671e-02,7.062241218111392493e-02,1.438994256711633446e-01,9.282756778415920951e-02,1.368204888473353864e-01,8.900427407506344979e-02,2.592827567784159251e-02,7.509683451315614378e-02,2.554427674636035664e-02,1.659543208227594324e-02,3.392547081608120879e-02,1.731334312808868736e-02,3.128756511286229225e-02,1.402430880192333425e-02,9.082409509817016349e-03,2.410845465473487534e-02,1.579404300788032553e-02,2.088620275143582283e-02,1.746360357953786677e-02,2.607853612929077192e-02,8.548150126886602806e-03,4.674769600641111127e-03,1.691264859089087677e-02,3.210564979297449162e-02,3.579537865633765359e-02,1.814812341391745798e-02,5.409376252170428750e-02,6.563042607185788635e-02,7.713369841057833576e-02,1.539334847068251667e-02,7.222519032990516730e-02,4.908508080673167073e-02,6.681581407773473646e-02,4.821690930946975068e-02,9.232669961266194714e-02,3.267330038733805286e-02,2.526045144917857602e-02,2.409175904901829715e-02,1.759716842527046798e-02,3.001869907840256507e-02,3.275677841592092993e-02,4.791638840657139187e-02,3.035261119273407332e-02,8.653332442901028043e-02,9.225991718979564826e-02,2.699679444370241613e-02,7.122345398691064255e-02,1.994624014959262837e-01,9.266061172699345538e-02,1.290570321891278127e-01,1.005242420195004704e-01,1.996794443702417515e-02,7.494657406170696090e-02
1.131962067583811883e-02,1.986777080272472337e-02,0.000000000000000000e+00,9.082409509817016349e-03,3.294043007880326224e-02,3.721450514224656364e-02,4.372579137171096753e-02,7.279284092426873028e-03,4.664752237211165775e-02,3.055295846133297688e-02,3.723120074796313489e-02,2.482636570054761599e-02,6.588086015760652447e-02,1.925003339121143450e-02,1.437491652197141721e-02,1.572726058501402319e-02,1.157005476158675002e-02,2.267263256310939057e-02,2.197141712301322464e-02,3.332442901028449117e-02,1.811473220248430507e-02,6.180713236276211969e-02,4.913516762388139142e-02,1.909977293976225510e-02,4.850073460665153130e-02,9.820355282489648396e-02,6.351008414585281037e-02,9.397956457860291712e-02,6.152330706558033907e-02,1.799786296246827857e-02,5.158942166421797565e-02,1.741351676238813914e-02,1.148657673300387295e-02,2.342393482035528413e-02,1.193735808735140944e-02,2.178776546013089233e-02,9.666755709897155782e-03,6.277547749432349153e-03,1.672899692800854793e-02,1.101909977293976176e-02,1.464204621343662312e-02,1.222118338453319006e-02,1.819821023106718214e-02,5.943635635100841773e-03,3.172165086149325314e-03,1.173701081875250414e-02,2.207159075731267642e-02,2.445906237478295830e-02,1.245492186456524653e-02,3.738146119941231776e-02,4.531187391478563170e-02,5.320889541872578926e-02,1.061840523574195290e-02,4.955255776679577673e-02,3.382529718178175354e-02,4.607987177774809651e-02,3.310738613596901636e-02,6.319286763723787337e-02,2.260585014024308823e-02,1.744690797382128858e-02,1.651195405369306965e-02,1.195405369306798415e-02,2.056898624282088930e-02,2.262254574595966294e-02,3.319086416455188648e-02,2.086950714571924811e-02,5.953652998530786777e-02,6.342660611726994024e-02,1.859890476826499273e-02,4.883464672098303955e-02,1.369206624816348417e-01,6.422799519166555449e-02,8.840323226926673217e-02,6.952050220381995882e-02,1.364030987044210011e-02,5.175637772138372977e-02
7.730065446774408641e-03,1.350674502470949716e-02,9.082409509817016349e-03,0.000000000000000000e+00,2.307332710030719769e-02,2.517697342059569895e-02,3.036930679845064804e-02,5.008681714972619374e-03,3.168825965006010631e-02,2.100307199145184933e-02,2.534392947776145308e-02,1.734673433952183680e-02,4.514491785761987758e-02,1.313944169894483774e-02,9.833711767062909906e-03,1.075197008147455585e-02,7.846934686790436875e-03,1.542673968211566785e-02,1.465874181915319957e-02,2.232202484306130760e-02,1.247161747028182124e-02,4.158875383998931335e-02,3.284025644450380699e-02,1.337318017897689247e-02,3.319086416455188648e-02,6.806798450647789933e-02,4.299118472018164522e-02,6.439495124883130861e-02,4.153866702283958573e-02,1.213770535595031473e-02,3.521103245625751416e-02,1.220448777881661534e-02,7.863630292507011593e-03,1.612795512221183378e-02,8.314411646854548074e-03,1.484239348203552841e-02,6.678242286630158876e-03,4.324161880593028161e-03,1.148657673300387295e-02,7.596500601041805689e-03,9.950581007078936405e-03,8.364498464004273964e-03,1.205422732736743767e-02,4.040336583411245804e-03,2.203819954587952611e-03,7.780152263924135399e-03,1.510952317350073432e-02,1.642847602511019259e-02,8.564845732603179260e-03,2.572792840924268895e-02,3.055295846133297688e-02,3.654668091358354715e-02,7.212501669560571552e-03,3.347468946173367405e-02,2.335715239748898178e-02,3.135434753572859806e-02,2.344063042607185884e-02,4.350874849739548578e-02,1.514291438493388549e-02,1.213770535595031473e-02,1.116936022438894116e-02,8.281020435421396902e-03,1.399091759049018308e-02,1.524308801923333727e-02,2.218845999732870292e-02,1.452517697342059488e-02,4.006945371978095499e-02,4.285761987444904747e-02,1.283892079604648066e-02,3.325764658741819230e-02,9.396286897288633200e-02,4.325831441164685459e-02,6.038800587685320964e-02,4.679778282356084063e-02,9.249365566982770473e-03,3.537798851342326828e-02
2.789835715239748909e-02,4.850073460665153130e-02,3.294043007880326224e-02,2.307332710030719769e-02,0.000000000000000000e+00,9.047348737812208053e-02,1.091725657806865285e-01,1.778082008815279683e-02,1.134800320555629793e-01,7.551422465607052215e-02,9.090757312675304402e-02,6.205756644851075088e-02,1.624983304394283512e-01,4.713169493789234887e-02,3.474355549619340122e-02,3.863363162815546675e-02,2.833244290102844912e-02,5.476158675036730400e-02,5.290837451582743739e-02,7.993856017096299948e-02,4.456057165753973814e-02,1.491752370776011638e-01,1.182883665019366926e-01,4.776612795512220899e-02,1.190730599706157355e-01,2.432549752905035501e-01,1.548851342326699743e-01,2.318518765860825559e-01,1.495425404033658423e-01,4.375918258314411696e-02,1.257846934686790430e-01,4.345866168024575815e-02,2.829905168959529968e-02,5.731601442500333654e-02,2.958461332977160504e-02,5.352611192734072626e-02,2.400828102043542009e-02,1.552691331641511963e-02,4.130492854280753273e-02,2.706357686656871847e-02,3.541137972485641772e-02,3.015226392413516629e-02,4.367570455456123990e-02,1.442500333912114310e-02,7.780152263924135399e-03,2.846600774676105380e-02,5.399358888740483225e-02,5.888540136236142947e-02,3.078669694136503335e-02,9.272739414985975426e-02,1.093061306264191263e-01,1.314445038065981120e-01,2.571123280352611076e-02,1.196741017764124532e-01,8.397889675437425483e-02,1.133798584212635241e-01,8.344463737144383608e-02,1.550520902898357145e-01,5.514558568184853987e-02,4.350874849739548578e-02,3.966875918258314093e-02,2.953452651262187742e-02,4.995325230399359079e-02,5.476158675036730400e-02,7.938760518231600949e-02,5.200681180713236096e-02,1.435655135568318364e-01,1.538333110725257080e-01,4.611326298918124594e-02,1.197742754107118945e-01,3.383531454521169768e-01,1.550854815012688570e-01,2.156070522238546783e-01,1.677741418458661704e-01,3.350808067316682348e-02,1.272372111660211025e-01
3.133765193001201987e-02,5.429410979030319107e-02,3.721450514224656364e-02,2.517697342059569895e-02,9.047348737812208053e-02,0.000000000000000000e+00,1.199245358621610774e-01,1.975090156270869340e-02,1.266027781487912285e-01,8.294376919994657371e-02,1.007412848938159522e-01,6.751702951783090934e-02,1.802791505275811446e-01,5.260785361292907858e-02,3.943502070255108793e-02,4.305796714304795103e-02,3.145452117002804637e-02,6.214104447709362794e-02,5.945305195672499071e-02,9.012287965807400103e-02,4.933551489248030192e-02,1.683918792573794454e-01,1.335815413383197592e-01,5.255776679577935095e-02,1.328636302925070012e-01,2.696340323226926738e-01,1.724823026579404284e-01,2.570622412181113869e-01,1.665887538399893064e-01,4.865099505810070724e-02,1.410110858821957969e-01,4.788299719513824243e-02,3.142112995859489694e-02,6.399425671163350149e-02,3.267330038733805286e-02,5.946974756244156196e-02,2.642914384933885488e-02,1.714638707092293324e-02,4.491117937758781764e-02,3.006878589555228923e-02,3.971884599973286856e-02,3.317416855883531523e-02,4.898490717243221548e-02,1.581073861359690025e-02,8.798584212635233992e-03,3.243956190730599987e-02,6.032122345398691077e-02,6.674903165486843759e-02,3.407573126753038473e-02,1.016595432082275929e-01,1.232469613997595886e-01,1.447842927741418428e-01,2.844931214104447562e-02,1.345999732870308552e-01,9.130826766395085115e-02,1.252337384800320530e-01,9.060705222385467827e-02,1.723988246293575444e-01,6.150661145986376088e-02,4.764925871510618249e-02,4.467744089755576464e-02,3.252303993588887693e-02,5.594697475624415411e-02,6.152330706558033907e-02,9.040670495525578165e-02,5.693201549352210761e-02,1.620308534793642452e-01,1.730332576465874184e-01,5.142246560705222153e-02,1.330973687725390542e-01,3.755843462000801325e-01,1.736176038466675509e-01,2.415186322959796961e-01,1.893448644316815810e-01,3.774876452517697545e-02,1.413783892079604754e-01
3.676372378789902196e-02,6.404434352878322911e-02,4.372579137171096753e-02,3.036930679845064804e-02,1.091725657806865285e-01,1.199245358621610774e-01,0.000000000000000000e+00,2.370776011753706475e-02,1.507780152263924200e-01,9.978963536797115508e-02,1.204420996393749110e-01,8.162481634833711197e-02,2.143715774008281005e-01,6.252504340857485687e-02,4.587952450914919295e-02,5.122211833845331796e-02,3.746493922799519483e-02,7.272605850140242967e-02,7.037197809536530069e-02,1.060504875116869278e-01,5.898557499666087778e-02,1.978763189528515987e-01,1.575063443301722987e-01,6.319286763723787337e-02,1.579404300788032622e-01,3.212902364097769414e-01,2.051556030452784951e-01,3.055963670361960816e-01,1.979097101642847689e-01,5.798383865366635304e-02,1.663216241485241109e-01,5.761653532790169535e-02,3.736476559369573958e-02,7.528048617603846915e-02,3.888406571390409794e-02,7.083945505542940668e-02,3.188860691865900987e-02,2.048550821423801224e-02,5.509549886469881225e-02,3.571190062775477653e-02,4.644717510351275419e-02,3.973554160544944674e-02,5.788366501936690472e-02,1.911646854547882982e-02,1.026779751569386993e-02,3.733137438226259014e-02,7.129023640977694143e-02,7.803526111927340525e-02,4.087084279417657617e-02,1.225457459596634158e-01,1.447175103512755578e-01,1.742019500467476834e-01,3.399225323894750767e-02,1.586917323360491627e-01,1.108421263523440697e-01,1.498764525176973506e-01,1.095398691064511792e-01,2.054895151596100034e-01,7.337718712434887491e-02,5.711566715640443298e-02,5.267463603579537745e-02,3.903432616535328081e-02,6.598103379190596585e-02,7.224188593562173855e-02,1.048650995058100777e-01,6.876919994657405832e-02,1.891779083745158407e-01,2.030686523307065616e-01,6.063843996260184083e-02,1.583578202217176545e-01,4.465072792840924509e-01,2.056063843996260299e-01,2.850607720048083382e-01,2.222352076933351017e-01,4.432683317750767821e-02,1.671230132229197252e-01
6.177374115132897373e-03,1.056831841859222701e-02,7.279284092426873028e-03,5.008681714972619374e-03,1.778082008815279683e-02,1.975090156270869340e-02,2.370776011753706475e-02,0.000000000000000000e+00,2.482636570054761599e-02,1.637838920796046496e-02,1.988446640844129809e-02,1.343996260184319481e-02,3.516094563910778653e-02,1.036797114999332171e-02,7.763456658207559813e-03,8.548150126886602806e-03,6.210765326566047677e-03,1.225457459596634123e-02,1.178709763590223003e-02,1.784760251101909917e-02,9.867102978496059343e-03,3.285695205022038518e-02,2.626218779217310076e-02,1.036797114999332171e-02,2.597836249499131667e-02,5.284159209296113158e-02,3.387538399893148117e-02,5.067116334980632797e-02,3.263990917590490343e-02,9.700146921330305219e-03,2.759783624949913028e-02,9.433017229865099315e-03,6.260852143715774434e-03,1.252170428743154887e-02,6.294243355148924739e-03,1.172031521303592942e-02,5.275811406437825278e-03,3.355816749031655024e-03,9.015627086950714006e-03,5.893548817951115015e-03,7.713369841057833923e-03,6.477895018031254448e-03,9.566582075597702267e-03,3.205556297582476486e-03,1.719647388807265826e-03,6.310938960865500325e-03,1.172031521303592942e-02,1.290570321891278301e-02,6.745024709496460352e-03,2.031855215707225812e-02,2.377454254040336709e-02,2.866635501535995736e-02,5.626419126485909111e-03,2.631227460932282491e-02,1.804794977961800620e-02,2.460932282623213424e-02,1.811473220248430507e-02,3.395886202751435823e-02,1.215440096166688945e-02,9.533190864164551095e-03,8.715106184052356930e-03,6.494590623747829167e-03,1.101909977293976176e-02,1.188727127020168355e-02,1.759716842527046798e-02,1.150327233872044941e-02,3.127086950714572100e-02,3.370842794176572704e-02,1.006745024709496464e-02,2.604514491785761901e-02,7.344396954721517379e-02,3.419260050754641123e-02,4.729865099505810300e-02,3.683050621076532777e-02,7.279284092426873028e-03,2.764792306664885790e-02
3.843328435955656319e-02,6.821824495792706833e-02,4.664752237211165775e-02,3.168825965006010631e-02,1.134800320555629793e-01,1.266027781487912285e-01,1.507780152263924200e-01,2.482636570054761599e-02,0.000000000000000000e+00,1.044310137571791142e-01,1.265693869373580860e-01,8.459663416588754370e-02,2.260084145852811477e-01,6.618138106050487635e-02,4.898490717243221548e-02,5.417724055028716457e-02,3.975223721116601799e-02,7.811873914785628925e-02,7.474622679310805040e-02,1.136135969012955771e-01,6.145652464271404020e-02,2.114164551889942678e-01,1.671230132229197252e-01,6.531320956324294935e-02,1.666221450514224767e-01,3.373848003205556223e-01,2.173100040069453620e-01,3.222919727527714939e-01,2.097468946173367266e-01,6.123948176839855845e-02,1.762221183384533318e-01,6.005409376252170139e-02,3.920128222251903494e-02,7.958795245091491999e-02,4.073727794844397149e-02,7.494657406170696090e-02,3.332442901028449117e-02,2.158741819153198876e-02,5.679845064778950292e-02,3.766528649659409839e-02,4.958594897822893310e-02,4.138840657139040979e-02,6.184052357419526913e-02,2.016829170562307871e-02,1.091892613864030998e-02,3.986910645118205143e-02,7.548083344463736577e-02,8.377854948577534433e-02,4.274075063443301403e-02,1.277046881260852085e-01,1.540336583411246185e-01,1.819153198878055433e-01,3.599572592493655715e-02,1.692099639374916586e-01,1.159509817016161348e-01,1.575063443301722987e-01,1.133631628155469528e-01,2.161246160010685258e-01,7.711700280486176451e-02,5.955322559102443902e-02,5.624749565914251292e-02,4.127153733137438330e-02,7.027180446106584544e-02,7.760117537064244175e-02,1.131294243355148860e-01,7.135701883264325418e-02,2.023674368906104026e-01,2.164752237211166053e-01,6.392747428876720261e-02,1.674903165486843759e-01,4.699813009215974557e-01,2.179778282356083785e-01,3.032422866301589526e-01,2.374282088954187131e-01,4.719847736075864775e-02,1.771069854414318023e-01
2.549418992921063248e-02,4.452718044610658177e-02,3.055295846133297688e-02,2.100307199145184933e-02,7.551422465607052215e-02,8.294376919994657371e-02,9.978963536797115508e-02,1.637838920796046496e-02,1.044310137571791142e-01,0.000000000000000000e+00,8.394550554294109845e-02,5.596367036196073230e-02,1.479397622545745861e-01,4.410979030319219646e-02,3.212234539869106287e-02,3.562842259917189947e-02,2.601175370642446957e-02,5.105516228128756384e-02,4.906838520101509254e-02,7.501335648457325977e-02,4.110458127420862917e-02,1.381394416989448481e-01,1.092560438092693986e-01,4.292440229731534634e-02,1.094730866835848804e-01,2.210665152931748367e-01,1.426639508481367669e-01,2.126686256177374168e-01,1.376886603445973134e-01,4.097101642847602448e-02,1.159008948844664072e-01,3.941832509683450975e-02,2.594497128355816723e-02,5.224055028716442090e-02,2.679644717510351257e-02,4.973620942967810904e-02,2.198811272872979936e-02,1.417456925337251192e-02,3.778215573661012489e-02,2.469280085481501130e-02,3.262321357018832524e-02,2.746427140376652906e-02,4.085414718845999799e-02,1.323961533324428952e-02,7.162414852410845661e-03,2.631227460932282491e-02,4.946907973821289967e-02,5.431080539601976925e-02,2.808200881527981793e-02,8.521437157740083257e-02,9.967276612795512858e-02,1.198744490450113498e-01,2.372445572325363947e-02,1.101576065179644681e-01,7.700013356484573801e-02,1.040303192199813070e-01,7.534726859890476802e-02,1.425136903966875979e-01,5.137237878990250084e-02,3.938493388540136031e-02,3.674702818218245071e-02,2.733070655803392437e-02,4.628021904634700007e-02,5.083811940697208209e-02,7.392814211299586491e-02,4.756578068652330543e-02,1.321123280352611284e-01,1.411112595164952521e-01,4.188927474288767216e-02,1.098737812207826875e-01,3.079671430479497540e-01,1.429978629624682751e-01,2.001135301188727011e-01,1.552691331641511963e-01,3.138773874716174750e-02,1.162515026045144867e-01
3.087017496994791041e-02,5.391011085882195519e-02,3.723120074796313489e-02,2.534392947776145308e-02,9.090757312675304402e-02,1.007412848938159522e-01,1.204420996393749110e-01,1.988446640844129809e-02,1.265693869373580860e-01,8.394550554294109845e-02,0.000000000000000000e+00,6.855215707225857658e-02,1.801789768932816893e-01,5.339254708160812157e-02,3.898423934820355319e-02,4.332509683451315347e-02,3.182182449579270406e-02,6.209095765994390032e-02,5.963670361960731608e-02,9.074061706958728990e-02,4.956925337251235492e-02,1.678242286630158842e-01,1.332643248297048222e-01,5.235741952718044739e-02,1.330973687725390542e-01,2.683985574996660683e-01,1.732169093094697576e-01,2.581474555896887679e-01,1.670395351943368412e-01,4.926873246961399611e-02,1.403098704420996379e-01,4.791638840657139187e-02,3.152130359289435219e-02,6.364364899158540811e-02,3.268999599305463105e-02,6.057165753973554195e-02,2.674636035795378494e-02,1.738012555095498970e-02,4.571256845198343882e-02,3.011887271270201685e-02,3.988580205689862268e-02,3.332442901028449117e-02,4.968612261252838141e-02,1.609456391077868434e-02,8.831975424068385164e-03,3.208895418725791343e-02,6.023774542540403371e-02,6.618138106050487635e-02,3.414251369039669054e-02,1.031287565112862237e-01,1.222285294510484788e-01,1.457526379057032251e-01,2.888339788967543911e-02,1.341324963269667492e-01,9.347869640710565475e-02,1.264358220916254882e-01,9.165887538399893064e-02,1.722652597836249466e-01,6.222452250567650500e-02,4.796647522372111949e-02,4.449378923467343233e-02,3.322425537598504286e-02,5.586349672766127705e-02,6.169026312274609319e-02,9.018966208094029990e-02,5.736610124215306417e-02,1.612795512221183447e-01,1.719313476692934384e-01,5.135568318418592265e-02,1.333978896754374199e-01,3.751168692400160265e-01,1.745191665553626204e-01,2.420528916789101148e-01,1.896620809402965180e-01,3.774876452517697545e-02,1.418792573794577239e-01
2.132028850006678286e-02,3.602911713636970659e-02,2.482636570054761599e-02,1.734673433952183680e-02,6.205756644851075088e-02,6.751702951783090934e-02,8.162481634833711197e-02,1.343996260184319481e-02,8.459663416588754370e-02,5.596367036196073230e-02,6.855215707225857658e-02,0.000000000000000000e+00,1.213269667423534093e-01,3.591224789635368009e-02,2.619540536930679842e-02,2.874983304394283443e-02,2.117002804861760346e-02,4.143849338854013742e-02,3.986910645118205143e-02,6.020435421397088427e-02,3.359155870174970054e-02,1.116602110324562552e-01,8.918792573794577516e-02,3.592894350207025828e-02,8.878723120074796804e-02,1.823827968478696493e-01,1.151996794443702482e-01,1.737177774809670061e-01,1.116602110324562552e-01,3.285695205022038518e-02,9.474756244156537499e-02,3.260651796447175399e-02,2.157072258581541405e-02,4.360892213169494103e-02,2.247228529451048354e-02,4.095432082275944630e-02,1.818151462535060742e-02,1.168692400160277825e-02,3.113730466141311631e-02,2.076933351141979286e-02,2.729731534660077494e-02,2.292306664885802175e-02,3.314077734740216580e-02,1.090223053292373526e-02,5.926940029384266187e-03,2.198811272872979936e-02,4.062040870842794499e-02,4.385935621744357221e-02,2.325697876318953000e-02,6.998797916388406481e-02,8.160812074262054072e-02,9.857085615066114859e-02,1.931681581407773338e-02,8.893749165219713704e-02,6.307599839722184687e-02,8.494724188593562320e-02,6.307599839722184687e-02,1.162515026045144867e-01,4.155536262855616392e-02,3.320755977026846467e-02,2.961800454120475448e-02,2.235541605449445704e-02,3.753172165086149370e-02,4.098771203419260267e-02,5.997061573393882433e-02,3.931815146253506144e-02,1.071523974889808939e-01,1.149993321757713377e-01,3.514425003339120834e-02,8.938827300654467178e-02,2.539067717376786160e-01,1.162014157873647591e-01,1.623146787765460120e-01,1.260017363429945247e-01,2.511019099772939661e-02,9.558234272739414561e-02
5.531254173901429400e-02,9.569921196741017211e-02,6.588086015760652447e-02,4.514491785761987758e-02,1.624983304394283512e-01,1.802791505275811446e-01,2.143715774008281005e-01,3.516094563910778653e-02,2.260084145852811477e-01,1.479397622545745861e-01,1.801789768932816893e-01,1.213269667423534093e-01,0.000000000000000000e+00,9.421330305863497012e-02,6.888606918659008482e-02,7.661613463336450214e-02,5.606384399626018755e-02,1.099572592493655715e-01,1.056998797916388344e-01,1.601442500333912222e-01,8.766862561773741680e-02,2.975991718979564826e-01,2.364264725524241884e-01,9.371243488713770775e-02,2.359256043809269399e-01,4.781454521170028227e-01,3.079838386536663530e-01,4.579103779885134173e-01,2.972151729664752051e-01,8.703419260050754280e-02,2.497495659142513758e-01,8.568184853746493856e-02,5.591358354481100468e-02,1.133297716041137965e-01,5.823427273941498422e-02,1.067683985574996719e-01,4.726525978362494662e-02,3.083678375851475750e-02,8.199211967410177659e-02,5.362628556164017457e-02,7.073928142112996531e-02,5.950313877387471834e-02,8.778549485775344330e-02,2.878322425537598386e-02,1.546013089354881728e-02,5.746627487645251942e-02,1.070021370375317249e-01,1.172532389475090114e-01,6.125617737411512970e-02,1.825998397221851310e-01,2.173767864298116748e-01,2.602844931214104429e-01,5.085481501268866028e-02,2.367603846667556966e-01,1.649859756911980779e-01,2.232870308534793680e-01,1.630492854280753412e-01,3.061974088419928131e-01,1.099906504607987140e-01,8.604915186322960319e-02,7.937090957659943824e-02,5.843462000801388778e-02,9.883798584212635796e-02,1.090223053292373456e-01,1.591091224789635272e-01,1.026278883397889613e-01,2.842259917189795537e-01,3.061974088419928131e-01,9.179244022973152839e-02,2.375450781354347674e-01,6.707960464805663436e-01,3.082175771336984060e-01,4.278582876986777306e-01,3.345131561373046458e-01,6.651529317483638459e-02,2.519366902631227645e-01
1.599439027647922909e-02,2.771470548951516025e-02,1.925003339121143450e-02,1.313944169894483774e-02,4.713169493789234887e-02,5.260785361292907858e-02,6.252504340857485687e-02,1.036797114999332171e-02,6.618138106050487635e-02,4.410979030319219646e-02,5.339254708160812157e-02,3.591224789635368009e-02,9.421330305863497012e-02,0.000000000000000000e+00,2.018498731133965690e-02,2.237211166021103176e-02,1.662882329370909615e-02,3.210564979297449162e-02,3.100373981568051163e-02,4.728195538934152481e-02,2.569453719780953604e-02,8.666688927474289206e-02,6.906972084947242407e-02,2.721383731801789788e-02,6.878589555229064345e-02,1.388907439561907209e-01,9.067383464672097715e-02,1.348504073727794794e-01,8.725123547482302455e-02,2.562775477494323370e-02,7.264258047281955954e-02,2.495993054628022068e-02,1.656204087084279380e-02,3.319086416455188648e-02,1.716308267663950796e-02,3.087017496994791041e-02,1.387404835047415484e-02,9.215974355549619301e-03,2.420862828903432712e-02,1.541004407639909139e-02,2.071924669427006871e-02,1.743021236810471386e-02,2.597836249499131667e-02,8.431280886870576308e-03,4.591291572058234065e-03,1.656204087084279380e-02,3.115400026712969103e-02,3.424268732469613885e-02,1.776412448243622211e-02,5.380993722452250688e-02,6.384399626018431861e-02,7.616535327901696739e-02,1.520969680780018783e-02,6.893615600373981245e-02,4.908508080673167073e-02,6.566381728329104273e-02,4.816682249232002305e-02,8.933818618939495804e-02,3.242286630158942168e-02,2.532723387204487836e-02,2.292306664885802175e-02,1.731334312808868736e-02,2.885000667824228621e-02,3.202217176439161456e-02,4.648056631494590363e-02,3.010217710698544213e-02,8.297716041137973009e-02,8.893749165219713704e-02,2.664618672365433316e-02,6.932015493522104832e-02,1.952551088553492742e-01,9.080739949245358877e-02,1.244657406170695813e-01,9.791972752771470334e-02,1.925003339121143450e-02,7.377788166154668204e-02
1.228796580739949240e-02,2.113663683718445402e-02,1.437491652197141721e-02,9.833711767062909906e-03,3.474355549619340122e-02,3.943502070255108793e-02,4.587952450914919295e-02,7.763456658207559813e-03,4.898490717243221548e-02,3.212234539869106287e-02,3.898423934820355319e-02,2.619540536930679842e-02,6.888606918659008482e-02,2.018498731133965690e-02,0.000000000000000000e+00,1.682917056230799971e-02,1.225457459596634123e-02,2.400828102043542009e-02,2.300654467744089882e-02,3.509416321624148766e-02,1.889942567116335154e-02,6.516294911179378035e-02,5.182316014425003559e-02,2.036863897422198574e-02,5.130559636703619503e-02,1.045979698143448683e-01,6.673233604915186634e-02,9.927207159075730758e-02,6.461199412314679036e-02,1.894951248831307569e-02,5.502871644183250643e-02,1.838186189394951098e-02,1.217109656738346417e-02,2.497662615199679539e-02,1.262187792173100065e-02,2.270602377454254001e-02,1.013423266996126698e-02,6.678242286630158876e-03,1.731334312808868736e-02,1.150327233872044941e-02,1.539334847068251667e-02,1.270535595031387771e-02,1.869907840256444451e-02,6.177374115132897373e-03,3.439294777614531652e-03,1.262187792173100065e-02,2.337384800320555650e-02,2.581140643782556601e-02,1.305596367036196068e-02,3.911780419393615787e-02,4.784960598370508605e-02,5.549619340189661937e-02,1.105249098437291293e-02,5.230733271003071977e-02,3.504407639909176003e-02,4.791638840657139187e-02,3.517764124482436472e-02,6.706624816348337459e-02,2.357419527180446006e-02,1.846533992253238804e-02,1.736342994523841152e-02,1.262187792173100065e-02,2.183785227728061995e-02,2.364097769467076240e-02,3.521103245625751416e-02,2.210498196874582585e-02,6.292573794577267787e-02,6.689929210631762047e-02,1.981768398557499575e-02,5.122211833845331796e-02,1.446173367169761026e-01,6.723320422064912871e-02,9.376252170428743538e-02,7.311005743288366554e-02,1.445839455055429427e-02,5.461132629891812806e-02
1.325631093896086597e-02,2.309002270602377588e-02,1.572726058501402319e-02,1.075197008147455585e-02,3.863363162815546675e-02,4.305796714304795103e-02,5.122211833845331796e-02,8.548150126886602806e-03,5.417724055028716457e-02,3.562842259917189947e-02,4.332509683451315347e-02,2.874983304394283443e-02,7.661613463336450214e-02,2.237211166021103176e-02,1.682917056230799971e-02,0.000000000000000000e+00,1.343996260184319481e-02,2.629557900360625020e-02,2.549418992921063248e-02,3.870041405102177257e-02,2.125350607720048052e-02,7.129023640977694143e-02,5.704888473353813411e-02,2.220515560304527763e-02,5.673166822492319711e-02,1.147655936957392847e-01,7.376118605583011079e-02,1.098069987979163886e-01,7.139041004407639668e-02,2.101976759716842405e-02,5.998731133965540252e-02,2.038533457993856046e-02,1.333978896754374303e-02,2.703018565513556903e-02,1.380726592760785423e-02,2.529384266061172545e-02,1.123614264725524177e-02,7.229197275277147137e-03,1.918325096834513216e-02,1.257179110458127476e-02,1.666221450514224559e-02,1.390743956190730601e-02,2.091959396286897227e-02,6.778415920929611524e-03,3.673033257646587252e-03,1.365700547615867483e-02,2.552758114064378192e-02,2.828235608387872149e-02,1.440830773340456838e-02,4.345866168024575815e-02,5.217376786429811508e-02,6.147322024843061145e-02,1.210431414451716356e-02,5.764992653933484479e-02,3.891745692533725431e-02,5.344263389875784920e-02,3.846667557098971263e-02,7.381127287297983841e-02,2.626218779217310076e-02,1.998464004274074987e-02,1.906638172832910219e-02,1.397422198477360836e-02,2.399158541471884537e-02,2.609523173500734664e-02,3.836650193669026432e-02,2.432549752905035362e-02,6.895285160945639757e-02,7.342727394149860254e-02,2.157072258581541405e-02,5.643114732202484524e-02,1.586750367303325637e-01,7.429544543876051566e-02,1.030953652998530812e-01,8.057299318819287348e-02,1.612795512221183378e-02,6.000400694537198071e-02
9.683451315613730501e-03,1.682917056230799971e-02,1.157005476158675002e-02,7.846934686790436875e-03,2.833244290102844912e-02,3.145452117002804637e-02,3.746493922799519483e-02,6.210765326566047677e-03,3.975223721116601799e-02,2.601175370642446957e-02,3.182182449579270406e-02,2.117002804861760346e-02,5.606384399626018755e-02,1.662882329370909615e-02,1.225457459596634123e-02,1.343996260184319481e-02,0.000000000000000000e+00,1.926672899692800922e-02,1.861560037398156744e-02,2.846600774676105380e-02,1.552691331641511963e-02,5.247428876719647389e-02,4.172231868572191804e-02,1.617804193936156140e-02,4.135501535995726036e-02,8.391211433150794208e-02,5.411045812742086569e-02,8.058968879390944473e-02,5.215707225858154383e-02,1.544343528783224256e-02,4.384266061172699402e-02,1.484239348203552841e-02,9.850407372779484624e-03,1.998464004274074987e-02,1.018431948711099287e-02,1.884933885401362391e-02,8.314411646854548074e-03,5.375985040737277926e-03,1.419126485908908837e-02,9.332843595565647535e-03,1.238813944169894418e-02,1.038466675570989643e-02,1.542673968211566785e-02,4.941899292106317898e-03,2.771470548951516025e-03,1.003405903566181347e-02,1.879925203686389629e-02,2.076933351141979286e-02,1.058501402430880173e-02,3.198878055295845818e-02,3.824963269667423782e-02,4.526178709763590408e-02,8.998931481234139287e-03,4.190597034860425035e-02,2.901696273540804033e-02,3.920128222251903494e-02,2.846600774676105380e-02,5.380993722452250688e-02,1.936690263122746100e-02,1.494256711633498019e-02,1.395752637905703190e-02,1.026779751569386993e-02,1.759716842527046798e-02,1.925003339121143450e-02,2.831574729531187440e-02,1.803125417390142801e-02,5.023707760117537141e-02,5.367637237878990220e-02,1.591091224789635203e-02,4.165553626285561917e-02,1.168525444103112043e-01,5.434419660745291869e-02,7.539735541605449565e-02,5.935287832242553546e-02,1.175370642446908059e-02,4.407639909175904702e-02
1.913316415119540453e-02,3.307399492453585998e-02,2.267263256310939057e-02,1.542673968211566785e-02,5.476158675036730400e-02,6.214104447709362794e-02,7.272605850140242967e-02,1.225457459596634123e-02,7.811873914785628925e-02,5.105516228128756384e-02,6.209095765994390032e-02,4.143849338854013742e-02,1.099572592493655715e-01,3.210564979297449162e-02,2.400828102043542009e-02,2.629557900360625020e-02,1.926672899692800922e-02,0.000000000000000000e+00,3.663015894216642421e-02,5.576332309336182874e-02,3.018565513556831920e-02,1.024275410711900647e-01,8.170829437691999597e-02,3.188860691865900987e-02,8.072325363964204248e-02,1.632997195138239654e-01,1.061005743288366554e-01,1.576566047816214677e-01,1.026445839455055464e-01,3.020235074128489391e-02,8.601576065179644681e-02,2.910044076399091739e-02,1.940029384266061044e-02,3.906771737678643025e-02,1.983437959129157047e-02,3.646320288500067008e-02,1.611125951649525906e-02,1.061840523574195290e-02,2.784827033524776146e-02,1.801455856818485329e-02,2.439227995191665596e-02,2.013490049418992928e-02,3.036930679845064804e-02,9.850407372779484624e-03,5.309202617870976450e-03,1.988446640844129809e-02,3.654668091358354715e-02,4.058701749699478861e-02,2.076933351141979286e-02,6.210765326566047850e-02,7.484640042740750565e-02,8.821958060638439292e-02,1.776412448243622211e-02,8.169159877120342472e-02,5.629758247629224055e-02,7.613196206758381102e-02,5.554628021904634699e-02,1.050487511686924030e-01,3.781554694804327432e-02,2.936757045545612330e-02,2.738079337518365200e-02,2.008481367704020165e-02,3.430946974756244466e-02,3.751502604514491551e-02,5.524575931614798818e-02,3.519433685054093597e-02,9.806998797916388622e-02,1.054828369173233665e-01,3.140443435287832569e-02,8.117403499398957722e-02,2.284960598370508744e-01,1.063677040203018509e-01,1.473220248430613111e-01,1.154501135301188725e-01,2.273941498597569291e-02,8.633297716041138381e-02
1.828168825965005920e-02,3.163817283291037868e-02,2.197141712301322464e-02,1.465874181915319957e-02,5.290837451582743739e-02,5.945305195672499071e-02,7.037197809536530069e-02,1.178709763590223003e-02,7.474622679310805040e-02,4.906838520101509254e-02,5.963670361960731608e-02,3.986910645118205143e-02,1.056998797916388344e-01,3.100373981568051163e-02,2.300654467744089882e-02,2.549418992921063248e-02,1.861560037398156744e-02,3.663015894216642421e-02,0.000000000000000000e+00,5.364298116735675276e-02,2.913383197542406683e-02,9.880459463069320158e-02,7.913717109656738524e-02,3.071991451849873100e-02,7.776813142780819588e-02,1.567717376786429695e-01,1.017430212368104769e-01,1.511286229464404995e-01,9.862094296781087621e-02,2.913383197542406683e-02,8.269333511419794946e-02,2.784827033524776146e-02,1.839855749966608917e-02,3.733137438226259014e-02,1.901629491117937804e-02,3.527781487912381303e-02,1.561039134499799669e-02,1.013423266996126698e-02,2.693001202083611725e-02,1.746360357953786677e-02,2.340723921463870594e-02,1.956724989982636456e-02,2.920061439829036917e-02,9.449712835581675768e-03,5.108855349272072022e-03,1.901629491117937804e-02,3.511085882195805891e-02,3.908441298250300844e-02,2.001803125417390278e-02,6.023774542540403371e-02,7.204153866702284192e-02,8.523106718311740382e-02,1.711299585948978380e-02,7.913717109656738524e-02,5.437758781888606813e-02,7.377788166154668204e-02,5.349272071590756988e-02,1.009416321624148488e-01,3.658007212501669658e-02,2.841592092961132618e-02,2.619540536930679842e-02,1.913316415119540453e-02,3.275677841592092993e-02,3.596233471350340771e-02,5.327567784159209507e-02,3.367503673033257761e-02,9.412982503005208612e-02,1.015092827567784101e-01,3.031921998130092041e-02,7.791839187925737875e-02,2.200814745558968832e-01,1.026278883397889613e-01,1.417456925337251261e-01,1.117436890610391392e-01,2.193802591158007173e-02,8.289368238279684609e-02
2.734740216375050256e-02,4.811673567517029543e-02,3.332442901028449117e-02,2.232202484306130760e-02,7.993856017096299948e-02,9.012287965807400103e-02,1.060504875116869278e-01,1.784760251101909917e-02,1.136135969012955771e-01,7.501335648457325977e-02,9.074061706958728990e-02,6.020435421397088427e-02,1.601442500333912222e-01,4.728195538934152481e-02,3.509416321624148766e-02,3.870041405102177257e-02,2.846600774676105380e-02,5.576332309336182874e-02,5.364298116735675276e-02,0.000000000000000000e+00,4.392613864030987109e-02,1.499933217577133771e-01,1.191565379991986057e-01,4.567917724055028939e-02,1.183384533190864202e-01,2.379791638840657031e-01,1.547515693869373488e-01,2.301990116201415859e-01,1.496761052490984401e-01,4.417657272605850227e-02,1.255509549886469900e-01,4.210631761720315391e-02,2.784827033524776146e-02,5.673166822492319711e-02,2.893348470682516327e-02,5.310872178442634095e-02,2.350741284893816119e-02,1.532656604781621433e-02,3.983571523974889506e-02,2.642914384933885488e-02,3.541137972485641772e-02,2.923400560972352208e-02,4.424335514892480115e-02,1.422465607052223781e-02,7.897021503940162765e-03,2.866635501535995736e-02,5.369306798450648038e-02,5.960331240817416665e-02,3.015226392413516629e-02,9.077400828102043240e-02,1.094897822893014516e-01,1.283892079604647962e-01,2.576131962067583839e-02,1.201582743421931304e-01,8.244290102844931134e-02,1.117770802724722817e-01,8.050621076532656073e-02,1.537832242553759943e-01,5.509549886469881225e-02,4.202283958862027685e-02,4.016962735408040330e-02,2.945104848403900036e-02,5.013690396687591616e-02,5.529584613329771581e-02,8.159142513690396947e-02,5.048751168692400260e-02,1.443669026312274506e-01,1.534326165353279148e-01,4.517830906905302701e-02,1.187892346734339549e-01,3.322258581541338573e-01,1.562708695071457210e-01,2.166254841725657743e-01,1.704955255776679501e-01,3.384199278749833173e-02,1.259683451315613822e-01
1.541004407639909139e-02,2.621210097502337313e-02,1.811473220248430507e-02,1.247161747028182124e-02,4.456057165753973814e-02,4.933551489248030192e-02,5.898557499666087778e-02,9.867102978496059343e-03,6.145652464271404020e-02,4.110458127420862917e-02,4.956925337251235492e-02,3.359155870174970054e-02,8.766862561773741680e-02,2.569453719780953604e-02,1.889942567116335154e-02,2.125350607720048052e-02,1.552691331641511963e-02,3.018565513556831920e-02,2.913383197542406683e-02,4.392613864030987109e-02,0.000000000000000000e+00,8.122412181113930485e-02,6.543007880325897585e-02,2.587818886069186489e-02,6.487912381461199973e-02,1.312441565379992015e-01,8.411246160010685258e-02,1.258514758915453557e-01,8.150794710832108547e-02,2.410845465473487534e-02,6.898624282088954007e-02,2.357419527180446006e-02,1.537665286496594022e-02,3.125417390142914281e-02,1.599439027647922909e-02,2.903365834112461505e-02,1.298918124749565833e-02,8.447976492587151026e-03,2.253906771737678588e-02,1.452517697342059488e-02,1.921664217977828160e-02,1.636169360224389024e-02,2.365767330038733712e-02,7.713369841057833923e-03,4.307466274876452575e-03,1.589421664217977731e-02,2.935087484973954858e-02,3.195538934152530874e-02,1.662882329370909615e-02,5.028716441832509904e-02,5.943635635100841252e-02,7.102310671831174593e-02,1.400761319620675779e-02,6.519634032322692285e-02,4.519500467476959826e-02,6.132295979698143551e-02,4.506143982903700052e-02,8.434620008013890557e-02,3.011887271270201685e-02,2.354080406037131062e-02,2.168759182583144055e-02,1.597769467076265437e-02,2.706357686656871847e-02,2.946774408975557508e-02,4.359222652597836284e-02,2.844931214104447562e-02,7.815213035928943175e-02,8.354481100574329133e-02,2.516027781487912424e-02,6.472886336316281686e-02,1.828168825965006128e-01,8.457993856017095857e-02,1.173701081875250379e-01,9.169226659543208702e-02,1.834847068251636154e-02,6.880259115800721470e-02
