0.000000000000000000e+00,1.497814599778198204e-02,9.080827190292909551e-03,4.188140126557505713e-03,1.758757909844086212e-02,2.690325526779307336e-02,2.914736773435970887e-02,6.301780938091200088e-03,3.216126296562071829e-02,1.857916367669124047e-02,2.386326570552547294e-02,1.619153238958836311e-02,4.329049513993084991e-02,1.051601539565529334e-02,1.355600495792289202e-02,1.069867571270141648e-02,6.758431730706503625e-03,1.332115597886359207e-02,1.364733511644595186e-02,2.416335051210124693e-02,1.826603170461217271e-02,4.622610737817209325e-02,4.120294865940374307e-02,1.266879770369887075e-02,3.911540217887663623e-02,7.500815447843955930e-02,3.653206340922434542e-02,5.896014090938743457e-02,4.486920216582947207e-02,8.050101115532649898e-03,2.759475503946767425e-02,1.292974101376475997e-02,8.245808598082066815e-03,1.179463761497814671e-02,7.750016308956879374e-03,1.158588296692543602e-02,4.984017222258464545e-03,4.096809968034444138e-03,1.360819361993606882e-02,8.297997260095243618e-03,1.102485485028377628e-02,8.506751908147954302e-03,1.159893013242872979e-02,2.635527431665470651e-03,2.948659403744536677e-03,7.958770957009590058e-03,1.399960858503490092e-02,1.534346663187422487e-02,6.093026290038489404e-03,1.940113510339878597e-02,2.609433100658881816e-02,3.136538586991975686e-02,8.311044425598539120e-03,2.922565072737947842e-02,1.936199360688890467e-02,2.811664165959945269e-02,1.985778589601409211e-02,4.304259899536825446e-02,1.346467479939983045e-02,1.405179724704807946e-02,9.393959162371973842e-03,7.710874812446995470e-03,1.077695870572118256e-02,1.517385348033139722e-02,2.648574597168765199e-02,1.698740948528932107e-02,4.359057994650662043e-02,4.413856089764498641e-02,1.197729793202426812e-02,3.190031965555482907e-02,9.315676169352207769e-02,4.228586339617718126e-02,5.209733185465457300e-02,3.624502576815186866e-02,8.141431274055711473e-03,3.020418814012655606e-02
1.497814599778198204e-02,0.000000000000000000e+00,1.916628612433948775e-02,9.185204514319264893e-03,3.804553460760649874e-02,5.872529193032813288e-02,6.347446017352730008e-02,1.322982582034053049e-02,7.119838215147758498e-02,4.047230739121925741e-02,5.156239806901950773e-02,3.264400808924261543e-02,9.577924195968426369e-02,2.370669971948594079e-02,2.828625481114227860e-02,2.382412420901559164e-02,1.489986300476221597e-02,2.978667884402113469e-02,2.965620718898819355e-02,5.224085067519081138e-02,3.843694957270533258e-02,1.023289190423380540e-01,8.881205558092504504e-02,2.595081218605257978e-02,8.701154674147042190e-02,1.633896535977558961e-01,8.021397351425402222e-02,1.302629003848913836e-01,9.855828821188596101e-02,1.780938091199687004e-02,6.051275360427946920e-02,2.805140583208298038e-02,1.899667297279665837e-02,2.622480266162176277e-02,1.727444712636179783e-02,2.588557635853610747e-02,1.085524169874094863e-02,8.754648052710548023e-03,2.893861308630699819e-02,1.882705982125383246e-02,2.451562398069019599e-02,1.890534281427359853e-02,2.558549155196033695e-02,5.897318807489073354e-03,6.497488420640616137e-03,1.662208885119707824e-02,3.019114097462326229e-02,3.359645117098310207e-02,1.362124078543936259e-02,4.248157087872659471e-02,5.645508513275490636e-02,6.847152456128906273e-02,1.830517320112205748e-02,6.488355404788309633e-02,4.169874094852893398e-02,6.111292321743101025e-02,4.027659990866984396e-02,9.440928958183834874e-02,2.965620718898819355e-02,3.012590514710678999e-02,2.118859677735012229e-02,1.651771152717072116e-02,2.400678452606171479e-02,3.282666840628873511e-02,5.845130145475895683e-02,3.604931828560245521e-02,9.634027007632592343e-02,9.694043968947746448e-02,2.445038815317372369e-02,7.028508056624697964e-02,2.039141496509883356e-01,9.254354491486724288e-02,1.147759149324809186e-01,7.969208689412225766e-02,1.740491878139474244e-02,6.691891186639702116e-02
9.080827190292909551e-03,1.916628612433948775e-02,0.000000000000000000e+00,5.153630373801291326e-03,2.176267205949507580e-02,3.415747928762476182e-02,3.641463891969469457e-02,7.841346467479939214e-03,4.079848652880161547e-02,2.281949246526192299e-02,2.983886750603431323e-02,1.941418226890207974e-02,5.471981212081675205e-02,1.368647661295583490e-02,1.711788114032226568e-02,1.368647661295583490e-02,8.467610411638071266e-03,1.690912649226955500e-02,1.740491878139474244e-02,3.114358405636375587e-02,2.268902081022897838e-02,5.909061256442037918e-02,5.214952051666775501e-02,1.553917411442364178e-02,4.999673820862417933e-02,9.499641202948659602e-02,4.623915454367538702e-02,7.481244699589013891e-02,5.688564159436362150e-02,1.045077956813882103e-02,3.492726205231913572e-02,1.552612694892034628e-02,1.052906256115858884e-02,1.521299497684128199e-02,9.876704285993867516e-03,1.492595733576880350e-02,6.027790462522017098e-03,5.166677539304585960e-03,1.620457955509165687e-02,1.069867571270141648e-02,1.416922173657772857e-02,1.069867571270141648e-02,1.503033465979515884e-02,3.300932872333485740e-03,3.770630830452084345e-03,1.011155326505316747e-02,1.745710744340792098e-02,1.987083306151738588e-02,7.645638984930524032e-03,2.412420901559136216e-02,3.270924391675908427e-02,3.951986430947876383e-02,1.045077956813882103e-02,3.700176136734294186e-02,2.370669971948594079e-02,3.507078087285537410e-02,2.409811468458477463e-02,5.431534999021462445e-02,1.726139996085850406e-02,1.722225846434861929e-02,1.185987344249461728e-02,9.576619479418096992e-03,1.352991062691630275e-02,1.938808793789549220e-02,3.430099810816100020e-02,2.082327614325787599e-02,5.572444386457042070e-02,5.571139669906712694e-02,1.486072150825233293e-02,3.998956226759736721e-02,1.168504142475047247e-01,5.358470872203013879e-02,6.618827059821254244e-02,4.622610737817209325e-02,1.055515689216517637e-02,3.831952508317568173e-02
4.188140126557505713e-03,9.185204514319264893e-03,5.153630373801291326e-03,0.000000000000000000e+00,1.051601539565529334e-02,1.604801356905212473e-02,1.747015460891121474e-02,3.587970513405962496e-03,1.934894644138560743e-02,1.107704351229695308e-02,1.418226890208102234e-02,9.093874355796203318e-03,2.635527431665470738e-02,6.367016765607671526e-03,7.697827646943701703e-03,6.497488420640616137e-03,4.070715637027855736e-03,8.167525605062300742e-03,8.024006784526062364e-03,1.420836323308761161e-02,1.062039271968164868e-02,2.789483984604344824e-02,2.424163350512101300e-02,7.371648509361341042e-03,2.398069019505512378e-02,4.473873051079652746e-02,2.168438906647530973e-02,3.556657316198055807e-02,2.689020810228977612e-02,4.762215408702459227e-03,1.654380585817731217e-02,7.789157805466762410e-03,5.140583208297997558e-03,7.084610868288864285e-03,4.710026746689281556e-03,6.954139213255920542e-03,2.922565072737947842e-03,2.400678452606171132e-03,8.037053950029356131e-03,5.088394546284819887e-03,6.627960075673559881e-03,5.153630373801291326e-03,6.862809054732858967e-03,1.578707025898623464e-03,1.748320177441450895e-03,4.579555091656337812e-03,8.297997260095243618e-03,9.041685693783024780e-03,3.744536499445495509e-03,1.169026029095179137e-02,1.544784395590058021e-02,1.889229564877030476e-02,5.010111553265052947e-03,1.762672059495074689e-02,1.142931698088590214e-02,1.675256050623002285e-02,1.122056233283319146e-02,2.589862352403940124e-02,8.076195446539239167e-03,8.284950094591949851e-03,5.805988648966011779e-03,4.592602257159632446e-03,6.627960075673559881e-03,8.859025376736903365e-03,1.582621175549611681e-02,1.005936460303998893e-02,2.609433100658881816e-02,2.653793463370082706e-02,6.784526061713092894e-03,1.941418226890207974e-02,5.606367016765607947e-02,2.507665209733185574e-02,3.148281035944940770e-02,2.171048339748189726e-02,4.749168243199164592e-03,1.820079587709570040e-02
1.758757909844086212e-02,3.804553460760649874e-02,2.176267205949507580e-02,1.051601539565529334e-02,0.000000000000000000e+00,6.719290234196620415e-02,7.350773044556070668e-02,1.525213647335116503e-02,7.974427555613543273e-02,4.691760714984669761e-02,5.969078217757192023e-02,3.899797768934699232e-02,1.097005675516993933e-01,2.715115141235566534e-02,3.282666840628873511e-02,2.724248157087872518e-02,1.711788114032226568e-02,3.389653597755887260e-02,3.353121534346663324e-02,5.979515950159827731e-02,4.550851327549090136e-02,1.157935938417378879e-01,1.018070324222062756e-01,3.055646160871550512e-02,9.948463696261987399e-02,1.872529193032813621e-01,9.089960206145214494e-02,1.491682431991649682e-01,1.122708591558483904e-01,2.028834235762280724e-02,6.961967512557896975e-02,3.282666840628873511e-02,2.158001174244895265e-02,3.037380129166938544e-02,2.000130471655033049e-02,2.996933916106725784e-02,1.266879770369887075e-02,1.022897775458281658e-02,3.388348881205557883e-02,2.164524756996542496e-02,2.816883032161263123e-02,2.186704938352142941e-02,2.926479222388935972e-02,6.745384565203209858e-03,7.306412681844869604e-03,1.955770108943831811e-02,3.494030921782242949e-02,3.798029878009002297e-02,1.561745710744340786e-02,4.977493639506817141e-02,6.459651640681061957e-02,7.966599256311565624e-02,2.109726661882705898e-02,7.358601343858046928e-02,4.893991780285732868e-02,7.079392002087546432e-02,4.789614456259377873e-02,1.090743036075412647e-01,3.414443212212146805e-02,3.514906386587513670e-02,2.404592602257159609e-02,1.925761628286254759e-02,2.705982125383260550e-02,3.756278948398460160e-02,6.621436492921912997e-02,4.279470285080566594e-02,1.089177376215017257e-01,1.109922369365255457e-01,2.891251875530041066e-02,8.093156761693522105e-02,2.346010829147367749e-01,1.045991258399112805e-01,1.317111357557570750e-01,9.009067780024788974e-02,2.009263487507339033e-02,7.679561615239088868e-02
2.690325526779307336e-02,5.872529193032813288e-02,3.415747928762476182e-02,1.604801356905212473e-02,6.719290234196620415e-02,0.000000000000000000e+00,1.120229630112857949e-01,2.334137908539369796e-02,1.237132233022375932e-01,7.029812773175027341e-02,9.056037575836649312e-02,5.821645247569965514e-02,1.679300671929023492e-01,4.179007110705199035e-02,5.041424750472960070e-02,4.179007110705199035e-02,2.588557635853610747e-02,5.192771870311174709e-02,5.203209602713810417e-02,9.209994128775524092e-02,6.828886424424293611e-02,1.790462522017091662e-01,1.568399765151020919e-01,4.640876769521821293e-02,1.528214495400874173e-01,2.872203013895231472e-01,1.400221801813555933e-01,2.283123491421488738e-01,1.726139996085850337e-01,3.124796138039010948e-02,1.060082197142670768e-01,4.934437993345945628e-02,3.291799856481179148e-02,4.623915454367538702e-02,3.041294278817926675e-02,4.562593776502055221e-02,1.899667297279665837e-02,1.555222127992693555e-02,5.083175680083501513e-02,3.308761171635462434e-02,4.306869332637484199e-02,3.299628155783156103e-02,4.514319264139865506e-02,1.017678909256963977e-02,1.137712831887272534e-02,2.981277317502772570e-02,5.316719942592471743e-02,5.929936721247309334e-02,2.381107704351229787e-02,7.465588100985061371e-02,9.930197664557374737e-02,1.209994128775523509e-01,3.180898949703177270e-02,1.132754908996020660e-01,7.295974949442234070e-02,1.071172287820471025e-01,7.156370278556983822e-02,1.660643225259312294e-01,5.247569965425011307e-02,5.289320895035553444e-02,3.697566703633635432e-02,2.929088655489594725e-02,4.181616543805858482e-02,5.803379215865353546e-02,1.027725226694500560e-01,6.359188466305694398e-02,1.687650857851131780e-01,1.705395002935612137e-01,4.381238176006262836e-02,1.227216387239872114e-01,3.579228912518755412e-01,1.616674277513210356e-01,2.015917541914019062e-01,1.399699915193424182e-01,3.096092373931763272e-02,1.174766781916628672e-01
2.914736773435970887e-02,6.347446017352730008e-02,3.641463891969469457e-02,1.747015460891121474e-02,7.350773044556070668e-02,1.120229630112857949e-01,0.000000000000000000e+00,2.527235957988126919e-02,1.335638332572248732e-01,7.718703111748972945e-02,9.888446734946833294e-02,6.411377128318872243e-02,1.817339682953878210e-01,4.518233413790853636e-02,5.460238763128710121e-02,4.527366429643159967e-02,2.826016048013569107e-02,5.629851914671537422e-02,5.581577402309348401e-02,9.936721247309021621e-02,7.476025833387696384e-02,1.928762476352012534e-01,1.693652553982647191e-01,5.055776632526583908e-02,1.653728227542566320e-01,3.110052841020288228e-01,1.514906386587513976e-01,2.477395785765542369e-01,1.868615043381825214e-01,3.349207384695675194e-02,1.151673298975797455e-01,5.423706699719486185e-02,3.591884663056951060e-02,5.025768151869006162e-02,3.311370604736121187e-02,4.963141757453193303e-02,2.091460630178093930e-02,1.689607932676626123e-02,5.618109465718572337e-02,3.590579946506621684e-02,4.694370148085328515e-02,3.625807293365516243e-02,4.886163480983756607e-02,1.124665666383978073e-02,1.222519407658686184e-02,3.233087611716354420e-02,5.770761302107117047e-02,6.342227151151412501e-02,2.598995368256246455e-02,8.187096353317241393e-02,1.075869267401657059e-01,1.318807489072998940e-01,3.482288472829277864e-02,1.225781199034509800e-01,8.037053950029356131e-02,1.168895557440146060e-01,7.872659664687846337e-02,1.805205819035814452e-01,5.666383978080762052e-02,5.800769782764694099e-02,3.983299628155782812e-02,3.179594233152847199e-02,4.513014547589536130e-02,6.240459260225716259e-02,1.100919825167982202e-01,7.031117489725356717e-02,1.811468458477395738e-01,1.845130145475895322e-01,4.763520125252788950e-02,1.339552482223237140e-01,3.885837301846173930e-01,1.743884141170330693e-01,2.183965033596451111e-01,1.501989692739252313e-01,3.317894187487768071e-02,1.273925239741666160e-01
6.301780938091200088e-03,1.322982582034053049e-02,7.841346467479939214e-03,3.587970513405962496e-03,1.525213647335116503e-02,2.334137908539369796e-02,2.527235957988126919e-02,0.000000000000000000e+00,2.781655685302368217e-02,1.615239089307847833e-02,2.069280448822493484e-02,1.350381629590971348e-02,3.781068562854719706e-02,9.485289320895035417e-03,1.162502446343531906e-02,9.563572313914801490e-03,5.845130145475895683e-03,1.179463761497814671e-02,1.192510927001108959e-02,2.118859677735012229e-02,1.583925892099941404e-02,4.056363754974232072e-02,3.569704481701350268e-02,1.082914736773435936e-02,3.461413008024006449e-02,6.553591232304781244e-02,3.208297997260095569e-02,5.167982255854915857e-02,3.905016635136016739e-02,7.175941026811924993e-03,2.428077500163089431e-02,1.106399634679365931e-02,7.489072998890991019e-03,1.059429838867506114e-02,6.875856220236153601e-03,1.030726074760258265e-02,4.214234457564094115e-03,3.535781851392784825e-03,1.140322264987931287e-02,7.476025833387696384e-03,9.863657120490573749e-03,7.489072998890991019e-03,1.033335507860917192e-02,2.322395459586405059e-03,2.557244438645704145e-03,6.967186378759214309e-03,1.221214691108356634e-02,1.355600495792289202e-02,5.375432187357296644e-03,1.697436231978602730e-02,2.249331332767956146e-02,2.758170787396438048e-02,7.254224019831691933e-03,2.554635005545045218e-02,1.666123034770695954e-02,2.456781264270337106e-02,1.677865483723661039e-02,3.761497814599778361e-02,1.192510927001108959e-02,1.200339226303085739e-02,8.324091591101832888e-03,6.641007241176854516e-03,9.420053493378563111e-03,1.325592015134711976e-02,2.331528475438711043e-02,1.469110835670950528e-02,3.838476091069215057e-02,3.859351555874486472e-02,1.016374192706634427e-02,2.784265118403026970e-02,8.147954856807358703e-02,3.676691238828364711e-02,4.583469241307325942e-02,3.163937634548893985e-02,7.084610868288864285e-03,2.666840628873377167e-02
3.216126296562071829e-02,7.119838215147758498e-02,4.079848652880161547e-02,1.934894644138560743e-02,7.974427555613543273e-02,1.237132233022375932e-01,1.335638332572248732e-01,2.781655685302368217e-02,0.000000000000000000e+00,8.467610411638071266e-02,1.083436623393567722e-01,6.950225063604931197e-02,2.012394807228129745e-01,5.017939852567029901e-02,5.988648966012134062e-02,5.040120033922630000e-02,3.141757453193293886e-02,6.284819622936917149e-02,6.287429056037575903e-02,1.105616804749168236e-01,8.112727509948464144e-02,2.165177115271707253e-01,1.877356644269032593e-01,5.501989692739252258e-02,1.830908735077304561e-01,3.447843955900580792e-01,1.684258594820275401e-01,2.738991454106595169e-01,2.075151673298975818e-01,3.781068562854719706e-02,1.269750146780611877e-01,5.856872594428860074e-02,3.906321351686346116e-02,5.498075543088264128e-02,3.633635592667493197e-02,5.455019896927392614e-02,2.275425663774545068e-02,1.856611651118794323e-02,6.049970643877617543e-02,3.941548698545241369e-02,5.141887924848326935e-02,3.946767564746558876e-02,5.387174636310261555e-02,1.225128840759345111e-02,1.362124078543936259e-02,3.537086567943114462e-02,6.326570552547458592e-02,7.125057081349077392e-02,2.844282079718181075e-02,8.934698936656011725e-02,1.189901493900450136e-01,1.443929806249592274e-01,3.826733642116249973e-02,1.367864831365386002e-01,8.805531998173396491e-02,1.287233348555026358e-01,8.585034901167720722e-02,1.991910757387957420e-01,6.254811142279340097e-02,6.338313001500424371e-02,4.468654184878335239e-02,3.505773370735208033e-02,5.050557766325265707e-02,6.972405244960531989e-02,1.241437797638463014e-01,7.575184291212734566e-02,2.033009328723334730e-01,2.051405832082980052e-01,5.218866201317763631e-02,1.477852436558157734e-01,4.302041881401265644e-01,1.957988127079391960e-01,2.432774479744275464e-01,1.683736708200143650e-01,3.731489333942201309e-02,1.410529062561158564e-01
1.857916367669124047e-02,4.047230739121925741e-02,2.281949246526192299e-02,1.107704351229695308e-02,4.691760714984669761e-02,7.029812773175027341e-02,7.718703111748972945e-02,1.615239089307847833e-02,8.467610411638071266e-02,0.000000000000000000e+00,6.304390371191859188e-02,4.036793006719290033e-02,1.149846695805336327e-01,2.896470741731358919e-02,3.428795094265770643e-02,2.879509426577075981e-02,1.792680540152651741e-02,3.568399765151020891e-02,3.574923347902668469e-02,6.306999804292517942e-02,4.750472959749494489e-02,1.225259312414377910e-01,1.072737947680866277e-01,3.186117815904494777e-02,1.044947485158849304e-01,1.965164068106203810e-01,9.553134581512166823e-02,1.571009198251679950e-01,1.177767629982386377e-01,2.155391741144236512e-02,7.301193815643551577e-02,3.413138495661817429e-02,2.241503033465979539e-02,3.153499902146258971e-02,2.075804031574140368e-02,3.170461217300541562e-02,1.324287298584382599e-02,1.051601539565529334e-02,3.524039402439820001e-02,2.263683214821579984e-02,2.961706569247830878e-02,2.275425663774545068e-02,3.075216909126492204e-02,7.019375040772391980e-03,7.541261660904168690e-03,2.053623850218539923e-02,3.647987474721117035e-02,3.989823210907430390e-02,1.645247569965424886e-02,5.224085067519081138e-02,6.758431730706504492e-02,8.382803835866657616e-02,2.199752103855437402e-02,7.703046513145019036e-02,5.124926609694043650e-02,7.406875856220236642e-02,4.993150238110770356e-02,1.141496509883227900e-01,3.587970513405962236e-02,3.644073325070128211e-02,2.528540674538456642e-02,2.018396503359645017e-02,2.870376410724769997e-02,3.935025115793593792e-02,7.018070324222062950e-02,4.436036271120099433e-02,1.143323113053689027e-01,1.161067258138169522e-01,3.021723530562985330e-02,8.463696261987083136e-02,2.461217300541457265e-01,1.104833974818970610e-01,1.391219257616282956e-01,9.500945919498988979e-02,2.107117228782047144e-02,8.050101115532649898e-02
2.386326570552547294e-02,5.156239806901950773e-02,2.983886750603431323e-02,1.418226890208102234e-02,5.969078217757192023e-02,9.056037575836649312e-02,9.888446734946833294e-02,2.069280448822493484e-02,1.083436623393567722e-01,6.304390371191859188e-02,0.000000000000000000e+00,5.183638854458869072e-02,1.479026681453454173e-01,3.689738404331659172e-02,4.442559853871746317e-02,3.698871420183964809e-02,2.311957727183769351e-02,4.597821123360949780e-02,4.597821123360949780e-02,8.141431274055711820e-02,6.093026290038489057e-02,1.572574858112075202e-01,1.381042468523713262e-01,4.103333550786091716e-02,1.346206536629917239e-01,2.527105486333094397e-01,1.234914214886815853e-01,2.019701219909974532e-01,1.519472894513666794e-01,2.777741535651379740e-02,9.387435579620327653e-02,4.321221214691108037e-02,2.901689607932676773e-02,4.074629786678844040e-02,2.670754778524365644e-02,4.048535455672255118e-02,1.680474916824319792e-02,1.366038228194924736e-02,4.446474003522734447e-02,2.886033009328723212e-02,3.788896862156696660e-02,2.901689607932676773e-02,3.997651510209407344e-02,9.028638528279731013e-03,9.863657120490573749e-03,2.619870833061517523e-02,4.703503163937634846e-02,5.183638854458869072e-02,2.107117228782047144e-02,6.676234588035749595e-02,8.748124469958901139e-02,1.073912192576162855e-01,2.837758496966534191e-02,9.957596712114293036e-02,6.544458216452475607e-02,9.540087416008871668e-02,6.406158262117554736e-02,1.467936590775653916e-01,4.643486202622480047e-02,4.678713549481375300e-02,3.265705525474590920e-02,2.598995368256246455e-02,3.675386522278035334e-02,5.113184160741079259e-02,9.042990410333355544e-02,5.685954726335703396e-02,1.482549416139343768e-01,1.495205166677539277e-01,3.873703437928110310e-02,1.089829734490181945e-01,3.154021788766390721e-01,1.424489529649683728e-01,1.784721769195642127e-01,1.229173462065366318e-01,2.739904755691826080e-02,1.036597299236740877e-01
1.619153238958836311e-02,3.264400808924261543e-02,1.941418226890207974e-02,9.093874355796203318e-03,3.899797768934699232e-02,5.821645247569965514e-02,6.411377128318872243e-02,1.350381629590971348e-02,6.950225063604931197e-02,4.036793006719290033e-02,5.183638854458869072e-02,0.000000000000000000e+00,9.474851588492400056e-02,2.362841672646617472e-02,2.930393372039924449e-02,2.358927522995629342e-02,1.473024985321938832e-02,2.925174505838606595e-02,2.939526387892230433e-02,5.226694500619740585e-02,4.008089242612042358e-02,1.003327027203340105e-01,8.942527235957987986e-02,2.746428338443473310e-02,8.607215082523321514e-02,1.635331724182921276e-01,7.872659664687846337e-02,1.288538065105355734e-01,9.694043968947746448e-02,1.744406027790462374e-02,6.039532911474981836e-02,2.845586796268510799e-02,1.834431469763193878e-02,2.631613282014482261e-02,1.714397547132885322e-02,2.600300084806575832e-02,1.090743036075412543e-02,8.885119707743492634e-03,2.946049970643877663e-02,1.860525800769782800e-02,2.455476547720007729e-02,1.884010698675712622e-02,2.558549155196033695e-02,5.792941483462718012e-03,6.275686607084610819e-03,1.765281492595733442e-02,3.046513145019244528e-02,3.311370604736121187e-02,1.366038228194924736e-02,4.314697631939461153e-02,5.575053819557700824e-02,6.976319394611520119e-02,1.808337138756604956e-02,6.282210189836258396e-02,4.220758040315741172e-02,6.087807423837171550e-02,4.257290103724965802e-02,9.405701611324940314e-02,2.986496183704090424e-02,3.060865027072868366e-02,2.045795550916563316e-02,1.666123034770695954e-02,2.332833191989040419e-02,3.247439493769978258e-02,5.777284884858764624e-02,3.748450649096483900e-02,9.420053493378563458e-02,9.570095896666448720e-02,2.600300084806575832e-02,6.973709961510861366e-02,2.038358666579685452e-01,9.058647008937308065e-02,1.142279339813425526e-01,7.812642703372692232e-02,1.749624893991780228e-02,6.599256311566312205e-02
4.329049513993084991e-02,9.577924195968426369e-02,5.471981212081675205e-02,2.635527431665470738e-02,1.097005675516993933e-01,1.679300671929023492e-01,1.817339682953878210e-01,3.781068562854719706e-02,2.012394807228129745e-01,1.149846695805336327e-01,1.479026681453454173e-01,9.474851588492400056e-02,0.000000000000000000e+00,6.787135494813752168e-02,8.119251092700111028e-02,6.819753408571987974e-02,4.246852371322330094e-02,8.514580207449931604e-02,8.423250048926871070e-02,1.496248939917802778e-01,1.111879444190749522e-01,2.913693000195707317e-01,2.538456520320960252e-01,7.522995629199556722e-02,2.486789744927914436e-01,4.663970252462652510e-01,2.278035096875203891e-01,3.709439624241633315e-01,2.808402374584121342e-01,5.101441711788114175e-02,1.730706504012003433e-01,8.044882249331332391e-02,5.350642572901036925e-02,7.506034314045273437e-02,4.947485158849240089e-02,7.423837171374518540e-02,3.119577271837693094e-02,2.512884075934503081e-02,8.316263291799856627e-02,5.404135951464544146e-02,7.010242024920086690e-02,5.406745384565202900e-02,7.269880618435645148e-02,1.672646617522343185e-02,1.848783351816817716e-02,4.833974818970578763e-02,8.613738665274968398e-02,9.594885511122708266e-02,3.877617587579098440e-02,1.218866201317763687e-01,1.608976449866266478e-01,1.963859351555874433e-01,5.211037902015787371e-02,1.845391088785961198e-01,1.200469697958118642e-01,1.754974231848130950e-01,1.173592537021332094e-01,2.709635331724182805e-01,8.481962293691695798e-02,8.624176397677604800e-02,6.013438580468392913e-02,4.758301259051470750e-02,6.810620392719682337e-02,9.425272359579880965e-02,1.656207188988192414e-01,1.042990410333355100e-01,2.729727966599256317e-01,2.781133798682236535e-01,7.123752364798748016e-02,2.006132167786548459e-01,5.833648639832996752e-01,2.621306021266879838e-01,3.287624763520125004e-01,2.258725291930328005e-01,5.007502120164394194e-02,1.913888707678256806e-01
1.051601539565529334e-02,2.370669971948594079e-02,1.368647661295583490e-02,6.367016765607671526e-03,2.715115141235566534e-02,4.179007110705199035e-02,4.518233413790853636e-02,9.485289320895035417e-03,5.017939852567029901e-02,2.896470741731358919e-02,3.689738404331659172e-02,2.362841672646617472e-02,6.787135494813752168e-02,0.000000000000000000e+00,2.022310653010633494e-02,1.692217365777284876e-02,1.064648705068823795e-02,2.114945528084023751e-02,2.107117228782047144e-02,3.758888381499119608e-02,2.759475503946767425e-02,7.239872137778068095e-02,6.316132820144823579e-02,1.861830517320112177e-02,6.137386652749689947e-02,1.144366886293952668e-01,5.723791506295257403e-02,9.245221475634418651e-02,7.003718442168438418e-02,1.286450518624828766e-02,4.254680670624307048e-02,1.968817274447126273e-02,1.307325983430099835e-02,1.831822036662535125e-02,1.199034509752756189e-02,1.821384304259899417e-02,7.593450322917346361e-03,6.275686607084610819e-03,2.034053101963598578e-02,1.289059951725487693e-02,1.701350381629590860e-02,1.311240133081088138e-02,1.830517320112205748e-02,4.122904299041033407e-03,4.566507926153043177e-03,1.171635462195837890e-02,2.154087024593907135e-02,2.370669971948594079e-02,9.537477982908213955e-03,3.023028247113314707e-02,4.001565659860395474e-02,4.862678583077826439e-02,1.299497684128123227e-02,4.541718311696783805e-02,3.026942396764302837e-02,4.369495727053297751e-02,2.919955639637288741e-02,6.716680801095961661e-02,2.109726661882705898e-02,2.141039859090612674e-02,1.512166481831822042e-02,1.196425076652097262e-02,1.700045665079261484e-02,2.344575640942005504e-02,4.112466566638398047e-02,2.584643486202622617e-02,6.764955313458151376e-02,6.843238306477918143e-02,1.760062626394415936e-02,4.990540805010111602e-02,1.437797638463043925e-01,6.528801617848523087e-02,8.159697305760323094e-02,5.619414182268902408e-02,1.251223171765933860e-02,4.707417313588622976e-02
1.355600495792289202e-02,2.828625481114227860e-02,1.711788114032226568e-02,7.697827646943701703e-03,3.282666840628873511e-02,5.041424750472960070e-02,5.460238763128710121e-02,1.162502446343531906e-02,5.988648966012134062e-02,3.428795094265770643e-02,4.442559853871746317e-02,2.930393372039924449e-02,8.119251092700111028e-02,2.022310653010633494e-02,0.000000000000000000e+00,2.037967251614586708e-02,1.242090155913627703e-02,2.490703894578902636e-02,2.544197273142409857e-02,4.553460760649748890e-02,3.390958314306216637e-02,8.692021658294735165e-02,7.729140844151607959e-02,2.325004892687063812e-02,7.423837171374518540e-02,1.412747080696718505e-01,6.854980755430882533e-02,1.106399634679365862e-01,8.402374584121599654e-02,1.519994781133798649e-02,5.195381303411833462e-02,2.386326570552547294e-02,1.603496640354882749e-02,2.302824711331463367e-02,1.500424032878857131e-02,2.215408702459390616e-02,9.133015852306086355e-03,7.736969143453584739e-03,2.454171831169678353e-02,1.617848522408506587e-02,2.134516276338965443e-02,1.619153238958836311e-02,2.227151151412355701e-02,4.997064387761759180e-03,5.636375497423184999e-03,1.508252332180833738e-02,2.622480266162176277e-02,2.914736773435970887e-02,1.157283580142214052e-02,3.631026159566834444e-02,4.824841803118272432e-02,5.935155587448626840e-02,1.551307978341705252e-02,5.474590645182333959e-02,3.560571465849044631e-02,5.248874681975340684e-02,3.607541261660904275e-02,8.072281296888250690e-02,2.559853871746363072e-02,2.583338769652292893e-02,1.749624893991780228e-02,1.422141039859090537e-02,2.006654054406680279e-02,2.849500945919498929e-02,5.025768151869006162e-02,3.146976319394611393e-02,8.219714267075477199e-02,8.283645378041620821e-02,2.227151151412355701e-02,5.939069737099614971e-02,1.744406027790462443e-01,7.872659664687846337e-02,9.780155261269489475e-02,6.780611912062103896e-02,1.523908930784786953e-02,5.727705655946245533e-02
1.069867571270141648e-02,2.382412420901559164e-02,1.368647661295583490e-02,6.497488420640616137e-03,2.724248157087872518e-02,4.179007110705199035e-02,4.527366429643159967e-02,9.563572313914801490e-03,5.040120033922630000e-02,2.879509426577075981e-02,3.698871420183964809e-02,2.358927522995629342e-02,6.819753408571987974e-02,1.692217365777284876e-02,2.037967251614586708e-02,0.000000000000000000e+00,1.059429838867506114e-02,2.114945528084023751e-02,2.129297410137647589e-02,3.754974231848130783e-02,2.777741535651379740e-02,7.277708917737621408e-02,6.330484702198446723e-02,1.886620131776371723e-02,6.185661165111879661e-02,1.164720464479091916e-01,5.699001891838997857e-02,9.270011090090678196e-02,7.040250505577663742e-02,1.290364668275817070e-02,4.314697631939461153e-02,1.989692739252397341e-02,1.334725030987018134e-02,1.855306934568464947e-02,1.223824124209015561e-02,1.837040902863852979e-02,7.710874812446995470e-03,6.314828103594493855e-03,2.052319133668210546e-02,1.328201448235370903e-02,1.735273011938156390e-02,1.336029747537347510e-02,1.812251288407593433e-02,4.148998630047621809e-03,4.592602257159632446e-03,1.191206210450779582e-02,2.167134190097201249e-02,2.407202035357818362e-02,9.694043968947746101e-03,3.020418814012655606e-02,4.043316589470937611e-02,4.877030465131450276e-02,1.306021266879770285e-02,4.613477721964902994e-02,2.989105616804749177e-02,4.386457042207580342e-02,2.929088655489594725e-02,6.744079848652879960e-02,2.112336094983364998e-02,2.163220040446213119e-02,1.522604214234457576e-02,1.193815643551438509e-02,1.718311696783873799e-02,2.377193554700241310e-02,4.154217496248940183e-02,2.600300084806575832e-02,6.874551503685824572e-02,6.931959031900319923e-02,1.773109791897710050e-02,5.007502120164394194e-02,1.454367538652227843e-01,6.569247830908735153e-02,8.201448235370865925e-02,5.689868875986692220e-02,1.261660904168569394e-02,4.777872007306412788e-02
6.758431730706503625e-03,1.489986300476221597e-02,8.467610411638071266e-03,4.070715637027855736e-03,1.711788114032226568e-02,2.588557635853610747e-02,2.826016048013569107e-02,5.845130145475895683e-03,3.141757453193293886e-02,1.792680540152651741e-02,2.311957727183769351e-02,1.473024985321938832e-02,4.246852371322330094e-02,1.064648705068823795e-02,1.242090155913627703e-02,1.059429838867506114e-02,0.000000000000000000e+00,1.308630699980429211e-02,1.326896731685041353e-02,2.327614325787722566e-02,1.719616413334203175e-02,4.531280579294148098e-02,3.933720399243264415e-02,1.171635462195837890e-02,3.833257224867897550e-02,7.222910822623784810e-02,3.544914867245090723e-02,5.798160349664035346e-02,4.344706112597038206e-02,8.089242612042532934e-03,2.685106660577989482e-02,1.225128840759345111e-02,8.128384108552417706e-03,1.137712831887272534e-02,7.476025833387696384e-03,1.148150564289908068e-02,4.827451236218931532e-03,3.848913823471850851e-03,1.265575053819557698e-02,8.180572770565594509e-03,1.060734555417835491e-02,8.141431274055711473e-03,1.120751516732989769e-02,2.531150107639115309e-03,2.792093417705003664e-03,7.554308826407463325e-03,1.334725030987018134e-02,1.491291017026550973e-02,5.949507469502251025e-03,1.894448431078348330e-02,2.520712375236480035e-02,3.033465979515950067e-02,8.037053950029356131e-03,2.854719812120816783e-02,1.878791832474394768e-02,2.728162306738860995e-02,1.830517320112205748e-02,4.203796725161458581e-02,1.313849566181747065e-02,1.336029747537347510e-02,9.498336486398329184e-03,7.489072998890991019e-03,1.068562854719812098e-02,1.484767434274903743e-02,2.584643486202622617e-02,1.617848522408506587e-02,4.258594820275295179e-02,4.299041033335507939e-02,1.102485485028377628e-02,3.113053689086046211e-02,9.061256442037966818e-02,4.095505251484114762e-02,5.134059625546349981e-02,3.530562985191466885e-02,7.919629460499707022e-03,2.965620718898819355e-02
1.332115597886359207e-02,2.978667884402113469e-02,1.690912649226955500e-02,8.167525605062300742e-03,3.389653597755887260e-02,5.192771870311174709e-02,5.629851914671537422e-02,1.179463761497814671e-02,6.284819622936917149e-02,3.568399765151020891e-02,4.597821123360949780e-02,2.925174505838606595e-02,8.514580207449931604e-02,2.114945528084023751e-02,2.490703894578902636e-02,2.114945528084023751e-02,1.308630699980429211e-02,0.000000000000000000e+00,2.642051014417117968e-02,4.648705068823798248e-02,3.426185661165111890e-02,9.074303607541261973e-02,7.862221932285211323e-02,2.351099223693652387e-02,7.674342749037771361e-02,1.449018200795877120e-01,7.083306151738534562e-02,1.160023484897905882e-01,8.733772587905277995e-02,1.602191923804553372e-02,5.372822754256637717e-02,2.459390697370996207e-02,1.656990018918389970e-02,2.298910561680474890e-02,1.510861765281492665e-02,2.274120947224215691e-02,9.589666644921390759e-03,7.736969143453584739e-03,2.537673690390762626e-02,1.649161719616413363e-02,2.144954008741600804e-02,1.653075869267401493e-02,2.249331332767956146e-02,5.127536042794702924e-03,5.675516993933068036e-03,1.495205166677539277e-02,2.672059495074695021e-02,2.983886750603431323e-02,1.200339226303085739e-02,3.764107247700437114e-02,5.028377584969665609e-02,6.056494226629265121e-02,1.630895687911801048e-02,5.740752821449539994e-02,3.714528018787918023e-02,5.461543479679039498e-02,3.627112009915845620e-02,8.403679300671929031e-02,2.632917998564811637e-02,2.666840628873377167e-02,1.895753147628677707e-02,1.483462717724574366e-02,2.138430425989953573e-02,2.951268836845195517e-02,5.157544523452280150e-02,3.225259312414378160e-02,8.517189640550590357e-02,8.634614130080239813e-02,2.197142670754778648e-02,6.241763976776045636e-02,1.816687324678713522e-01,8.161002022310652471e-02,1.023289190423380540e-01,7.071563702785570171e-02,1.573488159697305697e-02,5.946898036401591925e-02
1.364733511644595186e-02,2.965620718898819355e-02,1.740491878139474244e-02,8.024006784526062364e-03,3.353121534346663324e-02,5.203209602713810417e-02,5.581577402309348401e-02,1.192510927001108959e-02,6.287429056037575903e-02,3.574923347902668469e-02,4.597821123360949780e-02,2.939526387892230433e-02,8.423250048926871070e-02,2.107117228782047144e-02,2.544197273142409857e-02,2.129297410137647589e-02,1.326896731685041353e-02,2.642051014417117968e-02,0.000000000000000000e+00,4.707417313588622976e-02,3.453584708722030189e-02,9.091264922695543871e-02,7.917020027399047921e-02,2.361536956096288095e-02,7.683475764890076998e-02,1.448626785830778307e-01,7.109400482745123484e-02,1.154543675386522222e-01,8.744210320307913009e-02,1.612629656207189080e-02,5.357166155652684503e-02,2.405897318807488985e-02,1.625676821710483541e-02,2.296301128579816136e-02,1.499119316328527581e-02,2.296301128579816136e-02,9.433100658881858613e-03,7.776110639963467776e-03,2.495922760780220490e-02,1.624372105160153817e-02,2.155391741144236512e-02,1.642638136864766132e-02,2.275425663774545068e-02,5.049253049774935984e-03,5.662469828429773401e-03,1.493900450127209900e-02,2.683801944027660105e-02,3.032161262965620691e-02,1.193815643551438509e-02,3.761497814599778361e-02,4.995759671211429109e-02,6.056494226629265121e-02,1.608715506556200603e-02,5.732924522147563734e-02,3.700176136734294186e-02,5.453715180377063237e-02,3.620588427164198736e-02,8.369756670363363849e-02,2.643355730967447345e-02,2.640746297866788592e-02,1.874877682823406638e-02,1.487376867375562670e-02,2.118859677735012229e-02,2.944745254093548287e-02,5.229303933720399339e-02,3.180898949703177270e-02,8.538065105355861772e-02,8.548502837758496786e-02,2.215408702459390616e-02,6.188270598212538415e-02,1.795159501598277696e-01,8.222323700176137340e-02,1.022375888838149977e-01,7.117228782047099744e-02,1.595668341052906142e-02,5.920803705395003003e-02
2.416335051210124693e-02,5.224085067519081138e-02,3.114358405636375587e-02,1.420836323308761161e-02,5.979515950159827731e-02,9.209994128775524092e-02,9.936721247309021621e-02,2.118859677735012229e-02,1.105486333094135298e-01,6.306999804292517942e-02,8.141431274055711820e-02,5.226694500619740585e-02,1.496248939917802778e-01,3.758888381499119608e-02,4.553460760649748890e-02,3.754974231848130783e-02,2.327614325787722566e-02,4.648705068823798248e-02,4.707417313588622976e-02,0.000000000000000000e+00,6.134777219649031194e-02,1.598538717463630909e-01,1.408180572770565686e-01,4.189444843107834743e-02,1.359775588753343312e-01,2.570683019114097245e-01,1.260356187618239809e-01,2.037706308304520764e-01,1.541783547524300246e-01,2.832539630765216337e-02,9.536173266357883538e-02,4.292517450583860361e-02,2.902994324483006150e-02,4.134646747993998145e-02,2.694239676430295466e-02,4.069410920477526533e-02,1.664818318220366578e-02,1.394741992302172412e-02,4.398199491160545427e-02,2.921260356187618118e-02,3.822819492465261842e-02,2.912127340335312134e-02,4.042011872920608234e-02,8.989497031769847976e-03,1.020288342357622731e-02,2.717724574336225288e-02,4.754387109400482619e-02,5.348033139800378172e-02,2.099288929480070537e-02,6.631874225324548011e-02,8.832931045730314790e-02,1.075738795746623983e-01,2.857329245221475536e-02,1.009589666644921391e-01,6.535325200600169970e-02,9.664035488290169396e-02,6.522278035096874815e-02,1.482810359449409643e-01,4.693065431534999138e-02,4.719159762541588060e-02,3.294409289581838596e-02,2.623784982712505653e-02,3.730184617391871932e-02,5.269750146780612099e-02,9.223041294278817859e-02,5.714658490442951072e-02,1.511122708591558506e-01,1.520647139408963511e-01,3.987213777806771636e-02,1.091003979385478523e-01,3.193032813621241028e-01,1.446669711005283965e-01,1.800117424489529605e-01,1.244308174049187782e-01,2.806445299758627415e-02,1.047556918259508058e-01
1.826603170461217271e-02,3.843694957270533258e-02,2.268902081022897838e-02,1.062039271968164868e-02,4.550851327549090136e-02,6.828886424424293611e-02,7.476025833387696384e-02,1.583925892099941404e-02,8.112727509948464144e-02,4.750472959749494489e-02,6.093026290038489057e-02,4.008089242612042358e-02,1.111879444190749522e-01,2.759475503946767425e-02,3.390958314306216637e-02,2.777741535651379740e-02,1.719616413334203175e-02,3.426185661165111890e-02,3.453584708722030189e-02,6.134777219649031194e-02,0.000000000000000000e+00,1.177506686672320502e-01,1.046904559984343369e-01,3.162632917998564608e-02,1.012068628090547345e-01,1.915062952573553523e-01,9.255659208037053665e-02,1.515297801552612789e-01,1.142148868158392588e-01,2.062756866070846254e-02,7.087220301389522692e-02,3.315284754387109317e-02,2.185400221801813564e-02,3.107834822884728357e-02,2.037967251614586708e-02,3.036075412616609168e-02,1.266879770369887075e-02,1.043773240263552726e-02,3.413138495661817429e-02,2.199752103855437402e-02,2.882118859677735082e-02,2.210189836258072762e-02,3.006066931959031768e-02,6.849761889229565200e-03,7.449931502381107983e-03,2.026224802661621624e-02,3.559266749298714561e-02,3.891969469632722278e-02,1.586535325200600158e-02,5.017939852567029901e-02,6.586209146063018438e-02,8.127079392002087288e-02,2.135820992889294820e-02,7.443407919629460578e-02,4.927914410594298050e-02,7.192902341966207758e-02,4.925304977493639297e-02,1.104051144888772845e-01,3.471850740426642157e-02,3.561876182399374008e-02,2.405897318807488985e-02,1.949246526192184581e-02,2.734685889490508226e-02,3.828038358666579349e-02,6.788440211364081545e-02,4.318611781590449283e-02,1.112662274120947287e-01,1.127536042794702875e-01,2.987800900254419800e-02,8.150564289908017457e-02,2.381890534281427274e-01,1.069345684650009759e-01,1.337073520777611046e-01,9.196946963272228937e-02,2.051014417117881170e-02,7.806119120621045349e-02
