0.000000000000000000e+00,1.343002251426776185e-02,5.471490653960939948e-03,6.283051468663280494e-03,2.066862139379025201e-02,2.649353369286350235e-02,3.281585423320592526e-02,5.903450442431541247e-03,3.238389444473532830e-02,2.007958531860306803e-02,1.947745955285616962e-02,1.490915754751557729e-02,5.208387873710665361e-02,1.049793182889156504e-02,1.235666788837111972e-02,1.069427718728729187e-02,6.008167966909261880e-03,1.691188020315199589e-02,1.011833080265982579e-02,2.735745326980470321e-02,1.504005445311272851e-02,4.349704172993350271e-02,3.790774386093512943e-02,1.303733179747630817e-02,3.891565003403319595e-02,7.708518770616262783e-02,3.963558301481753116e-02,6.488559610450808646e-02,4.106235928582648020e-02,1.038012461385412824e-02,2.286768940782239745e-02,1.340384313314833299e-02,7.238598879522488427e-03,1.195088748101994815e-02,7.801455573590240083e-03,1.250065448452798537e-02,6.283051468663280494e-03,4.083983454631132451e-03,1.471281218911984871e-02,8.154877218702550473e-03,9.620922561390648012e-03,7.212419498403057835e-03,1.138803078695219649e-02,4.214880360228284543e-03,3.010628828734488588e-03,9.319859678517200541e-03,1.272317922404314280e-02,1.740928844442117540e-02,7.879993716948531859e-03,2.193832137808262098e-02,2.843080789570134534e-02,3.402010576469972208e-02,1.019686894601811583e-02,3.369286350070684055e-02,1.871825750039269112e-02,2.909838211424681936e-02,2.272370281166553180e-02,4.656002932090685248e-02,1.346929158594690860e-02,1.310278025027488379e-02,1.210796376773652996e-02,7.696738049112518583e-03,1.360018849154405983e-02,1.208178438661710111e-02,2.936017592544112181e-02,1.960835645845332084e-02,4.549976438556992825e-02,4.318288915650034254e-02,1.229121943557254237e-02,3.341797999895282367e-02,1.030027750143986537e-01,5.022514267762710066e-02,5.933556730718885647e-02,4.090528299910990012e-02,8.914079271166028967e-03,2.725273574532698084e-02
1.343002251426776185e-02,0.000000000000000000e+00,9.411487512435206745e-03,1.086444316456358986e-02,3.582648306194041732e-02,4.608880046075710529e-02,5.654746321796953051e-02,9.882716372584952197e-03,5.584061992774490973e-02,3.463532122100633492e-02,3.378449133462484849e-02,2.521074401801141548e-02,8.938949683229488463e-02,1.867898842871354437e-02,2.087805644274569328e-02,1.886224409654955678e-02,1.043248337609298942e-02,2.929472747264254620e-02,1.742237813498088983e-02,4.818315095031153183e-02,2.532855123304885228e-02,7.616890936698256231e-02,6.514738991570238891e-02,2.205612859312005777e-02,6.696685690350280551e-02,1.310670715744279846e-01,6.938844965705011358e-02,1.122048274778784244e-01,7.166605581444054907e-02,1.811613173464579271e-02,4.008063249384784255e-02,2.264516466830724176e-02,1.246138541284884035e-02,2.078642860882768881e-02,1.361327818210377426e-02,2.199068014032148216e-02,1.077281533064558365e-02,7.094612283365621039e-03,2.439918320330907234e-02,1.390125137441750904e-02,1.654536886747997107e-02,1.208178438661710111e-02,1.980470181684905115e-02,7.173150426723911947e-03,5.209696842766636631e-03,1.578616681501649258e-02,2.221320487983664133e-02,2.973977695167286106e-02,1.341693282370804742e-02,3.806482014765170951e-02,4.919105712340960529e-02,5.832766113409078995e-02,1.708204618042829387e-02,5.873344154144195806e-02,3.221372846745902685e-02,5.044766741714225983e-02,3.790774386093512943e-02,7.910100005235876086e-02,2.356144300748730380e-02,2.218702549871720900e-02,2.094350489554426889e-02,1.316822870307345940e-02,2.340436672077072025e-02,2.091732551442484003e-02,5.087962720561285679e-02,3.267186763704905961e-02,7.902246190900047429e-02,7.450651866589873273e-02,2.073406984658882762e-02,5.809204670401591636e-02,1.744986648515629013e-01,8.741295355777789489e-02,1.030813131577569541e-01,7.035708675846902294e-02,1.586470495837478262e-02,4.725378292057175883e-02
5.471490653960939948e-03,9.411487512435206745e-03,0.000000000000000000e+00,4.332687575265720473e-03,1.434630085344782389e-02,1.852191214199696428e-02,2.268443373998638504e-02,4.005445311272841542e-03,2.235719147599350698e-02,1.373108539714121105e-02,1.363945756322320485e-02,1.014451018377925465e-02,3.580030368082098846e-02,7.461123619037645857e-03,8.429760720456569087e-03,7.513482381276507041e-03,4.097073145190847747e-03,1.180690088486308249e-02,6.872087543850463609e-03,1.924184512278129602e-02,1.044557306665270385e-02,3.064296560029320868e-02,2.615320173831090639e-02,9.058065867322896356e-03,2.712183883972982962e-02,5.301324676684643356e-02,2.781559243939473250e-02,4.481910047646473633e-02,2.871878108801508012e-02,7.238598879522488427e-03,1.615267815068851739e-02,8.900989580606314538e-03,4.960992722132048609e-03,8.246505052620556678e-03,5.340593748363788723e-03,8.704644222210587701e-03,4.280328813026860156e-03,2.801193779779046020e-03,9.620922561390648012e-03,5.589297868998376745e-03,6.688831876014451200e-03,4.882454578773757700e-03,7.814545264149956247e-03,2.827373160898476179e-03,2.081260798994711680e-03,6.531755589297869383e-03,8.809361746688308334e-03,1.210796376773652996e-02,5.314414367244358131e-03,1.501387507199329792e-02,1.959526676789360641e-02,2.322111105293470784e-02,6.898266924969893334e-03,2.362689146028587941e-02,1.291952458243887138e-02,2.015812346196135807e-02,1.551128331326247396e-02,3.162469239227184981e-02,9.372218440756059990e-03,8.953348342845175722e-03,8.272684433739985535e-03,5.196607152206922202e-03,9.319859678517200541e-03,8.416671029896852924e-03,2.040682758259594609e-02,1.339075344258861683e-02,3.167705115451070752e-02,2.989685323838944461e-02,8.560657626053720312e-03,2.312948321901670337e-02,7.027854861511073636e-02,3.502801193779778860e-02,4.144196031205822639e-02,2.843080789570134534e-02,6.361589612021571402e-03,1.891460285878841796e-02
6.283051468663280494e-03,1.086444316456358986e-02,4.332687575265720473e-03,0.000000000000000000e+00,1.676789360699513023e-02,2.117911932561914248e-02,2.657207183622179239e-02,4.659929839258600270e-03,2.579978009319859600e-02,1.617885753180794972e-02,1.577307712445677815e-02,1.192470809990051756e-02,4.174302319493167213e-02,8.691554531650871537e-03,9.568563799151788563e-03,8.613016388292581496e-03,4.803916435415466792e-03,1.350856065762605362e-02,8.141787528142834310e-03,2.208230797423949010e-02,1.185925964710194194e-02,3.500183255667835974e-02,3.017173674014346149e-02,1.026231739881669144e-02,3.110110476988324144e-02,6.115503429498926613e-02,3.180794806010785875e-02,5.208387873710665361e-02,3.290748206712393320e-02,8.429760720456569087e-03,1.850882245143724639e-02,1.060264935336928567e-02,5.851091680192680063e-03,9.699460704748939788e-03,6.309230849782711086e-03,1.011833080265982579e-02,5.026441174930624221e-03,3.206974187130216293e-03,1.141421016807162708e-02,6.597204042096444995e-03,7.736007120791664471e-03,5.589297868998376745e-03,9.241321535158908765e-03,3.337871092727367952e-03,2.395413372427875748e-03,7.395675166239070245e-03,1.023613801769726085e-02,1.379653384993978667e-02,6.217603015864704881e-03,1.774962039897376789e-02,2.280224095502382184e-02,2.731818419812555646e-02,8.050159694224828105e-03,2.682077595685638041e-02,1.509241321535158969e-02,2.361380176972616499e-02,1.789360699513063355e-02,3.707000366511335743e-02,1.102151945128017167e-02,1.022304832713754642e-02,9.673281323629509196e-03,6.204513325304989585e-03,1.085135347400387369e-02,9.869626682025237768e-03,2.323420074349442227e-02,1.541965547934446776e-02,3.632389130320959336e-02,3.449133462484946927e-02,9.634012251950364175e-03,2.691240379077438488e-02,8.115608147023403718e-02,4.008063249384784255e-02,4.799989528247552290e-02,3.217445939577988356e-02,7.277867951201633448e-03,2.209539766479920453e-02
2.066862139379025201e-02,3.582648306194041732e-02,1.434630085344782389e-02,1.676789360699513023e-02,0.000000000000000000e+00,7.040944552070789453e-02,8.734750510497932274e-02,1.536729671710560831e-02,8.512225770982774498e-02,5.357610346091418174e-02,5.226713440494266949e-02,3.917744384522749840e-02,1.370621498507775260e-01,2.867951201633593336e-02,3.187339651290643783e-02,2.875805015969422340e-02,1.589088433949421494e-02,4.472747264254672839e-02,2.687313471909524160e-02,7.294884548929263246e-02,3.947850672810095107e-02,1.155950573328446557e-01,9.946855856327556367e-02,3.396774700246086437e-02,1.030420440860778108e-01,2.020655531703230423e-01,1.059086863186554234e-01,1.718938164301795912e-01,1.097177862715325442e-01,2.786795120163359368e-02,6.144300748730299744e-02,3.505419131891721746e-02,1.922875543222158159e-02,3.171632022618985081e-02,2.064244201267081968e-02,3.383685009686371314e-02,1.663699670139797901e-02,1.077281533064558365e-02,3.786847478925597921e-02,2.140164406513430165e-02,2.530237185192941995e-02,1.861353997591496875e-02,3.028954395518089829e-02,1.096916068904131049e-02,7.762186501911095063e-03,2.451699041834650913e-02,3.394156762134142857e-02,4.534268809885334123e-02,2.053772448819310079e-02,5.857636525472537797e-02,7.550133514843708482e-02,9.033195455259437900e-02,2.648044400230378445e-02,8.938949683229488463e-02,4.991099010419393356e-02,7.818472171317869535e-02,5.909995287711398287e-02,1.224016964238965333e-01,3.621917377873187099e-02,3.402010576469972208e-02,3.206974187130216120e-02,2.048536572595423960e-02,3.617990470705272771e-02,3.251479135033247952e-02,7.704591863448348454e-02,5.133776637520288955e-02,1.203858840777004002e-01,1.138672181789622539e-01,3.203047279962301791e-02,8.919315147389915432e-02,2.689669616210272896e-01,1.324283993926383685e-01,1.585554217498298391e-01,1.069951306351117903e-01,2.432064505995078230e-02,7.251688570082202856e-02
2.649353369286350235e-02,4.608880046075710529e-02,1.852191214199696428e-02,2.117911932561914248e-02,7.040944552070789453e-02,0.000000000000000000e+00,1.114587151159746603e-01,1.972616367349075764e-02,1.101235666788837053e-01,6.792240431436201431e-02,6.640400020943504344e-02,4.941358186292475752e-02,1.749568040211529341e-01,3.708309335567307186e-02,4.148122938373736968e-02,3.707000366511335743e-02,2.059008325043195850e-02,5.805277763233677307e-02,3.441279648149117576e-02,9.517514005968899515e-02,5.012042515314937829e-02,1.509634012251950264e-01,1.288156447981569641e-01,4.411225718624011555e-02,1.327294622755118003e-01,2.609037122362427574e-01,1.375464684014869876e-01,2.207183622179171578e-01,1.421802188596261451e-01,3.563013770354468701e-02,7.931043510131420560e-02,4.475365202366615724e-02,2.445154196554793352e-02,4.063039949735588324e-02,2.658516152678150682e-02,4.339232420545578034e-02,2.121838839729828924e-02,1.378344415938007224e-02,4.779046023352007816e-02,2.752761924708099772e-02,3.241007382585475716e-02,2.390177496203989629e-02,3.869312529451803678e-02,1.399287920833551524e-02,1.015759987433897081e-02,3.116655322268181705e-02,4.395518089952353546e-02,5.900832504319598187e-02,2.640190585894549441e-02,7.427090423582385914e-02,9.737420807372114406e-02,1.151761872349337662e-01,3.366668411958741169e-02,1.167993088643384525e-01,6.315775695062568473e-02,9.949473794439499252e-02,7.485994031101105006e-02,1.549819362270276057e-01,4.625896643803340674e-02,4.396827059008324989e-02,4.154667783653594182e-02,2.603539452327346959e-02,4.657311901146656691e-02,4.136342216869993288e-02,1.007251688570082182e-01,6.467616105555264172e-02,1.564087124980365340e-01,1.471150322006387900e-01,4.174302319493167213e-02,1.146002408503063036e-01,3.452929472747264250e-01,1.722079690036127653e-01,2.034137912979737117e-01,1.397455364155191504e-01,3.144143672443583393e-02,9.334258338132886412e-02
3.281585423320592526e-02,5.654746321796953051e-02,2.268443373998638504e-02,2.657207183622179239e-02,8.734750510497932274e-02,1.114587151159746603e-01,0.000000000000000000e+00,2.433373475051049672e-02,1.347976333839467911e-01,8.500445049479030124e-02,8.292318969579559607e-02,6.220220953976648287e-02,2.170270694800774947e-01,4.546049531389077802e-02,5.070946122833656228e-02,4.540813655165192031e-02,2.519765432745169759e-02,7.093303314309649943e-02,4.242368710403685711e-02,1.153070841405309244e-01,6.280433530551338128e-02,1.828760668097806075e-01,1.574166186711346282e-01,5.387716634378763442e-02,1.633200691135661686e-01,3.205534321168647671e-01,1.674433216398764357e-01,2.723179224043143498e-01,1.734645792973454059e-01,4.426933347295670257e-02,9.740038745484057292e-02,5.585370961830462416e-02,3.030263364574061619e-02,5.015969422482852852e-02,3.259332949369076610e-02,5.348447562699618074e-02,2.633645740614691880e-02,1.697732865595057497e-02,6.040892193308550207e-02,3.412482328917744445e-02,4.015917063720613606e-02,2.958270066495628098e-02,4.796062621079637961e-02,1.751400596889889430e-02,1.231739881669197297e-02,3.891565003403319595e-02,5.345829624587674495e-02,7.211110529347086739e-02,3.269804701816848846e-02,9.262265040054452891e-02,1.194041572857217626e-01,1.430703178176867818e-01,4.207026545892455366e-02,1.410545054714906488e-01,7.916644850515733300e-02,1.237106654798680594e-01,9.403633698099377047e-02,1.938583171893816515e-01,5.726739619875385878e-02,5.383789727210848419e-02,5.053929525106026777e-02,3.237080475417561387e-02,5.720194774595528664e-02,5.123304885072516718e-02,1.214330593224776100e-01,8.156186187758521222e-02,1.897612440441907855e-01,1.799832451960835522e-01,5.101052411121000801e-02,1.411199539242892209e-01,4.259777998848107150e-01,2.093041520498455377e-01,2.505235876223886327e-01,1.690926226504005370e-01,3.844442117388344876e-02,1.148620346615006060e-01
5.903450442431541247e-03,9.882716372584952197e-03,4.005445311272841542e-03,4.659929839258600270e-03,1.536729671710560831e-02,1.972616367349075764e-02,2.433373475051049672e-02,0.000000000000000000e+00,2.379705743756217740e-02,1.481752971359757108e-02,1.446410806848526069e-02,1.089062254568302045e-02,3.794701293261427272e-02,7.984711241426252493e-03,9.071155557882612519e-03,8.050159694224828105e-03,4.437405099743441973e-03,1.256610293732656099e-02,7.421854547358500837e-03,2.034137912979737048e-02,1.117859573799675349e-02,3.261950887481020189e-02,2.795957903555159815e-02,9.647101942510078604e-03,2.866642232577621893e-02,5.686161579140269068e-02,2.958270066495628098e-02,4.771192209016179159e-02,3.059060683805434749e-02,7.683648358552804154e-03,1.706895648986857944e-02,9.764909157547515400e-03,5.275145295565213110e-03,8.691554531650871537e-03,5.641656631237237929e-03,9.306769987957484377e-03,4.607571077019739086e-03,2.905911304256767521e-03,1.064191842504843243e-02,5.942719514110686267e-03,7.081522592805905743e-03,5.288234986124928406e-03,8.338132886538562882e-03,3.036808209853919180e-03,2.159798942353002588e-03,6.924446306089323926e-03,9.437666893554635603e-03,1.281480705796114901e-02,5.746374155714958562e-03,1.620503691292737858e-02,2.104822242002199126e-02,2.518456463689198316e-02,7.513482381276507041e-03,2.496203989737682746e-02,1.377035446882035781e-02,2.170270694800774738e-02,1.661081732027855015e-02,3.407246452693857980e-02,9.895806063144666626e-03,9.581653489711502991e-03,8.887899890046600110e-03,5.628566940677522633e-03,1.005288234986124844e-02,8.979527723964606314e-03,2.180742447248546975e-02,1.467354311744070369e-02,3.371904288182627635e-02,3.186030682234671646e-02,9.058065867322896356e-03,2.481805330121995834e-02,7.548824545787737039e-02,3.705691397455364300e-02,4.411225718624011555e-02,3.027645426462118386e-02,6.662652494895020608e-03,2.010576469972249689e-02
3.238389444473532830e-02,5.584061992774490973e-02,2.235719147599350698e-02,2.579978009319859600e-02,8.512225770982774498e-02,1.101235666788837053e-01,1.347976333839467911e-01,2.379705743756217740e-02,0.000000000000000000e+00,8.229488454892926186e-02,8.086810827792030587e-02,6.004241059741347725e-02,2.120791664485051631e-01,4.468820357086758510e-02,5.034294989266453746e-02,4.458348604638986273e-02,2.489659144457825185e-02,7.016074140007330651e-02,4.150740876485679853e-02,1.158044923818001004e-01,6.086706110267553482e-02,1.830069637153777795e-01,1.561861877585213887e-01,5.365464160427247525e-02,1.608853866694591461e-01,3.166265249489502165e-01,1.661998010367034817e-01,2.671998533954657584e-01,1.724828525053667683e-01,4.314362008482119232e-02,9.559401015759987075e-02,5.373317974763076876e-02,2.947798314047855861e-02,4.888999424053615261e-02,3.195193465626472440e-02,5.241112100109953514e-02,2.565579349704173034e-02,1.678098329755484466e-02,5.797423948897847956e-02,3.311691711607937794e-02,3.932143044138436405e-02,2.900675428032881142e-02,4.703125818105659967e-02,1.691188020315199589e-02,1.231739881669197297e-02,3.810408921933085280e-02,5.288234986124928233e-02,7.137808262212681776e-02,3.170323053563013638e-02,8.969055971516833037e-02,1.173490758678464863e-01,1.389863343630556580e-01,4.101000052358762249e-02,1.414602858788418238e-01,7.684957327608775424e-02,1.201110005759463834e-01,9.143148855961044652e-02,1.877192523168752236e-01,5.591915807110319631e-02,5.339284779307817280e-02,5.002879731923137036e-02,3.144143672443583393e-02,5.624640033509607784e-02,5.013351484370909272e-02,1.223100685899785323e-01,7.853814335829101267e-02,1.894209120896382104e-01,1.786742761401120538e-01,5.039530865490339517e-02,1.387245405518613417e-01,4.191318917220797080e-01,2.088198334991360761e-01,2.463087072621603091e-01,1.696162102727891419e-01,3.786847478925597921e-02,1.126760563380281716e-01
2.007958531860306803e-02,3.463532122100633492e-02,1.373108539714121105e-02,1.617885753180794972e-02,5.357610346091418174e-02,6.792240431436201431e-02,8.500445049479030124e-02,1.481752971359757108e-02,8.229488454892926186e-02,0.000000000000000000e+00,5.108906225456830152e-02,3.752814283470339018e-02,1.325985653699146560e-01,2.807738625058903495e-02,3.072150374365149872e-02,2.755379862820043005e-02,1.545892455102361451e-02,4.315670977538090675e-02,2.607466359495261635e-02,7.099848159589507157e-02,3.828734488716686868e-02,1.122179171684381388e-01,9.581653489711502991e-02,3.243625320697418601e-02,1.000052358762238830e-01,1.942902769778522554e-01,1.030289543955180964e-01,1.660296350594271941e-01,1.057385203413791358e-01,2.713492853028954405e-02,5.933556730718885647e-02,3.344415938007225253e-02,1.826011833080265837e-02,3.019791612126289382e-02,1.967380491125189645e-02,3.305146866328079885e-02,1.612649876956908854e-02,1.041939368553327326e-02,3.603591811089585512e-02,2.094350489554426889e-02,2.418974815435363107e-02,1.765799256505576342e-02,2.934708623488140739e-02,1.058955966280957124e-02,7.526572071836221470e-03,2.350908424524844262e-02,3.272422639928792426e-02,4.347086234881407385e-02,1.969998429237132878e-02,5.640347662181265792e-02,7.270014136865804444e-02,8.677155872035184625e-02,2.534164092360856671e-02,8.606471543012722547e-02,4.854966228598355665e-02,7.597256400858683201e-02,5.691397455364155533e-02,1.179512016335933777e-01,3.521126760563380448e-02,3.229226661081732036e-02,3.052515838525577188e-02,1.984397088852819444e-02,3.462223153044662050e-02,3.128436043771925384e-02,7.482067123933190678e-02,4.917796743284989086e-02,1.164720666003455640e-01,1.086967904078747632e-01,3.065605529085292311e-02,8.615634326404524035e-02,2.570553432116864934e-01,1.278208283156186120e-01,1.539871197444892537e-01,1.039714121158175769e-01,2.398031310539818980e-02,6.955861563432640116e-02
1.947745955285616962e-02,3.378449133462484849e-02,1.363945756322320485e-02,1.577307712445677815e-02,5.226713440494266949e-02,6.640400020943504344e-02,8.292318969579559607e-02,1.446410806848526069e-02,8.086810827792030587e-02,5.108906225456830152e-02,0.000000000000000000e+00,3.670349232944133261e-02,1.294308602544635978e-01,2.767160584323786685e-02,3.027645426462118386e-02,2.709565945861039729e-02,1.510550290591130412e-02,4.231896957955914168e-02,2.544635844808628561e-02,6.991203727943871848e-02,3.772448819309911355e-02,1.105424367767945948e-01,9.431122048274778735e-02,3.206974187130216120e-02,9.818576888842348027e-02,1.907298811456097087e-01,1.012487564793968231e-01,1.626786742761401061e-01,1.043902822137284664e-01,2.645426462118435559e-02,5.838001989632964767e-02,3.278967485208649640e-02,1.806377297240693153e-02,2.967432849887428545e-02,1.938583171893816515e-02,3.230535630137703479e-02,1.564218021885962692e-02,1.023613801769726085e-02,3.504110162835750303e-02,2.007958531860306803e-02,2.365307084140530827e-02,1.739619875386145750e-02,2.862715325409707218e-02,1.026231739881669144e-02,7.330226713440494632e-03,2.314257290957641780e-02,3.217445939577988356e-02,4.288182627362688987e-02,1.922875543222158159e-02,5.506832818472170987e-02,7.205874653123199580e-02,8.513534740038745940e-02,2.490968113513796628e-02,8.537096183046233300e-02,4.756793549400491899e-02,7.421854547358500143e-02,5.567045395046860828e-02,1.154641604272474975e-01,3.438661710037174690e-02,3.206974187130216120e-02,3.011937797790460378e-02,1.935965233781873282e-02,3.416409236085658774e-02,3.070841405309178429e-02,7.335462589664380750e-02,4.844494476150584122e-02,1.144824336352688599e-01,1.071914759935075068e-01,3.043353055133776741e-02,8.457249070631969734e-02,2.530237185192942273e-01,1.259359128750196233e-01,1.508325043195978821e-01,1.017199853395465703e-01,2.337818733965129139e-02,6.811874967275773074e-02
1.490915754751557729e-02,2.521074401801141548e-02,1.014451018377925465e-02,1.192470809990051756e-02,3.917744384522749840e-02,4.941358186292475752e-02,6.220220953976648287e-02,1.089062254568302045e-02,6.004241059741347725e-02,3.752814283470339018e-02,3.670349232944133261e-02,0.000000000000000000e+00,9.753128436043771721e-02,2.011885439028221478e-02,2.263207497774752733e-02,2.004031624692392127e-02,1.110005759463846345e-02,3.136289858107754042e-02,1.878370595319126674e-02,5.111524163568773038e-02,2.795957903555159815e-02,8.077648044400230487e-02,7.037017644902875124e-02,2.395413372427875748e-02,7.258233415362061458e-02,1.428216136970522077e-01,7.441489083198073173e-02,1.214723283941567672e-01,7.633907534425886376e-02,1.959526676789360641e-02,4.310435101314204903e-02,2.484423268233939067e-02,1.379653384993978667e-02,2.281533064558353974e-02,1.483061940415728551e-02,2.381014712812189182e-02,1.185925964710194194e-02,7.631289596313942970e-03,2.704330069637153611e-02,1.557673176606104957e-02,1.820775956856380065e-02,1.328603591811089620e-02,2.149327189905230612e-02,7.853814335829101267e-03,5.563118487878946153e-03,1.763181318393633110e-02,2.379705743756217740e-02,3.227917692025760593e-02,1.456882559296298306e-02,4.154667783653594182e-02,5.276454264621184553e-02,6.374679302581287565e-02,1.879679564375098116e-02,6.225456830200534059e-02,3.517199853395465425e-02,5.483271375464684322e-02,4.197863762500654572e-02,8.667993088643384525e-02,2.576051102151945271e-02,2.415047908267448432e-02,2.242263992879208259e-02,1.432012147232839330e-02,2.525001308969055877e-02,2.274988219278496412e-02,5.404733232106392893e-02,3.655950573328446696e-02,8.436305565736426648e-02,8.046232787056914471e-02,2.259280590606838057e-02,6.216294046808733265e-02,1.905597151683334212e-01,9.302843080789570396e-02,1.113147285198177877e-01,7.514791350332478137e-02,1.685952144091313817e-02,5.145557359024032634e-02
5.208387873710665361e-02,8.938949683229488463e-02,3.580030368082098846e-02,4.174302319493167213e-02,1.370621498507775260e-01,1.749568040211529341e-01,2.170270694800774947e-01,3.794701293261427272e-02,2.120791664485051631e-01,1.325985653699146560e-01,1.294308602544635978e-01,9.753128436043771721e-02,0.000000000000000000e+00,7.103775066757421486e-02,7.946751138803079262e-02,7.145662076548510433e-02,3.975339022985496795e-02,1.117859573799675349e-01,6.658725587727105932e-02,1.822739410440337160e-01,9.757055343211686049e-02,2.884444211738834696e-01,2.481412639405204401e-01,8.491282266087230024e-02,2.560081679669092836e-01,5.027357453269805099e-01,2.633253049897900655e-01,4.276401905858945307e-01,2.725535368343892095e-01,6.929682182313209871e-02,1.522331012094874092e-01,8.690245562594900441e-02,4.747630766008691799e-02,7.872139902612702855e-02,5.132467668464317512e-02,8.404890308393109244e-02,4.131106340646106823e-02,2.670296874181894362e-02,9.424577202994921521e-02,5.377244881930991205e-02,6.309230849782711259e-02,4.642913241530970125e-02,7.564532174459395741e-02,2.738363265092413207e-02,1.966071522069218203e-02,6.095868893659353582e-02,8.416671029896853617e-02,1.134483480810513645e-01,5.110215194512801595e-02,1.450075920205246283e-01,1.869862296455311879e-01,2.237682601183308140e-01,6.578878475312843754e-02,2.217262683910152243e-01,1.235928582648306157e-01,1.926278862767684119e-01,1.471935703439970766e-01,3.040866013927430722e-01,9.007016074140007655e-02,8.433687627624482375e-02,7.944133200691134988e-02,5.050002617938111754e-02,8.949421435677260006e-02,8.004345777265825523e-02,1.924184512278129811e-01,1.263286035918110839e-01,2.993350437195664848e-01,2.835357872139902535e-01,7.986020210482223936e-02,2.209539766479920453e-01,6.686606628619299331e-01,3.305670453950468879e-01,3.943923765642179946e-01,2.678543379234514799e-01,6.053981883868265329e-02,1.804937431279124427e-01
1.049793182889156504e-02,1.867898842871354437e-02,7.461123619037645857e-03,8.691554531650871537e-03,2.867951201633593336e-02,3.708309335567307186e-02,4.546049531389077802e-02,7.984711241426252493e-03,4.468820357086758510e-02,2.807738625058903495e-02,2.767160584323786685e-02,2.011885439028221478e-02,7.103775066757421486e-02,0.000000000000000000e+00,1.675480391643541581e-02,1.492224723807529171e-02,8.429760720456569087e-03,2.319493167181527898e-02,1.426776271008953385e-02,3.892873972459291038e-02,2.055081417875281521e-02,6.132520027226556064e-02,5.237185192942039186e-02,1.760563380281690224e-02,5.407351170218335779e-02,1.048876904549976424e-01,5.636420755013351463e-02,8.969055971516833037e-02,5.763390753442588360e-02,1.462118435520184251e-02,3.223990784857846265e-02,1.795905544792921263e-02,9.935075134823813381e-03,1.641447196188281984e-02,1.074663594952615306e-02,1.777579978009320022e-02,8.678464841091157109e-03,5.694015393476098245e-03,1.918948636054243831e-02,1.102151945128017167e-02,1.299806272579716142e-02,9.634012251950364175e-03,1.573380805277763139e-02,5.707105084035813541e-03,4.070893764071417155e-03,1.230430912613225854e-02,1.790669668569035144e-02,2.367925022252474060e-02,1.049793182889156504e-02,3.018482643070317939e-02,3.975339022985496795e-02,4.674328498874286836e-02,1.358709880098434540e-02,4.752866642232577571e-02,2.623173988166919643e-02,4.124561495366249608e-02,3.049897900413634302e-02,6.327556416566312847e-02,1.896696162102727914e-02,1.767108225561547785e-02,1.682025236923399142e-02,1.062882873448871626e-02,1.894078223990785029e-02,1.726530184826430628e-02,4.072202733127389118e-02,2.633645740614691880e-02,6.330174354678255733e-02,5.891669720927797393e-02,1.666317608251740787e-02,4.678255406042201164e-02,1.390386931252945157e-01,7.002984449447614834e-02,8.317189381643018409e-02,5.612859312005864104e-02,1.289334520131944078e-02,3.734488716686737431e-02
1.235666788837111972e-02,2.087805644274569328e-02,8.429760720456569087e-03,9.568563799151788563e-03,3.187339651290643783e-02,4.148122938373736968e-02,5.070946122833656228e-02,9.071155557882612519e-03,5.034294989266453746e-02,3.072150374365149872e-02,3.027645426462118386e-02,2.263207497774752733e-02,7.946751138803079262e-02,1.675480391643541581e-02,0.000000000000000000e+00,1.685952144091313817e-02,9.202052463479763744e-03,2.628409864390805761e-02,1.552437300382219013e-02,4.333996544321692262e-02,2.323420074349442227e-02,6.903502801193779626e-02,5.911304256767369730e-02,2.044609665427509285e-02,6.046128069532435978e-02,1.196790407874757795e-01,6.262107963767736540e-02,9.983506989894759542e-02,6.484632703282894317e-02,1.613958846012880297e-02,3.607518718257500534e-02,1.992250903188648448e-02,1.107387821351903286e-02,1.835174616472066630e-02,1.192470809990051756e-02,1.947745955285616962e-02,9.555474108592072399e-03,6.283051468663280494e-03,2.161107911408974291e-02,1.248756479396827095e-02,1.484370909471700167e-02,1.102151945128017167e-02,1.735692968218231422e-02,6.309230849782711086e-03,4.620660767579454382e-03,1.462118435520184251e-02,1.996177810356563123e-02,2.705639038693125401e-02,1.188543902822137253e-02,3.371904288182627635e-02,4.399444997120267875e-02,5.222786533326351927e-02,1.551128331326247396e-02,5.290852924236871119e-02,2.873187077857479454e-02,4.506780459709932435e-02,3.480548719828262944e-02,7.039635583014818010e-02,2.102204303890255893e-02,2.036755851091680281e-02,1.884915440598984235e-02,1.166291428870621510e-02,2.119220901617885691e-02,1.880988533431069559e-02,4.623278705691397789e-02,3.018482643070317939e-02,7.137808262212681776e-02,6.732027854861510896e-02,1.939892140949787958e-02,5.204460966542751033e-02,1.592099062778155882e-01,7.848578459605215496e-02,9.232158751767108318e-02,6.399549714644746368e-02,1.411068642337295204e-02,4.220116236452170488e-02
1.069427718728729187e-02,1.886224409654955678e-02,7.513482381276507041e-03,8.613016388292581496e-03,2.875805015969422340e-02,3.707000366511335743e-02,4.540813655165192031e-02,8.050159694224828105e-03,4.458348604638986273e-02,2.755379862820043005e-02,2.709565945861039729e-02,2.004031624692392127e-02,7.145662076548510433e-02,1.492224723807529171e-02,1.685952144091313817e-02,0.000000000000000000e+00,8.298863814859416127e-03,2.328655950573328345e-02,1.396669982721608465e-02,3.879784281899575915e-02,2.055081417875281521e-02,6.149536624954186209e-02,5.246347976333839286e-02,1.777579978009320022e-02,5.345829624587674495e-02,1.057385203413791358e-01,5.608932404837949776e-02,9.000471228860149053e-02,5.820985391905335316e-02,1.454264621184355247e-02,3.221372846745902685e-02,1.806377297240693153e-02,9.817267919786376584e-03,1.640138227132310542e-02,1.069427718728729187e-02,1.737001937274202865e-02,8.560657626053720312e-03,5.510759725640085836e-03,1.949054924341588405e-02,1.102151945128017167e-02,1.310278025027488379e-02,9.568563799151788563e-03,1.558982145662076574e-02,5.628566940677522633e-03,4.083983454631132451e-03,1.261846169956542217e-02,1.789360699513063355e-02,2.383632650924132068e-02,1.064191842504843243e-02,3.019791612126289382e-02,3.947850672810095107e-02,4.665165715482486042e-02,1.378344415938007224e-02,4.699198910937745638e-02,2.566888318760144477e-02,4.027697785224357285e-02,3.047279962301691070e-02,6.331483323734227175e-02,1.854809152311639314e-02,1.791978637625006587e-02,1.688570082203256703e-02,1.056338028169014065e-02,1.879679564375098116e-02,1.682025236923399142e-02,4.089219330855018569e-02,2.644117493062464117e-02,6.347190952405884490e-02,5.987224462013718274e-02,1.671553484475626905e-02,4.666474684538457485e-02,1.404392900151840429e-01,6.992512696999843291e-02,8.284465155243729562e-02,5.666527043300696037e-02,1.277553798628200399e-02,3.781611602701712149e-02
6.008167966909261880e-03,1.043248337609298942e-02,4.097073145190847747e-03,4.803916435415466792e-03,1.589088433949421494e-02,2.059008325043195850e-02,2.519765432745169759e-02,4.437405099743441973e-03,2.489659144457825185e-02,1.545892455102361451e-02,1.510550290591130412e-02,1.110005759463846345e-02,3.975339022985496795e-02,8.429760720456569087e-03,9.202052463479763744e-03,8.298863814859416127e-03,0.000000000000000000e+00,1.293261427299858581e-02,7.775276192470810359e-03,2.145400282737315936e-02,1.124404419079532910e-02,3.391538824022199972e-02,2.900675428032881142e-02,9.725640085868370380e-03,2.990994292894915904e-02,5.823603330017278201e-02,3.102256662652494792e-02,5.005497670035080615e-02,3.212210063354102585e-02,8.128697837583119881e-03,1.768417194617519228e-02,1.009215142154039520e-02,5.406042201162364336e-03,9.031886486203465764e-03,5.890360751871825951e-03,9.974344206502958401e-03,4.856275197654327108e-03,3.128436043771925384e-03,1.074663594952615306e-02,6.243782396984135473e-03,7.212419498403057835e-03,5.262055605005497814e-03,8.861720508927169518e-03,3.154615424891355543e-03,2.277606157390439385e-03,6.937535996649039222e-03,9.777998848107231564e-03,1.306351117859573877e-02,5.929629823550970971e-03,1.683334205979370585e-02,2.193832137808262098e-02,2.587831823655688951e-02,7.605110215194512378e-03,2.620556050054976757e-02,1.443792868736583010e-02,2.254044714382951939e-02,1.678098329755484466e-02,3.523744698675323334e-02,1.047175244777213445e-02,9.725640085868370380e-03,9.228231844599194336e-03,5.929629823550970971e-03,1.043248337609298942e-02,9.228231844599194336e-03,2.289386878894182978e-02,1.439865961568668508e-02,3.528980574899209105e-02,3.297293051992251228e-02,9.162783391800616989e-03,2.590449761767631837e-02,7.703282894392377012e-02,3.871930467563746564e-02,4.612806953243625552e-02,3.159851301115241401e-02,7.199329807843342539e-03,2.083878737106654652e-02
1.691188020315199589e-02,2.929472747264254620e-02,1.180690088486308249e-02,1.350856065762605362e-02,4.472747264254672839e-02,5.805277763233677307e-02,7.093303314309649943e-02,1.256610293732656099e-02,7.016074140007330651e-02,4.315670977538090675e-02,4.231896957955914168e-02,3.136289858107754042e-02,1.117859573799675349e-01,2.319493167181527898e-02,2.628409864390805761e-02,2.328655950573328345e-02,1.293261427299858581e-02,0.000000000000000000e+00,2.174197601968689414e-02,6.023875595580920755e-02,3.187339651290643783e-02,9.551547201424158418e-02,8.194146290381695841e-02,2.782868212995444693e-02,8.364312267657993127e-02,1.651264464108068430e-01,8.702026284098643427e-02,1.403345724907063274e-01,9.052829991099010931e-02,2.263207497774752733e-02,5.002879731923137036e-02,2.837844913346248416e-02,1.547201424158332894e-02,2.568197287816115920e-02,1.675480391643541581e-02,2.733127388868527088e-02,1.344311220482747801e-02,8.704644222210587701e-03,3.077386250589035990e-02,1.735692968218231422e-02,2.064244201267081968e-02,1.521022043038902476e-02,2.464788732394366036e-02,8.887899890046600110e-03,6.427038064820147882e-03,1.992250903188648448e-02,2.767160584323786685e-02,3.721399026127022308e-02,1.682025236923399142e-02,4.734541075448976677e-02,6.171789098905702126e-02,7.334153620608409307e-02,2.162416880464945734e-02,7.360333001727839553e-02,4.019843970888527934e-02,6.296141159222995443e-02,4.768574270904235579e-02,9.919367506152154679e-02,2.930781716320226063e-02,2.795957903555159815e-02,2.620556050054976757e-02,1.662390701083826458e-02,2.942562437823969743e-02,2.612702235719147753e-02,6.369443426357400406e-02,4.112780773862505929e-02,9.898424001256610205e-02,9.338185245300800741e-02,2.616629142887062082e-02,7.270014136865804444e-02,2.194224828525053739e-01,1.089978532907482089e-01,1.292345148960678536e-01,8.866956385151054942e-02,1.988323996020734119e-02,5.909995287711398287e-02
1.011833080265982579e-02,1.742237813498088983e-02,6.872087543850463609e-03,8.141787528142834310e-03,2.687313471909524160e-02,3.441279648149117576e-02,4.242368710403685711e-02,7.421854547358500837e-03,4.150740876485679853e-02,2.607466359495261635e-02,2.544635844808628561e-02,1.878370595319126674e-02,6.658725587727105932e-02,1.426776271008953385e-02,1.552437300382219013e-02,1.396669982721608465e-02,7.775276192470810359e-03,2.174197601968689414e-02,0.000000000000000000e+00,3.578721399026126709e-02,1.924184512278129602e-02,5.675689826692496831e-02,4.870673857270014367e-02,1.641447196188281984e-02,5.018587360594795738e-02,9.796324414890832111e-02,5.191371275983035910e-02,8.353840515210220197e-02,5.356301377035446731e-02,1.365254725378292101e-02,3.013246766846431821e-02,1.655845855803968897e-02,9.123514320121471968e-03,1.524948950206817151e-02,9.764909157547515400e-03,1.650609979580082778e-02,8.050159694224828105e-03,5.131158699408345722e-03,1.788051730457091912e-02,1.041939368553327326e-02,1.221268129221425233e-02,8.874810199486883946e-03,1.463427404576155867e-02,5.209696842766636631e-03,3.822189643436829133e-03,1.181999057542279692e-02,1.649301010524111336e-02,2.209539766479920453e-02,9.895806063144666626e-03,2.816901408450704289e-02,3.665113356720246796e-02,4.358866956385151065e-02,1.273626891460285897e-02,4.370647677888894744e-02,2.420283784491334550e-02,3.769830881197968470e-02,2.833918006178334087e-02,5.934865699774857090e-02,1.757945442169746991e-02,1.636211319964396213e-02,1.540656578878475333e-02,9.948164825383527810e-03,1.743546782554060426e-02,1.568144929053877021e-02,3.793392324205455829e-02,2.468715639562280711e-02,5.875962092256139385e-02,5.518613539975914667e-02,1.544583486046389835e-02,4.335305513377663705e-02,1.299675375674119171e-01,6.482014765170951431e-02,7.737316089847635914e-02,5.268600450285355202e-02,1.209487407717681554e-02,3.513272946227551097e-02
2.735745326980470321e-02,4.818315095031153183e-02,1.924184512278129602e-02,2.208230797423949010e-02,7.294884548929263246e-02,9.517514005968899515e-02,1.153070841405309244e-01,2.034137912979737048e-02,1.158044923818001004e-01,7.099848159589507157e-02,6.991203727943871848e-02,5.111524163568773038e-02,1.822739410440337160e-01,3.892873972459291038e-02,4.333996544321692262e-02,3.879784281899575915e-02,2.145400282737315936e-02,6.023875595580920755e-02,3.578721399026126709e-02,0.000000000000000000e+00,5.209696842766636804e-02,1.593277134928530181e-01,1.348499921461856765e-01,4.590554479292109635e-02,1.383842085973087666e-01,2.711005811822608247e-01,1.449028744960469128e-01,2.304570919943452478e-01,1.502696476255301339e-01,3.735797685742708873e-02,8.306717629195245478e-02,4.538195717053249145e-02,2.526310278025027320e-02,4.180847164773024427e-02,2.733127388868527088e-02,4.494999738206188755e-02,2.195141106864233888e-02,1.452955652128383630e-02,4.857584166710299245e-02,2.797266872611131605e-02,3.333944185559453710e-02,2.425519660715220668e-02,4.023770878056442957e-02,1.413686580449238263e-02,1.051102151945127947e-02,3.252788104089219395e-02,4.599717262683910429e-02,6.135137965338499644e-02,2.674223781349809037e-02,7.694120111000575524e-02,1.015236399811508400e-01,1.186318655426985696e-01,3.493638410387978760e-02,1.225718624011728347e-01,6.619456516047961259e-02,1.037750667574218605e-01,7.797528666422326449e-02,1.606890413110634019e-01,4.824859940311011092e-02,4.584009634012251727e-02,4.330069637153777934e-02,2.696476255301324607e-02,4.866746950102099345e-02,4.383737368448609867e-02,1.063144667260065984e-01,6.742499607309283827e-02,1.647599350751348113e-01,1.533326352165034767e-01,4.319597884706005697e-02,1.195612335724383496e-01,3.590502120529870944e-01,1.807424472485470446e-01,2.127729200481700556e-01,1.466438033404890429e-01,3.323472433111681473e-02,9.677208230797423871e-02
1.504005445311272851e-02,2.532855123304885228e-02,1.044557306665270385e-02,1.185925964710194194e-02,3.947850672810095107e-02,5.012042515314937829e-02,6.280433530551338128e-02,1.117859573799675349e-02,6.086706110267553482e-02,3.828734488716686868e-02,3.772448819309911355e-02,2.795957903555159815e-02,9.757055343211686049e-02,2.055081417875281521e-02,2.323420074349442227e-02,2.055081417875281521e-02,1.124404419079532910e-02,3.187339651290643783e-02,1.924184512278129602e-02,5.209696842766636804e-02,0.000000000000000000e+00,8.347295669930362982e-02,7.170532488611969235e-02,2.483114299177967277e-02,7.417927640190585814e-02,1.457275250013089773e-01,7.595947431802711758e-02,1.221006335410230875e-01,7.865595057332844253e-02,1.980470181684905115e-02,4.416461594847898020e-02,2.494895020681710957e-02,1.361327818210377426e-02,2.238337085711293931e-02,1.454264621184355247e-02,2.384941619980103511e-02,1.172836274150479072e-02,7.552751452955652062e-03,2.713492853028954405e-02,1.527566888318760210e-02,1.815540080632493947e-02,1.362636787266349042e-02,2.113985025393999573e-02,7.709827739672233879e-03,5.510759725640085836e-03,1.816849049688465390e-02,2.415047908267448432e-02,3.282894392376563969e-02,1.462118435520184251e-02,4.141578093093879059e-02,5.381171789098905534e-02,6.467616105555264172e-02,1.941201110005759400e-02,6.372061364469343292e-02,3.557777894130582930e-02,5.622022095397664898e-02,4.327451699041834354e-02,8.774019582177076948e-02,2.547253782920571794e-02,2.468715639562280711e-02,2.261898528718780943e-02,1.446410806848526069e-02,2.578669040263888157e-02,2.305094507565840986e-02,5.521231478087858247e-02,3.818262736268914631e-02,8.602544635844808218e-02,8.139169590030891077e-02,2.375778836588303064e-02,6.378606209749201894e-02,1.946698780040839738e-01,9.419341326771035749e-02,1.131603748887376332e-01,7.704591863448348454e-02,1.721294308602544509e-02,5.153411173359861985e-02
