0.000000000000000000e+00,1.884055969169993322e-02,1.193419616834951770e-02,7.555561694545354090e-03,2.861997044076412117e-02,3.548489578297443076e-02,3.668660303603740735e-02,7.099741702004227009e-03,4.737765377018384599e-02,2.747351409588795132e-02,3.168639584513170682e-02,2.483528322996809284e-02,5.859358813210491929e-02,1.797035788775777979e-02,1.168556708150890293e-02,1.388179068193433514e-02,1.163031617332209965e-02,2.153404146580659498e-02,1.664433609127450100e-02,3.652085031147699751e-02,1.560838156277193772e-02,5.741950633313534780e-02,4.715665013743663286e-02,2.491815959224829777e-02,4.595494288437366320e-02,1.015787947014379078e-01,5.648024089395969199e-02,7.505835877177230442e-02,5.866265176733842512e-02,1.461386521540947864e-02,3.849607027915521312e-02,1.705871790267552562e-02,1.239001616089064478e-02,1.886818514579333486e-02,9.972788927717999435e-03,1.541500338411812623e-02,6.381479895575783469e-03,5.041645372045803000e-03,1.792891970661767906e-02,9.931350746577896973e-03,1.446192521789576961e-02,1.138168708648148487e-02,1.448955067198917125e-02,5.317899912979819413e-03,4.185256295150351254e-03,9.958976200671298615e-03,1.755597607635675517e-02,2.201748691244112197e-02,9.074961669682446094e-03,2.893766316283823831e-02,3.870326118485572370e-02,4.207356658425073087e-02,1.312209069436578827e-02,5.171485006284790714e-02,2.685194137878641266e-02,4.131386659668218053e-02,3.095432131165656159e-02,5.735044269790184890e-02,1.997320330952940051e-02,1.950357058994157261e-02,1.620232882578007474e-02,1.237620343384394396e-02,1.868861969418622246e-02,2.234899236156194166e-02,3.638272304100998583e-02,2.181029600674061139e-02,6.612152437255687520e-02,6.385623713689793368e-02,1.808085970413138635e-02,4.366203019462132351e-02,1.237482216113927336e-01,6.465737530560658475e-02,7.900879870712874953e-02,5.059601917206513894e-02,1.326021796483279648e-02,4.277801566363247099e-02
1.884055969169993322e-02,0.000000000000000000e+00,1.932400513833446021e-02,1.211376161995662837e-02,4.395209746260204248e-02,5.638355180463278798e-02,5.723994088152824233e-02,1.110543254554746673e-02,7.514123513405251975e-02,4.230838294404463962e-02,4.833073193640620435e-02,3.725292484495213580e-02,9.159219304667320927e-02,2.790170863433567849e-02,1.745928698702984769e-02,2.193461055016091704e-02,1.841236515325220605e-02,3.421412489467795526e-02,2.613367957235796998e-02,5.743331906018205035e-02,2.316394325731729181e-02,8.982416398469550423e-02,7.199193336740472571e-02,3.813693937594099526e-02,7.182618064284432280e-02,1.548544829205630025e-01,8.780750583587718094e-02,1.164689144577814028e-01,9.164744395486000561e-02,2.232136690746854002e-02,6.038924264817602944e-02,2.624418138873157655e-02,1.976601240382888647e-02,2.884097407351133430e-02,1.534593974888462213e-02,2.368882688509192300e-02,1.017997983341851174e-02,7.804190781385968861e-03,2.696244319516001922e-02,1.558075610867853608e-02,2.240424326974874494e-02,1.739022335179634532e-02,2.240424326974874494e-02,8.218572592786993480e-03,6.464356257855988393e-03,1.415804522286835156e-02,2.774976863682196773e-02,3.493238670110639793e-02,1.356409795986021453e-02,4.454604472561017603e-02,6.067930991615674841e-02,6.460212439741978840e-02,2.060858875367763826e-02,8.074920231501304946e-02,4.078898296890755282e-02,6.410486622373855192e-02,4.649363923919499347e-02,8.806994764976448786e-02,3.065044131662914353e-02,2.980786496678039174e-02,2.553973230934983643e-02,1.907537605149384544e-02,2.936585770128596548e-02,3.541583214774093186e-02,5.735044269790184890e-02,3.274997582772767174e-02,1.051010400983466153e-01,9.898200201665814657e-02,2.751495227702805205e-02,6.812436979432849593e-02,1.889028550906805548e-01,9.931350746577896627e-02,1.229194579885906913e-01,7.968562233241709147e-02,2.052571239139743334e-02,6.699172617649902517e-02
1.193419616834951770e-02,1.932400513833446021e-02,0.000000000000000000e+00,7.762752600245866400e-03,2.860615771371741861e-02,3.676947939831760881e-02,3.701810848515822705e-02,7.168805337237731112e-03,4.873130102076052989e-02,2.745970136884124876e-02,3.146539221238449369e-02,2.411702142353965017e-02,5.956047902537398020e-02,1.819136152050499292e-02,1.125737254306117575e-02,1.430998522038206058e-02,1.198944707653632098e-02,2.234899236156194166e-02,1.708634335676892727e-02,3.728055029904554091e-02,1.497299611862369997e-02,5.871790267552522841e-02,4.685277014240921828e-02,2.466953050540768300e-02,4.718427559153003797e-02,1.011367874359434815e-01,5.668743179966020951e-02,7.608050057322816861e-02,5.957429175242068276e-02,1.460005248836277782e-02,3.924195753967706091e-02,1.683771426992831249e-02,1.270770888296476366e-02,1.863336878599941918e-02,1.000041438181140108e-02,1.538737793002472459e-02,6.547232620136193317e-03,5.027832644999102180e-03,1.732115971656283948e-02,1.008329074409160600e-02,1.447573794494247043e-02,1.125737254306117575e-02,1.451717612608257289e-02,5.331712640026520234e-03,4.281945384477256998e-03,9.019710761495642812e-03,1.806704697708468726e-02,2.243186872384214658e-02,8.784894401701727126e-03,2.892385043579153922e-02,3.939389753719076820e-02,4.204594113015732576e-02,1.348122159758000961e-02,5.255742641269665893e-02,2.671381410831940445e-02,4.171443568103650607e-02,3.016699586999461308e-02,5.755763360360235947e-02,1.986270149315579395e-02,1.911681423263394963e-02,1.653383427490089444e-02,1.236239070679724314e-02,1.911681423263394963e-02,2.286006326228987376e-02,3.723911211790544018e-02,2.124397419782587601e-02,6.845587524344931563e-02,6.407724076964514681e-02,1.791510697957097650e-02,4.424216473058276144e-02,1.226570161747033705e-01,6.447780985399947928e-02,8.052819868226583633e-02,5.188060278740831699e-02,1.349503432462671043e-02,4.351009019710761622e-02
7.555561694545354090e-03,1.211376161995662837e-02,7.762752600245866400e-03,0.000000000000000000e+00,1.824661242869179620e-02,2.292912689752337960e-02,2.361976324985842063e-02,4.544387198364573457e-03,3.051231404616213533e-02,1.743166153293644605e-02,2.024945785046341692e-02,1.553931792753843362e-02,3.786068483500697884e-02,1.145075072171498898e-02,7.224056245424534395e-03,8.812519855795128768e-03,7.293119880658038498e-03,1.403373067944804417e-02,1.052529800958603226e-02,2.302581598685028361e-02,9.475530754036769893e-03,3.629984667872978438e-02,2.921391770377225472e-02,1.555313065458513444e-02,2.947635951765957205e-02,6.335897896321671108e-02,3.556777214525463915e-02,4.795778830614528393e-02,3.711479757448513106e-02,9.019710761495642812e-03,2.444852687266046987e-02,1.129881072420127822e-02,8.329074409160600045e-03,1.193419616834951770e-02,6.505794438996090855e-03,9.862287111344392870e-03,4.254319930383855357e-03,3.273616310068096658e-03,1.154743981104189472e-02,6.616296255369697420e-03,9.295965302429659224e-03,7.375996242938243422e-03,9.213088940149454301e-03,3.508432669862011043e-03,2.638230865919858475e-03,5.525090818680331722e-03,1.124355981601447493e-02,1.392322886307443761e-02,5.704656270287443258e-03,1.857811787781261589e-02,2.454521596198737388e-02,2.683812865173971357e-02,8.508639860767710714e-03,3.317817036617539544e-02,1.696202881334861814e-02,2.653424865671229552e-02,1.936544331947456440e-02,3.643797394919678911e-02,1.247289252317084970e-02,1.237620343384394396e-02,1.048385982844592980e-02,7.997568960039780350e-03,1.197563434948962016e-02,1.443429976380236797e-02,2.316394325731729181e-02,1.337071978120640305e-02,4.250176112269845458e-02,4.016741025180601415e-02,1.136787435943478405e-02,2.781883227205547357e-02,7.719933146401093682e-02,4.041603933864663240e-02,5.069270826139204988e-02,3.207315220243932979e-02,8.439576225534206610e-03,2.761164136635495953e-02
2.861997044076412117e-02,4.395209746260204248e-02,2.860615771371741861e-02,1.824661242869179620e-02,0.000000000000000000e+00,8.381562771938064205e-02,8.610854040913297480e-02,1.667196154536790265e-02,1.114687072668757023e-01,6.450543530809287052e-02,7.380140061052253841e-02,5.667361907261350695e-02,1.382377722833819100e-01,4.222550658176443816e-02,2.631324502396508239e-02,3.263947401135405824e-02,2.716963410086053327e-02,5.116234098097987432e-02,3.886901390941613355e-02,8.475489315855629091e-02,3.526389215022721763e-02,1.334723814522701113e-01,1.076149564208461612e-01,5.677030816194041096e-02,1.077392709642664703e-01,2.326201361934886747e-01,1.308065251322568512e-01,1.759188916667817626e-01,1.363178032238905046e-01,3.374449217509013083e-02,8.957553489785488599e-02,4.002928298133900248e-02,2.979405223973368919e-02,4.316477202094009397e-02,2.320538143845739601e-02,3.639653576805668839e-02,1.534593974888462213e-02,1.180988162492921031e-02,4.156249568352279877e-02,2.374407779327872628e-02,3.370305399395002316e-02,2.646518502147878968e-02,3.422793762172465781e-02,1.263864524773125955e-02,9.627470751550478920e-03,2.117491056259237364e-02,4.128624114258878236e-02,5.134190643258698672e-02,2.074671602414464647e-02,6.788955343453458025e-02,8.989322761992900312e-02,9.809798748566929405e-02,3.100957221984336487e-02,1.209027998397723680e-01,6.247496443222785162e-02,9.713109659240024008e-02,7.037584430294073490e-02,1.339834523529980503e-01,4.652126469328839858e-02,4.482229926654419244e-02,3.820600301117449416e-02,2.929679406605245964e-02,4.384159564622843591e-02,5.247455005041645054e-02,8.521071315109741973e-02,4.931143555672196088e-02,1.562495683522797940e-01,1.473265466801110535e-01,4.110667569098166996e-02,1.019931765128389289e-01,2.829951517328065935e-01,1.492050775584623790e-01,1.858226169592662735e-01,1.181816926115722977e-01,3.116151221735707216e-02,1.005704656270287461e-01
3.548489578297443076e-02,5.638355180463278798e-02,3.676947939831760881e-02,2.292912689752337960e-02,8.381562771938064205e-02,0.000000000000000000e+00,1.091481691230299644e-01,2.116109783554567109e-02,1.437214249209221306e-01,8.073538958796634690e-02,9.179938395237371984e-02,7.037584430294073490e-02,1.752420680414934206e-01,5.346906639777891657e-02,3.301241764161498560e-02,4.207356658425073087e-02,3.512576487976021289e-02,6.559664074478224749e-02,5.019545008771081340e-02,1.092310454853101659e-01,4.397972291669544065e-02,1.721618299100791394e-01,1.369393759409920364e-01,7.237868972471235562e-02,1.385278395513626359e-01,2.973327624072820696e-01,1.665262372750252184e-01,2.236004254319930440e-01,1.753663825849137436e-01,4.270895202839896515e-02,1.154329599292788361e-01,4.990538281973010137e-02,3.708717212039172595e-02,5.451883365332817893e-02,2.914485406853875235e-02,4.538862107545892782e-02,1.931019241128776112e-02,1.479343066701658931e-02,5.120377916211997504e-02,2.964211224221998189e-02,4.222550658176443816e-02,3.277760128182106991e-02,4.297139384228628595e-02,1.571888337914554429e-02,1.247289252317084970e-02,2.686575410583311521e-02,5.304087185933118592e-02,6.620440073483707666e-02,2.574692321505034701e-02,8.508639860767711061e-02,1.164136635495945926e-01,1.234443416163653190e-01,3.925577026672375652e-02,1.546196665607690868e-01,7.842866417116731159e-02,1.222702598173957544e-01,8.794563310634417874e-02,1.685981463320303242e-01,5.893890630827244154e-02,5.642498998577288871e-02,4.866223738552702405e-02,3.629984667872978438e-02,5.630067544235258653e-02,6.730941889857314231e-02,1.095073000262441754e-01,6.250258988632124979e-02,2.012238076163376799e-01,1.884055969169993183e-01,5.248836277746315310e-02,1.302125778692487246e-01,3.604292995566114599e-01,1.893863005373150887e-01,2.356451234167161735e-01,1.526858847742309788e-01,3.922814481263035835e-02,1.275605342762821670e-01
3.668660303603740735e-02,5.723994088152824233e-02,3.701810848515822705e-02,2.361976324985842063e-02,8.610854040913297480e-02,1.091481691230299644e-01,0.000000000000000000e+00,2.150641601171319334e-02,1.449645703551252218e-01,8.293161318839178953e-02,9.493487299197481133e-02,7.280688426316007933e-02,1.790405679793361515e-01,5.496084091882260519e-02,3.384118126441703484e-02,4.232219567109134217e-02,3.562302305344144243e-02,6.620440073483707666e-02,5.041645372045803347e-02,1.101703109244858148e-01,4.502949017224470302e-02,1.736950426122629287e-01,1.391908504496042753e-01,7.366327334005552674e-02,1.397295468044255917e-01,3.013798914319654187e-01,1.694269099548323942e-01,2.279238089976103887e-01,1.774244789148721746e-01,4.363440474052792534e-02,1.163584126414077963e-01,5.179772642512811553e-02,3.828887937345470255e-02,5.585866817685816027e-02,2.991836678315399831e-02,4.679751923422241500e-02,1.979363785792228811e-02,1.519399975137091310e-02,5.384201002803983699e-02,3.055375222730223606e-02,4.335815019959390892e-02,3.391024489965054067e-02,4.436647927400306363e-02,1.634045609624708295e-02,1.258339433954445627e-02,2.759782863930825697e-02,5.359338094119921875e-02,6.710222799287263173e-02,2.667237592717930372e-02,8.757268947608326526e-02,1.164689144577814028e-01,1.266074561100598017e-01,3.994640661905880102e-02,1.564567592579803046e-01,8.095639322071356003e-02,1.253781234029034408e-01,9.068055306159095164e-02,1.730182189869745868e-01,6.034780446703592871e-02,5.794438996090998245e-02,4.950481373537577584e-02,3.744630302360595075e-02,5.671505725375360768e-02,6.816580797546860360e-02,1.100874345622056133e-01,6.374573532052432712e-02,2.026741439562412816e-01,1.909885768747323909e-01,5.335856458140531000e-02,1.321601723828335351e-01,3.676119176208959005e-01,1.924112877605425598e-01,2.402861997044076492e-01,1.530035774963050821e-01,4.009834661657250832e-02,1.297843833308010009e-01
7.099741702004227009e-03,1.110543254554746673e-02,7.168805337237731112e-03,4.544387198364573457e-03,1.667196154536790265e-02,2.116109783554567109e-02,2.150641601171319334e-02,0.000000000000000000e+00,2.808127408594278743e-02,1.578794701437905013e-02,1.823279970164509711e-02,1.411660704172824909e-02,3.429700125695816365e-02,1.051148528253933144e-02,6.699172617649902343e-03,8.149508957553489377e-03,6.685359890603201523e-03,1.285964888047847268e-02,9.751785294970786305e-03,2.132685056010608093e-02,8.909208945122036247e-03,3.353730126938961331e-02,2.710057046562702743e-02,1.428235976628865894e-02,2.721107228200063399e-02,5.881459176485213242e-02,3.270853764658756407e-02,4.406259927897564904e-02,3.407599762421095052e-02,8.398138044394104149e-03,2.262524690249595807e-02,9.876099838391093691e-03,7.431247151125046704e-03,1.076011436937994621e-02,5.759907178474246540e-03,9.047336215589044453e-03,3.867563573076232379e-03,2.900672679807174501e-03,1.026285619569871667e-02,5.898034448941254747e-03,8.508639860767710714e-03,6.630108982416398240e-03,8.398138044394104149e-03,3.190739947787891734e-03,2.444852687266046987e-03,5.179772642512811207e-03,1.035954528502562241e-02,1.287346160752517350e-02,5.262649004793016130e-03,1.690677790516181486e-02,2.277718690000966884e-02,2.450377778084727315e-02,7.679876237965661476e-03,3.040181222978852876e-02,1.541500338411812623e-02,2.408939596944624853e-02,1.751453789521665097e-02,3.345442490710941186e-02,1.147837617580839062e-02,1.110543254554746673e-02,9.544594389270273996e-03,7.127367156097628650e-03,1.106399436440736427e-02,1.314971614845918992e-02,2.116109783554567109e-02,1.222426343633023493e-02,3.907620481511665106e-02,3.703192121220492267e-02,1.023523074160531503e-02,2.558117049048993716e-02,7.051397157340773270e-02,3.717004848267193434e-02,4.649363923919499347e-02,2.978023951268699010e-02,7.721314419105763938e-03,2.513916322499551090e-02
4.737765377018384599e-02,7.514123513405251975e-02,4.873130102076052989e-02,3.051231404616213533e-02,1.114687072668757023e-01,1.437214249209221306e-01,1.449645703551252218e-01,2.808127408594278743e-02,0.000000000000000000e+00,1.066204400734837021e-01,1.219111289141815296e-01,9.367791483072503145e-02,2.324405707418815692e-01,7.088691520366866006e-02,4.403497382488224393e-02,5.599679544732516501e-02,4.632788651463458363e-02,8.742074947856955103e-02,6.627346437007058944e-02,1.449645703551252218e-01,5.871790267552522841e-02,2.288354489826926463e-01,1.819688661132367324e-01,9.652333660234539703e-02,1.839993369891017583e-01,3.950025553545036261e-01,2.209898200201665941e-01,2.961724933353592215e-01,2.327168252828155925e-01,5.671505725375360768e-02,1.531969556749589179e-01,6.602483528322997119e-02,4.921474646739505687e-02,7.250300426813265087e-02,3.871707391190242625e-02,6.049974446454963600e-02,2.569167230686354372e-02,1.979363785792228811e-02,6.811055706728179338e-02,3.965633935107808206e-02,5.649405362100639455e-02,4.393828473555533992e-02,5.672886998080031024e-02,2.069146511595784318e-02,1.669958699946130429e-02,3.570589941572164389e-02,6.986477340221279586e-02,8.790419492520408495e-02,3.410362307830434869e-02,1.132229236018067048e-01,1.542190974764147682e-01,1.639846954984322536e-01,5.208779369310882756e-02,2.057405693606088604e-01,1.037612055748166340e-01,1.623133555257814664e-01,1.172838653535367426e-01,2.249126345014296202e-01,7.808334599499978934e-02,7.475447877674488983e-02,6.439493349171926395e-02,4.777822285453817153e-02,7.424340787601696467e-02,8.911971490531375717e-02,1.449645703551252218e-01,8.248960592289736327e-02,2.665165683660924989e-01,2.500656104534718094e-01,7.011340248905341410e-02,1.722170808182659496e-01,4.778236667265218229e-01,2.519579540588698374e-01,3.136317803223890310e-01,2.025360166857742839e-01,5.193585369559512027e-02,1.694683481359724742e-01
2.747351409588795132e-02,4.230838294404463962e-02,2.745970136884124876e-02,1.743166153293644605e-02,6.450543530809287052e-02,8.073538958796634690e-02,8.293161318839178953e-02,1.578794701437905013e-02,1.066204400734837021e-01,0.000000000000000000e+00,7.090072793071536261e-02,5.398013729850684173e-02,1.325331160130944763e-01,4.136911750486898381e-02,2.529110322250922166e-02,3.178308493445861083e-02,2.642374684033868895e-02,4.951862646242247840e-02,3.755680483997955732e-02,8.254485683108415961e-02,3.360636490462311915e-02,1.299086978742212961e-01,1.036921419395831351e-01,5.462933546970178550e-02,1.043137146566846668e-01,2.241253090597676578e-01,1.260549470281917828e-01,1.694683481359724742e-01,1.318977305689462143e-01,3.263947401135405824e-02,8.623285495255328392e-02,3.714242302857852923e-02,2.798458499661588342e-02,4.100998660165476595e-02,2.156166691989999662e-02,3.516720306090031362e-02,1.468292885064298274e-02,1.128499799715457740e-02,3.921433208558365580e-02,2.261143417544925899e-02,3.194883765901902067e-02,2.498722322748180014e-02,3.327485945550229945e-02,1.215519980109673083e-02,9.351216210616462507e-03,2.085721784051825303e-02,3.984971752973189701e-02,4.931143555672196088e-02,1.983507603906239231e-02,6.519607166042791502e-02,8.572178405182535876e-02,9.435473845601337339e-02,2.937967042833266457e-02,1.148390126662706956e-01,6.074837355139025424e-02,9.327734574637071285e-02,6.729560617152643975e-02,1.284169233531776144e-01,4.520905562385181542e-02,4.251557384974515713e-02,3.689379394173791793e-02,2.823321408345649819e-02,4.232219567109134217e-02,5.081702280481235207e-02,8.178515684351561621e-02,4.765390831111786241e-02,1.504896611738055501e-01,1.416495158639170249e-01,3.936627208309736309e-02,9.822230202908960317e-02,2.722488500904733377e-01,1.429340994792601960e-01,1.798140806939514114e-01,1.139135599541417493e-01,3.030512314046162128e-02,9.650952387529869447e-02
3.168639584513170682e-02,4.833073193640620435e-02,3.146539221238449369e-02,2.024945785046341692e-02,7.380140061052253841e-02,9.179938395237371984e-02,9.493487299197481133e-02,1.823279970164509711e-02,1.219111289141815296e-01,7.090072793071536261e-02,0.000000000000000000e+00,6.243352625108775089e-02,1.512907993425141873e-01,4.686658286945591390e-02,2.917247952263215399e-02,3.591309032142216140e-02,2.978023951268699010e-02,5.621779908007237814e-02,4.280564111772586916e-02,9.366410210367832889e-02,3.900714117988314522e-02,1.475337375858115641e-01,1.184717598795530236e-01,6.244733897813445345e-02,1.190795198696078527e-01,2.572206030636628449e-01,1.436385485586419430e-01,1.943174440929872904e-01,1.503791593574319296e-01,3.707335939334503033e-02,9.866430929458402943e-02,4.363440474052792534e-02,3.265328673840076079e-02,4.769534649225796313e-02,2.542923049297622987e-02,4.033316297636642400e-02,1.697584154039532070e-02,1.298396342389878007e-02,4.494661380996450156e-02,2.617511775349807418e-02,3.704573393925162522e-02,2.893766316283823831e-02,3.772255756453996717e-02,1.385416522784093350e-02,1.071867618823984375e-02,2.352307416053151315e-02,4.543005925659902855e-02,5.639736453167949054e-02,2.297056507866348032e-02,7.480972968493170006e-02,9.894056383551805278e-02,1.079740873240603860e-01,3.378593035623023155e-02,1.331132505490559004e-01,6.887025705485033678e-02,1.064132491677831915e-01,7.768277691064547075e-02,1.469950412309902477e-01,5.125903007030677833e-02,4.917330828625495615e-02,4.207356658425073087e-02,3.225271765404643526e-02,4.834454466345290691e-02,5.783388814453637589e-02,9.394035664461235224e-02,5.413207729602055596e-02,1.720513280937055467e-01,1.625896100667154620e-01,4.541624652955233293e-02,1.120074036216970326e-01,3.113664930867300895e-01,1.644957663991601926e-01,2.049394311919002232e-01,1.305440833183695581e-01,3.442131580037846583e-02,1.105985054629335523e-01
2.483528322996809284e-02,3.725292484495213580e-02,2.411702142353965017e-02,1.553931792753843362e-02,5.667361907261350695e-02,7.037584430294073490e-02,7.280688426316007933e-02,1.411660704172824909e-02,9.367791483072503145e-02,5.398013729850684173e-02,6.243352625108775089e-02,0.000000000000000000e+00,1.160959708275204755e-01,3.589927759437545884e-02,2.248711963202894987e-02,2.751495227702805205e-02,2.291531417047667704e-02,4.283326657181927427e-02,3.288810309819467648e-02,7.228200063538543774e-02,2.994599223724739995e-02,1.138168708648148453e-01,9.167506940895341072e-02,4.837217011754630508e-02,9.131593850573918592e-02,1.983645731176706117e-01,1.106537563711203487e-01,1.489702611986684633e-01,1.151428926612981241e-01,2.850946862439051460e-02,7.605287511913477738e-02,3.357873945052972098e-02,2.515297595204220998e-02,3.705954666629832778e-02,1.951738331698827170e-02,3.056756495434893861e-02,1.292871251571197679e-02,9.903725292484495332e-03,3.489094851996629720e-02,2.004226694476290288e-02,2.874428498418442682e-02,2.227992872632843929e-02,2.885478680055803338e-02,1.069105073414644211e-02,8.232385319833694301e-03,1.875768332941972830e-02,3.493238670110639793e-02,4.377253201099493007e-02,1.769410334682376337e-02,5.729519178971504562e-02,7.574899512410734892e-02,8.316642954818570521e-02,2.602317775598436342e-02,1.013716037957373972e-01,5.305468458637788848e-02,8.186803320579581766e-02,5.998867356382170390e-02,1.130295454231528968e-01,3.921433208558365580e-02,3.809550119480088759e-02,3.225271765404643526e-02,2.444852687266046987e-02,3.705954666629832778e-02,4.450460654447007530e-02,7.197812064035802315e-02,4.221169385471773561e-02,1.314419105764051132e-01,1.252538088594831178e-01,3.507051397157340961e-02,8.608091495503956969e-02,2.406315178805751576e-01,1.258615688495379747e-01,1.576860919651366655e-01,9.983839109355359398e-02,2.625799411577827910e-02,8.518308769700401462e-02
5.859358813210491929e-02,9.159219304667320927e-02,5.956047902537398020e-02,3.786068483500697884e-02,1.382377722833819100e-01,1.752420680414934206e-01,1.790405679793361515e-01,3.429700125695816365e-02,2.324405707418815692e-01,1.325331160130944763e-01,1.512907993425141873e-01,1.160959708275204755e-01,0.000000000000000000e+00,8.795944583339088130e-02,5.402157547964694939e-02,6.813818252137519849e-02,5.739188087904194963e-02,1.067723800709974163e-01,8.137077503211459506e-02,1.771758498280315564e-01,7.214387336491843994e-02,2.789065845269831367e-01,2.230064781689848896e-01,1.179883144329184896e-01,2.248988217743829177e-01,4.836526375402295796e-01,2.716687155545119414e-01,3.653742558393303641e-01,2.850532480627650522e-01,7.007196430791330644e-02,1.876320842023840862e-01,8.229622774424354137e-02,6.102462809232427066e-02,8.939596944624776664e-02,4.786109921681837992e-02,7.483735513902509129e-02,3.157589402875810025e-02,2.411702142353965017e-02,8.510021133472381316e-02,4.888324101827423718e-02,6.943657886376507216e-02,5.406301366078705012e-02,7.084547702252855239e-02,2.599555230189096178e-02,2.031852148569692276e-02,4.413166291420915488e-02,8.635716949597359304e-02,1.077392709642664703e-01,4.244651021451165129e-02,1.398952995289859946e-01,1.875077696589637632e-01,2.024945785046341762e-01,6.392530077213144646e-02,2.504385540837327784e-01,1.290799342514192538e-01,2.009613658024503868e-01,1.447988176305647912e-01,2.763926682044836047e-01,9.664765114576570615e-02,9.200657485807423042e-02,7.943699324557647323e-02,5.972623174993439005e-02,9.108112214594527023e-02,1.099078691105985078e-01,1.766924043813970224e-01,1.018412365153252147e-01,3.256212273989253503e-01,3.068773567965523696e-01,8.539027860270452519e-02,2.119286710775308280e-01,5.883531085542218486e-01,3.080100004143818127e-01,3.851678936972526279e-01,2.461704214263021884e-01,6.440874621876596651e-02,2.078539165987541015e-01
1.797035788775777979e-02,2.790170863433567849e-02,1.819136152050499292e-02,1.145075072171498898e-02,4.222550658176443816e-02,5.346906639777891657e-02,5.496084091882260519e-02,1.051148528253933144e-02,7.088691520366866006e-02,4.136911750486898381e-02,4.686658286945591390e-02,3.589927759437545884e-02,8.795944583339088130e-02,0.000000000000000000e+00,1.678246336174150921e-02,2.091246874870505632e-02,1.765266516568366265e-02,3.274997582772767174e-02,2.497341050043510105e-02,5.449120819923477382e-02,2.227992872632843929e-02,8.507258588063040805e-02,6.870450433028993387e-02,3.621697031644957598e-02,6.852493887868281452e-02,1.475199248587648615e-01,8.353937317844661870e-02,1.118692763512300209e-01,8.711686948354213644e-02,2.154785419285329406e-02,5.704656270287442738e-02,2.502866140862190433e-02,1.875768332941972830e-02,2.725251046314073819e-02,1.446192521789576961e-02,2.312250507617719109e-02,9.751785294970786305e-03,7.527936240451952449e-03,2.609224139121786926e-02,1.487630702929679423e-02,2.124397419782587601e-02,1.664433609127450100e-02,2.223849054518833510e-02,8.011381687086481171e-03,6.257165352155476083e-03,1.349503432462671043e-02,2.638230865919858475e-02,3.263947401135405824e-02,1.309446524027238663e-02,4.290233020705278011e-02,5.754382087655565692e-02,6.214345898310703192e-02,1.962788513336187826e-02,7.688163874193681968e-02,3.964252662403137950e-02,6.179814080693951661e-02,4.432504109286296290e-02,8.500352224539690915e-02,2.990455405610729575e-02,2.816415044822299235e-02,2.447615232675387151e-02,1.875768332941972830e-02,2.808127408594278743e-02,3.359255217757641659e-02,5.447739547218807127e-02,3.107863585507686724e-02,9.983839109355359398e-02,9.395416937165904092e-02,2.611986684531127090e-02,6.530657347680152158e-02,1.801732115971656223e-01,9.522494025995552336e-02,1.181264417033855013e-01,7.559705512659364857e-02,1.984888876610909139e-02,6.356616986891722165e-02
1.168556708150890293e-02,1.745928698702984769e-02,1.125737254306117575e-02,7.224056245424534395e-03,2.631324502396508239e-02,3.301241764161498560e-02,3.384118126441703484e-02,6.699172617649902343e-03,4.403497382488224393e-02,2.529110322250922166e-02,2.917247952263215399e-02,2.248711963202894987e-02,5.402157547964694939e-02,1.678246336174150921e-02,0.000000000000000000e+00,1.280439797229166940e-02,1.048385982844592980e-02,2.020801966932331620e-02,1.540119065707142541e-02,3.382736853737033228e-02,1.418567067696175320e-02,5.261267732088346222e-02,4.297139384228628595e-02,2.276337417296296975e-02,4.239125930632484801e-02,9.231045485310164500e-02,5.193585369559512027e-02,6.900838432531734845e-02,5.366244457643272459e-02,1.306683978617898499e-02,3.542964487478762747e-02,1.559456883572523690e-02,1.189275798720941524e-02,1.732115971656283948e-02,9.088774396729146915e-03,1.439286158266226551e-02,6.160476262828570339e-03,4.723952649971684126e-03,1.631283064215368131e-02,9.434092572896667431e-03,1.356409795986021453e-02,1.063579982595963883e-02,1.353647250576681289e-02,4.972581736812298897e-03,3.812312664889429097e-03,8.550078041907813176e-03,1.618851609873337219e-02,2.013895603408981036e-02,8.329074409160600045e-03,2.685194137878641266e-02,3.562302305344144243e-02,3.871707391190242625e-02,1.216901252814343165e-02,4.816497921184579450e-02,2.437946323742696403e-02,3.776399574568006789e-02,2.797077226956918086e-02,5.251598823155655821e-02,1.831567606392530204e-02,1.790129425252427742e-02,1.518018702432421228e-02,1.153362708399519390e-02,1.736259789770294368e-02,2.080196693233144975e-02,3.377211762918352900e-02,1.936544331947456440e-02,6.136994626849178597e-02,5.871790267552522841e-02,1.634045609624708295e-02,4.023647388703951999e-02,1.123250963437711497e-01,5.920134812215975539e-02,7.288976062544028078e-02,4.692183377764271718e-02,1.201707253062972262e-02,3.980827934859178935e-02
1.388179068193433514e-02,2.193461055016091704e-02,1.430998522038206058e-02,8.812519855795128768e-03,3.263947401135405824e-02,4.207356658425073087e-02,4.232219567109134217e-02,8.149508957553489377e-03,5.599679544732516501e-02,3.178308493445861083e-02,3.591309032142216140e-02,2.751495227702805205e-02,6.813818252137519849e-02,2.091246874870505632e-02,1.280439797229166940e-02,0.000000000000000000e+00,1.390941613602773679e-02,2.533254140364932239e-02,1.968313604154868154e-02,4.281945384477257172e-02,1.705871790267552562e-02,6.715747890105944196e-02,5.334475185435860745e-02,2.826083953754989983e-02,5.378675911985303371e-02,1.159025926488666675e-01,6.501650620882080955e-02,8.733787311628934957e-02,6.858018978686962475e-02,1.675483790764810757e-02,4.471179745017058588e-02,1.906156332444714635e-02,1.433761067447546222e-02,2.113347238145226945e-02,1.121593436192107329e-02,1.750072516816995188e-02,7.403621697031645063e-03,5.718468997334144079e-03,1.960025967926847662e-02,1.140931254057488652e-02,1.622995427987347639e-02,1.254195615840435381e-02,1.676865063469480666e-02,6.063787173501664594e-03,4.806829012251889049e-03,1.058054891777283554e-02,2.066383966186444154e-02,2.584361230437725448e-02,9.986601654764700256e-03,3.290191582524137903e-02,4.512617926157161397e-02,4.790253739795848065e-02,1.522162520546431475e-02,5.953285357128057509e-02,3.076094313300275010e-02,4.775059740044476642e-02,3.426937580286475854e-02,6.559664074478224749e-02,2.306725416799038780e-02,2.181029600674061139e-02,1.895106150807353979e-02,1.417185794991505238e-02,2.181029600674061139e-02,2.617511775349807418e-02,4.305427020456648740e-02,2.455902868903407643e-02,7.880160780142823895e-02,7.334558061798140960e-02,2.033233421274362185e-02,5.067889553434534733e-02,1.403511195215271234e-01,7.384283879166263220e-02,9.186844758760721874e-02,5.953285357128057509e-02,1.547025429230492952e-02,4.968437918698288824e-02
1.163031617332209965e-02,1.841236515325220605e-02,1.198944707653632098e-02,7.293119880658038498e-03,2.716963410086053327e-02,3.512576487976021289e-02,3.562302305344144243e-02,6.685359890603201523e-03,4.632788651463458363e-02,2.642374684033868895e-02,2.978023951268699010e-02,2.291531417047667704e-02,5.739188087904194963e-02,1.765266516568366265e-02,1.048385982844592980e-02,1.390941613602773679e-02,0.000000000000000000e+00,2.131303783305938185e-02,1.650620882080749280e-02,3.588546486732875629e-02,1.422710885810185566e-02,5.653549180214649528e-02,4.453223199856347347e-02,2.363357597690511971e-02,4.511236653452491141e-02,9.590176388524386530e-02,5.438070638286116726e-02,7.276544608201997166e-02,5.772338632816276932e-02,1.415804522286835156e-02,3.743249029655924820e-02,1.559456883572523690e-02,1.178225617083580867e-02,1.740403607884304441e-02,9.199276213102753480e-03,1.475199248587648684e-02,6.105225354641767056e-03,4.765390831111786588e-03,1.636808155034048459e-02,9.420279845849966610e-03,1.337071978120640305e-02,1.035954528502562241e-02,1.410279431468154827e-02,5.083083553185905462e-03,4.019503570589941406e-03,9.019710761495642812e-03,1.737641062474964276e-02,2.165835600922690063e-02,8.260010773927095942e-03,2.763926682044836117e-02,3.737723938837244492e-02,4.001547025429230686e-02,1.256958161249775545e-02,4.932524828376866344e-02,2.570548503391024628e-02,4.004309570838570503e-02,2.855090680553061533e-02,5.485033910244899863e-02,1.948975786289487006e-02,1.795654516071108070e-02,1.580175974142574921e-02,1.183750707902261196e-02,1.812229788527149055e-02,2.186554691492741467e-02,3.545727032888103258e-02,2.038758512093042513e-02,6.555520256364213982e-02,6.105225354641766883e-02,1.698965426744201979e-02,4.251557384974515713e-02,1.172562398994433513e-01,6.135613354144509035e-02,7.686782601489011713e-02,4.933906101081536599e-02,1.305302705913228417e-02,4.130005386963548492e-02
2.153404146580659498e-02,3.421412489467795526e-02,2.234899236156194166e-02,1.403373067944804417e-02,5.116234098097987432e-02,6.559664074478224749e-02,6.620440073483707666e-02,1.285964888047847268e-02,8.742074947856955103e-02,4.951862646242247840e-02,5.621779908007237814e-02,4.283326657181927427e-02,1.067723800709974163e-01,3.274997582772767174e-02,2.020801966932331620e-02,2.533254140364932239e-02,2.131303783305938185e-02,0.000000000000000000e+00,3.047087586502203113e-02,6.609389891846347009e-02,2.685194137878641266e-02,1.040374601157506573e-01,8.338743318093291834e-02,4.389684655441523919e-02,8.416094589554816430e-02,1.802837134135392427e-01,1.010953492548033739e-01,1.364835559484509075e-01,1.065513764382502032e-01,2.607842866417116670e-02,6.976808431288589185e-02,3.023605950522811892e-02,2.268049781068276483e-02,3.304004309570838377e-02,1.766647789273036173e-02,2.774976863682196773e-02,1.179606889788250949e-02,8.950647126262138709e-03,3.103719767393676651e-02,1.803942152299128562e-02,2.563642139867674044e-02,1.994557785543599887e-02,2.613367957235796998e-02,9.613658024503778099e-03,7.569374421592054911e-03,1.616089064463997055e-02,3.221127947290633453e-02,4.009834661657250832e-02,1.578794701437905013e-02,5.177010097103471042e-02,7.023771703247372322e-02,7.526554967747282887e-02,2.384076688260563376e-02,9.353978756025801977e-02,4.784728648977167736e-02,7.457491332513778437e-02,5.345525367073221401e-02,1.029324419520145917e-01,3.585783941323535812e-02,3.415887398649115198e-02,2.968355042336008262e-02,2.225230327223503765e-02,3.400693398897744468e-02,4.080279569595425537e-02,6.638396618644419600e-02,3.794356119728718030e-02,1.222702598173957544e-01,1.143003163114493653e-01,3.170020857217840243e-02,7.916073870464246376e-02,2.186692818763208424e-01,1.150323908449245175e-01,1.436385485586419430e-01,9.269721121040927492e-02,2.403414506125944525e-02,7.779327872701907731e-02
1.664433609127450100e-02,2.613367957235796998e-02,1.708634335676892727e-02,1.052529800958603226e-02,3.886901390941613355e-02,5.019545008771081340e-02,5.041645372045803347e-02,9.751785294970786305e-03,6.627346437007058944e-02,3.755680483997955732e-02,4.280564111772586916e-02,3.288810309819467648e-02,8.137077503211459506e-02,2.497341050043510105e-02,1.540119065707142541e-02,1.968313604154868154e-02,1.650620882080749280e-02,3.047087586502203113e-02,0.000000000000000000e+00,5.124521734326008271e-02,2.051189966435073425e-02,8.044532231998563487e-02,6.377336077461773223e-02,3.366161581280992243e-02,6.429824440239235994e-02,1.377267013826539710e-01,7.743414782380485251e-02,1.041203364780308588e-01,8.186803320579581766e-02,1.987651422020249303e-02,5.348287912482561218e-02,2.286006326228987376e-02,1.710015608381562635e-02,2.522203958727571582e-02,1.338453250825310387e-02,2.107822147326546616e-02,8.867770763981933785e-03,6.823487161070209729e-03,2.360595052281171807e-02,1.357791068690691536e-02,1.950357058994157261e-02,1.515256157023081064e-02,2.002845421771620379e-02,7.251681699517936036e-03,5.828970813707750644e-03,1.256958161249775545e-02,2.461427959722087971e-02,3.070569222481594682e-02,1.197563434948962016e-02,3.943533571833086893e-02,5.391107366327334283e-02,5.710181361106123066e-02,1.812229788527149055e-02,7.132892246916308632e-02,3.664516485489729969e-02,5.665980634556680440e-02,4.098236114756136084e-02,7.815240963023330212e-02,2.739063773360774640e-02,2.599555230189096178e-02,2.262524690249595807e-02,1.689296517811511578e-02,2.605080321007776506e-02,3.102338494689006396e-02,5.107946461869967286e-02,2.915866679558545144e-02,9.377460392005193546e-02,8.753125129494315759e-02,2.428277414810006002e-02,6.054118264568973673e-02,1.671339972650800476e-01,8.833238946365180866e-02,1.095901763885243907e-01,7.103885520118237429e-02,1.839855242620550696e-02,5.922897357625316050e-02
3.652085031147699751e-02,5.743331906018205035e-02,3.728055029904554091e-02,2.302581598685028361e-02,8.475489315855629091e-02,1.092310454853101659e-01,1.101703109244858148e-01,2.132685056010608093e-02,1.449645703551252218e-01,8.254485683108415961e-02,9.366410210367832889e-02,7.228200063538543774e-02,1.771758498280315564e-01,5.449120819923477382e-02,3.382736853737033228e-02,4.281945384477257172e-02,3.588546486732875629e-02,6.609389891846347009e-02,5.124521734326008271e-02,0.000000000000000000e+00,4.469798472312388332e-02,1.751591916792132331e-01,1.388731577275301443e-01,7.382902606461594353e-02,1.394118540823514885e-01,3.009378841664709925e-01,1.696617263146263099e-01,2.262662817520063041e-01,1.781289279942538939e-01,4.323383565617359980e-02,1.170076108126027331e-01,4.942193737309556745e-02,3.741867756951254564e-02,5.581722999571805260e-02,2.939348315537936712e-02,4.606544470074726977e-02,1.939306877356796605e-02,1.516637429727751146e-02,5.094133734823266119e-02,3.000124314543420323e-02,4.287470475295937500e-02,3.310910673094188961e-02,4.371728110280812679e-02,1.562219428981863854e-02,1.270770888296476366e-02,2.791552136138237758e-02,5.344144094368551146e-02,6.721272980924623830e-02,2.591267593961075685e-02,8.566653314363854854e-02,1.173253035346768502e-01,1.244664834178211832e-01,3.965633935107808206e-02,1.560147519924858783e-01,7.983756232993079183e-02,1.241626034227937686e-01,9.018329488790971515e-02,1.701589844883075187e-01,5.968479356879428932e-02,5.761288451178916276e-02,4.920093374034835432e-02,3.700429575811152449e-02,5.671505725375360768e-02,6.855256433277621964e-02,1.124632236142381614e-01,6.360760805005732932e-02,2.044559857452656892e-01,1.914167714131801146e-01,5.359338094119921875e-02,1.316767269361990012e-01,3.661063303728054885e-01,1.939445004627263491e-01,2.389325524538309653e-01,1.553931792753843466e-01,3.991878116496539591e-02,1.288589306186720407e-01
1.560838156277193772e-02,2.316394325731729181e-02,1.497299611862369997e-02,9.475530754036769893e-03,3.526389215022721763e-02,4.397972291669544065e-02,4.502949017224470302e-02,8.909208945122036247e-03,5.871790267552522841e-02,3.360636490462311915e-02,3.900714117988314522e-02,2.994599223724739995e-02,7.214387336491843994e-02,2.227992872632843929e-02,1.418567067696175320e-02,1.705871790267552562e-02,1.422710885810185566e-02,2.685194137878641266e-02,2.051189966435073425e-02,4.469798472312388332e-02,0.000000000000000000e+00,7.036203157589403234e-02,5.776482450930287005e-02,3.033274859455502293e-02,5.690843543240742264e-02,1.236377197950191270e-01,6.907744796055084735e-02,9.225520394491484866e-02,7.149467519372350310e-02,1.774935425501056666e-02,4.718427559153003797e-02,2.085721784051825303e-02,1.555313065458513444e-02,2.286006326228987376e-02,1.209994889290992755e-02,1.903393787035374471e-02,8.066632595273284453e-03,6.188101716921971980e-03,2.192079782311421796e-02,1.233476525270384150e-02,1.783223061729077158e-02,1.397847977126124089e-02,1.785985607138417322e-02,6.671547163556500702e-03,5.041645372045803000e-03,1.149218890285509144e-02,2.169979419036700483e-02,2.693481774106661758e-02,1.117449618078097083e-02,3.577496305095514972e-02,4.758484467588435657e-02,5.182535187922151371e-02,1.639570700443388623e-02,6.373192259347762456e-02,3.279141400886777247e-02,5.067889553434534733e-02,3.725292484495213580e-02,7.069353702501485204e-02,2.440708869152036567e-02,2.370263961213862555e-02,2.004226694476290288e-02,1.527687611365111803e-02,2.315013053027059273e-02,2.743207591474784712e-02,4.475323563131068660e-02,2.616130502645137162e-02,8.167465502714200964e-02,7.798665690567288533e-02,2.163073055513349899e-02,5.377294639280633115e-02,1.497437739132836954e-01,7.877398234733483384e-02,9.747641476856776233e-02,6.239208806994765016e-02,1.629901791510697875e-02,5.297180822409768702e-02
