0.000000000000000000e+00,2.467390984306451138e-02,2.040455790124547433e-02,1.014339133763212872e-02,3.686364573212024681e-02,4.223714041751317622e-02,4.622677619762682877e-02,1.213084827606513046e-02,5.617878279303948480e-02,3.043017401289638615e-02,4.367988693578305631e-02,2.847216088095869124e-02,7.643612166180843714e-02,2.038983599799782179e-02,2.047816741748373359e-02,1.977151606159644262e-02,1.220445779230338972e-02,2.655831345876395050e-02,2.579277448988605281e-02,4.236963754674204219e-02,2.978241026999970537e-02,7.876218237493742835e-02,6.561552277478432948e-02,3.478785737420133500e-02,6.125783941347937717e-02,1.274180726084268300e-01,6.817713393987574755e-02,9.435267791420075267e-02,7.187233165503637000e-02,1.654741925036068775e-02,5.167388039925801396e-02,2.340782616376645142e-02,1.740128963872449377e-02,2.458557842357859957e-02,1.448635279568942676e-02,2.548361452168536323e-02,9.157023820039454989e-03,9.952006595412654297e-03,2.214174248446839147e-02,1.261667108323764018e-02,1.925624944792862780e-02,1.269028059947589944e-02,1.575243647498748498e-02,5.240997556164060829e-03,6.168477460766127844e-03,1.772517151017283590e-02,2.411447751965374239e-02,2.719135529841297874e-02,1.246945205076112166e-02,3.606866295674705097e-02,4.438653829167034381e-02,4.843506168477460655e-02,1.404469569825987120e-02,5.130583281806672113e-02,3.441980979301004218e-02,4.978947678355857831e-02,3.282984424226363662e-02,6.808880252038983227e-02,2.240673674292612688e-02,2.186202632276300697e-02,2.412919942290139147e-02,1.211612637281747791e-02,2.644053823278273360e-02,2.742690575037540907e-02,3.921915025174454311e-02,3.172570149868975120e-02,8.029326031269322372e-02,7.369784765774518853e-02,2.230368342019256253e-02,5.685599034243146721e-02,1.527544680976356539e-01,6.691105026057768412e-02,9.299826281541677397e-02,6.713187880929245843e-02,1.377970143980213752e-02,5.054029384918882345e-02
2.467390984306451138e-02,0.000000000000000000e+00,2.532167358596119217e-02,1.295527485793363312e-02,4.705120277949532970e-02,5.364661543444336489e-02,5.918205105556046536e-02,1.508995082884315338e-02,7.243176397844713899e-02,3.882165886405794519e-02,5.606100756705827137e-02,3.471424785796307921e-02,9.716456143450225014e-02,2.626387539381091346e-02,2.514501074698937202e-02,2.504195742425580767e-02,1.600270883019756785e-02,3.363954892088449194e-02,3.278567853252068592e-02,5.417660395135882878e-02,3.736419044254041255e-02,1.019491799899891055e-01,8.291375909077525197e-02,4.247269086947560307e-02,7.890940140741395381e-02,1.616612195624650417e-01,8.674145393516473346e-02,1.220004122132909291e-01,9.211494862055766286e-02,2.224479580720195582e-02,6.645467125990048296e-02,2.925242175308423800e-02,2.189147012925831207e-02,2.994435120572387643e-02,1.793127815563996114e-02,3.274151282277772829e-02,1.170391308188322571e-02,1.202779495333156611e-02,2.733857433088949726e-02,1.588493360421635442e-02,2.371698613196714100e-02,1.564938315225392410e-02,2.056649883696964193e-02,6.727909784176898562e-03,7.773164914760179872e-03,2.248034625916438614e-02,3.128404440126019564e-02,3.449341930924829797e-02,1.604687453994052201e-02,4.644760474634161002e-02,5.651738656773547947e-02,6.161116509142301745e-02,1.759267438094396993e-02,6.646939316314813551e-02,4.412154403321261187e-02,6.418749815976208806e-02,4.058828725377616742e-02,8.762476813002384457e-02,2.945852839855136324e-02,2.692636103995524680e-02,3.070989017460177412e-02,1.542855460353914632e-02,3.349232988840797343e-02,3.500868592291611625e-02,5.001030533227335956e-02,3.969025115566940376e-02,1.038188617024408955e-01,9.321909136413154828e-02,2.776550952507140027e-02,7.318258104407737719e-02,1.948443894826723255e-01,8.540176073962842118e-02,1.213673703736419113e-01,8.493065983570355360e-02,1.835821334982186415e-02,6.586579512999440889e-02
2.040455790124547433e-02,2.532167358596119217e-02,0.000000000000000000e+00,1.030533227335629978e-02,3.771751612048405283e-02,4.322350793510584821e-02,4.725730942496245840e-02,1.248417395400877421e-02,5.754791979507110911e-02,3.126932249801254310e-02,4.497541442157642483e-02,2.907575891411241786e-02,7.814386243853604919e-02,2.105232164414215512e-02,2.122898448311397526e-02,2.033094838500721507e-02,1.269028059947589944e-02,2.730913052439419217e-02,2.648470394252569124e-02,4.407737832346966117e-02,3.059211494862055722e-02,8.179489444395371400e-02,6.810352442363748482e-02,3.552395253658392760e-02,6.299502399670228736e-02,1.312016017430733539e-01,7.035597562052822718e-02,9.787121279038954458e-02,7.400700762594587812e-02,1.728351441274328035e-02,5.364661543444336489e-02,2.339310426051879888e-02,1.781350292965874771e-02,2.501251361776050258e-02,1.469245944115655199e-02,2.613137826458204402e-02,9.260077142773017606e-03,1.009922562788917282e-02,2.195035774224891878e-02,1.274916821246650789e-02,1.975679415834879007e-02,1.292583105143832976e-02,1.635603450814121160e-02,5.270441362659364186e-03,6.374584106233253944e-03,1.850543238229838267e-02,2.483585077878868244e-02,2.814827900951034911e-02,1.271972440597120453e-02,3.724641521655919912e-02,4.526985248652946187e-02,4.949503871860554127e-02,1.445690898919412340e-02,5.286635456231781466e-02,3.521479256838323801e-02,5.146777375379089220e-02,3.383093366310396810e-02,6.964932426464093274e-02,2.345199187350940559e-02,2.256867767865029448e-02,2.486529458528398406e-02,1.233695492153225569e-02,2.711774578217471948e-02,2.842799517121573361e-02,4.058828725377616742e-02,3.250596237081530143e-02,8.306097812325177743e-02,7.662750640402790636e-02,2.295144716308924332e-02,5.859317492565439128e-02,1.579807437505520717e-01,6.860406913405765750e-02,9.607514059417601726e-02,6.892795100550598575e-02,1.457468421517533856e-02,5.242469746488825910e-02
1.014339133763212872e-02,1.295527485793363312e-02,1.030533227335629978e-02,0.000000000000000000e+00,1.924152754468097526e-02,2.197980154874422040e-02,2.420280893913965073e-02,6.197921267261431201e-03,2.947325030179901578e-02,1.585548979772104933e-02,2.289255955009863661e-02,1.423608044047934562e-02,3.969025115566940376e-02,1.065865795129994353e-02,1.021700085387038798e-02,1.030533227335629978e-02,6.389306009480905622e-03,1.357359479433501229e-02,1.348526337484910048e-02,2.195035774224891878e-02,1.525189176456732271e-02,4.141271383564467529e-02,3.377204605011335792e-02,1.744545534846745141e-02,3.200541766039513569e-02,6.565968848452727324e-02,3.542089921385036672e-02,4.937726349262432785e-02,3.757029708800753431e-02,8.921473368077024665e-03,2.711774578217471948e-02,1.199835114683626275e-02,8.980360981067633114e-03,1.238112063127521159e-02,7.390395430321231897e-03,1.313193769690545673e-02,4.711009039248594335e-03,4.946559491211023792e-03,1.133586550069192941e-02,6.462915525719164882e-03,9.760621853193181610e-03,6.536525041957424141e-03,8.303153431675647234e-03,2.797161617053852724e-03,3.091599682006889761e-03,9.392574272001883579e-03,1.269028059947589944e-02,1.411830521449813046e-02,6.610134558195683400e-03,1.906486470570915512e-02,2.293672525984159077e-02,2.521862026322763128e-02,7.213732591349410021e-03,2.694108294320289587e-02,1.793127815563996114e-02,2.632276300680152017e-02,1.667991637958955373e-02,3.559756205282219033e-02,1.196890734034095939e-02,1.105614933898654492e-02,1.255778347024703347e-02,6.197921267261431201e-03,1.369137002031622571e-02,1.430968995671760488e-02,2.028678267526425744e-02,1.644436592762712340e-02,4.211936519153196279e-02,3.807084179842770005e-02,1.146836262992079539e-02,3.006212643170508986e-02,7.976327179577775983e-02,3.477313547095368246e-02,4.909754733091894335e-02,3.453758501899125560e-02,7.302064010835320959e-03,2.672025439448811809e-02
3.686364573212024681e-02,4.705120277949532970e-02,3.771751612048405283e-02,1.924152754468097526e-02,0.000000000000000000e+00,7.921856137561464339e-02,8.728616435532784990e-02,2.256867767865029448e-02,1.066749109324853506e-01,5.796013308600535957e-02,8.322291905897594155e-02,5.208609369019227137e-02,1.432882843093955250e-01,3.890999028354385353e-02,3.757029708800753431e-02,3.708447428083502806e-02,2.339310426051879888e-02,4.956864823484380400e-02,4.937726349262432785e-02,7.977799369902541238e-02,5.547213143715219730e-02,1.501928569325442497e-01,1.232370520860936874e-01,6.379000677207549708e-02,1.165974737214027085e-01,2.396284191620292603e-01,1.282572210935429835e-01,1.798133262668197840e-01,1.355740070076259518e-01,3.235874333833878291e-02,9.838647940405735592e-02,4.369460883903070886e-02,3.260901569354886231e-02,4.488708300209050955e-02,2.677914200747872828e-02,4.836145216853635076e-02,1.731295821923858197e-02,1.815210670435473891e-02,4.092689102847216209e-02,2.334893855077584471e-02,3.570061537555575121e-02,2.351087948650001577e-02,3.020934546418160838e-02,9.937284692165003486e-03,1.138003121043488532e-02,3.384565556635162065e-02,4.582928480994023085e-02,5.118805759208550771e-02,2.365809851897653429e-02,6.957571474840267001e-02,8.289903718752759942e-02,9.182051055560462582e-02,2.633748491004917272e-02,9.744427759620763463e-02,6.583635132349910379e-02,9.591319965845183926e-02,6.109589847775520610e-02,1.287136000942201708e-01,4.363572122604010561e-02,4.027912728557547783e-02,4.572623148720666303e-02,2.276006242086977063e-02,4.942142920236728548e-02,5.220386891617348479e-02,7.384506669022171399e-02,5.922621676530341606e-02,1.529605747431027896e-01,1.386950504961281527e-01,4.160409857786414450e-02,1.089126402261284404e-01,2.894326178488355050e-01,1.261225451226334615e-01,1.787386273297411898e-01,1.251950652180313928e-01,2.698524865294585351e-02,9.781232517739893439e-02
4.223714041751317622e-02,5.364661543444336489e-02,4.322350793510584821e-02,2.197980154874422040e-02,7.921856137561464339e-02,0.000000000000000000e+00,1.001678296970232307e-01,2.583694019962900698e-02,1.226923416659305710e-01,6.532108470983129245e-02,9.363130465506580569e-02,5.893177870035037902e-02,1.644731030827665530e-01,4.406265642022200862e-02,4.328239554809645839e-02,4.247269086947560307e-02,2.673497629773577064e-02,5.738597885934693804e-02,5.566351617937166651e-02,9.192356387833819364e-02,6.331890586815062949e-02,1.721579365780408211e-01,1.409916674027618388e-01,7.288814297912434015e-02,1.333362777139828759e-01,2.748137679239172071e-01,1.478226305096722870e-01,2.050172246267997489e-01,1.559343991991284650e-01,3.658392957041486232e-02,1.125931160380413965e-01,5.024585578423578641e-02,3.743779995877866834e-02,5.179165562523923433e-02,3.093071872331655189e-02,5.448576391955951836e-02,1.958013131937696993e-02,2.047816741748373359e-02,4.641816093984630492e-02,2.692636103995524680e-02,4.048523393104260654e-02,2.679386391072637735e-02,3.422842505079056602e-02,1.135058740393958196e-02,1.308777198716250083e-02,3.861555221859081649e-02,5.276330123958425378e-02,5.846067779642552531e-02,2.732385242764184471e-02,7.787886818007831724e-02,9.719400524099755523e-02,1.042899626063657492e-01,3.004740452845743731e-02,1.129169979094897386e-01,7.312369343108676700e-02,1.078968289020404564e-01,6.885434148926773690e-02,1.471012572505373539e-01,4.915643494390954660e-02,4.641816093984630492e-02,5.226275652916408804e-02,2.577805258663840027e-02,5.690015605217442485e-02,5.924093866855106860e-02,8.550481406236198900e-02,6.770603303595089384e-02,1.761328504549068141e-01,1.593204369460883840e-01,4.764007890940141071e-02,1.231487206666077722e-01,3.308306097812325208e-01,1.456879545387627650e-01,2.028531048493949218e-01,1.445249241821982833e-01,3.035656449665812689e-02,1.108412095515708268e-01
4.622677619762682877e-02,5.918205105556046536e-02,4.725730942496245840e-02,2.420280893913965073e-02,8.728616435532784990e-02,1.001678296970232307e-01,0.000000000000000000e+00,2.817772281600565421e-02,1.346023613932809115e-01,7.278508965639077233e-02,1.043194064128610543e-01,6.543885993581249894e-02,1.799458233960486431e-01,4.862644642699408271e-02,4.694814945676176882e-02,4.669787710155168942e-02,2.959102552778023268e-02,6.250920118952978111e-02,6.141978034920354823e-02,1.006830963106910420e-01,6.959043665165032255e-02,1.888820186673733081e-01,1.540499955834290224e-01,8.007243176397844941e-02,1.468362629920796081e-01,3.003857138650884995e-01,1.614551129169979060e-01,2.249948473338633237e-01,1.712746223831816961e-01,4.023496157583252020e-02,1.225009569237111018e-01,5.500103053322733665e-02,4.079439389924329612e-02,5.641433324500191165e-02,3.366899272737979704e-02,6.069840709006860124e-02,2.189147012925831207e-02,2.264228719488855374e-02,5.189470894797279521e-02,2.976768836675205282e-02,4.454847922739451488e-02,2.970880075376144611e-02,3.761446279775049195e-02,1.263139298648529273e-02,1.439802137620351495e-02,4.198686806230309682e-02,5.788652356976709684e-02,6.404027912728557648e-02,2.984129788299031208e-02,8.662367870918352697e-02,1.050407796719960013e-01,1.151841710096281196e-01,3.275623472602538083e-02,1.226334540529399608e-01,8.225127344463091517e-02,1.194829667579424687e-01,7.599446456437888853e-02,1.618084385949415671e-01,5.397049730589170702e-02,5.042251862320761002e-02,5.712098460088920610e-02,2.879604275240702990e-02,6.227365073756735425e-02,6.514442187085946190e-02,9.268910284721608439e-02,7.391867620645997672e-02,1.919147307363895938e-01,1.734681859670818282e-01,5.193887465771575285e-02,1.361776050407796645e-01,3.612018961811382933e-01,1.589671112681447507e-01,2.230957218149162424e-01,1.581868503960192074e-01,3.316844801695963130e-02,1.208962694697170437e-01
1.213084827606513046e-02,1.508995082884315338e-02,1.248417395400877421e-02,6.197921267261431201e-03,2.256867767865029448e-02,2.583694019962900698e-02,2.817772281600565421e-02,0.000000000000000000e+00,3.453758501899125560e-02,1.847598857580308104e-02,2.683802962046933499e-02,1.743073344521979887e-02,4.668315519830403687e-02,1.264611488973294527e-02,1.291110914819067895e-02,1.217501398580808462e-02,7.552336366045402094e-03,1.635603450814121160e-02,1.588493360421635442e-02,2.617554397432500166e-02,1.847598857580308104e-02,4.883255307246120447e-02,4.117716338368224149e-02,2.146453493507640559e-02,3.762918470099814450e-02,7.911550805288107557e-02,4.188381473956952900e-02,5.913788534581750772e-02,4.429820687218443548e-02,1.048199511232812166e-02,3.212319288637634912e-02,1.410358331125047791e-02,1.046727320908046911e-02,1.466301563466124863e-02,8.597591496628684271e-03,1.551688602302505639e-02,5.491269911374142831e-03,5.903483202308394164e-03,1.320554721314371599e-02,7.567058269293053772e-03,1.173335688837852907e-02,7.493448753054794513e-03,9.878397079174395037e-03,3.135765391749845230e-03,3.783529134646526886e-03,1.092365220975767721e-02,1.470718134440420453e-02,1.682713541206607225e-02,7.670111592026617256e-03,2.236257103318316924e-02,2.707358007243176531e-02,2.972352265700909865e-02,8.788976238848158692e-03,3.171097959544209866e-02,2.100815593439919748e-02,3.096016252981185352e-02,2.044872361098842850e-02,4.178076141683596811e-02,1.417719282748873717e-02,1.363248240732561900e-02,1.504578511910019747e-02,7.316785914082972637e-03,1.612048405617878127e-02,1.706268586402850257e-02,2.426169655213026091e-02,1.974207225510114100e-02,4.974531107381562067e-02,4.613844477814092043e-02,1.380914524629744088e-02,3.471424785796307921e-02,9.530960162529811264e-02,4.108883196419633316e-02,5.768041692429997508e-02,4.114771957718693640e-02,8.833141948591114595e-03,3.181403291817565954e-02
5.617878279303948480e-02,7.243176397844713899e-02,5.754791979507110911e-02,2.947325030179901578e-02,1.066749109324853506e-01,1.226923416659305710e-01,1.346023613932809115e-01,3.453758501899125560e-02,0.000000000000000000e+00,8.788976238848157652e-02,1.273002973824456097e-01,7.885051379442334363e-02,2.203574478108529799e-01,5.935871389453228203e-02,5.762152931130936490e-02,5.712098460088920610e-02,3.636310102170008801e-02,7.695138827547624849e-02,7.500809704678620959e-02,1.240025910549715921e-01,8.475399699673173692e-02,2.331802255395577506e-01,1.891028472160880824e-01,9.700262049877808601e-02,1.797397167505815074e-01,3.687983982569266739e-01,1.986720843270617931e-01,2.762565144421870733e-01,2.104054412154403308e-01,4.998086152577805447e-02,1.511350587403939572e-01,6.636633984041456769e-02,4.967170155757736488e-02,6.860406913405765750e-02,4.097105673821511973e-02,7.363896004475459223e-02,2.636692871654447434e-02,2.741218384712775652e-02,6.200865647910962231e-02,3.612755056973765422e-02,5.401466301563466466e-02,3.574478108529870884e-02,4.630038571386509150e-02,1.526661366781497525e-02,1.750434296145805813e-02,5.143832994729558711e-02,7.106262697641550774e-02,7.852663192297500150e-02,3.662809528015781996e-02,1.055266024791685076e-01,1.295233047728410192e-01,1.405941760150752340e-01,4.020551776933722204e-02,1.516356034508141160e-01,9.966728498660307189e-02,1.460412802167064261e-01,9.214439242705296795e-02,1.982009834231369394e-01,6.627800842092865241e-02,6.200865647910962231e-02,7.010570326531813390e-02,3.484674498719194519e-02,7.617112740335070520e-02,7.996937844124488159e-02,1.145952948797220455e-01,9.009804787562936124e-02,2.374054117716338230e-01,2.133350999617230626e-01,6.346612490062715495e-02,1.662102876659894701e-01,4.435856667549981092e-01,1.949621647086535459e-01,2.741954479875158279e-01,1.942996790625091952e-01,4.142743573889232089e-02,1.492800989311898197e-01
3.043017401289638615e-02,3.882165886405794519e-02,3.128404440126019564e-02,1.585548979772104933e-02,5.796013308600535957e-02,6.532108470983129245e-02,7.278508965639077233e-02,1.847598857580308104e-02,8.788976238848157652e-02,0.000000000000000000e+00,6.901628242499190102e-02,4.328239554809645839e-02,1.185996525630833576e-01,3.257957188705355722e-02,3.096016252981185352e-02,3.050378352913464541e-02,1.952124370638636322e-02,4.105938815770102807e-02,4.049995583429025908e-02,6.624856461443334732e-02,4.579984100344492576e-02,1.237523186997614988e-01,1.012866943438447687e-01,5.267496982009834544e-02,9.629596914289079157e-02,1.977298825192120857e-01,1.054235491564349397e-01,1.491476018019609606e-01,1.122545122633454018e-01,2.689691723345994170e-02,8.036686982893148645e-02,3.564172776256514102e-02,2.691163913670759425e-02,3.705503047433972297e-02,2.192091393575361369e-02,4.055884344728086233e-02,1.445690898919412340e-02,1.497217560286193822e-02,3.375732414686570537e-02,1.983040367458704933e-02,2.931130936607484472e-02,1.940346848040514632e-02,2.513028884374171948e-02,8.229543915437387974e-03,9.422018078497188670e-03,2.742690575037540907e-02,3.790890086270352899e-02,4.203103377204604751e-02,1.958013131937696993e-02,5.757736360156640726e-02,6.839796248859052186e-02,7.575891411241644779e-02,2.149397874157171068e-02,8.017548508671200336e-02,5.455937343579778109e-02,7.896828902040456399e-02,5.017224626799752368e-02,1.066160233194947404e-01,3.618643818272826440e-02,3.305067279097841787e-02,3.745252186202632089e-02,1.921208373818567364e-02,4.100050054471041788e-02,4.282601654741925029e-02,6.124311751023172462e-02,4.828784265229808803e-02,1.261961546388717104e-01,1.138739216205871124e-01,3.381621175985631556e-02,8.903807084179843345e-02,2.367282042222418614e-01,1.041869092836321814e-01,1.485292818655595815e-01,1.040838559608986275e-01,2.230368342019256253e-02,8.005770986073079687e-02
4.367988693578305631e-02,5.606100756705827137e-02,4.497541442157642483e-02,2.289255955009863661e-02,8.322291905897594155e-02,9.363130465506580569e-02,1.043194064128610543e-01,2.683802962046933499e-02,1.273002973824456097e-01,6.901628242499190102e-02,0.000000000000000000e+00,6.220004122132909152e-02,1.713629538026676113e-01,4.668315519830403687e-02,4.437181638842269821e-02,4.435709448517504566e-02,2.817772281600565421e-02,5.946176721726584985e-02,5.875511586137856235e-02,9.606041869092836472e-02,6.577746371050849361e-02,1.804463681064688019e-01,1.463946058946500595e-01,7.543503224096810567e-02,1.395194770779966398e-01,2.859729705856373094e-01,1.531225156788269537e-01,2.161469834820245461e-01,1.620734328533992852e-01,3.930748167123045839e-02,1.177605040779672041e-01,5.129111091481906859e-02,3.874804934781968940e-02,5.345523069222388873e-02,3.168153578894679356e-02,5.791596737626240193e-02,2.062538644996025211e-02,2.162647587080057665e-02,4.811117981332626442e-02,2.786856284780496462e-02,4.226658422400848131e-02,2.766245620233783939e-02,3.640726673144303871e-02,1.171863498513087826e-02,1.361776050407796645e-02,4.011718634985130677e-02,5.469187056502664707e-02,6.130200512322232786e-02,2.786856284780496462e-02,8.284014957453698924e-02,9.860730795277213023e-02,1.088831964196331353e-01,3.112210346553602458e-02,1.167005270441362624e-01,7.874746047168977581e-02,1.147719577186938761e-01,7.238759826870418135e-02,1.541088831964196326e-01,5.205664988369696627e-02,4.775785413538262414e-02,5.455937343579778109e-02,2.751523716986132087e-02,5.915260724906516027e-02,6.255336689927273874e-02,8.841975090539705429e-02,7.000264994258457996e-02,1.833760268527515336e-01,1.645467125990048018e-01,4.895032829844242483e-02,1.295527485793363243e-01,3.436239437034419586e-01,1.504725730942496342e-01,2.141153608338486058e-01,1.502517445455348599e-01,3.255012808055825213e-02,1.165974737214027085e-01
2.847216088095869124e-02,3.471424785796307921e-02,2.907575891411241786e-02,1.423608044047934562e-02,5.208609369019227137e-02,5.893177870035037902e-02,6.543885993581249894e-02,1.743073344521979887e-02,7.885051379442334363e-02,4.328239554809645839e-02,6.220004122132909152e-02,0.000000000000000000e+00,1.078232193858021937e-01,2.928186555957954310e-02,2.937019697906545490e-02,2.788328475105261717e-02,1.763684009068692410e-02,3.746724376527397343e-02,3.636310102170008801e-02,6.041869092836321675e-02,4.251685657921856071e-02,1.109884285840473522e-01,9.386685510702823254e-02,4.977475488031092576e-02,8.622618732149692211e-02,1.807996937844124352e-01,9.551570827076524828e-02,1.351176280069487368e-01,1.018461266672555376e-01,2.355504519624296994e-02,7.271148014015252348e-02,3.280040043576833847e-02,2.470335364955981647e-02,3.453758501899125560e-02,2.000706651355887294e-02,3.655448576391955723e-02,1.298471866442893821e-02,1.401525189176456784e-02,3.107793775579307041e-02,1.788711244589700697e-02,2.742690575037540907e-02,1.763684009068692410e-02,2.270117480787916392e-02,7.405117333568883575e-03,8.597591496628684271e-03,2.529222977946589054e-02,3.386037746959927319e-02,3.857138650884786579e-02,1.744545534846745141e-02,5.182109943173453248e-02,6.152283367193710911e-02,6.872184436003886399e-02,2.028678267526425744e-02,7.190177546153166122e-02,4.906810352442363826e-02,7.126873362188264338e-02,4.702175897300003155e-02,9.594264346494714435e-02,3.237346524158643546e-02,3.106321585254541787e-02,3.415481553455231023e-02,1.760739628419161901e-02,3.742307805553101580e-02,3.907193121926802459e-02,5.564879427612401397e-02,4.524040868003415677e-02,1.132850454906810383e-01,1.052910520272060807e-01,3.156376056296558014e-02,8.010187557047375451e-02,2.159114330300621332e-01,9.414657126873361703e-02,1.323940759061331407e-01,9.495627594735447929e-02,1.993345699732061369e-02,7.190177546153166122e-02
7.643612166180843714e-02,9.716456143450225014e-02,7.814386243853604919e-02,3.969025115566940376e-02,1.432882843093955250e-01,1.644731030827665530e-01,1.799458233960486431e-01,4.668315519830403687e-02,2.203574478108529799e-01,1.185996525630833576e-01,1.713629538026676113e-01,1.078232193858021937e-01,0.000000000000000000e+00,8.029326031269322372e-02,7.714277301769573159e-02,7.723110443718163298e-02,4.825839884580278294e-02,1.030974884433059485e-01,1.005947648912051406e-01,1.664016724082089393e-01,1.142566911050260509e-01,3.119424079144951789e-01,2.538350557960132869e-01,1.316874245502458463e-01,2.408503371315843800e-01,4.947737243470836099e-01,2.663781173630127008e-01,3.712275122927892190e-01,2.822924947737243673e-01,6.661661219562464709e-02,2.026911639136707577e-01,8.986249742366693438e-02,6.735270735800724662e-02,9.345464181609398902e-02,5.517769337219916026e-02,9.991755734181315129e-02,3.573005918205105630e-02,3.757029708800753431e-02,8.479816270647469456e-02,4.878838736271825377e-02,7.359479433501163459e-02,4.868533403998468595e-02,6.261225451226334893e-02,2.062538644996025211e-02,2.384948326119600698e-02,6.975237758737450056e-02,9.507405117333568578e-02,1.059829814798457087e-01,4.896505020169007738e-02,1.414038806936960824e-01,1.717751670936018549e-01,1.882342549244766239e-01,5.445632011306422021e-02,2.015281335571062760e-01,1.342195919088419731e-01,1.964049112269234121e-01,1.253422842505079182e-01,2.664664487824985883e-01,8.920001177752259758e-02,8.334069428495716192e-02,9.416129317198126958e-02,4.722786561846715331e-02,1.026999970556193437e-01,1.072343432558961196e-01,1.525041957424255745e-01,1.222654064717486611e-01,3.160792627270853639e-01,2.864735152960574682e-01,8.576980832081972095e-02,2.237876512675558704e-01,5.962076377234049041e-01,2.611371198068486166e-01,3.675323145776285827e-01,2.605482436769425703e-01,5.519241527544681281e-02,1.994229013926920591e-01
2.038983599799782179e-02,2.626387539381091346e-02,2.105232164414215512e-02,1.065865795129994353e-02,3.890999028354385353e-02,4.406265642022200862e-02,4.862644642699408271e-02,1.264611488973294527e-02,5.935871389453228203e-02,3.257957188705355722e-02,4.668315519830403687e-02,2.928186555957954310e-02,8.029326031269322372e-02,0.000000000000000000e+00,2.102287783764685003e-02,2.087565880517033151e-02,1.299944056767658902e-02,2.758884668609958013e-02,2.763301239584253430e-02,4.476930777610929613e-02,3.084238730383064009e-02,8.382651709212966817e-02,6.882489768277243181e-02,3.559756205282219033e-02,6.471748667667756583e-02,1.333068339074875708e-01,7.185760975178871746e-02,1.014191914730736416e-01,7.568530459617819894e-02,1.821099431734534563e-02,5.528074669493272114e-02,2.409975561640608985e-02,1.840237905956482178e-02,2.532167358596119217e-02,1.485440037688072305e-02,2.673497629773577064e-02,9.716456143450225708e-03,1.048199511232812166e-02,2.270117480787916392e-02,1.285222153520007050e-02,2.003651032005417804e-02,1.316138150340076009e-02,1.720990489650502109e-02,5.461826104878838607e-03,6.477637428966816560e-03,1.871153902776550790e-02,2.557194594117127504e-02,2.872243323616877064e-02,1.314665960015310754e-02,3.840944557312369473e-02,4.597650384241674937e-02,5.107028236610428734e-02,1.482495657038541970e-02,5.413243824161587808e-02,3.683420192562494172e-02,5.379383446691988341e-02,3.403704030857108986e-02,7.201955068751288158e-02,2.452669081058799286e-02,2.268645290463151137e-02,2.591054971586726624e-02,1.273444630921885534e-02,2.778023142831905282e-02,2.939964078556075652e-02,4.114771957718693640e-02,3.308011659747372296e-02,8.556370167535258531e-02,7.715749492094338413e-02,2.305450048582280767e-02,6.069840709006860124e-02,1.615434443364838213e-01,7.034125371728057463e-02,9.975561640608897329e-02,6.985543091010805450e-02,1.511939463533845673e-02,5.458881724229308618e-02
2.047816741748373359e-02,2.514501074698937202e-02,2.122898448311397526e-02,1.021700085387038798e-02,3.757029708800753431e-02,4.328239554809645839e-02,4.694814945676176882e-02,1.291110914819067895e-02,5.762152931130936490e-02,3.096016252981185352e-02,4.437181638842269821e-02,2.937019697906545490e-02,7.714277301769573159e-02,2.102287783764685003e-02,0.000000000000000000e+00,2.041927980449312341e-02,1.280805582545711460e-02,2.742690575037540907e-02,2.657303536201159957e-02,4.388599358125018501e-02,3.097488443305950606e-02,8.095574595883756053e-02,6.945793952242146352e-02,3.642198863469069126e-02,6.253864499602508620e-02,1.318935311957129819e-01,7.004681565232753759e-02,9.738538998321702445e-02,7.387451049671701908e-02,1.701852015428554493e-02,5.313134882077554660e-02,2.339310426051879888e-02,1.751906486470571067e-02,2.480640697229337735e-02,1.448635279568942676e-02,2.577805258663840027e-02,9.201189529782410892e-03,1.004033801489856610e-02,2.177369490327709517e-02,1.263139298648529273e-02,1.988929128757765952e-02,1.264611488973294527e-02,1.617937166916939146e-02,5.167388039925801570e-03,6.315696493242646363e-03,1.804905338162117456e-02,2.457085652033094703e-02,2.813355710626269657e-02,1.270500250272355199e-02,3.681948002237729611e-02,4.560845626122544960e-02,4.924476636339546187e-02,1.479551276389011634e-02,5.295468598180372993e-02,3.496452021317315861e-02,5.089361952713247067e-02,3.393398698583752898e-02,6.897211671524894339e-02,2.342254806701410397e-02,2.309866619556576184e-02,2.498306981126520096e-02,1.233695492153225569e-02,2.710302387892706694e-02,2.845743897771103870e-02,4.076495009274799103e-02,3.253540617731059958e-02,8.272237434855578275e-02,7.730471395341989571e-02,2.301033477607985003e-02,5.772458263404292578e-02,1.587315608161823099e-01,6.878073197302947417e-02,9.563348349674645477e-02,6.897211671524894339e-02,1.455996231192768602e-02,5.292524217530842484e-02
1.977151606159644262e-02,2.504195742425580767e-02,2.033094838500721507e-02,1.030533227335629978e-02,3.708447428083502806e-02,4.247269086947560307e-02,4.669787710155168942e-02,1.217501398580808462e-02,5.712098460088920610e-02,3.050378352913464541e-02,4.435709448517504566e-02,2.788328475105261717e-02,7.723110443718163298e-02,2.087565880517033151e-02,2.041927980449312341e-02,0.000000000000000000e+00,1.251361776050407756e-02,2.667608868474516393e-02,2.621970968406795582e-02,4.314989841886759242e-02,2.981185407649501046e-02,8.054353266790330312e-02,6.610134558195683574e-02,3.422842505079056602e-02,6.255336689927273874e-02,1.284191620292671476e-01,6.873656626328651653e-02,9.698789859553043347e-02,7.322674675382033482e-02,1.737184583222919215e-02,5.255719459411712507e-02,2.329005093778523799e-02,1.735712392898153961e-02,2.393781468068191878e-02,1.420663663398404226e-02,2.582221829638135790e-02,9.274799046020670151e-03,9.613402820716663091e-03,2.164119777404822920e-02,1.254306156699938092e-02,1.893236757648028568e-02,1.229278921178929979e-02,1.631186879839825743e-02,5.255719459411712507e-03,6.153755557518476166e-03,1.788711244589700697e-02,2.470335364955981647e-02,2.755940287960427504e-02,1.266083679298059608e-02,3.664281718340547250e-02,4.481347348585225376e-02,4.881783116921355886e-02,1.414774902099343382e-02,5.270441362659364359e-02,3.456702882548656069e-02,5.074640049465595215e-02,3.238818714483408107e-02,6.900156052174424848e-02,2.334893855077584471e-02,2.156758825780996994e-02,2.474751935930277064e-02,1.223390159879869307e-02,2.679386391072637735e-02,2.808939139651974240e-02,4.001413302711774589e-02,3.166681388569914102e-02,8.244265818685039826e-02,7.466949327209021492e-02,2.214174248446839147e-02,5.788652356976709684e-02,1.542413803256484917e-01,6.794158348791332069e-02,9.575125872272767513e-02,6.792686158466566815e-02,1.470718134440420453e-02,5.239525365839295401e-02
1.220445779230338972e-02,1.600270883019756785e-02,1.269028059947589944e-02,6.389306009480905622e-03,2.339310426051879888e-02,2.673497629773577064e-02,2.959102552778023268e-02,7.552336366045402094e-03,3.636310102170008801e-02,1.952124370638636322e-02,2.817772281600565421e-02,1.763684009068692410e-02,4.825839884580278294e-02,1.299944056767658902e-02,1.280805582545711460e-02,1.251361776050407756e-02,0.000000000000000000e+00,1.681241350881841970e-02,1.648853163737007757e-02,2.748579336336601578e-02,1.869681712451785882e-02,5.133527662456202623e-02,4.157465477136883941e-02,2.147925683832405813e-02,3.957247592968819033e-02,8.089685834584695034e-02,4.328239554809645839e-02,6.106645467125990101e-02,4.638871713335099983e-02,1.102670553249123983e-02,3.271206901628242320e-02,1.450107469893707930e-02,1.083532079027176714e-02,1.492800989311898231e-02,8.833141948591114595e-03,1.638547831463651669e-02,5.844595589317786583e-03,6.094867944527868585e-03,1.358831669758266310e-02,7.905662043989047580e-03,1.176280069487383242e-02,7.714277301769573159e-03,1.034949798309925569e-02,3.356593940464623442e-03,3.857138650884786579e-03,1.090893030651002640e-02,1.561993934575861900e-02,1.720990489650502109e-02,7.964549656979654293e-03,2.326060713128993290e-02,2.829549804198686763e-02,3.075405588434472828e-02,8.862585755086417952e-03,3.316844801695963130e-02,2.224479580720195582e-02,3.216735859611930676e-02,2.028678267526425744e-02,4.341489267732532437e-02,1.461884992491829273e-02,1.361776050407796645e-02,1.536966699054853787e-02,7.964549656979654293e-03,1.676824779907546553e-02,1.754850867120101229e-02,2.515973265023702110e-02,1.963901893236757665e-02,5.183582133498218503e-02,4.688926184377116557e-02,1.375025763330683416e-02,3.645143244118599635e-02,9.656096340134852352e-02,4.294379177340046372e-02,6.059535376733504036e-02,4.278185083767629265e-02,9.304242852515973508e-03,3.265318140329181995e-02
2.655831345876395050e-02,3.363954892088449194e-02,2.730913052439419217e-02,1.357359479433501229e-02,4.956864823484380400e-02,5.738597885934693804e-02,6.250920118952978111e-02,1.635603450814121160e-02,7.695138827547624849e-02,4.105938815770102807e-02,5.946176721726584985e-02,3.746724376527397343e-02,1.030974884433059485e-01,2.758884668609958013e-02,2.742690575037540907e-02,2.667608868474516393e-02,1.681241350881841970e-02,0.000000000000000000e+00,3.503812972941142134e-02,5.809263021523422554e-02,4.011718634985130677e-02,1.085445926449371407e-01,8.881724229308364527e-02,4.607955716515031025e-02,8.323764096222359410e-02,1.722904337072696801e-01,9.286576568618791494e-02,1.289049848364396678e-01,9.828342608132378810e-02,2.308394429231810929e-02,7.053263845950004385e-02,3.090127491682124680e-02,2.324588522804228036e-02,3.229985572534817273e-02,1.903542089921385003e-02,3.425786885728587111e-02,1.221917969555104053e-02,1.304360627741954493e-02,2.923769984983658546e-02,1.673880399258016044e-02,2.548361452168536323e-02,1.685657921856137734e-02,2.172952919353414100e-02,7.095957365368194859e-03,8.258987721932691331e-03,2.393781468068191878e-02,3.300650708123546023e-02,3.684892382887259427e-02,1.706268586402850257e-02,4.878838736271825377e-02,6.002119954067661883e-02,6.508553425786885172e-02,1.903542089921385003e-02,7.014986897506109154e-02,4.640343903659865238e-02,6.763242351971263111e-02,4.359155551629714798e-02,9.239466478226304735e-02,3.090127491682124680e-02,2.932603126932249726e-02,3.274151282277772829e-02,1.632659070164590998e-02,3.583311250478461718e-02,3.724641521655919912e-02,5.344050878897623619e-02,4.247269086947560307e-02,1.099431734534640631e-01,9.969672879309837699e-02,2.982657597974265953e-02,7.746665488914407371e-02,2.073138415334334350e-01,9.076053352177369804e-02,1.276094573506462992e-01,9.074581161852604549e-02,1.930041515767158544e-02,6.948738332891676861e-02
2.579277448988605281e-02,3.278567853252068592e-02,2.648470394252569124e-02,1.348526337484910048e-02,4.937726349262432785e-02,5.566351617937166651e-02,6.141978034920354823e-02,1.588493360421635442e-02,7.500809704678620959e-02,4.049995583429025908e-02,5.875511586137856235e-02,3.636310102170008801e-02,1.005947648912051406e-01,2.763301239584253430e-02,2.657303536201159957e-02,2.621970968406795582e-02,1.648853163737007757e-02,3.503812972941142134e-02,0.000000000000000000e+00,5.654683037423077763e-02,3.902776550952507389e-02,1.060565909960839714e-01,8.697700438712717419e-02,4.432765067867974057e-02,8.194211347643023946e-02,1.683302417336513257e-01,9.058387068280186749e-02,1.273739068986838585e-01,9.567764920648941240e-02,2.315755380855636855e-02,6.972293378087919546e-02,3.017990165768630675e-02,2.289255955009863661e-02,3.162264817595619032e-02,1.874098283426081299e-02,3.393398698583752898e-02,1.208668256632217455e-02,1.267555869622824863e-02,2.835438565497747435e-02,1.650325354061773012e-02,2.514501074698937202e-02,1.654741925036068775e-02,2.133203780584753961e-02,6.860406913405765403e-03,8.038159173217913553e-03,2.370226422871948846e-02,3.213791478962400167e-02,3.615699437623295931e-02,1.662102876659894701e-02,4.881783116921355886e-02,5.829873686070135425e-02,6.424638577275269824e-02,1.834349144657421160e-02,6.842740629508582695e-02,4.597650384241674937e-02,6.720548832553072116e-02,4.269351941819038432e-02,9.055442687630656240e-02,3.070989017460177412e-02,2.832494184848217272e-02,3.234402143509113037e-02,1.581132408797809516e-02,3.486146689043959773e-02,3.674587050613903338e-02,5.221859081942113734e-02,4.114771957718693640e-02,1.082648764832317562e-01,9.709095191826398741e-02,2.885493036539764009e-02,7.631834643582723066e-02,2.030739333981096961e-01,8.833141948591113901e-02,1.259606041869092974e-01,8.862585755086417605e-02,1.918263993169036855e-02,6.879545387627712671e-02
4.236963754674204219e-02,5.417660395135882878e-02,4.407737832346966117e-02,2.195035774224891878e-02,7.977799369902541238e-02,9.192356387833819364e-02,1.006830963106910420e-01,2.617554397432500166e-02,1.240025910549715921e-01,6.624856461443334732e-02,9.606041869092836472e-02,6.041869092836321675e-02,1.664016724082089393e-01,4.476930777610929613e-02,4.388599358125018501e-02,4.314989841886759242e-02,2.748579336336601578e-02,5.809263021523422554e-02,5.654683037423077763e-02,0.000000000000000000e+00,6.406972293378088157e-02,1.744545534846745072e-01,1.422283072755645972e-01,7.363896004475459223e-02,1.351029061037010981e-01,2.781114742513912108e-01,1.494862055766569553e-01,2.083885404705120292e-01,1.579071342343138229e-01,3.715808379707328385e-02,1.132114359744427756e-01,5.002502723552100516e-02,3.761446279775049195e-02,5.214498130318287461e-02,3.087183111032594171e-02,5.572240379236227670e-02,1.991873509407296114e-02,2.105232164414215512e-02,4.655065806907517090e-02,2.730913052439419217e-02,4.100050054471041788e-02,2.670553249124046902e-02,3.497924211642081116e-02,1.130642169419662606e-02,1.344109766510614458e-02,3.846833318611429797e-02,5.327856785325206512e-02,5.950593292700880055e-02,2.713246768542237203e-02,7.880634808468038599e-02,9.689956717604451819e-02,1.048346730265288657e-01,3.029767688366752018e-02,1.137561463946058921e-01,7.522892559550098390e-02,1.098990077437211055e-01,6.997320613608927486e-02,1.484998380590642764e-01,4.993669581603509683e-02,4.713953419898124497e-02,5.276330123958425378e-02,2.683802962046933499e-02,5.775402644053823087e-02,6.044813473485852184e-02,8.671201012866942837e-02,6.783853016517975287e-02,1.782086388128257259e-01,1.608662367870918319e-01,4.796396078084974590e-02,1.244148043459058356e-01,3.328475105261607947e-01,1.471601448635279641e-01,2.062096987898595635e-01,1.471307010570326590e-01,3.123987869151723801e-02,1.122692341665930543e-01
2.978241026999970537e-02,3.736419044254041255e-02,3.059211494862055722e-02,1.525189176456732271e-02,5.547213143715219730e-02,6.331890586815062949e-02,6.959043665165032255e-02,1.847598857580308104e-02,8.475399699673173692e-02,4.579984100344492576e-02,6.577746371050849361e-02,4.251685657921856071e-02,1.142566911050260509e-01,3.084238730383064009e-02,3.097488443305950606e-02,2.981185407649501046e-02,1.869681712451785882e-02,4.011718634985130677e-02,3.902776550952507389e-02,6.406972293378088157e-02,0.000000000000000000e+00,1.193946353384565534e-01,9.993227924506080384e-02,5.227747843241174058e-02,9.242410858875835244e-02,1.921502811883520345e-01,1.023908370874186680e-01,1.432735624061478585e-01,1.083384859994700050e-01,2.541000500544710397e-02,7.830580337426022719e-02,3.490563260018254843e-02,2.586638400612431207e-02,3.618643818272826440e-02,2.134675970909519216e-02,3.823278273415187112e-02,1.367664811706857490e-02,1.451579660218473011e-02,3.278567853252068592e-02,1.859376380178429447e-02,2.864882371993051138e-02,1.871153902776550790e-02,2.398198039042487295e-02,7.846774430998439132e-03,9.053970497305892373e-03,2.685275152371698754e-02,3.623060389247122204e-02,4.114771957718693640e-02,1.879987044725141970e-02,5.451520772605482346e-02,6.658716838912934199e-02,7.285869917262903506e-02,2.139092541883814633e-02,7.761387392162058529e-02,5.161499278626741072e-02,7.547919795071106330e-02,4.933309778288137021e-02,1.025527780231428321e-01,3.433147837352412690e-02,3.287400995200659426e-02,3.646615434443364889e-02,1.818155051085004401e-02,3.958719783293584288e-02,4.158937667461649196e-02,5.940287960427523967e-02,4.753702558666784289e-02,1.215734770191090330e-01,1.119747961016400173e-01,3.350705179165562597e-02,8.554897977210493276e-02,2.311044371816388387e-01,1.009039248594058302e-01,1.414038806936960824e-01,1.006683744074433895e-01,2.128787209610458545e-02,7.726054824367693807e-02
