0.000000000000000000e+00,1.470902333793731864e-02,1.183271867746942159e-02,7.333152970994888560e-03,2.582978541628102448e-02,3.112674251377636064e-02,3.309174272736333661e-02,8.116305230033177276e-03,3.947087385552976863e-02,2.393598086260661714e-02,3.077076421421350017e-02,1.812641501374076189e-02,5.225761437582764762e-02,1.556337125688818032e-02,1.228837090090988127e-02,1.086445770265844629e-02,8.443805265631007181e-03,1.863902376511127751e-02,1.517891469336029274e-02,2.886272052855657841e-02,1.661706702359424040e-02,5.104728815731392894e-02,4.978000541087015257e-02,1.559184952085320916e-02,3.982685215509262217e-02,8.493642227569807301e-02,5.380967976192171237e-02,7.113870338464167720e-02,4.600663543550385232e-02,1.211750131711970824e-02,3.854533027666633138e-02,1.247347961668256698e-02,6.336413732218883557e-03,1.537826254111549287e-02,6.920218143501972140e-03,1.553489299292315148e-02,6.806305087641857654e-03,3.289239487960813908e-03,1.143402298195901959e-02,8.315653077788377409e-03,1.244500135271753814e-02,6.948696407467000978e-03,1.089293596662347513e-02,4.086630878981617476e-03,3.047174244258070083e-03,1.040880547921798661e-02,1.782739324210796256e-02,1.795554542995058886e-02,7.945435646243004246e-03,2.430619829415198857e-02,3.115522077774138948e-02,3.783337367754061736e-02,9.483261900354554574e-03,3.945663472354725421e-02,2.343761124321861247e-02,3.341924276296116825e-02,2.520326360905039351e-02,5.023565763431061398e-02,1.633228438394395549e-02,1.596206695239858059e-02,1.375500149510885776e-02,1.063663159093821559e-02,1.744293667858007324e-02,2.084608922240100207e-02,2.890543792450412167e-02,1.724358883082487137e-02,5.165957083256204896e-02,5.056315766990844562e-02,1.607598000825869594e-02,3.764826496176792991e-02,1.012544675276595141e-01,4.686098335445471053e-02,6.817696393227869189e-02,3.817511284512096342e-02,1.161913169773170704e-02,3.398880804226174501e-02
1.470902333793731864e-02,0.000000000000000000e+00,2.047587179085563064e-02,1.270130572840279595e-02,4.495293966879779224e-02,5.459283202096000542e-02,5.825228894046619033e-02,1.394011021088154521e-02,7.007076848595310270e-02,4.163522191687194646e-02,5.269902746728559462e-02,3.088467727007361552e-02,9.192783607911261812e-02,2.723945948254994504e-02,2.060402397869825694e-02,1.937945862820202383e-02,1.480869726181491958e-02,3.260761223995785330e-02,2.598641586808867962e-02,5.059163593387347446e-02,2.788022042176309043e-02,9.048968374887866872e-02,8.463740050406527715e-02,2.657022027937177081e-02,6.907402924717709336e-02,1.468481681356704482e-01,9.467598855173788019e-02,1.253328397100912650e-01,8.075011747283886154e-02,2.121630665394637696e-02,6.753620299306553609e-02,2.147261102963163304e-02,1.107804468239616084e-02,2.631391590368651126e-02,1.190391433738199368e-02,2.684076378703954130e-02,1.186119694143445043e-02,5.652935397058194908e-03,1.950761081604465361e-02,1.441000156630451758e-02,2.108815446610374719e-02,1.167608822566176298e-02,1.932250210027196616e-02,7.404348630907459788e-03,5.268478833530308193e-03,1.757108886642270301e-02,3.104130772188127413e-02,3.116945990972390390e-02,1.371228409916131451e-02,4.196272195246977810e-02,5.494881032052285896e-02,6.510131142405559124e-02,1.643195830782155642e-02,6.883196400347434130e-02,4.021130871862051148e-02,5.771120192513064240e-02,4.307337424710589585e-02,8.789816172806105832e-02,2.884848139657406399e-02,2.752424212220022995e-02,2.447706787794216160e-02,1.805521935382818979e-02,2.995913369121018521e-02,3.675119964686952845e-02,5.029261416224067166e-02,2.960315539164732473e-02,9.161457517549730090e-02,8.727163992083042388e-02,2.753848125418274437e-02,6.619772458670919457e-02,1.765082800552478237e-01,8.224522633100286861e-02,1.197368608409631330e-01,6.713750729755514624e-02,2.053282831878568832e-02,5.947685429096242343e-02
1.183271867746942159e-02,2.047587179085563064e-02,0.000000000000000000e+00,1.006706631163764229e-02,3.498554728103774741e-02,4.281706987142063631e-02,4.516652664853550853e-02,1.130587079411638982e-02,5.455011462501246217e-02,3.257913397599282446e-02,4.179185236867960507e-02,2.450554614190719044e-02,7.190761651169744195e-02,2.168619800936934933e-02,1.658858875962921156e-02,1.544945820102806497e-02,1.156217516980164936e-02,2.578706802033348122e-02,2.090304575033105974e-02,4.053880875421834312e-02,2.262598072021529405e-02,7.145196428825699442e-02,6.784946389668085331e-02,2.061826311068077136e-02,5.442196243716983239e-02,1.163479474291247151e-01,7.418587762889974901e-02,9.869142377080693251e-02,6.399065912941946654e-02,1.711543664298224507e-02,5.333978840649873654e-02,1.674521921143687017e-02,8.799783565193865925e-03,2.086032835438351649e-02,9.283914052599352706e-03,2.175739366928192142e-02,9.597174956214669928e-03,4.442609178544476220e-03,1.544945820102806497e-02,1.146250124592404843e-02,1.721511056685984253e-02,9.554457560267126670e-03,1.553489299292315148e-02,5.652935397058194908e-03,4.200543934841731962e-03,1.435304503837445990e-02,2.442011135001210392e-02,2.480456791353998977e-02,1.085021857067593187e-02,3.330532970710105289e-02,4.301641771917583817e-02,5.170228822850959222e-02,1.325663187572085656e-02,5.386663628985177005e-02,3.152543820928676438e-02,4.536587449629070345e-02,3.343348189494368267e-02,6.878924660752680498e-02,2.291076335986558243e-02,2.215608936479232169e-02,1.913739338449928218e-02,1.446695809423457525e-02,2.413532871036181554e-02,2.920445969613692447e-02,4.018283045465548264e-02,2.356576343106124224e-02,7.199305130359252847e-02,7.029859459767331953e-02,2.181435019721197910e-02,5.205826652807244576e-02,1.383758846060744174e-01,6.453174614475501447e-02,9.480414073958051691e-02,5.258511441142547926e-02,1.638924091187401316e-02,4.670435290264705191e-02
7.333152970994888560e-03,1.270130572840279595e-02,1.006706631163764229e-02,0.000000000000000000e+00,2.215608936479232169e-02,2.671261159919691153e-02,2.849250309701120698e-02,6.777826823676828816e-03,3.388913411838414408e-02,2.064674137464580020e-02,2.624272024377393916e-02,1.583391476455595429e-02,4.529467883637813136e-02,1.348445798744108554e-02,1.019521849948027206e-02,9.383587976476953640e-03,7.318913839012374141e-03,1.606174087627618152e-02,1.291489270814051224e-02,2.498967662931267722e-02,1.396858847484657405e-02,4.394196129803926848e-02,4.196272195246977810e-02,1.311424055589571237e-02,3.421663415398197572e-02,7.227783394324281685e-02,4.629141807515414070e-02,6.145609363653191382e-02,3.952783038345982630e-02,1.040880547921798661e-02,3.309174272736333661e-02,1.087869683464096071e-02,5.610218001110652518e-03,1.342750145951102786e-02,6.151305016446197843e-03,1.347021885545857112e-02,5.866522376795910328e-03,2.904782924432926759e-03,9.753805408022326803e-03,7.375870366942430950e-03,1.073630551481581652e-02,5.951957168690996842e-03,9.597174956214669928e-03,3.630978655541158232e-03,2.634239416765154097e-03,8.927935753036495697e-03,1.523587122129035042e-02,1.534978427715046577e-02,6.849022483589400044e-03,2.111663273006877603e-02,2.641358982756411219e-02,3.290663401159065610e-02,8.130544362015691695e-03,3.374674279855899989e-02,1.999174130345014039e-02,2.876304660467897747e-02,2.158652408549174839e-02,4.328696122684361214e-02,1.425337111449686070e-02,1.372652323114382893e-02,1.179000128152187833e-02,9.198479260704267926e-03,1.505076250551766297e-02,1.814065414572327631e-02,2.451978527388970486e-02,1.476597986586737632e-02,4.432641786156715780e-02,4.347206994261629959e-02,1.379771889105640102e-02,3.253641658004528120e-02,8.641729200187955873e-02,4.026826524655056916e-02,5.886457161571430341e-02,3.208076435660481979e-02,9.896196727847470995e-03,2.887695966053909283e-02
2.582978541628102448e-02,4.495293966879779224e-02,3.498554728103774741e-02,2.215608936479232169e-02,0.000000000000000000e+00,9.332327101339901732e-02,9.981631519742556469e-02,2.389326346665907388e-02,1.185550128864144431e-01,7.246294265901551124e-02,9.185664041920003908e-02,5.433652764527474588e-02,1.581397997978043202e-01,4.714576599410499891e-02,3.581141693602357678e-02,3.320565578322345196e-02,2.563043756852582261e-02,5.628728872687920742e-02,4.496717880078030666e-02,8.737131384470803175e-02,4.926739665949963348e-02,1.546512124620883222e-01,1.474604508109185752e-01,4.569337453188853510e-02,1.197653391049281618e-01,2.529297014054023296e-01,1.622976263366985028e-01,2.156943712711273109e-01,1.390736020732176170e-01,3.693630836264221590e-02,1.157356647538766020e-01,3.749163450996027130e-02,1.935098036423699500e-02,4.579304845576613603e-02,2.081761095843597323e-02,4.711728773013997007e-02,2.071793703455837229e-02,9.924674991812499833e-03,3.427359068191203340e-02,2.504663315724273490e-02,3.700750402255478799e-02,2.067521963861082904e-02,3.370402540261145663e-02,1.268706659642028153e-02,9.141522732774210250e-03,3.079924247817852900e-02,5.349641885830639515e-02,5.365304931011405376e-02,2.387902433467655947e-02,7.354511668968659321e-02,9.335174927736404615e-02,1.141693602358000298e-01,2.847826396502869256e-02,1.183271867746942124e-01,6.997109456207549483e-02,1.003289239487960838e-01,7.486935596406042726e-02,1.519030599894630462e-01,5.003630978655541212e-02,4.751598342565037381e-02,4.167793931281948971e-02,3.188141650884961792e-02,5.248544048754787833e-02,6.307935468253855760e-02,8.647424852980961640e-02,5.177348388842216431e-02,1.557903430206894480e-01,1.513334947101624695e-01,4.791467912116077060e-02,1.143687080835552317e-01,3.024391633086047082e-01,1.405544717993991166e-01,2.072505660054962950e-01,1.139700123880448279e-01,3.537000384456563673e-02,1.014680545073972234e-01
3.112674251377636064e-02,5.459283202096000542e-02,4.281706987142063631e-02,2.671261159919691153e-02,9.332327101339901732e-02,0.000000000000000000e+00,1.201070782725085079e-01,2.954619886371726706e-02,1.445556678864856337e-01,8.638881373791452989e-02,1.096840336613080086e-01,6.562815930740861781e-02,1.907901294337097098e-01,5.692804966609235628e-02,4.389924390209172522e-02,4.032522177448062684e-02,3.099859032593373087e-02,6.803457261245354770e-02,5.403750587364194308e-02,1.068219681328226173e-01,5.923478904725967831e-02,1.889817596719303994e-01,1.785871933246949150e-01,5.567500605163109434e-02,1.454384940694015416e-01,3.087898161728060975e-01,1.975252388614389953e-01,2.599495934727819035e-01,1.685770835409873547e-01,4.458272223725241734e-02,1.412806675305073312e-01,4.518076578051802294e-02,2.363695909097381434e-02,5.620185393498412091e-02,2.521750274103290793e-02,5.699924532600492838e-02,2.508935055319027815e-02,1.191815346936450810e-02,4.070967833800851615e-02,3.068532942231841712e-02,4.496717880078030666e-02,2.494695923336513396e-02,4.019706958663799706e-02,1.500804510957012144e-02,1.112076207834370410e-02,3.752011277392530014e-02,6.491620270828289685e-02,6.551424625154850245e-02,2.877728573666149189e-02,8.792663999202608716e-02,1.142120776317475661e-01,1.376639280069486826e-01,3.458685158552734368e-02,1.434592547238320304e-01,8.291446553418103937e-02,1.210468609833544595e-01,9.056087940879123388e-02,1.828589329194492408e-01,6.001794130629797136e-02,5.816685414857110381e-02,5.057739680189096004e-02,3.800424326133079039e-02,6.357772430192655533e-02,7.687707357359495342e-02,1.053695766706061604e-01,6.158424582437454359e-02,1.908898033575873177e-01,1.836990417064175707e-01,5.778239758504321449e-02,1.376354497429836676e-01,3.669424311893946800e-01,1.716954534451579917e-01,2.508650272679377458e-01,1.392017542610602399e-01,4.276011334349057863e-02,1.242079482834726328e-01
3.309174272736333661e-02,5.825228894046619033e-02,4.516652664853550853e-02,2.849250309701120698e-02,9.981631519742556469e-02,1.201070782725085079e-01,0.000000000000000000e+00,3.087043813809110110e-02,1.533696905836620106e-01,9.262555354625581772e-02,1.182417519827991259e-01,6.971479018639023528e-02,2.031212177305671551e-01,6.075837616938871422e-02,4.586424411567870812e-02,4.261772202366543444e-02,3.283543835167808400e-02,7.247718179099801872e-02,5.776815845306070007e-02,1.126600122456535014e-01,6.332141992624129578e-02,1.991912173033931754e-01,1.896937162710561064e-01,5.859402810804653638e-02,1.538680602030500222e-01,3.256204701761380438e-01,2.086602400717652295e-01,2.773355736234319191e-01,1.789574107562403038e-01,4.755870082159791706e-02,1.488986031411525246e-01,4.822794002477608782e-02,2.447706787794216160e-02,5.886457161571430341e-02,2.669837246721439711e-02,6.064446311352859886e-02,2.657022027937177081e-02,1.277250138831536805e-02,4.399891782596932616e-02,3.237978612823762259e-02,4.753022255763288823e-02,2.655598114738925639e-02,4.331543949080864098e-02,1.630380611997892665e-02,1.179000128152187833e-02,3.972717823121502817e-02,6.839055091201640124e-02,6.894587705933445665e-02,3.068532942231841712e-02,9.400674934855970943e-02,1.195802303891554813e-01,1.469336029275655486e-01,3.677967791083455729e-02,1.521878426291133346e-01,9.003403152543820731e-02,1.285651226701220173e-01,9.564424952654886070e-02,1.957880647595722501e-01,6.428968090105227629e-02,6.102891967705648818e-02,5.368152757407908260e-02,4.112261316550143431e-02,6.722294208945023275e-02,8.112033490438422256e-02,1.112360990474020733e-01,6.651098549032451179e-02,2.008429566133648481e-01,1.943926298252858509e-01,6.152728929644448591e-02,1.468908855316179984e-01,3.883011291631662254e-01,1.812071936094775682e-01,2.671118768599866078e-01,1.466061028919677101e-01,4.559370060801093416e-02,1.303877315638838630e-01
8.116305230033177276e-03,1.394011021088154521e-02,1.130587079411638982e-02,6.777826823676828816e-03,2.389326346665907388e-02,2.954619886371726706e-02,3.087043813809110110e-02,0.000000000000000000e+00,3.756283016987284340e-02,2.236967634453003798e-02,2.842130743709863488e-02,1.657434962764669714e-02,4.891141835993677994e-02,1.480869726181491958e-02,1.160489256574919262e-02,1.072206638283330210e-02,7.902718250295462724e-03,1.751413233849264534e-02,1.448119722621708967e-02,2.769511170599040298e-02,1.554913212490566590e-02,4.893989662390180878e-02,4.691793988238476820e-02,1.423913198251434628e-02,3.742043885004769921e-02,8.013783479759073458e-02,5.111848381722650103e-02,6.745076820117046346e-02,4.389924390209172522e-02,1.171880562160930624e-02,3.668000398695695635e-02,1.132010992609890423e-02,6.094348488516140167e-03,1.429608851044440396e-02,6.265218072306312329e-03,1.476597986586737632e-02,6.507283316009055719e-03,3.032935112275555664e-03,1.057967506300815964e-02,7.731848666505289694e-03,1.170456648962679182e-02,6.478805052044027749e-03,1.056543593102564522e-02,3.858804767261387637e-03,2.833587264520354664e-03,9.825001067934898899e-03,1.683065400333195669e-02,1.722934969884235695e-02,7.418587762889974208e-03,2.286804596391803918e-02,2.974554671147246893e-02,3.531304731663557905e-02,9.056087940879123735e-03,3.697902575858975915e-02,2.157228495350923397e-02,3.115522077774138948e-02,2.285380683193552476e-02,4.718848339005254217e-02,1.576271910464338219e-02,1.533554514516795135e-02,1.308576229193068353e-02,9.853479331899927737e-03,1.653163223169915735e-02,2.007717609534522690e-02,2.755272038616525879e-02,1.628956698799641223e-02,4.905380967976192413e-02,4.809978783693345805e-02,1.492261031767503493e-02,3.545543863646072325e-02,9.538794515086360115e-02,4.429793959760212896e-02,6.467413746458015866e-02,3.648065613920175448e-02,1.126315339816884829e-02,3.222315567642996398e-02
3.947087385552976863e-02,7.007076848595310270e-02,5.455011462501246217e-02,3.388913411838414408e-02,1.185550128864144431e-01,1.445556678864856337e-01,1.533696905836620106e-01,3.756283016987284340e-02,0.000000000000000000e+00,1.101396858847484700e-01,1.400988195759586552e-01,8.224522633100286861e-02,2.424639393982542801e-01,7.277620356263082846e-02,5.548989733585840689e-02,5.178772302040467873e-02,3.945663472354725421e-02,8.694413988523259917e-02,6.933033362286235290e-02,1.359267539050819373e-01,7.492631249199048493e-02,2.413675262356006768e-01,2.268578507454185600e-01,6.995685543009298735e-02,1.845391504933859284e-01,3.916330860470745856e-01,2.502242663287245761e-01,3.327257970354127181e-01,2.156516538751797607e-01,5.762576713323555588e-02,1.796408890914009959e-01,5.645815831066938045e-02,2.966011191957738241e-02,7.027011633370829069e-02,3.153967734126927880e-02,7.256261658289310523e-02,3.192413390479716118e-02,1.509347990146520622e-02,5.143174472084181825e-02,3.867348246450896115e-02,5.671446268635464000e-02,3.149695994532173554e-02,5.178772302040467873e-02,1.913739338449928218e-02,1.405402326674165883e-02,4.751598342565037381e-02,8.257272636660069332e-02,8.338435688960400827e-02,3.618163436756895168e-02,1.122328382861780688e-01,1.453103418815588910e-01,1.742869754659756021e-01,4.424098306967207128e-02,1.828162155235016906e-01,1.063805550413646772e-01,1.535405601674521836e-01,1.134146862407267586e-01,2.328525253100570958e-01,7.719033447721027064e-02,7.398652978114454715e-02,6.488772444431786801e-02,4.855544006037391946e-02,8.082131313275142670e-02,9.768044540004841569e-02,1.349584929302709568e-01,7.852881288356661216e-02,2.438308960685756643e-01,2.342052428483959725e-01,7.256261658289310523e-02,1.753976277606117129e-01,4.665878768030300994e-01,2.174885019009241138e-01,3.201953608908000848e-01,1.784875194008173349e-01,5.530478862008571944e-02,1.578977345541015820e-01
2.393598086260661714e-02,4.163522191687194646e-02,3.257913397599282446e-02,2.064674137464580020e-02,7.246294265901551124e-02,8.638881373791452989e-02,9.262555354625581772e-02,2.236967634453003798e-02,1.101396858847484700e-01,0.000000000000000000e+00,8.608979196628173403e-02,5.015022284241552747e-02,1.459226245568070179e-01,4.429793959760212896e-02,3.367554713864642779e-02,3.095587292998618761e-02,2.373663301485141527e-02,5.248544048754787833e-02,4.241837417591023951e-02,8.174685671161485701e-02,4.570761366387104951e-02,1.440145808711500997e-01,1.376212106110011602e-01,4.192000455652223484e-02,1.116490338748949845e-01,2.354582864628572136e-01,1.503367554713864740e-01,2.000313260903615331e-01,1.293340357971778098e-01,3.450141679363225716e-02,1.077475117116860615e-01,3.447293852966722832e-02,1.805521935382818979e-02,4.270315681556052095e-02,1.929402383630693732e-02,4.425522220165458570e-02,1.918011078044682544e-02,9.298153184581867126e-03,3.144000341739167786e-02,2.366543735493884318e-02,3.481467769724757438e-02,1.935098036423699500e-02,3.144000341739167786e-02,1.167608822566176298e-02,8.458044397613521601e-03,2.914750316820686679e-02,4.989391846673026792e-02,4.976576627888763815e-02,2.198521978100214866e-02,6.844750743994645892e-02,8.600435717438664751e-02,1.060815332697318814e-01,2.674108986316194037e-02,1.096697945293254872e-01,6.565663757137364664e-02,9.320935795753890196e-02,6.950120320665252593e-02,1.405117544034515664e-01,4.651924418687437141e-02,4.451152657733984525e-02,3.868772159649147557e-02,2.988793803129761312e-02,4.902533141579689530e-02,5.897848467157441876e-02,8.062196528499622483e-02,4.834185308063620318e-02,1.446268635463981989e-01,1.412379501345598087e-01,4.444033091742727315e-02,1.064375115692947349e-01,2.815645958222386946e-01,1.303165359039712978e-01,1.936237166982300861e-01,1.055831636503438697e-01,3.324837317917099522e-02,9.439120591208760569e-02
3.077076421421350017e-02,5.269902746728559462e-02,4.179185236867960507e-02,2.624272024377393916e-02,9.185664041920003908e-02,1.096840336613080086e-01,1.182417519827991259e-01,2.842130743709863488e-02,1.400988195759586552e-01,8.608979196628173403e-02,0.000000000000000000e+00,6.400489826140198790e-02,1.861766506713750657e-01,5.623033219894914975e-02,4.248956983582281161e-02,3.935696079966965327e-02,3.035782938672058548e-02,6.679576812997480018e-02,5.403750587364194308e-02,1.035184895128792998e-01,5.829500633641373358e-02,1.826026285437639674e-01,1.752837147047515975e-01,5.382391889390422679e-02,1.416936023580002701e-01,2.980819889219553098e-01,1.910037164134474330e-01,2.554357886343248674e-01,1.645474091899357949e-01,4.414130914579447035e-02,1.368522974839453676e-01,4.384228737416167448e-02,2.293924162383061127e-02,5.382391889390422679e-02,2.444858961397713276e-02,5.613065827507154881e-02,2.456250266983724811e-02,1.177576214953936391e-02,3.999772173888279519e-02,2.973130757948995451e-02,4.382804824217916007e-02,2.453402440587221928e-02,4.008315653077788171e-02,1.483717552577994842e-02,1.080750117472838862e-02,3.663728659100941309e-02,6.329294166227626695e-02,6.350652864201397629e-02,2.825043785330846186e-02,8.754218342849820478e-02,1.102393598086260640e-01,1.349015364023409269e-01,3.396032977829671617e-02,1.399137108601859747e-01,8.345555254951658730e-02,1.187828389981346738e-01,8.809750957581626019e-02,1.790998020760654341e-01,5.957652821484002437e-02,5.620185393498412091e-02,4.949522277121986419e-02,3.790456933745318946e-02,6.255250679918551715e-02,7.478392117216534074e-02,1.030628372894388384e-01,6.131370231670677656e-02,1.846245852852810010e-01,1.792706716598556071e-01,5.640120178273932278e-02,1.353002320978513029e-01,3.564339517862991080e-01,1.653732788449216173e-01,2.459098093380227557e-01,1.352147973059562303e-01,4.251804809978783350e-02,1.197226217089806255e-01
1.812641501374076189e-02,3.088467727007361552e-02,2.450554614190719044e-02,1.583391476455595429e-02,5.433652764527474588e-02,6.562815930740861781e-02,6.971479018639023528e-02,1.657434962764669714e-02,8.224522633100286861e-02,5.015022284241552747e-02,6.400489826140198790e-02,0.000000000000000000e+00,1.107377294280140617e-01,3.290663401159065610e-02,2.486152444147004745e-02,2.259750245625026868e-02,1.792706716598556002e-02,3.907217816001936489e-02,3.116945990972390390e-02,6.161272408833957243e-02,3.461532984949237252e-02,1.072206638283330210e-01,1.029774024975437519e-01,3.226587307237750724e-02,8.331316122969144311e-02,1.771917583904085158e-01,1.134716427686568163e-01,1.500377336997536504e-01,9.658403223739481236e-02,2.518902447706787909e-02,8.110609577240171508e-02,2.666989420324936827e-02,1.392587107889903079e-02,3.303478619943328587e-02,1.505076250551766297e-02,3.293511227555568494e-02,1.448119722621708967e-02,7.162283387204716398e-03,2.404989391846672903e-02,1.829728459753093492e-02,2.657022027937177081e-02,1.465206681000726270e-02,2.309587207563826988e-02,8.742827037263808249e-03,6.535761579974084558e-03,2.215608936479232169e-02,3.730652579418758386e-02,3.729228666220506944e-02,1.700152358712212972e-02,5.130359253299918848e-02,6.426120263708724745e-02,8.025174785345084993e-02,1.990630651155505387e-02,8.208859587919520306e-02,4.875478790812912133e-02,7.002805109000555250e-02,5.332554927451622212e-02,1.057540332341340428e-01,3.415967762605191804e-02,3.346196015890871150e-02,2.891967705648663609e-02,2.249782853237266775e-02,3.693630836264221590e-02,4.426946133363710012e-02,5.966196300673511088e-02,3.635250395135912471e-02,1.085449031027068550e-01,1.060245767418018237e-01,3.428782981389454781e-02,7.982457389397541736e-02,2.114653490723205631e-01,9.839240199917413665e-02,1.445841461504506764e-01,7.740392145694797998e-02,2.412108957837930112e-02,7.042674678551595624e-02
5.225761437582764762e-02,9.192783607911261812e-02,7.190761651169744195e-02,4.529467883637813136e-02,1.581397997978043202e-01,1.907901294337097098e-01,2.031212177305671551e-01,4.891141835993677994e-02,2.424639393982542801e-01,1.459226245568070179e-01,1.861766506713750657e-01,1.107377294280140617e-01,0.000000000000000000e+00,9.619957567386691610e-02,7.264805137478819175e-02,6.772131170883823048e-02,5.178772302040467873e-02,1.147389255151005927e-01,9.142946645972462039e-02,1.790570846801179117e-01,9.987327172535562236e-02,3.156673169203605411e-01,3.001609021914024011e-01,9.278218399806348327e-02,2.441299178402084602e-01,5.166526648535505473e-01,3.303193837303677882e-01,4.387503737772145418e-01,2.840422047871961619e-01,7.529652992353585983e-02,2.363126343818080788e-01,7.593729086274900175e-02,3.898674336812427837e-02,9.376468410485697125e-02,4.247533070384029719e-02,9.619957567386691610e-02,4.204815674436486461e-02,2.014837175525779900e-02,6.881772487149183382e-02,5.141750558885930383e-02,7.546739950732603286e-02,4.193424368850474926e-02,6.831935525210383608e-02,2.555924190861325052e-02,1.873869768898887844e-02,6.334989819020632462e-02,1.086445770265844629e-01,1.097694684532030951e-01,4.861239658830397714e-02,1.483005595978869051e-01,1.899642597787238874e-01,2.323968730866166343e-01,5.850859331615144987e-02,2.408833957481952004e-01,1.415084936422275619e-01,2.035626308220250813e-01,1.522020817610958421e-01,3.092312292642640514e-01,1.016104458272223676e-01,9.721055404462543292e-02,8.499337880362813069e-02,6.498739836819547588e-02,1.068931637927351963e-01,1.290634922895100289e-01,1.759956713038773046e-01,1.049424027111307278e-01,3.189280781443563084e-01,3.090888379444389211e-01,9.743838015634566363e-02,2.328098079141095456e-01,6.163408278631334891e-01,2.876019877828247528e-01,4.234860242919591400e-01,2.324823078785117347e-01,7.199305130359252847e-02,2.070796964217061220e-01
1.556337125688818032e-02,2.723945948254994504e-02,2.168619800936934933e-02,1.348445798744108554e-02,4.714576599410499891e-02,5.692804966609235628e-02,6.075837616938871422e-02,1.480869726181491958e-02,7.277620356263082846e-02,4.429793959760212896e-02,5.623033219894914975e-02,3.290663401159065610e-02,9.619957567386691610e-02,0.000000000000000000e+00,2.214185023280980727e-02,2.060402397869825694e-02,1.566304518076578126e-02,3.481467769724757438e-02,2.820772045736091860e-02,5.353913625425393841e-02,2.995913369121018521e-02,9.476142334363296671e-02,8.984892280966552680e-02,2.783750302581554717e-02,7.330305144598385503e-02,1.539392558629625873e-01,9.874838029873699019e-02,1.323242535135058240e-01,8.534935710319098423e-02,2.283956769995301034e-02,7.096783380085150417e-02,2.258326332426775426e-02,1.181847954548690717e-02,2.780902476185051833e-02,1.265858833245525270e-02,2.910478577225932353e-02,1.268706659642028153e-02,6.094348488516140167e-03,2.054706745076820273e-02,1.536402340913297845e-02,2.258326332426775426e-02,1.258739267254268233e-02,2.073217616654088671e-02,7.546739950732603112e-03,5.553261473180594841e-03,1.885261074484899380e-02,3.284967748366059842e-02,3.306326446339831471e-02,1.431032764242691838e-02,4.518076578051802294e-02,5.702772358996995722e-02,6.951544233863503341e-02,1.751413233849264534e-02,7.263381224280568427e-02,4.304489598314086701e-02,6.162696322032208684e-02,4.542283102422076113e-02,9.248316222643067352e-02,3.109826424981133181e-02,2.947500320380469496e-02,2.565891583249085145e-02,1.972119779578236989e-02,3.239402526022013701e-02,3.921456947984450908e-02,5.339674493442879422e-02,3.168206866109442299e-02,9.567272779051388953e-02,9.283914052599354094e-02,2.923293796010195331e-02,6.960087713053011993e-02,1.849663244528613470e-01,8.573381366671888049e-02,1.270272964160104878e-01,7.024163806974326185e-02,2.215608936479232169e-02,6.258098506315054599e-02
1.228837090090988127e-02,2.060402397869825694e-02,1.658858875962921156e-02,1.019521849948027206e-02,3.581141693602357678e-02,4.389924390209172522e-02,4.586424411567870812e-02,1.160489256574919262e-02,5.548989733585840689e-02,3.367554713864642779e-02,4.248956983582281161e-02,2.486152444147004745e-02,7.264805137478819175e-02,2.214185023280980727e-02,0.000000000000000000e+00,1.574847997266086777e-02,1.177576214953936391e-02,2.615728545187885265e-02,2.147261102963163304e-02,4.120804795739651388e-02,2.312435033960329872e-02,7.250566005496304756e-02,6.998533369405801619e-02,2.127326318187643117e-02,5.586011476740378179e-02,1.191103390337324985e-01,7.573794301499379988e-02,1.004001196087086489e-01,6.518674621595067775e-02,1.744293667858007324e-02,5.446467983311737565e-02,1.698728445513961530e-02,9.098805336826666992e-03,2.134445884178900327e-02,9.440544504407011317e-03,2.197098064901963424e-02,9.654131484144725869e-03,4.456848310526990639e-03,1.564880604878326684e-02,1.151945777385410610e-02,1.752837147047515975e-02,9.753805408022326803e-03,1.564880604878326684e-02,5.652935397058194908e-03,4.200543934841731962e-03,1.476597986586737632e-02,2.527445926896296560e-02,2.558772017257827935e-02,1.092141423058850397e-02,3.435902547380711991e-02,4.412707001381195593e-02,5.271326659926810904e-02,1.355565364735365763e-02,5.520511469620811851e-02,3.240826439220265143e-02,4.671859203462956633e-02,3.450141679363225716e-02,7.004229022198807386e-02,2.342337211123609805e-02,2.295348075581312569e-02,1.955032821199219686e-02,1.476597986586737632e-02,2.464793746173233116e-02,2.980250323940252660e-02,4.119380882541399946e-02,2.442011135001210392e-02,7.328881231400133367e-02,7.177946432385481912e-02,2.225576328866992262e-02,5.294109271098833974e-02,1.423770806931609345e-01,6.599837673895399270e-02,9.604294522205926443e-02,5.419413632544960169e-02,1.673098007945435575e-02,4.808554870495094363e-02
1.086445770265844629e-02,1.937945862820202383e-02,1.544945820102806497e-02,9.383587976476953640e-03,3.320565578322345196e-02,4.032522177448062684e-02,4.261772202366543444e-02,1.072206638283330210e-02,5.178772302040467873e-02,3.095587292998618761e-02,3.935696079966965327e-02,2.259750245625026868e-02,6.772131170883823048e-02,2.060402397869825694e-02,1.574847997266086777e-02,0.000000000000000000e+00,1.099260989050107433e-02,2.436315482208204625e-02,1.986358911560751409e-02,3.847413461675375929e-02,2.105967620213871835e-02,6.762163778496062261e-02,6.391946346950690139e-02,1.903771946062168124e-02,5.175924475643964989e-02,1.094277292856227490e-01,6.984294237423287199e-02,9.339446667331159635e-02,6.087228922524882957e-02,1.651739309971664293e-02,5.013598371043301305e-02,1.564880604878326684e-02,8.215979153910778210e-03,1.956456734397471128e-02,8.728587905281293829e-03,2.066098050662831462e-02,8.885218357088952440e-03,4.200543934841731962e-03,1.445271896225206083e-02,1.066510985490324442e-02,1.613293653618875362e-02,8.842500961141409183e-03,1.469478420595480422e-02,5.325435361460365002e-03,3.901522163208930895e-03,1.365532757123125857e-02,2.330945905537598270e-02,2.372239388286890086e-02,9.995870651725070194e-03,3.148272081333922112e-02,4.076663486593857383e-02,4.864087485226900598e-02,1.272978399236782479e-02,5.104728815731392894e-02,2.990217716328012754e-02,4.301641771917583817e-02,3.108402511782881739e-02,6.491620270828289685e-02,2.185706759315952236e-02,2.127326318187643117e-02,1.828304546554842050e-02,1.374076236312634335e-02,2.276837204004043824e-02,2.785174215779806159e-02,3.861652593657890348e-02,2.241239374047758123e-02,6.893163792735194917e-02,6.671033333807971366e-02,2.021956741517037109e-02,4.898261401984935204e-02,1.309145794472368896e-01,6.070141964145865654e-02,8.992011846957809196e-02,5.083370117757621265e-02,1.603326261231115268e-02,4.462543963319996060e-02
8.443805265631007181e-03,1.480869726181491958e-02,1.156217516980164936e-02,7.318913839012374141e-03,2.563043756852582261e-02,3.099859032593373087e-02,3.283543835167808400e-02,7.902718250295462724e-03,3.945663472354725421e-02,2.373663301485141527e-02,3.035782938672058548e-02,1.792706716598556002e-02,5.178772302040467873e-02,1.566304518076578126e-02,1.177576214953936391e-02,1.099260989050107433e-02,0.000000000000000000e+00,1.848239331330362237e-02,1.492261031767503493e-02,2.911902490424183795e-02,1.618989306411881129e-02,5.138902732489427500e-02,4.855544006037391946e-02,1.490837118569252051e-02,3.949935211949479746e-02,8.315653077788377756e-02,5.336826667046376538e-02,7.118142078058921352e-02,4.596391803955630906e-02,1.241652308875250930e-02,3.814663458115593458e-02,1.214597958108473708e-02,6.379131128166426815e-03,1.497956684560509261e-02,6.749348559711799977e-03,1.553489299292315148e-02,6.806305087641857654e-03,3.317717751925842746e-03,1.103532728644861759e-02,8.329892209770891828e-03,1.223141437297982359e-02,6.806305087641857654e-03,1.106380555041364643e-02,4.100870010964131895e-03,2.990217716328012840e-03,1.022369676344530090e-02,1.774195845021287604e-02,1.771348018624784720e-02,7.717609534522775275e-03,2.419228523829187322e-02,3.055717723447578735e-02,3.747739537797775689e-02,9.440544504407011317e-03,3.895826510415924954e-02,2.309587207563826988e-02,3.287815574762562726e-02,2.460522006578479137e-02,4.982272280681769583e-02,1.641771917583904200e-02,1.564880604878326684e-02,1.372652323114382893e-02,1.052271853507810197e-02,1.735750188668498672e-02,2.087456748636603091e-02,2.884848139657406399e-02,1.712967577496475949e-02,5.170228822850959222e-02,5.013598371043301305e-02,1.563456691680075242e-02,3.776217801762804527e-02,9.937490210596762463e-02,4.639109199903174163e-02,6.857565962778909563e-02,3.763402582978541550e-02,1.187543607341696485e-02,3.341924276296116825e-02
1.863902376511127751e-02,3.260761223995785330e-02,2.578706802033348122e-02,1.606174087627618152e-02,5.628728872687920742e-02,6.803457261245354770e-02,7.247718179099801872e-02,1.751413233849264534e-02,8.694413988523259917e-02,5.248544048754787833e-02,6.679576812997480018e-02,3.907217816001936489e-02,1.147389255151005927e-01,3.481467769724757438e-02,2.615728545187885265e-02,2.436315482208204625e-02,1.848239331330362237e-02,0.000000000000000000e+00,3.316293838727590870e-02,6.440359395691239164e-02,3.569750388016346837e-02,1.136852297483945395e-01,1.073203377522106289e-01,3.286391661564311284e-02,8.697261814919762801e-02,1.837132808384000782e-01,1.179000128152187798e-01,1.578550171581540318e-01,1.018382719389425983e-01,2.736761167039257134e-02,8.456620484415269812e-02,2.674108986316194037e-02,1.411097979467171651e-02,3.309174272736333661e-02,1.493684944965754935e-02,3.455837332156231484e-02,1.500804510957012144e-02,7.205000783152258788e-03,2.446282874595964718e-02,1.834000199347847818e-02,2.695467684289965665e-02,1.497956684560509261e-02,2.466217659371484558e-02,9.070327072861638154e-03,6.621196371869171073e-03,2.269717638012786615e-02,3.915761295191445140e-02,3.931424340372211002e-02,1.717239317091230275e-02,5.342522319839382305e-02,6.807729000840108402e-02,8.264392202651325847e-02,2.114511099403380487e-02,8.611827023024676286e-02,5.086217944154124149e-02,7.283316009056088614e-02,5.388087542183428447e-02,1.101396858847484700e-01,3.670848225092198519e-02,3.508522120491534835e-02,3.065685115835338828e-02,2.328098079141095386e-02,3.843141722080622297e-02,4.649076592290934257e-02,6.391946346950690139e-02,3.770522148969798759e-02,1.148101211750131717e-01,1.111364251235244655e-01,3.457261245354482926e-02,8.332740036167395059e-02,2.203363282974269977e-01,1.023224024263480886e-01,1.513762121061100197e-01,8.374033518916686181e-02,2.635663329963405452e-02,7.420011676088225649e-02
1.517891469336029274e-02,2.598641586808867962e-02,2.090304575033105974e-02,1.291489270814051224e-02,4.496717880078030666e-02,5.403750587364194308e-02,5.776815845306070007e-02,1.448119722621708967e-02,6.933033362286235290e-02,4.241837417591023951e-02,5.403750587364194308e-02,3.116945990972390390e-02,9.142946645972462039e-02,2.820772045736091860e-02,2.147261102963163304e-02,1.986358911560751409e-02,1.492261031767503493e-02,3.316293838727590870e-02,0.000000000000000000e+00,5.173076649247462105e-02,2.890543792450412167e-02,9.085990118042404362e-02,8.749946603255065458e-02,2.614304631989633823e-02,7.029859459767331953e-02,1.479730595622890943e-01,9.444816244001766337e-02,1.269703398880804301e-01,8.164718278773726301e-02,2.235543721254752356e-02,6.837631178003389376e-02,2.113087186205129045e-02,1.137706645402896191e-02,2.658445941135428522e-02,1.181847954548690717e-02,2.823619872132594744e-02,1.220293610901479475e-02,5.709891924988252584e-03,1.935098036423699500e-02,1.465206681000726270e-02,2.194250238505460540e-02,1.217445784504976591e-02,2.003445869939768365e-02,7.190761651169744369e-03,5.325435361460365002e-03,1.843967591735607911e-02,3.149695994532173554e-02,3.159663386919933648e-02,1.376924062709137218e-02,4.342935254666875633e-02,5.506272337638297432e-02,6.621196371869170205e-02,1.707271924703470181e-02,6.918794230303720871e-02,4.089478705378120360e-02,5.855131071209899313e-02,4.278859160745560747e-02,8.789816172806105832e-02,2.978826410742001218e-02,2.846402483304617814e-02,2.467641572569736000e-02,1.855358897321619446e-02,3.106978598584630297e-02,3.734924319013512711e-02,5.173076649247462105e-02,3.032935112275555664e-02,9.209870566290279115e-02,8.983468367768300544e-02,2.759543778211280204e-02,6.695239858178245185e-02,1.769924105426533278e-01,8.186076976747497236e-02,1.220863176180780052e-01,6.759315952099559377e-02,2.155804582152671955e-02,5.974739779863019740e-02
2.886272052855657841e-02,5.059163593387347446e-02,4.053880875421834312e-02,2.498967662931267722e-02,8.737131384470803175e-02,1.068219681328226173e-01,1.126600122456535014e-01,2.769511170599040298e-02,1.359267539050819373e-01,8.174685671161485701e-02,1.035184895128792998e-01,6.161272408833957243e-02,1.790570846801179117e-01,5.353913625425393841e-02,4.120804795739651388e-02,3.847413461675375929e-02,2.911902490424183795e-02,6.440359395691239164e-02,5.173076649247462105e-02,0.000000000000000000e+00,5.584587563542126737e-02,1.767645844309330971e-01,1.685770835409873547e-01,5.121815774110410197e-02,1.363966452605049062e-01,2.887411183414259064e-01,1.854362158082843159e-01,2.448276353073516598e-01,1.587236042090874044e-01,4.217630893220749438e-02,1.328795796608238655e-01,4.223326546013755206e-02,2.218456762875735053e-02,5.241424482763530623e-02,2.359424169502627108e-02,5.372424497002662586e-02,2.348032863916615573e-02,1.127739253015136271e-02,3.841717808882370855e-02,2.874880747269646306e-02,4.287402639935069398e-02,2.362271995899129992e-02,3.820359110908599226e-02,1.405402326674165883e-02,1.049424027111307313e-02,3.576869954007603353e-02,6.125674578877671889e-02,6.221076763160517803e-02,2.682652465505702688e-02,8.312805251391874872e-02,1.066653376810149656e-01,1.287929487818422480e-01,3.294935140753819935e-02,1.344031667829529153e-01,7.901294337097210241e-02,1.137421862763245972e-01,8.423870480855487342e-02,1.715530621253328336e-01,5.644391917868686603e-02,5.544717993991086363e-02,4.760141821754546032e-02,3.628130829144655262e-02,6.018881089008813745e-02,7.306098620228110296e-02,9.981631519742556469e-02,5.875065855985418806e-02,1.795412151675233881e-01,1.745575189736433552e-01,5.452163636104743333e-02,1.298039271526007787e-01,3.455552549516581196e-01,1.611015392501673194e-01,2.362129604579304709e-01,1.302168619800936900e-01,4.073815660197354499e-02,1.161201213174044844e-01
1.661706702359424040e-02,2.788022042176309043e-02,2.262598072021529405e-02,1.396858847484657405e-02,4.926739665949963348e-02,5.923478904725967831e-02,6.332141992624129578e-02,1.554913212490566590e-02,7.492631249199048493e-02,4.570761366387104951e-02,5.829500633641373358e-02,3.461532984949237252e-02,9.987327172535562236e-02,2.995913369121018521e-02,2.312435033960329872e-02,2.105967620213871835e-02,1.618989306411881129e-02,3.569750388016346837e-02,2.890543792450412167e-02,5.584587563542126737e-02,0.000000000000000000e+00,9.770892366401344453e-02,9.523131469905594948e-02,2.893391618846915050e-02,7.609392131455666730e-02,1.616426262655028534e-01,1.027922937817710575e-01,1.363681669965398913e-01,8.815446610374631786e-02,2.343761124321861247e-02,7.394381238519699695e-02,2.372239388286890086e-02,1.225989263694485243e-02,2.941804667587463729e-02,1.325663187572085656e-02,2.991641629526264196e-02,1.302880576400062586e-02,6.265218072306312329e-03,2.172891540531689258e-02,1.597630608438109501e-02,2.392174173062410272e-02,1.342750145951102786e-02,2.117358925799883371e-02,7.845761722365405047e-03,5.838044112830881489e-03,2.024804567913539993e-02,3.421663415398197572e-02,3.440174286975466317e-02,1.527858861723789367e-02,4.684674422247219611e-02,5.932022383915476482e-02,7.244870352703298988e-02,1.828304546554842050e-02,7.504022554785060029e-02,4.442609178544475873e-02,6.367739822580414932e-02,4.765837474547551800e-02,9.592903216619914908e-02,3.153967734126927880e-02,3.068532942231841712e-02,2.635663329963405452e-02,2.033348047103048645e-02,3.363282974269888453e-02,4.032522177448062684e-02,5.536174514801577712e-02,3.303478619943328587e-02,9.904740207036978605e-02,9.705392359281778125e-02,3.074228595024847133e-02,7.234902960315539588e-02,1.928120861752267712e-01,8.959261843398026726e-02,1.311708838229221630e-01,7.237750786712042472e-02,2.256902419228523984e-02,6.456022440872004331e-02
