0.000000000000000000e+00,1.241362357632534892e-02,1.276868871712233400e-02,4.383688853685849610e-03,2.137219020566465469e-02,2.477262174637423833e-02,3.233824051566383528e-02,4.178843580149127317e-03,3.033075683500395872e-02,1.858629448556523706e-02,2.505940512932565076e-02,1.349247535028541729e-02,4.536639991259935195e-02,1.168983694316226563e-02,1.212684019337393823e-02,1.215415289651216799e-02,7.811433097533663009e-03,1.472154699150574932e-02,1.151230437276377222e-02,2.650697839565181735e-02,1.123917734138147641e-02,4.742850899953568455e-02,3.591620462677191233e-02,1.410701117089558330e-02,3.704968180700844022e-02,7.297954278534946049e-02,4.382323218528937775e-02,6.228661950673258091e-02,4.311310190369541107e-02,9.272662715428946212e-03,2.710785786469286848e-02,1.301450304536640006e-02,7.879714855379237395e-03,1.399776035834266602e-02,7.251522683199956507e-03,1.211318384180482335e-02,4.588534127222571035e-03,4.752410346051948696e-03,1.212684019337393823e-02,6.623330511020675618e-03,1.152596072433288710e-02,6.705268620435364882e-03,8.412312566574714143e-03,3.782809384644798475e-03,2.840521126375877576e-03,7.087646464370578846e-03,1.582771146860404918e-02,1.633299647666129617e-02,6.951082948679430940e-03,2.160434818233960760e-02,2.744926665392073695e-02,3.521973069674705359e-02,6.008794690410509606e-03,3.838800426078169126e-02,1.888673422008576089e-02,3.065850927266271578e-02,2.373473902712151459e-02,4.846639171878840829e-02,1.412066752246469818e-02,1.533608281211591533e-02,1.323300467047223636e-02,8.357687160298254633e-03,1.343784994400895778e-02,1.689290689099500267e-02,2.960697020184087716e-02,1.861360718870346681e-02,4.817960833583699587e-02,4.247125337994701183e-02,1.335591183459427025e-02,3.196951902329773360e-02,9.765657007073989815e-02,4.869854969546336121e-02,6.497692076584819787e-02,4.335891623193947192e-02,8.589845136973205814e-03,3.098626171032146936e-02
1.241362357632534892e-02,0.000000000000000000e+00,2.262857455002321647e-02,7.620244175566055593e-03,3.704968180700844022e-02,4.374129407587468849e-02,5.603201048807800178e-02,7.169584573785267242e-03,5.466637533116652792e-02,3.252942943763144357e-02,4.401442110725698603e-02,2.307923415180400395e-02,7.956190424166280362e-02,2.074399803348537380e-02,2.105809411957501598e-02,2.174091169803075291e-02,1.373828967852948335e-02,2.613825690328571913e-02,2.062109086936333990e-02,4.734657089012099529e-02,1.881845246224018650e-02,8.446453445497500989e-02,6.328353317127796696e-02,2.403517876164203843e-02,6.516810968781580615e-02,1.284652992106628810e-01,7.829186354573512696e-02,1.095239395843006641e-01,7.711741731079124751e-02,1.614180755469368789e-02,4.701881845246223823e-02,2.310654685494223370e-02,1.403872941305000892e-02,2.443121295714636987e-02,1.279600142026056375e-02,2.144047196351022908e-02,7.961652964793924925e-03,8.507907027558518284e-03,2.112637587742058690e-02,1.156692977904023173e-02,1.999289869718405901e-02,1.128014639608882104e-02,1.500833037445716001e-02,6.691612268866250005e-03,5.066506432141589140e-03,1.226340370906508700e-02,2.732635948979870652e-02,2.923824870947477547e-02,1.196296397454456144e-02,3.760959222134214325e-02,4.880780050801628023e-02,6.145358206101658033e-02,1.057001611449485089e-02,6.946986043208695782e-02,3.308933985196514660e-02,5.454346816704449402e-02,4.061398956654740239e-02,8.446453445497500989e-02,2.514134323874033655e-02,2.676644907546500002e-02,2.335236118318630150e-02,1.498101767131893025e-02,2.373473902712151459e-02,3.038538224128041823e-02,5.295933138502717519e-02,3.180564280446835507e-02,8.608964029169967336e-02,7.482315024717996199e-02,2.309289050337311883e-02,5.648267008985879273e-02,1.711550542157157240e-01,8.715483571409061991e-02,1.145494769617348974e-01,7.706279190451478800e-02,1.503564307759538976e-02,5.418840302624750721e-02
1.276868871712233400e-02,2.262857455002321647e-02,0.000000000000000000e+00,7.811433097533663009e-03,3.815584628410673834e-02,4.525714910004643293e-02,5.747958375440417184e-02,7.374429847321989535e-03,5.627782481632206957e-02,3.403162811023407314e-02,4.558490153770518999e-02,2.404883511321115330e-02,8.182885860213585938e-02,2.150875372135580346e-02,2.182284980744544217e-02,2.242372927648649331e-02,1.422991833501761720e-02,2.669816731761942563e-02,2.185016251058367193e-02,4.994127768825280811e-02,1.932373747029743696e-02,8.770108977685521501e-02,6.568705104744217149e-02,2.482724715265069784e-02,6.686149728238603707e-02,1.323300467047223705e-01,8.076366317974489895e-02,1.132248108595307612e-01,7.941168437440253303e-02,1.674268702373473902e-02,4.921749105508971961e-02,2.329773577690984199e-02,1.424357468658673208e-02,2.575587905935050256e-02,1.330128642831781074e-02,2.230082211236445941e-02,8.275749050883565369e-03,8.876628519924616503e-03,2.131756479938819518e-02,1.185371316199164242e-02,2.115368858055881665e-02,1.174446234943872340e-02,1.548630267937617724e-02,6.855488487695627665e-03,5.285008057247425443e-03,1.261846884986207035e-02,2.836424220905143026e-02,3.095894900718323961e-02,1.248190533417092331e-02,3.886597656570070503e-02,5.073334607926146406e-02,6.322890776500150745e-02,1.070657963018599966e-02,7.190069101138939212e-02,3.420916068063255960e-02,5.603201048807800178e-02,4.228006445797940355e-02,8.746893180018026903e-02,2.582416081719607695e-02,2.803648977139267320e-02,2.418539862890230208e-02,1.534973916368503020e-02,2.433561849616256573e-02,3.183295550760658482e-02,5.540381831589872436e-02,3.237920957037117992e-02,8.908038128533581068e-02,7.789582935023078858e-02,2.380302078496708898e-02,5.790293065304673303e-02,1.767541583590527821e-01,9.036407833283259528e-02,1.189741348701280899e-01,7.986234397618331704e-02,1.556824078879086651e-02,5.618223035533826543e-02
4.383688853685849610e-03,7.620244175566055593e-03,7.811433097533663009e-03,0.000000000000000000e+00,1.298719034222817030e-02,1.529511375740857070e-02,1.954223909540327153e-02,2.540081391855352009e-03,1.890039057165487577e-02,1.136208450550351030e-02,1.525414470270122606e-02,8.152841886761533208e-03,2.768142463059568986e-02,7.101302815939693723e-03,7.319804441045530026e-03,7.415398902029334167e-03,4.834348455466637960e-03,8.931253926201076013e-03,7.046677409663234214e-03,1.641493458607598543e-02,6.677955917297135127e-03,2.907437249064540041e-02,2.157703547920137785e-02,8.439625269712943897e-03,2.254663644060852720e-02,4.431486084177751333e-02,2.687569988801791557e-02,3.789637560429355567e-02,2.657526015349739174e-02,5.640073198044410520e-03,1.660612350804359025e-02,7.988965667932154679e-03,4.807035752328408205e-03,8.617157840111435568e-03,4.479283314669652884e-03,7.292491737907300271e-03,2.744926665392073868e-03,2.936115587359680850e-03,7.388086198891104413e-03,3.933029251905061259e-03,7.005708354955889582e-03,3.987654658181519901e-03,5.203069947832737047e-03,2.280610712042170640e-03,1.707043946139349478e-03,4.274438041132930591e-03,9.422882582689208128e-03,1.005107475486848902e-02,4.165187228580012439e-03,1.321934831890312148e-02,1.700215770354792169e-02,2.167262994018517852e-02,3.687214923660994768e-03,2.372108267555239972e-02,1.152596072433288710e-02,1.870920164968727095e-02,1.433916914757053448e-02,2.978450277223936710e-02,8.658126894818780200e-03,9.409226231120093251e-03,8.152841886761533208e-03,5.148444541556277537e-03,8.180154589899762962e-03,1.046076530194193360e-02,1.823122934476825024e-02,1.111627017725944251e-02,2.953868844399530277e-02,2.612460055171660425e-02,8.016278371070384434e-03,1.962417720481796080e-02,5.952803648977138956e-02,3.000300439734520513e-02,4.002676644907546266e-02,2.649332204408270247e-02,5.189413596263622169e-03,1.909157949362248405e-02
2.137219020566465469e-02,3.704968180700844022e-02,3.815584628410673834e-02,1.298719034222817030e-02,0.000000000000000000e+00,7.377161117635812337e-02,9.594952612460054542e-02,1.233168546691065966e-02,9.164777538032939375e-02,5.650998279299702248e-02,7.505530822385492185e-02,4.010870455849015193e-02,1.358943544642613188e-01,3.513779258733237126e-02,3.557479583754404040e-02,3.646245868953650049e-02,2.365280091770682533e-02,4.379591948215114799e-02,3.470078933712069519e-02,7.976674951519951984e-02,3.263868025018436259e-02,1.415617403654439721e-01,1.061781334498675400e-01,4.094174200420615944e-02,1.101384754049108267e-01,2.161663889875180822e-01,1.314833529074372620e-01,1.854259416054406806e-01,1.290798350312730436e-01,2.749023570862808158e-02,8.055881790620818272e-02,3.900254008139185380e-02,2.359817551143036582e-02,4.223909540327205892e-02,2.185016251058367193e-02,3.672192936934968316e-02,1.360172616283833631e-02,1.438013820227787912e-02,3.586157922049545282e-02,1.944664463441946739e-02,3.464616393084423568e-02,1.950127004069592690e-02,2.514134323874033655e-02,1.140305356021085320e-02,8.439625269712943897e-03,2.071668533034714405e-02,4.606287384262420376e-02,4.943599268019555765e-02,2.068937262720891429e-02,6.512714063310845458e-02,8.184251495370496732e-02,1.051129380274765795e-01,1.816294758692267933e-02,1.163521153688580612e-01,5.722011307459098917e-02,9.230328025564690786e-02,7.045311774506322899e-02,1.441564471635757849e-01,4.208887553601180220e-02,4.555758883456696023e-02,3.922104170649769184e-02,2.570125365307404305e-02,3.991751563652254364e-02,5.162100893125392415e-02,8.893016141807554009e-02,5.473465708901210230e-02,1.436238494523802978e-01,1.270177259443367179e-01,3.901619643296096868e-02,9.478873624122578778e-02,2.901018763827055702e-01,1.463278070630650296e-01,1.955452981181547423e-01,1.296670581487449903e-01,2.556469013738289775e-02,9.289050337311884065e-02
2.477262174637423833e-02,4.374129407587468849e-02,4.525714910004643293e-02,1.529511375740857070e-02,7.377161117635812337e-02,0.000000000000000000e+00,1.111490454210253137e-01,1.443476360855433863e-02,1.088001529511375687e-01,6.453991751563652179e-02,8.684073962800098467e-02,4.624040641302269716e-02,1.576898915685685520e-01,4.092808565263704457e-02,4.255319148936170109e-02,4.320869636467921521e-02,2.712151421626198336e-02,5.159369622811569439e-02,4.101002376205172689e-02,9.597683882773877517e-02,3.810122087783027883e-02,1.690246633709338309e-01,1.263622210690192038e-01,4.824789009368257026e-02,1.287930516483216381e-01,2.564799388195449503e-01,1.561603801928276858e-01,2.177778384726736516e-01,1.540026766449075490e-01,3.236555321880206504e-02,9.523939584300658567e-02,4.531177450632289244e-02,2.744926665392073695e-02,4.897167672684565876e-02,2.555103378581378287e-02,4.199328107502799806e-02,1.575942971075847479e-02,1.692021959413323243e-02,4.124218173872667981e-02,2.286073252669816591e-02,4.004042280064457754e-02,2.269685630786879085e-02,2.952503209242618790e-02,1.289159588124436616e-02,9.914511239177341978e-03,2.469068363695954907e-02,5.478928249528856181e-02,5.865402998934804435e-02,2.369376997241416996e-02,7.475486848933439454e-02,9.801163521153688496e-02,1.220058449184715788e-01,2.079862343976183331e-02,1.377516182776609421e-01,6.527736050036872517e-02,1.072433288722584865e-01,8.128260453937126429e-02,1.681233441673722351e-01,4.980471417256165934e-02,5.421571572938573697e-02,4.655450249911233934e-02,2.941578127987326888e-02,4.730560183541365066e-02,6.072979542785349183e-02,1.062191025045748777e-01,6.354300385109114269e-02,1.714828066533744810e-01,1.499330838773113295e-01,4.619943735831535253e-02,1.119547701636030984e-01,3.410810367902111229e-01,1.744189222407341588e-01,2.274192226804686856e-01,1.535656733946958730e-01,2.997569169420697538e-02,1.081719607789582982e-01
3.233824051566383528e-02,5.603201048807800178e-02,5.747958375440417184e-02,1.954223909540327153e-02,9.594952612460054542e-02,1.111490454210253137e-01,0.000000000000000000e+00,1.858629448556523706e-02,1.381339961215961587e-01,8.473766148635730744e-02,1.127468385546117474e-01,6.021085406822713343e-02,2.043126758255264519e-01,5.304126949444186445e-02,5.354655450249911491e-02,5.492584601097970365e-02,3.567039029852784454e-02,6.619233605549941502e-02,5.200338677518914071e-02,1.195340452844618068e-01,4.913555294567503035e-02,2.134078059705569186e-01,1.603392237729768244e-01,6.186327260809001971e-02,1.665665200884931529e-01,3.264550842596891655e-01,1.976347199082293116e-01,2.793816404009504817e-01,1.946712916177314179e-01,4.141971430912517321e-02,1.209952749023570917e-01,5.900909513014503116e-02,3.595717368147925697e-02,6.346106574167645342e-02,3.288449457842843038e-02,5.525359844863846071e-02,2.058012181465599527e-02,2.150875372135580346e-02,5.458443722175183865e-02,2.952503209242618790e-02,5.197607407205091096e-02,2.947040668614972839e-02,3.793734465900090030e-02,1.738453554748313479e-02,1.282331412339879351e-02,3.134132685111845618e-02,6.952448583836341733e-02,7.446808510638297518e-02,3.140960860896403056e-02,9.801163521153688496e-02,1.236036380520580125e-01,1.588370251003741740e-01,2.742195395078251066e-02,1.758255264523529982e-01,8.567994974462622704e-02,1.392947860049709163e-01,1.057274738480867421e-01,2.177095567148280564e-01,6.342009668696911573e-02,6.835003960341955176e-02,5.920028405211263944e-02,3.856553683118018466e-02,6.008794690410509953e-02,7.752710785786469383e-02,1.337639636194794257e-01,8.229317455548575133e-02,2.160981072296725147e-01,1.911342965613306855e-01,5.900909513014503116e-02,1.434190041788435677e-01,4.380001638762188176e-01,2.203862016223745723e-01,2.943490017207002762e-01,1.955862671728620938e-01,3.826509709665965736e-02,1.396635074973370250e-01
4.178843580149127317e-03,7.169584573785267242e-03,7.374429847321989535e-03,2.540081391855352009e-03,1.233168546691065966e-02,1.443476360855433863e-02,1.858629448556523706e-02,0.000000000000000000e+00,1.782153879769480739e-02,1.066561057547865503e-02,1.440745090541610887e-02,7.743151339688088622e-03,2.619288230956217864e-02,6.746237675142708647e-03,7.073990112801463968e-03,6.951082948679430940e-03,4.479283314669652884e-03,8.453281621282058775e-03,6.705268620435364882e-03,1.544533362466883261e-02,6.486766995329527712e-03,2.749023570862808158e-02,2.070302897877802917e-02,8.139185535192418330e-03,2.126293939311173567e-02,4.247125337994701183e-02,2.553737743424466800e-02,3.612104990030863549e-02,2.516865594187856631e-02,5.407915221369459340e-03,1.560920984349821114e-02,7.483680659874907687e-03,4.602190478791685913e-03,8.002622019501269557e-03,4.192499931718242194e-03,6.869144839264741675e-03,2.635675852839155283e-03,2.772239368530303623e-03,6.882801190833856553e-03,3.769153033075683598e-03,6.623330511020675618e-03,3.769153033075683598e-03,4.888973861743096602e-03,2.157703547920137611e-03,1.611449485155545770e-03,4.178843580149127317e-03,9.081473793461339664e-03,9.463851637396552760e-03,3.960341955043291014e-03,1.253653074044738282e-02,1.597793133586430936e-02,2.042990194739573509e-02,3.523338704831617107e-03,2.231447846393357429e-02,1.084314314587714670e-02,1.779422609455657764e-02,1.367000792068391070e-02,2.781798814628683864e-02,8.330374457160024879e-03,8.890284871493731381e-03,7.606587823996940716e-03,4.848004807035751970e-03,7.784120394395433254e-03,9.914511239177341978e-03,1.724797203179198601e-02,1.084314314587714670e-02,2.787261355256329814e-02,2.466337093382131931e-02,7.674869581842515102e-03,1.850435637615054779e-02,5.635976292573675883e-02,2.845983667003523440e-02,3.739109059623631215e-02,2.511403053560211027e-02,4.943599268019556112e-03,1.795810231338595617e-02
3.033075683500395872e-02,5.466637533116652792e-02,5.627782481632206957e-02,1.890039057165487577e-02,9.164777538032939375e-02,1.088001529511375687e-01,1.381339961215961587e-01,1.782153879769480739e-02,0.000000000000000000e+00,8.121432278152568296e-02,1.090323109278125285e-01,5.735667659028213794e-02,1.964466173217163381e-01,5.149810176713189025e-02,5.249501543167727630e-02,5.403818315898724356e-02,3.408625351651052571e-02,6.456723021877475155e-02,5.159369622811569439e-02,1.195067325813235770e-01,4.662278425695791373e-02,2.106765356567339431e-01,1.569114795291290110e-01,5.911834594269795018e-02,1.610356977030016623e-01,3.188758091388304572e-01,1.949853877038210392e-01,2.717750525769535574e-01,1.918717395460628750e-01,4.024526807418130070e-02,1.177587195804768866e-01,5.599104143337066408e-02,3.401797175866495826e-02,6.045666839647120122e-02,3.151885942151694958e-02,5.300030043973451982e-02,1.956955179854150129e-02,2.107175047114413086e-02,5.067872067298500455e-02,2.840521126375877489e-02,4.959986889902493618e-02,2.759948652118100060e-02,3.703602545543932534e-02,1.615546390626280276e-02,1.239996722475623404e-02,3.034441318657307360e-02,6.783109824379318642e-02,7.319804441045529853e-02,2.949771938928795814e-02,9.298609783410263785e-02,1.214186218009996460e-01,1.519815366126785472e-01,2.605631879387102987e-02,1.726026274820418871e-01,8.182885860213585938e-02,1.344058121432278041e-01,1.006746237675142652e-01,2.093791822576680506e-01,6.258705924125310127e-02,6.716193701690656437e-02,5.772539808264823963e-02,3.718624532269958899e-02,5.884521891131565263e-02,7.617512905252232791e-02,1.326714554939502355e-01,7.833283260044246465e-02,2.137765274629229995e-01,1.862453226995875732e-01,5.690601698850135393e-02,1.387895009969136728e-01,4.233332422909895643e-01,2.169448010269576510e-01,2.845847103487832430e-01,1.916532379209570369e-01,3.736377789309808239e-02,1.344194684947969398e-01
1.858629448556523706e-02,3.252942943763144357e-02,3.403162811023407314e-02,1.136208450550351030e-02,5.650998279299702248e-02,6.453991751563652179e-02,8.473766148635730744e-02,1.066561057547865503e-02,8.121432278152568296e-02,0.000000000000000000e+00,6.699806079807718584e-02,3.512413623576325639e-02,1.196159833938764960e-01,3.169639199191544299e-02,3.132767049954934130e-02,3.226995875781826090e-02,2.093518695545298208e-02,3.879769480785513064e-02,3.162811023406986860e-02,7.112227897194985105e-02,2.835058585748231538e-02,1.252287438887826621e-01,9.413323136590828755e-02,3.567039029852784454e-02,9.726053587523557364e-02,1.899598503263867921e-01,1.168164313222079531e-01,1.646682872203862058e-01,1.136481577581733293e-01,2.458143282440663005e-02,7.050774315133968850e-02,3.389506459454292436e-02,2.062109086936333990e-02,3.684483653347171705e-02,1.880479611067107162e-02,3.303471444568868709e-02,1.205855843552836384e-02,1.264578155300030010e-02,3.089066724933766522e-02,1.716603392237729675e-02,3.034441318657307360e-02,1.668806161745827951e-02,2.247835468276295282e-02,1.010570016114494853e-02,7.456367956736677932e-03,1.835413650889028414e-02,4.060033321497828751e-02,4.391882664627318189e-02,1.836779286045939902e-02,5.741130199655859745e-02,7.149100046431595967e-02,9.234424931035424555e-02,1.592330592958784985e-02,1.025318875809138885e-01,5.071968972769234918e-02,8.184251495370496732e-02,6.175402179553710763e-02,1.269631005380602584e-01,3.785540654958621104e-02,4.002676644907546266e-02,3.476907109496626958e-02,2.281976347199082128e-02,3.538360691557643212e-02,4.598093573320951449e-02,7.945265342910988460e-02,4.787916860131647551e-02,1.279873269057438534e-01,1.115723923196678818e-01,3.405894081337230289e-02,8.368612241553546882e-02,2.549367710922350039e-01,1.293119930079479896e-01,1.739136372326769153e-01,1.149045421025318842e-01,2.286073252669816591e-02,8.169229508644471061e-02
2.505940512932565076e-02,4.401442110725698603e-02,4.558490153770518999e-02,1.525414470270122606e-02,7.505530822385492185e-02,8.684073962800098467e-02,1.127468385546117474e-01,1.440745090541610887e-02,1.090323109278125285e-01,6.699806079807718584e-02,0.000000000000000000e+00,4.712806926501515725e-02,1.598202824133504452e-01,4.199328107502799806e-02,4.196596837188976831e-02,4.338622893507770167e-02,2.791358260727064278e-02,5.183951055635976218e-02,4.188403026247507904e-02,9.544424111654330189e-02,3.814218993253762346e-02,1.686149728238603707e-01,1.262256575533280412e-01,4.820692103897522562e-02,1.297353399065905577e-01,2.559883101630568425e-01,1.565017889820555508e-01,2.203725452708054644e-01,1.536885805588178999e-01,3.284352552372108575e-02,9.461120367082730132e-02,4.577609045967279133e-02,2.789992625570152790e-02,4.913555294567503035e-02,2.549640837953732336e-02,4.344085434135416118e-02,1.615546390626280276e-02,1.716603392237729675e-02,4.174746674678393027e-02,2.280610712042170640e-02,4.050473875399448337e-02,2.256029279217764208e-02,3.031710048343484384e-02,1.341053724087072976e-02,1.001010570016114438e-02,2.460874552754485980e-02,5.451615546390626427e-02,5.873596809876273361e-02,2.430830579302433597e-02,7.654385054488842266e-02,9.683718897659301938e-02,1.230710403408625392e-01,2.146778466664845883e-02,1.389260645126048077e-01,6.761259661868734838e-02,1.096331903968535831e-01,8.225220550077841364e-02,1.693660721601616959e-01,5.062409526670854504e-02,5.395624504957255430e-02,4.673203506951083275e-02,3.039903859284953311e-02,4.751044710895037382e-02,6.160380192827684398e-02,1.064785731843880534e-01,6.430775953896157582e-02,1.719471226067244007e-01,1.498648021194657620e-01,4.589899762379482523e-02,1.129243711250102478e-01,3.417775107202359886e-01,1.739819189905224828e-01,2.310791249009914450e-01,1.537432059650943594e-01,3.068582197580094553e-02,1.092917816076257043e-01
1.349247535028541729e-02,2.307923415180400395e-02,2.404883511321115330e-02,8.152841886761533208e-03,4.010870455849015193e-02,4.624040641302269716e-02,6.021085406822713343e-02,7.743151339688088622e-03,5.735667659028213794e-02,3.512413623576325639e-02,4.712806926501515725e-02,0.000000000000000000e+00,8.512003933029252400e-02,2.206866413568950996e-02,2.269685630786879085e-02,2.275148171414525036e-02,1.477617239778220883e-02,2.751754841176631133e-02,2.194575697156747607e-02,5.009149755551307176e-02,2.094884330702209696e-02,8.886187966022997264e-02,6.714828066533744255e-02,2.582416081719607695e-02,6.900554447873706587e-02,1.358806981126922109e-01,8.275749050883565716e-02,1.170485892988829130e-01,8.072269412503756125e-02,1.743916095375959430e-02,5.070603337612323430e-02,2.429464944145522109e-02,1.481714145248955346e-02,2.627482041897686443e-02,1.347881899871630242e-02,2.294267063611285518e-02,8.521563379127631427e-03,8.903941223062846258e-03,2.243738562805560818e-02,1.227706006063420015e-02,2.161800453390872248e-02,1.220877830278862750e-02,1.571846065605113016e-02,7.142271870647038355e-03,5.285008057247425443e-03,1.326031737361046611e-02,2.908802884221451529e-02,3.109551252287438838e-02,1.308278480321197444e-02,4.087346024636058506e-02,5.115669297790402525e-02,6.604211618823914443e-02,1.129380274765793592e-02,7.241963237101575745e-02,3.571135935323518917e-02,5.786196159833938840e-02,4.441045530276131748e-02,9.082839428618250111e-02,2.653429109879004710e-02,2.870565099827929872e-02,2.463605823068308956e-02,1.592330592958784985e-02,2.511403053560211027e-02,3.232458416409472041e-02,5.599104143337066408e-02,3.471444568868981007e-02,9.033676562969436552e-02,7.973943681206129008e-02,2.466337093382131931e-02,5.974653811487722760e-02,1.825034823696501107e-01,9.186627700543523178e-02,1.229071641220331607e-01,8.122797913309480478e-02,1.619643296097014740e-02,5.825799579384371985e-02
4.536639991259935195e-02,7.956190424166280362e-02,8.182885860213585938e-02,2.768142463059568986e-02,1.358943544642613188e-01,1.576898915685685520e-01,2.043126758255264519e-01,2.619288230956217864e-02,1.964466173217163381e-01,1.196159833938764960e-01,1.598202824133504452e-01,8.512003933029252400e-02,0.000000000000000000e+00,7.500068281757846234e-02,7.646191243547373340e-02,7.801873651435282941e-02,5.036462458689536237e-02,9.420151312375385499e-02,7.404473820774042092e-02,1.708136454264878590e-01,6.971567476033102562e-02,3.045093272881216895e-01,2.279654767432332807e-01,8.744161909704203928e-02,2.357495971376287192e-01,4.631824761696665127e-01,2.819763471990822667e-01,3.971949853877038139e-01,2.773741567202905878e-01,5.896812607543768653e-02,1.714145248955289136e-01,8.335836997787671176e-02,5.063775161827765992e-02,8.932619561357987847e-02,4.656815885068145422e-02,7.792314205336901833e-02,2.895146532652336652e-02,3.056291481167891164e-02,7.647556878704285521e-02,4.181574850462950466e-02,7.296588643378035255e-02,4.128315079343402444e-02,5.403818315898724356e-02,2.422636768360964671e-02,1.812197853221533470e-02,4.453336246688334443e-02,9.877639089940731809e-02,1.055909103323955933e-01,4.404173381039521579e-02,1.375331166525551041e-01,1.749105508972222944e-01,2.244011689836943046e-01,3.852456777647284003e-02,2.498429519569551893e-01,1.210635566602026592e-01,1.971977166580176355e-01,1.493048917051320590e-01,3.086881708682708281e-01,9.017288941086498699e-02,9.720591046895911413e-02,8.383634228279572553e-02,5.458443722175183865e-02,8.555704258050418620e-02,1.102340698658946239e-01,1.902602900609073333e-01,1.162565209078742501e-01,3.081692295086444489e-01,2.708327643186846378e-01,8.368612241553546882e-02,2.036981400049162894e-01,6.197252342064294428e-01,3.127714199874361833e-01,4.176931690929451269e-01,2.776472837516729131e-01,5.459809357332095353e-02,1.970884658454647165e-01
1.168983694316226563e-02,2.074399803348537380e-02,2.150875372135580346e-02,7.101302815939693723e-03,3.513779258733237126e-02,4.092808565263704457e-02,5.304126949444186445e-02,6.746237675142708647e-03,5.149810176713189025e-02,3.169639199191544299e-02,4.199328107502799806e-02,2.206866413568950996e-02,7.500068281757846234e-02,0.000000000000000000e+00,1.952858274383415665e-02,2.048452735367219460e-02,1.324666102204135124e-02,2.436293119930079548e-02,1.989730423620025834e-02,4.473820774042006759e-02,1.756206811788162819e-02,7.912490099145112754e-02,5.921394040368175432e-02,2.258760549531587183e-02,6.130336219375631668e-02,1.198754540736896718e-01,7.337557698085379887e-02,1.028732963701417535e-01,7.210553628492612221e-02,1.524048835113211119e-02,4.456067517002157419e-02,2.152241007292491834e-02,1.301450304536640006e-02,2.327042307377161223e-02,1.203124573239013409e-02,2.015677491601343754e-02,7.592931472427825838e-03,8.111872832054188576e-03,1.981536612678556908e-02,1.061098516920219552e-02,1.911889219676071380e-02,1.067926692704776991e-02,1.424357468658673208e-02,6.404828885914839315e-03,4.779723049190178451e-03,1.140305356021085320e-02,2.566028459836670189e-02,2.780433179471772376e-02,1.143036626334908296e-02,3.587523557206456770e-02,4.563952694398164256e-02,5.784830524677027352e-02,1.016032556742140804e-02,6.523639144566137360e-02,3.186026821074481458e-02,5.162100893125392415e-02,3.863381858902575905e-02,7.942534072597165484e-02,2.354355010515390631e-02,2.546909567639909361e-02,2.197306967470570582e-02,1.440745090541610887e-02,2.225985305765711478e-02,2.896512167809248139e-02,4.990030863354546348e-02,2.990740993636140099e-02,8.068172507033020968e-02,7.053505585447791826e-02,2.153606642449403322e-02,5.302761314287274957e-02,1.611312921639854734e-01,8.185617130527408913e-02,1.085953076776008525e-01,7.246060142572310903e-02,1.425723103815584696e-02,5.126594379045694427e-02
1.212684019337393823e-02,2.105809411957501598e-02,2.182284980744544217e-02,7.319804441045530026e-03,3.557479583754404040e-02,4.255319148936170109e-02,5.354655450249911491e-02,7.073990112801463968e-03,5.249501543167727630e-02,3.132767049954934130e-02,4.196596837188976831e-02,2.269685630786879085e-02,7.646191243547373340e-02,1.952858274383415665e-02,0.000000000000000000e+00,2.067571627563979941e-02,1.305547210007374469e-02,2.493649796520361686e-02,1.973342801737087981e-02,4.628137546773004180e-02,1.884576516537841626e-02,8.151476251604621026e-02,6.120776773277251254e-02,2.352989375358479143e-02,6.215005599104143214e-02,1.248873350995547971e-01,7.558790593505039512e-02,1.054953158714117961e-01,7.426323983284625896e-02,1.578674241389670455e-02,4.604921749105508888e-02,2.157703547920137785e-02,1.324666102204135124e-02,2.352989375358479143e-02,1.230437276377242990e-02,1.995192964247671438e-02,7.497337011444022564e-03,8.125529183623303453e-03,1.962417720481796080e-02,1.102067571627564010e-02,1.925545571245186258e-02,1.088411220058449133e-02,1.407969846775735355e-02,6.131701854532543502e-03,4.766066697621063573e-03,1.203124573239013409e-02,2.669816731761942563e-02,2.826864774806762612e-02,1.137574085707262518e-02,3.623030071286155451e-02,4.719635102286073164e-02,5.891350066916122702e-02,1.006473110643760389e-02,6.600114713353180673e-02,3.140960860896403056e-02,5.182585420479064731e-02,3.994482833966077340e-02,8.137819900035506149e-02,2.402152241007292355e-02,2.632944582525332394e-02,2.234179116707180404e-02,1.406604211618823867e-02,2.279245076885259499e-02,2.938846857673503912e-02,5.129325649359517403e-02,3.121841968699642228e-02,8.277114686040477898e-02,7.250157048043044672e-02,2.247835468276295282e-02,5.403818315898724356e-02,1.649004451970611518e-01,8.408215661103979333e-02,1.092098434982110150e-01,7.382623658263458288e-02,1.443476360855433863e-02,5.230382650970966801e-02
1.215415289651216799e-02,2.174091169803075291e-02,2.242372927648649331e-02,7.415398902029334167e-03,3.646245868953650049e-02,4.320869636467921521e-02,5.492584601097970365e-02,6.951082948679430940e-03,5.403818315898724356e-02,3.226995875781826090e-02,4.338622893507770167e-02,2.275148171414525036e-02,7.801873651435282941e-02,2.048452735367219460e-02,2.067571627563979941e-02,0.000000000000000000e+00,1.365635156911479582e-02,2.546909567639909361e-02,2.047087100210307972e-02,4.744216535110479943e-02,1.835413650889028414e-02,8.345396443886050897e-02,6.258705924125310127e-02,2.357086280829213606e-02,6.388441264031900768e-02,1.260890940376369063e-01,7.732226258432797761e-02,1.078988337475760007e-01,7.636631797448993619e-02,1.593696228115696473e-02,4.666375331166525836e-02,2.251932373747029745e-02,1.390216589735886188e-02,2.433561849616256573e-02,1.259115614672384059e-02,2.114003222898970177e-02,7.811433097533663009e-03,8.425968918143829020e-03,2.063474722093245478e-02,1.130745909922705079e-02,1.996558599404582926e-02,1.114358288039767227e-02,1.480348510092043858e-02,6.582361456313330986e-03,4.998224674296014754e-03,1.211318384180482335e-02,2.703957610684729410e-02,2.922459235790566059e-02,1.188102586512987217e-02,3.715893261956135923e-02,4.835714090623548927e-02,6.038838663862562683e-02,1.046076530194193360e-02,6.866413568950918700e-02,3.250211673449321381e-02,5.386065058858875015e-02,3.983557752710786132e-02,8.313986835277087373e-02,2.485455985578892760e-02,2.661622920820473637e-02,2.321579766749515272e-02,1.478982874935132370e-02,2.332504848004807174e-02,3.022150602245104317e-02,5.286373692404337105e-02,3.093163630404500986e-02,8.506541392401606450e-02,7.400376915303306935e-02,2.253298008903941232e-02,5.566328899571190703e-02,1.691885395897632094e-01,8.617157840111436262e-02,1.132384672110998830e-01,7.629803621664435487e-02,1.477617239778220883e-02,5.357386720563734467e-02
7.811433097533663009e-03,1.373828967852948335e-02,1.422991833501761720e-02,4.834348455466637960e-03,2.365280091770682533e-02,2.712151421626198336e-02,3.567039029852784454e-02,4.479283314669652884e-03,3.408625351651052571e-02,2.093518695545298208e-02,2.791358260727064278e-02,1.477617239778220883e-02,5.036462458689536237e-02,1.324666102204135124e-02,1.305547210007374469e-02,1.365635156911479582e-02,0.000000000000000000e+00,1.619643296097014740e-02,1.313741020948843222e-02,3.016688061617458366e-02,1.185371316199164242e-02,5.304126949444186445e-02,3.946685603474175963e-02,1.491273591347335586e-02,4.092808565263704457e-02,7.997159478873623606e-02,4.901264578155300339e-02,6.933329691639580905e-02,4.813863928112965124e-02,1.031054543468166995e-02,2.970256466282468130e-02,1.442110725698522375e-02,8.712752301095239710e-03,1.544533362466883261e-02,7.934340261655696905e-03,1.388850954578974700e-02,5.080162783710704018e-03,5.298664408816540321e-03,1.301450304536640006e-02,7.251522683199956507e-03,1.261846884986207035e-02,6.896457542402971430e-03,9.436538934258323005e-03,4.206156283287357071e-03,3.086335454619943634e-03,7.743151339688088622e-03,1.717969027394641163e-02,1.831316745418293951e-02,7.674869581842515102e-03,2.411711687105672769e-02,3.042635129598776286e-02,3.907082183923742819e-02,6.664299565728020250e-03,4.331794717723212729e-02,2.114003222898970177e-02,3.452325676672220178e-02,2.559200284052112750e-02,5.366946166662114881e-02,1.595061863272607960e-02,1.678365607844208365e-02,1.477617239778220883e-02,9.668696910933275920e-03,1.494004861661158562e-02,1.928276841559009233e-02,3.347171769590036317e-02,1.988364788463114347e-02,5.371043072132848650e-02,4.699150574932400848e-02,1.421626198344850232e-02,3.532898150929997261e-02,1.073798923879496353e-01,5.446153005762980476e-02,7.308879359790237951e-02,4.843907901565017854e-02,9.532133395242127147e-03,3.430475514161636374e-02
1.472154699150574932e-02,2.613825690328571913e-02,2.669816731761942563e-02,8.931253926201076013e-03,4.379591948215114799e-02,5.159369622811569439e-02,6.619233605549941502e-02,8.453281621282058775e-03,6.456723021877475155e-02,3.879769480785513064e-02,5.183951055635976218e-02,2.751754841176631133e-02,9.420151312375385499e-02,2.436293119930079548e-02,2.493649796520361686e-02,2.546909567639909361e-02,1.619643296097014740e-02,0.000000000000000000e+00,2.432196214459345085e-02,5.605932319121623153e-02,2.243738562805560818e-02,9.982792997022915671e-02,7.459099227050501602e-02,2.836424220905143026e-02,7.674869581842515276e-02,1.516537841750197901e-01,9.213940403681752933e-02,1.295714636877611792e-01,9.099227050501187963e-02,1.915986125146805844e-02,5.607297954278534641e-02,2.697129434900171971e-02,1.652418539862890098e-02,2.896512167809248139e-02,1.504929942916450464e-02,2.519596864501679606e-02,9.340944473274520599e-03,9.982792997022914630e-03,2.477262174637423833e-02,1.362903886597656607e-02,2.374839537869062947e-02,1.334225548302515538e-02,1.764400622729631399e-02,7.866058503810122518e-03,5.981481987272280719e-03,1.453035806953814277e-02,3.255674214076967332e-02,3.463250757927512080e-02,1.428454374129407671e-02,4.460164422472891882e-02,5.772539808264823963e-02,7.281566656652008196e-02,1.264578155300030010e-02,8.203370387567257560e-02,3.905716548766831331e-02,6.430775953896157582e-02,4.816595198426788099e-02,1.001147133531805622e-01,2.971622101439379618e-02,3.188758091388304433e-02,2.757217381804277084e-02,1.775325703984923301e-02,2.796820801354710229e-02,3.602545543932483135e-02,6.258705924125310127e-02,3.767787397918771763e-02,1.010979706661568334e-01,8.850681451943298583e-02,2.720345232567667262e-02,6.639718132903613124e-02,2.027558517466473698e-01,1.026001693387594560e-01,1.355119766203261022e-01,9.104689591128833914e-02,1.768497528200365862e-02,6.428044683582334606e-02
1.151230437276377222e-02,2.062109086936333990e-02,2.185016251058367193e-02,7.046677409663234214e-03,3.470078933712069519e-02,4.101002376205172689e-02,5.200338677518914071e-02,6.705268620435364882e-03,5.159369622811569439e-02,3.162811023406986860e-02,4.188403026247507904e-02,2.194575697156747607e-02,7.404473820774042092e-02,1.989730423620025834e-02,1.973342801737087981e-02,2.047087100210307972e-02,1.313741020948843222e-02,2.432196214459345085e-02,0.000000000000000000e+00,4.600824843634774425e-02,1.731625378963756040e-02,8.012181465599650665e-02,5.999235244312129539e-02,2.227350940922622966e-02,6.067517002157703232e-02,1.199573921831043610e-01,7.430420888755359665e-02,1.032693305656460780e-01,7.248791412886133878e-02,1.545898997623794749e-02,4.456067517002157419e-02,2.070302897877802917e-02,1.275503236555321912e-02,2.303826509709665932e-02,1.174446234943872340e-02,2.056646546308688039e-02,7.497337011444022564e-03,8.098216480485073698e-03,1.891404692322399064e-02,1.059732881763308064e-02,1.915986125146805844e-02,1.043345259880370385e-02,1.432551279600141961e-02,6.227296315516346777e-03,4.793379400759293328e-03,1.143036626334908296e-02,2.566028459836670189e-02,2.836424220905143026e-02,1.136208450550351030e-02,3.556113948597492552e-02,4.592631032693305498e-02,5.697429874634692831e-02,9.818916778193537837e-03,6.585092726627153614e-02,3.161445388250075372e-02,5.132056919673340378e-02,3.823778439352142761e-02,7.922049545243492474e-02,2.391227159752000800e-02,2.555103378581378287e-02,2.197306967470570582e-02,1.425723103815584696e-02,2.223254035451888502e-02,2.938846857673503912e-02,5.099281675907464673e-02,2.930653046732034986e-02,8.170595143801381854e-02,7.039849233878676948e-02,2.145412831507934395e-02,5.280911151776691154e-02,1.599841586321798237e-01,8.247070712588425168e-02,1.086226203807390822e-01,7.284297926965831171e-02,1.444841996012345350e-02,5.092453500122907234e-02
2.650697839565181735e-02,4.734657089012099529e-02,4.994127768825280811e-02,1.641493458607598543e-02,7.976674951519951984e-02,9.597683882773877517e-02,1.195340452844618068e-01,1.544533362466883261e-02,1.195067325813235770e-01,7.112227897194985105e-02,9.544424111654330189e-02,5.009149755551307176e-02,1.708136454264878590e-01,4.473820774042006759e-02,4.628137546773004180e-02,4.744216535110479943e-02,3.016688061617458366e-02,5.605932319121623153e-02,4.600824843634774425e-02,0.000000000000000000e+00,4.047742605085625361e-02,1.851937836287657346e-01,1.381066834184579151e-01,5.151175811870100513e-02,1.396635074973370250e-01,2.781115997050228050e-01,1.716466828722038596e-01,2.374702974353371798e-01,1.687242236364132897e-01,3.535629421243820236e-02,1.038975227378253624e-01,4.838445360937371903e-02,2.948406303771884326e-02,5.306858219758009421e-02,2.728539043509136189e-02,4.607653019419331863e-02,1.713872121923906700e-02,1.847704367301231804e-02,4.394613934941141165e-02,2.445852566028459962e-02,4.387785759156583726e-02,2.414442957419495744e-02,3.246114767978586918e-02,1.388850954578974700e-02,1.077486138803157405e-02,2.660257285663562149e-02,5.989675798213749125e-02,6.471745008603500826e-02,2.549640837953732336e-02,8.109141561740365600e-02,1.071613907628437973e-01,1.320842323764782889e-01,2.253298008903941232e-02,1.500696473930024921e-01,7.129981154234835139e-02,1.171851528145740617e-01,8.749624450331849879e-02,1.828039221041706519e-01,5.483025154999590645e-02,5.947341108349493005e-02,5.117034932947314013e-02,3.231092781252560553e-02,5.155272717340834976e-02,6.707999890749187510e-02,1.176631251194930755e-01,6.819981973615928117e-02,1.881708682708327640e-01,1.631387758446453395e-01,4.943599268019555765e-02,1.217190615355201733e-01,3.711659792969710381e-01,1.908065441236719284e-01,2.484773168000437016e-01,1.680687187610957756e-01,3.277524376587551136e-02,1.176358124163548458e-01
1.123917734138147641e-02,1.881845246224018650e-02,1.932373747029743696e-02,6.677955917297135127e-03,3.263868025018436259e-02,3.810122087783027883e-02,4.913555294567503035e-02,6.486766995329527712e-03,4.662278425695791373e-02,2.835058585748231538e-02,3.814218993253762346e-02,2.094884330702209696e-02,6.971567476033102562e-02,1.756206811788162819e-02,1.884576516537841626e-02,1.835413650889028414e-02,1.185371316199164242e-02,2.243738562805560818e-02,1.731625378963756040e-02,4.047742605085625361e-02,0.000000000000000000e+00,7.225575615218637893e-02,5.478928249528856181e-02,2.167262994018517852e-02,5.620954305847649518e-02,1.122825226012618416e-01,6.723021877475213182e-02,9.564908639008003199e-02,6.627427416491410428e-02,1.439379455384699399e-02,4.117389998088110542e-02,2.010214950973697803e-02,1.214049654494305311e-02,2.083959249446917794e-02,1.102067571627564010e-02,1.802638407123153055e-02,6.951082948679430940e-03,7.251522683199956507e-03,1.844973096987408828e-02,1.005107475486848902e-02,1.728894108649933065e-02,1.007838745800671877e-02,1.272771966241498937e-02,5.640073198044410520e-03,4.206156283287357071e-03,1.106164477098298474e-02,2.406249146478026818e-02,2.455412012126840030e-02,1.052904705978750799e-02,3.336246688334744415e-02,4.169284134050747076e-02,5.399721410427989893e-02,9.149755551306912316e-03,5.838090295796574680e-02,2.889683992024690701e-02,4.688225493677108946e-02,3.654439679895118975e-02,7.393548739518750190e-02,2.190478791686013144e-02,2.348892469887744680e-02,2.006118045502963340e-02,1.279600142026056375e-02,2.060743451779422503e-02,2.593341162974899597e-02,4.497036571709502051e-02,2.897877802966159627e-02,7.308879359790237951e-02,6.488132630486438679e-02,2.047087100210307972e-02,4.905361483626034802e-02,1.482670089858793283e-01,7.468658673148881322e-02,9.833938764919564202e-02,6.559145658645836041e-02,1.326031737361046611e-02,4.737388359325922504e-02
