0.000000000000000000e+00,1.211299168484991466e-02,1.124019578934953162e-02,5.885475025063396058e-03,2.199681547443533766e-02,2.679719289968744353e-02,3.196320103791944200e-02,4.670637494839888736e-03,3.380314914194727793e-02,1.817538479683906277e-02,2.421418883057144603e-02,1.398832340626290048e-02,4.246034086218081205e-02,1.010792003302470911e-02,1.272630771952585997e-02,7.230052485699121380e-03,6.899805390104381264e-03,1.576929881464881819e-02,1.191248451966739341e-02,2.658489119537654072e-02,1.241964970218788732e-02,4.630536061803385006e-02,3.672819484578639798e-02,1.320988382378958555e-02,3.415698531579878378e-02,8.433095476794244538e-02,3.866249926284130722e-02,5.799374889426195390e-02,4.191779206227516652e-02,9.011027894085038223e-03,3.149141947278410320e-02,1.111045585893731188e-02,8.138231998584655180e-03,1.398832340626290048e-02,7.642861355192545440e-03,1.027304358082207873e-02,4.764993807866957712e-03,4.894733738279176578e-03,1.093353777201155896e-02,7.347997876982956950e-03,8.704369876747065568e-03,7.159285250928819865e-03,7.442354190010025058e-03,4.045526921035560129e-03,2.724538538656601835e-03,7.182874329185587325e-03,1.480214660612136530e-02,2.098248510939434985e-02,6.970572624874682779e-03,1.970867488352892605e-02,2.907353895146547185e-02,2.809459220380963740e-02,7.300819720469422895e-03,3.599693341982661970e-02,2.218552810048947388e-02,3.159757032493955287e-02,1.972046942265730934e-02,3.786047060211122223e-02,1.286784218906646300e-02,1.044996166774783339e-02,1.256118417172849035e-02,8.126437459456271883e-03,1.492009199740520174e-02,1.645338208409506328e-02,2.319985846553045822e-02,1.417703603231703670e-02,4.678893672229757911e-02,4.430028896620864798e-02,1.181812820664032530e-02,3.000530754260777311e-02,9.059385504511410780e-02,4.395824733148552543e-02,5.541074482514595639e-02,4.119832517544377154e-02,9.895618328713806297e-03,2.981659491655363689e-02
1.211299168484991466e-02,0.000000000000000000e+00,1.826974110986613262e-02,9.765878398301586563e-03,3.692870201096892097e-02,4.425311080969510785e-02,5.320516600813823133e-02,7.560299581293860628e-03,5.736863832045762529e-02,2.999351300347938981e-02,4.041988559297045314e-02,2.229167895264492702e-02,7.086159108332841516e-02,1.720823258831161162e-02,2.012148375302235184e-02,1.201863537182284655e-02,1.152326472843073595e-02,2.629002771716695136e-02,1.982662027481276248e-02,4.325057498378250681e-02,1.987379843132629567e-02,7.699475143008786826e-02,5.946806628530990069e-02,2.121837589196202273e-02,5.680250044229522011e-02,1.349885003243498360e-01,6.351359320634546168e-02,9.651471368756266156e-02,6.903343751842896947e-02,1.488470838002005012e-02,5.176623223447543443e-02,1.851742643156218532e-02,1.361089815415462631e-02,2.277525505690865260e-02,1.274989679778262656e-02,1.730258890133868147e-02,8.055670224685970368e-03,8.079259302942736962e-03,1.773898684908887038e-02,1.223093707613374936e-02,1.425959780621572151e-02,1.152326472843073595e-02,1.258477324998525694e-02,6.781859998820545694e-03,4.505513947042519111e-03,1.106327770242377696e-02,2.435572330011204906e-02,3.395647815061626773e-02,1.126378486760629821e-02,3.269446246387922722e-02,4.820428141770360247e-02,4.662381317450020601e-02,1.205401898920799644e-02,6.025830040691160239e-02,3.671640030665801469e-02,5.224980833873916347e-02,3.110219968154744399e-02,6.298283894556820639e-02,2.144247213540130884e-02,1.638261484932476350e-02,2.080556702246859693e-02,1.332782921507342025e-02,2.441469599575396554e-02,2.715102907353895284e-02,3.809636138467889510e-02,2.192604823966503441e-02,7.738397122132452399e-02,7.252462110043049470e-02,1.916612608362328399e-02,5.040986023471132754e-02,1.461697234180574512e-01,7.350356784808632915e-02,9.222150144483104439e-02,6.905702659668573606e-02,1.645338208409506328e-02,4.891195376540661416e-02
1.124019578934953162e-02,1.826974110986613262e-02,0.000000000000000000e+00,9.046411511470189848e-03,3.436928702010969006e-02,4.064398183640974271e-02,4.877041929586601460e-02,6.734681842307011640e-03,5.207289025181340708e-02,2.802382496903933415e-02,3.750663442825971639e-02,2.069941617031314379e-02,6.439818364097422976e-02,1.596980597983133771e-02,1.872972813587309160e-02,1.109866131980892859e-02,1.030842719820723036e-02,2.389573627410509007e-02,1.824615203160936602e-02,4.001887126260541411e-02,1.863537182284602176e-02,7.037801497906469306e-02,5.401898920799669962e-02,1.944919502270448658e-02,5.180161585186059126e-02,1.249041693695818883e-01,5.785221442472135434e-02,8.876570148021466211e-02,6.365512767588606124e-02,1.370525446718169442e-02,4.727251282656130121e-02,1.673645102317626934e-02,1.246682785870142050e-02,2.138349943975939235e-02,1.166479919797133898e-02,1.605236775373002425e-02,7.277230642212655434e-03,7.572094120422244792e-03,1.600518959721648760e-02,1.134634664150498302e-02,1.336321283245857187e-02,1.075661968508580604e-02,1.175915551099840708e-02,6.286489355428436822e-03,4.316801320988382026e-03,1.089815415462640734e-02,2.257474789172612961e-02,3.112578875980421059e-02,1.043816712861944836e-02,3.006428023824968959e-02,4.443002889662086424e-02,4.277879341864716800e-02,1.119301763283599670e-02,5.511588134693636704e-02,3.464056142006251282e-02,4.792121247862239641e-02,2.940378604706021110e-02,5.763991272041044805e-02,1.986200389219791237e-02,1.546264079731084554e-02,1.916612608362328399e-02,1.234888246741758580e-02,2.239782980480037669e-02,2.532287550863950021e-02,3.487645220263018569e-02,2.075838886595506375e-02,7.022468597039570326e-02,6.731143480568496651e-02,1.789231585775785671e-02,4.647048416583122316e-02,1.350238839417349790e-01,6.656837884059679800e-02,8.477914725482102454e-02,6.294745532818304956e-02,1.516777731910125618e-02,4.480745414872913668e-02
5.885475025063396058e-03,9.765878398301586563e-03,9.046411511470189848e-03,0.000000000000000000e+00,1.847024827504865213e-02,2.140708851801615895e-02,2.651412396060624094e-02,3.609128973285369042e-03,2.775255056908651138e-02,1.515598277997287288e-02,1.993277112696821216e-02,1.112225039806569518e-02,3.517131568083976811e-02,8.468479094179394429e-03,9.671522085274518454e-03,5.885475025063396058e-03,5.531638851211888482e-03,1.270271864126909164e-02,9.612549389632600236e-03,2.074659432682668045e-02,9.907412867842189594e-03,3.690511293271215437e-02,2.853099015155982632e-02,1.032022173733561365e-02,2.768178333431621160e-02,6.587250103202217655e-02,3.039452733384442884e-02,4.754378722651412398e-02,3.370879282892021156e-02,7.159285250928819865e-03,2.529928643038273361e-02,9.353069528808162503e-03,6.852627233590847210e-03,1.142890841540366784e-02,6.333667511941970876e-03,8.527451789821312647e-03,3.915786990623341263e-03,4.010143303650410239e-03,8.857698885416051895e-03,6.085982190245916440e-03,7.100312555286902513e-03,5.720351477266025567e-03,6.251105738043286064e-03,3.444005425487998984e-03,2.240962434392876259e-03,5.484460694698354427e-03,1.193607359792416174e-02,1.648876570148021317e-02,5.625995164238957458e-03,1.632364215368284355e-02,2.375420180456448704e-02,2.295217314383440552e-02,5.944447720705313409e-03,2.920327888187769158e-02,1.870613905761632501e-02,2.581824615203160908e-02,1.566314796249336505e-02,3.100784336852037415e-02,1.061508521554520301e-02,7.878752137760217447e-03,1.016689272866662733e-02,6.581352833638025313e-03,1.198325175443769493e-02,1.336321283245857187e-02,1.811641210119714629e-02,1.105148316329539367e-02,3.721177095005012703e-02,3.528926107212360802e-02,9.447425841835230612e-03,2.486288848263254123e-02,7.134516718759215115e-02,3.532464468950875791e-02,4.539718110514831539e-02,3.335495665506870572e-02,7.914135755145367337e-03,2.399009258713215645e-02
2.199681547443533766e-02,3.692870201096892097e-02,3.436928702010969006e-02,1.847024827504865213e-02,0.000000000000000000e+00,8.158282715102907479e-02,9.979359556525328745e-02,1.364628177153977794e-02,1.053724125729787048e-01,5.751017278999823179e-02,7.537889956949932191e-02,4.192958660140354982e-02,1.323111399422067513e-01,3.199858465530459189e-02,3.603231703721176959e-02,2.235065164828684350e-02,2.101786872677949974e-02,4.834581588724420897e-02,3.655127675886064853e-02,7.889367222975762761e-02,3.707023648050952747e-02,1.400837412278115313e-01,1.075308132334728967e-01,3.879223919325352349e-02,1.046883293035324597e-01,2.484637612785280392e-01,1.155864834581588757e-01,1.794303237600990697e-01,1.279943386212183676e-01,2.723359084743763592e-02,9.527628707908238070e-02,3.506516482868431844e-02,2.557056083033555291e-02,4.300288966208645064e-02,2.404906528277407640e-02,3.236421536828448103e-02,1.506162646694580477e-02,1.520316093648640607e-02,3.346110750722415539e-02,2.289320044819248556e-02,2.670283658666037716e-02,2.153682844842837868e-02,2.373061272630772045e-02,1.298578758035029770e-02,8.515657250692929350e-03,2.077018340508344704e-02,4.509052308781034274e-02,6.260541369345992702e-02,2.111222503980656959e-02,6.136698708497965310e-02,8.995694993218139590e-02,8.684319160228813617e-02,2.238603526567199339e-02,1.106799551807513132e-01,7.090876923984194835e-02,9.755263313086040555e-02,5.909064103320162825e-02,1.170961844665919654e-01,3.994810402783511433e-02,2.972223860352656705e-02,3.850917025417231743e-02,2.519313557822728047e-02,4.519667393996579241e-02,5.075190186943445009e-02,6.871498496196261352e-02,4.149318865365336090e-02,1.404375774016630163e-01,1.338208409506398411e-01,3.579642625464409672e-02,9.430913487055493649e-02,2.695170136226927027e-01,1.335731556289438127e-01,1.714100371527982614e-01,1.262133632128324690e-01,3.006428023824968959e-02,9.070000589726956441e-02
2.679719289968744353e-02,4.425311080969510785e-02,4.064398183640974271e-02,2.140708851801615895e-02,8.158282715102907479e-02,0.000000000000000000e+00,1.173202807100312550e-01,1.640620392758153009e-02,1.256944034911835761e-01,6.588429557115055291e-02,8.881287963672819530e-02,4.890015922627823086e-02,1.563484106858524514e-01,3.822610131509111137e-02,4.422952173143834126e-02,2.641976764757917109e-02,2.539364274340979999e-02,5.793477619862003741e-02,4.361620569676239595e-02,9.554756147903520347e-02,4.405260364451259181e-02,1.683316624402901585e-01,1.307542607772601284e-01,4.695406027009494526e-02,1.246918676652709751e-01,2.989797723653948025e-01,1.399657958365276844e-01,2.134575691454856372e-01,1.532700359733443485e-01,3.296573686383204305e-02,1.143008786931650617e-01,4.097422893200448196e-02,3.004069115999292300e-02,5.011499675650173818e-02,2.794126319514065107e-02,3.836763578463171787e-02,1.749130152739281768e-02,1.771539777083210379e-02,3.886300642802382327e-02,2.682078197794421012e-02,3.146783039452733660e-02,2.531108096951111691e-02,2.817715397770832048e-02,1.512059916258772126e-02,9.848440172200271375e-03,2.498083387391637766e-02,5.413693459928053259e-02,7.498967977826266618e-02,2.485109394350415793e-02,7.211181223093707238e-02,1.071297989031078646e-01,1.028247921212478572e-01,2.680898743881582683e-02,1.325116471073892743e-01,8.072182579465707331e-02,1.152444418234357532e-01,6.866780680544908033e-02,1.388217255410744699e-01,4.744943091348705760e-02,3.631538597629297566e-02,4.565666096597275486e-02,2.940378604706021110e-02,5.390104381671285971e-02,6.014035501562776248e-02,8.374122781152326667e-02,4.856991213068349161e-02,1.701244323878044473e-01,1.608775137111517484e-01,4.209471014920092291e-02,1.114819838414813913e-01,3.234534410567906915e-01,1.610544317980774909e-01,2.034793890428731600e-01,1.519726366692221442e-01,3.618564604588075939e-02,1.078610603290676428e-01
3.196320103791944200e-02,5.320516600813823133e-02,4.877041929586601460e-02,2.651412396060624094e-02,9.979359556525328745e-02,1.173202807100312550e-01,0.000000000000000000e+00,1.993277112696821216e-02,1.511470189302352995e-01,8.111104558589372904e-02,1.077667040160405765e-01,5.989266969393170631e-02,1.901751489060564959e-01,4.601049713982426070e-02,5.226160287786754677e-02,3.199858465530459189e-02,2.999351300347938981e-02,6.955239724007784841e-02,5.249749366043521964e-02,1.134280827976646838e-01,5.361797487763165365e-02,2.016394409388453102e-01,1.546853806687503718e-01,5.607123901633543489e-02,1.507695936781270341e-01,3.580232352420829045e-01,1.659491655363566631e-01,2.572035147726602355e-01,1.832871380550804841e-01,3.889839004540897316e-02,1.375950934717225793e-01,5.085805272158990670e-02,3.707023648050952747e-02,6.189774134575691533e-02,3.451082148965028962e-02,4.639971693106091644e-02,2.174913015273928149e-02,2.157221206581352857e-02,4.864067936545379833e-02,3.346110750722415539e-02,3.870967741935484041e-02,3.114937783806097718e-02,3.352008020286607187e-02,1.858819366633248857e-02,1.216016984136344958e-02,2.982838945568202019e-02,6.451612903225806273e-02,8.994515539305301954e-02,3.045350002948634879e-02,8.815238544553871680e-02,1.293507106209824953e-01,1.249277584478386549e-01,3.229344813351418125e-02,1.590021819897387556e-01,1.010202276346051781e-01,1.393406852627233627e-01,8.453146193312496837e-02,1.689213893967093372e-01,5.726248746830217562e-02,4.275520434039040141e-02,5.513947042519313363e-02,3.592616618505631992e-02,6.518841776257593146e-02,7.219437400483576239e-02,9.872029250457038663e-02,5.955062805920858376e-02,2.025594149908592212e-01,1.923335495665506878e-01,5.151854691277938519e-02,1.354366928112283874e-01,3.880285427846906776e-01,1.922627823317803741e-01,2.470248275048652353e-01,1.822846022291678969e-01,4.312083505337029055e-02,1.308840007076723377e-01
4.670637494839888736e-03,7.560299581293860628e-03,6.734681842307011640e-03,3.609128973285369042e-03,1.364628177153977794e-02,1.640620392758153009e-02,1.993277112696821216e-02,0.000000000000000000e+00,2.107684142242141970e-02,1.109866131980892859e-02,1.484932476263490023e-02,8.291561007253641508e-03,2.651412396060624094e-02,6.357256590198738337e-03,7.501326885651943277e-03,4.422952173143834299e-03,4.257828625346464675e-03,9.754083859173203266e-03,7.383381494368107707e-03,1.608775137111517414e-02,7.513121424780326574e-03,2.829509936899215691e-02,2.213834994397594069e-02,7.984902989915668853e-03,2.111222503980656959e-02,5.044524385209647743e-02,2.361266733502388401e-02,3.587898802854278674e-02,2.581824615203160908e-02,5.484460694698354427e-03,1.927227693577873366e-02,6.994161703131450240e-03,5.213186294745532530e-03,8.480273633307777725e-03,4.717815651353423657e-03,6.463407442354189743e-03,2.960429321224272974e-03,2.936840242967505947e-03,6.758270920563779101e-03,4.576281181812820627e-03,5.331131686029368100e-03,4.316801320988382026e-03,4.658842955711505439e-03,2.547620451730848480e-03,1.651235477973698193e-03,4.104499616677478348e-03,9.058206050598573145e-03,1.259656778911364024e-02,4.246034086218081378e-03,1.230170431090405088e-02,1.791590493601462677e-02,1.751489060564958428e-02,4.481924868785752518e-03,2.224450079613139036e-02,1.361089815415462631e-02,1.928407147490711696e-02,1.165300465884295568e-02,2.361266733502388401e-02,8.043875685557587071e-03,6.062393111989148979e-03,7.666450433449312901e-03,4.882939199150793282e-03,9.211535059267559472e-03,9.919207406970572891e-03,1.401191248451966707e-02,8.256177389868491617e-03,2.869611369935719594e-02,2.687975467358613008e-02,7.088518016158518349e-03,1.877690629238662479e-02,5.442000353836173865e-02,2.721000176918086932e-02,3.425134162882585709e-02,2.558235536946393968e-02,6.015214955475614925e-03,1.826974110986613262e-02
3.380314914194727793e-02,5.736863832045762529e-02,5.207289025181340708e-02,2.775255056908651138e-02,1.053724125729787048e-01,1.256944034911835761e-01,1.511588134693636898e-01,2.107684142242141970e-02,0.000000000000000000e+00,8.509759981128738049e-02,1.149967565017396970e-01,6.257003007607478406e-02,2.009907412867842080e-01,4.918322816535943692e-02,5.635430795541664095e-02,3.414519077667040048e-02,3.249395529869670424e-02,7.491891254349236640e-02,5.640148611193017414e-02,1.229698649525269860e-01,5.597688270330836852e-02,2.176210414578050312e-01,1.672111812230936967e-01,6.002240962434392951e-02,1.615851860588547462e-01,3.837589196202158548e-01,1.801026124904169246e-01,2.744707200566137706e-01,1.970867488352892605e-01,4.233060093176858885e-02,1.460753671050303848e-01,5.267441174736096909e-02,3.870967741935484041e-02,6.461048534528512910e-02,3.616205696762399280e-02,4.950168072182579287e-02,2.271628236126673264e-02,2.302294037860470530e-02,5.019755853040042126e-02,3.482927404611664557e-02,4.062039275815297612e-02,3.247036622043993764e-02,3.626820781977944247e-02,1.948457864008963994e-02,1.286784218906646300e-02,3.162115940319631946e-02,6.942265730966562520e-02,9.588960311375832601e-02,3.176269387273692596e-02,9.298814648817597950e-02,1.372294627587427041e-01,1.327947160464704734e-01,3.418057439405555037e-02,1.712331190658724911e-01,1.049006310078433729e-01,1.476676298873621507e-01,8.818776906292385975e-02,1.785339387863419114e-01,6.095417821548623077e-02,4.637612785280414984e-02,5.886654478976233867e-02,3.784867606298283893e-02,6.937547915315209202e-02,7.738397122132452399e-02,1.071533879813646312e-01,6.157928878929055938e-02,2.183994810402783426e-01,2.061803385032729974e-01,5.427846906882113909e-02,1.439523500619213359e-01,4.139647343280061231e-01,2.067936545379489288e-01,2.620392758152975121e-01,1.958483222268089796e-01,4.655304593972990623e-02,1.386919856106622606e-01
1.817538479683906277e-02,2.999351300347938981e-02,2.802382496903933415e-02,1.515598277997287288e-02,5.751017278999823179e-02,6.588429557115055291e-02,8.111104558589372904e-02,1.109866131980892859e-02,8.509759981128738049e-02,0.000000000000000000e+00,6.211004305006782161e-02,3.466415049831927941e-02,1.068231408857698850e-01,2.669104204753199386e-02,2.981659491655363689e-02,1.822256295335259943e-02,1.723182166656837822e-02,3.913428082797664603e-02,2.987556761219555337e-02,6.452792357138645296e-02,3.051247272512826528e-02,1.147018930235301076e-01,8.764522026301822810e-02,3.134988500324349670e-02,8.543964144601050303e-02,2.022055788170077362e-01,9.380196968803443391e-02,1.460045998702600711e-01,1.037447661732617821e-01,2.230347349177331032e-02,7.750191661260835696e-02,2.768178333431621160e-02,2.059326531815769412e-02,3.497080851565725207e-02,1.929586601403550025e-02,2.663206935189007390e-02,1.208940260659314807e-02,1.236067700654596910e-02,2.658489119537654072e-02,1.865896090110278835e-02,2.156041752668514527e-02,1.730258890133868147e-02,1.942560594444771999e-02,1.043816712861944836e-02,6.958778085746299483e-03,1.700772542312909211e-02,3.640974228932004203e-02,5.121188889544141254e-02,1.707849265789939189e-02,5.033909299994102776e-02,7.143952350061921752e-02,7.053134398773368285e-02,1.804564486642684304e-02,8.974464822787049656e-02,5.819425605944447688e-02,8.025004422952172756e-02,4.860529574806864150e-02,9.475732735743350177e-02,3.300112048121719988e-02,2.450905230878103538e-02,3.156218670755440298e-02,2.053429262251577417e-02,3.704664740225275393e-02,4.155216134929527738e-02,5.625995164238957458e-02,3.436928702010969006e-02,1.141711387627528523e-01,1.093117886418588230e-01,2.904994987320870525e-02,7.625169546499969975e-02,2.197322639617856899e-01,1.091820487114465998e-01,1.396001651235478092e-01,1.022940378604706019e-01,2.485109394350415793e-02,7.368048593501208554e-02
2.421418883057144603e-02,4.041988559297045314e-02,3.750663442825971639e-02,1.993277112696821216e-02,7.537889956949932191e-02,8.881287963672819530e-02,1.077667040160405765e-01,1.484932476263490023e-02,1.149967565017396970e-01,6.211004305006782161e-02,0.000000000000000000e+00,4.525564663560771583e-02,1.427257179925694452e-01,3.520669929822492494e-02,4.013681665388924708e-02,2.439110691749719895e-02,2.305832399598985519e-02,5.273338444300289252e-02,4.000707672347703081e-02,8.727958955003833896e-02,4.057321460163944293e-02,1.537536120776080706e-01,1.188653653358495016e-01,4.242495724479566216e-02,1.143480568496785948e-01,2.713097835702070193e-01,1.272276935778734464e-01,1.952821843486465814e-01,1.402016866190953504e-01,3.015863655127675944e-02,1.037329716341333918e-01,3.712920917615144395e-02,2.749307070826207539e-02,4.609305891372294378e-02,2.554697175207878632e-02,3.569027540248864705e-02,1.611134044937194074e-02,1.640620392758153009e-02,3.548976823730612407e-02,2.474494309134870479e-02,2.881405909064103238e-02,2.309370761337500855e-02,2.601875331721412860e-02,1.389396709323583237e-02,9.235124137524326066e-03,2.270448782213834935e-02,4.944270802618387639e-02,6.854986141416524736e-02,2.271628236126673264e-02,6.654478976234003140e-02,9.685675532228578410e-02,9.419118947927110352e-02,2.427316152621336251e-02,1.211181223093707598e-01,7.611016099545910019e-02,1.060564958424249637e-01,6.363153859762929465e-02,1.267677065518664770e-01,4.381671286194491893e-02,3.308368225511588295e-02,4.191779206227516652e-02,2.724538538656601921e-02,4.941911894792710980e-02,5.552869021642979630e-02,7.603939376068880041e-02,4.486642684437105316e-02,1.541900100253582595e-01,1.464527923571386503e-01,3.855634841068585061e-02,1.021878870083151453e-01,2.937194079141357550e-01,1.461697234180574512e-01,1.863773073067169772e-01,1.382437931237836815e-01,3.309547679424426625e-02,9.833107271333373089e-02
1.398832340626290048e-02,2.229167895264492702e-02,2.069941617031314379e-02,1.112225039806569518e-02,4.192958660140354982e-02,4.890015922627823086e-02,5.989266969393170631e-02,8.291561007253641508e-03,6.257003007607478406e-02,3.466415049831927941e-02,4.525564663560771583e-02,0.000000000000000000e+00,7.911776847319690331e-02,1.931945509229227032e-02,2.264551512649643286e-02,1.335141829333018858e-02,1.273810225865424327e-02,2.907353895146547185e-02,2.202040455269210426e-02,4.802736333077785302e-02,2.289320044819248556e-02,8.479094179394940090e-02,6.563661024945449673e-02,2.360087279589550072e-02,6.327770242377779575e-02,1.524444182343575038e-01,6.971752078787521456e-02,1.079318275638379426e-01,7.673527156926343573e-02,1.639440938845314680e-02,5.773426903343752137e-02,2.071121070944152709e-02,1.538007902341216072e-02,2.620746594326826828e-02,1.431857050185763973e-02,1.934304417054903691e-02,8.963849737571505036e-03,9.117178746240491363e-03,1.990918204871144556e-02,1.377602170195199593e-02,1.620569676239901058e-02,1.306834935424898252e-02,1.407088518016158529e-02,7.772601285604765174e-03,5.177802677360381772e-03,1.311552751076251744e-02,2.705667276051188300e-02,3.814353954119242829e-02,1.283245857168131138e-02,3.695229108922568756e-02,5.342926225157752090e-02,5.204930117355664049e-02,1.350474730199917490e-02,6.628530990151559887e-02,4.259008079259302831e-02,5.901987379843132847e-02,3.637435867193489214e-02,7.004776788346994687e-02,2.417880521318629614e-02,1.861178274458925516e-02,2.314088576988854173e-02,1.510880462345933796e-02,2.744589255174853873e-02,3.058323995989856853e-02,4.189420298401839993e-02,2.578286253464645919e-02,8.489709264610485751e-02,8.145308722061685158e-02,2.178451377012443138e-02,5.628354072064634117e-02,1.648286843191602291e-01,8.093412749896797265e-02,1.029545320516600804e-01,7.542607772601285510e-02,1.825794657073774932e-02,5.482101786872677768e-02
4.246034086218081205e-02,7.086159108332841516e-02,6.439818364097422976e-02,3.517131568083976811e-02,1.323111399422067513e-01,1.563484106858524514e-01,1.901751489060564959e-01,2.651412396060624094e-02,2.009907412867842080e-01,1.068231408857698850e-01,1.427257179925694452e-01,7.911776847319690331e-02,0.000000000000000000e+00,6.130801438933773662e-02,6.957598631833461500e-02,4.248392994043757864e-02,3.998348764522026422e-02,9.246918676652710056e-02,6.963495901397652454e-02,1.512649643215191464e-01,7.066108391814589218e-02,2.683375597098543452e-01,2.067464763814353956e-01,7.457687090876924385e-02,2.002240962434392868e-01,4.761573391519726139e-01,2.215486229875567592e-01,3.411098661319809100e-01,2.442413162705667218e-01,5.222621926048239688e-02,1.823907530813233535e-01,6.683965324054962076e-02,4.872324113935248141e-02,8.100489473373827243e-02,4.539718110514831539e-02,6.167364510231762575e-02,2.857816830807336297e-02,2.858996284720174627e-02,6.436280002358907293e-02,4.387568555758683542e-02,5.101138173025888956e-02,4.103320162764639845e-02,4.478386507047237008e-02,2.453264138703780198e-02,1.589903874506103792e-02,3.929940437577401913e-02,8.622987556761219086e-02,1.194786813705254469e-01,3.995989856696349762e-02,1.166244029014566197e-01,1.709146665094061490e-01,1.657014802146606069e-01,4.264905348823494480e-02,2.112519903284779121e-01,1.326060034204163407e-01,1.848086336026419640e-01,1.114112166067110915e-01,2.236480509524090277e-01,7.577991389986436788e-02,5.702659668573450275e-02,7.306716990033614023e-02,4.743763637435867431e-02,8.639499911540957089e-02,9.579524680073125964e-02,1.315798785162469731e-01,7.831573981246682525e-02,2.697882880226455393e-01,2.555522792946865462e-01,6.791295630123253546e-02,1.790411039688624140e-01,5.163059503449902721e-01,2.557291973816123165e-01,3.277348587603939323e-01,2.424131627056672622e-01,5.742761101609954871e-02,1.735566432741640630e-01
1.010792003302470911e-02,1.720823258831161162e-02,1.596980597983133771e-02,8.468479094179394429e-03,3.199858465530459189e-02,3.822610131509111137e-02,4.601049713982426070e-02,6.357256590198738337e-03,4.918322816535943692e-02,2.669104204753199386e-02,3.520669929822492494e-02,1.931945509229227032e-02,6.130801438933773662e-02,0.000000000000000000e+00,1.690157457097363897e-02,1.042637258949106506e-02,1.001356371999764100e-02,2.249218611782744653e-02,1.700772542312909211e-02,3.725894910656366021e-02,1.717284897092646173e-02,6.536533584950167397e-02,5.068113463466415031e-02,1.806923394468361310e-02,4.860529574806864150e-02,1.153152090582060529e-01,5.438461992097658876e-02,8.357610426372590051e-02,5.997523146783039633e-02,1.299758211947868100e-02,4.398183640974229203e-02,1.594621690157457111e-02,1.172377189361325719e-02,1.943740048357610328e-02,1.095712685026832556e-02,1.504983192781741974e-02,6.911599929232765428e-03,7.064928937901751756e-03,1.542725717992569391e-02,1.030842719820723036e-02,1.210119714572153136e-02,9.860234711328654672e-03,1.129916848499144810e-02,5.956242259833696706e-03,3.939376068880108724e-03,9.423836763578464018e-03,2.121837589196202273e-02,2.939199150793182780e-02,9.754083859173203266e-03,2.834227752550569010e-02,4.152857227103851079e-02,4.029014566255823687e-02,1.036739989384914858e-02,5.155393053016453508e-02,3.258831161172377061e-02,4.562127734858760497e-02,2.722179630830925262e-02,5.437282538184820546e-02,1.869434451848794171e-02,1.382319985846553086e-02,1.784513770124432352e-02,1.170018281535649060e-02,2.107684142242141970e-02,2.382496903933478682e-02,3.217550274223034829e-02,1.909535884885298074e-02,6.569558294509642016e-02,6.239311198914902074e-02,1.641799846670991339e-02,4.371056200978946926e-02,1.253169782390753106e-01,6.262900277171669361e-02,7.938904287314972608e-02,5.900807925930294517e-02,1.410626879754673518e-02,4.179984667099133355e-02
1.272630771952585997e-02,2.012148375302235184e-02,1.872972813587309160e-02,9.671522085274518454e-03,3.603231703721176959e-02,4.422952173143834126e-02,5.226160287786754677e-02,7.501326885651943277e-03,5.635430795541664095e-02,2.981659491655363689e-02,4.013681665388924708e-02,2.264551512649643286e-02,6.957598631833461500e-02,1.690157457097363897e-02,0.000000000000000000e+00,1.192427905879577671e-02,1.144070295453205113e-02,2.601875331721412860e-02,1.988559297045467897e-02,4.433567258359379787e-02,2.027481276169133817e-02,7.688860057793241165e-02,6.048239665035088503e-02,2.169015745709736501e-02,5.614200625110573467e-02,1.382319985846552912e-01,6.394999115409565060e-02,9.572447956596095986e-02,6.949342454443592498e-02,1.496727015391873493e-02,5.169546499970513465e-02,1.797487763165654326e-02,1.343398006722887339e-02,2.285781683080733567e-02,1.243144424131627061e-02,1.710208173615615848e-02,7.784395824733148471e-03,8.032081146429203775e-03,1.724361620569676151e-02,1.201863537182284655e-02,1.429498142360087314e-02,1.153505926755912098e-02,1.245503331957303721e-02,6.711092764050245046e-03,4.529103025299286572e-03,1.182992274576870860e-02,2.462699770006486835e-02,3.433390340272454017e-02,1.133455210237659973e-02,3.215191366397358169e-02,4.792121247862239641e-02,4.590434628766881103e-02,1.207760806746476304e-02,5.947986082443828398e-02,3.619744058500914269e-02,5.193135578227280752e-02,3.197499557704782530e-02,6.174441233708792554e-02,2.127734858760393921e-02,1.717284897092646173e-02,2.056967623990092753e-02,1.331603467594503695e-02,2.466238131745002171e-02,2.721000176918086932e-02,3.861532110632776710e-02,2.257474789172612961e-02,7.739576576045291423e-02,7.329126614377542981e-02,1.936663324880580350e-02,4.989090051306245555e-02,1.488117001828153652e-01,7.335023883941735323e-02,9.108922568850622015e-02,6.857345049242201396e-02,1.641799846670991339e-02,4.852273397416995843e-02
7.230052485699121380e-03,1.201863537182284655e-02,1.109866131980892859e-02,5.885475025063396058e-03,2.235065164828684350e-02,2.641976764757917109e-02,3.199858465530459189e-02,4.422952173143834299e-03,3.414519077667040048e-02,1.822256295335259943e-02,2.439110691749719895e-02,1.335141829333018858e-02,4.248392994043757864e-02,1.042637258949106506e-02,1.192427905879577671e-02,0.000000000000000000e+00,6.852627233590847210e-03,1.558058618859468024e-02,1.184171728489709190e-02,2.593619154331544552e-02,1.203042991095122985e-02,4.547974287904699847e-02,3.532464468950875791e-02,1.269092410214070835e-02,3.380314914194727793e-02,8.102848381199505290e-02,3.791944329775313871e-02,5.802913251164711073e-02,4.176446305360618366e-02,8.916671581057970114e-03,3.065400719466886831e-02,1.118122309370761340e-02,8.185410155098190102e-03,1.364628177153977794e-02,7.583888659550628089e-03,1.054431798077490150e-02,4.800377425252108470e-03,4.788582886123724305e-03,1.062687975467358631e-02,7.347997876982956950e-03,8.610013563719997459e-03,6.852627233590847210e-03,7.678244972577696198e-03,4.104499616677478348e-03,2.759922156041752592e-03,6.817243616205696452e-03,1.467240667570914731e-02,2.029840183994810476e-02,6.734681842307011640e-03,1.975585304004245923e-02,2.893200448192486882e-02,2.792946865601226777e-02,7.265436103084272138e-03,3.572565901987379694e-02,2.244500796131391335e-02,3.139706315975702988e-02,1.884767352715692804e-02,3.762457981954354935e-02,1.296219850209353111e-02,9.895618328713806297e-03,1.238426608480273569e-02,8.032081146429203775e-03,1.457805036268207746e-02,1.632364215368284355e-02,2.253936427434097972e-02,1.332782921507342025e-02,4.588075720941204444e-02,4.355723300112047947e-02,1.140531933714690124e-02,3.020581470779029262e-02,8.753906941086277149e-02,4.341569853157987990e-02,5.511588134693636704e-02,4.113935247980185506e-02,9.730494780916434938e-03,2.912071710797900503e-02
6.899805390104381264e-03,1.152326472843073595e-02,1.030842719820723036e-02,5.531638851211888482e-03,2.101786872677949974e-02,2.539364274340979999e-02,2.999351300347938981e-02,4.257828625346464675e-03,3.249395529869670424e-02,1.723182166656837822e-02,2.305832399598985519e-02,1.273810225865424327e-02,3.998348764522026422e-02,1.001356371999764100e-02,1.144070295453205113e-02,6.852627233590847210e-03,0.000000000000000000e+00,1.475496844960783212e-02,1.125199032847791492e-02,2.476853216960547138e-02,1.131096302411983313e-02,4.378132924455976904e-02,3.385032729846081112e-02,1.190068998053901012e-02,3.234062629002771444e-02,7.655835348233767934e-02,3.629179689803620906e-02,5.489178510349707746e-02,3.952350061921330177e-02,8.562835407206464272e-03,2.933301881228991131e-02,1.034381081559238025e-02,7.690039511706080362e-03,1.278528041516777645e-02,7.253641563955888841e-03,9.966385563484106078e-03,4.493719407914135815e-03,4.588075720941203924e-03,9.942796485227339484e-03,6.899805390104381264e-03,7.949519372530518962e-03,6.439818364097423149e-03,7.265436103084272138e-03,3.786047060211122396e-03,2.559414990859232211e-03,6.239311198914902767e-03,1.382319985846553086e-02,1.936663324880580350e-02,6.345462051070354173e-03,1.858819366633248857e-02,2.696231644748481315e-02,2.657309665624815742e-02,6.722887303178628343e-03,3.421595801144070026e-02,2.095889603113758326e-02,3.006428023824968959e-02,1.757386330129150076e-02,3.574924809813056353e-02,1.234888246741758580e-02,9.317685911423010878e-03,1.180633366751194201e-02,7.713628589962846956e-03,1.402370702364805037e-02,1.556879164946629694e-02,2.178451377012443138e-02,1.253759509347172202e-02,4.375774016630300245e-02,4.141062687975467088e-02,1.073303060682903771e-02,2.860175738633012957e-02,8.306893908120539793e-02,4.195317567966031641e-02,5.223801379961078017e-02,3.909889721059149614e-02,9.529987615733915424e-03,2.778793418647166474e-02
1.576929881464881819e-02,2.629002771716695136e-02,2.389573627410509007e-02,1.270271864126909164e-02,4.834581588724420897e-02,5.793477619862003741e-02,6.955239724007784841e-02,9.754083859173203266e-03,7.491891254349236640e-02,3.913428082797664603e-02,5.273338444300289252e-02,2.907353895146547185e-02,9.246918676652710056e-02,2.249218611782744653e-02,2.601875331721412860e-02,1.558058618859468024e-02,1.475496844960783212e-02,0.000000000000000000e+00,2.574747891726130930e-02,5.662558235536946372e-02,2.594798608244382881e-02,9.952232116530046468e-02,7.703013504747302509e-02,2.756383794303237517e-02,7.383381494368107534e-02,1.765760452910302425e-01,8.297458276817833156e-02,1.260010615085215557e-01,9.068821135814117418e-02,1.940201686619095339e-02,6.719348941440113354e-02,2.419059975231467943e-02,1.784513770124432352e-02,2.979300583829686683e-02,1.661850563189243291e-02,2.263372058736804956e-02,1.041457805036268176e-02,1.053252344164651820e-02,2.319985846553045822e-02,1.606416229285840755e-02,1.874152267500147490e-02,1.496727015391873493e-02,1.658312201450728302e-02,8.928466120186353411e-03,5.932653181576930113e-03,1.464881759745237898e-02,3.190422834227752552e-02,4.428849442708026468e-02,1.468420121483753060e-02,4.262546440997817820e-02,6.311257887598041572e-02,6.076546558943209109e-02,1.562776434510821516e-02,7.810343810815592591e-02,4.819248687857521918e-02,6.804269623164474479e-02,4.072654361030842579e-02,8.197204694226573052e-02,2.802382496903933415e-02,2.137170490063100906e-02,2.691513829097127997e-02,1.739694521436574784e-02,3.190422834227752552e-02,3.548976823730612407e-02,4.927758447838651024e-02,2.870790823848558271e-02,1.002535825912602430e-01,9.479271097481865860e-02,2.494545025653122777e-02,6.583711741463701972e-02,1.904228342277525521e-01,9.487527274871734861e-02,1.201273810225865490e-01,8.953234652355959722e-02,2.127734858760393921e-02,6.379666214542666081e-02
1.191248451966739341e-02,1.982662027481276248e-02,1.824615203160936602e-02,9.612549389632600236e-03,3.655127675886064853e-02,4.361620569676239595e-02,5.249749366043521964e-02,7.383381494368107707e-03,5.640148611193017414e-02,2.987556761219555337e-02,4.000707672347703081e-02,2.202040455269210426e-02,6.963495901397652454e-02,1.700772542312909211e-02,1.988559297045467897e-02,1.184171728489709190e-02,1.125199032847791492e-02,2.574747891726130930e-02,0.000000000000000000e+00,4.287314973167423438e-02,1.985020935306952908e-02,7.574453028247921105e-02,5.812348882467417710e-02,2.093530695288081667e-02,5.592970454679483533e-02,1.335377720115586420e-01,6.236952291089225414e-02,9.533525977472430413e-02,6.812525800554343480e-02,1.466061213658076227e-02,5.076369640856283338e-02,1.832871380550804910e-02,1.350474730199917490e-02,2.277525505690865260e-02,1.259656778911364024e-02,1.709028719702777518e-02,7.855163059503449119e-03,8.020286607300820478e-03,1.742053429262251443e-02,1.212478622397829796e-02,1.421241964970218832e-02,1.147608657191720276e-02,1.254938963260010532e-02,6.805449077077313155e-03,4.576281181812820627e-03,1.124019578934953162e-02,2.409624343928760959e-02,3.328418942029839900e-02,1.116942855457923010e-02,3.231703721177094785e-02,4.777967800908179685e-02,4.604588075720941059e-02,1.205401898920799644e-02,5.935012089402606772e-02,3.682255115881347129e-02,5.132983428672524551e-02,3.113758329893259388e-02,6.189774134575691533e-02,2.118299227457686937e-02,1.633543669281122684e-02,2.061685439641446072e-02,1.317450020640443392e-02,2.416701067405791284e-02,2.684437105620098019e-02,3.760099074128678276e-02,2.179630830925281468e-02,7.606298283894556700e-02,7.176977059621394983e-02,1.897741345756914430e-02,4.997346228696113862e-02,1.440702954532051550e-01,7.206463407442353919e-02,9.074718405378309760e-02,6.779501090994868862e-02,1.619390222327062728e-02,4.813351418293330269e-02
2.658489119537654072e-02,4.325057498378250681e-02,4.001887126260541411e-02,2.074659432682668045e-02,7.889367222975762761e-02,9.554756147903520347e-02,1.134280827976646838e-01,1.608775137111517414e-02,1.229698649525269860e-01,6.452792357138645296e-02,8.727958955003833896e-02,4.802736333077785302e-02,1.512649643215191464e-01,3.725894910656366021e-02,4.433567258359379787e-02,2.593619154331544552e-02,2.476853216960547138e-02,5.662558235536946372e-02,4.287314973167423438e-02,0.000000000000000000e+00,4.336852037506634672e-02,1.653358495016807317e-01,1.291030252992864391e-01,4.596331898331072752e-02,1.218965618918440713e-01,2.938963260010615253e-01,1.377484224803915691e-01,2.075602995812938500e-01,1.502506339564781412e-01,3.218729728135873158e-02,1.113286548328124015e-01,3.921684260187532911e-02,2.909712802972223844e-02,4.932476263490004342e-02,2.722179630830925262e-02,3.757740166303001617e-02,1.693695818835878886e-02,1.731438344046706476e-02,3.736509995871910988e-02,2.625464409978180147e-02,3.063041811641210171e-02,2.463879223919325512e-02,2.732794716046470576e-02,1.451907766704016098e-02,9.765878398301586563e-03,2.487468302176092452e-02,5.314619331249631484e-02,7.369228047414047578e-02,2.419059975231467943e-02,7.013032965736863689e-02,1.039334787993159148e-01,9.982897918263844428e-02,2.607772601285604855e-02,1.293153270035973246e-01,7.883469953411570419e-02,1.126024650586778253e-01,6.772424367517838883e-02,1.343751842896738768e-01,4.654125140060152294e-02,3.636256413280650884e-02,4.459515244441823734e-02,2.892020994279648552e-02,5.275697352125965911e-02,5.900807925930294517e-02,8.302176092469186475e-02,4.781506162646694674e-02,1.666804269623164414e-01,1.579288789290558548e-01,4.133985964498437110e-02,1.081441292681488420e-01,3.175679660317273223e-01,1.579052898507990743e-01,1.978651884177625719e-01,1.483870967741935387e-01,3.567848086336026375e-02,1.050421654773839725e-01
1.241964970218788732e-02,1.987379843132629567e-02,1.863537182284602176e-02,9.907412867842189594e-03,3.707023648050952747e-02,4.405260364451259181e-02,5.361797487763165365e-02,7.513121424780326574e-03,5.597688270330836852e-02,3.051247272512826528e-02,4.057321460163944293e-02,2.289320044819248556e-02,7.066108391814589218e-02,1.717284897092646173e-02,2.027481276169133817e-02,1.203042991095122985e-02,1.131096302411983313e-02,2.594798608244382881e-02,1.985020935306952908e-02,4.336852037506634672e-02,0.000000000000000000e+00,7.593324290853334380e-02,5.927935365925576794e-02,2.144247213540130884e-02,5.635430795541664095e-02,1.360500088459043466e-01,6.278233178038568341e-02,9.647933007017750473e-02,6.898625936191543628e-02,1.479035206699298201e-02,5.163649230406321816e-02,1.855281004894733868e-02,1.374063808456684604e-02,2.316447484814530833e-02,1.271451318039747667e-02,1.733797251872383136e-02,7.937724833402135666e-03,8.055670224685970368e-03,1.785693224037270682e-02,1.227811523264728429e-02,1.448369404965500935e-02,1.171197735448487390e-02,1.254938963260010532e-02,6.911599929232765428e-03,4.635253877454738845e-03,1.159403196320103746e-02,2.448546323052426879e-02,3.410980715928525059e-02,1.151147018930235265e-02,3.276522969864952700e-02,4.816889780031845258e-02,4.656484047885828953e-02,1.213658076310668125e-02,5.925576458099899441e-02,3.774252521082738926e-02,5.229698649525269666e-02,3.241139352479802116e-02,6.281771539777082636e-02,2.151323937017161209e-02,1.660671109276404961e-02,2.077018340508344704e-02,1.339859644984372176e-02,2.456802500442295187e-02,2.722179630830925262e-02,3.747125081087456649e-02,2.276346051778026930e-02,7.636964085628354659e-02,7.250103202217372811e-02,1.944919502270448658e-02,5.031550392168426117e-02,1.468656012266320587e-01,7.232411393524798560e-02,9.219791236657427780e-02,6.819602524031373458e-02,1.625287491891254377e-02,4.884118653063631438e-02
