0.000000000000000000e+00,1.283992313515402127e-02,1.243230652768881339e-02,5.895883072264601621e-03,2.158912245967507110e-02,2.773248704361497632e-02,3.209980783788505404e-02,6.856693647004017712e-03,3.569556862516741480e-02,1.901240319105572743e-02,2.466080475164502545e-02,1.199557444826180631e-02,4.790950911314272725e-02,1.186455482443370471e-02,9.447970651604261846e-03,1.122401444127409283e-02,7.075059686717522119e-03,1.457229371688114998e-02,1.237407558376521326e-02,2.531590287078553519e-02,1.768764921679380486e-02,4.309089850346474460e-02,4.169335584929832056e-02,1.508181447621266026e-02,3.279857916496826259e-02,7.536539917312060077e-02,4.409538228614685862e-02,6.385023001222850381e-02,4.447388342165026209e-02,1.008851103476387373e-02,3.240552029348395952e-02,1.100564840156059015e-02,7.671926861934431734e-03,1.202468992022360725e-02,7.424445350259128128e-03,1.071449368194258428e-02,4.774937401735282125e-03,3.610318523263262094e-03,1.102020613754148975e-02,7.395329878297327193e-03,1.084551330577068588e-02,6.143364583939906094e-03,1.036510801840097827e-02,3.348279275607057587e-03,3.086240027950853081e-03,7.861177429686136073e-03,1.368427182204623622e-02,1.544575787573516587e-02,7.977639317533338076e-03,2.036627263727944920e-02,2.464624701566412238e-02,3.431258370698189036e-02,7.206079310545623721e-03,2.988703196878821425e-02,2.084667792464916028e-02,2.832935421883188767e-02,1.854655563966691942e-02,5.102486461305538040e-02,1.202468992022360725e-02,1.077272462586618615e-02,1.233040237582251272e-02,5.590170616665696146e-03,1.394631106970243943e-02,1.333488615850463022e-02,2.387468700867641236e-02,1.671228090607348657e-02,4.035404413905549492e-02,4.652652419495720282e-02,9.549874803470564250e-03,3.147382519070634349e-02,8.782682117277121336e-02,4.511442380480987918e-02,6.674721947242764908e-02,3.934956035637337396e-02,1.081639783380888668e-02,3.211436557386595364e-02
1.283992313515402127e-02,0.000000000000000000e+00,2.525767192686193333e-02,1.212659407208990792e-02,4.399347813428055448e-02,5.575612880684795852e-02,6.440342397950270248e-02,1.297094275898212287e-02,7.239562103301694362e-02,3.805392185407325406e-02,5.032609328597216491e-02,2.367087870494380755e-02,9.691084842485296613e-02,2.454434286379782171e-02,1.882315262330402222e-02,2.234612473068188498e-02,1.413556163745414290e-02,2.965410819309381024e-02,2.474815116753042651e-02,5.128690386071158014e-02,3.387585162755488155e-02,8.712804984568800482e-02,8.175624526873580267e-02,2.854772025854539208e-02,6.606300588132534013e-02,1.500174692831770795e-01,9.001048156990625049e-02,1.284865777674256138e-01,8.989401968205903981e-02,2.000232923775694532e-02,6.516042625050952330e-02,2.193850812321667884e-02,1.554766202760146827e-02,2.458801607174052398e-02,1.496535258836545826e-02,2.225877831479648392e-02,9.957491410935772128e-03,7.191521574564724122e-03,2.195306585919757844e-02,1.575147033133407135e-02,2.227333605077738352e-02,1.259244162347871593e-02,2.126885226809526602e-02,6.871251382984918180e-03,6.288941943748908164e-03,1.458685145286205131e-02,2.780527572351947779e-02,3.048389914400512560e-02,1.647935713037908256e-02,4.182437547312641696e-02,5.026786234204856652e-02,6.965876666860769395e-02,1.339311710242823035e-02,6.066208583241134572e-02,4.199906830489721909e-02,5.684795900541547709e-02,3.451639201071449170e-02,1.035346182961625755e-01,2.476270890351132611e-02,2.138531415594246629e-02,2.455890059977872131e-02,1.150061142491119737e-02,2.834391195481278727e-02,2.665521458102835736e-02,4.817154836079892699e-02,3.160484481453444683e-02,8.257147848366622189e-02,9.184475630349968334e-02,1.707622430559599391e-02,6.339894019682058846e-02,1.727712106213241672e-01,9.044721364933325236e-02,1.348191929191172311e-01,7.990741279916147022e-02,2.153089151575146923e-02,6.392301869213300181e-02
1.243230652768881339e-02,2.525767192686193333e-02,0.000000000000000000e+00,1.161707331275839937e-02,4.204274151283992483e-02,5.390729633727362607e-02,6.171024282303615854e-02,1.244686426366971473e-02,7.037209573167181598e-02,3.624876259244162041e-02,4.822977930472253233e-02,2.279741454608979340e-02,9.367903103709311619e-02,2.351074360915390501e-02,1.822628544808711434e-02,2.157456472369417150e-02,1.356780993419903422e-02,2.857683573050719128e-02,2.381645606475281049e-02,4.965643743085075557e-02,3.243463576544575871e-02,8.472602340883945982e-02,7.894660222442205499e-02,2.755779421184417419e-02,6.369009491643859433e-02,1.452425318814417887e-01,8.677866418214638666e-02,1.237261981016712226e-01,8.706981890176439254e-02,1.914342281488383077e-02,6.270016886973737991e-02,2.083212018866825721e-02,1.487800617248005546e-02,2.355441681709660381e-02,1.436848541314854691e-02,2.128341000407616562e-02,9.506201595527863715e-03,6.914924590927618714e-03,2.077388924474465881e-02,1.509637221219355986e-02,2.158912245967507110e-02,1.215570954405170885e-02,2.049729226110755254e-02,6.507307983462411703e-03,6.056018168054504158e-03,1.409188842951144237e-02,2.675711873289466150e-02,2.981424328888371278e-02,1.586793221918127161e-02,4.025213998718919078e-02,4.875385780003493874e-02,6.695102777616025735e-02,1.298550049496302421e-02,5.901706166656961461e-02,4.007744715541838865e-02,5.446049030454783862e-02,3.304606067664356966e-02,9.986606882897572368e-02,2.387468700867641236e-02,2.046817678914575334e-02,2.374366738484830902e-02,1.097653292959878922e-02,2.755779421184417419e-02,2.554882664647993920e-02,4.674489023467070375e-02,3.019274442438711972e-02,8.022768299074127529e-02,8.932626797880394154e-02,1.661037675420718590e-02,6.092412508006754546e-02,1.668462120770977664e-01,8.771035928492400269e-02,1.294910615501077278e-01,7.757817504221743710e-02,2.062831188493565587e-02,6.153554999126535641e-02
5.895883072264601621e-03,1.212659407208990792e-02,1.161707331275839937e-02,0.000000000000000000e+00,2.062831188493565587e-02,2.575263495021254401e-02,3.022185989634891892e-02,5.983229488150002690e-03,3.393408257147848689e-02,1.783322657660280780e-02,2.339428172130670128e-02,1.094741745763698829e-02,4.537646305246607892e-02,1.123857217725499416e-02,8.458044604903045688e-03,1.046701217026728067e-02,6.550981191405113105e-03,1.375706050195073596e-02,1.135503406510219616e-02,2.340883945728760435e-02,1.559133523554416881e-02,4.007744715541838865e-02,3.787922902230245192e-02,1.314563559075292674e-02,3.087695801548943214e-02,6.971699761253129235e-02,4.134397018575670935e-02,5.991964129738543143e-02,4.141675886566121428e-02,9.185931403948058641e-03,3.025097536831072159e-02,1.049612764222907987e-02,7.380772142316426726e-03,1.152972689687299830e-02,7.031386478774820717e-03,1.035055028242007867e-02,4.716706457811681123e-03,3.406510219530658589e-03,1.039422349036277921e-02,7.526349502125429664e-03,1.033599254643917734e-02,5.910440808245502088e-03,1.003028009084027186e-02,3.304606067664357053e-03,2.940662668141850577e-03,6.842135911023118112e-03,1.278169219123041940e-02,1.403365748558784223e-02,7.701042333896232668e-03,1.968205904617714025e-02,2.329237756944040061e-02,3.272579048506376459e-02,6.318057415710709099e-03,2.830023874687008847e-02,1.965294357421533758e-02,2.645140627729575603e-02,1.601350957899027455e-02,4.853549176032143780e-02,1.154428463285389790e-02,9.680894427298665852e-03,1.148605368893029777e-02,5.386362312933093074e-03,1.329121295056192795e-02,1.253421067955511579e-02,2.204041227508297951e-02,1.474698654865195385e-02,3.819949921388225700e-02,4.284341699178943752e-02,7.977639317533338076e-03,2.953764630524660650e-02,8.021312525476037569e-02,4.141675886566121428e-02,6.291853490945088778e-02,3.691841844756303670e-02,9.928375938973971193e-03,2.988703196878821425e-02
2.158912245967507110e-02,4.399347813428055448e-02,4.204274151283992483e-02,2.062831188493565587e-02,0.000000000000000000e+00,9.296570197402899416e-02,1.104349851511093050e-01,2.170558434752227484e-02,1.220811739358294984e-01,6.562627380189832438e-02,8.520642869620916049e-02,4.029581319513189652e-02,1.653758807430268374e-01,4.111104641006230881e-02,3.086240027950853254e-02,3.802480638211145486e-02,2.423863040819891623e-02,5.000582309439235984e-02,4.143131660164211388e-02,8.516275548826646169e-02,5.737203750072788350e-02,1.457229371688115172e-01,1.363914284050544434e-01,4.764746986548652058e-02,1.130117044197286452e-01,2.535084143713969840e-01,1.504396436266231818e-01,2.184388283934082520e-01,1.503814126826995834e-01,3.370115879578407941e-02,1.100128108076631889e-01,3.822861468584405620e-02,2.659698363710475896e-02,4.147498980958481268e-02,2.530134513480463559e-02,3.782099807837885352e-02,1.717812845746229458e-02,1.221394048797531072e-02,3.846153846153846367e-02,2.703371571653176431e-02,3.768997845455075019e-02,2.161823793163687030e-02,3.642345542421242949e-02,1.195190124031910578e-02,1.065626273801898415e-02,2.458801607174052398e-02,4.683223665055610829e-02,5.082105630932277213e-02,2.784894893146218006e-02,7.217725499330343575e-02,8.421650264950794607e-02,1.193006463634775499e-01,2.278285681010889033e-02,1.025010190415186623e-01,7.210446631339893775e-02,9.699819484073836373e-02,5.830373260350549952e-02,1.765416642403773440e-01,4.231933849647703111e-02,3.492400861817970131e-02,4.170791358527922016e-02,1.971117451813893945e-02,4.802597100098992405e-02,4.542013626040878466e-02,8.028591393466488757e-02,5.374716124148372354e-02,1.393903220171198998e-01,1.541664240377336459e-01,2.863506667443079315e-02,1.081203051301461576e-01,2.912711815058521836e-01,1.505269900425085794e-01,2.286438013160193294e-01,1.346008268794037233e-01,3.658359052000233202e-02,1.082222092820124548e-01
2.773248704361497632e-02,5.575612880684795852e-02,5.390729633727362607e-02,2.575263495021254401e-02,9.296570197402899416e-02,0.000000000000000000e+00,1.373376812438129591e-01,2.712106213241716537e-02,1.566994700984102873e-01,7.999475921504688170e-02,1.062569149245909256e-01,5.007861177429686478e-02,2.076515460315611628e-01,5.240784953124090484e-02,4.006288941943748905e-02,4.820066383276072619e-02,2.991614744075001345e-02,6.354451755662959833e-02,5.297560123449601005e-02,1.109008327024981061e-01,7.188610027368542987e-02,1.893670296395504604e-01,1.753479298899435213e-01,6.101147149595294999e-02,1.415448669422931238e-01,3.208088278110988179e-01,1.931957142025272356e-01,2.748209398474349419e-01,1.937343504338205347e-01,4.258137774413323084e-02,1.390991672975018800e-01,4.690502533046060629e-02,3.313340709252896726e-02,5.191288650789029069e-02,3.169219123041984443e-02,4.735631514586851470e-02,2.119606358819076455e-02,1.546031561171606547e-02,4.661387061084260042e-02,3.335177313224247514e-02,4.713794910615501377e-02,2.661154137308565856e-02,4.540557852442787812e-02,1.463052466080475185e-02,1.330577068654282928e-02,3.131369009491644095e-02,5.957025563384382716e-02,6.613579456122983813e-02,3.495312409014150051e-02,8.872940080358703019e-02,1.083823443778023643e-01,1.490275432364758512e-01,2.878064403423979609e-02,1.306265649566179521e-01,8.820532230827461684e-02,1.205380539218540714e-01,7.315262330402376445e-02,2.203604495428870824e-01,5.272811972282070991e-02,4.553659814825598146e-02,5.266988877889710458e-02,2.444243871193152104e-02,6.083677866418214786e-02,5.638211145402666907e-02,1.041169277353985873e-01,6.721306702381645015e-02,1.775461480230594580e-01,1.988004425551738175e-01,3.687474523962033096e-02,1.354451755662959278e-01,3.705380539218540714e-01,1.951755662959296644e-01,2.867873988237349403e-01,1.729604611890758759e-01,4.606067664356839481e-02,1.364933325569207545e-01
3.209980783788505404e-02,6.440342397950270248e-02,6.171024282303615854e-02,3.022185989634891892e-02,1.104349851511093050e-01,1.373376812438129591e-01,0.000000000000000000e+00,3.209980783788505404e-02,1.799190589879461899e-01,9.554242124264834823e-02,1.250946252838758543e-01,5.919175449834041675e-02,2.416001863390205562e-01,6.067664356839224532e-02,4.542013626040878466e-02,5.565422465498165439e-02,3.534618296162581053e-02,7.350200896756536872e-02,6.082222092820124826e-02,1.252693181156466495e-01,8.424561812146974527e-02,2.142898736388516856e-01,2.011296803121178645e-01,7.034298025971001678e-02,1.657689396145111405e-01,3.728527339428172049e-01,2.212630291737029131e-01,3.198334595003785030e-01,2.212630291737029131e-01,4.943807139113724769e-02,1.615617539160309757e-01,5.593082163861876066e-02,3.904384790077446848e-02,6.063297036044953958e-02,3.702032259942933390e-02,5.526116578349735131e-02,2.502474815116752932e-02,1.792057299248820887e-02,5.648401560589297321e-02,3.958248413206778143e-02,5.502824200780294384e-02,3.161940255051534643e-02,5.312117859430501299e-02,1.746928317708030046e-02,1.554766202760146827e-02,3.658359052000233202e-02,6.865428288592557993e-02,7.508880218948349450e-02,4.086356489838700173e-02,1.052961043498515104e-01,1.238281022535375336e-01,1.751586793221918126e-01,3.378850521166948395e-02,1.500320270191579930e-01,1.054125662376987072e-01,1.421854073254527340e-01,8.586152681534967024e-02,2.590985849880626524e-01,6.169568508705525894e-02,5.147615442846328881e-02,6.106970243987654839e-02,2.882431724218249489e-02,7.037209573167181598e-02,6.651429569673324160e-02,1.181214697490246268e-01,7.944156524777266914e-02,2.037355150526990177e-01,2.274063937576428218e-01,4.245035812030512751e-02,1.584172829441565233e-01,4.280702265183718436e-01,2.218162231409771257e-01,3.350026203924765800e-01,1.976358236767017940e-01,5.344144878588481806e-02,1.588394572876026256e-01
6.856693647004017712e-03,1.297094275898212287e-02,1.244686426366971473e-02,5.983229488150002690e-03,2.170558434752227484e-02,2.712106213241716537e-02,3.209980783788505404e-02,0.000000000000000000e+00,3.572468409712921400e-02,1.891049903918942676e-02,2.463168927968322278e-02,1.176265067256740231e-02,4.774937401735282472e-02,1.196645897630000538e-02,9.360624235718860778e-03,1.118034123333139229e-02,7.002271006813020650e-03,1.455773598090025038e-02,1.224305595993710992e-02,2.506842135911023159e-02,1.745472544109940086e-02,4.275607057590403298e-02,4.093635357829150667e-02,1.480521749257555399e-02,3.256565538927386205e-02,7.521982181331159090e-02,4.412449775810865782e-02,6.374832586036219273e-02,4.390613171839515688e-02,9.753683107203167321e-03,3.218715425377045164e-02,1.094741745763698829e-02,7.657369125953532134e-03,1.224305595993710992e-02,7.468118558201828662e-03,1.097653292959878922e-02,4.905957025563384595e-03,3.537529843358761059e-03,1.080184009782798535e-02,7.759273277819833670e-03,1.099109066557968882e-02,6.070575904035404625e-03,1.053980085017178214e-02,3.391952483549758555e-03,3.173586443836254583e-03,7.832061957724335138e-03,1.368427182204623622e-02,1.496535258836545826e-02,8.137774413323240613e-03,2.074477377278285614e-02,2.452978512781692211e-02,3.461829616258079584e-02,6.958597798870320116e-03,2.991614744075001345e-02,2.091946660455365828e-02,2.814010365108018247e-02,1.806615035229721181e-02,5.111221102894077800e-02,1.234496011180341232e-02,1.078728236184708575e-02,1.222849822395621032e-02,5.604728352646596613e-03,1.388808012577883930e-02,1.310196238281022621e-02,2.372910964886740942e-02,1.639201071449368149e-02,4.073254527455889840e-02,4.604611890758749521e-02,9.127700460024456772e-03,3.121178594305013682e-02,8.660397135037559146e-02,4.476503814126826797e-02,6.699470098410295615e-02,3.911663658067897342e-02,1.074360915390438521e-02,3.177953764630524897e-02
3.569556862516741480e-02,7.239562103301694362e-02,7.037209573167181598e-02,3.393408257147848689e-02,1.220811739358294984e-01,1.566994700984102873e-01,1.799190589879461899e-01,3.572468409712921400e-02,0.000000000000000000e+00,1.051505269900425144e-01,1.392738601292727030e-01,6.518954172247132250e-02,2.718511617073312570e-01,6.839224363826937325e-02,5.172363594013858895e-02,6.385023001222850381e-02,3.942234903627787890e-02,8.345950037850113912e-02,6.862516741396378073e-02,1.444564141384731826e-01,9.296570197402899416e-02,2.469428754440109453e-01,2.281342805566878296e-01,7.928143015198275967e-02,1.857858265882489923e-01,4.199033366330868211e-01,2.522855645490013621e-01,3.595615209922553013e-01,2.523292377569440470e-01,5.556687823909625679e-02,1.814185057939789181e-01,6.131718395155185547e-02,4.304722529552203886e-02,6.785360740697606030e-02,4.116927735398590721e-02,6.214697490246316736e-02,2.783439119548128046e-02,2.023525301345134933e-02,6.121527979968555133e-02,4.394980492633785568e-02,6.162289640715076094e-02,3.474931578640889918e-02,6.023991148896523651e-02,1.924532696675013144e-02,1.744016770511850126e-02,4.042683281895999292e-02,7.779654108193094497e-02,8.557037209573167824e-02,4.592965701974029147e-02,1.165346765271065010e-01,1.418214639259302301e-01,1.951755662959296644e-01,3.738426599895184471e-02,1.716065917428521437e-01,1.165201187911256014e-01,1.572672218016654133e-01,9.458161066790893301e-02,2.890875211087171603e-01,6.955686251674139675e-02,5.863856053106621113e-02,6.923659232516159168e-02,3.214348104582775284e-02,8.008210563093227929e-02,7.382227915914517380e-02,1.357217725499330341e-01,8.648750946252838079e-02,2.330547953182321164e-01,2.589966808361963690e-01,4.772025854539101858e-02,1.779392068945437611e-01,4.824579281430151911e-01,2.529552204041227714e-01,3.762446864263669921e-01,2.256885809118965858e-01,6.051650847260234278e-02,1.783904967099516625e-01
1.901240319105572743e-02,3.805392185407325406e-02,3.624876259244162041e-02,1.783322657660280780e-02,6.562627380189832438e-02,7.999475921504688170e-02,9.554242124264834823e-02,1.891049903918942676e-02,1.051505269900425144e-01,0.000000000000000000e+00,7.389506783904967180e-02,3.464741163454259504e-02,1.421126186455482499e-01,3.627787806440342655e-02,2.691725382868456404e-02,3.282769463693006179e-02,2.084667792464916028e-02,4.333838001514004473e-02,3.591393466488091574e-02,7.393874104699237060e-02,5.006405403831595824e-02,1.259826471787107716e-01,1.184417399406044319e-01,4.179526000116461776e-02,9.721656088045187161e-02,2.191521574564723740e-01,1.295638502300122397e-01,1.890467594479706415e-01,1.301607174052291371e-01,2.942118441739940624e-02,9.494555406743143688e-02,3.224538519769405698e-02,2.275374133814709113e-02,3.579747277703371894e-02,2.173469981948407403e-02,3.300238746870087087e-02,1.465964013276655278e-02,1.045245443428637934e-02,3.263844406917836005e-02,2.323414662551679874e-02,3.225994293367495658e-02,1.843009375181971568e-02,3.164851802247714563e-02,1.026320386653467587e-02,9.113142724043557172e-03,2.173469981948407403e-02,4.049962149886449786e-02,4.377511209456705354e-02,2.403482210446631490e-02,6.245268735806207283e-02,7.217725499330343575e-02,1.027048273452512706e-01,1.969661678215803985e-02,8.791416758865661096e-02,6.242357188610027363e-02,8.389623245792814099e-02,5.098119140511267466e-02,1.522884760961975281e-01,3.686018750363943136e-02,3.060036103185232587e-02,3.594305013684271494e-02,1.697432015372969324e-02,4.141675886566121428e-02,3.916030978862167222e-02,6.974611308449310543e-02,4.703604495428870963e-02,1.199994176905607585e-01,1.335235544168170974e-01,2.514121003901473306e-02,9.337331858149421071e-02,2.521836603971350232e-01,1.305246608047516410e-01,1.985820765154603096e-01,1.155738659523670858e-01,3.182321085424794777e-02,9.340243405345600991e-02
2.466080475164502545e-02,5.032609328597216491e-02,4.822977930472253233e-02,2.339428172130670128e-02,8.520642869620916049e-02,1.062569149245909256e-01,1.250946252838758543e-01,2.463168927968322278e-02,1.392738601292727030e-01,7.389506783904967180e-02,0.000000000000000000e+00,4.559482909217958679e-02,1.878675828335177322e-01,4.751645024165841724e-02,3.584114598497641774e-02,4.306178303150293846e-02,2.744133232399697045e-02,5.703720957316717882e-02,4.738543061783031390e-02,9.784254352763058216e-02,6.524777266639492090e-02,1.671664822686775853e-01,1.558842368834798819e-01,5.428579747277703649e-02,1.278169219123042044e-01,2.890438479007744754e-01,1.722034589180690689e-01,2.486898037617189805e-01,1.718686309905083642e-01,3.825773015780585540e-02,1.250509520759331417e-01,4.246491585628602711e-02,2.991614744075001345e-02,4.725441099400221057e-02,2.882431724218249489e-02,4.342572643102544927e-02,1.923076923076923184e-02,1.374250276596983636e-02,4.211553019274442283e-02,3.064403423979502814e-02,4.272695510394223378e-02,2.415128399231351516e-02,4.160600943341291602e-02,1.333488615850463022e-02,1.212659407208990792e-02,2.797996855529027993e-02,5.341233331392301886e-02,5.815815524369650352e-02,3.189599953415244576e-02,8.196005357246841094e-02,9.627030804169335598e-02,1.350230012228498255e-01,2.579630815815524281e-02,1.169422931345717176e-01,8.123216677342340319e-02,1.098963489198159921e-01,6.600477493740174173e-02,1.996302335060851363e-01,4.857916496826413660e-02,4.045594829092179906e-02,4.745821929773481884e-02,2.236068246666278458e-02,5.478076049612764370e-02,5.133057706865428588e-02,9.212135328713678961e-02,6.076398998427764292e-02,1.590869387992779327e-01,1.767163570721481392e-01,3.252198218133115631e-02,1.222995399755430063e-01,3.316543411168694777e-01,1.729459034530949624e-01,2.603214348104582743e-01,1.536132300704594333e-01,4.170791358527922016e-02,1.230419845105689136e-01
1.199557444826180631e-02,2.367087870494380755e-02,2.279741454608979340e-02,1.094741745763698829e-02,4.029581319513189652e-02,5.007861177429686478e-02,5.919175449834041675e-02,1.176265067256740231e-02,6.518954172247132250e-02,3.464741163454259504e-02,4.559482909217958679e-02,0.000000000000000000e+00,8.827811098817911484e-02,2.233156699470098538e-02,1.691608920980609138e-02,2.017702206952774746e-02,1.301461596692482341e-02,2.693181156466546364e-02,2.256449077039538939e-02,4.572584871600768319e-02,3.128457462295463481e-02,7.842252372910965552e-02,7.390962557503057140e-02,2.614569382169685055e-02,6.045827752867873744e-02,1.366389099167297505e-01,8.083910790193908624e-02,1.171315437023234124e-01,8.097012752576719652e-02,1.809526582425901101e-02,5.906073487451231341e-02,2.030804169335585080e-02,1.438304314912944824e-02,2.221510510685378165e-02,1.352413672625633195e-02,2.022069527747044626e-02,9.069469516100856638e-03,6.521865719443312170e-03,2.027892622139404813e-02,1.435392767716764731e-02,2.029348395737494773e-02,1.155884236883479924e-02,1.927444243871193064e-02,6.318057415710709099e-03,5.706632504512898149e-03,1.349502125429453275e-02,2.511209456705293039e-02,2.765969836371047486e-02,1.495079485238455692e-02,3.849065393350026287e-02,4.531823210854248052e-02,6.387934548419030301e-02,1.225761369591801125e-02,5.482443370407034250e-02,3.821405694986315660e-02,5.170907820415768935e-02,3.180865311826704817e-02,9.407208990857741926e-02,2.259360624235718859e-02,1.904151866301752663e-02,2.212775869096838058e-02,1.048156990624818027e-02,2.553426891049903960e-02,2.409305304838991330e-02,4.317824491935014219e-02,2.934839573749490477e-02,7.428812671053397487e-02,8.303732603505502297e-02,1.575147033133407135e-02,5.793978920398299565e-02,1.573982414254934958e-01,8.171257206079310387e-02,1.223868863914284039e-01,7.235194782507424482e-02,1.946369300646363584e-02,5.792523146800209605e-02
4.790950911314272725e-02,9.691084842485296613e-02,9.367903103709311619e-02,4.537646305246607892e-02,1.653758807430268374e-01,2.076515460315611628e-01,2.416147440750014419e-01,4.774937401735282472e-02,2.718511617073312570e-01,1.421126186455482499e-01,1.878675828335177322e-01,8.827811098817911484e-02,0.000000000000000000e+00,9.153904384790077786e-02,6.861060967798288113e-02,8.392534792988994019e-02,5.299015897047690965e-02,1.107698130786700097e-01,9.193210271938508094e-02,1.904734175740988855e-01,1.254731264193792717e-01,3.263553252198218013e-01,3.026553310429161980e-01,1.051796424620043136e-01,2.490537471612414844e-01,5.593518895941302915e-01,3.340272520817562651e-01,4.812787515285622542e-01,3.356722762475979893e-01,7.465207011005647875e-02,2.422698421941419655e-01,8.278984452337972977e-02,5.788155826005939725e-02,9.053456006521866384e-02,5.518837710359284637e-02,8.297909509113142457e-02,3.729691958306644017e-02,2.690269609270366444e-02,8.305188377103592257e-02,5.910440808245501915e-02,8.226576602806731642e-02,4.716706457811681297e-02,7.979095091131427342e-02,2.586909683805974428e-02,2.305945379374599660e-02,5.447504804052873822e-02,1.037384265998951838e-01,1.142491119781051667e-01,6.127351074360915667e-02,1.577039538810924013e-01,1.873435043382053189e-01,2.624323065276888411e-01,5.010772724625866398e-02,2.265183718628079046e-01,1.570342980259709920e-01,2.124992721132009654e-01,1.275257671926861847e-01,3.890846095615209665e-01,9.270366272637280136e-02,7.746171315437022642e-02,9.194666045536598054e-02,4.323647586327374059e-02,1.062860303965527248e-01,9.956035637337681821e-02,1.791329412449775838e-01,1.178157572934257213e-01,3.085803295871425989e-01,3.433587608455133111e-01,6.355907529261049793e-02,2.385430617830315014e-01,6.435392767716764384e-01,3.366767600302800756e-01,5.037267804111105196e-01,2.993361672392709227e-01,8.050427997437838157e-02,2.383246957433179936e-01
1.186455482443370471e-02,2.454434286379782171e-02,2.351074360915390501e-02,1.123857217725499416e-02,4.111104641006230881e-02,5.240784953124090484e-02,6.069120130437314492e-02,1.196645897630000538e-02,6.839224363826937325e-02,3.627787806440342655e-02,4.751645024165841724e-02,2.233156699470098538e-02,9.153904384790077786e-02,0.000000000000000000e+00,1.741105223315669859e-02,2.110871717230536349e-02,1.343679031037093088e-02,2.776160251557677899e-02,2.349618587317300542e-02,4.834624119256972913e-02,3.144470971874454429e-02,8.245501659581902509e-02,7.540907238106329957e-02,2.643684854131485643e-02,6.220520584638677269e-02,1.402783439119548170e-01,8.459500378501134954e-02,1.221539626157339964e-01,8.443486868922145394e-02,1.920165375880742917e-02,6.066208583241134572e-02,2.061375414895475627e-02,1.429569673324404544e-02,2.256449077039538939e-02,1.381529144587433783e-02,2.086123566063005988e-02,9.346066499737961178e-03,6.725674023175916109e-03,2.043906131718395067e-02,1.449950503697665025e-02,2.035171490129854960e-02,1.160251557677749977e-02,2.054096546905025480e-02,6.449077039538810702e-03,5.881325336283701154e-03,1.334944389448552982e-02,2.623304023758225162e-02,2.838758516275548954e-02,1.548943108367786640e-02,3.972806149187678437e-02,4.705060269026960923e-02,6.552436965003202718e-02,1.240319105572701419e-02,5.670238164560647415e-02,4.019390904326559238e-02,5.384906539335002768e-02,3.221626972573225084e-02,9.711465672858557441e-02,2.368543644092470715e-02,1.974028999010073865e-02,2.326326209747860141e-02,1.120945670529319323e-02,2.684446514878006257e-02,2.511209456705293039e-02,4.553659814825598146e-02,2.920281837768590183e-02,7.801490712164443897e-02,8.517731322424736129e-02,1.573691259535317175e-02,5.997787224130902983e-02,1.613288301403365821e-01,8.468235020089676102e-02,1.268997845455074880e-01,7.505968671752169530e-02,2.057008094101205400e-02,5.973039072963372970e-02
9.447970651604261846e-03,1.882315262330402222e-02,1.822628544808711434e-02,8.458044604903045688e-03,3.086240027950853254e-02,4.006288941943748905e-02,4.542013626040878466e-02,9.360624235718860778e-03,5.172363594013858895e-02,2.691725382868456404e-02,3.584114598497641774e-02,1.691608920980609138e-02,6.861060967798288113e-02,1.741105223315669859e-02,0.000000000000000000e+00,1.576602806731497095e-02,1.001572235485937226e-02,2.102137075641996242e-02,1.776043789669830633e-02,3.706399580737203964e-02,2.448611191987421984e-02,6.275839981366097831e-02,5.916263902637861755e-02,2.099225528445815975e-02,4.654108193093810242e-02,1.080184009782798604e-01,6.463634775519710995e-02,9.156815931986257706e-02,6.430151982763640528e-02,1.429569673324404544e-02,4.642462004309089868e-02,1.518371862807896093e-02,1.097653292959878922e-02,1.776043789669830633e-02,1.075816688988528481e-02,1.570779712339136908e-02,6.914924590927618714e-03,5.109765329295987667e-03,1.506725674023175893e-02,1.094741745763698829e-02,1.601350957899027455e-02,8.836545740406452631e-03,1.506725674023175893e-02,4.789495137716182592e-03,4.542013626040878119e-03,1.075816688988528481e-02,1.985675187794794239e-02,2.198218133115937764e-02,1.173353520060560137e-02,2.963955045711291064e-02,3.575379956909101320e-02,4.926337855936644555e-02,9.695452163279567187e-03,4.313457171140744340e-02,2.979968555290281318e-02,4.019390904326559238e-02,2.551971117451814000e-02,7.310895009608105177e-02,1.760030280090840379e-02,1.585337448320037201e-02,1.757118732894660112e-02,8.079543469399638744e-03,2.014790659756594826e-02,1.883771035928492529e-02,3.482210446631339718e-02,2.292843416991789326e-02,5.904617713853141381e-02,6.651429569673324160e-02,1.279624992721132073e-02,4.466313398940197077e-02,1.246724509404297382e-01,6.543702323414662958e-02,9.564432539451464543e-02,5.702265183718627922e-02,1.534385372386886347e-02,4.562394456414138599e-02
1.122401444127409283e-02,2.234612473068188498e-02,2.157456472369417150e-02,1.046701217026728067e-02,3.802480638211145486e-02,4.820066383276072619e-02,5.565422465498165439e-02,1.118034123333139229e-02,6.385023001222850381e-02,3.282769463693006179e-02,4.306178303150293846e-02,2.017702206952774746e-02,8.392534792988994019e-02,2.110871717230536349e-02,1.576602806731497095e-02,0.000000000000000000e+00,1.230128690386071179e-02,2.544692249461363853e-02,2.121062132417166415e-02,4.463401851744016463e-02,2.892622139404879902e-02,7.581668898852850225e-02,7.038665346765271558e-02,2.473359343154952691e-02,5.737203750072788350e-02,1.297967740057066333e-01,7.757817504221743710e-02,1.119053164851802201e-01,7.785477202585454337e-02,1.735282128923310019e-02,5.590170616665696146e-02,1.901240319105572743e-02,1.321842427065742821e-02,2.083212018866825721e-02,1.254876841553601539e-02,1.928900017469283024e-02,8.661852908635648760e-03,6.187037791882606629e-03,1.896872998311302516e-02,1.339311710242823035e-02,1.863390205555232049e-02,1.058347405811448268e-02,1.875036394339952422e-02,5.983229488150002690e-03,5.284458161066790671e-03,1.259244162347871593e-02,2.400570663250451223e-02,2.626215570954405082e-02,1.415011937343504424e-02,3.607406976067081827e-02,4.358586152681535181e-02,6.032725790485064105e-02,1.168986199266290084e-02,5.269900425085890378e-02,3.620508938449892161e-02,4.869562685611134034e-02,2.923193384964770450e-02,8.970476911430734501e-02,2.154544925173237230e-02,1.797880393641181074e-02,2.167646887556047217e-02,9.957491410935772128e-03,2.482093984743492798e-02,2.278285681010889033e-02,4.198451056891631950e-02,2.688813835672276137e-02,7.204623536947533935e-02,7.960170034356256474e-02,1.481977522855645532e-02,5.529028125545915051e-02,1.487800617248005719e-01,7.789844523379724217e-02,1.169859663425144164e-01,6.933849647702788888e-02,1.904151866301752663e-02,5.518837710359284637e-02
7.075059686717522119e-03,1.413556163745414290e-02,1.356780993419903422e-02,6.550981191405113105e-03,2.423863040819891623e-02,2.991614744075001345e-02,3.534618296162581053e-02,7.002271006813020650e-03,3.942234903627787890e-02,2.084667792464916028e-02,2.744133232399697045e-02,1.301461596692482341e-02,5.299015897047690965e-02,1.343679031037093088e-02,1.001572235485937226e-02,1.230128690386071179e-02,0.000000000000000000e+00,1.602806731497117415e-02,1.343679031037093088e-02,2.771792930763407672e-02,1.850288243172421715e-02,4.731264193792581590e-02,4.397892039829965488e-02,1.550398881965876600e-02,3.611774296861352401e-02,8.162522564490770627e-02,4.849181855237873207e-02,7.067780818727072145e-02,4.878297327199673794e-02,1.099109066557968882e-02,3.509870144995050345e-02,1.190822803237640524e-02,8.370698189017644619e-03,1.307284691084842528e-02,7.977639317533338076e-03,1.212659407208990792e-02,5.371804576952192607e-03,3.886915506900367068e-03,1.190822803237640524e-02,8.487160076864846622e-03,1.189367029639550391e-02,6.827578175042217645e-03,1.174809293658650271e-02,3.755895883072264598e-03,3.348279275607057587e-03,8.021312525476038610e-03,1.508181447621266026e-02,1.642112618645548416e-02,8.909334420310954100e-03,2.303033832178419740e-02,2.699004250858906551e-02,3.812671053397775900e-02,7.307983462411926125e-03,3.284225237291096833e-02,2.317591568159320034e-02,3.113899726314563535e-02,1.883771035928492529e-02,5.664415070168287575e-02,1.361148314214173476e-02,1.136959180108309576e-02,1.345134804635183222e-02,6.303499679729808632e-03,1.541664240377336494e-02,1.454317824491935078e-02,2.610202061375414828e-02,1.735282128923310019e-02,4.485238455715367251e-02,4.962732195888895637e-02,9.346066499737961178e-03,3.480754673033249758e-02,9.375181971699761418e-02,4.876841553601583834e-02,7.388051010306877220e-02,4.328014907121644633e-02,1.189367029639550391e-02,3.464741163454259504e-02
1.457229371688114998e-02,2.965410819309381024e-02,2.857683573050719128e-02,1.375706050195073596e-02,5.000582309439235984e-02,6.354451755662959833e-02,7.350200896756536872e-02,1.455773598090025038e-02,8.345950037850113912e-02,4.333838001514004473e-02,5.703720957316717882e-02,2.693181156466546364e-02,1.107698130786700097e-01,2.776160251557677899e-02,2.102137075641996242e-02,2.544692249461363853e-02,1.602806731497117415e-02,0.000000000000000000e+00,2.811098817911838327e-02,5.837652128341000446e-02,3.819949921388225700e-02,9.989518430093752288e-02,9.245618121469749429e-02,3.240552029348395952e-02,7.519070634134979170e-02,1.706748966400745415e-01,1.023408839457287667e-01,1.469312292552262256e-01,1.024864613055377627e-01,2.271006813020439233e-02,7.338554707971815805e-02,2.506842135911023159e-02,1.780411110464100513e-02,2.764514062772957526e-02,1.687241600186338911e-02,2.502474815116752932e-02,1.136959180108309576e-02,8.239678565189541282e-03,2.506842135911023159e-02,1.780411110464100513e-02,2.517032551097653226e-02,1.423746578932044531e-02,2.426774588016071890e-02,7.890292901647935273e-03,7.104175158679322186e-03,1.653758807430268443e-02,3.163396028649624603e-02,3.489489314621790211e-02,1.866301752751411969e-02,4.773481628137191818e-02,5.729924882082338550e-02,7.932510335992545847e-02,1.528562277994526333e-02,6.929482326908519008e-02,4.756012344960111604e-02,6.473825190706340715e-02,3.901473242881266928e-02,1.176992954055785245e-01,2.818377685902288474e-02,2.402026436848541183e-02,2.818377685902288474e-02,1.317475106271472594e-02,3.243463576544575871e-02,3.026553310429162119e-02,5.497001106387934544e-02,3.598672334478542068e-02,9.436324462819542513e-02,1.052961043498515104e-01,1.942001979852093357e-02,7.203167763349443975e-02,1.968060327257904751e-01,1.027776160251557686e-01,1.527252081756245161e-01,9.139346648809176799e-02,2.438420776800791917e-02,7.255575612880685310e-02
1.237407558376521326e-02,2.474815116753042651e-02,2.381645606475281049e-02,1.135503406510219616e-02,4.143131660164211388e-02,5.297560123449601005e-02,6.082222092820124826e-02,1.224305595993710992e-02,6.862516741396378073e-02,3.591393466488091574e-02,4.738543061783031390e-02,2.256449077039538939e-02,9.193210271938508094e-02,2.349618587317300542e-02,1.776043789669830633e-02,2.121062132417166415e-02,1.343679031037093088e-02,2.811098817911838327e-02,0.000000000000000000e+00,4.866651138414953420e-02,3.208525010190415444e-02,8.290630641122692657e-02,7.731613579456123042e-02,2.704827345251266391e-02,6.278751528562277751e-02,1.421854073254527340e-01,8.520642869620916049e-02,1.221248471437721972e-01,8.533744832003727077e-02,1.901240319105572743e-02,6.150643451930355721e-02,2.058463867699295360e-02,1.474698654865195385e-02,2.292843416991789326e-02,1.400454201362604130e-02,2.112327490828626309e-02,9.273277819833459709e-03,6.783904967099517111e-03,2.071565830082105694e-02,1.477610202061375479e-02,2.102137075641996242e-02,1.186455482443370471e-02,2.029348395737494773e-02,6.463634775519711169e-03,5.866767600302800686e-03,1.393175333372153983e-02,2.640773306935305376e-02,2.911547196180050076e-02,1.559133523554416881e-02,3.969894601991498517e-02,4.769114307342921938e-02,6.620858324113433613e-02,1.283992313515402127e-02,5.734292202876608430e-02,3.953881092412508264e-02,5.383450765736912808e-02,3.253653991731206285e-02,9.803179409538229083e-02,2.352530134513480461e-02,2.006056018168054372e-02,2.324870436149769834e-02,1.083095556978978628e-02,2.688813835672276137e-02,2.506842135911023159e-02,4.568217550806498439e-02,2.998893612065451492e-02,7.811681127351075005e-02,8.731730041343969961e-02,1.620276014674197976e-02,6.022535375298433691e-02,1.638182029930705108e-01,8.609445059104407771e-02,1.273656320968963029e-01,7.577301578058580345e-02,2.040994584522215147e-02,6.053106620858324238e-02
2.531590287078553519e-02,5.128690386071158014e-02,4.965643743085075557e-02,2.340883945728760435e-02,8.516275548826646169e-02,1.109008327024981061e-01,1.252693181156466495e-01,2.506842135911023159e-02,1.444564141384731826e-01,7.393874104699237060e-02,9.784254352763058216e-02,4.572584871600768319e-02,1.904734175740988855e-01,4.834624119256972913e-02,3.706399580737203964e-02,4.463401851744016463e-02,2.771792930763407672e-02,5.837652128341000446e-02,4.866651138414953420e-02,0.000000000000000000e+00,6.566994700984102318e-02,1.741978687474523835e-01,1.606737320211960585e-01,5.587259069469516226e-02,1.295347347580504405e-01,2.950707505968671596e-01,1.780119955744482729e-01,2.534210679555115586e-01,1.778227450066965643e-01,3.965527281197227943e-02,1.272346124730681927e-01,4.234845396843883031e-02,2.982880102486461238e-02,4.725441099400221057e-02,2.870785535433529462e-02,4.355674605485355261e-02,1.928900017469283024e-02,1.404821522156874183e-02,4.167879811331741402e-02,3.006172480055901639e-02,4.271239736796133418e-02,2.400570663250451223e-02,4.196995283293541990e-02,1.327665521458102835e-02,1.209747860012810872e-02,2.834391195481278727e-02,5.486810691201304130e-02,6.035637337681244025e-02,3.199790368601874990e-02,8.162522564490770627e-02,9.913818202993070205e-02,1.364496593489780418e-01,2.614569382169685055e-02,1.198829558027135617e-01,8.178536074069760187e-02,1.106242357188609998e-01,6.683456588831304668e-02,2.020322599429336674e-01,4.869562685611134034e-02,4.224654981657252617e-02,4.884120421592034328e-02,2.265183718628079046e-02,5.610551447038956280e-02,5.156350084434868641e-02,9.672159785710125746e-02,6.093868281604844506e-02,1.648226867757526248e-01,1.816368718336924259e-01,3.365748558784138061e-02,1.247743550922960493e-01,3.390787864671286345e-01,1.795696733244045995e-01,2.640773306935305653e-01,1.589122459675071375e-01,4.313457171140744340e-02,1.255313573633028701e-01
1.768764921679380486e-02,3.387585162755488155e-02,3.243463576544575871e-02,1.559133523554416881e-02,5.737203750072788350e-02,7.188610027368542987e-02,8.424561812146974527e-02,1.745472544109940086e-02,9.296570197402899416e-02,5.006405403831595824e-02,6.524777266639492090e-02,3.128457462295463481e-02,1.254731264193792717e-01,3.144470971874454429e-02,2.448611191987421984e-02,2.892622139404879902e-02,1.850288243172421715e-02,3.819949921388225700e-02,3.208525010190415444e-02,6.566994700984102318e-02,0.000000000000000000e+00,1.119489896931229189e-01,1.077854772025854529e-01,3.869446223723286421e-02,8.573050719152157384e-02,1.963693006463634871e-01,1.155593082163861862e-01,1.673557328364292662e-01,1.158504629360041921e-01,2.602923193384964681e-02,8.455133057706865074e-02,2.878064403423979609e-02,2.045361905316485027e-02,3.223082746171315738e-02,1.966750131019623718e-02,2.854772025854539208e-02,1.279624992721132073e-02,9.447970651604261846e-03,2.873697082629709382e-02,2.013334886158504519e-02,2.896989460199149782e-02,1.629010656262738083e-02,2.749956326792057232e-02,9.069469516100856638e-03,8.268794037151342216e-03,2.022069527747044626e-02,3.587026145693821694e-02,3.961159960402958063e-02,2.123973679613346682e-02,5.459150992837594196e-02,6.418505793978920848e-02,9.066557968904676024e-02,1.825540092004891354e-02,7.797123391370174017e-02,5.501368427182204424e-02,7.417166482268677807e-02,4.754556571362021644e-02,1.339602864962441131e-01,3.201246142199964950e-02,2.808187270715658407e-02,3.204157689396144870e-02,1.480521749257555399e-02,3.661270599196413122e-02,3.467652710650439424e-02,6.176847376695976388e-02,4.300355208757934006e-02,1.060094334129156185e-01,1.202905724101787643e-01,2.383101380073371009e-02,8.214930414022011962e-02,2.276102020613754162e-01,1.172188901182088100e-01,1.750131019623828166e-01,1.022826530018051544e-01,2.805275723519478140e-02,8.343038490653933992e-02
