0.000000000000000000e+00,1.851124147416285254e-02,1.004855867740758399e-02,6.834704016616611338e-03,2.368989811098324433e-02,3.168944901338872217e-02,3.560501866561877060e-02,3.957672551716394545e-03,3.808908973531310860e-02,2.606169478204732257e-02,2.645465517725320570e-02,1.973222555926684718e-02,5.349875094731523784e-02,1.451146602296011535e-02,1.627978780138658946e-02,1.208353215258090724e-02,1.025907317483930672e-02,2.071462654728155675e-02,1.584472450669436108e-02,3.100176832177842581e-02,1.313610463973952265e-02,5.480394083139192296e-02,4.003985741151373789e-02,1.647626799898952929e-02,4.347826086956521618e-02,8.257782019255059669e-02,4.628512083532152627e-02,6.594717489544446587e-02,4.832009431049484605e-02,1.145198866028573903e-02,3.463665197743284740e-02,1.373957953237713026e-02,9.936284278777331169e-03,1.390799113032250775e-02,9.992421478092457579e-03,1.445532882364498894e-02,4.673421842984253234e-03,4.968142139388665585e-03,1.420271142672692097e-02,9.585426783057793276e-03,1.313610463973952265e-02,9.487186684256321625e-03,9.599461082886574445e-03,3.859432452914924195e-03,4.350632946922277679e-03,6.455777921239509373e-03,1.515704381508406473e-02,2.223033092878996114e-02,6.231229123979004601e-03,2.144441013837819487e-02,3.633480225671541219e-02,3.460858337777528160e-02,5.501445532882364743e-03,5.307772195245179236e-02,2.510736239369017880e-02,3.429982878154208548e-02,2.674937547365761892e-02,4.861481460689925926e-02,1.375361383220591142e-02,1.651837089847587453e-02,1.455356892244645886e-02,8.799505992646027008e-03,1.647626799898952929e-02,2.019535745361663789e-02,2.850366295225531185e-02,1.780952648272377675e-02,5.241810986049905835e-02,5.015858758806523293e-02,1.098885676593594832e-02,4.085384680158306997e-02,1.090184410699750195e-01,5.220759536306733561e-02,6.975047014904425802e-02,4.433435315912089003e-02,1.055379347124371994e-02,3.721896314592865185e-02
1.851124147416285254e-02,0.000000000000000000e+00,2.026552895276054547e-02,1.402026552895276057e-02,4.858674600724170040e-02,6.542790580177955395e-02,7.355376540264406404e-02,8.378476997782579802e-03,7.956044572936256387e-02,5.435484323687091168e-02,5.460746063378898313e-02,4.060122940466499852e-02,1.112639290425800620e-01,3.025795043085300479e-02,3.319111909506834712e-02,2.502315659471748832e-02,2.154265023717966826e-02,4.352036376905156490e-02,3.282622729952002633e-02,6.399640721924383657e-02,2.693182137143177932e-02,1.139725489095348987e-01,8.214275689785836831e-02,3.334549639318494518e-02,9.111067448844976935e-02,1.701658854239762042e-01,9.530693013725545504e-02,1.374940354225727690e-01,1.005136553737333988e-01,2.388637830858618416e-02,7.147668902798438861e-02,2.799842815841917590e-02,2.057428354899374159e-02,2.853173155191287419e-02,2.026552895276054547e-02,3.017374463188031430e-02,9.613495382715355614e-03,1.010469587672271040e-02,2.875628034917337983e-02,1.999887725601369806e-02,2.623010637999270353e-02,1.910068206697167897e-02,2.030763185224689071e-02,8.013585202234260740e-03,8.883711791618715756e-03,1.270104134504729601e-02,3.143683161647065766e-02,4.554130294439610177e-02,1.270104134504729601e-02,4.367474106716815602e-02,7.536419008055687818e-02,7.167316922558733538e-02,1.152216015942964661e-02,1.108569343475453994e-01,5.223566396272490142e-02,7.018553344373648639e-02,5.464956353327532490e-02,1.011873017655149226e-01,2.837735425379627960e-02,3.378055968787717356e-02,3.021584753136665955e-02,1.827265837707356746e-02,3.466472057709040627e-02,4.151345889353580398e-02,5.970191147163667750e-02,3.615235635894125527e-02,1.093552642658657814e-01,1.029977264434277368e-01,2.175316473461139100e-02,8.504785696241615178e-02,2.259943301428691820e-01,1.080360400819603134e-01,1.453532433266904178e-01,9.192466387851909448e-02,2.190754203272798559e-02,7.654307126617453105e-02
1.004855867740758399e-02,2.026552895276054547e-02,0.000000000000000000e+00,7.382041709939090798e-03,2.575294018581412991e-02,3.494540657366603659e-02,3.858029022932046165e-02,4.294495747607152136e-03,4.203272798720071590e-02,2.809666825722064581e-02,2.878434894883094217e-02,2.126196424060403795e-02,5.835461868807365060e-02,1.571841580823532883e-02,1.780952648272377675e-02,1.307996744042439798e-02,1.097482246610716541e-02,2.293204592022904040e-02,1.750077188649058410e-02,3.432789738119965128e-02,1.425884862604204738e-02,6.079658685828163989e-02,4.368877536699693892e-02,1.793583518118281248e-02,4.781485951665871703e-02,9.003003340163359680e-02,5.056558228309989550e-02,7.191175232267661699e-02,5.316192775142448285e-02,1.274314424453363952e-02,3.771016363993600490e-02,1.438515732450108137e-02,1.070817076936031627e-02,1.511494091559772122e-02,1.075027366884666151e-02,1.574648440789289117e-02,5.108485137676481609e-03,5.290931035450641140e-03,1.508687231594015715e-02,1.062396497038762752e-02,1.416060852724057573e-02,1.020293597552418031e-02,1.055379347124371994e-02,4.126084149661773774e-03,4.715524742470598475e-03,7.101355713363460484e-03,1.644819939933196695e-02,2.448985320122379003e-02,6.820669716787829302e-03,2.308642321834563846e-02,3.989951441322592274e-02,3.740140904370280878e-02,6.020714626547281866e-03,5.855109888567659043e-02,2.703006147023324923e-02,3.731720324473011829e-02,2.855980015157043653e-02,5.282510455553372786e-02,1.503073511662503074e-02,1.789373228169646723e-02,1.571841580823532883e-02,9.599461082886574445e-03,1.821652117775844279e-02,2.220226232913239880e-02,3.154910601510090701e-02,1.908664776714289607e-02,5.752659499817554256e-02,5.481797513122070586e-02,1.176074325651893168e-02,4.483958795295702598e-02,1.195582002413899531e-01,5.763886939680579191e-02,7.633255676874280138e-02,4.858674600724170040e-02,1.160636595840233536e-02,4.054509220534987385e-02
6.834704016616611338e-03,1.402026552895276057e-02,7.382041709939090798e-03,0.000000000000000000e+00,1.787969798186768433e-02,2.432144160327841254e-02,2.705813006989081157e-02,3.073511662503157927e-03,2.898082914643388547e-02,1.964801976029416017e-02,1.978836275858197533e-02,1.497459791730990607e-02,4.062929800432256433e-02,1.103095966542229182e-02,1.222387515086872239e-02,9.290706486653380058e-03,7.718864905829848390e-03,1.592893030566705156e-02,1.180284615600527692e-02,2.311449181800320080e-02,9.936284278777331169e-03,4.109242989867235851e-02,3.001936733376371971e-02,1.240632104864288279e-02,3.330339349369859647e-02,6.257894293653690210e-02,3.488926937435091191e-02,4.997614169029106906e-02,3.675583125157885767e-02,8.560922895556740200e-03,2.627220927947904530e-02,1.060993067055884635e-02,7.606590507199595570e-03,1.058186207090128228e-02,7.480281808740561582e-03,1.101692536559351066e-02,3.522609257024167037e-03,3.719089454627108604e-03,1.073623936901788034e-02,7.480281808740561582e-03,9.781906980660734843e-03,7.143458612849804858e-03,7.297835910966402051e-03,3.017374463188031517e-03,3.269991860106099494e-03,4.729559042299379644e-03,1.128357706234035980e-02,1.654643949813343687e-02,4.743593342128160813e-03,1.616751340275633664e-02,2.750722766441182285e-02,2.621607208016392063e-02,4.182221348976899317e-03,4.011002891065764547e-02,1.914278496645802422e-02,2.587924888427316217e-02,2.011115165464395088e-02,3.689617424986667282e-02,1.035731327364077838e-02,1.250456114744435444e-02,1.108709686473741823e-02,6.708395318157577350e-03,1.260280124624582436e-02,1.505880371628259481e-02,2.152861593735088536e-02,1.333258483734246422e-02,3.946445111853369436e-02,3.787857523788137892e-02,8.083756701378168319e-03,3.112807702023746154e-02,8.290060908861257571e-02,3.945041681870491146e-02,5.290931035450641140e-02,3.335953069301372809e-02,7.760967805316192764e-03,2.822297695567968154e-02
2.368989811098324433e-02,4.858674600724170040e-02,2.575294018581412991e-02,1.787969798186768433e-02,0.000000000000000000e+00,8.319532938501697505e-02,9.293513346619136639e-02,1.058186207090128228e-02,9.958739158503382427e-02,6.852948606394027031e-02,6.861369186291295386e-02,5.164622336991607499e-02,1.401605523900412709e-01,3.792067813736772763e-02,4.201869368737193994e-02,3.185786061133410313e-02,2.703006147023324923e-02,5.495831812950852102e-02,4.121873859713139077e-02,8.050074381789092126e-02,3.435596598085721709e-02,1.431077553540853753e-01,1.037275100345243783e-01,4.273444297863979863e-02,1.149409155977208358e-01,2.148510960788166391e-01,1.198108176383080314e-01,1.719342072024026835e-01,1.263648356583489951e-01,2.954220113958514610e-02,9.005810200129114873e-02,3.613832205911247236e-02,2.593538608358829031e-02,3.626463075757150462e-02,2.578100878547169225e-02,3.828556993291604843e-02,1.232211524967019405e-02,1.267297274538973194e-02,3.716282594661352023e-02,2.571083728632778467e-02,3.352794229095910211e-02,2.451792180088135237e-02,2.544418558958093726e-02,1.021697027535296322e-02,1.122743986302523339e-02,1.620961630224268188e-02,3.921183372161562986e-02,5.747045779886041789e-02,1.625171920172902712e-02,5.566003312094759681e-02,9.492800404187834440e-02,9.053526819546972582e-02,1.439919162432986253e-02,1.391079799028826502e-01,6.611558649338984683e-02,8.913183821259157424e-02,6.917506385606421448e-02,1.275296825441378790e-01,3.585763606253684205e-02,4.267830577932466701e-02,3.807505543548432569e-02,2.311449181800320080e-02,4.353439806888034086e-02,5.203918376512195465e-02,7.469054368877536820e-02,4.562550874336879225e-02,1.367361832318185755e-01,1.301260280124624524e-01,2.792825665927526832e-02,1.073202907906924547e-01,2.845734976282033313e-01,1.361888455384960839e-01,1.828669267690234967e-01,1.155022875908720964e-01,2.735285036629522479e-02,9.678053161927752113e-02
3.168944901338872217e-02,6.542790580177955395e-02,3.494540657366603659e-02,2.432144160327841254e-02,8.319532938501697505e-02,0.000000000000000000e+00,1.249333370758132916e-01,1.396412832963763416e-02,1.357958851432901903e-01,9.084402279170292194e-02,9.214921267577960706e-02,6.886630925983103224e-02,1.885367838998512346e-01,5.122519437505262951e-02,5.709153170348331419e-02,4.229937968394757025e-02,3.574536166390658576e-02,7.408706879613775886e-02,5.616526791478373276e-02,1.089342352710023359e-01,4.597636623908833015e-02,1.939961265332472429e-01,1.403710668874729728e-01,5.745642349903163498e-02,1.550088416088921395e-01,2.909450697504701311e-01,1.622365060207146270e-01,2.322255592668481805e-01,1.709798748140455293e-01,4.047492070620596627e-02,1.213405563196452153e-01,4.794116821511774928e-02,3.526819546972801561e-02,4.855867740758413459e-02,3.458051477811772273e-02,5.129536587419653709e-02,1.663064529710612735e-02,1.703763999214079339e-02,4.907794650124905345e-02,3.458051477811772273e-02,4.482555365312824308e-02,3.261571280208830359e-02,3.399107418530889629e-02,1.350099643528784345e-02,1.505880371628259481e-02,2.183737053358407801e-02,5.279703595587616205e-02,7.835349594408734519e-02,2.172509613495382866e-02,7.442389199202852079e-02,1.290313526258174970e-01,1.211300418222134856e-01,1.942347096303365453e-02,1.882982008027619392e-01,8.713896763690459624e-02,1.199230920369382808e-01,9.220534987509472480e-02,1.706430516181547674e-01,4.826395711117972137e-02,5.766693799646335772e-02,5.102871417744968968e-02,3.101580262160720872e-02,5.860723608499172205e-02,7.053639093945603122e-02,1.009908215679119758e-01,6.123165015297386826e-02,1.846633171471075419e-01,1.758638111544615079e-01,3.731720324473011829e-02,1.442024307407303585e-01,3.838802032166614975e-01,1.846913857467651077e-01,2.458809330002526272e-01,1.563561343924551594e-01,3.669969405226373299e-02,1.302383024110927157e-01
3.560501866561877060e-02,7.355376540264406404e-02,3.858029022932046165e-02,2.705813006989081157e-02,9.293513346619136639e-02,1.249333370758132916e-01,0.000000000000000000e+00,1.604120470429730091e-02,1.504476941645381260e-01,1.036854071350380296e-01,1.032924467398321500e-01,7.807280994751171488e-02,2.110618351250456159e-01,5.752659499817554256e-02,6.297190333174278176e-02,4.822185421169337960e-02,4.090998400089819464e-02,8.312515788587307441e-02,6.179302214612512889e-02,1.212844191203300837e-01,5.184270356751901482e-02,2.166895893563870190e-01,1.566368203890307897e-01,6.433323041513458462e-02,1.738288376792881673e-01,3.240519830465657947e-01,1.806916102955623549e-01,2.602801246245824984e-01,1.912033008673197365e-01,4.489572515227215066e-02,1.362309484379824187e-01,5.456535773430263442e-02,3.938024531956100388e-02,5.474780363207679829e-02,3.880483902658096729e-02,5.796165829286777094e-02,1.862351587279310536e-02,1.908664776714289607e-02,5.619333651444129163e-02,3.879080472675218438e-02,5.053751368344232969e-02,3.698038004883936331e-02,3.876273612709461858e-02,1.546579841131725912e-02,1.696746849299688581e-02,2.440564740225110302e-02,5.870547618379318849e-02,8.638111544615038884e-02,2.454599040053891817e-02,8.396721587559996536e-02,1.433182698515171050e-01,1.368905605299351735e-01,2.185140483341286091e-02,2.093215819462767024e-01,9.982597468212310587e-02,1.344485923597271704e-01,1.043169506273332048e-01,1.927891767479720520e-01,5.446711763550116797e-02,6.423499031633311818e-02,5.749852639851797675e-02,3.479102927554944547e-02,6.593314059561568297e-02,7.840963314340247681e-02,1.127094619249445623e-01,6.939961265332472706e-02,2.060936929856569400e-01,1.967468492996884422e-01,4.173800769079630962e-02,1.618575799253375302e-01,4.299548095545513426e-01,2.044236113060319548e-01,2.763353636287085857e-01,1.738007690796306293e-01,4.142925309456311350e-02,1.463917815140202694e-01
3.957672551716394545e-03,8.378476997782579802e-03,4.294495747607152136e-03,3.073511662503157927e-03,1.058186207090128228e-02,1.396412832963763416e-02,1.604120470429730091e-02,0.000000000000000000e+00,1.678502259522272541e-02,1.205546355292334490e-02,1.167653745754624293e-02,9.108260588879221395e-03,2.391444690824374650e-02,6.441743621410728204e-03,7.171527212507368063e-03,5.557582732197490286e-03,4.743593342128160813e-03,9.641563982372919686e-03,6.989081314733207664e-03,1.357116793443175103e-02,6.034748926376063034e-03,2.434951020293597487e-02,1.764111488477839926e-02,7.241698711651275641e-03,1.978836275858197533e-02,3.696634574901058040e-02,2.020939175344542080e-02,2.934572094198220280e-02,2.147247873803576068e-02,4.954107839559884416e-03,1.555000421028994786e-02,6.231229123979004601e-03,4.547113144525219246e-03,6.287366323294131011e-03,4.364667246751059715e-03,6.610155219356106567e-03,2.119179274146012863e-03,2.175316473461138839e-03,6.441743621410728204e-03,4.434838745894967293e-03,5.725994330142869515e-03,4.210289948634462522e-03,4.462907345552530498e-03,1.810424677912818910e-03,1.922699076543071296e-03,2.624414067982148383e-03,6.539983720212198988e-03,9.641563982372919686e-03,2.862997165071434758e-03,9.515255283913885698e-03,1.616751340275633664e-02,1.555000421028994786e-02,2.526173969180677600e-03,2.352148651303786336e-02,1.148005725994330137e-02,1.524124961405675521e-02,1.212563505206725248e-02,2.217419372947483647e-02,6.175091924663878191e-03,7.382041709939090798e-03,6.582086619698543362e-03,3.901535352401268569e-03,7.508350408398124787e-03,8.743368793330900599e-03,1.281331574367754710e-02,8.083756701378168319e-03,2.310045751817441789e-02,2.230050242793386872e-02,4.603250343840345656e-03,1.817441827827209755e-02,4.872708900552951555e-02,2.304432031885929322e-02,3.159120891458724878e-02,1.956381396132146969e-02,4.589216044011564487e-03,1.660257669744856501e-02
3.808908973531310860e-02,7.956044572936256387e-02,4.203272798720071590e-02,2.898082914643388547e-02,9.958739158503382427e-02,1.357958851432901903e-01,1.504476941645381260e-01,1.678502259522272541e-02,0.000000000000000000e+00,1.099587391585033769e-01,1.115867179386420410e-01,8.273219749066719475e-02,2.280433379178712638e-01,6.198950234372806872e-02,6.852948606394027031e-02,5.128133157436775419e-02,4.346422656973643328e-02,8.923007831139304069e-02,6.761725657506946485e-02,1.323715159850674949e-01,5.493024952985095521e-02,2.358323743228450398e-01,1.696325820304825094e-01,6.886630925983103224e-02,1.878070003087546069e-01,3.508294271198809655e-01,1.966205406012294099e-01,2.817245347629606655e-01,2.075672944676790199e-01,4.924635809919443441e-02,1.463075757150475720e-01,5.714766890279843886e-02,4.196255648805680832e-02,5.797569259269654690e-02,4.142925309456311350e-02,6.186319364526903647e-02,1.992870575686979048e-02,2.041990625087714353e-02,5.860723608499172205e-02,4.131697869593285721e-02,5.361102534594549412e-02,3.886097622589609196e-02,4.109242989867235851e-02,1.625171920172902712e-02,1.811828107895696940e-02,2.634238077862295288e-02,6.440340191427849914e-02,9.471748954444662860e-02,2.596345468324585265e-02,9.008617060094871454e-02,1.557105566003312014e-01,1.466724675105958997e-01,2.329693771577736119e-02,2.294327336009206464e-01,1.061554439049035847e-01,1.444831167373059888e-01,1.109130715468605310e-01,2.065427905801779651e-01,5.822830998961461835e-02,6.935750975383837835e-02,6.154040474920706438e-02,3.755578634181940684e-02,7.104162573329216024e-02,8.559519465573862951e-02,1.229545007999550965e-01,7.352569680298649824e-02,2.248014146574227323e-01,2.122968535099784004e-01,4.510623964970387340e-02,1.750638560642209518e-01,4.642827069357509662e-01,2.233137788755719111e-01,2.981306312628063115e-01,1.893086703904342250e-01,4.476941645381311841e-02,1.567911976871473878e-01
2.606169478204732257e-02,5.435484323687091168e-02,2.809666825722064581e-02,1.964801976029416017e-02,6.852948606394027031e-02,9.084402279170292194e-02,1.036854071350380296e-01,1.205546355292334490e-02,1.099587391585033769e-01,0.000000000000000000e+00,7.673955146377747782e-02,5.755466359783310143e-02,1.556123165015297349e-01,4.267830577932466701e-02,4.627108653549274336e-02,3.574536166390658576e-02,3.058073932691498034e-02,6.179302214612512889e-02,4.589216044011563966e-02,8.941252420916720456e-02,3.783647233839503715e-02,1.592472001571841600e-01,1.138462402110758664e-01,4.705700732590450963e-02,1.272770651472198145e-01,2.357200999242147765e-01,1.319785555898616292e-01,1.914138153647514662e-01,1.387571224071631193e-01,3.272798720071855294e-02,9.986807758160945458e-02,3.925393662110197163e-02,2.875628034917337983e-02,4.062929800432256433e-02,2.827911415499480621e-02,4.336598647093496683e-02,1.352906503494540578e-02,1.427288292587082855e-02,4.086788110141185287e-02,2.888258904763241208e-02,3.745754624301793345e-02,2.711426726920593971e-02,2.928958374266707812e-02,1.143795436045695613e-02,1.257473264658826202e-02,1.816038397844331465e-02,4.366070676733938005e-02,6.337889802677744433e-02,1.814634967861453521e-02,6.155443904903584035e-02,1.040222303309287916e-01,1.009066157689392923e-01,1.613944480309877430e-02,1.544053667162545163e-01,7.476071518791926884e-02,9.829623600078592205e-02,7.783422685042243327e-02,1.422656973643584843e-01,4.041878350689084159e-02,4.725348752350744946e-02,4.262216858000954234e-02,2.554242568838240718e-02,4.862884890672804217e-02,5.793358969321020513e-02,8.377073567799701859e-02,5.093047407864821630e-02,1.518090212479299428e-01,1.447216998343952565e-01,3.076318522468914074e-02,1.184494905549162147e-01,3.163331181407359471e-01,1.494091559772083022e-01,2.046762287029500194e-01,1.275717854436242138e-01,3.066494512588767082e-02,1.072781878912061060e-01
2.645465517725320570e-02,5.460746063378898313e-02,2.878434894883094217e-02,1.978836275858197533e-02,6.861369186291295386e-02,9.214921267577960706e-02,1.032924467398321500e-01,1.167653745754624293e-02,1.115867179386420410e-01,7.673955146377747782e-02,0.000000000000000000e+00,5.766693799646335772e-02,1.565806831897156581e-01,4.266427147949589105e-02,4.730962472282258108e-02,3.514188677126898336e-02,3.020181323153788011e-02,6.113341005417239488e-02,4.656580683189715658e-02,9.088612569118927065e-02,3.834170713223117311e-02,1.611137620344121058e-01,1.162040025823111722e-01,4.771661941785724365e-02,1.284138434333511047e-01,2.412355797569259164e-01,1.343222836612681381e-01,1.928172453476296178e-01,1.411008504785696283e-01,3.354197659078788502e-02,1.006539983720212139e-01,3.947848541836247727e-02,2.898082914643388547e-02,4.029247480843180934e-02,2.867207455020068935e-02,4.281864877761248217e-02,1.362730513374687744e-02,1.421674572655570214e-02,4.039071490723327579e-02,2.833525135430993436e-02,3.728913464507255943e-02,2.714233586886350205e-02,2.848962865242652895e-02,1.129761136216914097e-02,1.253262974710191678e-02,1.828669267690235037e-02,4.481151935329946712e-02,6.450164201307996559e-02,1.811828107895696940e-02,6.276138883431105209e-02,1.060572038061021183e-01,1.012153703651724884e-01,1.612541050326999140e-02,1.571841580823532813e-01,7.372217700058944501e-02,9.971370028349285652e-02,7.756757515367558586e-02,1.422235944648721495e-01,4.030650910826059224e-02,4.770258511802846074e-02,4.249585988155051008e-02,2.571083728632778467e-02,4.850254020826900991e-02,5.873354478345075430e-02,8.440227917029219373e-02,5.111291997642237322e-02,1.541527493193364517e-01,1.454514834254919120e-01,3.105790552109355396e-02,1.201055379347124308e-01,3.185926404131698142e-01,1.531282454318353969e-01,2.050972576978134509e-01,1.299716507143458544e-01,3.090352822297695590e-02,1.076711482864119857e-01
1.973222555926684718e-02,4.060122940466499852e-02,2.126196424060403795e-02,1.497459791730990607e-02,5.164622336991607499e-02,6.886630925983103224e-02,7.807280994751171488e-02,9.108260588879221395e-03,8.273219749066719475e-02,5.755466359783310143e-02,5.766693799646335772e-02,0.000000000000000000e+00,1.177197069638195731e-01,3.198416930979313538e-02,3.550677856681730415e-02,2.653886097622589618e-02,2.287590872091391225e-02,4.625705223566396046e-02,3.441210318017234177e-02,6.714009038089090164e-02,2.910713784489291772e-02,1.192775142448143227e-01,8.678811014118505140e-02,3.563308726527633641e-02,9.593847362955061631e-02,1.800039296039520620e-01,9.916636259017037880e-02,1.440480534426137604e-01,1.047520139220254332e-01,2.439161310242232011e-02,7.585539057456423817e-02,3.017374463188031430e-02,2.217419372947483647e-02,3.076318522468914074e-02,2.154265023717966826e-02,3.227888960619754860e-02,1.034327897381199721e-02,1.065203357004518986e-02,3.107193982092233339e-02,2.172509613495382866e-02,2.839138855362505903e-02,2.074269514693911909e-02,2.164089033598113818e-02,8.659162994358211851e-03,9.360877985797289372e-03,1.343082493614393587e-02,3.258764420243073778e-02,4.788503101580262461e-02,1.376764813203469259e-02,4.716928172453476592e-02,7.883066213826592228e-02,7.622028237011255203e-02,1.236421814915653929e-02,1.156426305891599116e-01,5.554775872231734052e-02,7.460633788980268466e-02,5.860723608499172205e-02,1.071659134925758566e-01,3.034215622982569527e-02,3.605411626013978188e-02,3.194206641030678667e-02,1.921295646560193179e-02,3.648917955483201025e-02,4.338002077076374974e-02,6.259297723636567112e-02,3.897325062452634131e-02,1.138743088107334323e-01,1.093552642658657814e-01,2.305835461868807265e-02,8.910376961293400844e-02,2.387094057877452435e-01,1.128217363235748116e-01,1.537317203244730202e-01,9.626126252561259533e-02,2.272153142279731766e-02,8.124456170881634576e-02
5.349875094731523784e-02,1.112639290425800620e-01,5.835461868807365060e-02,4.062929800432256433e-02,1.401605523900412709e-01,1.885367838998512346e-01,2.110618351250456159e-01,2.391444690824374650e-02,2.280433379178712638e-01,1.556123165015297349e-01,1.565806831897156581e-01,1.177197069638195731e-01,0.000000000000000000e+00,8.660566424341090142e-02,9.564375333314620309e-02,7.223454121873859601e-02,6.131585595194655874e-02,1.248491312768405942e-01,9.400174025317876991e-02,1.838493277570381890e-01,7.804474134785414907e-02,3.280096555982822126e-01,2.359446487214752752e-01,9.680860021893507306e-02,2.617396918067757539e-01,4.900777500210514726e-01,2.726583770735678258e-01,3.929463609060543927e-01,2.887136160776938576e-01,6.823476576753585710e-02,2.054340808937042129e-01,8.121649310915877995e-02,5.919667667780054154e-02,8.210065399837201960e-02,5.824234428944340125e-02,8.705476183793189882e-02,2.790018805961770598e-02,2.886855474780363265e-02,8.354618688073651989e-02,5.798972689252532980e-02,7.589749347405057300e-02,5.540741572402952536e-02,5.800376119235411271e-02,2.315659471748954604e-02,2.551435708872484484e-02,3.699441434866814621e-02,8.949673000813988810e-02,1.313610463973952369e-01,3.671372835209251589e-02,1.270665506497880848e-01,2.159177028658040287e-01,2.062200016841159722e-01,3.295253599797905858e-02,3.173155191287506671e-01,1.498021163724141680e-01,2.024307407303449768e-01,1.578999073736211400e-01,2.898924972633115105e-01,8.177786510231004058e-02,9.727173211328486724e-02,8.654952704409576980e-02,5.251634995930053174e-02,9.916636259017037880e-02,1.189266567490947918e-01,1.704185028208942687e-01,1.043029163275044219e-01,3.120245880933000260e-01,2.966429954809554626e-01,6.311224633003059692e-02,2.439582339237095499e-01,6.502091110674488306e-01,3.097229629213798519e-01,4.169450136132708540e-01,2.630729502905100325e-01,6.245263423807786290e-02,2.202402672130687467e-01
1.451146602296011535e-02,3.025795043085300479e-02,1.571841580823532883e-02,1.103095966542229182e-02,3.792067813736772763e-02,5.122519437505262951e-02,5.752659499817554256e-02,6.441743621410728204e-03,6.198950234372806872e-02,4.267830577932466701e-02,4.266427147949589105e-02,3.198416930979313538e-02,8.660566424341090142e-02,0.000000000000000000e+00,2.580907738512925459e-02,1.974625985909563008e-02,1.678502259522272541e-02,3.397703988548011339e-02,2.552839138855362427e-02,4.970948999354422165e-02,2.113565554214500222e-02,8.854239761978274781e-02,6.374378982232575819e-02,2.624414067982148296e-02,7.147668902798438861e-02,1.323153787857523911e-01,7.410110309596654177e-02,1.065343700002806815e-01,7.810087854716928069e-02,1.830072697673112980e-02,5.533724422488561778e-02,2.223033092878996114e-02,1.584472450669436108e-02,2.207595363067336655e-02,1.576051870772167060e-02,2.354955511269542917e-02,7.578521907542032365e-03,7.859207904117664414e-03,2.272153142279731766e-02,1.570438150840654593e-02,2.027956325258932838e-02,1.497459791730990607e-02,1.587279310635192342e-02,6.287366323294131011e-03,6.946978415246863291e-03,9.950318578606114073e-03,2.451792180088135237e-02,3.525416116989923271e-02,9.852078479804642422e-03,3.439806888034355886e-02,5.883178488225222769e-02,5.596878771718079293e-02,8.911780391276279828e-03,8.643725264546552045e-02,4.113453279815870028e-02,5.498638672916607989e-02,4.280461447778370621e-02,7.890083363740982292e-02,2.221629662896118171e-02,2.628624357930782821e-02,2.367586381115446142e-02,1.438515732450108137e-02,2.679147837314396416e-02,3.218064950739607522e-02,4.646756673309568320e-02,2.805456535773430404e-02,8.486541106464198791e-02,7.995340612456844354e-02,1.709377719145591806e-02,6.650854688859572650e-02,1.755971594577146466e-01,8.402335307491509697e-02,1.136076571139865848e-01,7.179947792404636764e-02,1.695343419316810291e-02,5.932298537625958074e-02
1.627978780138658946e-02,3.319111909506834712e-02,1.780952648272377675e-02,1.222387515086872239e-02,4.201869368737193994e-02,5.709153170348331419e-02,6.297190333174278176e-02,7.171527212507368063e-03,6.852948606394027031e-02,4.627108653549274336e-02,4.730962472282258108e-02,3.550677856681730415e-02,9.564375333314620309e-02,2.580907738512925459e-02,0.000000000000000000e+00,2.127599854043281738e-02,1.806214387964184473e-02,3.703651724815448798e-02,2.858786875122800233e-02,5.568810172060515568e-02,2.352148651303786336e-02,9.832430460044348786e-02,7.157492912678586894e-02,2.923344654335195344e-02,7.763774665281948650e-02,1.495214303758385377e-01,8.238133999494764992e-02,1.174390209672439428e-01,8.643725264546552045e-02,2.022342605327420370e-02,6.217194824150223259e-02,2.404075560670278222e-02,1.804810957981306183e-02,2.495298509557358074e-02,1.761304628512083692e-02,2.578100878547169225e-02,8.350408398125017465e-03,8.771437392988464671e-03,2.478457349762820325e-02,1.741656608751789362e-02,2.335307491509248587e-02,1.688326269402419533e-02,1.706570859179835573e-02,6.890841215931736881e-03,7.606590507199595570e-03,1.119937126336767105e-02,2.688971847194543408e-02,3.998372021219861322e-02,1.108709686473741823e-02,3.831363853257360730e-02,6.507704830606000912e-02,6.144216465040559100e-02,1.000645577792123875e-02,9.536306733657057277e-02,4.416594156117551601e-02,6.151233614954949858e-02,4.753417352008307978e-02,8.668987004238358496e-02,2.437757880259353721e-02,2.975271563701686883e-02,2.572487158615656758e-02,1.547983271114604029e-02,2.955623543941392900e-02,3.589973896202318382e-02,5.133746877368287886e-02,3.154910601510090701e-02,9.369298565694557379e-02,8.988969040334578164e-02,1.901647626799898849e-02,7.275381031240350793e-02,1.963819575041401144e-01,9.376315715608948831e-02,1.245684452802649639e-01,7.909731383501276969e-02,1.858141297330676012e-02,6.639627248996547715e-02
1.208353215258090724e-02,2.502315659471748832e-02,1.307996744042439798e-02,9.290706486653380058e-03,3.185786061133410313e-02,4.229937968394757025e-02,4.822185421169337960e-02,5.557582732197490286e-03,5.128133157436775419e-02,3.574536166390658576e-02,3.514188677126898336e-02,2.653886097622589618e-02,7.223454121873859601e-02,1.974625985909563008e-02,2.127599854043281738e-02,0.000000000000000000e+00,1.421674572655570214e-02,2.862997165071434758e-02,2.095320964437084182e-02,4.149942459370702108e-02,1.758497768546327111e-02,7.387655429870604307e-02,5.300755045330788479e-02,2.187947343307042325e-02,5.937912257557470541e-02,1.096640188620989637e-01,6.179302214612512889e-02,8.931428411036573811e-02,6.499284250708732558e-02,1.538159261234457037e-02,4.635529233446543385e-02,1.845510427484772786e-02,1.340275633648637353e-02,1.856737867347798068e-02,1.303786454093805273e-02,1.997080865635613572e-02,6.329469222780475385e-03,6.497880820725853747e-03,1.908664776714289607e-02,1.312207033991074148e-02,1.716394869059982564e-02,1.249052684761557327e-02,1.338872203665759063e-02,5.403205434080893960e-03,5.683891430656524274e-03,8.238133999494764645e-03,2.005501445532882274e-02,2.919134364386560820e-02,8.420579897268925043e-03,2.812473685687821162e-02,4.861481460689925926e-02,4.673421842984253755e-02,7.438178909254217208e-03,7.099952283380582541e-02,3.449630897914503225e-02,4.563954304319757516e-02,3.553484716647486302e-02,6.594717489544446587e-02,1.862351587279310536e-02,2.199174783170067607e-02,1.976029415892441299e-02,1.197125775395065615e-02,2.260925702416706484e-02,2.670727257417127368e-02,3.870659892777949390e-02,2.366182951132567852e-02,7.028377354253796672e-02,6.712605608106211874e-02,1.409043702809666815e-02,5.554775872231734052e-02,1.460830269177870733e-01,6.942768125298229287e-02,9.450697504701489893e-02,5.916860807814298268e-02,1.416060852724057573e-02,5.000421028994863487e-02
1.025907317483930672e-02,2.154265023717966826e-02,1.097482246610716541e-02,7.718864905829848390e-03,2.703006147023324923e-02,3.574536166390658576e-02,4.090998400089819464e-02,4.743593342128160813e-03,4.346422656973643328e-02,3.058073932691498034e-02,3.020181323153788011e-02,2.287590872091391225e-02,6.131585595194655874e-02,1.678502259522272541e-02,1.806214387964184473e-02,1.421674572655570214e-02,0.000000000000000000e+00,2.423723580430572205e-02,1.792180088135402957e-02,3.525416116989923271e-02,1.494652931765234199e-02,6.297190333174278176e-02,4.490975945210093356e-02,1.851124147416285254e-02,5.053751368344232969e-02,9.314564796362309607e-02,5.220759536306733561e-02,7.577118477559154075e-02,5.514076402728267795e-02,1.302383024110927157e-02,3.935217671990344501e-02,1.553596991046116670e-02,1.126954276251157863e-02,1.578858730737923641e-02,1.110113116456619940e-02,1.699553709265444815e-02,5.318999635108204345e-03,5.585651331855053491e-03,1.611137620344121196e-02,1.128357706234035980e-02,1.453953462261767769e-02,1.063799927021640869e-02,1.156426305891599011e-02,4.505010245038874872e-03,4.996210739046228790e-03,7.059252813877115243e-03,1.720605159008617088e-02,2.484071069694332792e-02,7.101355713363460484e-03,2.426530440396328786e-02,4.126084149661773254e-02,3.984337721391079806e-02,6.385606422095601795e-03,6.090886125691188924e-02,2.938782384146854804e-02,3.880483902658096729e-02,3.066494512588767082e-02,5.609509641563982518e-02,1.598506750498217624e-02,1.853931007382041835e-02,1.688326269402419533e-02,1.007662727706514806e-02,1.910068206697167897e-02,2.284784012125634992e-02,3.307884469643809777e-02,2.012518595447273032e-02,6.008083756701378120e-02,5.690908580570915032e-02,1.201336065343699966e-02,4.684649282847278690e-02,1.245965138799225297e-01,5.914053947848541687e-02,8.082353271395290029e-02,5.046734218429842211e-02,1.212563505206725248e-02,4.213096808600218929e-02
2.071462654728155675e-02,4.352036376905156490e-02,2.293204592022904040e-02,1.592893030566705156e-02,5.495831812950852102e-02,7.408706879613775886e-02,8.312515788587307441e-02,9.641563982372919686e-03,8.923007831139304069e-02,6.179302214612512889e-02,6.113341005417239488e-02,4.625705223566396046e-02,1.248491312768405942e-01,3.397703988548011339e-02,3.703651724815448798e-02,2.862997165071434758e-02,2.423723580430572205e-02,0.000000000000000000e+00,3.691020854969545573e-02,7.192578662250539989e-02,3.053863642742863510e-02,1.286524265304404002e-01,9.231762427372498803e-02,3.801891823616919408e-02,1.026749375473657577e-01,1.906138602745109101e-01,1.067729530973699770e-01,1.542088865186515834e-01,1.128498049232323774e-01,2.669323827434249424e-02,8.020602352148650804e-02,3.185786061133410313e-02,2.311449181800320080e-02,3.229292390602633150e-02,2.277766862211244234e-02,3.441210318017234177e-02,1.097482246610716541e-02,1.132567996182670504e-02,3.293850169815028261e-02,2.291801162040025749e-02,2.972464703735930650e-02,2.176719903444017043e-02,2.314256041766076313e-02,9.164397788194347805e-03,1.013276447638027274e-02,1.417464282706935690e-02,3.451034327897381515e-02,5.122519437505262951e-02,1.460970612176158527e-02,4.892356920313245539e-02,8.485137676481320501e-02,8.061301821652118449e-02,1.306593314059561507e-02,1.239649703876273545e-01,5.908440227917029219e-02,7.897100513655373744e-02,6.166671344766609664e-02,1.141690291071378455e-01,3.206837510876582586e-02,3.780840373873747134e-02,3.420158868274061903e-02,2.053218064950739635e-02,3.915569652230050518e-02,4.638336093412299965e-02,6.690150728380160616e-02,4.075560670278159658e-02,1.217335167148510949e-01,1.163583798804277702e-01,2.464423049934038809e-02,9.574199343194768341e-02,2.540629298004322689e-01,1.211581104218710514e-01,1.635837988042776470e-01,1.027030061470233235e-01,2.436354450276475778e-02,8.607236084991719272e-02
1.584472450669436108e-02,3.282622729952002633e-02,1.750077188649058410e-02,1.180284615600527692e-02,4.121873859713139077e-02,5.616526791478373276e-02,6.179302214612512889e-02,6.989081314733207664e-03,6.761725657506946485e-02,4.589216044011563966e-02,4.656580683189715658e-02,3.441210318017234177e-02,9.400174025317876991e-02,2.552839138855362427e-02,2.858786875122800233e-02,2.095320964437084182e-02,1.792180088135402957e-02,3.691020854969545573e-02,0.000000000000000000e+00,5.501445532882364570e-02,2.293204592022904040e-02,9.763662390883319497e-02,7.035394504168186736e-02,2.885452044797484975e-02,7.693603166138041072e-02,1.448480085328542888e-01,8.124456170881634576e-02,1.161618996828248235e-01,8.518819996070396694e-02,2.043394055070592644e-02,6.043169506273331909e-02,2.325483481629101595e-02,1.726218878940129556e-02,2.420916720464815972e-02,1.712184579111348040e-02,2.559856288769753185e-02,8.167962500350857066e-03,8.560922895556740200e-03,2.404075560670278222e-02,1.696746849299688581e-02,2.244084542622168735e-02,1.620961630224268188e-02,1.707974289162713516e-02,6.680326718500014145e-03,7.536419008055687992e-03,1.108709686473741823e-02,2.666516967468492844e-02,3.939427961938978678e-02,1.091868526679203900e-02,3.707862014764083669e-02,6.423499031633311818e-02,6.019311196564403749e-02,9.711735481516827265e-03,9.470345524461784570e-02,4.377298116596962940e-02,5.991242596906840023e-02,4.608864063771858643e-02,8.525837145984786758e-02,2.418109860499059738e-02,2.881241754848850450e-02,2.557049428803996952e-02,1.528335251354309872e-02,2.930361804249586102e-02,3.556291576613242883e-02,5.074802818087405937e-02,3.077721952451792017e-02,9.266848176944451898e-02,8.806523142560417072e-02,1.876385887108092052e-02,7.191175232267661699e-02,1.921857018553344287e-01,9.233165857355377093e-02,1.227439863025233668e-01,7.817105004631319520e-02,1.856737867347798068e-02,6.471215651051169526e-02
3.100176832177842581e-02,6.399640721924383657e-02,3.432789738119965128e-02,2.311449181800320080e-02,8.050074381789092126e-02,1.089342352710023359e-01,1.212844191203300837e-01,1.357116793443175103e-02,1.323715159850674949e-01,8.941252420916720456e-02,9.088612569118927065e-02,6.714009038089090164e-02,1.838493277570381890e-01,4.970948999354422165e-02,5.568810172060515568e-02,4.149942459370702108e-02,3.525416116989923271e-02,7.192578662250539989e-02,5.501445532882364570e-02,0.000000000000000000e+00,4.447469615740870519e-02,1.900103853818732869e-01,1.369607320290790742e-01,5.571617032026272148e-02,1.504196255648805602e-01,2.834226850422432165e-01,1.589103769612933981e-01,2.267662166334521445e-01,1.662643500715749179e-01,3.947848541836247727e-02,1.185196620540601292e-01,4.601846913857467886e-02,3.396300558565133049e-02,4.739383052179526462e-02,3.376652538804839065e-02,4.973755859320178746e-02,1.590086170600948576e-02,1.671485109607881783e-02,4.722541892384989060e-02,3.317708479523956422e-02,4.398349566340135214e-02,3.166138041373115636e-02,3.331742779352737938e-02,1.313610463973952265e-02,1.489039211833721559e-02,2.161282173632357584e-02,5.229180116204002610e-02,7.665534566480478040e-02,2.109355264265865698e-02,7.295029051000645470e-02,1.250736800741011068e-01,1.180424958598815521e-01,1.896033906868386382e-02,1.846352485474499761e-01,8.610042944957475852e-02,1.168495803744351164e-01,9.033878799786679292e-02,1.667274819659247120e-01,4.694473292727426028e-02,5.623543941392764034e-02,4.984983299183203681e-02,3.025795043085300479e-02,5.731608050074381983e-02,6.958205855109889093e-02,9.996631768041092103e-02,5.972998007129424330e-02,1.819827658798102432e-01,1.714009038089089609e-01,3.671372835209251589e-02,1.408201644819939979e-01,3.753754175204199184e-01,1.806354730962472233e-01,2.402391444690824274e-01,1.526791478373143995e-01,3.636287085637297800e-02,1.266314873550958564e-01
1.313610463973952265e-02,2.693182137143177932e-02,1.425884862604204738e-02,9.936284278777331169e-03,3.435596598085721709e-02,4.597636623908833015e-02,5.184270356751901482e-02,6.034748926376063034e-03,5.493024952985095521e-02,3.783647233839503715e-02,3.834170713223117311e-02,2.910713784489291772e-02,7.804474134785414907e-02,2.113565554214500222e-02,2.352148651303786336e-02,1.758497768546327111e-02,1.494652931765234199e-02,3.053863642742863510e-02,2.293204592022904040e-02,4.447469615740870519e-02,0.000000000000000000e+00,7.913941673449911840e-02,5.822830998961461835e-02,2.390041260841496706e-02,6.377185842198332399e-02,1.210879389227271508e-01,6.610155219356106393e-02,9.560165043365986826e-02,7.011536194459258575e-02,1.642013079967440461e-02,5.057961658292867840e-02,2.019535745361663789e-02,1.479215201953574567e-02,2.023746035310298313e-02,1.431498582535717379e-02,2.127599854043281738e-02,6.932944115418082122e-03,7.073287113705897279e-03,2.084093524574058900e-02,1.416060852724057573e-02,1.872175597159457874e-02,1.380975103152103783e-02,1.410447132792544932e-02,5.725994330142869515e-03,6.132989025177533818e-03,8.827574592303589346e-03,2.168299323546748342e-02,3.189996351082044490e-02,9.136329188536783732e-03,3.125438571869649379e-02,5.279703595587616205e-02,5.066382238190136889e-02,8.196031100008421139e-03,7.668341426446234621e-02,3.636287085637297800e-02,4.982176439217447100e-02,3.901535352401269002e-02,7.142055182866927088e-02,2.002694585567126040e-02,2.401268700704521988e-02,2.106548404300109464e-02,1.261683554607460553e-02,2.404075560670278222e-02,2.868610885002947225e-02,4.124680719678894963e-02,2.610379768153366781e-02,7.543436157970079270e-02,7.262750161394447568e-02,1.526931821371431755e-02,5.915457377831419977e-02,1.583069020686558026e-01,7.553260167850225915e-02,1.018469138574676497e-01,6.427709321581946689e-02,1.505880371628259481e-02,5.408819154012406427e-02
