0.000000000000000000e+00,1.114931749505053589e-02,9.348159395049047277e-03,6.385924172732550773e-03,1.918754372646213832e-02,2.572232394051712431e-02,2.588606558597180557e-02,5.269503862814272320e-03,3.056014528349633094e-02,1.567454115125262518e-02,2.063144732728977929e-02,1.426040875868947108e-02,3.520445377275636945e-02,1.134283034876970402e-02,1.010732520579347635e-02,6.713407463641911550e-03,5.686300778517096310e-03,1.181916968100150261e-02,1.235505142976227669e-02,2.180741005373703148e-02,9.348159395049047277e-03,4.270679825540719260e-02,3.053037407523184407e-02,1.305467482397773028e-02,3.017311957605799469e-02,6.354664404054838345e-02,3.821134580746959886e-02,4.950951934384256736e-02,3.838997305705652008e-02,9.616100269429434313e-03,2.555858229506244653e-02,1.175962726447252887e-02,6.251953735542357254e-03,1.235505142976227669e-02,7.725628544634484222e-03,1.053900772562854464e-02,5.299275071078760058e-03,4.272168385953943950e-03,1.131305914050521715e-02,6.013784069426457955e-03,1.080694860000893168e-02,6.653865047112936942e-03,9.809613123148602440e-03,4.048884323970288086e-03,2.992006430580985109e-03,9.199303353726611190e-03,1.198291132645618387e-02,1.467720567439229594e-02,6.638979442980693507e-03,2.040816326530612082e-02,2.283451673886184585e-02,2.865478795456913655e-02,6.132868902484407171e-03,3.172122240581134317e-02,2.083984578514119085e-02,2.899715684961074250e-02,1.875586120662707176e-02,4.004227511573556914e-02,1.317375965703568123e-02,1.315887405290343780e-02,1.085160541240566198e-02,6.296610547939088427e-03,1.222108099257208404e-02,1.324818767769690014e-02,2.223909257357209804e-02,1.350124294794504201e-02,4.117358102978609102e-02,3.981899105375191761e-02,1.094091903719912433e-02,2.811890620580836248e-02,8.072463120915762680e-02,4.328733681656470045e-02,5.220381369177867770e-02,3.806248976614715757e-02,8.008455023147113827e-03,2.844638949671772499e-02
1.114931749505053589e-02,0.000000000000000000e+00,2.073564655621548333e-02,1.394781107191235374e-02,4.297473912978758137e-02,5.553818901740126962e-02,5.751797436698968119e-02,1.144702957769541153e-02,6.673216332484853408e-02,3.486208487771476350e-02,4.461215558433438699e-02,3.088762857440569345e-02,7.593146667857514354e-02,2.554369669093020309e-02,2.273031750993614181e-02,1.506423138183063219e-02,1.199779693058842731e-02,2.535018383721103150e-02,2.794027895622143778e-02,4.797630211822146579e-02,2.045282007770285460e-02,9.238005924470445163e-02,6.683636255377424507e-02,2.728531237440271623e-02,6.446955149674749030e-02,1.358757945191205463e-01,8.356778159841617148e-02,1.073252057934771242e-01,8.300212864139090707e-02,2.089938820167016459e-02,5.507673528930171619e-02,2.532041262894654463e-02,1.385849744711889139e-02,2.703225710415457089e-02,1.671653344050968298e-02,2.369788177853198244e-02,1.180428407686925918e-02,9.497015436371485098e-03,2.445704758927641151e-02,1.320353086530016810e-02,2.411467869423480556e-02,1.461766325786332046e-02,2.295360157191979680e-02,9.109989728933148845e-03,6.564551422319474597e-03,1.939594218431354988e-02,2.613912085621995091e-02,3.210824811324967942e-02,1.457300644546658842e-02,4.563926226945920483e-02,4.901829440747852706e-02,6.310007591658108039e-02,1.381384063472215935e-02,6.845889340418881419e-02,4.683011060003870046e-02,6.347221601988717321e-02,4.047395763557064263e-02,8.678307209098080899e-02,2.986052188928087561e-02,2.858035993390791937e-02,2.316200002977120836e-02,1.408178150910254639e-02,2.658568898018726090e-02,2.905669926613971624e-02,4.903318001161077050e-02,2.938418255704907875e-02,8.953690885544589306e-02,8.688727131990651997e-02,2.328108486282915932e-02,6.109051935872817501e-02,1.758882984265916494e-01,9.337739472156476872e-02,1.161672546480298912e-01,8.236204766370443242e-02,1.766921210497328018e-02,6.210274043972074942e-02
9.348159395049047277e-03,2.073564655621548333e-02,0.000000000000000000e+00,1.201268253472067248e-02,3.789874812069247978e-02,4.800607332648595266e-02,5.026868515458699643e-02,9.690528290090653224e-03,5.735423272153500340e-02,2.975632266035517157e-02,3.879188436862709977e-02,2.727042677027047279e-02,6.552642939013679502e-02,2.243260542729126616e-02,2.061656172315753585e-02,1.286116197025856216e-02,1.033060926777713308e-02,2.209023653224966022e-02,2.494827252564045181e-02,4.287053990086187732e-02,1.769898331323776705e-02,8.035249110585153398e-02,5.928936125872668467e-02,2.347459771654832744e-02,5.564238824632698061e-02,1.184745232885276583e-01,7.340091397609371793e-02,9.278197055627503131e-02,7.194212477113383353e-02,1.833906429092424864e-02,4.873546792896589486e-02,2.098870182646362867e-02,1.198291132645618387e-02,2.420399231902826617e-02,1.431995117521844656e-02,2.064633293142202272e-02,9.884041143809821350e-03,8.187082272734038518e-03,2.009556557852900521e-02,1.129817353637297371e-02,2.145015555456318210e-02,1.281650515786183185e-02,2.021465041158695269e-02,7.785170961163458830e-03,5.879813632236264437e-03,1.655279179505500173e-02,2.258146146861370399e-02,2.889295762068503498e-02,1.247413626282022590e-02,3.989341907441313478e-02,4.315336637937450953e-02,5.439199749921850430e-02,1.202756813885291591e-02,5.946798850831361283e-02,4.133732267524077575e-02,5.465993837359889307e-02,3.574033552151714005e-02,7.466619032733443073e-02,2.621354887688116808e-02,2.590095119010404900e-02,2.002113755786778457e-02,1.241459384629125216e-02,2.302802959258101398e-02,2.581163756531058839e-02,4.301939594218431168e-02,2.609446404382321713e-02,7.724139984221259358e-02,7.718185742568361984e-02,2.006579437026451834e-02,5.290343708599413303e-02,1.542744012265737930e-01,8.169219547775347090e-02,1.014751633695053501e-01,7.207609520832403138e-02,1.543637148513672501e-02,5.504696408103722932e-02
6.385924172732550773e-03,1.394781107191235374e-02,1.201268253472067248e-02,0.000000000000000000e+00,2.508224296283064619e-02,3.221244734217538347e-02,3.373077896366424161e-02,6.653865047112936942e-03,3.874722755623036946e-02,2.025930722398368647e-02,2.552881108679795619e-02,1.792226737522142205e-02,4.429955789755727485e-02,1.497491775703716985e-02,1.314398844877119263e-02,8.842048854552761808e-03,6.817606692567618198e-03,1.458789204959883359e-02,1.612110927521993517e-02,2.768722368597329592e-02,1.165542803554682309e-02,5.351374685541612775e-02,3.855371470251120480e-02,1.571919796364935548e-02,3.777966328763452536e-02,7.878950267196593860e-02,4.811027255541166364e-02,6.256419416782030285e-02,4.802095893061819609e-02,1.186382649339823465e-02,3.170633680167909280e-02,1.527262983968204375e-02,8.112654252072819608e-03,1.601691004629422765e-02,1.003289718513225917e-02,1.375429821819318561e-02,6.966462733890055152e-03,5.552330341326902792e-03,1.448369282067312781e-02,7.666086128105508747e-03,1.437949359174742030e-02,8.618764792569106811e-03,1.347147173968055514e-02,5.463016716533440446e-03,3.810714657854389221e-03,1.143214397356316636e-02,1.521308742315306828e-02,1.836883549918873551e-02,8.484794355378912425e-03,2.657080337605501746e-02,2.863990235043689311e-02,3.667812858184849728e-02,8.201967876866281953e-03,3.953616457523928540e-02,2.703225710415457089e-02,3.652927254052605599e-02,2.344482650828383710e-02,5.032822757111597711e-02,1.714821596034474954e-02,1.701424552315455863e-02,1.351612855207728545e-02,8.201967876866281953e-03,1.561499873472364797e-02,1.671653344050968298e-02,2.868455916283362342e-02,1.713333035621250611e-02,5.218892808764643426e-02,5.061105404962860238e-02,1.350124294794504201e-02,3.557659387606246226e-02,1.033507494901680646e-01,5.384123014632549026e-02,6.765507078104765482e-02,4.785721728516351831e-02,1.015198201819020839e-02,3.636553089507137820e-02
1.918754372646213832e-02,4.297473912978758137e-02,3.789874812069247978e-02,2.508224296283064619e-02,0.000000000000000000e+00,9.888506825049495075e-02,1.043480849670283817e-01,2.012533678679349208e-02,1.191294898703463834e-01,6.317450393724229063e-02,7.977195254469403307e-02,5.601452834963306648e-02,1.365605323092037582e-01,4.616025841408773894e-02,4.138197948763750605e-02,2.716622754134476528e-02,2.127152830497625741e-02,4.468658360499561111e-02,5.078968129921553054e-02,8.651513121660042716e-02,3.691629824796439224e-02,1.646496673067476546e-01,1.195462867860492134e-01,4.830378540913082830e-02,1.149019782967891784e-01,2.420399231902826687e-01,1.492281814257431505e-01,1.922773485761919698e-01,1.486774140728501503e-01,3.716935351821253758e-02,9.797704639842808039e-02,4.556483424879798766e-02,2.475475967192128368e-02,4.882478155375936241e-02,3.042617484630613656e-02,4.290031110912636420e-02,2.121198588844728367e-02,1.713333035621250611e-02,4.391253219011893860e-02,2.347459771654832744e-02,4.398696021078015578e-02,2.651126095952604372e-02,4.227511573557212604e-02,1.670164783637743955e-02,1.184894088926599122e-02,3.414757587936706473e-02,4.674079697524523985e-02,5.725003349260929936e-02,2.637729052233584934e-02,8.328495511990353928e-02,8.758689471412196836e-02,1.136069307372839787e-01,2.515667098349186337e-02,1.221959243215885865e-01,8.536893969841766183e-02,1.138153291951353868e-01,7.317762991411005946e-02,1.555545631819467423e-01,5.425802706202831338e-02,5.190610160913380899e-02,4.151594992482769697e-02,2.558835350332693340e-02,4.763393322317985984e-02,5.189121600500156556e-02,8.837583173313089124e-02,5.326069158516798241e-02,1.600946724422810663e-01,1.550186814331859786e-01,4.142663630003423636e-02,1.090668214769496408e-01,3.159469477068727050e-01,1.658702868455916302e-01,2.096190773902558702e-01,1.474567945340061748e-01,3.179565042647256035e-02,1.121927983447208177e-01
2.572232394051712431e-02,5.553818901740126962e-02,4.800607332648595266e-02,3.221244734217538347e-02,9.888506825049495075e-02,0.000000000000000000e+00,1.327349320472171468e-01,2.628797689754238526e-02,1.525774423554979997e-01,7.920629958766876866e-02,1.020854731389273379e-01,7.037913633724825202e-02,1.749653909703925425e-01,5.920004763393322406e-02,5.236755533723336242e-02,3.448994477440867068e-02,2.722576995787373902e-02,5.832179699013084750e-02,6.433558105955730633e-02,1.106595811190997231e-01,4.654728412152607520e-02,2.130874231530686669e-01,1.547953973712023201e-01,6.220693966864645347e-02,1.491984102174786775e-01,3.129549412762916982e-01,1.913395555158605987e-01,2.466544604712782307e-01,1.901933639976778334e-01,4.811027255541166364e-02,1.268551184149808719e-01,5.793477128269251125e-02,3.157236636448890188e-02,6.196877000253055157e-02,3.818157459920511199e-02,5.473436639426011024e-02,2.735974039506393340e-02,2.167343961654683709e-02,5.544887539260780901e-02,3.030709001324818908e-02,5.541910418434332214e-02,3.346283808928385284e-02,5.268015302401048150e-02,2.089938820167016459e-02,1.527262983968204375e-02,4.468658360499561111e-02,5.958707334137156031e-02,7.407076616204469333e-02,3.350749490168058314e-02,1.046011402372765270e-01,1.139046428199288474e-01,1.441373048125158263e-01,3.149793834382768470e-02,1.578618318224445094e-01,1.065064975662037283e-01,1.451346402893761434e-01,9.227586001577874064e-02,1.985590735199987966e-01,6.854820702898227480e-02,6.661307849179058660e-02,5.339466202235818026e-02,3.209336250911743599e-02,6.144777385790202440e-02,6.692567617856770568e-02,1.129370785513330033e-01,6.762529957278316795e-02,2.052278241712439943e-01,2.016701647836377509e-01,5.332023400169695615e-02,1.404754461959838718e-01,4.057815686449634529e-01,2.154393486059631713e-01,2.672710221944357700e-01,1.909376442042900190e-01,4.099495378019916980e-02,1.436460798761517721e-01
2.588606558597180557e-02,5.751797436698968119e-02,5.026868515458699643e-02,3.373077896366424161e-02,1.043480849670283817e-01,1.327349320472171468e-01,0.000000000000000000e+00,2.746393962398964092e-02,1.590973369654207492e-01,8.392503609759001393e-02,1.070126081067000051e-01,7.511275845130174766e-02,1.827059051191592676e-01,6.210274043972074942e-02,5.513627770583068993e-02,3.639530210333586507e-02,2.861013114217240624e-02,6.012295509013233091e-02,6.743178671906399635e-02,1.153932032331532187e-01,4.965837538516500865e-02,2.212893910299349454e-01,1.607347534199675410e-01,6.494589082897929411e-02,1.553312791199630838e-01,3.258309888506825125e-01,1.997648074547105357e-01,2.580121764241801730e-01,1.989460992274371398e-01,4.965837538516500865e-02,1.319162238199437232e-01,6.134357462897632035e-02,3.303115556944878628e-02,6.569017103559147974e-02,4.072701290581878103e-02,5.742866074219622058e-02,2.855058872564342903e-02,2.262611828101043429e-02,5.933401807112341497e-02,3.161702317688563219e-02,5.894699236368507872e-02,3.565102189672367944e-02,5.582101549591390183e-02,2.244749103142350960e-02,1.571919796364935548e-02,4.614537280995549551e-02,6.240045252236561812e-02,7.637803480254246047e-02,3.515979696035963914e-02,1.108382083686866443e-01,1.172241325414191959e-01,1.519373613778115251e-01,3.358192292234180032e-02,1.627145387695559664e-01,1.139195284240610839e-01,1.519224757736792886e-01,9.818544485627948848e-02,2.089492252043049225e-01,7.209098081245626788e-02,6.945622888104913129e-02,5.558284582979799993e-02,3.419223269176379504e-02,6.387412733145775290e-02,6.929248723559446044e-02,1.174474166034028544e-01,7.154021345956325384e-02,2.133553640274490626e-01,2.080709745605025252e-01,5.558284582979799993e-02,1.464594590571458299e-01,4.245076586433260135e-01,2.220634424448116317e-01,2.801768409770910573e-01,1.975170812307417423e-01,4.233465815210109978e-02,1.500617752571488106e-01
5.269503862814272320e-03,1.144702957769541153e-02,9.690528290090653224e-03,6.653865047112936942e-03,2.012533678679349208e-02,2.628797689754238526e-02,2.746393962398964092e-02,0.000000000000000000e+00,3.163190878101787562e-02,1.658256300331948860e-02,2.094404501406689489e-02,1.487071852811146407e-02,3.602316200002977226e-02,1.186382649339823465e-02,1.092603343306688089e-02,7.249289212402685624e-03,5.716071986781583181e-03,1.204245374298515935e-02,1.327795888596138701e-02,2.274520311406838524e-02,9.884041143809821350e-03,4.421024427276380731e-02,3.197427767605948157e-02,1.309933163637446232e-02,3.087274297027345002e-02,6.487146280831806999e-02,3.943196534631358136e-02,5.096830854880245176e-02,3.911936765953646228e-02,9.675642685958409789e-03,2.618377766861668121e-02,1.214665297191086513e-02,6.609208234716205770e-03,1.301001801158099998e-02,8.053111835543845867e-03,1.107488947438931871e-02,5.701186382649339746e-03,4.510338052069843250e-03,1.162565682728233449e-02,6.296610547939088427e-03,1.168519924381130996e-02,7.145089983476979843e-03,1.074740618347995620e-02,4.376367614879649731e-03,3.125976867771178627e-03,9.407701811578022752e-03,1.238482263802676356e-02,1.506423138183063219e-02,6.951577129757810850e-03,2.153946917935664271e-02,2.347459771654832744e-02,2.984563628514863218e-02,6.698521859509668115e-03,3.233153217523333095e-02,2.203069411572068648e-02,2.989029309754536248e-02,1.939594218431354988e-02,4.148617871656321010e-02,1.394781107191235374e-02,1.375429821819318561e-02,1.097069024546361293e-02,6.609208234716205770e-03,1.271230592893612607e-02,1.357567096860626092e-02,2.332574167522588962e-02,1.420086634216049734e-02,4.249839979755578451e-02,4.144152190416647979e-02,1.101534705786034324e-02,2.893761443308176529e-02,8.438648982568958123e-02,4.412093064797034669e-02,5.528513374715313122e-02,3.922356688846216632e-02,8.172196668601795083e-03,2.954792420250376001e-02
3.056014528349633094e-02,6.673216332484853408e-02,5.735423272153500340e-02,3.874722755623036946e-02,1.191294898703463834e-01,1.525774423554979997e-01,1.590973369654207492e-01,3.163190878101787562e-02,0.000000000000000000e+00,9.510412480090504883e-02,1.221959243215885865e-01,8.437160422155733086e-02,2.093064797034787650e-01,7.134670060584408224e-02,6.307030470831659352e-02,4.163503475788565139e-02,3.245061700829127843e-02,6.973905535956176349e-02,7.756888313312196304e-02,1.334047842331680944e-01,5.570193066285595435e-02,2.561812471159142235e-01,1.851769154051117194e-01,7.402610934964795608e-02,1.786570207951889699e-01,3.741645454680778138e-01,2.303249527382068840e-01,2.954643564209053497e-01,2.284791378258086703e-01,5.763705920004763561e-02,1.518033909406213133e-01,6.929248723559446044e-02,3.800294734961818383e-02,7.448756307774750951e-02,4.575834710251715232e-02,6.592834070170737470e-02,3.292695634052308223e-02,2.624332008514565495e-02,6.668750651245181071e-02,3.633575968680689133e-02,6.668750651245181071e-02,4.011670313639679325e-02,6.372527129013530467e-02,2.506735735869840276e-02,1.839860670745322238e-02,5.335000520996144302e-02,7.122761577278613476e-02,8.907545512734633963e-02,4.017624555292576699e-02,1.261554950207654235e-01,1.363223626430878632e-01,1.737001146191518297e-01,3.798806174548594039e-02,1.900147367480909122e-01,1.284181068488664534e-01,1.741169115348546459e-01,1.105553818901740121e-01,2.393754000506110591e-01,8.240670447610115579e-02,7.962309650337158484e-02,6.399321216451570038e-02,3.867279953556915228e-02,7.417496539097039043e-02,8.041203352238050772e-02,1.363819050596168370e-01,8.096280087527352176e-02,2.471903422200389944e-01,2.419357239613569854e-01,6.345733041575492284e-02,1.681775554860893973e-01,4.859852037094925525e-01,2.587266854225278578e-01,3.224221855043987173e-01,2.288363923249825127e-01,4.940532011491686332e-02,1.720478125604727737e-01
1.567454115125262518e-02,3.486208487771476350e-02,2.975632266035517157e-02,2.025930722398368647e-02,6.317450393724229063e-02,7.920629958766876866e-02,8.392503609759001393e-02,1.658256300331948860e-02,9.510412480090504883e-02,0.000000000000000000e+00,6.467794995459891227e-02,4.476101162565682828e-02,1.092901055389332993e-01,3.774989207937003849e-02,3.313535479837449033e-02,2.183718126200151835e-02,1.691004629422885111e-02,3.624644606201342378e-02,4.056327126036410324e-02,6.921805921493323632e-02,2.947349618184253936e-02,1.331666145670521995e-01,9.650337158933595949e-02,3.876211316036261290e-02,9.333273790916804535e-02,1.952098125902439751e-01,1.198588844728263325e-01,1.546167701216153989e-01,1.189359770166272257e-01,3.006892034713228717e-02,7.874484585956921523e-02,3.632087408267464790e-02,1.982762470414861644e-02,3.905982524300748854e-02,2.405513627770583182e-02,3.468345762812783534e-02,1.708867354381577580e-02,1.357567096860626092e-02,3.508536893969841503e-02,1.926197174712335550e-02,3.487697048184700693e-02,2.086961699340567772e-02,3.352238050581282658e-02,1.335238690662260592e-02,9.407701811578022752e-03,2.759791006117983184e-02,3.743729439259292635e-02,4.556483424879798766e-02,2.088450259753792115e-02,6.624093838848449378e-02,6.920317361080099983e-02,9.123386772652168630e-02,1.978296789175188614e-02,9.757513508685750070e-02,6.838446538352759008e-02,9.150180860090206814e-02,5.869393709343694032e-02,1.253516723976242642e-01,4.330222242069694388e-02,4.127778025871180201e-02,3.352238050581282658e-02,2.060167611902528895e-02,3.846440107771773725e-02,4.170946277854686857e-02,7.026005150419029066e-02,4.281099748433290358e-02,1.275696274133285568e-01,1.241459384629125112e-01,3.298649875705205597e-02,8.821209008767620652e-02,2.531594694770687437e-01,1.329284449009363045e-01,1.687432084431146617e-01,1.182363536224117634e-01,2.567766712812039401e-02,8.958156566784263031e-02
2.063144732728977929e-02,4.461215558433438699e-02,3.879188436862709977e-02,2.552881108679795619e-02,7.977195254469403307e-02,1.020854731389273379e-01,1.070126081067000051e-01,2.094404501406689489e-02,1.221959243215885865e-01,6.467794995459891227e-02,0.000000000000000000e+00,5.760728799178314874e-02,1.406838446538352660e-01,4.733622114053499114e-02,4.240908617276232390e-02,2.765745247770880905e-02,2.231352059423331868e-02,4.681522499590645703e-02,5.163816073475342022e-02,8.862888700337903658e-02,3.810714657854388787e-02,1.706039089596451397e-01,1.241905952753092485e-01,5.017937152979353582e-02,1.195611723901814499e-01,2.512838833564060015e-01,1.542148588100448192e-01,1.984548742910731134e-01,1.531282097083910276e-01,3.888119799342056038e-02,1.021003587430595883e-01,4.598163116450081078e-02,2.548415427440122588e-02,4.982211703061968644e-02,3.060480209589306125e-02,4.376367614879649731e-02,2.162878280415010679e-02,1.717798716860923641e-02,4.447818514714419608e-02,2.423376352729275651e-02,4.431444350168951829e-02,2.671965941737745528e-02,4.249839979755578451e-02,1.674630464877416985e-02,1.211688176364637826e-02,3.565102189672367944e-02,4.797630211822146579e-02,5.908096280087527657e-02,2.694294347936111028e-02,8.466931630420219956e-02,9.054912993643847441e-02,1.164798523348070103e-01,2.524598460828532745e-02,1.261554950207654235e-01,8.676818648684857249e-02,1.171645901248902222e-01,7.535092811741764263e-02,1.604816981497194095e-01,5.567215945459146748e-02,5.309694993971330462e-02,4.322779440003572671e-02,2.597537921076526965e-02,4.894386638681730989e-02,5.358817487607734492e-02,9.028118906205807870e-02,5.480879441492132742e-02,1.645603536819541801e-01,1.602881852960002518e-01,4.282588308846514702e-02,1.126095952604236478e-01,3.249825094151446159e-01,1.721966686017951942e-01,2.149778948778636178e-01,1.526816415844237107e-01,3.297161315291981254e-02,1.152890040042275077e-01
1.426040875868947108e-02,3.088762857440569345e-02,2.727042677027047279e-02,1.792226737522142205e-02,5.601452834963306648e-02,7.037913633724825202e-02,7.511275845130174766e-02,1.487071852811146407e-02,8.437160422155733086e-02,4.476101162565682828e-02,5.760728799178314874e-02,0.000000000000000000e+00,9.773887673231218542e-02,3.307581238184551659e-02,3.009869155539677404e-02,1.923220053885886863e-02,1.551079950579794219e-02,3.270367227853942377e-02,3.617201804135220661e-02,6.162640110748894562e-02,2.719599874960925215e-02,1.182661248306762503e-01,8.743803867279953401e-02,3.545750904300450784e-02,8.298724303725867057e-02,1.761711249051042816e-01,1.067148960240551364e-01,1.382574911802795514e-01,1.056133613182691083e-01,2.666011700084847807e-02,7.171884070915017506e-02,3.236130338349781782e-02,1.793715297935366548e-02,3.575522112564938348e-02,2.165855401241459366e-02,3.063457330415754812e-02,1.504934577769838702e-02,1.193825451405945356e-02,3.121511186531505250e-02,1.723752958513821362e-02,3.172122240581134317e-02,1.918754372646213832e-02,2.957769541076824688e-02,1.187871209753047809e-02,8.455023147114425555e-03,2.517155658762411027e-02,3.358192292234180032e-02,4.135220827937301918e-02,1.872608999836258489e-02,5.911073400913976345e-02,6.237068131410113125e-02,8.126051295791839046e-02,1.786272495869244831e-02,8.661933044552613814e-02,6.129891781657958311e-02,8.139448339510858832e-02,5.369237410500304897e-02,1.116569165959600402e-01,3.871745634796588259e-02,3.749683680912190009e-02,2.968189463969395092e-02,1.826463627026302800e-02,3.398383423391238001e-02,3.708003989341907697e-02,6.245999493889459186e-02,3.917891007606543602e-02,1.132645618422423728e-01,1.118355438455469753e-01,3.002426353473555687e-02,7.864064663064350424e-02,2.283451673886184585e-01,1.189210914124949753e-01,1.502255169026034953e-01,1.058068741719882661e-01,2.244749103142350960e-02,8.070974560502537642e-02
3.520445377275636945e-02,7.593146667857514354e-02,6.552642939013679502e-02,4.429955789755727485e-02,1.365605323092037582e-01,1.749653909703925425e-01,1.827059051191592676e-01,3.602316200002977226e-02,2.093064797034787650e-01,1.092901055389332993e-01,1.406838446538352660e-01,9.773887673231218542e-02,0.000000000000000000e+00,8.145402581163756206e-02,7.174861191741466193e-02,4.758927641078312953e-02,3.766057845457657788e-02,7.989103737775198055e-02,8.752735229759299462e-02,1.515652212745054184e-01,6.475237797526012251e-02,2.919662394498280800e-01,2.115839771357120591e-01,8.563688057279804366e-02,2.051533961505827841e-01,4.301195314011819204e-01,2.633114514952589191e-01,3.397936855267271183e-01,2.625374000803822883e-01,6.582414147278167760e-02,1.739085130770032239e-01,8.029294868932256024e-02,4.351062087854835891e-02,8.559222376040132030e-02,5.293320829425861990e-02,7.511275845130174766e-02,3.746706560085741322e-02,2.956280980663600344e-02,7.783682400750234487e-02,4.154572113309218384e-02,7.658643326039386856e-02,4.619002962235222581e-02,7.250777772815909794e-02,2.907158487027195967e-02,2.063144732728977929e-02,6.138823144137305066e-02,8.213876360172077395e-02,1.005373703091739929e-01,4.593697435210408048e-02,1.445987585406153797e-01,1.549889102249214778e-01,1.991991544976852990e-01,4.345107846201937823e-02,2.143080426919126424e-01,1.480522186992959122e-01,1.997350362464460627e-01,1.280608523496926110e-01,2.741184000952678890e-01,9.435984459429286320e-02,9.093615564387680372e-02,7.344557078849045517e-02,4.459726998020214356e-02,8.419297697197040964e-02,9.160600782982777912e-02,1.544530284761607142e-01,9.354113636701945345e-02,2.809508923919677437e-01,2.746542818440286249e-01,7.317762991411005946e-02,1.930662855952008927e-01,5.583292397921969519e-01,2.938715967787552397e-01,3.667068577978237487e-01,2.610190684588933885e-01,5.602941395376531686e-02,1.973979963976837948e-01
1.134283034876970402e-02,2.554369669093020309e-02,2.243260542729126616e-02,1.497491775703716985e-02,4.616025841408773894e-02,5.920004763393322406e-02,6.210274043972074942e-02,1.186382649339823465e-02,7.134670060584408224e-02,3.774989207937003849e-02,4.733622114053499114e-02,3.307581238184551659e-02,8.145402581163756206e-02,0.000000000000000000e+00,2.435284836035070399e-02,1.610622367108769173e-02,1.274207713720061294e-02,2.666011700084847807e-02,3.012846276366126438e-02,5.166793194301790709e-02,2.188183807439824866e-02,9.781330475297339566e-02,7.082570446121555507e-02,2.862501674630464968e-02,6.836957977939535358e-02,1.434227958141681136e-01,8.929873918932999810e-02,1.148424358802602047e-01,8.891171348189166879e-02,2.229863499010107178e-02,5.799431369922148499e-02,2.718111314547700871e-02,1.478140490331800172e-02,2.866967355870137998e-02,1.793715297935366548e-02,2.536506944134327840e-02,1.265276351240715060e-02,1.021152443471918386e-02,2.618377766861668121e-02,1.369475580166421014e-02,2.596049360663302621e-02,1.567454115125262518e-02,2.532041262894654463e-02,9.913812352074308221e-03,6.981348338022298587e-03,2.014022239092573552e-02,2.785096533142797717e-02,3.402849104630911725e-02,1.571919796364935548e-02,4.931600649012340271e-02,5.245686896202682303e-02,6.758064276038643070e-02,1.507911698596287563e-02,7.290968903972967763e-02,5.041754119590943772e-02,6.790812605129578627e-02,4.312359517111002266e-02,9.249914407776239911e-02,3.236130338349781782e-02,3.091739978267018032e-02,2.478453088018577402e-02,1.521308742315306828e-02,2.823799103886631343e-02,3.100671340746364094e-02,5.262061060748150776e-02,3.158725196862114531e-02,9.553580732074011539e-02,9.224608880751425377e-02,2.460590363059884933e-02,6.499054764137603135e-02,1.877223537117253815e-01,9.904880989594962160e-02,1.242501376918382222e-01,8.782506438023787720e-02,1.899403087274297020e-02,6.656842167939386323e-02
1.010732520579347635e-02,2.273031750993614181e-02,2.061656172315753585e-02,1.314398844877119263e-02,4.138197948763750605e-02,5.236755533723336242e-02,5.513627770583068993e-02,1.092603343306688089e-02,6.307030470831659352e-02,3.313535479837449033e-02,4.240908617276232390e-02,3.009869155539677404e-02,7.174861191741466193e-02,2.435284836035070399e-02,0.000000000000000000e+00,1.440926480001190890e-02,1.111954628678604902e-02,2.396582265291236774e-02,2.734485479093168997e-02,4.638354247607139047e-02,1.967876866282618209e-02,8.807811965048600866e-02,6.491611962071480724e-02,2.587117998183956213e-02,6.107563375459593158e-02,1.296089551794459560e-01,7.989103737775198055e-02,1.018473034728114429e-01,7.835782015213087204e-02,1.970853987109066896e-02,5.288855148186188959e-02,2.378719540332544305e-02,1.330773009422587388e-02,2.649637535539380029e-02,1.600202444216198422e-02,2.253680465621697368e-02,1.100046145372809980e-02,9.005790500007443064e-03,2.299825838431652711e-02,1.262299230414266372e-02,2.368299617439973900e-02,1.420086634216049734e-02,2.209023653224966022e-02,8.767620833891542897e-03,6.460352193393768816e-03,1.821997945786629769e-02,2.491850131737596494e-02,3.106625582399261815e-02,1.390315425951562170e-02,4.362970571160630640e-02,4.705339466202235893e-02,5.998898465294214000e-02,1.350124294794504201e-02,6.481192039178909625e-02,4.541597820747555331e-02,5.992944223641316626e-02,3.943196534631358136e-02,8.255556051742360402e-02,2.861013114217240624e-02,2.816356301820509278e-02,2.200092290745619961e-02,1.351612855207728545e-02,2.535018383721103150e-02,2.786585093556022061e-02,4.726179311987376702e-02,2.872921597523035372e-02,8.511588442816951650e-02,8.386549368106104019e-02,2.222420696943985460e-02,5.802408490748597186e-02,1.695172598579913481e-01,8.912011193974307688e-02,1.114485181381086321e-01,7.895324431742062332e-02,1.655279179505500173e-02,5.992944223641316626e-02
6.713407463641911550e-03,1.506423138183063219e-02,1.286116197025856216e-02,8.842048854552761808e-03,2.716622754134476528e-02,3.448994477440867068e-02,3.639530210333586507e-02,7.249289212402685624e-03,4.163503475788565139e-02,2.183718126200151835e-02,2.765745247770880905e-02,1.923220053885886863e-02,4.758927641078312953e-02,1.610622367108769173e-02,1.440926480001190890e-02,0.000000000000000000e+00,7.323717233063903667e-03,1.557034192232691766e-02,1.757989848017981957e-02,3.015823397192575125e-02,1.274207713720061294e-02,5.769660161657660935e-02,4.191786123639827666e-02,1.661233421158397547e-02,4.045907203143839920e-02,8.458000267940873895e-02,5.190610160913380899e-02,6.719361705294808751e-02,5.139999106863751832e-02,1.283139076199407529e-02,3.422200390002828191e-02,1.597225323389749735e-02,8.693192813230325722e-03,1.705890233555128893e-02,1.049435091323181433e-02,1.485583292397921890e-02,7.502344482650828358e-03,5.909584840500751307e-03,1.539171467273999297e-02,8.291281501659744299e-03,1.537682906860774953e-02,9.214188957858854626e-03,1.449857842480537125e-02,5.850042423971776699e-03,4.182854761160481605e-03,1.193825451405945356e-02,1.637416454546807704e-02,1.981273910001637301e-02,9.139760937197635715e-03,2.844638949671772499e-02,3.078342934547998594e-02,3.950639336697479853e-02,8.842048854552761808e-03,4.233465815210109978e-02,2.945861057771029592e-02,3.941707974218133792e-02,2.532041262894654463e-02,5.433245508268953056e-02,1.850280593637892643e-02,1.826463627026302800e-02,1.452834963306985812e-02,8.871820062817248678e-03,1.679096146117090016e-02,1.807112341654385987e-02,3.084297176200895968e-02,1.850280593637892643e-02,5.591032912070736244e-02,5.451108233227645872e-02,1.440926480001190890e-02,3.810714657854388787e-02,1.107935515562899070e-01,5.805385611575045873e-02,7.296923145625865137e-02,5.169770315128239396e-02,1.094091903719912433e-02,3.891096920168504725e-02
5.686300778517096310e-03,1.199779693058842731e-02,1.033060926777713308e-02,6.817606692567618198e-03,2.127152830497625741e-02,2.722576995787373902e-02,2.861013114217240624e-02,5.716071986781583181e-03,3.245061700829127843e-02,1.691004629422885111e-02,2.231352059423331868e-02,1.551079950579794219e-02,3.766057845457657788e-02,1.274207713720061294e-02,1.111954628678604902e-02,7.323717233063903667e-03,0.000000000000000000e+00,1.260810670001042029e-02,1.366498459339972327e-02,2.362345375787076179e-02,1.031572366364488964e-02,4.565414787359144827e-02,3.341818127688712253e-02,1.354589976034177405e-02,3.239107459176230469e-02,6.792301165542803665e-02,4.127778025871180201e-02,5.323092037690349554e-02,4.105449619672814354e-02,1.044969410083508229e-02,2.746393962398964092e-02,1.229550901323330121e-02,6.758064276038642723e-03,1.323330207356465497e-02,8.038226231411602432e-03,1.165542803554682309e-02,5.775614403310558656e-03,4.480566843805355512e-03,1.187871209753047809e-02,6.534780214054987726e-03,1.172985605620804200e-02,7.085547566948004368e-03,1.101534705786034324e-02,4.391253219011893166e-03,3.170633680167909800e-03,9.675642685958409789e-03,1.286116197025856216e-02,1.576385477604608579e-02,7.130204379344735541e-03,2.246237663555575303e-02,2.412956429836704900e-02,3.118534065705056563e-02,6.638979442980693507e-03,3.356703731820955688e-02,2.314711442563896493e-02,3.130442549010851311e-02,2.033373524464490364e-02,4.312359517111002266e-02,1.470697688265678281e-02,1.388826865538337826e-02,1.156611441075336075e-02,6.996233942154542022e-03,1.302490361571324341e-02,1.423063755042498421e-02,2.381696661158992992e-02,1.487071852811146407e-02,4.349573527441611548e-02,4.288542550499412076e-02,1.131305914050521715e-02,3.029220440911594564e-02,8.690215692403875647e-02,4.601140237276529765e-02,5.717560547194808218e-02,4.099495378019916980e-02,8.812277646288274938e-03,3.078342934547998594e-02
1.181916968100150261e-02,2.535018383721103150e-02,2.209023653224966022e-02,1.458789204959883359e-02,4.468658360499561111e-02,5.832179699013084750e-02,6.012295509013233091e-02,1.204245374298515935e-02,6.973905535956176349e-02,3.624644606201342378e-02,4.681522499590645703e-02,3.270367227853942377e-02,7.989103737775198055e-02,2.666011700084847807e-02,2.396582265291236774e-02,1.557034192232691766e-02,1.260810670001042029e-02,0.000000000000000000e+00,2.917578409919766719e-02,5.077479569508328711e-02,2.149481236695991240e-02,9.769421991991544818e-02,7.067684841989312072e-02,2.871433037109811029e-02,6.813141011327944474e-02,1.437056222926807458e-01,8.792926360916357431e-02,1.128924217389362800e-01,8.728918263147709966e-02,2.179252444960478804e-02,5.827714017773411026e-02,2.649637535539380029e-02,1.443903600827639577e-02,2.859524553804016281e-02,1.749058485538635549e-02,2.462078923473109276e-02,1.232528022149778982e-02,9.869155539677577915e-03,2.548415427440122588e-02,1.376918382232542905e-02,2.543949746200449558e-02,1.533217225621101749e-02,2.356391134134178805e-02,9.392816207445779317e-03,7.011119546286786325e-03,2.042304886943836773e-02,2.734485479093168997e-02,3.408803346283809099e-02,1.507911698596287563e-02,4.732133553640274770e-02,5.205495765045624335e-02,6.564551422319474250e-02,1.445392161240863921e-02,7.201655279179505764e-02,4.903318001161077050e-02,6.638979442980692813e-02,4.294496792152309450e-02,9.102546926867026433e-02,3.084297176200895968e-02,3.056014528349633094e-02,2.456124681820211555e-02,1.478140490331800172e-02,2.810402060167611904e-02,3.070900132481876876e-02,5.151907590169547274e-02,3.114068384465383532e-02,9.382396284553208565e-02,9.242471605710117499e-02,2.447193319340865494e-02,6.418672501823487198e-02,1.860402804447818526e-01,9.863201298024680541e-02,1.213921016984474271e-01,8.700635615296446745e-02,1.850280593637892643e-02,6.557108620253353226e-02
1.235505142976227669e-02,2.794027895622143778e-02,2.494827252564045181e-02,1.612110927521993517e-02,5.078968129921553054e-02,6.433558105955730633e-02,6.743178671906399635e-02,1.327795888596138701e-02,7.756888313312196304e-02,4.056327126036410324e-02,5.163816073475342022e-02,3.617201804135220661e-02,8.752735229759299462e-02,3.012846276366126438e-02,2.734485479093168997e-02,1.757989848017981957e-02,1.366498459339972327e-02,2.917578409919766719e-02,0.000000000000000000e+00,5.681835097277423280e-02,2.384673781985442026e-02,1.077271171050477039e-01,7.881927388023042547e-02,3.118534065705056563e-02,7.466619032733443073e-02,1.576087765521963779e-01,9.781330475297339566e-02,1.244287649414251434e-01,9.575909138272377386e-02,2.430819154795397369e-02,6.424626743476384572e-02,2.866967355870137998e-02,1.591271081736852361e-02,3.179565042647256035e-02,1.935128537191681958e-02,2.797005016448592465e-02,1.353101415620953062e-02,1.107488947438931871e-02,2.734485479093168997e-02,1.537682906860774953e-02,2.871433037109811029e-02,1.723752958513821362e-02,2.773188049837002622e-02,1.071763497521546933e-02,7.963798210750383522e-03,2.206046532398517335e-02,3.035174682564491938e-02,3.792851932895696665e-02,1.716310156447699298e-02,5.355840366781285805e-02,5.745843195046070745e-02,7.346045639262269167e-02,1.638905014960032047e-02,8.020363506452909963e-02,5.534467616368210496e-02,7.359442682981288952e-02,4.723202191160928015e-02,1.009839384331413098e-01,3.530865300168207349e-02,3.393917742151564970e-02,2.691317227109662341e-02,1.661233421158397547e-02,3.106625582399261815e-02,3.413269027523482130e-02,5.769660161657660935e-02,3.441551675374745350e-02,1.044225129876896058e-01,1.018324178686792064e-01,2.668988820911296841e-02,7.085547566948004194e-02,2.052278241712439943e-01,1.088584230190982327e-01,1.368433587877163904e-01,9.642894356867473538e-02,2.075053216034772677e-02,7.295434585212641487e-02
2.180741005373703148e-02,4.797630211822146579e-02,4.287053990086187732e-02,2.768722368597329592e-02,8.651513121660042716e-02,1.106595811190997231e-01,1.153932032331532187e-01,2.274520311406838524e-02,1.334047842331680944e-01,6.921805921493323632e-02,8.862888700337903658e-02,6.162640110748894562e-02,1.515652212745054184e-01,5.166793194301790709e-02,4.638354247607139047e-02,3.015823397192575125e-02,2.362345375787076179e-02,5.077479569508328711e-02,5.681835097277423280e-02,0.000000000000000000e+00,4.059304246862859011e-02,1.849536313431280610e-01,1.354441119992854936e-01,5.387100135458997713e-02,1.292665862844043501e-01,2.714389913514639874e-01,1.685645811935277405e-01,2.146504115869542484e-01,1.656767739918724724e-01,4.173923398681135544e-02,1.108679795769511311e-01,4.982211703061968644e-02,2.753836764465085810e-02,5.465993837359889307e-02,3.329909644382917505e-02,4.769347563970884052e-02,2.337039848762261993e-02,1.903868768513970050e-02,4.772324684797332739e-02,2.624332008514565495e-02,4.895875199094955332e-02,2.922044091159439749e-02,4.680033939177421359e-02,1.823486506199854112e-02,1.357567096860626092e-02,3.830065943226305947e-02,5.217404248351419083e-02,6.566039982732699287e-02,2.925021211985888436e-02,9.175486387115021347e-02,9.985263251909078097e-02,1.258726685422527913e-01,2.798493576861816809e-02,1.380788639306926302e-01,9.392816207445779664e-02,1.266318343529972135e-01,8.087348725048006115e-02,1.732088896827877755e-01,6.012295509013233091e-02,5.847065303145328186e-02,4.651751291326158139e-02,2.832730466365977404e-02,5.340954762649042370e-02,5.878325071823040093e-02,9.942094999925571441e-02,5.928936125872668467e-02,1.794757290224623658e-01,1.769898331323776774e-01,4.613048720582324513e-02,1.217940130100180068e-01,3.535926405573170395e-01,1.882582354604861730e-01,2.340165825630033114e-01,1.668229655100552378e-01,3.587430595870733097e-02,1.256344988761368964e-01
9.348159395049047277e-03,2.045282007770285460e-02,1.769898331323776705e-02,1.165542803554682309e-02,3.691629824796439224e-02,4.654728412152607520e-02,4.965837538516500865e-02,9.884041143809821350e-03,5.570193066285595435e-02,2.947349618184253936e-02,3.810714657854388787e-02,2.719599874960925215e-02,6.475237797526012251e-02,2.188183807439824866e-02,1.967876866282618209e-02,1.274207713720061294e-02,1.031572366364488964e-02,2.149481236695991240e-02,2.384673781985442026e-02,4.059304246862859011e-02,0.000000000000000000e+00,7.819407850667618731e-02,5.787522886616353057e-02,2.363833936200300523e-02,5.518093451822742024e-02,1.165096235430714972e-01,7.048333556617394913e-02,9.160600782982777912e-02,6.978371217195850074e-02,1.769898331323776705e-02,4.726179311987376702e-02,2.158412599175337648e-02,1.183405528513374778e-02,2.335551288349037649e-02,1.421575194629274078e-02,2.005090876613227491e-02,9.824498727280845875e-03,7.800056565295702266e-03,2.081007457687670398e-02,1.134283034876970402e-02,2.073564655621548333e-02,1.259322109587817685e-02,1.936617097604906301e-02,7.844713377692434306e-03,5.611872757855877400e-03,1.662721981571622237e-02,2.228374938596882834e-02,2.703225710415457089e-02,1.245925065868798247e-02,3.910448205540421884e-02,4.139686509176974949e-02,5.394542937525119430e-02,1.186382649339823465e-02,5.707140624302237120e-02,4.038464401077717508e-02,5.367748850087080553e-02,3.557659387606246226e-02,7.411542297444141669e-02,2.549903987853346932e-02,2.444216198514416807e-02,1.963411185042944831e-02,1.207222495124964622e-02,2.244749103142350960e-02,2.423376352729275651e-02,4.130755146697628888e-02,2.590095119010404900e-02,7.502344482650828705e-02,7.401122374551570571e-02,1.979785349588412957e-02,5.195075842153053930e-02,1.506125426100418385e-01,7.889370190089164958e-02,9.936140758272674067e-02,7.043867875377722576e-02,1.494514654877268124e-02,5.330534839756471271e-02
