0.000000000000000000e+00,1.314757511372224678e-02,9.582614399589316212e-03,3.921456785546222935e-03,1.990674062771828276e-02,2.757853608453234712e-02,2.643774865600980947e-02,4.648708771229341334e-03,3.813081979836582119e-02,2.255907139903318148e-02,2.254481155617665128e-02,1.571434682789795562e-02,3.798822136980050529e-02,1.083748057096410762e-02,9.511315185306658260e-03,1.073766167096838579e-02,7.643275771101002217e-03,1.552896887076304390e-02,1.554322871361957584e-02,2.923267785589002757e-02,1.299071684230039721e-02,4.769917435509860720e-02,3.232706375575741115e-02,1.281959872802201743e-02,3.458011892708942603e-02,6.978767093986623649e-02,4.169578051249875350e-02,5.351719024056354745e-02,4.183837894106406941e-02,1.039542544241162450e-02,2.860524477020263273e-02,1.186418925663439150e-02,8.085330899653485337e-03,1.048098449955081439e-02,6.930283628274416623e-03,1.217790579947808892e-02,4.363511914098706923e-03,2.695110299884495401e-03,1.414576411367946679e-02,6.673606456856845219e-03,1.120823648523393279e-02,8.940921471045389438e-03,9.996149842428737192e-03,3.693299299841715840e-03,2.638070928458368519e-03,8.926661628188857500e-03,1.341851212799635013e-02,1.859483508491736534e-02,4.762787514081595099e-03,1.756812639924707972e-02,2.638070928458368519e-02,3.221298501290515565e-02,5.746716671182283166e-03,3.801674105551356569e-02,1.983544141343562481e-02,2.726481954168865143e-02,2.364281945612959485e-02,4.156744192678996780e-02,1.280533888516548549e-02,1.592824447074593294e-02,1.324739401371796861e-02,7.728834828240192974e-03,1.483023657079298938e-02,1.532933107077160025e-02,2.867654398448529068e-02,1.791036262780384275e-02,4.720007985511999460e-02,4.383475694097851288e-02,1.068062229954225978e-02,3.071570151296932824e-02,9.546964792447987236e-02,4.203801674105551306e-02,5.601266274045660354e-02,3.773154419838293389e-02,9.924850628146077505e-03,3.024512669870377951e-02
1.314757511372224678e-02,0.000000000000000000e+00,2.000655952771400459e-02,7.971252156801231573e-03,4.029831591255864098e-02,5.628359975473070514e-02,5.358848945484620541e-02,9.254638013889086856e-03,7.670369472528412724e-02,4.563149714090150577e-02,4.526074122663168581e-02,3.060162277011707274e-02,7.643275771101001870e-02,2.231665407047214375e-02,1.879447288490880899e-02,2.207423674191110255e-02,1.567156729932836154e-02,3.184222909863533568e-02,3.188500862720492629e-02,6.020505654027692721e-02,2.555363839890484323e-02,9.708101016726795873e-02,6.466838735437135943e-02,2.462674861323028291e-02,7.034380481127097684e-02,1.393899639225975595e-01,8.533089965348582273e-02,1.095583726667332114e-01,8.547349808205113864e-02,2.184607925620659502e-02,5.860795414034537104e-02,2.328632338471630162e-02,1.607084289931124885e-02,2.116160679909307243e-02,1.380352788512270550e-02,2.485490609893479044e-02,8.855362413906199548e-03,5.404480442625521873e-03,2.717926048454945981e-02,1.319035464229184260e-02,2.247351234189399333e-02,1.732570907068604199e-02,2.017767764199238437e-02,7.400858442539963618e-03,5.247622171203673164e-03,1.729718938497297812e-02,2.720778017026252368e-02,3.783136309837865918e-02,9.596874242445848149e-03,3.517903232706375699e-02,5.308939495486759974e-02,6.445448971152338558e-02,1.136509475665578237e-02,7.711723016812355169e-02,4.054073324111968218e-02,5.498595405478631792e-02,4.546037902662312946e-02,8.351989961070628576e-02,2.656608724171859517e-02,3.142869365579591123e-02,2.756427624167581691e-02,1.548618934219344982e-02,2.980307157015129813e-02,3.097237868438689964e-02,5.932094628317195750e-02,3.452307955566329828e-02,9.568354556732784622e-02,8.674262409628245851e-02,2.022045717056198191e-02,6.200179674019992010e-02,1.886577209919146625e-01,8.521682091063356723e-02,1.148487743665064786e-01,7.737390733954112310e-02,2.047713434197954985e-02,6.120324554023414548e-02
9.582614399589316212e-03,2.000655952771400459e-02,0.000000000000000000e+00,5.989133999743322632e-03,2.983159125586436200e-02,4.266544982674291137e-02,3.997033952685841163e-02,6.830464728278694796e-03,5.802330058322757028e-02,3.426640238424572688e-02,3.436622128424144523e-02,2.287278794187688064e-02,5.711067064040954017e-02,1.669827598499864368e-02,1.427410269938825249e-02,1.655567755643332778e-02,1.193548847091705119e-02,2.371411867041225280e-02,2.442711081323883926e-02,4.590243415517560738e-02,1.878021304205227532e-02,7.342393086828183368e-02,4.882570194076461118e-02,1.848075634206510984e-02,5.240492249775407368e-02,1.050807820097822559e-01,6.492506452578893084e-02,8.226503343933150303e-02,6.438319049724071375e-02,1.682661457070742939e-02,4.469034751237041525e-02,1.672679567071170756e-02,1.200678768519970914e-02,1.602806337074165477e-02,1.043820497098122031e-02,1.863761461348695941e-02,6.687866299713377156e-03,4.149614271250730464e-03,1.965006345630071136e-02,9.653913613871975899e-03,1.724015001354685037e-02,1.304775621372652496e-02,1.530081138505853637e-02,5.375960756912458866e-03,3.864417414120096487e-03,1.270551998516976366e-02,2.029175638484463987e-02,2.853394555591997478e-02,7.058622213983202325e-03,2.630941007030102377e-02,3.989904031257575368e-02,4.821252869793375001e-02,8.584425399632096207e-03,5.826571791178861148e-02,3.037346528441256521e-02,4.159596161250302820e-02,3.358192992713220082e-02,6.261496998303078820e-02,2.019193748484891804e-02,2.338614228471202344e-02,2.073381151339712125e-02,1.139361444236884451e-02,2.221683517047642192e-02,2.374263835612531667e-02,4.449070971237897160e-02,2.522566201320461388e-02,7.135625365408472531e-02,6.469690704008441984e-02,1.500135468507137089e-02,4.597373336945826533e-02,1.405164915082635912e-01,6.439745034009725089e-02,8.638612802486916875e-02,5.805182026894063763e-02,1.558600824218917165e-02,4.594521368374520492e-02
3.921456785546222935e-03,7.971252156801231573e-03,5.989133999743322632e-03,0.000000000000000000e+00,1.206382705662583515e-02,1.702625237069887651e-02,1.622770117073309842e-02,2.851968571306344111e-03,2.300112652758566634e-02,1.378926804226617356e-02,1.376074835655311142e-02,9.382976599597872558e-03,2.342892181328161752e-02,6.687866299713377156e-03,5.718196985469220159e-03,6.573787556861123392e-03,4.805567042651190043e-03,9.568354556732784275e-03,9.596874242445848149e-03,1.813852011350835028e-02,7.842913571092445871e-03,2.889044162733326801e-02,1.955024455630498953e-02,7.514937185392217382e-03,2.111882727052347836e-02,4.200949705534245265e-02,2.575327619889628689e-02,3.312561495572318576e-02,2.555363839890484323e-02,6.645086771143782212e-03,1.781054372780812092e-02,7.044362371126670387e-03,4.905385942646911870e-03,6.516748185434996510e-03,4.292212699816048103e-03,7.443637971109558563e-03,2.695110299884495401e-03,1.668401614214211305e-03,8.185149799649207164e-03,3.935716628402754873e-03,6.930283628274416623e-03,5.333181228342863921e-03,6.031913528312917577e-03,2.210275642762416903e-03,1.540063028505425820e-03,5.247622171203673164e-03,8.113850585366549212e-03,1.136509475665578237e-02,2.851968571306344111e-03,1.065210261382919590e-02,1.598528384217206069e-02,1.956450439916151973e-02,3.607740242702525517e-03,2.317224464186404612e-02,1.226346485661728054e-02,1.692643347070315121e-02,1.393186647083149120e-02,2.538252028462646345e-02,7.942732471088169433e-03,9.482795499593594385e-03,8.342008071071056741e-03,4.591669399803214452e-03,8.898141942475793625e-03,9.382976599597872558e-03,1.765368545638627135e-02,1.082322072810757568e-02,2.851968571306344111e-02,2.635218959887062132e-02,6.245811171160894036e-03,1.850927602777817371e-02,5.698233205470075446e-02,2.562493761318750118e-02,3.458011892708942603e-02,2.301538637044219654e-02,6.145992271165171342e-03,1.862335477063042921e-02
1.990674062771828276e-02,4.029831591255864098e-02,2.983159125586436200e-02,1.206382705662583515e-02,0.000000000000000000e+00,8.555905713919031985e-02,8.165186019650062799e-02,1.394612631368802314e-02,1.162890184950161887e-01,7.089993868267571719e-02,7.003008826842728463e-02,4.762787514081594925e-02,1.170733098521254262e-01,3.381008741283671182e-02,2.853394555591997478e-02,3.308283542715359515e-02,2.371411867041225280e-02,4.757083576938982150e-02,4.872588304076889282e-02,9.094927773895931933e-02,3.915752848403610681e-02,1.450368616937841304e-01,9.703823063869836119e-02,3.773154419838293389e-02,1.067206639382834027e-01,2.119868239052005721e-01,1.278537510516634113e-01,1.661414291214510786e-01,1.293367747087427189e-01,3.244114249860966664e-02,8.829694696764441020e-02,3.600610321274259895e-02,2.459822892751721904e-02,3.245540234146619685e-02,2.128994538480185814e-02,3.847305602692258075e-02,1.373222867084004754e-02,8.342008071071056741e-03,4.225191438390348692e-02,2.032027607055770374e-02,3.452307955566329828e-02,2.686554394170576412e-02,3.124331569866100125e-02,1.159325224236028989e-02,7.942732471088169433e-03,2.586735494174854239e-02,4.139632381251158455e-02,5.681121394042237815e-02,1.465911845651460960e-02,5.430148159767279187e-02,8.079626962510873256e-02,9.886349052433442142e-02,1.726866969925991424e-02,1.171588689092646213e-01,6.294294636873101756e-02,8.446104923923739016e-02,6.998730873985768708e-02,1.279963494802287272e-01,4.045517418398049403e-02,4.684358378370670484e-02,4.135354428394199394e-02,2.397079584182982420e-02,4.487572546950532870e-02,4.739971765511143825e-02,8.804026979622683879e-02,5.269011935488471243e-02,1.438105152081224081e-01,1.301781054372780910e-01,3.078700072725198619e-02,9.354456913884809377e-02,2.864802429877222889e-01,1.281532077516505663e-01,1.749112324782181038e-01,1.162747586521596516e-01,3.064440229868666682e-02,9.270323841031272161e-02
2.757853608453234712e-02,5.628359975473070514e-02,4.266544982674291137e-02,1.702625237069887651e-02,8.555905713919031985e-02,0.000000000000000000e+00,1.135511286665620984e-01,1.955024455630498953e-02,1.625907282501746765e-01,9.629671881015870738e-02,9.676729362442425264e-02,6.472542672579748024e-02,1.624338699787528373e-01,4.759935545510288191e-02,4.026979622684558058e-02,4.655838692657606609e-02,3.313987479857972290e-02,6.720663938283399919e-02,6.843298586849573539e-02,1.280819085373679223e-01,5.397350521197256251e-02,2.052704379197741180e-01,1.379924993226574748e-01,5.231936344061488553e-02,1.492007358078913937e-01,2.969184479587034797e-01,1.817702168922098460e-01,2.327491551043107398e-01,1.813709412922269726e-01,4.691488299798936279e-02,1.249447431089309446e-01,4.895404052647339688e-02,3.420936301281959913e-02,4.548889871233618987e-02,2.970325267015557630e-02,5.284697762630655854e-02,1.880873272776533919e-02,1.163603177092988397e-02,5.732456828325752096e-02,2.780669357023685465e-02,4.825530822650334062e-02,3.703281189841287763e-02,4.307898526958232888e-02,1.550044918504998002e-02,1.090877978524676731e-02,3.660501661271692991e-02,5.758124545467509237e-02,8.018309638227787139e-02,2.029175638484463987e-02,7.517789153963523596e-02,1.121108845380523883e-01,1.369515307941306381e-01,2.435581159895617784e-02,1.634890983501361694e-01,8.568739572489911249e-02,1.180287193235130538e-01,9.591170305303235721e-02,1.767792718924237338e-01,5.686825331184850590e-02,6.670754488285539352e-02,5.843683602606699473e-02,3.217020548433556504e-02,6.274330856873956697e-02,6.630826928287250621e-02,1.256006958803314033e-01,7.319577338257732269e-02,2.024327291913243232e-01,1.840660515921114515e-01,4.280804825530822727e-02,1.308197983658219987e-01,3.999743322828582248e-01,1.808290672636787555e-01,2.437007144181271012e-01,1.644872873500934085e-01,4.380623725526544554e-02,1.301638455944215400e-01
2.643774865600980947e-02,5.358848945484620541e-02,3.997033952685841163e-02,1.622770117073309842e-02,8.165186019650062799e-02,1.135511286665620984e-01,0.000000000000000000e+00,1.872317367062615104e-02,1.545909564076603793e-01,9.257489982460392897e-02,9.230396281032983430e-02,6.272904872588304370e-02,1.546479957790865278e-01,4.537481996948393437e-02,3.793118199837437754e-02,4.402013489811341940e-02,3.157129208436122714e-02,6.381279678297945013e-02,6.461134798294522474e-02,1.206097508805452911e-01,5.182026894063627293e-02,1.938340439488356881e-01,1.297503101515821433e-01,5.002352874071328004e-02,1.419139561082036760e-01,2.810472428593837058e-01,1.710753347498110699e-01,2.207423674191110463e-01,1.713320119212286274e-01,4.362085929813053209e-02,1.175438846663909714e-01,4.694340268370242319e-02,3.265504014145764050e-02,4.290786715530394563e-02,2.809189042736748992e-02,5.062244214068761100e-02,1.809574058493875273e-02,1.105137821381208321e-02,5.519985169763429178e-02,2.680850457027963638e-02,4.578835541232335882e-02,3.552126855562051655e-02,4.101130805538522744e-02,1.497283499935830701e-02,1.059506324240306815e-02,3.482253625565046029e-02,5.460093829765996082e-02,7.566272619675731836e-02,1.929356738488741813e-02,7.155589145407617591e-02,1.072340182811185455e-01,1.309338771086742681e-01,2.334336275614242590e-02,1.555321060361914698e-01,8.233633265361416098e-02,1.119255065809174748e-01,9.227544312461676002e-02,1.691074764356096660e-01,5.377386741198111886e-02,6.282886762587876206e-02,5.478631625479487427e-02,3.140017397008285083e-02,5.950632424030687095e-02,6.262922982588732534e-02,1.179574201092303959e-01,7.048640323983629274e-02,1.913813509775122157e-01,1.742695395496741684e-01,4.115390648395055029e-02,1.243743493946696671e-01,3.800675916551399802e-01,1.709469961641022773e-01,2.314942889329359710e-01,1.547192949933691719e-01,4.102556789824176459e-02,1.231194832232948844e-01
4.648708771229341334e-03,9.254638013889086856e-03,6.830464728278694796e-03,2.851968571306344111e-03,1.394612631368802314e-02,1.955024455630498953e-02,1.872317367062615104e-02,0.000000000000000000e+00,2.660886677028819272e-02,1.565730745647183134e-02,1.561452792790223379e-02,1.083748057096410762e-02,2.672294551314044475e-02,7.728834828240192974e-03,6.602307242574186399e-03,7.500677342535685445e-03,5.361700914055926928e-03,1.106563805666861515e-02,1.099433884238595720e-02,2.076233119911018513e-02,9.097779742467237279e-03,3.342507165571035471e-02,2.255907139903318148e-02,8.798323042480071798e-03,2.432729191324311743e-02,4.839790665506866346e-02,2.960343377015985447e-02,3.783136309837865918e-02,2.928971722731615532e-02,7.472157656822621570e-03,2.020619732770544824e-02,7.999771842514295447e-03,5.604118242616966394e-03,7.372338756826899743e-03,4.819826885507721981e-03,8.612945085345160082e-03,3.094385899867383577e-03,1.868039414205655393e-03,9.511315185306658260e-03,4.620189085516277459e-03,7.885693099662041683e-03,6.145992271165171342e-03,6.901763942561352748e-03,2.552511871319178196e-03,1.811000042779528510e-03,6.188771799734767154e-03,9.354456913884808683e-03,1.304775621372652496e-02,3.308283542715359168e-03,1.226346485661728054e-02,1.828111854207366618e-02,2.245925249903745965e-02,4.049795371255008637e-03,2.659460692743165905e-02,1.393186647083149120e-02,1.933634691345701220e-02,1.619918148502003455e-02,2.903304005589858391e-02,9.126299428180301154e-03,1.103711837095555127e-02,9.397236442454404495e-03,5.347441071199394991e-03,1.033838607098549849e-02,1.076618135668144967e-02,2.037731544198382802e-02,1.254866171374791409e-02,3.296875668430133965e-02,3.070144167011279457e-02,7.215480485405051034e-03,2.137550444194104976e-02,6.605159211145493481e-02,2.943231565588147122e-02,3.968514266972777982e-02,2.662312661314472292e-02,6.987322999700543505e-03,2.116160679909307243e-02
3.813081979836582119e-02,7.670369472528412724e-02,5.802330058322757028e-02,2.300112652758566634e-02,1.162890184950161887e-01,1.625907282501746765e-01,1.545909564076603793e-01,2.660886677028819272e-02,0.000000000000000000e+00,1.323170818657578296e-01,1.327733968371668516e-01,8.920957691046244031e-02,2.207423674191110463e-01,6.501062358292811205e-02,5.517133201192123138e-02,6.344204086870962322e-02,4.520370185520555806e-02,9.149115176750752254e-02,9.455701798166184224e-02,1.745975159353743977e-01,7.386598599683431854e-02,2.797495971594393116e-01,1.874028548205398659e-01,7.176978909692414976e-02,2.036020363055599247e-01,4.074464899396808559e-01,2.463673050322985336e-01,3.158127397436080175e-01,2.476506908893864045e-01,6.302850542587021265e-02,1.689363583213313036e-01,6.677884409713805147e-02,4.697192236941549054e-02,6.214439516876524294e-02,4.065481198397193768e-02,7.289631668259015373e-02,2.593865415603120034e-02,1.581416572789367744e-02,7.862877351091590583e-02,3.862991429834443380e-02,6.617993069716371357e-02,5.096467836924437056e-02,5.973448172601138195e-02,2.124716585623226406e-02,1.515821295649321873e-02,4.982389094072183638e-02,7.860025382520284543e-02,1.095441128238766743e-01,2.755001639881928671e-02,1.024427110813238839e-01,1.535785075648466447e-01,1.866613429920002398e-01,3.306857558429705801e-02,2.240934304903959839e-01,1.171303492235515609e-01,1.607939880502516905e-01,1.314900109800790085e-01,2.415759978325038859e-01,7.808689948236770262e-02,9.096353758181584259e-02,7.857173413948978502e-02,4.460478845523122016e-02,8.568739572489911249e-02,9.140559271036832745e-02,1.707758780498238871e-01,9.939110471002610137e-02,2.760705577024541446e-01,2.495472499893051088e-01,5.855091476891924329e-02,1.786330514637728684e-01,5.476492649051007966e-01,2.466810215751422397e-01,3.327391732143111791e-01,2.236085958332739154e-01,5.943502502602421300e-02,1.766937128352845665e-01
2.255907139903318148e-02,4.563149714090150577e-02,3.426640238424572688e-02,1.378926804226617356e-02,7.089993868267571719e-02,9.629671881015870738e-02,9.257489982460392897e-02,1.565730745647183134e-02,1.323170818657578296e-01,0.000000000000000000e+00,7.961270266801659390e-02,5.303235558344147199e-02,1.308768377372481473e-01,3.927160722688836231e-02,3.214168579862249769e-02,3.754616624124802043e-02,2.646626834172287335e-02,5.401628474054216006e-02,5.619804069759151005e-02,1.021575142241932521e-01,4.400587505525688919e-02,1.634605786644231229e-01,1.091448372238937869e-01,4.186689862677712981e-02,1.207666091519671442e-01,2.392088639183196086e-01,1.438675545795485289e-01,1.877450910490966463e-01,1.459209719508891001e-01,3.699003236984328702e-02,9.990445905286124417e-02,3.954254424116246391e-02,2.787799278451951607e-02,3.680465441270837357e-02,2.375689819898184688e-02,4.419125301239180265e-02,1.581416572789367744e-02,9.368716756741340621e-03,4.695766252655896034e-02,2.310094542758138816e-02,3.918604816974916721e-02,3.003122905585580565e-02,3.592054415560340386e-02,1.310479558515265097e-02,8.883882099619261688e-03,2.900452037018552004e-02,4.665820582657179139e-02,6.411225348296661908e-02,1.658419724214639165e-02,6.170234004021275809e-02,9.027906512470232347e-02,1.110128766380994447e-01,1.970710282772683911e-02,1.314614912943659342e-01,7.145607255408045755e-02,9.535556918162761686e-02,7.783022231095013121e-02,1.441242317509661142e-01,4.677228456942404689e-02,5.263307998345858468e-02,4.631596959801503183e-02,2.707944158455373798e-02,5.053688308354841591e-02,5.375960756912458866e-02,9.970482125286979358e-02,5.872203288319762654e-02,1.617493975216393043e-01,1.452792790223451647e-01,3.378156772712364447e-02,1.059363725811741513e-01,3.212885194005162259e-01,1.437534758366962873e-01,1.994381621914526614e-01,1.317894676800661635e-01,3.480827641279393009e-02,1.038686953669770568e-01
2.254481155617665128e-02,4.526074122663168581e-02,3.436622128424144523e-02,1.376074835655311142e-02,7.003008826842728463e-02,9.676729362442425264e-02,9.230396281032983430e-02,1.561452792790223379e-02,1.327733968371668516e-01,7.961270266801659390e-02,0.000000000000000000e+00,5.363126898341580295e-02,1.313331527086571415e-01,3.894363084118813295e-02,3.266929998431417070e-02,3.741782765553923473e-02,2.670868567028391455e-02,5.387368631197684415e-02,5.648323755472214880e-02,1.031557032241504634e-01,4.403439474096995654e-02,1.639739330072582657e-01,1.102856246524163281e-01,4.242303249818187016e-02,1.203530737091277197e-01,2.409057852182469039e-01,1.454931766651931524e-01,1.874028548205398659e-01,1.467765625222809955e-01,3.713263079840860292e-02,1.003465141814137151e-01,3.968514266972777982e-02,2.802059121308483197e-02,3.724670954126085842e-02,2.419895332753433173e-02,4.399161521240035899e-02,1.571434682789795562e-02,9.511315185306658260e-03,4.677228456942404689e-02,2.292982731330300838e-02,3.952828439830593371e-02,3.041624481298215929e-02,3.562108745561624185e-02,1.283385857087854937e-02,8.883882099619261688e-03,2.914711879875083941e-02,4.680080425513710729e-02,6.463986766865828515e-02,1.639881928501147820e-02,6.123176522594721283e-02,9.093501789610278219e-02,1.111269553809517002e-01,1.956450439916151973e-02,1.326450582514580590e-01,7.114235601123675146e-02,9.604004163874113598e-02,7.854321445377672462e-02,1.436536569367005689e-01,4.652986724086300568e-02,5.323199338343291565e-02,4.661542629800219384e-02,2.665164629885778680e-02,5.049410355497882530e-02,5.444408002623810777e-02,1.004891126099790449e-01,5.869351319748456614e-02,1.628046258930226642e-01,1.467052633079983515e-01,3.435196144138491503e-02,1.055941363526173987e-01,3.236984328432700453e-01,1.451224207509233255e-01,1.983401542914997040e-01,1.322457826514751855e-01,3.516477248420722679e-02,1.045389079812340527e-01
1.571434682789795562e-02,3.060162277011707274e-02,2.287278794187688064e-02,9.382976599597872558e-03,4.762787514081594925e-02,6.472542672579748024e-02,6.272904872588304370e-02,1.083748057096410762e-02,8.920957691046244031e-02,5.303235558344147199e-02,5.364552882627233316e-02,0.000000000000000000e+00,8.891012021047528524e-02,2.612403211316611379e-02,2.235943359904173783e-02,2.476934704179559882e-02,1.792462247066037295e-02,3.622000085559057281e-02,3.727522922697391883e-02,6.853280476849145375e-02,3.074422119868239212e-02,1.099576482667160987e-01,7.499251358250032251e-02,2.917563848446389982e-02,8.078200978225219542e-02,1.627333266787399924e-01,9.753732513867696685e-02,1.257575541517532425e-01,9.758010466724656440e-02,2.459822892751721904e-02,6.760591498281688649e-02,2.716500064169292961e-02,1.895133115633065857e-02,2.516862264177848613e-02,1.641307912786801187e-02,2.954639439873372672e-02,1.060932308525960009e-02,6.359889914013147801e-03,3.228428422718781360e-02,1.561452792790223379e-02,2.685128409884923045e-02,2.077659104196671880e-02,2.374263835612531667e-02,8.784063199623539861e-03,5.932094628317195750e-03,2.073381151339712125e-02,3.140017397008285083e-02,4.330714275528683987e-02,1.119397664237740085e-02,4.178133956963794166e-02,6.087526915453391613e-02,7.529197028248749146e-02,1.363240977084432572e-02,8.872474225334037179e-02,4.745675702653756600e-02,6.468264719722788270e-02,5.454389892623383307e-02,9.733768733868553014e-02,3.088681962724770802e-02,3.676187488413877602e-02,3.121479601294793738e-02,1.801018152779956458e-02,3.410954411282387383e-02,3.610592211273831731e-02,6.702126142569908573e-02,4.190967815534672736e-02,1.098293096810073199e-01,1.011593252242360269e-01,2.411339427039514011e-02,7.114235601123675146e-02,2.209420052191024830e-01,9.777974246723801499e-02,1.332582314942889201e-01,8.833972649621400774e-02,2.341466197042508732e-02,7.089993868267571719e-02
3.798822136980050529e-02,7.643275771101001870e-02,5.711067064040954017e-02,2.342892181328161752e-02,1.170733098521254262e-01,1.624338699787528373e-01,1.546479957790865278e-01,2.672294551314044475e-02,2.207423674191110463e-01,1.308768377372481473e-01,1.313331527086571415e-01,8.891012021047528524e-02,0.000000000000000000e+00,6.458282829723216434e-02,5.452963908337730287e-02,6.291442668301795715e-02,4.486146562664879156e-02,9.116317538180729318e-02,9.243230139603861306e-02,1.720307442211986837e-01,7.416544269682148749e-02,2.764413136167239160e-01,1.857629728920387191e-01,7.162719066835883386e-02,2.027607055770245525e-01,4.013290173542287675e-01,2.436008955181313829e-01,3.146006531008028184e-01,2.447987223180800587e-01,6.234403296875668660e-02,1.680379882213698106e-01,6.670754488285539352e-02,4.640152865515421998e-02,6.148844239736478423e-02,4.032683559827170833e-02,7.219758438262009748e-02,2.569623682747016261e-02,1.572860667075448929e-02,7.884267115376387969e-02,3.844453634120952035e-02,6.536711965434141569e-02,5.066522166925720161e-02,5.843683602606699473e-02,2.121864617051920018e-02,1.508691374221056078e-02,4.996648936928715229e-02,7.798708058237198426e-02,1.081038686953669781e-01,2.759279592738888079e-02,1.019293567384887411e-01,1.525803185648894056e-01,1.868324611062786023e-01,3.322543385571891106e-02,2.214553595619376258e-01,1.171303492235515609e-01,1.600239565359989624e-01,1.318179873657792378e-01,2.412337616039471333e-01,7.686055299670598029e-02,9.009368716756741002e-02,7.820097822521995812e-02,4.439089081238324630e-02,8.514552169635090928e-02,8.979423046758024107e-02,1.677385315213826278e-01,1.007457897813966025e-01,2.722204001311905319e-01,2.490624153321830403e-01,5.892167068318907019e-02,1.776206026209591060e-01,5.432144537767193970e-01,2.434440372467095437e-01,3.301866613429920161e-01,2.206853280476849255e-01,5.859369429748884084e-02,1.758238624210361201e-01
1.083748057096410762e-02,2.231665407047214375e-02,1.669827598499864368e-02,6.687866299713377156e-03,3.381008741283671182e-02,4.759935545510288191e-02,4.537481996948393437e-02,7.728834828240192974e-03,6.501062358292811205e-02,3.927160722688836231e-02,3.894363084118813295e-02,2.612403211316611379e-02,6.458282829723216434e-02,0.000000000000000000e+00,1.574286651361101949e-02,1.850927602777817371e-02,1.326165385657450055e-02,2.658034708457512885e-02,2.739315812739743713e-02,5.073652088353986650e-02,2.138976428479757996e-02,8.089608852510445092e-02,5.394498552625950211e-02,2.073381151339712125e-02,5.899296989747172815e-02,1.174012862378256555e-01,7.188386783977640526e-02,9.179060846749469149e-02,7.202646626834172117e-02,1.819555948493447456e-02,4.885422162647767852e-02,1.956450439916151973e-02,1.353259087084860389e-02,1.776776419923852338e-02,1.169307114235601172e-02,2.109030758481041448e-02,7.643275771101002217e-03,4.577409556946682515e-03,2.291556747044647471e-02,1.110841758523821096e-02,1.899411068490025264e-02,1.483023657079298938e-02,1.726866969925991424e-02,6.302850542587020918e-03,4.420551285524833805e-03,1.424558301367518862e-02,2.278722888473768901e-02,3.175667004149614059e-02,8.014031685370827385e-03,2.973177235586863670e-02,4.487572546950532870e-02,5.454389892623383307e-02,9.668173456728506102e-03,6.502488342578464919e-02,3.466567798422861418e-02,4.688636331227629545e-02,3.831619775550073465e-02,7.042936386841017193e-02,2.261611077045930923e-02,2.598143368460079441e-02,2.300112652758566634e-02,1.319035464229184260e-02,2.476934704179559882e-02,2.656608724171859517e-02,4.970981219786958089e-02,2.880488257019407639e-02,7.982660031086456776e-02,7.244000171118114562e-02,1.698347284212927896e-02,5.184878862634934027e-02,1.579990588503714655e-01,7.174126941121108936e-02,9.693841173870264283e-02,6.506766295435424674e-02,1.732570907068604199e-02,5.124987522637500237e-02
9.511315185306658260e-03,1.879447288490880899e-02,1.427410269938825249e-02,5.718196985469220159e-03,2.853394555591997478e-02,4.026979622684558058e-02,3.793118199837437754e-02,6.602307242574186399e-03,5.517133201192123138e-02,3.214168579862249769e-02,3.266929998431417070e-02,2.235943359904173783e-02,5.452963908337730287e-02,1.574286651361101949e-02,0.000000000000000000e+00,1.547192949933691788e-02,1.126527585666005880e-02,2.264463045617237311e-02,2.311520527043791837e-02,4.313602464100845663e-02,1.848075634206510984e-02,6.864688351134370925e-02,4.672950504085444934e-02,1.816703979922141415e-02,4.982389094072183638e-02,1.006317110385443608e-01,6.111768648309495733e-02,7.734538765382804881e-02,6.093230852596004388e-02,1.538637044219772626e-02,4.199523721248591551e-02,1.634177991358535392e-02,1.160751208521682010e-02,1.540063028505425820e-02,1.008170889956792708e-02,1.771072482781239910e-02,6.331370228300083926e-03,3.949976471259286810e-03,1.950746502773539545e-02,9.397236442454404495e-03,1.654141771357679758e-02,1.267700029945669979e-02,1.434540191367091218e-02,5.233362328347141226e-03,3.636259928415588958e-03,1.261996092803057377e-02,1.929356738488741813e-02,2.695110299884495228e-02,6.773425356852567913e-03,2.495472499893051227e-02,3.766024498410027593e-02,4.575983572661029147e-02,8.327748228214524803e-03,5.464371782622955837e-02,2.866228414162876048e-02,3.949976471259286637e-02,3.343933149856688491e-02,5.949206439745034075e-02,1.868039414205655349e-02,2.291556747044647471e-02,1.950746502773539545e-02,1.080896088525104375e-02,2.123290601337573386e-02,2.247351234189399333e-02,4.199523721248591551e-02,2.526844154177420795e-02,6.797667089708671340e-02,6.281460778302222492e-02,1.485875625650605325e-02,4.367789866955665984e-02,1.367518929941392014e-01,6.100360774024270183e-02,8.118128538223508273e-02,5.490039499764712283e-02,1.441670112795357013e-02,4.382049709812197574e-02
1.073766167096838579e-02,2.207423674191110255e-02,1.655567755643332778e-02,6.573787556861123392e-03,3.308283542715359515e-02,4.655838692657606609e-02,4.402013489811341940e-02,7.500677342535685445e-03,6.344204086870962322e-02,3.754616624124802043e-02,3.741782765553923473e-02,2.476934704179559882e-02,6.291442668301795715e-02,1.850927602777817371e-02,1.547192949933691788e-02,0.000000000000000000e+00,1.274829951373935774e-02,2.603847305602692216e-02,2.670868567028391455e-02,4.973833188358264129e-02,2.060547292768833555e-02,7.964122235372966818e-02,5.358848945484620541e-02,2.023471701341851212e-02,5.803756042608410742e-02,1.152765696522024264e-01,7.012990716842300298e-02,9.056426198183295528e-02,7.099975758267143555e-02,1.808148074208222253e-02,4.832660744078600551e-02,1.903689021346984672e-02,1.340425228513981819e-02,1.763942561352973767e-02,1.147917349950803613e-02,2.069103198482752717e-02,7.372338756826899743e-03,4.463330814094428750e-03,2.235943359904173783e-02,1.095155931381636139e-02,1.868039414205655349e-02,1.435966175652744238e-02,1.692643347070315121e-02,6.103212742595576397e-03,4.363511914098706923e-03,1.407446489939680884e-02,2.233091391332867395e-02,3.135739444151325328e-02,7.914212785375105558e-03,2.906155974161164779e-02,4.404865458382648674e-02,5.303235558344147199e-02,9.268897856745618793e-03,6.375575741155332932e-02,3.338229212714075717e-02,4.540333965519700171e-02,3.669057566985611807e-02,6.870392288276983006e-02,2.227387454190254967e-02,2.573901635603975668e-02,2.273018951331156473e-02,1.269126014231323173e-02,2.444137065609536946e-02,2.595291399888773054e-02,4.879718225505155077e-02,2.773539435595419669e-02,7.867155303948550338e-02,7.095697805410183800e-02,1.644159881358107575e-02,5.086485946924865220e-02,1.548761532647910111e-01,6.964507251130092058e-02,9.474239593879675569e-02,6.412651332582315622e-02,1.685513425642049326e-02,5.019464685499165635e-02
7.643275771101002217e-03,1.567156729932836154e-02,1.193548847091705119e-02,4.805567042651190043e-03,2.371411867041225280e-02,3.313987479857972290e-02,3.157129208436122714e-02,5.361700914055926928e-03,4.520370185520555806e-02,2.646626834172287335e-02,2.670868567028391455e-02,1.792462247066037295e-02,4.486146562664879156e-02,1.326165385657450055e-02,1.126527585666005880e-02,1.274829951373935774e-02,0.000000000000000000e+00,1.856631539920430146e-02,1.913670911346556855e-02,3.520755201277681740e-02,1.501561452792790283e-02,5.668287535471359245e-02,3.801674105551356569e-02,1.441670112795357013e-02,4.118242616966361069e-02,8.140944286793959372e-02,4.989519015500449434e-02,6.434041096867113008e-02,5.000926889785674290e-02,1.296219715658733507e-02,3.422362285567612933e-02,1.327591369943103249e-02,9.382976599597872558e-03,1.246310265660872420e-02,8.028291528227359322e-03,1.477319719936686336e-02,5.247622171203673164e-03,3.194204799863105404e-03,1.564304761361529766e-02,7.728834828240192974e-03,1.336147275657022238e-02,1.015300811385058503e-02,1.199252784234317720e-02,4.292212699816048103e-03,3.051606371297788198e-03,1.005318921385486321e-02,1.581416572789367744e-02,2.214553595619376397e-02,5.604118242616966394e-03,2.079085088482324900e-02,3.101515821295649372e-02,3.784562294123518938e-02,6.716385985426441031e-03,4.524648138377514867e-02,2.388523678469063258e-02,3.255522124146192214e-02,2.650904787029247089e-02,4.913941848360831033e-02,1.587120509931980519e-02,1.836667759921285781e-02,1.607084289931124885e-02,9.012220685328047390e-03,1.735422875639910587e-02,1.833815791349979393e-02,3.456585908423288889e-02,2.019193748484891804e-02,5.552782808333452114e-02,5.070800119782679916e-02,1.170733098521254366e-02,3.593480399845993406e-02,1.097580104667246620e-01,4.978111141215223884e-02,6.786259215423445790e-02,4.533204044091434376e-02,1.197826799948664526e-02,3.573516619846849041e-02
1.552896887076304390e-02,3.184222909863533568e-02,2.371411867041225280e-02,9.568354556732784275e-03,4.757083576938982150e-02,6.720663938283399919e-02,6.381279678297945013e-02,1.106563805666861515e-02,9.149115176750752254e-02,5.401628474054216006e-02,5.387368631197684415e-02,3.622000085559057281e-02,9.116317538180729318e-02,2.658034708457512885e-02,2.264463045617237311e-02,2.603847305602692216e-02,1.856631539920430146e-02,0.000000000000000000e+00,3.804526074122663304e-02,7.158441113978923631e-02,3.035920544155603501e-02,1.156188058807591929e-01,7.765910419667175490e-02,2.954639439873372672e-02,8.369101772498467595e-02,1.659417913214596418e-01,1.017439787813538277e-01,1.304775621372652461e-01,1.020006559527713991e-01,2.619533132744877174e-02,6.951673392559214182e-02,2.739315812739743713e-02,1.910818942775250467e-02,2.516862264177848613e-02,1.645585865643760595e-02,2.951787471302066285e-02,1.056654355669000601e-02,6.488228499721932635e-03,3.218446532719209524e-02,1.558600824218917165e-02,2.685128409884923045e-02,2.076233119911018513e-02,2.404209505611248215e-02,8.727023828197413846e-03,6.274330856873957044e-03,2.064825245625793310e-02,3.209890627005290709e-02,4.500406405521411440e-02,1.135083491379925043e-02,4.185263878392059961e-02,6.322814322586164937e-02,7.656109629671881134e-02,1.377500819940964336e-02,9.166226988178589885e-02,4.781325309795086270e-02,6.579491494003736340e-02,5.403054458339869026e-02,9.914868738146505323e-02,3.168537082721348264e-02,3.753190639839149023e-02,3.296875668430133965e-02,1.816703979922141415e-02,3.549274886990745614e-02,3.717541032697819353e-02,7.064326151125814579e-02,4.126798522680279885e-02,1.136224278808447563e-01,1.040112937955423728e-01,2.425599269896045601e-02,7.336689149685569900e-02,2.243501076618135692e-01,1.014160023956535983e-01,1.362527984941605819e-01,9.218988406747757880e-02,2.437007144181271151e-02,7.246852139689420602e-02
1.554322871361957584e-02,3.188500862720492629e-02,2.442711081323883926e-02,9.596874242445848149e-03,4.872588304076889282e-02,6.843298586849573539e-02,6.461134798294522474e-02,1.099433884238595720e-02,9.455701798166184224e-02,5.619804069759151005e-02,5.648323755472214880e-02,3.727522922697391883e-02,9.243230139603861306e-02,2.739315812739743713e-02,2.311520527043791837e-02,2.670868567028391455e-02,1.913670911346556855e-02,3.804526074122663304e-02,0.000000000000000000e+00,7.396580489683003690e-02,3.068718182725626437e-02,1.165742153521468205e-01,7.857173413948978502e-02,2.974603219872517038e-02,8.490310436778986114e-02,1.711181142783806397e-01,1.039970339526858356e-01,1.326165385657450124e-01,1.042679709669599442e-01,2.672294551314044475e-02,7.158441113978923631e-02,2.756427624167581691e-02,1.994952015628787684e-02,2.630941007030102377e-02,1.711181142783806466e-02,3.112923695580874575e-02,1.112267742809474290e-02,6.759165513996035976e-03,3.255522124146192214e-02,1.607084289931124885e-02,2.809189042736748992e-02,2.148958318479330526e-02,2.545381949890912140e-02,8.983700999614983515e-03,6.302850542587020918e-03,2.014915795627932049e-02,3.298301652715786986e-02,4.577409556946682168e-02,1.153621287093416214e-02,4.266544982674291137e-02,6.471116688294094310e-02,7.811541916808076302e-02,1.376074835655311142e-02,9.407218332453975984e-02,4.990944999786102454e-02,6.752035592567770528e-02,5.458667845480343062e-02,1.015586008242189142e-01,3.325395354143197146e-02,3.761746545553067839e-02,3.275485904145336580e-02,1.863761461348695941e-02,3.563534729847277205e-02,3.871547335548362195e-02,7.128495443980206736e-02,4.049795371255008464e-02,1.147061759379411627e-01,1.026993882527414553e-01,2.385671709897756870e-02,7.430804112538680339e-02,2.284426825616381607e-01,1.030416244812982218e-01,1.400173970082849717e-01,9.368716756741340967e-02,2.499750452750010635e-02,7.375190725398206304e-02
2.923267785589002757e-02,6.020505654027692721e-02,4.590243415517560738e-02,1.813852011350835028e-02,9.093501789610278219e-02,1.280819085373679223e-01,1.206097508805452911e-01,2.076233119911018513e-02,1.745975159353743977e-01,1.021575142241932521e-01,1.031557032241504634e-01,6.853280476849145375e-02,1.720307442211986837e-01,5.073652088353986650e-02,4.313602464100845663e-02,4.973833188358264129e-02,3.520755201277681740e-02,7.158441113978923631e-02,7.396580489683003690e-02,0.000000000000000000e+00,5.723900922611832587e-02,2.183894933477833200e-01,1.462204286508762552e-01,5.552782808333452114e-02,1.589972478503286768e-01,3.155560625721904322e-01,1.932493903917178735e-01,2.473797538751122960e-01,1.936771856774138212e-01,4.951017439787813723e-02,1.332011921228627993e-01,5.109301695495315626e-02,3.613444179845137771e-02,4.851198539792091202e-02,3.174241019863961039e-02,5.648323755472214880e-02,2.012063827056626009e-02,1.234902391375647043e-02,5.996263921171588601e-02,2.988863062729048628e-02,5.182026894063627293e-02,3.942846549831020841e-02,4.620189085516277633e-02,1.644159881358107575e-02,1.167881129949947978e-02,3.817359932693541874e-02,6.127454475451680344e-02,8.577295478203830759e-02,2.141828397051064384e-02,7.898526958232920947e-02,1.194404437663096896e-01,1.447088853080839010e-01,2.575327619889628689e-02,1.739986025354000598e-01,9.163375019607283845e-02,1.251158612232093070e-01,1.011878449099490873e-01,1.872032170205484292e-01,6.093230852596004388e-02,7.099975758267143555e-02,6.214439516876524294e-02,3.448030002709370073e-02,6.706404095426868328e-02,7.147033239693698081e-02,1.337573259942675397e-01,7.667517503957106684e-02,2.151382491764940730e-01,1.946325951488014627e-01,4.526074122663168581e-02,1.384773339797795433e-01,4.242018052961056274e-01,1.920658234346257487e-01,2.594008014031685128e-01,1.749397521639311504e-01,4.645856802658034773e-02,1.376930426226702919e-01
1.299071684230039721e-02,2.555363839890484323e-02,1.878021304205227532e-02,7.842913571092445871e-03,3.915752848403610681e-02,5.397350521197256251e-02,5.183452878349280313e-02,9.097779742467237279e-03,7.386598599683431854e-02,4.400587505525688919e-02,4.403439474096995654e-02,3.074422119868239212e-02,7.416544269682148749e-02,2.138976428479757996e-02,1.848075634206510984e-02,2.060547292768833555e-02,1.501561452792790283e-02,3.035920544155603501e-02,3.068718182725626437e-02,5.723900922611832587e-02,0.000000000000000000e+00,9.207580532462532330e-02,6.268626919731344616e-02,2.462674861323028291e-02,6.716385985426440164e-02,1.350549716942119338e-01,8.140944286793959372e-02,1.046957662526558919e-01,8.135240349651347291e-02,2.056269339911874147e-02,5.594136352617393865e-02,2.263037061331584290e-02,1.579990588503714724e-02,2.051991387054914739e-02,1.344703181370941227e-02,2.412765411325167031e-02,8.655724613914754159e-03,5.233362328347141226e-03,2.689406362741882453e-02,1.286237825659161151e-02,2.198867768477191439e-02,1.721163032783378649e-02,1.936486659917007608e-02,7.215480485405051034e-03,4.905385942646911870e-03,1.742552797068176382e-02,2.589587462746160626e-02,3.582072525560768550e-02,9.226118328176022981e-03,3.440900081281104278e-02,5.079356025496598731e-02,6.270052904016998330e-02,1.145065381379497226e-02,7.359504898256020999e-02,3.891511115547506561e-02,5.365978866912886336e-02,4.598799321231480247e-02,8.105294679652630396e-02,2.514010295606542572e-02,3.080126057010851640e-02,2.586735494174854239e-02,1.495857515650177508e-02,2.861950461305916293e-02,2.973177235586863670e-02,5.588432415474781784e-02,3.493661499850271579e-02,9.122021475323341400e-02,8.477476578208108238e-02,2.024897685627504232e-02,5.926390691174582975e-02,1.849929413777860188e-01,8.146648223936572841e-02,1.097294907810115877e-01,7.319577338257732269e-02,1.929356738488741813e-02,5.899296989747172815e-02
