0.000000000000000000e+00,2.031473533619456220e-02,1.402002861230329002e-02,7.114059045389517499e-03,2.634933021199115447e-02,3.420470802445051139e-02,3.705293276108726636e-02,5.774483027701911471e-03,4.263233190271816658e-02,2.399531798673429708e-02,3.110937703212381458e-02,1.874105865522174633e-02,5.561191312264273517e-02,1.716738197424892698e-02,1.442320197685004537e-02,1.314865392118610976e-02,9.194953830146963825e-03,1.969046690076732900e-02,1.989855637924307571e-02,3.676680972818311549e-02,1.738847704512940656e-02,5.325790089738587779e-02,4.453114839380933887e-02,1.982052282481467156e-02,4.656002080894784678e-02,9.946677071140590243e-02,5.662634933021198913e-02,7.361165301079464207e-02,5.784887501625698980e-02,1.330472103004291806e-02,4.121472233060215901e-02,1.339576017687605682e-02,7.166081415008453311e-03,1.555468851606190729e-02,9.572116009884249974e-03,1.805176225777084184e-02,6.151645207439198487e-03,3.680582650539732277e-03,1.282351411106775856e-02,9.949278189621537857e-03,1.109377032123813264e-02,9.025881128885420920e-03,1.309663155156717308e-02,3.485498764468721467e-03,2.991286253088828225e-03,1.169202757185589837e-02,2.002861230329041481e-02,1.844193002991286259e-02,8.869814020028612619e-03,2.545194433606450674e-02,3.601248536870854666e-02,3.922486669267784970e-02,1.046950188581089944e-02,4.524645597606970909e-02,2.848224736636753920e-02,3.315125503966705883e-02,2.914553257900897448e-02,5.600208089478475593e-02,1.875406424762647919e-02,1.411106775913642877e-02,1.456626349330211907e-02,8.453635063077122661e-03,1.906619846534009580e-02,1.922226557419690410e-02,3.045909741188711217e-02,2.143321628300168952e-02,5.034464819872545155e-02,5.051372089998699272e-02,1.891013135648328750e-02,4.051242034074652165e-02,1.194693718298868446e-01,5.779685264663805139e-02,7.595265964364676659e-02,5.310183378852906949e-02,1.469631941734945990e-02,4.075952659643646697e-02
2.031473533619456220e-02,0.000000000000000000e+00,2.386526206268695452e-02,1.216022889842632328e-02,4.424502536090518801e-02,5.753674079854337320e-02,6.206268695539082086e-02,9.507088047860580426e-03,7.214202106905968914e-02,4.007023019898556249e-02,5.237352061386395946e-02,3.120041617895695160e-02,9.374431005332292677e-02,2.943165561191312188e-02,2.442450253609051991e-02,2.238262452854727566e-02,1.561971647808557684e-02,3.348940044219014117e-02,3.394459617635583321e-02,6.284302249967485543e-02,2.931460528027051565e-02,9.041487839771102097e-02,7.548445831707634168e-02,3.295617115359604499e-02,7.903498504356873400e-02,1.665756275198335412e-01,9.637143971907920215e-02,1.242814410196384500e-01,9.829626739497984711e-02,2.262973078423722098e-02,6.998309272987385254e-02,2.233060215892834072e-02,1.209520093640265373e-02,2.627129665756275032e-02,1.598387306541812838e-02,3.096631551567173915e-02,1.059955780985823853e-02,6.125634022629731015e-03,2.121212121212121340e-02,1.675120301729743702e-02,1.874105865522174633e-02,1.496943685784887443e-02,2.233060215892834072e-02,5.800494212511379810e-03,5.020158668227337438e-03,1.950838860710105496e-02,3.420470802445051139e-02,3.133047210300429070e-02,1.493042008063467235e-02,4.302249967486018734e-02,6.124333463389257382e-02,6.640655481857198061e-02,1.737547145272467022e-02,7.671998959552607522e-02,4.776954090258811458e-02,5.575497463909481061e-02,4.879698270256210141e-02,9.401742749382234476e-02,3.186370139159838688e-02,2.387826765509169086e-02,2.484068149304200640e-02,1.429314605280270455e-02,3.214982442450253775e-02,3.242294186500194880e-02,5.268565483157757606e-02,3.557029522694758750e-02,8.655221745350501206e-02,8.571985953960202520e-02,3.178566783716998273e-02,6.853947197294836535e-02,2.027831967746130948e-01,9.819222265574197028e-02,1.286253088828196167e-01,9.070100143061515796e-02,2.491871504747041055e-02,6.866952789699570792e-02
1.402002861230329002e-02,2.386526206268695452e-02,0.000000000000000000e+00,8.739758095981271790e-03,3.139550006502796198e-02,4.088958252048380954e-02,4.364676811028742054e-02,6.476785017557549692e-03,5.074782156327220517e-02,2.830016907270126170e-02,3.719599427753934179e-02,2.234360775133307359e-02,6.593835349200155571e-02,2.121212121212121340e-02,1.737547145272467022e-02,1.623097932110807717e-02,1.122382624528547347e-02,2.382624528547275244e-02,2.498374300949408183e-02,4.506437768240343505e-02,2.036675770581350062e-02,6.423462088698139727e-02,5.381714137078943971e-02,2.292885940954610471e-02,5.583300819352321476e-02,1.164520743919885554e-01,6.853947197294836535e-02,8.709845233450383417e-02,6.976199765899336602e-02,1.563272207049030971e-02,4.959032383925087578e-02,1.554168292365717269e-02,8.518663025100793942e-03,1.901417609572116085e-02,1.128885420730914302e-02,2.253869163740408396e-02,7.608271556769410741e-03,4.304851085966965481e-03,1.487839771101573741e-02,1.219924567564052535e-02,1.385095591104174712e-02,1.069059695669137729e-02,1.619196254389387510e-02,3.979711275848615143e-03,3.732605020158668088e-03,1.381193913382754504e-02,2.425542983482897527e-02,2.248666926778514902e-02,1.071660814150084476e-02,3.032904148783976961e-02,4.337365066978800948e-02,4.726232279880348414e-02,1.216022889842632328e-02,5.394719729483678228e-02,3.361945636623748374e-02,3.958902328001040472e-02,3.527116660163870376e-02,6.643256600338146023e-02,2.304590974118871094e-02,1.729743789829626607e-02,1.767460007803355396e-02,1.006632852126414408e-02,2.274678111587982721e-02,2.313694888802184796e-02,3.741708934841982137e-02,2.478865912342307146e-02,6.048901027441799805e-02,6.145142411236832053e-02,2.308492651840291301e-02,4.821173104434906681e-02,1.452594615684744406e-01,6.999609832227858541e-02,9.085706853947196626e-02,6.427363766419560975e-02,1.736246586031993736e-02,4.821173104434906681e-02
7.114059045389517499e-03,1.216022889842632328e-02,8.739758095981271790e-03,0.000000000000000000e+00,1.615294576667967302e-02,2.061386396150344594e-02,2.283782026271296769e-02,3.394459617635583147e-03,2.580309533099232541e-02,1.450123553127844953e-02,1.894914813369748957e-02,1.140590453895174924e-02,3.438678631811679237e-02,1.074261932631031397e-02,8.908830797242814695e-03,8.258551177006112284e-03,5.722460658082975660e-03,1.216022889842632328e-02,1.245935752373520528e-02,2.265574196904669019e-02,1.071660814150084476e-02,3.214982442450253775e-02,2.727272727272727140e-02,1.190011705033164335e-02,2.839120821953439872e-02,6.037195994277539529e-02,3.468591494342567610e-02,4.451814280140460600e-02,3.560931200416178610e-02,7.777344258030953646e-03,2.537391078163610258e-02,8.336584731434516435e-03,4.473923787228508385e-03,9.806216673169462425e-03,5.969566913772922714e-03,1.139289894654701464e-02,3.901677721420210559e-03,2.236961893614254192e-03,7.933411366887761079e-03,6.346729093510209731e-03,6.944986344127975463e-03,5.592404734035635698e-03,8.102484068149303983e-03,2.197945116400052117e-03,1.872805306281701129e-03,7.153075822603719575e-03,1.216022889842632328e-02,1.123683183769020634e-02,5.514371179607230680e-03,1.577578358694238514e-02,2.200546234880998778e-02,2.461958642216153029e-02,6.385745870724411806e-03,2.754584471322668593e-02,1.766159448562882109e-02,2.056184159188451099e-02,1.810378462738977678e-02,3.437378072571205950e-02,1.157497724021329215e-02,8.778774873195473866e-03,8.947847574457016770e-03,5.241253739107816154e-03,1.170503316426063124e-02,1.174404994147483332e-02,1.871504747041227712e-02,1.301859799713876893e-02,3.038106385745870802e-02,3.127844973338535228e-02,1.184809468071270667e-02,2.473663675380413651e-02,7.422291585381714241e-02,3.540122252568604633e-02,4.662504877097151806e-02,3.246195864221615435e-02,8.739758095981271790e-03,2.469761997658993444e-02
2.634933021199115447e-02,4.424502536090518801e-02,3.139550006502796198e-02,1.615294576667967302e-02,0.000000000000000000e+00,7.518532969176745795e-02,8.359994797763038721e-02,1.243334633892573780e-02,9.474574066848745479e-02,5.337495122902848055e-02,6.980101443620756463e-02,4.204708024450513892e-02,1.251398101183509026e-01,3.883469892053582895e-02,3.192872935362205816e-02,2.984783456886461184e-02,2.100403173364546669e-02,4.408895825204837970e-02,4.572766289504486686e-02,8.254649499284692771e-02,3.887371569775003449e-02,1.172974378982962612e-01,9.921966445571596405e-02,4.337365066978800948e-02,1.034985043568734525e-01,2.183769020678892059e-01,1.262582910651580126e-01,1.632982182338405530e-01,1.293406164650799939e-01,2.918454935622317656e-02,9.179347119261282995e-02,3.008193523214982429e-02,1.623097932110807717e-02,3.518012745480556674e-02,2.162830016907269989e-02,4.169592924957731678e-02,1.433216283001690662e-02,8.076472883339836512e-03,2.901547665496163192e-02,2.265574196904669019e-02,2.481467030823254066e-02,2.013265704252828817e-02,3.015996878657822844e-02,7.972428144101963154e-03,6.736896865652230483e-03,2.629730784237221952e-02,4.420600858369098940e-02,4.077253218884119984e-02,2.006762908050461688e-02,5.806997008713746938e-02,8.008843802835219350e-02,9.003771621797372615e-02,2.311093770321238222e-02,1.008713746911171771e-01,6.452074391988554813e-02,7.482117310443490987e-02,6.619846534009624084e-02,1.254519443360645192e-01,4.280140460397971469e-02,3.120041617895695160e-02,3.240993627259721593e-02,1.913122642736376708e-02,4.243724801664715968e-02,4.256730394069449530e-02,6.838340486409155705e-02,4.744440109246976511e-02,1.111587982832618060e-01,1.133437378072571222e-01,4.239823123943295413e-02,9.054493432175834966e-02,2.677071140590454035e-01,1.291195213941994935e-01,1.694498634412797411e-01,1.186500195083886045e-01,3.265704252828716125e-02,8.940044219014176008e-02
3.420470802445051139e-02,5.753674079854337320e-02,4.088958252048380954e-02,2.061386396150344594e-02,7.518532969176745795e-02,0.000000000000000000e+00,1.053452984783456864e-01,1.597086747301339552e-02,1.214592274678111539e-01,6.782416439068800207e-02,8.868513460788138292e-02,5.317986734295747364e-02,1.580699700871374680e-01,5.050071530758225985e-02,4.116269996098322059e-02,3.834048640915593831e-02,2.659643646768110326e-02,5.674339966185459883e-02,5.853817141370789429e-02,1.069189751593185023e-01,4.907010014306151940e-02,1.532709064897906093e-01,1.283391858499154659e-01,5.535180127454805699e-02,1.340746521004031744e-01,2.804916113928989652e-01,1.632852126414358063e-01,2.100143061516452081e-01,1.666016387046430069e-01,3.810638574587072586e-02,1.181558069970087138e-01,3.774222915853817084e-02,2.047080244505137051e-02,4.454415398621407174e-02,2.710365457146573023e-02,5.338795682143321342e-02,1.806476785017557471e-02,1.019638444531148318e-02,3.615554688516062209e-02,2.866432566003381324e-02,3.203277409285992805e-02,2.539992196644557179e-02,3.848354792560801374e-02,9.780205488359994953e-03,8.596696579529198093e-03,3.294316556119131212e-02,5.764078553778124309e-02,5.307582260371959681e-02,2.546494992846924307e-02,7.289634542853426491e-02,1.037716217973728705e-01,1.128755364806866973e-01,2.932761087267525199e-02,1.295357003511510008e-01,8.011444921316165924e-02,9.448562882039276967e-02,8.310573546625048269e-02,1.596306411757055510e-01,5.481857198595396080e-02,4.038236441669917909e-02,4.207309142931460466e-02,2.378722850825855037e-02,5.396020288724151515e-02,5.489660554038236495e-02,8.924437508128495178e-02,5.979971387696709356e-02,1.455195734165691257e-01,1.454415398621407285e-01,5.384315255559890545e-02,1.156717388477045139e-01,3.433476394849785396e-01,1.665366107426193287e-01,2.177266224476524792e-01,1.538431525555989110e-01,4.224216413057614583e-02,1.160619066198465277e-01
3.705293276108726636e-02,6.206268695539082086e-02,4.364676811028742054e-02,2.283782026271296769e-02,8.359994797763038721e-02,1.053452984783456864e-01,0.000000000000000000e+00,1.766159448562882109e-02,1.319417349460267896e-01,7.443100533229288218e-02,9.764598777474313429e-02,5.881128885420731228e-02,1.749252178436727923e-01,5.489660554038236495e-02,4.447912602419040046e-02,4.217713616855247455e-02,2.918454935622317656e-02,6.184159188451034128e-02,6.340226297307842429e-02,1.151124983743009450e-01,5.438938743659773450e-02,1.640655481857198617e-01,1.391338275458447182e-01,6.097021719339315582e-02,1.454025230849265160e-01,3.059825725061776636e-01,1.763038106385745873e-01,2.290544934321758486e-01,1.805696449473273568e-01,4.074652100403173410e-02,1.288984263233190208e-01,4.239823123943295413e-02,2.266874756145142306e-02,4.891403303420471110e-02,3.013395760176875923e-02,5.847314345168422300e-02,2.008063467290934975e-02,1.132787098452334509e-02,4.104564962934061784e-02,3.190271816881259243e-02,3.477695409025881312e-02,2.850825855117700494e-02,4.215112498374300881e-02,1.134087657692807970e-02,9.468071270646378351e-03,3.689686565223045805e-02,6.177656392248667000e-02,5.678241643906879743e-02,2.820912992586812468e-02,8.128495252958772843e-02,1.120431785667837105e-01,1.259331512550396770e-01,3.253999219664455850e-02,1.410456496293406303e-01,9.055793991416309641e-02,1.045909741188711106e-01,9.266484588373000153e-02,1.761997658993367244e-01,6.011184809468071016e-02,4.332162830016907107e-02,4.525946156847444196e-02,2.685654831577578491e-02,5.963064117570555239e-02,5.947457406684874409e-02,9.487579659253478348e-02,6.626349330211990518e-02,1.551177006112628431e-01,1.584211210820652971e-01,5.940954610482507281e-02,1.268695539081805268e-01,3.748471842892443506e-01,1.799323709194953769e-01,2.377422291585381819e-01,1.655481857198595474e-01,4.537651190011705166e-02,1.252438548575887656e-01
5.774483027701911471e-03,9.507088047860580426e-03,6.476785017557549692e-03,3.394459617635583147e-03,1.243334633892573780e-02,1.597086747301339552e-02,1.766159448562882109e-02,0.000000000000000000e+00,1.988555078683833938e-02,1.130185979971387762e-02,1.467030823253999243e-02,8.856808427623878016e-03,2.631031343477695239e-02,8.167512030172973531e-03,6.853947197294836709e-03,6.242684354272337241e-03,4.330862270776433820e-03,9.233970607361165900e-03,9.377032123813239597e-03,1.721940434386786192e-02,8.453635063077122661e-03,2.487969827025620848e-02,2.103004291845493590e-02,9.442060085836909145e-03,2.186240083235791234e-02,4.713226687475614851e-02,2.649239172844322990e-02,3.477695409025881312e-02,2.722070490310833646e-02,6.164650799843933091e-03,1.945636623748211655e-02,6.294706723891273052e-03,3.472493172063987731e-03,7.335154116269996215e-03,4.512940564442710460e-03,8.596696579529198093e-03,3.004291845493562395e-03,1.677721420210690536e-03,5.956561321368188111e-03,4.721030042918454572e-03,5.267264923917284493e-03,4.239823123943295934e-03,6.216673169462868902e-03,1.690727012615424706e-03,1.404603979711275792e-03,5.618415918845103170e-03,9.351020939003772126e-03,8.479646247886591867e-03,4.252828716348029670e-03,1.208219534399791913e-02,1.703732605020158788e-02,1.863701391598387297e-02,4.890102744179997477e-03,2.134217713616855250e-02,1.331772662244765267e-02,1.554168292365717269e-02,1.365587202497073674e-02,2.627129665756275032e-02,8.908830797242814695e-03,6.593835349200155918e-03,6.866952789699570445e-03,3.875666536610742653e-03,9.025881128885420920e-03,8.895825204838080091e-03,1.433216283001690662e-02,1.022239563012095238e-02,2.381323969306801958e-02,2.378722850825855037e-02,8.856808427623878016e-03,1.922226557419690410e-02,5.632722070490310540e-02,2.702562101703732608e-02,3.568734555859019719e-02,2.506177656392248598e-02,6.775913642866432558e-03,1.922226557419690410e-02
4.263233190271816658e-02,7.214202106905968914e-02,5.074782156327220517e-02,2.580309533099232541e-02,9.474574066848745479e-02,1.214592274678111539e-01,1.319547405384315364e-01,1.988555078683833938e-02,0.000000000000000000e+00,8.501755754974639478e-02,1.117310443490700939e-01,6.660163870464300140e-02,1.983092729873845717e-01,6.340226297307842429e-02,5.164520743919885637e-02,4.810768630511119692e-02,3.368448432826115502e-02,7.142671348679932586e-02,7.345558590193783377e-02,1.338665626219274207e-01,6.163350240603459457e-02,1.917934711926128355e-01,1.600468201326570306e-01,6.928079074001820825e-02,1.682273377552347404e-01,3.509949278189621324e-01,2.043828846403953625e-01,2.630771231629600582e-01,2.084146182858629126e-01,4.756145142411236787e-02,1.479516191962543803e-01,4.702822213551827168e-02,2.551697229808817802e-02,5.596306411757055732e-02,3.408765769280790864e-02,6.723891273247496747e-02,2.262973078423722098e-02,1.295357003511509938e-02,4.492131616595135962e-02,3.609051892313695081e-02,3.994017427493822686e-02,3.178566783716998273e-02,4.854987644687215609e-02,1.232930159968786618e-02,1.075562491871504683e-02,4.170893484198204965e-02,7.208999869944075767e-02,6.615944856288204223e-02,3.179867342957471560e-02,9.198855507868383685e-02,1.292365717258421032e-01,1.422681753153856032e-01,3.666276498894524560e-02,1.626089218363896416e-01,1.011965145012355266e-01,1.190271816881258993e-01,1.043178566783717065e-01,2.005852516582130318e-01,6.905969566913773561e-02,5.038366497593965709e-02,5.250357653791130202e-02,3.019898556379243051e-02,6.794121472233059789e-02,6.882559500585251622e-02,1.120431785667837105e-01,7.514631291455325934e-02,1.820652880738717616e-01,1.824684614384185222e-01,6.730394069449863181e-02,1.455065678241643790e-01,4.301859799713876886e-01,2.088698140200286046e-01,2.733905579399141805e-01,1.927298738457536853e-01,5.316686175055274077e-02,1.441279750292625839e-01
2.399531798673429708e-02,4.007023019898556249e-02,2.830016907270126170e-02,1.450123553127844953e-02,5.337495122902848055e-02,6.782416439068800207e-02,7.443100533229288218e-02,1.130185979971387762e-02,8.501755754974639478e-02,0.000000000000000000e+00,6.320717908700741738e-02,3.753413968006242413e-02,1.111587982832618060e-01,3.567433996618545738e-02,2.888542073091429283e-02,2.685654831577578491e-02,1.878007543243594840e-02,3.990115749772402132e-02,4.111067759136428912e-02,7.453505007153075901e-02,3.488099882949668301e-02,1.066458577188190981e-01,8.958252048380803412e-02,3.891273247496423310e-02,9.365327090648979669e-02,1.962543893874365841e-01,1.141370789439458966e-01,1.471192612823514212e-01,1.162309793211080827e-01,2.671348679932370948e-02,8.280660684094159896e-02,2.641435817401482575e-02,1.424112368318376960e-02,3.123943295617115368e-02,1.898816491091169165e-02,3.783326830537130786e-02,1.274548055663935441e-02,7.140070230198985839e-03,2.533489400442190051e-02,2.015866822733775390e-02,2.262973078423722098e-02,1.789569514891403354e-02,2.715567694108466518e-02,7.062036675770581688e-03,6.021589283391858526e-03,2.338405514371179675e-02,4.004421901417609675e-02,3.676680972818311549e-02,1.784367277929509860e-02,5.200936402653141138e-02,7.177786448172714107e-02,7.984133177266224124e-02,2.073091429314605216e-02,9.024580569644947980e-02,5.744570165171023618e-02,6.713486799323709064e-02,5.909741188711145621e-02,1.124723631161399368e-01,3.880868773572636321e-02,2.836519703472493298e-02,2.934061646507998486e-02,1.705033164260632075e-02,3.815840811548965733e-02,3.856158148003641789e-02,6.204968136298608106e-02,4.245025360905189254e-02,1.006762908050461702e-01,1.022239563012095204e-01,3.750812849525295839e-02,8.134998049161139277e-02,2.400312134217713611e-01,1.161269345818702059e-01,1.534009624138379380e-01,1.074001820782936600e-01,2.970477305241253640e-02,8.149304200806346821e-02
3.110937703212381458e-02,5.237352061386395946e-02,3.719599427753934179e-02,1.894914813369748957e-02,6.980101443620756463e-02,8.868513460788138292e-02,9.764598777474313429e-02,1.467030823253999243e-02,1.117310443490700939e-01,6.320717908700741738e-02,0.000000000000000000e+00,4.912212251268045088e-02,1.458577188190922080e-01,4.610482507478215475e-02,3.793731304460918469e-02,3.495903238392508716e-02,2.480166471582780433e-02,5.186630251007933595e-02,5.453244895304980994e-02,9.763298218233840142e-02,4.557159578618805856e-02,1.394719729483678006e-01,1.167251918324879734e-01,5.100793341136689030e-02,1.221875406424762639e-01,2.571985953960203020e-01,1.491741448822993810e-01,1.923397060736116437e-01,1.529847834568864584e-01,3.493302119911562142e-02,1.081024840681493043e-01,3.455585901937833354e-02,1.867603069319807504e-02,4.116269996098322059e-02,2.493172063987514689e-02,4.926518402913252631e-02,1.680322538691637543e-02,9.429054493432176276e-03,3.282611522954870936e-02,2.632331902718168873e-02,2.930159968786578278e-02,2.322798803485498845e-02,3.576537911301860134e-02,9.064897906099622996e-03,7.803355442840421118e-03,3.060215892833918414e-02,5.272467160879178161e-02,4.828976459877747096e-02,2.331902718168812547e-02,6.782416439068800207e-02,9.426453374951229702e-02,1.047860580049421314e-01,2.688255950058525065e-02,1.186110027311744058e-01,7.502926258291064965e-02,8.793081024840682103e-02,7.696709585121602748e-02,1.473273507608271471e-01,5.064377682403433528e-02,3.730003901677721168e-02,3.867863181167902065e-02,2.212251268045259400e-02,4.995448042658343080e-02,5.039667056834438996e-02,8.155806997008713255e-02,5.561191312264273517e-02,1.322278579789309405e-01,1.339055793991416332e-01,4.921316165951358790e-02,1.066718689036285639e-01,3.142931460528027299e-01,1.524905709455065816e-01,2.001430615164520865e-01,1.411236831837690275e-01,3.918584991546365109e-02,1.057744830277019127e-01
1.874105865522174633e-02,3.120041617895695160e-02,2.234360775133307359e-02,1.140590453895174924e-02,4.204708024450513892e-02,5.317986734295747364e-02,5.881128885420731228e-02,8.856808427623878016e-03,6.660163870464300140e-02,3.753413968006242413e-02,4.912212251268045088e-02,0.000000000000000000e+00,8.782676550916894420e-02,2.772792300689296344e-02,2.281180907790349849e-02,2.121212121212121340e-02,1.480036415658733326e-02,3.123943295617115368e-02,3.224086357133567476e-02,5.820002601118481195e-02,2.771491741448823057e-02,8.304070750422681835e-02,7.089348419820522273e-02,3.074522044479125957e-02,7.324749642346209400e-02,1.546625048770971511e-01,8.920535830407075317e-02,1.154116269996098287e-01,9.076602939263883618e-02,2.044479126024190477e-02,6.510599557809858273e-02,2.112108206528807292e-02,1.144492131616595132e-02,2.494472623227987976e-02,1.519053192872935401e-02,2.947067238912732395e-02,1.000130055924047280e-02,5.657432696059305245e-03,2.036675770581350062e-02,1.606190661984653253e-02,1.811679021979451312e-02,1.433216283001690662e-02,2.123813239693067914e-02,5.644427103654571509e-03,4.877097151775263741e-03,1.853296917674599961e-02,3.113538821693328032e-02,2.888542073091429283e-02,1.425412927558850247e-02,4.065548185719859708e-02,5.688646117830667426e-02,6.292105605410326652e-02,1.656912472363116298e-02,7.123162960072831895e-02,4.531148393809338037e-02,5.251658213031603489e-02,4.708024450513721010e-02,8.809988294966836220e-02,3.030303030303030387e-02,2.243464689816621060e-02,2.281180907790349849e-02,1.333073221485238727e-02,3.002991286253088934e-02,3.001690727012615301e-02,4.838080374561061492e-02,3.372350110547535362e-02,7.867082845623618592e-02,8.028352191442320041e-02,2.997789049291195093e-02,6.372740278319677376e-02,1.905449343217583691e-01,9.149434256730394621e-02,1.200026011184809477e-01,8.396410456496293528e-02,2.282481467030823136e-02,6.380543633762518485e-02
5.561191312264273517e-02,9.374431005332292677e-02,6.593835349200155571e-02,3.438678631811679237e-02,1.251398101183509026e-01,1.580699700871374680e-01,1.749252178436727923e-01,2.631031343477695239e-02,1.983092729873845717e-01,1.111587982832618060e-01,1.458577188190922080e-01,8.782676550916894420e-02,0.000000000000000000e+00,8.236441669918065367e-02,6.734295747171283042e-02,6.320717908700741738e-02,4.356873455585901639e-02,9.309403043308622783e-02,9.482377422291585201e-02,1.732214852386526338e-01,8.174014826375342047e-02,2.474834178696839748e-01,2.086877357263623445e-01,9.113018597997138426e-02,2.187540642476264729e-01,4.609051892313694720e-01,2.653400962413837716e-01,3.433996618545974711e-01,2.715697750032514124e-01,6.146442970477305340e-02,1.939263883469891925e-01,6.307712316296007482e-02,3.391858499154636747e-02,7.363766419560410781e-02,4.512940564442710634e-02,8.737156977500325217e-02,2.988685134607881391e-02,1.703732605020158788e-02,6.080114449213161465e-02,4.791260241904019002e-02,5.234750942905449372e-02,4.250227597867083096e-02,6.281701131486538969e-02,1.669918064767850208e-02,1.424112368318376960e-02,5.518272857328651582e-02,9.300299128625308387e-02,8.578488750162570342e-02,4.219014176095721436e-02,1.211210820652880715e-01,1.684614384185199598e-01,1.876446872155026757e-01,4.870594355572896439e-02,2.119781506047600517e-01,1.344908310573546539e-01,1.567564052542593234e-01,1.382364416699180532e-01,2.632852126414358396e-01,8.988164910911691785e-02,6.566523605150215159e-02,6.800624268435427611e-02,3.982312394329561717e-02,8.920535830407075317e-02,8.946547015216542442e-02,1.437898296267395015e-01,9.955780985823904639e-02,2.348679932370919543e-01,2.378462738977760449e-01,8.920535830407075317e-02,1.901287553648068618e-01,5.642736376641955820e-01,2.711275848614904671e-01,3.567564052542593345e-01,2.491481336974899208e-01,6.840941604890102279e-02,1.883599947977630251e-01
1.716738197424892698e-02,2.943165561191312188e-02,2.121212121212121340e-02,1.074261932631031397e-02,3.883469892053582895e-02,5.050071530758225985e-02,5.489660554038236495e-02,8.167512030172973531e-03,6.340226297307842429e-02,3.567433996618545738e-02,4.610482507478215475e-02,2.772792300689296344e-02,8.236441669918065367e-02,0.000000000000000000e+00,2.131616595135908329e-02,1.980751723240993523e-02,1.403303420470802462e-02,2.927558850305631358e-02,3.079724281441019798e-02,5.515671738847704314e-02,2.539992196644557179e-02,7.850175575497464475e-02,6.560020808947847337e-02,2.865132006762908037e-02,6.856548315775783109e-02,1.445181428014045977e-01,8.470542333203277818e-02,1.078163610352451535e-01,8.635713356743399127e-02,1.928729353622057538e-02,6.085316686175055306e-02,1.976850045519573315e-02,1.058655221745350566e-02,2.322798803485498845e-02,1.418910131356483292e-02,2.731174404994147348e-02,9.429054493432176276e-03,5.436337625178826530e-03,1.898816491091169165e-02,1.477435297177786405e-02,1.647808557679802249e-02,1.330472103004291806e-02,1.996358434126674353e-02,5.176225777084146606e-03,4.434907010014306310e-03,1.686825334894004325e-02,2.947067238912732395e-02,2.750682793601248385e-02,1.305761477435297101e-02,3.784627389777604073e-02,5.329691767460007640e-02,5.882429444661204515e-02,1.521654311353882148e-02,6.700481206918974808e-02,4.258030953309923511e-02,4.968136298608401280e-02,4.343867863181168076e-02,8.265053973208479066e-02,2.815710755624918626e-02,2.100403173364546669e-02,2.175835609312004246e-02,1.282351411106775856e-02,2.805306281701131638e-02,2.870334243724801532e-02,4.576667967225907241e-02,3.096631551567173915e-02,7.389777604369879294e-02,7.493822343607751957e-02,2.806606840941604925e-02,6.000780335544284028e-02,1.778904929119521361e-01,8.583690987124463490e-02,1.125243854857588821e-01,7.908700741318766547e-02,2.169332813109637118e-02,5.970867473013395654e-02
1.442320197685004537e-02,2.442450253609051991e-02,1.737547145272467022e-02,8.908830797242814695e-03,3.192872935362205816e-02,4.116269996098322059e-02,4.447912602419040046e-02,6.853947197294836709e-03,5.164520743919885637e-02,2.888542073091429283e-02,3.793731304460918469e-02,2.281180907790349849e-02,6.734295747171283042e-02,2.131616595135908329e-02,0.000000000000000000e+00,1.638704642996488547e-02,1.140590453895174924e-02,2.426843542723371161e-02,2.500975419430355104e-02,4.531148393809338037e-02,2.122512680452594627e-02,6.480686695278969900e-02,5.453244895304980994e-02,2.369618936142541335e-02,5.644427103654571509e-02,1.206398751463129138e-01,6.920275718558979716e-02,8.886721290154767083e-02,7.084146182858629126e-02,1.577578358694238514e-02,5.047470412277279411e-02,1.619196254389387510e-02,8.778774873195473866e-03,1.946937182988685289e-02,1.175705553387956792e-02,2.278579789309402928e-02,7.725321888412016967e-03,4.434907010014306310e-03,1.524255429834828895e-02,1.240733515411627033e-02,1.396800624268435508e-02,1.085966965795292019e-02,1.602288984263233046e-02,4.200806346729093858e-03,3.771621797372870163e-03,1.420210690596956753e-02,2.455455846013785901e-02,2.252568604499935109e-02,1.069059695669137729e-02,3.095330992326700628e-02,4.419300299128625653e-02,4.834178696839640937e-02,1.266744700221095025e-02,5.515671738847704314e-02,3.438678631811679237e-02,4.033034204708024761e-02,3.575237352061386154e-02,6.781115879828325532e-02,2.287683703992716977e-02,1.757055533879568060e-02,1.785667837169983146e-02,1.026141240733515446e-02,2.312394329561711509e-02,2.333203277409285833e-02,3.805436337625178744e-02,2.595916243984913371e-02,6.175055273767720426e-02,6.238782676550917033e-02,2.316296007283131717e-02,4.917414488229938929e-02,1.474053843152555721e-01,7.110157367668097639e-02,9.254779555208739183e-02,6.532709064897905538e-02,1.759656652360514981e-02,4.944726232279880035e-02
1.314865392118610976e-02,2.238262452854727566e-02,1.623097932110807717e-02,8.258551177006112284e-03,2.984783456886461184e-02,3.834048640915593831e-02,4.217713616855247455e-02,6.242684354272337241e-03,4.810768630511119692e-02,2.685654831577578491e-02,3.495903238392508716e-02,2.121212121212121340e-02,6.320717908700741738e-02,1.980751723240993523e-02,1.638704642996488547e-02,0.000000000000000000e+00,1.067759136428664268e-02,2.230459097411887151e-02,2.365717258421121127e-02,4.228118090779035138e-02,1.959942775393419198e-02,6.000780335544284028e-02,5.066978800884380102e-02,2.186240083235791234e-02,5.245155416829236361e-02,1.105345298478345728e-01,6.439068799583820557e-02,8.297567954220315400e-02,6.595135908440628858e-02,1.467030823253999243e-02,4.674209910261412082e-02,1.513850955911041733e-02,8.284562361815581491e-03,1.809077903498504392e-02,1.100273117440499389e-02,2.143321628300168952e-02,7.335154116269996215e-03,4.070750422681753029e-03,1.456626349330211907e-02,1.158798283261802502e-02,1.271946937182988693e-02,1.022239563012095238e-02,1.551567173884770522e-02,3.953700091039146804e-03,3.459487579659253562e-03,1.327870984523345059e-02,2.240863571335674487e-02,2.083495903238392552e-02,1.011835089088307903e-02,2.891143191572376203e-02,4.088958252048380954e-02,4.516842242164130494e-02,1.179607231109377000e-02,5.145012355312784252e-02,3.209780205488359933e-02,3.754714527246716393e-02,3.308622707764338755e-02,6.315515671738847203e-02,2.186240083235791234e-02,1.582780595656132008e-02,1.645207439198855676e-02,9.546104825074782502e-03,2.158928339185849782e-02,2.162830016907269989e-02,3.521914423201976535e-02,2.374821173104434829e-02,5.709455065678241403e-02,5.764078553778124309e-02,2.151124983743009367e-02,4.583170763428274369e-02,1.369488880218494020e-01,6.588633112238262424e-02,8.578488750162570342e-02,6.058004942125113507e-02,1.616595135908440589e-02,4.484328261152295547e-02
9.194953830146963825e-03,1.561971647808557684e-02,1.122382624528547347e-02,5.722460658082975660e-03,2.100403173364546669e-02,2.659643646768110326e-02,2.918454935622317656e-02,4.330862270776433820e-03,3.368448432826115502e-02,1.878007543243594840e-02,2.480166471582780433e-02,1.480036415658733326e-02,4.356873455585901639e-02,1.403303420470802462e-02,1.140590453895174924e-02,1.067759136428664268e-02,0.000000000000000000e+00,1.563272207049030971e-02,1.659513590844062872e-02,2.952269475874626237e-02,1.352581610092339764e-02,4.193002991286252923e-02,3.511509949278189546e-02,1.508648718949148065e-02,3.666276498894524560e-02,7.661594485628819839e-02,4.493432175835609249e-02,5.773182468461438704e-02,4.594875796592534645e-02,1.033944596176355861e-02,3.229288594095461318e-02,1.033944596176355861e-02,5.605410326440369434e-03,1.231629600728313158e-02,7.530238002341006591e-03,1.509949278189621526e-02,5.111197815060476192e-03,2.822213551827285755e-03,9.949278189621537857e-03,7.933411366887761079e-03,8.830797242814410544e-03,7.010014306151645010e-03,1.093770321238132434e-02,2.809207959422551585e-03,2.367017817661594588e-03,9.129925868123292543e-03,1.568474444010924812e-02,1.442320197685004537e-02,6.984003121342177538e-03,2.041878007543243556e-02,2.835219144232019664e-02,3.159058395109897582e-02,8.141500845363506059e-03,3.570035115099493006e-02,2.266874756145142306e-02,2.654441409806216831e-02,2.317596566523605003e-02,4.420600858369098940e-02,1.538561581480036439e-02,1.114579269085706932e-02,1.153596046299909007e-02,6.801924827675900898e-03,1.493042008063467235e-02,1.520353752113408688e-02,2.474964234620886938e-02,1.642606320717908755e-02,3.968006242684354173e-02,4.022629730784237079e-02,1.476134737937313118e-02,3.207179087007413359e-02,9.486279100013005061e-02,4.600078033554428486e-02,6.000780335544284028e-02,4.246325920145662541e-02,1.152295487059435547e-02,3.149954480426583187e-02
1.969046690076732900e-02,3.348940044219014117e-02,2.382624528547275244e-02,1.216022889842632328e-02,4.408895825204837970e-02,5.674339966185459883e-02,6.184159188451034128e-02,9.233970607361165900e-03,7.142671348679932586e-02,3.990115749772402132e-02,5.186630251007933595e-02,3.123943295617115368e-02,9.309403043308622783e-02,2.927558850305631358e-02,2.426843542723371161e-02,2.230459097411887151e-02,1.563272207049030971e-02,0.000000000000000000e+00,3.438678631811679237e-02,6.220574847184288936e-02,2.902848224736636826e-02,8.891923527116660231e-02,7.470412277279230018e-02,3.229288594095461318e-02,7.777344258030953472e-02,1.637664195604109640e-01,9.539602028872415374e-02,1.226557419690466888e-01,9.708674730133957931e-02,2.199245675640525491e-02,6.908570685394720134e-02,2.195343997919105283e-02,1.208219534399791913e-02,2.628430224996748665e-02,1.593185069579919344e-02,3.109637143971907824e-02,1.058655221745350566e-02,6.073611653010794337e-03,2.114709325009754212e-02,1.671218624008323494e-02,1.875406424762647919e-02,1.494342567303940696e-02,2.266874756145142306e-02,5.839510989725581885e-03,5.046169853036805777e-03,1.945636623748211655e-02,3.335934451814279861e-02,3.091429314605280421e-02,1.489140330342047028e-02,4.272337104955130360e-02,6.008583690987124443e-02,6.636753804135778201e-02,1.732344908310573528e-02,7.553648068669527316e-02,4.778254649499284745e-02,5.554688516061906389e-02,4.896605540382364258e-02,9.302900247106256348e-02,3.200676290805046231e-02,2.367017817661594414e-02,2.452854727532838980e-02,1.431915723761217375e-02,3.192872935362205816e-02,3.218884120171673635e-02,5.195734165691247297e-02,3.525816100923397090e-02,8.426323319027181902e-02,8.510859669657952487e-02,3.153856158148003741e-02,6.783716998309273494e-02,2.016777214202107038e-01,9.716478085576797652e-02,1.270646377942515337e-01,8.929639745090388325e-02,2.441149694368578357e-02,6.747301339576017298e-02
1.989855637924307571e-02,3.394459617635583321e-02,2.498374300949408183e-02,1.245935752373520528e-02,4.572766289504486686e-02,5.853817141370789429e-02,6.340226297307842429e-02,9.377032123813239597e-03,7.345558590193783377e-02,4.111067759136428912e-02,5.453244895304980994e-02,3.224086357133567476e-02,9.482377422291585201e-02,3.079724281441019798e-02,2.500975419430355104e-02,2.365717258421121127e-02,1.659513590844062872e-02,3.438678631811679237e-02,0.000000000000000000e+00,6.514501235531278134e-02,2.936662764988945407e-02,9.245675640525426175e-02,7.747431395500065099e-02,3.299518793081025053e-02,8.014046039797112497e-02,1.665366107426193287e-01,9.859539602028873084e-02,1.255169722980881697e-01,1.007673299518793142e-01,2.253869163740408396e-02,7.089348419820522273e-02,2.243464689816621060e-02,1.226427363766419490e-02,2.738977760436987763e-02,1.630901287553648132e-02,3.334633892573806574e-02,1.109377032123813264e-02,6.177656392248666826e-03,2.140720509819222378e-02,1.754454415398621486e-02,1.959942775393419198e-02,1.532058785277669484e-02,2.407335154116270123e-02,5.852516582130315621e-03,5.254259331512550757e-03,1.979451164000520236e-02,3.451684224216412800e-02,3.190271816881259243e-02,1.538561581480036439e-02,4.423201976850045514e-02,6.220574847184288936e-02,6.881258941344778335e-02,1.750552737677201279e-02,7.815060476004681567e-02,4.882299388737156715e-02,5.745870724411496905e-02,5.066978800884380102e-02,9.638444531148393501e-02,3.387956821433216192e-02,2.455455846013785901e-02,2.530888281961243477e-02,1.448822993887371492e-02,3.274808167512029827e-02,3.316426063207179170e-02,5.448042658343087846e-02,3.551827285732864908e-02,8.668227337755234074e-02,8.838600598257251306e-02,3.260502015866822978e-02,6.959292495773182485e-02,2.075172324099362753e-01,1.013265704252828692e-01,1.312914553257900907e-01,9.344518142801404303e-02,2.534789959682663685e-02,6.817531538561581728e-02
3.676680972818311549e-02,6.284302249967485543e-02,4.506437768240343505e-02,2.265574196904669019e-02,8.254649499284692771e-02,1.069189751593185023e-01,1.151124983743009450e-01,1.721940434386786192e-02,1.338665626219274207e-01,7.453505007153075901e-02,9.763298218233840142e-02,5.820002601118481195e-02,1.732214852386526338e-01,5.515671738847704314e-02,4.531148393809338037e-02,4.228118090779035138e-02,2.952269475874626237e-02,6.220574847184288936e-02,6.514501235531278134e-02,0.000000000000000000e+00,5.358304070750422726e-02,1.673299518793081031e-01,1.401872805306281777e-01,6.033294316556118975e-02,1.464429704773052288e-01,3.063207179087007459e-01,1.791780465600208150e-01,2.292105605410326430e-01,1.826505397320848101e-01,4.120171673819742614e-02,1.293146052802705281e-01,4.112368318376902199e-02,2.238262452854727566e-02,4.930420080634673186e-02,2.975679542203147482e-02,5.877227207699310674e-02,1.996358434126674353e-02,1.135388216933281257e-02,3.921186110027311683e-02,3.153856158148003741e-02,3.516712186240083388e-02,2.787098452334503887e-02,4.250227597867083096e-02,1.072961373390557936e-02,9.455065678241643748e-03,3.627259721680322485e-02,6.305111197815060908e-02,5.818702041878007214e-02,2.779295096891663472e-02,7.993237091949538520e-02,1.131876706984003139e-01,1.243074522044479158e-01,3.201976850045519518e-02,1.420860970217193431e-01,8.869814020028612966e-02,1.034854987644687196e-01,9.102614124073352131e-02,1.746130836259591756e-01,6.017687605670438145e-02,4.441409806216672918e-02,4.594875796592534645e-02,2.654441409806216831e-02,5.937052932761087420e-02,6.026791520353751846e-02,9.811418910131355919e-02,6.531408505657432251e-02,1.590453895174925303e-01,1.596436467681102978e-01,5.905839510989725760e-02,1.267525035765379171e-01,3.771621797372870510e-01,1.825725061776563851e-01,2.380673689686565175e-01,1.689166341526856518e-01,4.584471322668747656e-02,1.257250617765639233e-01
1.738847704512940656e-02,2.931460528027051565e-02,2.036675770581350062e-02,1.071660814150084476e-02,3.887371569775003449e-02,4.907010014306151940e-02,5.438938743659773450e-02,8.453635063077122661e-03,6.163350240603459457e-02,3.488099882949668301e-02,4.557159578618805856e-02,2.771491741448823057e-02,8.174014826375342047e-02,2.539992196644557179e-02,2.122512680452594627e-02,1.959942775393419198e-02,1.352581610092339764e-02,2.902848224736636826e-02,2.936662764988945407e-02,5.358304070750422726e-02,0.000000000000000000e+00,7.691507348159708213e-02,6.530107946416958964e-02,2.888542073091429283e-02,6.796722590714006362e-02,1.453114839380933720e-01,8.207829366627650280e-02,1.071660814150084545e-01,8.430224996748601762e-02,1.885810898686435255e-02,6.047600468201326518e-02,1.988555078683833938e-02,1.069059695669137729e-02,2.314995448042658430e-02,1.421511249837430040e-02,2.697359864741839114e-02,9.259981792170633372e-03,5.293276108726752832e-03,1.898816491091169165e-02,1.495643126544414156e-02,1.643906879958382042e-02,1.331772662244765267e-02,1.907920405774482867e-02,5.267264923917284493e-03,4.473923787228508385e-03,1.723240993627259826e-02,2.893744310053322777e-02,2.655741969046690118e-02,1.308362595916244021e-02,3.748211731044349265e-02,5.267264923917284319e-02,5.834308752763688044e-02,1.539862140720509899e-02,6.614644297047730936e-02,4.195604109767200190e-02,4.861490440889582737e-02,4.329561711535960533e-02,8.193523214982442737e-02,2.736376641956041189e-02,2.075692547795552137e-02,2.118611002731174420e-02,1.231629600728313158e-02,2.794901807777344302e-02,2.758486149044088800e-02,4.471322668747561291e-02,3.149954480426583187e-02,7.333853557029522408e-02,7.400182078293665588e-02,2.784497333853556966e-02,5.920145662634933303e-02,1.761477435297177652e-01,8.431525555989075049e-02,1.108596696579529223e-01,7.760436987904799355e-02,2.096501495643126461e-02,5.911041747951618908e-02
