0.000000000000000000e+00,1.342698087628717285e-02,1.065793648504427538e-02,4.240099224090685889e-03,1.945542126972223118e-02,2.672416279673483358e-02,2.655109752228215422e-02,5.091003490149701403e-03,3.164210101243185302e-02,1.844587383541492279e-02,2.127260665147538005e-02,1.505667887738325328e-02,4.160777639966540403e-02,1.052813752920476499e-02,1.165306181314719122e-02,9.533012201101849145e-03,7.124520464968703802e-03,1.221552395511840521e-02,1.091753439672329788e-02,2.557039430038362746e-02,1.159537338832963144e-02,4.645360408434047461e-02,3.976174680550347701e-02,1.394617669964521613e-02,3.129597046352649431e-02,7.196630995990654922e-02,4.092993740805907221e-02,5.512128991317891830e-02,3.918486255732787221e-02,8.061957368254058995e-03,2.646456488505581281e-02,1.150884075110329176e-02,7.658138394531137025e-03,1.077331333467939668e-02,5.913063543799936157e-03,1.009547434307306313e-02,4.874671897083850472e-03,3.576682338688742281e-03,1.479708096570423077e-02,7.946580518618939423e-03,1.010989644927745221e-02,7.845625775188208931e-03,8.537886872998933299e-03,2.740200178834117147e-03,2.841154922264847640e-03,9.143615333583316254e-03,1.159537338832963144e-02,1.612391473650811799e-02,5.927485650004326971e-03,1.912371282702125808e-02,2.497908794600363358e-02,2.738757968213677979e-02,7.398540482852115387e-03,3.229109579162940669e-02,1.658542213504860321e-02,2.845481554126164450e-02,1.987366234964954223e-02,3.794456142375032121e-02,1.220110184891401613e-02,1.664311055986616300e-02,1.038391646716086379e-02,7.182208889786264455e-03,1.171075023796475274e-02,1.336929245146961306e-02,2.506562058322997499e-02,1.765265799417346793e-02,4.427586604747757448e-02,4.230003749747612840e-02,1.224436816752718510e-02,2.600305748651533105e-02,9.074389223802244164e-02,3.912717413251030896e-02,5.493380253252184986e-02,3.606968761717961602e-02,7.513917332487236693e-03,2.943551876316017127e-02
1.342698087628717285e-02,0.000000000000000000e+00,2.306094782081975422e-02,8.999394271539415055e-03,4.129049006316882348e-02,5.646254579018719633e-02,5.566932994894574493e-02,1.051371542300037418e-02,6.746661282413683736e-02,3.928581730075860617e-02,4.524214716317170870e-02,3.169978943724941628e-02,8.759987308546540730e-02,2.257059620987049084e-02,2.445989212264559204e-02,2.008999394271539576e-02,1.492687992154374289e-02,2.544059534454411881e-02,2.334938994490755315e-02,5.590008364821598408e-02,2.355129943176901414e-02,9.952695491649600490e-02,8.516253713692348293e-02,2.855577028469237499e-02,6.554847269895296147e-02,1.505523666676281402e-01,8.725374253656004164e-02,1.164585076004499703e-01,8.361937177305373003e-02,1.723441691424615688e-02,5.594334996682915478e-02,2.324843520147682266e-02,1.577778418760275581e-02,2.326285730768121521e-02,1.248954397300181679e-02,2.156104877556318244e-02,1.023969540511696259e-02,7.499495226282846747e-03,2.949320718797773105e-02,1.622486947993885195e-02,2.121491822665782026e-02,1.592200524964665700e-02,1.840260751680175208e-02,5.826530906573595611e-03,5.985174074821886757e-03,1.857567279125443491e-02,2.467622371571144210e-02,3.406501485476939178e-02,1.235974501716230640e-02,3.971848048689030630e-02,5.209264761025700352e-02,5.729902795004182536e-02,1.534512100147105568e-02,6.774063284202025415e-02,3.459863278433182587e-02,5.982289653581009115e-02,4.072802792119761123e-02,7.901871989385329809e-02,2.604632380512850176e-02,3.507456228907669671e-02,2.254175199746170921e-02,1.484034728431740148e-02,2.443104791023681041e-02,2.845481554126164450e-02,5.467420462084282562e-02,3.579566759929619923e-02,9.499841356831752182e-02,9.109002278692780730e-02,2.453200265366754090e-02,5.464536040843404746e-02,1.879921543742248125e-01,8.301364331246935402e-02,1.165017739190631341e-01,7.678329343217282776e-02,1.649888949782226180e-02,6.324093570625054228e-02
1.065793648504427538e-02,2.306094782081975422e-02,0.000000000000000000e+00,7.427384695260896147e-03,3.380541694309036754e-02,4.671320199601949885e-02,4.537194611901122082e-02,8.609997404020883899e-03,5.487611410770428660e-02,3.244973895987770390e-02,3.733883296316593825e-02,2.597421327410654943e-02,7.125962675589142536e-02,1.861893910986760561e-02,1.962848654417491054e-02,1.651331160402665088e-02,1.241743344197986619e-02,2.076783293432172758e-02,1.926793388906515928e-02,4.597767457959560378e-02,1.887853702154662638e-02,8.142721162998643736e-02,6.932706452450315693e-02,2.314748045804609217e-02,5.375118982376186211e-02,1.214774005595777168e-01,7.186535521647581526e-02,9.518590094897458331e-02,6.825982866537828875e-02,1.437883988577691972e-02,4.597767457959560378e-02,1.824396434855346180e-02,1.264818714125010880e-02,1.895064755256857872e-02,9.965675387233551008e-03,1.794110011826127032e-02,8.408087917159421179e-03,6.259194092705298341e-03,2.352245521936023598e-02,1.289336294672474049e-02,1.720557270183737525e-02,1.300873979635986007e-02,1.524416625804032345e-02,4.672762410222388620e-03,4.874671897083850472e-03,1.478265885949984169e-02,2.010441604891978484e-02,2.793561971790360296e-02,1.012431855548184302e-02,3.263722634053477234e-02,4.257405751535954519e-02,4.664109146499754999e-02,1.231647869854913570e-02,5.513571201938331084e-02,2.858461449710115662e-02,4.943898006864922562e-02,3.334390954454988926e-02,6.465430211428077611e-02,2.176295826242464343e-02,2.826732816060457606e-02,1.831607487957541414e-02,1.228763448614035581e-02,1.984481813724076407e-02,2.347918890074706527e-02,4.466526291499610390e-02,2.864230292191871641e-02,7.748997663618795162e-02,7.381233955406847624e-02,1.998903919928466180e-02,4.450661974674781363e-02,1.524705067928120161e-01,6.789927601026854442e-02,9.564740834751507548e-02,6.205832299749055453e-02,1.374426721278375514e-02,5.183304969857797928e-02
4.240099224090685889e-03,8.999394271539415055e-03,7.427384695260896147e-03,0.000000000000000000e+00,1.336929245146961306e-02,1.828723066716663251e-02,1.814300960512273131e-02,3.389194958031670809e-03,2.167642562519830549e-02,1.289336294672474049e-02,1.471054832847789109e-02,1.035507225475208390e-02,2.833943869162652493e-02,7.239897314603825108e-03,7.816781562779429038e-03,6.489947791975540087e-03,4.917938215697020311e-03,8.235022642706740087e-03,7.586027863509187293e-03,1.775361273760419842e-02,7.614872075917967185e-03,3.161325680002307487e-02,2.720009230147970788e-02,9.302258501831608267e-03,2.121491822665782026e-02,4.831405578470680112e-02,2.818079552337823465e-02,3.752632034382301363e-02,2.682511754016556407e-02,5.566932994894573973e-03,1.815743171132712386e-02,7.557183651100406532e-03,5.163114021171652003e-03,7.542761544896016586e-03,4.038189737229224904e-03,6.980299402924803470e-03,3.302662320805330263e-03,2.509446479563875402e-03,9.677233263145750344e-03,5.278490870806772442e-03,6.879344659494072110e-03,5.249646658397992549e-03,5.985174074821886757e-03,1.903718018979491796e-03,1.961406443797052233e-03,5.869797225186766318e-03,7.932158412414548609e-03,1.098964492774524848e-02,4.038189737229224904e-03,1.303758400876863996e-02,1.698924110877152518e-02,1.863336121607199469e-02,4.874671897083850472e-03,2.197928985549049696e-02,1.140788600767256127e-02,1.965733075658369217e-02,1.331160402665205154e-02,2.582999221206264823e-02,8.566731085407713192e-03,1.122039862701548936e-02,7.196630995990654402e-03,4.889094003288240418e-03,7.946580518618939423e-03,9.287836395627217453e-03,1.729210533906371666e-02,1.156652917592085154e-02,3.031526724162796754e-02,2.887305662118895902e-02,8.018691049640890023e-03,1.778245695001298005e-02,6.032767025296374014e-02,2.676742911534800429e-02,3.798782774236349191e-02,2.448873633505437020e-02,5.264068764602382496e-03,2.036401396059880561e-02
1.945542126972223118e-02,4.129049006316882348e-02,3.380541694309036754e-02,1.336929245146961306e-02,0.000000000000000000e+00,8.209062851538838357e-02,8.282615593181227864e-02,1.518647783322276366e-02,9.737806109204187599e-02,5.905852490697741791e-02,6.712048227523147170e-02,4.682857884565461842e-02,1.286884536617727559e-01,3.328622111973232600e-02,3.513225071389425996e-02,2.989702616170065649e-02,2.239753093541780801e-02,3.743978770659667221e-02,3.429576855403963093e-02,8.092243791283279530e-02,3.435345697885719418e-02,1.437018662205428454e-01,1.237705154460757434e-01,4.157893218725662587e-02,9.631082523291702169e-02,2.193890795811820338e-01,1.277077504398742291e-01,1.718970838501254761e-01,1.214485563471689455e-01,2.588768063688021148e-02,8.243675906429374922e-02,3.452652225330987007e-02,2.360898785658657739e-02,3.402174853615622108e-02,1.822954224234907272e-02,3.255069370330843093e-02,1.543165363869739536e-02,1.107617756497158816e-02,4.437682079090830151e-02,2.396954051169632866e-02,3.120943782630015290e-02,2.379647523724364583e-02,2.771928812483775290e-02,8.768640572269174177e-03,8.941705846721855269e-03,2.672416279673483358e-02,3.609853182958839418e-02,4.981395482996336943e-02,1.841702962300614463e-02,5.998153970405838142e-02,7.707173555626063710e-02,8.560962242925956867e-02,2.197928985549049696e-02,9.903660330554674152e-02,5.213591392887017423e-02,8.938821425480977800e-02,6.051515763362081551e-02,1.183333814070206824e-01,3.954541521243762348e-02,5.070812541463555478e-02,3.249300527849086767e-02,2.231099829819146660e-02,3.573797917447864292e-02,4.205486169200149671e-02,7.893218725662695667e-02,5.242435605295797663e-02,1.377743805705385349e-01,1.313709654157893258e-01,3.562260232484352335e-02,8.043208630188353192e-02,2.731114251925351177e-01,1.213908679223513754e-01,1.735556260636303416e-01,1.111223283048256433e-01,2.420029421096657127e-02,9.264761025700193886e-02
2.672416279673483358e-02,5.646254579018719633e-02,4.671320199601949885e-02,1.828723066716663251e-02,8.209062851538838357e-02,0.000000000000000000e+00,1.114251925351178313e-01,2.114280769563587140e-02,1.333612160719951645e-01,7.880238830078745149e-02,9.034007326429951967e-02,6.381781995442614708e-02,1.744930629669156907e-01,4.567481034930340883e-02,4.880440739565606451e-02,4.030978684127029671e-02,3.011335775476650656e-02,5.129943176901554519e-02,4.703048833251607941e-02,1.114540367475266025e-01,4.754968415587412095e-02,1.977559202745969025e-01,1.698491447691020673e-01,5.758747007412962776e-02,1.313709654157893258e-01,2.997057890334304253e-01,1.749257261530473839e-01,2.323689751651331070e-01,1.661859297931869983e-01,3.423808012922207461e-02,1.123193631197900166e-01,4.548732296864634039e-02,3.120943782630015290e-02,4.610747353543511590e-02,2.473391214052900189e-02,4.355476073725807196e-02,2.058034555366465568e-02,1.504225677117886247e-02,5.814993221610084001e-02,3.233436211024257739e-02,4.212697222302345251e-02,3.180074418068014330e-02,3.666099397155960643e-02,1.150884075110329176e-02,1.181170498139548324e-02,3.728114453834838193e-02,4.925149268799215718e-02,6.813002970953878357e-02,2.469064582191583118e-02,7.981193573509474948e-02,1.041997173267183996e-01,1.136029305719807314e-01,3.027200092301479684e-02,1.349764919668868524e-01,6.947128558654705466e-02,1.205688078687011389e-01,8.229253800224985149e-02,1.581383945311373163e-01,5.284259713288528421e-02,6.973088349822607890e-02,4.472295133981366716e-02,2.976722720586114437e-02,4.867460843981655239e-02,5.677983212668378382e-02,1.088869018431451730e-01,7.179324468545386639e-02,1.890161239147365169e-01,1.809397444402780497e-01,4.955435691828434519e-02,1.088724797369407804e-01,3.758977761112232696e-01,1.664311055986616161e-01,2.339265626352072525e-01,1.523983962617900811e-01,3.337275375695866741e-02,1.264097608814791218e-01
2.655109752228215422e-02,5.566932994894574493e-02,4.537194611901122082e-02,1.814300960512273131e-02,8.282615593181227864e-02,1.114251925351178313e-01,0.000000000000000000e+00,2.066687819089099709e-02,1.318180507081254116e-01,7.942253886757622006e-02,9.074389223802244164e-02,6.331304623727249115e-02,1.735844702760390990e-01,4.527099137558048686e-02,4.783812627996192335e-02,4.048285211572297954e-02,3.012777986097089564e-02,5.078023594565750365e-02,4.629496091609218433e-02,1.094349418789119927e-01,4.682857884565461842e-02,1.945397905910179193e-01,1.670945224840635623e-01,5.672214370186622057e-02,1.304767948311171266e-01,2.972251867662753511e-01,1.726037670541405999e-01,2.327727941388560429e-01,1.644120107300470202e-01,3.480054227119328686e-02,1.112521272606651485e-01,4.675646831463266956e-02,3.185843260549770656e-02,4.579018719893853534e-02,2.457526897228071161e-02,4.378551443652831110e-02,2.076783293432172758e-02,1.495572413395252279e-02,6.026998182814618382e-02,3.257953791571720908e-02,4.219908275404540138e-02,3.210360841097233825e-02,3.706481294528252840e-02,1.182612708759987231e-02,1.192708183103060454e-02,3.681963713980789671e-02,4.881882950186045012e-02,6.709163806282270048e-02,2.489255530877729217e-02,8.098012633765035162e-02,1.043150941763535122e-01,1.157518243964348603e-01,2.995471458651821628e-02,1.341400098070322233e-01,7.012028036574460832e-02,1.205688078687011389e-01,8.184545270991375188e-02,1.602872883555914452e-01,5.288586345149845491e-02,6.882229080734950100e-02,4.382878075514148181e-02,2.999798090513138699e-02,4.834289999711557928e-02,5.646254579018719633e-02,1.062476564077417807e-01,7.153364677377484215e-02,1.859586373994057962e-01,1.774928610574288135e-01,4.866018633361215984e-02,1.089734344803715144e-01,3.711096368513657762e-01,1.641524128183679820e-01,2.343159595027257680e-01,1.502783466497447373e-01,3.273818108396549936e-02,1.249242839424269530e-01
5.091003490149701403e-03,1.051371542300037418e-02,8.609997404020883899e-03,3.389194958031670809e-03,1.518647783322276366e-02,2.114280769563587140e-02,2.066687819089099709e-02,0.000000000000000000e+00,2.484928899016412493e-02,1.442210620439008870e-02,1.662868845366177392e-02,1.182612708759987231e-02,3.259396002192160163e-02,8.379243704750641286e-03,9.186881652196486961e-03,7.499495226282846747e-03,5.509244570077014187e-03,9.518590094897458331e-03,8.739796359860394284e-03,2.053707923505148844e-02,8.999394271539415055e-03,3.660330554674204318e-02,3.149787995038795529e-02,1.085984597190573636e-02,2.443104791023681041e-02,5.620294787850817902e-02,3.256511580951282347e-02,4.348265020623611615e-02,3.084888517119040163e-02,6.360148836136029701e-03,2.095532031497879949e-02,8.537886872998933299e-03,5.855375118982376371e-03,8.523464766794542485e-03,4.600651879200438020e-03,7.975424731027719316e-03,3.793013931754593646e-03,2.797888603651677367e-03,1.096080071533646859e-02,6.014018287230667517e-03,7.903314200005768717e-03,5.985174074821886757e-03,6.735123597450171778e-03,2.120049612045342945e-03,2.192160143067293544e-03,7.110098358764313856e-03,9.230147970809657668e-03,1.273471977847644848e-02,4.600651879200438020e-03,1.485476939052179229e-02,1.931120020767832998e-02,2.111396348322708977e-02,5.624621419712134626e-03,2.510888690184314570e-02,1.274914188468083930e-02,2.244079725403097872e-02,1.546049785110617525e-02,2.944994086936456035e-02,9.763765900372090023e-03,1.306642822117742159e-02,8.278288961319910794e-03,5.494822463872624241e-03,9.143615333583316254e-03,1.061467016643110640e-02,2.014768236753295555e-02,1.360004615073985394e-02,3.531973809455132840e-02,3.360350745622890656e-02,9.432057457671118653e-03,2.020537079235051534e-02,7.065389829530704935e-02,3.099310623323430283e-02,4.312209755112636489e-02,2.829617237301335422e-02,6.100550924457008063e-03,2.330612362629438244e-02
3.164210101243185302e-02,6.746661282413683736e-02,5.487611410770428660e-02,2.167642562519830549e-02,9.737806109204187599e-02,1.333612160719951645e-01,1.318180507081254116e-01,2.484928899016412493e-02,0.000000000000000000e+00,9.335429346101704884e-02,1.071995154172315362e-01,7.408635957195189303e-02,2.065101387406616806e-01,5.431365196573307436e-02,5.739998269347255239e-02,4.809772419164094759e-02,3.562260232484352335e-02,6.113530820040959102e-02,5.571259626755891564e-02,1.324526233811185727e-01,5.558279731171940352e-02,2.363350543713403917e-01,2.009287836395627080e-01,6.750987914275000112e-02,1.564221638928149083e-01,3.561394906112088643e-01,2.073466209005163097e-01,2.765727306815887188e-01,1.975395886815310420e-01,4.085782687703712335e-02,1.327410655052063682e-01,5.360696876171796438e-02,3.686290345842106742e-02,5.401078773544088635e-02,2.885863451498456994e-02,5.194842654821309885e-02,2.450315844125876275e-02,1.776803484380859097e-02,6.850500447085292044e-02,3.833395829126885757e-02,4.964088955551068660e-02,3.738209928177910896e-02,4.371340390550636223e-02,1.357120193833107405e-02,1.403270933687155754e-02,4.388646917995903812e-02,5.882777120770717183e-02,7.976866941648158571e-02,2.924803138250309936e-02,9.466670512561654871e-02,1.240156912515503751e-01,1.363321699500995021e-01,3.582451181170498433e-02,1.616141221263953376e-01,8.201851798436643470e-02,1.422308113876950553e-01,9.567625255992384670e-02,1.881363754362687102e-01,6.276500620150567145e-02,8.165796532925669038e-02,5.307335083215553029e-02,3.537742651936889166e-02,5.784706798580864506e-02,6.755314546136317877e-02,1.298133779457151804e-01,8.382128125991519796e-02,2.257348063111136727e-01,2.146442066399376902e-01,5.791917851683060087e-02,1.300152874325766483e-01,4.439412731835357118e-01,1.981885834607285957e-01,2.778851423461882186e-01,1.816464276442931736e-01,3.934350572557616249e-02,1.492687992154374255e-01
1.844587383541492279e-02,3.928581730075860617e-02,3.244973895987770390e-02,1.289336294672474049e-02,5.905852490697741791e-02,7.880238830078745149e-02,7.942253886757622006e-02,1.442210620439008870e-02,9.335429346101704884e-02,0.000000000000000000e+00,6.500043266318612789e-02,4.439124289711269405e-02,1.228907669676079506e-01,3.285355793360062587e-02,3.379099483688598193e-02,2.849808185987481521e-02,2.122934033286221281e-02,3.576682338688742108e-02,3.298335688944013105e-02,7.842741353947330074e-02,3.291124635841818219e-02,1.376734258271077871e-01,1.183766477256338462e-01,3.967521416827713560e-02,9.178228388473852473e-02,2.086013441402982393e-01,1.223283048256367384e-01,1.647437191727479933e-01,1.160546886267270483e-01,2.480602267155095422e-02,7.839856932706452952e-02,3.174305575586258699e-02,2.215235512994317632e-02,3.223340736681185037e-02,1.697481900256713611e-02,3.154114626900112600e-02,1.465285990366033131e-02,1.064351437883988630e-02,4.110300268251175504e-02,2.264270674089243970e-02,2.942109665695578219e-02,2.218119934235195795e-02,2.653667541607776514e-02,8.307133173728690687e-03,8.321555279933081500e-03,2.549828376936167859e-02,3.456978857192304078e-02,4.711702096974242082e-02,1.739306008249444715e-02,5.718365110040670579e-02,7.313450056246213749e-02,8.170123164786985415e-02,2.069572240329977872e-02,9.456575038218581475e-02,4.978511061755458433e-02,8.529233609276298811e-02,5.734229426865499607e-02,1.137471516340246291e-01,3.797340563615910630e-02,4.837174420952435744e-02,3.099310623323430283e-02,2.118607401424904210e-02,3.380541694309036754e-02,3.987712365513859658e-02,7.547088176757334177e-02,4.988606536098531830e-02,1.315151864778332236e-01,1.256598113588508481e-01,3.373330641206841868e-02,7.682655975078600541e-02,2.602180622458103998e-01,1.157806686088436315e-01,1.671089445902679549e-01,1.060313248146759341e-01,2.355129943176901414e-02,8.853730998875075642e-02
2.127260665147538005e-02,4.524214716317170870e-02,3.733883296316593825e-02,1.471054832847789109e-02,6.712048227523147170e-02,9.034007326429951967e-02,9.074389223802244164e-02,1.662868845366177392e-02,1.071995154172315362e-01,6.500043266318612789e-02,0.000000000000000000e+00,5.124174334419798887e-02,1.408318670858692279e-01,3.694943609564740883e-02,3.875219937119617208e-02,3.259396002192160163e-02,2.450315844125876275e-02,4.117511321353370390e-02,3.794456142375032121e-02,8.979203322853269997e-02,3.772822983068447461e-02,1.585566356110646447e-01,1.363898583749170723e-01,4.583345351755170605e-02,1.053246416106608241e-01,2.405174651706135092e-01,1.406443797052121525e-01,1.884103954541521131e-01,1.335775476650609972e-01,2.812310709856067487e-02,9.044102800773025364e-02,3.641581816608497474e-02,2.532521849490899576e-02,3.726672243214398939e-02,1.972944128760564103e-02,3.576682338688742108e-02,1.687386425913640561e-02,1.222994606132279602e-02,4.677089042083706211e-02,2.603190169892410921e-02,3.386310536790793080e-02,2.558481640658801654e-02,3.012777986097089564e-02,9.374369032853557132e-03,9.677233263145750344e-03,2.923360927629871028e-02,3.974732469929908446e-02,5.451556145259453534e-02,2.008999394271539576e-02,6.520234215004759581e-02,8.434047708327324644e-02,9.309469554933802460e-02,2.408491736133144823e-02,1.092186102858461461e-01,5.676541002047939127e-02,9.760881479131212901e-02,6.549078427413539127e-02,1.296403126712624976e-01,4.329516282557904772e-02,5.566932994894574493e-02,3.586777813031815504e-02,2.443104791023681041e-02,3.904064149528397448e-02,4.589114194236926236e-02,8.754218466064783710e-02,5.718365110040670579e-02,1.521387983501110430e-01,1.446104589114194372e-01,3.908390781389713825e-02,8.806138048400588558e-02,2.994173469093426299e-01,1.339669445325795405e-01,1.908477314026940375e-01,1.224004153566586872e-01,2.662320805330410309e-02,1.020652456084686632e-01
1.505667887738325328e-02,3.169978943724941628e-02,2.597421327410654943e-02,1.035507225475208390e-02,4.682857884565461842e-02,6.381781995442614708e-02,6.331304623727249115e-02,1.182612708759987231e-02,7.408635957195189303e-02,4.439124289711269405e-02,5.124174334419798887e-02,0.000000000000000000e+00,9.841645273875797295e-02,2.561366061899679816e-02,2.763275548761141148e-02,2.245521936023536780e-02,1.683059794052323491e-02,2.828175026680896514e-02,2.624823329198996275e-02,6.189967982924226425e-02,2.663763015950849564e-02,1.094493639851163852e-01,9.514263463036141955e-02,3.243531685367331135e-02,7.287490265078312712e-02,1.689693962906342883e-01,9.742132741065505364e-02,1.307363927427961647e-01,9.246012287634486349e-02,1.935446652629150069e-02,6.305344832559346691e-02,2.601747959271972013e-02,1.786898958723932146e-02,2.646456488505581281e-02,1.394617669964521613e-02,2.464737950330266394e-02,1.163863970694280214e-02,8.537886872998933299e-03,3.344486428798061628e-02,1.822954224234907272e-02,2.394069629928754703e-02,1.804205486169200082e-02,2.073898872191294943e-02,6.547636216793100740e-03,6.663013066428221179e-03,2.081109925293489829e-02,2.735873546972799816e-02,3.846375724710836969e-02,1.385964406241887645e-02,4.529983558798927196e-02,5.787591219821743016e-02,6.422163892814906905e-02,1.684502004672762399e-02,7.486515330698895188e-02,3.917044045112347966e-02,6.821656234676512498e-02,4.668435778361072069e-02,8.934494793619660036e-02,2.985375984308748579e-02,3.964636995586835744e-02,2.466180160950705302e-02,1.688828636534079469e-02,2.711355966425336647e-02,3.185843260549770656e-02,6.011133865989789354e-02,4.081456055842395264e-02,1.043727826011710685e-01,1.007528339438691634e-01,2.769044391242897127e-02,6.054400184602959367e-02,2.099858663359197020e-01,9.244570077014047094e-02,1.310825232917015304e-01,8.412414549020738597e-02,1.821512013614468364e-02,7.036545617121924001e-02
4.160777639966540403e-02,8.759987308546540730e-02,7.125962675589142536e-02,2.833943869162652493e-02,1.286884536617727559e-01,1.744930629669156907e-01,1.735844702760390990e-01,3.259396002192160163e-02,2.065101387406616806e-01,1.228907669676079506e-01,1.408318670858692279e-01,9.841645273875797295e-02,0.000000000000000000e+00,7.098560673800802245e-02,7.554299229859529063e-02,6.305344832559346691e-02,4.690068937667656729e-02,7.966771467305085175e-02,7.229801840260752233e-02,1.717528627880815784e-01,7.395656061611237397e-02,3.055611641524128008e-01,2.616170065476361994e-01,8.899881738729123470e-02,2.045775765092734122e-01,4.643052871441345486e-01,2.697943407655253867e-01,3.617929562433297996e-01,2.576941936600420924e-01,5.373676771755746956e-02,1.734114050015864439e-01,7.198073206611094177e-02,4.915053794456142322e-02,7.123078254348265415e-02,3.829069197265568686e-02,6.820214024056073243e-02,3.214687472958550896e-02,2.345034468833828364e-02,9.256107761977559745e-02,5.062159277740921337e-02,6.536098531829588609e-02,4.956877902448873774e-02,5.738556058726816678e-02,1.815743171132712386e-02,1.841702962300614463e-02,5.830857538434913029e-02,7.622083129020161552e-02,1.049929331679598510e-01,3.853586777813031855e-02,1.250973492168796219e-01,1.620612074187314233e-01,1.793677348639995395e-01,4.717470939455998408e-02,2.095243589373792237e-01,1.088147913121232241e-01,1.870691395771438559e-01,1.279961925639620524e-01,2.487813320257290239e-01,8.191756324093570074e-02,1.078340880902246973e-01,6.885113501975828609e-02,4.658340304017998673e-02,7.577374599786552978e-02,8.819117943984539076e-02,1.664743719172747938e-01,1.122760968011768390e-01,2.907785052929129921e-01,2.788946897804955305e-01,7.658138394531137372e-02,1.701664311055986478e-01,5.825521359139288480e-01,2.563240935706250778e-01,3.646485332717990246e-01,2.349216879633101718e-01,5.132827598142433029e-02,1.948714990337188924e-01
1.052813752920476499e-02,2.257059620987049084e-02,1.861893910986760561e-02,7.239897314603825108e-03,3.328622111973232600e-02,4.567481034930340883e-02,4.527099137558048686e-02,8.379243704750641286e-03,5.431365196573307436e-02,3.285355793360062587e-02,3.694943609564740883e-02,2.561366061899679816e-02,7.098560673800802245e-02,0.000000000000000000e+00,1.945542126972223118e-02,1.649888949782226180e-02,1.254723239781937831e-02,2.078225504052612013e-02,1.916697914563442878e-02,4.517003663214975984e-02,1.912371282702125808e-02,7.991289047852548344e-02,6.818771813435633988e-02,2.306094782081975422e-02,5.336179295624333269e-02,1.202515215322045583e-01,7.098560673800802245e-02,9.495514724970434417e-02,6.756756756756757132e-02,1.427788514234618750e-02,4.550174507485073294e-02,1.853240647264126420e-02,1.270587556606766859e-02,1.846029594161931534e-02,9.879142750007211329e-03,1.766708010037786047e-02,8.335977386137472314e-03,6.158239349274567849e-03,2.369552049381291534e-02,1.285009662811156979e-02,1.685944215293201306e-02,1.286451873431595887e-02,1.521532204563154356e-02,4.802561366061899872e-03,4.889094003288240418e-03,1.476823675329545088e-02,1.993135077446710202e-02,2.728662493870604930e-02,1.006663013066428150e-02,3.263722634053477234e-02,4.264616804638149405e-02,4.668435778361072069e-02,1.221552395511840521e-02,5.500591306354379872e-02,2.885863451498456994e-02,4.929475900660532789e-02,3.328622111973232600e-02,6.528887478727393723e-02,2.151778245695001174e-02,2.796446393031238112e-02,1.807089907410078244e-02,1.231647869854913570e-02,1.977270760621881174e-02,2.311863624563731401e-02,4.371340390550636223e-02,2.891632293980212973e-02,7.637947445844990579e-02,7.271625948253482297e-02,1.975828550001442266e-02,4.475179555222244532e-02,1.513888488274827693e-01,6.740892439931928104e-02,9.596469468401165603e-02,6.153912717413251299e-02,1.364331246935302465e-02,5.122732123799359633e-02
1.165306181314719122e-02,2.445989212264559204e-02,1.962848654417491054e-02,7.816781562779429038e-03,3.513225071389425996e-02,4.880440739565606451e-02,4.783812627996192335e-02,9.186881652196486961e-03,5.739998269347255239e-02,3.379099483688598193e-02,3.875219937119617208e-02,2.763275548761141148e-02,7.554299229859529063e-02,1.945542126972223118e-02,0.000000000000000000e+00,1.724883902045054596e-02,1.283567452190717897e-02,2.199371196169488604e-02,2.006114973030661414e-02,4.733335256280827436e-02,2.085436557154806900e-02,8.457123078254348558e-02,7.237012893362947119e-02,2.518099743286509457e-02,5.637601315296086185e-02,1.299431769015547133e-01,7.483630909458016678e-02,1.000461507398540534e-01,7.130289307450460301e-02,1.452306094782081919e-02,4.785254838616631590e-02,1.991692866826271294e-02,1.368657878796619536e-02,1.978712971242320082e-02,1.068678069745305527e-02,1.838818541059736300e-02,8.783062678473564991e-03,6.518792004384319980e-03,2.551270587556606767e-02,1.394617669964521613e-02,1.814300960512273131e-02,1.365773457555741373e-02,1.540280942628861546e-02,4.961204534310191018e-03,5.062159277740921511e-03,1.654215581643543251e-02,2.105627505840952998e-02,2.926245348870749191e-02,1.048487121059159428e-02,3.436787908506157979e-02,4.453546395915659178e-02,4.913611583835703067e-02,1.326833770803888257e-02,5.806339957887449860e-02,2.981049352447431508e-02,5.154460757449017688e-02,3.588220023652254065e-02,6.807234128472122725e-02,2.221004355476073611e-02,3.012777986097089564e-02,1.906602440220369829e-02,1.274914188468083930e-02,2.115722980184026047e-02,2.411376157374022985e-02,4.620842827886584292e-02,3.169978943724941628e-02,8.067726210735816361e-02,7.767746401684501312e-02,2.190717932446854463e-02,4.705933254492485757e-02,1.634457296143528859e-01,7.091349620698607359e-02,9.977213072197063659e-02,6.491390002595978648e-02,1.401828723066716673e-02,5.395309931062332309e-02
9.533012201101849145e-03,2.008999394271539576e-02,1.651331160402665088e-02,6.489947791975540087e-03,2.989702616170065649e-02,4.030978684127029671e-02,4.048285211572297954e-02,7.499495226282846747e-03,4.809772419164094759e-02,2.849808185987481521e-02,3.259396002192160163e-02,2.245521936023536780e-02,6.305344832559346691e-02,1.649888949782226180e-02,1.724883902045054596e-02,0.000000000000000000e+00,1.085984597190573636e-02,1.859009489745882399e-02,1.685944215293201306e-02,4.035305315988346742e-02,1.688828636534079469e-02,7.120193833107386905e-02,6.064495658946032763e-02,2.030632553578124583e-02,4.759295047448729166e-02,1.070264501427788534e-01,6.305344832559346691e-02,8.462891920736104190e-02,6.021229340332862057e-02,1.257607661022815820e-02,4.003576682338688686e-02,1.678733162191006420e-02,1.135019758285499974e-02,1.626813579855201919e-02,8.768640572269174177e-03,1.572009576278519602e-02,7.441806801465286093e-03,5.307335083215553202e-03,2.127260665147538005e-02,1.171075023796475274e-02,1.502783466497447339e-02,1.133577547665061067e-02,1.341255877008278204e-02,4.268943436499466650e-03,4.326631861317026435e-03,1.318180507081254116e-02,1.781130116242176167e-02,2.417144999855778964e-02,8.840751103291124777e-03,2.904612189564163838e-02,3.800224984856788446e-02,4.166546482448296729e-02,1.085984597190573636e-02,4.912169373215264506e-02,2.531079638870460669e-02,4.319420808214831375e-02,2.917592085148115050e-02,5.781822377339986690e-02,1.908044650840808737e-02,2.471949003432461281e-02,1.606622631169055820e-02,1.077331333467939668e-02,1.749401482592517765e-02,2.043612449162075795e-02,3.925697308834982108e-02,2.548386166315728604e-02,6.837520551501341526e-02,6.488505581355101526e-02,1.734979376388127645e-02,3.955983731864201602e-02,1.341688540194410084e-01,6.022671550953301312e-02,8.506158239349274897e-02,5.546742046208428395e-02,1.222994606132279602e-02,4.547290086244194784e-02
7.124520464968703802e-03,1.492687992154374289e-02,1.241743344197986619e-02,4.917938215697020311e-03,2.239753093541780801e-02,3.011335775476650656e-02,3.012777986097089564e-02,5.509244570077014187e-03,3.562260232484352335e-02,2.122934033286221281e-02,2.450315844125876275e-02,1.683059794052323491e-02,4.690068937667656729e-02,1.254723239781937831e-02,1.283567452190717897e-02,1.085984597190573636e-02,0.000000000000000000e+00,1.362889036314863384e-02,1.254723239781937831e-02,2.988260405549626395e-02,1.257607661022815820e-02,5.256857711500187436e-02,4.522772505696731615e-02,1.508552308979203317e-02,3.504571807666791855e-02,7.959560414202890288e-02,4.672762410222389140e-02,6.283711673252762031e-02,4.443450921572586476e-02,9.374369032853557132e-03,2.983933773688309324e-02,1.217225763650523450e-02,8.393665810955032100e-03,1.215783553030084542e-02,6.417837260953589487e-03,1.210014710548328563e-02,5.624621419712134626e-03,4.009345524820445011e-03,1.548934206351495514e-02,8.667685828838443685e-03,1.114828809599353876e-02,8.451354235772591886e-03,1.013874066168623210e-02,3.172863364965819444e-03,3.187285471170209824e-03,9.835876431394040623e-03,1.321064928322132105e-02,1.791225590585249217e-02,6.677435172632611125e-03,2.171969194381147272e-02,2.789235339929043225e-02,3.092099570221235050e-02,8.018691049640890023e-03,3.632928552885863333e-02,1.902275808359052758e-02,3.253627159710403838e-02,2.190717932446854463e-02,4.330958493178344026e-02,1.443652831059447951e-02,1.837376330439297392e-02,1.181170498139548324e-02,8.177334217889180301e-03,1.305200611497303077e-02,1.525858836424471426e-02,2.890190083359773718e-02,1.902275808359052758e-02,5.023219590989067701e-02,4.824194525368484532e-02,1.287894084052034968e-02,2.936340823213822240e-02,9.955579912890479000e-02,4.429028815368196703e-02,6.378897574201736198e-02,4.038189737229225251e-02,8.970550059130635162e-03,3.377657273068158938e-02
1.221552395511840521e-02,2.544059534454411881e-02,2.076783293432172758e-02,8.235022642706740087e-03,3.743978770659667221e-02,5.129943176901554519e-02,5.078023594565750365e-02,9.518590094897458331e-03,6.113530820040959102e-02,3.576682338688742108e-02,4.117511321353370390e-02,2.828175026680896514e-02,7.966771467305085175e-02,2.078225504052612013e-02,2.199371196169488604e-02,1.859009489745882399e-02,1.362889036314863384e-02,0.000000000000000000e+00,2.135913928870172146e-02,5.057832645879604266e-02,2.187833511205976647e-02,9.016700798984683685e-02,7.655253973290258862e-02,2.611843433615045063e-02,6.019787129712423496e-02,1.357985520205370888e-01,7.965329256684645920e-02,1.066370532752603240e-01,7.604776601574894657e-02,1.569125155037641786e-02,5.060717067120482082e-02,2.108511927081831161e-02,1.432115146095935820e-02,2.030632553578124583e-02,1.106175545876719908e-02,1.971501918140125195e-02,9.316680608035997346e-03,6.735123597450171778e-03,2.665205226571288472e-02,1.471054832847789109e-02,1.889295912775101546e-02,1.434999567336813810e-02,1.665753266607055208e-02,5.365023508033112988e-03,5.365023508033112988e-03,1.710461795840664476e-02,2.251290778505292758e-02,3.040179987885430896e-02,1.114828809599353876e-02,3.656003922812887941e-02,4.789581470477948660e-02,5.248204447777553294e-02,1.381637774380570574e-02,6.230349880296518622e-02,3.190169892411087726e-02,5.460209408982087675e-02,3.728114453834838193e-02,7.310565635005336627e-02,2.383974155585681654e-02,3.126712625111771615e-02,2.024863711096368604e-02,1.364331246935302465e-02,2.244079725403097872e-02,2.575788168104069936e-02,4.936686953762727675e-02,3.270933687155672120e-02,8.615766246502638837e-02,8.206178430297961235e-02,2.249848567884853850e-02,5.039083907813897423e-02,1.712480890709279224e-01,7.620640918399723684e-02,1.073148922668666488e-01,7.003374772851826691e-02,1.535954310767544476e-02,5.714038478179353509e-02
1.091753439672329788e-02,2.334938994490755315e-02,1.926793388906515928e-02,7.586027863509187293e-03,3.429576855403963093e-02,4.703048833251607941e-02,4.629496091609218433e-02,8.739796359860394284e-03,5.571259626755891564e-02,3.298335688944013105e-02,3.794456142375032121e-02,2.624823329198996275e-02,7.229801840260752233e-02,1.916697914563442878e-02,2.006114973030661414e-02,1.685944215293201306e-02,1.254723239781937831e-02,2.135913928870172146e-02,0.000000000000000000e+00,4.671320199601949885e-02,1.945542126972223118e-02,8.256655802013325440e-02,7.033661195881046879e-02,2.365225417519974463e-02,5.450113934639014973e-02,1.234676512157835554e-01,7.301912371282702485e-02,9.698866422452334657e-02,6.918284346245925920e-02,1.439326199198130880e-02,4.656898093397560112e-02,1.820069802994029109e-02,1.274914188468083930e-02,1.902275808359052758e-02,9.994519599642330901e-03,1.835934119818858484e-02,8.523464766794542485e-03,6.302460411318469048e-03,2.355129943176901414e-02,1.313853875219937045e-02,1.726326112665493503e-02,1.312411664599498137e-02,1.546049785110617525e-02,4.759295047448729166e-03,4.860249790879459658e-03,1.522974415183593437e-02,2.043612449162075795e-02,2.793561971790360296e-02,1.026853961752574422e-02,3.324295480111915529e-02,4.323747440076148446e-02,4.740546309383022322e-02,1.243185554818425700e-02,5.653465632120915213e-02,2.895958925841530043e-02,5.010239695405117183e-02,3.351697481900256514e-02,6.625515590296807145e-02,2.218119934235195795e-02,2.851250396607920776e-02,1.864778332227638377e-02,1.241743344197986619e-02,2.014768236753295555e-02,2.352245521936023598e-02,4.560269981828145996e-02,2.907496610805042001e-02,7.888892093801379291e-02,7.460555539530992764e-02,2.036401396059880561e-02,4.532867980039805011e-02,1.548934206351495479e-01,6.952897401136462485e-02,9.782514638437797561e-02,6.352937783033833774e-02,1.400386512446277591e-02,5.269837607084138648e-02
2.557039430038362746e-02,5.590008364821598408e-02,4.597767457959560378e-02,1.775361273760419842e-02,8.092243791283279530e-02,1.114540367475266025e-01,1.094349418789119927e-01,2.053707923505148844e-02,1.324526233811185727e-01,7.842741353947330074e-02,8.979203322853269997e-02,6.189967982924226425e-02,1.717528627880815784e-01,4.517003663214975984e-02,4.733335256280827436e-02,4.035305315988346742e-02,2.988260405549626395e-02,5.057832645879604266e-02,4.671320199601949885e-02,0.000000000000000000e+00,4.534310190660244266e-02,1.960829559548876444e-01,1.672387435461074601e-01,5.552510888690184027e-02,1.296258905650581328e-01,2.927976001615276158e-01,1.738152239753093520e-01,2.296864634111165648e-01,1.644841212610689551e-01,3.423808012922207461e-02,1.107185093311027074e-01,4.407395656061611350e-02,3.019989039199284797e-02,4.528541348178487941e-02,2.389742998067437632e-02,4.329516282557904772e-02,2.013326026132856300e-02,1.478265885949984169e-02,5.607314892266866690e-02,3.103637255184747354e-02,4.103089215148980617e-02,3.067581989673771881e-02,3.651677290951570870e-02,1.132135337044621985e-02,1.160979549453402225e-02,3.542069283798206236e-02,4.861692001499898913e-02,6.661570855807781577e-02,2.407049525512705915e-02,7.831203668983818811e-02,1.028151951310969509e-01,1.120597652081109924e-01,2.950762929418212360e-02,1.334333266030170995e-01,6.875018027632755213e-02,1.186650898497216555e-01,7.923505148691914468e-02,1.564365859990193008e-01,5.213591392887017423e-02,6.795696443508610074e-02,4.449219764054342802e-02,2.929129770111627007e-02,4.759295047448729166e-02,5.598661628544232549e-02,1.085407712942398073e-01,6.859153710807926185e-02,1.876171796129106617e-01,1.787187400848019858e-01,4.747757362485217209e-02,1.073725806916842190e-01,3.660907438922380019e-01,1.650033170844270036e-01,2.321382214658628818e-01,1.510571403847817962e-01,3.354581903141135024e-02,1.250540828982664721e-01
1.159537338832963144e-02,2.355129943176901414e-02,1.887853702154662638e-02,7.614872075917967185e-03,3.435345697885719418e-02,4.754968415587412095e-02,4.682857884565461842e-02,8.999394271539415055e-03,5.558279731171940352e-02,3.291124635841818219e-02,3.772822983068447461e-02,2.663763015950849564e-02,7.395656061611237397e-02,1.912371282702125808e-02,2.085436557154806900e-02,1.688828636534079469e-02,1.257607661022815820e-02,2.187833511205976647e-02,1.945542126972223118e-02,4.534310190660244266e-02,0.000000000000000000e+00,8.170123164786985415e-02,7.001932562231388824e-02,2.496466583979924450e-02,5.507802359456574759e-02,1.261790071822088966e-01,7.228359629640312978e-02,9.795494534021748079e-02,6.922610978107242297e-02,1.411924197409789722e-02,4.672762410222389140e-02,2.001788341169344343e-02,1.341255877008278204e-02,1.893622544636418617e-02,1.052813752920476499e-02,1.802763275548761174e-02,8.595575297816493085e-03,6.316882517522858995e-03,2.565692693760996887e-02,1.394617669964521613e-02,1.769592431278663863e-02,1.370100089417058443e-02,1.491245781533935208e-02,4.874671897083850472e-03,4.874671897083850472e-03,1.706135163979347405e-02,2.063803397848221893e-02,2.805099656753872253e-02,1.022527329891257351e-02,3.392079379272548711e-02,4.378551443652831110e-02,4.825636735988923787e-02,1.299431769015547099e-02,5.660676685223110099e-02,2.963742825002163225e-02,5.060717067120482082e-02,3.569471285586547221e-02,6.716374859384464935e-02,2.177738036862903598e-02,2.959416193140846155e-02,1.835934119818858484e-02,1.257607661022815820e-02,2.088320978395685062e-02,2.326285730768121521e-02,4.431913236609074519e-02,3.177189996827136514e-02,7.822550405261184669e-02,7.506706279385041980e-02,2.218119934235195795e-02,4.622285038507023547e-02,1.615997000201909450e-01,6.948570769275144721e-02,9.778188006576479796e-02,6.321209149384175718e-02,1.365773457555741373e-02,5.220802445989212309e-02
