0.000000000000000000e+00,1.517341998806286812e-02,8.846740500033159482e-03,6.830691690430400198e-03,2.537303534717156445e-02,2.931228861330326813e-02,3.142118177597984230e-02,7.387757808873267849e-03,3.589097420253332255e-02,2.155315339213475720e-02,2.642085018900457508e-02,1.936467935539492105e-02,5.013595065985808341e-02,6.698056900324955189e-03,1.082299887260428431e-02,9.775184030771271945e-03,6.419523841103521797e-03,1.440413820545129002e-02,1.517341998806286812e-02,2.445785529544399622e-02,1.468267126467272428e-02,4.772199747993898650e-02,3.578486637044896862e-02,1.397970687711386738e-02,3.717753166655613645e-02,7.842695138934942245e-02,4.418064858412361351e-02,6.591949068240599008e-02,4.809337489223423218e-02,1.282578420319649762e-02,3.343723058558260158e-02,1.327674248955501048e-02,1.074341799854101713e-02,1.301147290934412046e-02,7.865243053252868322e-03,1.120763976391007423e-02,7.361230850852178501e-03,4.628954174680018942e-03,1.179123284037402949e-02,9.138537038265136248e-03,1.141985542807878555e-02,8.780423104980436544e-03,8.435572650706281081e-03,3.249552357583394054e-03,3.090390609456860564e-03,8.157039591484846822e-03,1.448371907951455720e-02,1.579680350155845958e-02,7.692817826115790590e-03,2.367531003382187041e-02,2.868890509980768014e-02,3.538696200013263793e-02,8.409045692685190865e-03,4.016181444392864092e-02,2.238875256979905998e-02,2.606273625571987537e-02,2.610252669275150983e-02,4.827906359838185502e-02,7.679554347105245482e-03,1.416539558326149022e-02,1.343590423768154310e-02,7.440811724915445680e-03,1.260030506001724206e-02,1.668545659526493932e-02,2.472312487565488451e-02,1.639366005703295909e-02,4.378274421380728282e-02,4.532130777903044250e-02,1.403276079315604434e-02,3.489621327674249235e-02,1.024736388354665489e-01,4.688639830227468719e-02,6.378407056170833089e-02,4.258903110285827687e-02,9.801710988792360427e-03,3.540022547914317697e-02
1.517341998806286812e-02,0.000000000000000000e+00,1.667219311625439335e-02,1.264009549704887651e-02,4.821274620332913208e-02,5.553418661714967786e-02,5.959281119437628144e-02,1.386033556601896748e-02,6.869155779560978670e-02,4.075867099940314042e-02,5.006963326480536047e-02,3.504211154585847726e-02,9.515219842164600317e-02,1.253398766496452085e-02,2.010743417998540894e-02,1.833012799257245293e-02,1.218913721069036366e-02,2.681875455932090924e-02,2.794615027521718878e-02,4.615690695669474181e-02,2.707076066052125501e-02,8.978048942237548680e-02,6.724583858346043497e-02,2.582399363353007557e-02,6.914251608196829435e-02,1.458054247629153033e-01,8.375886995158830783e-02,1.247562835731812481e-01,9.146495125671463833e-02,2.417932223622256196e-02,6.231182439153790109e-02,2.476291531268651896e-02,2.058491942436501201e-02,2.449764573247562721e-02,1.462961734863054558e-02,2.116851250082896901e-02,1.376749121294515606e-02,8.621261356853902186e-03,2.188474036739836842e-02,1.710988792360236196e-02,2.130114729093441142e-02,1.636713309901187061e-02,1.653955832614894747e-02,6.273625571987532547e-03,5.636978579481397716e-03,1.433782081039856708e-02,2.738908415677432026e-02,2.867564162079713416e-02,1.445719212149346698e-02,4.550699648517806534e-02,5.371708999270508739e-02,6.662245506996485045e-02,1.616818091385370526e-02,7.569467471317727070e-02,4.188606671529942344e-02,4.955235758339412294e-02,4.781484183301280139e-02,9.093441209629285482e-02,1.458982691159891286e-02,2.642085018900457508e-02,2.522713707805557259e-02,1.397970687711386738e-02,2.370183699184295889e-02,3.126202002785330447e-02,4.626301478877909573e-02,3.090390609456860477e-02,8.300285164798726356e-02,8.536375091186418351e-02,2.569135884342462969e-02,6.645002984282777359e-02,1.930764639564957752e-01,8.813581802506798013e-02,1.195172093640161776e-01,8.020425757676238887e-02,1.833012799257245293e-02,6.586643676636382005e-02
8.846740500033159482e-03,1.667219311625439335e-02,0.000000000000000000e+00,7.480602161947078402e-03,2.880827641090258004e-02,3.281384707208701013e-02,3.541348895815372294e-02,8.289674381590290964e-03,4.073214404138205541e-02,2.368857351283241638e-02,2.984282777372504816e-02,2.037270376019630069e-02,5.690032495523576067e-02,7.308176934810000670e-03,1.195039458850056385e-02,1.102195105776245139e-02,7.029643875588567278e-03,1.587638437562172503e-02,1.651303136812785899e-02,2.753498242589031211e-02,1.620797135088533625e-02,5.375688042973671837e-02,3.945885005636978748e-02,1.546521652629484662e-02,4.093109622654022423e-02,8.679620664500298233e-02,4.920750712911996921e-02,7.350620067643742761e-02,5.438026394323230983e-02,1.405928775117713456e-02,3.660720206910272889e-02,1.476225213873598972e-02,1.237482591683798649e-02,1.466940778566218004e-02,8.674315272896080883e-03,1.250746070694343064e-02,8.077458717421579643e-03,5.119702898070163655e-03,1.317063465747065482e-02,1.031898667020359449e-02,1.281252072418595338e-02,9.841501425823993149e-03,9.669076198686916285e-03,3.753564559984083875e-03,3.382187147688838630e-03,8.289674381590290964e-03,1.618144439286424777e-02,1.689767225943365064e-02,8.581470919822269464e-03,2.692486239140526663e-02,3.228330791166522662e-02,3.967106572053849534e-02,9.523177929570926167e-03,4.514888255189335869e-02,2.486902314477087289e-02,2.924597121825054866e-02,2.833079116652298043e-02,5.395583261489488719e-02,8.541680482790636741e-03,1.575701306452682512e-02,1.509383911399960268e-02,8.249883944558658241e-03,1.404602427216658858e-02,1.831686451356190695e-02,2.709728761854234350e-02,1.825054711850918401e-02,4.940645931427813803e-02,5.053385503017441410e-02,1.557132435837920229e-02,3.961801180449631837e-02,1.147821473572518125e-01,5.163472378804960516e-02,7.076066052125472294e-02,4.745672789972810168e-02,1.055772929239339429e-02,3.899462829100072692e-02
6.830691690430400198e-03,1.264009549704887651e-02,7.480602161947078402e-03,0.000000000000000000e+00,2.185821340937727994e-02,2.486902314477087289e-02,2.681875455932090924e-02,6.260362092976987439e-03,3.049273824524172810e-02,1.840970886663571837e-02,2.261423171297831380e-02,1.624776178791697070e-02,4.293388155713243753e-02,5.743086411565753377e-03,9.032429206180780587e-03,8.316201339611379445e-03,5.477816831354864226e-03,1.213608329464818669e-02,1.270641289210159772e-02,2.078387160952317736e-02,1.234829895881689801e-02,4.046687446117116366e-02,2.996219908481994806e-02,1.191060415146893113e-02,3.146097221301147329e-02,6.580011937131109712e-02,3.754890907885138213e-02,5.606472577757145442e-02,4.106373101664566316e-02,1.074341799854101713e-02,2.837058160355461142e-02,1.124743020094170695e-02,9.456860534518204964e-03,1.130048411698388565e-02,6.724583858346044538e-03,9.602758803634193346e-03,6.220571655945354717e-03,4.005570661184428352e-03,9.854764904834537390e-03,7.891770011273956803e-03,9.775184030771271945e-03,7.454075203925989920e-03,7.387757808873267849e-03,2.878174945288149243e-03,2.599641886066715417e-03,6.525631673187877457e-03,1.233503547980635377e-02,1.318389813648119906e-02,6.591949068240599528e-03,2.055839246634392353e-02,2.440480137940181579e-02,3.038663041315737071e-02,7.321440413820544911e-03,3.411366801512036306e-02,1.909940977518402930e-02,2.252138735990450238e-02,2.213674646859871420e-02,4.103720405862457815e-02,6.525631673187877457e-03,1.197692154652165233e-02,1.140659194906824131e-02,6.366469925061343967e-03,1.075668147755156137e-02,1.421844949930366718e-02,2.079713508853372333e-02,1.407255123018767880e-02,3.719079514556668242e-02,3.838450825651568143e-02,1.189734067245838516e-02,2.984282777372504816e-02,8.719411101531931996e-02,3.943232309834869553e-02,5.391604217786325620e-02,3.601034551362822245e-02,8.170303070495391062e-03,3.000198952185158252e-02
2.537303534717156445e-02,4.821274620332913208e-02,2.880827641090258004e-02,2.185821340937727994e-02,0.000000000000000000e+00,9.472776709330857359e-02,1.031898667020359484e-01,2.370183699184295889e-02,1.168114596458651039e-01,7.030970223489621529e-02,8.716758405729822801e-02,6.028251210292459583e-02,1.647589362689833581e-01,2.136746468598713436e-02,3.410040453610982403e-02,3.176603223025399603e-02,2.059818290337555452e-02,4.603753564559984190e-02,4.780157835400225541e-02,7.931560448305589872e-02,4.709861396644339504e-02,1.534584521519994638e-01,1.132568472710391988e-01,4.414085814709198252e-02,1.193845745739107317e-01,2.488361297168247277e-01,1.429139863386166276e-01,2.145102460375356568e-01,1.578486637044896890e-01,4.126268320180383198e-02,1.068107964719145764e-01,4.284103720405862264e-02,3.558591418529079980e-02,4.256250414483719186e-02,2.530671795211884151e-02,3.685920817030306773e-02,2.378141786590622780e-02,1.504078519795742398e-02,3.777438822203063595e-02,2.953776775648252542e-02,3.696531600238742860e-02,2.819815637641753456e-02,2.862258770475495720e-02,1.102195105776245139e-02,9.642549240665826069e-03,2.433848398434909632e-02,4.720472179852775590e-02,4.924729756615160020e-02,2.488228662378141887e-02,7.922276012998209771e-02,9.231381391338948361e-02,1.156044830559055658e-01,2.746866503083758917e-02,1.302473638835466574e-01,7.275018237283639722e-02,8.661051793885536643e-02,8.310895948007161749e-02,1.561244114331189203e-01,2.537303534717156445e-02,4.557331388023078134e-02,4.363684594469129097e-02,2.439153790039127329e-02,4.074540752039260139e-02,5.387625174083161828e-02,7.849326878440214539e-02,5.419457523708468699e-02,1.422242854300683201e-01,1.453412029975462427e-01,4.481729557662975094e-02,1.143046621128722129e-01,3.303932621526626257e-01,1.492008753896146844e-01,2.064725777571456977e-01,1.369056303468399738e-01,3.156708004509582721e-02,1.141720273227667670e-01
2.931228861330326813e-02,5.553418661714967786e-02,3.281384707208701013e-02,2.486902314477087289e-02,9.472776709330857359e-02,0.000000000000000000e+00,1.173552622852974403e-01,2.696465282843689762e-02,1.341998806286889001e-01,7.974003581139332830e-02,9.777836726573380099e-02,6.808143776112474121e-02,1.872405331918562121e-01,2.469659791763379603e-02,3.932621526626434161e-02,3.615624378274421430e-02,2.379468134491677031e-02,5.285496385701969613e-02,5.480469527156973247e-02,8.991312421248093267e-02,5.312023343723058788e-02,1.764838517143046681e-01,1.310564361031898717e-01,5.025532197095298331e-02,1.370780555739770645e-01,2.872604284103720262e-01,1.638835466542874209e-01,2.455202599641886085e-01,1.791896014324557418e-01,4.719145831951720993e-02,1.218913721069036366e-01,4.862391405265600874e-02,4.018834140194973287e-02,4.760262616884408660e-02,2.854300683069169176e-02,4.164732409310962363e-02,2.704423370250016653e-02,1.680482790635983922e-02,4.258903110285827687e-02,3.370250016579348640e-02,4.124941972279328600e-02,3.162013396113800417e-02,3.245573313880231042e-02,1.225545460574308659e-02,1.100868757875190715e-02,2.805225810730154618e-02,5.354466476556801052e-02,5.636978579481397716e-02,2.835731812454406892e-02,8.931626765700642623e-02,1.062006764374295309e-01,1.303269447576099194e-01,3.162013396113800417e-02,1.493202467007095913e-01,8.183566549505935650e-02,9.765899595463890803e-02,9.293719742688506813e-02,1.779826248424961899e-01,2.862258770475495720e-02,5.138271768684925939e-02,4.957888454141521489e-02,2.740234763578486624e-02,4.654154784800053346e-02,6.154254260892632472e-02,8.979375290138603971e-02,6.041514689303004171e-02,1.633927979308972822e-01,1.677564825253664016e-01,5.057364546720604509e-02,1.309238013130844258e-01,3.784999005239074177e-01,1.723456462630147956e-01,2.350819019828901124e-01,1.569334836527621069e-01,3.626235161482856822e-02,1.295576629749983499e-01
3.142118177597984230e-02,5.959281119437628144e-02,3.541348895815372294e-02,2.681875455932090924e-02,1.031898667020359484e-01,1.173552622852974403e-01,0.000000000000000000e+00,2.941839644538762552e-02,1.444658133828503332e-01,8.625240400557065978e-02,1.067710060348829454e-01,7.378473373565885840e-02,2.024802705749718101e-01,2.638105975197294409e-02,4.223091716957357716e-02,3.923337091319052672e-02,2.551893361628755283e-02,5.675442668611976882e-02,5.899595463890178193e-02,9.712845679421712453e-02,5.788182240201605183e-02,1.895351150606804091e-01,1.403143444525498940e-01,5.449963525432720973e-02,1.473970422441806538e-01,3.081106174149479404e-01,1.766430134624311921e-01,2.637575436036872500e-01,1.939385900921811734e-01,5.082565156840639087e-02,1.317063465747065343e-01,5.305391604217786494e-02,4.338483984349094519e-02,5.146229856091252830e-02,3.082432522050533932e-02,4.491013992970355889e-02,2.906028251210292582e-02,1.826381059751972999e-02,4.736388354665428679e-02,3.622256117779693724e-02,4.484382253465083595e-02,3.456462630147887766e-02,3.498905762981630030e-02,1.360832946481862170e-02,1.183102327740566395e-02,3.010809735393593645e-02,5.782876848597386793e-02,6.056104516214603356e-02,3.081106174149479335e-02,9.727435506333310944e-02,1.141057099277140441e-01,1.420783871609523075e-01,3.399429670402546316e-02,1.605942038596723798e-01,8.939584853106970208e-02,1.059221433782081001e-01,1.019961535910869355e-01,1.930101465614430800e-01,3.087737913654751629e-02,5.571987532329730070e-02,5.382319782478944131e-02,2.984282777372504816e-02,5.013595065985808341e-02,6.594601764042708203e-02,9.616022282644737240e-02,6.627760461569069672e-02,1.752636116453345771e-01,1.791630744744346360e-01,5.508322833079116326e-02,1.410703627561509521e-01,4.074275482459048803e-01,1.846939452218316902e-01,2.534120299754625827e-01,1.689236686782943087e-01,3.872935871078984210e-02,1.401286557464022919e-01
7.387757808873267849e-03,1.386033556601896748e-02,8.289674381590290964e-03,6.260362092976987439e-03,2.370183699184295889e-02,2.696465282843689762e-02,2.941839644538762552e-02,0.000000000000000000e+00,3.334438623250878669e-02,1.986869155779560914e-02,2.465680748060216157e-02,1.725578619271835035e-02,4.708535048743285600e-02,6.114463823860999056e-03,1.001392665296107175e-02,9.085483122222959285e-03,5.822667285629020556e-03,1.317063465747065482e-02,1.374096425492406584e-02,2.273360302407321371e-02,1.356853902778698898e-02,4.420717554214470546e-02,3.294648186219245600e-02,1.294515551429139925e-02,3.412693149413090904e-02,7.221964321241461371e-02,4.098415014258240119e-02,6.093242257444127924e-02,4.472445122355593605e-02,1.159228065521586241e-02,3.066516347237880497e-02,1.232177200079580953e-02,1.030572319119305025e-02,1.212281981563764245e-02,7.135751707672922939e-03,1.042509450228795015e-02,6.804164732409310849e-03,4.270840241395318371e-03,1.095563366270972845e-02,8.554943961801180982e-03,1.058425625041448451e-02,8.064195238411035402e-03,8.024404801379402680e-03,3.143444525499038394e-03,2.732276676172159992e-03,6.751110816367133019e-03,1.347569467471317756e-02,1.397970687711386738e-02,7.149015186683467180e-03,2.262749519198885978e-02,2.631474235692022115e-02,3.307911665229789494e-02,7.971350885337223982e-03,3.725711254061940536e-02,2.065123681941773495e-02,2.453743616950726167e-02,2.364878307580078193e-02,4.491013992970355889e-02,7.149015186683467180e-03,1.306452682538629916e-02,1.254725114397506509e-02,6.843955169440944439e-03,1.188407719344784091e-02,1.516015650905232388e-02,2.250812388089395988e-02,1.539889913124212542e-02,4.077193447841368640e-02,4.175343192519397756e-02,1.277273028715432066e-02,3.280058359307646415e-02,9.509914450560381927e-02,4.292061807812189156e-02,5.877047549572252810e-02,3.957822136746468739e-02,8.846740500033159482e-03,3.249552357583394141e-02
3.589097420253332255e-02,6.869155779560978670e-02,4.073214404138205541e-02,3.049273824524172810e-02,1.168114596458651039e-01,1.341998806286889001e-01,1.444658133828503332e-01,3.334438623250878669e-02,0.000000000000000000e+00,9.793752901386033882e-02,1.209231381391338983e-01,8.359970820346177001e-02,2.305192652032628242e-01,3.037336693414682820e-02,4.873002188474036961e-02,4.480403209761920497e-02,2.907354599111346832e-02,6.500431063067842186e-02,6.744479076861860378e-02,1.120763976391007388e-01,6.533589760594203655e-02,2.189535115060680381e-01,1.617746534916108536e-01,6.191392002122156346e-02,1.681145964586510944e-01,3.531799190927780163e-01,2.030903906094568556e-01,3.012003448504542713e-01,2.225611777969361271e-01,5.839909808342728242e-02,1.497977319450891909e-01,5.947343988328138153e-02,4.969825585251011479e-02,5.923469726109158173e-02,3.532064460507991499e-02,5.159493335101797418e-02,3.331785927448769474e-02,2.086345248358644627e-02,5.217852642748192771e-02,4.166058757212016961e-02,5.142250812388089731e-02,3.925989787121161867e-02,4.017507792293918689e-02,1.501425823993633550e-02,1.368791033888188888e-02,3.427282976324690089e-02,6.614496982558525084e-02,6.946083957822137001e-02,3.468399761257377756e-02,1.097154983752238189e-01,1.310962265402214888e-01,1.603687247164931329e-01,3.912726308110617279e-02,1.849326878440214761e-01,1.010677100603488282e-01,1.207241859539757295e-01,1.138669673055242443e-01,2.191126732541945621e-01,3.554612374825916882e-02,6.381059751972942284e-02,6.118442867564161808e-02,3.392797930897274022e-02,5.753697194774189116e-02,7.584057298229325561e-02,1.112407984614364326e-01,7.435506333311227289e-02,2.018038331454340417e-01,2.077326082631474335e-01,6.256383049273823993e-02,1.611380064991047023e-01,4.668081437761124608e-01,2.127859937661648604e-01,2.898865972544598657e-01,1.941375422773393422e-01,4.461834339147158213e-02,1.596392333709131806e-01
2.155315339213475720e-02,4.075867099940314042e-02,2.368857351283241638e-02,1.840970886663571837e-02,7.030970223489621529e-02,7.974003581139332830e-02,8.625240400557065978e-02,1.986869155779560914e-02,9.793752901386033882e-02,0.000000000000000000e+00,7.267060149877312136e-02,5.078586113137475988e-02,1.367332051197029108e-01,1.848928974069898382e-02,2.876848597387094558e-02,2.648716758405729801e-02,1.746800185688706167e-02,3.882220306386365005e-02,4.004244313283374102e-02,6.603886199350089692e-02,3.920684395516944171e-02,1.287088003183234908e-01,9.523177929570926514e-02,3.667351946415544489e-02,1.004708535048743218e-01,2.089926387691491416e-01,1.198620598182903313e-01,1.793354997015717267e-01,1.309238013130844258e-01,3.493600371377412334e-02,8.971417202732276386e-02,3.518800981497446911e-02,2.937860600835599106e-02,3.533390808409045403e-02,2.110219510577624608e-02,3.114264871675840457e-02,1.998806286889050904e-02,1.256051462298560933e-02,3.086411565753697031e-02,2.477617879169706147e-02,3.070495390941043942e-02,2.342330393262152810e-02,2.398037005106439315e-02,9.045692685191324828e-03,8.103985675442668124e-03,2.055839246634392353e-02,3.924663439220107269e-02,4.109025797466675511e-02,2.070429073545991192e-02,6.611844286756415889e-02,7.601299820943033247e-02,9.625306717952118729e-02,2.302539956230519394e-02,1.090257974666755114e-01,6.110484780157835610e-02,7.203395450626699781e-02,6.930167783009483218e-02,1.304993699847470101e-01,2.146030903906094578e-02,3.777438822203063595e-02,3.640824988394456008e-02,2.039923071821738917e-02,3.441872803236288580e-02,4.497645732475628183e-02,6.598580807745871302e-02,4.483055905564029692e-02,1.188275084554678701e-01,1.218250547118509136e-01,3.689899860733470566e-02,9.529809669076198808e-02,2.754957225280191269e-01,1.255653557928244624e-01,1.730220836925525640e-01,1.143577160289143829e-01,2.687180847536308620e-02,9.511240798461435830e-02
2.642085018900457508e-02,5.006963326480536047e-02,2.984282777372504816e-02,2.261423171297831380e-02,8.716758405729822801e-02,9.777836726573380099e-02,1.067710060348829454e-01,2.465680748060216157e-02,1.209231381391338983e-01,7.267060149877312136e-02,0.000000000000000000e+00,6.261688440878042383e-02,1.700643278732011376e-01,2.237548909078851400e-02,3.575833941242787667e-02,3.284037403010809514e-02,2.127462033291332294e-02,4.772199747993898650e-02,4.947277670933085403e-02,8.237946813449167904e-02,4.887592015385635452e-02,1.592811194376284878e-01,1.181908614629617327e-01,4.582531998143112711e-02,1.236421513362955110e-01,2.586113137475959944e-01,1.480469527156973164e-01,2.211950394588500513e-01,1.626102526692751460e-01,4.248292327077392294e-02,1.109092114861728179e-01,4.407454075203925958e-02,3.703163339744015153e-02,4.428675641620797437e-02,2.622189800384640973e-02,3.829166390344187348e-02,2.469659791763379603e-02,1.559785131640029250e-02,3.870283175276875015e-02,3.082432522050533932e-02,3.839777173552622741e-02,2.919291730220836822e-02,2.955103123549307140e-02,1.139332847005769533e-02,1.001392665296107175e-02,2.505471185091849573e-02,4.873002188474036961e-02,5.090523244246965978e-02,2.575767623847735263e-02,8.199482724318589433e-02,9.516546190065654220e-02,1.195437363220372695e-01,2.847668943563896882e-02,1.350752702433848373e-01,7.544266861197691798e-02,8.936932157304861013e-02,8.565554745009615334e-02,1.615624378274421458e-01,2.634126931494130963e-02,4.731082963061210983e-02,4.521519994694608163e-02,2.522713707805557259e-02,4.257576762384773783e-02,5.564029444923403178e-02,8.178261157901717260e-02,5.597188142449764647e-02,1.472644074540752079e-01,1.505670137277007881e-01,4.605079912461038788e-02,1.179786457987930248e-01,3.418529080177730717e-01,1.548378539690961064e-01,2.137674912129451654e-01,1.421712315140261362e-01,3.264142184494993326e-02,1.181775979839511936e-01
1.936467935539492105e-02,3.504211154585847726e-02,2.037270376019630069e-02,1.624776178791697070e-02,6.028251210292459583e-02,6.808143776112474121e-02,7.378473373565885840e-02,1.725578619271835035e-02,8.359970820346177001e-02,5.078586113137475988e-02,6.261688440878042383e-02,0.000000000000000000e+00,1.175409509914450562e-01,1.604880960275880536e-02,2.500165793487631877e-02,2.262749519198885978e-02,1.506731215597851246e-02,3.341070362756150963e-02,3.488294979773194637e-02,5.732475628357318331e-02,3.419324888918363198e-02,1.109357384441939098e-01,8.280389946282909475e-02,3.242920618078121847e-02,8.626566748458119882e-02,1.813250215531533871e-01,1.027521718946879797e-01,1.545725843888852147e-01,1.121825054711850927e-01,2.993567212679885958e-02,7.808210093507526872e-02,3.067842695138935094e-02,2.591683798660388699e-02,3.106306784269513913e-02,1.846276278267789533e-02,2.675243716426818630e-02,1.746800185688706167e-02,1.096889714172027269e-02,2.704423370250016653e-02,2.164599774520856862e-02,2.713707805557397795e-02,2.055839246634392353e-02,2.038596723920684320e-02,7.891770011273956803e-03,7.122488228662377831e-03,1.836991842960408391e-02,3.391471582996220119e-02,3.635519596790238311e-02,1.799854101730884171e-02,5.663505537502486892e-02,6.528284368989986652e-02,8.322833079116652433e-02,1.994827243185887805e-02,9.320246700709595988e-02,5.268253862988261926e-02,6.167517739903176366e-02,6.083957822136746435e-02,1.125008289674381545e-01,1.829033755554081847e-02,3.314543404735061788e-02,3.134160090191657339e-02,1.750779229391869612e-02,2.977651037867232522e-02,3.894157437495854995e-02,5.744412759466808321e-02,3.900789177001127289e-02,1.017308840108760576e-01,1.054446581338285005e-01,3.230983486968631857e-02,8.175608462099608065e-02,2.392466343922010630e-01,1.080443000198952203e-01,1.487631805822667297e-01,9.864049340141918532e-02,2.272033954506267120e-02,8.240599509251277099e-02
5.013595065985808341e-02,9.515219842164600317e-02,5.690032495523576067e-02,4.293388155713243753e-02,1.647589362689833581e-01,1.872405331918562121e-01,2.024802705749718101e-01,4.708535048743285600e-02,2.305192652032628242e-01,1.367332051197029108e-01,1.700643278732011376e-01,1.175409509914450562e-01,0.000000000000000000e+00,4.224418064858412314e-02,6.737847337356588084e-02,6.272299224086477776e-02,4.058624577226606356e-02,9.106704688639830070e-02,9.409112010080243615e-02,1.558326148948869228e-01,9.269845480469526833e-02,3.036938789044366094e-01,2.245904900855494324e-01,8.752569799058293465e-02,2.353471715631010042e-01,4.929769878639166936e-01,2.820346176802175364e-01,4.206910272564493569e-01,3.104449897208037545e-01,8.113270110750049613e-02,2.100006631739505247e-01,8.470057696133695413e-02,6.943431262020027805e-02,8.253862988261821687e-02,4.920750712911996921e-02,7.170236753100338312e-02,4.647523045294781052e-02,2.913986338616619126e-02,7.508455467869222522e-02,5.810730154519530566e-02,7.171563101001392215e-02,5.524239007891770109e-02,5.546786922209695492e-02,2.147357251807149175e-02,1.892698454804695243e-02,4.786789574905497835e-02,9.257908349360037537e-02,9.699582200411167865e-02,4.928708800318323813e-02,1.544664765568008469e-01,1.825850520591551229e-01,2.266065388951521986e-01,5.426089263213740993e-02,2.569931693083095658e-01,1.424099741362159222e-01,1.690165130313681374e-01,1.628224683334438538e-01,3.083360965581272151e-01,4.902181842297234637e-02,8.913057895085881033e-02,8.630545792161284369e-02,4.741693746269646376e-02,8.042973671994163576e-02,1.054977120498706844e-01,1.539492008753896024e-01,1.054844485708601315e-01,2.807347967371841557e-01,2.875389614695934570e-01,8.828171629418396504e-02,2.254658797002453696e-01,6.525499038397771789e-01,2.950593540685721994e-01,4.059553020757344921e-01,2.703229657139067377e-01,6.182107566814775551e-02,2.239538430930433088e-01
6.698056900324955189e-03,1.253398766496452085e-02,7.308176934810000670e-03,5.743086411565753377e-03,2.136746468598713436e-02,2.469659791763379603e-02,2.638105975197294409e-02,6.114463823860999056e-03,3.037336693414682820e-02,1.848928974069898382e-02,2.237548909078851400e-02,1.604880960275880536e-02,4.224418064858412314e-02,0.000000000000000000e+00,8.926321374096424927e-03,8.117249154453212365e-03,5.424762915312686395e-03,1.200344850454274082e-02,1.240135287485907498e-02,2.054512898733337756e-02,1.200344850454274082e-02,4.000265269580211003e-02,2.989588168976722513e-02,1.165859805026858535e-02,3.119570263280058500e-02,6.477883148749917497e-02,3.741627428874593625e-02,5.560050401220240079e-02,4.057298229325551758e-02,1.080973539359374007e-02,2.813183898136481162e-02,1.084952583062537279e-02,9.231381391338947667e-03,1.107500497380462835e-02,6.645002984282777359e-03,9.536441408581470408e-03,6.313416009019166136e-03,3.965780224152795630e-03,9.523177929570926167e-03,7.613236952052523411e-03,9.576231845613104865e-03,7.321440413820544911e-03,7.414284766894356331e-03,2.798594071224882497e-03,2.559851449035081827e-03,6.366469925061343967e-03,1.210955633662709648e-02,1.307779030439684340e-02,6.392996883082432448e-03,2.031964984415412026e-02,2.387426221898003922e-02,2.972345646263014826e-02,7.255123018767822840e-03,3.379534451886730129e-02,1.894024802705749841e-02,2.233569865375687954e-02,2.161947078718748014e-02,4.053319185622388660e-02,6.645002984282777359e-03,1.176470588235294101e-02,1.124743020094170695e-02,6.339942967040254618e-03,1.071689104051992865e-02,1.408581470919822304e-02,2.057165594535446604e-02,1.386033556601896748e-02,3.687247164931361371e-02,3.815902911333642761e-02,1.155249021818422969e-02,2.940513296637707955e-02,8.577491876119106018e-02,3.937926918230651857e-02,5.321307779030439583e-02,3.540022547914317697e-02,8.263147423569202482e-03,2.968366602559851380e-02
1.082299887260428431e-02,2.010743417998540894e-02,1.195039458850056385e-02,9.032429206180780587e-03,3.410040453610982403e-02,3.932621526626434161e-02,4.223091716957357716e-02,1.001392665296107175e-02,4.873002188474036961e-02,2.876848597387094558e-02,3.575833941242787667e-02,2.500165793487631877e-02,6.737847337356588084e-02,8.926321374096424927e-03,0.000000000000000000e+00,1.310431726241793188e-02,8.462099608727369562e-03,1.903309238013130983e-02,2.012069765899595492e-02,3.302606273625571798e-02,1.953710458253199792e-02,6.408913057895085363e-02,4.798726706014987825e-02,1.866171496783606415e-02,4.945951323032031499e-02,1.044498972080376703e-01,5.963260163140791936e-02,8.805623715100470428e-02,6.480535844552025304e-02,1.689767225943365064e-02,4.451223555938722820e-02,1.757410968897141559e-02,1.480204257576762418e-02,1.769348100006631896e-02,1.039856754426686167e-02,1.508057563498905844e-02,9.841501425823993149e-03,6.180781218913721127e-03,1.551827044233702532e-02,1.237482591683798649e-02,1.547848000530539087e-02,1.172491544532130829e-02,1.164533457125804111e-02,4.456528947542940343e-03,4.045361098216061942e-03,1.004045361098216023e-02,1.945752370846873247e-02,2.059818290337555452e-02,1.021287883811923883e-02,3.237615226473904151e-02,3.834471781948405045e-02,4.754957225280190963e-02,1.151269978115259697e-02,5.404867696796869514e-02,2.982956429471450219e-02,3.516148285695337716e-02,3.394124278798328620e-02,6.479209496650971400e-02,1.038530406525631743e-02,1.872803236288878709e-02,1.798527753829829573e-02,9.974136215929439025e-03,1.707009748657072751e-02,2.218980038464089116e-02,3.307911665229789494e-02,2.196432124146163387e-02,5.908879899197559682e-02,6.068041647324093346e-02,1.856887061476225273e-02,4.723124875654884092e-02,1.371178460110086816e-01,6.266993832482260773e-02,8.496584654154784588e-02,5.733801976258372235e-02,1.295841899330194349e-02,4.717819484050666395e-02
9.775184030771271945e-03,1.833012799257245293e-02,1.102195105776245139e-02,8.316201339611379445e-03,3.176603223025399603e-02,3.615624378274421430e-02,3.923337091319052672e-02,9.085483122222959285e-03,4.480403209761920497e-02,2.648716758405729801e-02,3.284037403010809514e-02,2.262749519198885978e-02,6.272299224086477776e-02,8.117249154453212365e-03,1.310431726241793188e-02,0.000000000000000000e+00,7.878506532263412562e-03,1.753431925193978461e-02,1.830360103455136445e-02,2.998872604284103655e-02,1.783937926918230735e-02,5.834604416738510546e-02,4.359705550765965998e-02,1.685788182240201619e-02,4.540088865309370447e-02,9.535115060680415811e-02,5.439352742224285581e-02,8.167650374693281867e-02,5.981829033755554220e-02,1.577027654353737110e-02,4.066582664632933247e-02,1.630081570395914767e-02,1.347569467471317756e-02,1.591617481265335948e-02,9.536441408581470408e-03,1.384707208700842150e-02,9.072219643212415044e-03,5.610451621460309235e-03,1.436434776841965730e-02,1.116784932687843977e-02,1.382054512898733302e-02,1.058425625041448451e-02,1.078320843557264985e-02,4.164732409310961843e-03,3.660720206910272456e-03,9.204854433317859186e-03,1.785264274819284985e-02,1.875455932090987557e-02,9.483387492539293445e-03,2.974998342065123674e-02,3.532064460507991499e-02,4.362358246568074499e-02,1.053120233437230581e-02,4.944624975130976902e-02,2.734929371974268927e-02,3.256184097088666435e-02,3.126202002785330447e-02,5.934080509317594260e-02,9.456860534518204964e-03,1.721599575568671589e-02,1.660587572120167041e-02,9.125273559254592007e-03,1.547848000530539087e-02,2.042575767623847766e-02,2.976324689966178272e-02,2.033291332316466624e-02,5.415478480005305600e-02,5.548113270110750089e-02,1.692419921745473912e-02,4.359705550765965998e-02,1.261224219112673239e-01,5.716559453544664549e-02,7.825452616221234559e-02,5.237747861264009652e-02,1.196365806751110809e-02,4.311957026328006037e-02
6.419523841103521797e-03,1.218913721069036366e-02,7.029643875588567278e-03,5.477816831354864226e-03,2.059818290337555452e-02,2.379468134491677031e-02,2.551893361628755283e-02,5.822667285629020556e-03,2.907354599111346832e-02,1.746800185688706167e-02,2.127462033291332294e-02,1.506731215597851246e-02,4.058624577226606356e-02,5.424762915312686395e-03,8.462099608727369562e-03,7.878506532263412562e-03,0.000000000000000000e+00,1.153922673917368545e-02,1.195039458850056385e-02,1.948405066648982095e-02,1.155249021818422969e-02,3.834471781948405045e-02,2.829100072949134598e-02,1.080973539359374007e-02,2.980303733669341371e-02,6.232508787054844707e-02,3.567875853836461469e-02,5.375688042973671837e-02,3.903441872803236484e-02,1.043835798129849439e-02,2.659327541614165541e-02,1.041183102327740591e-02,8.581470919822269464e-03,1.033225014921413873e-02,6.194044697924265368e-03,9.125273559254592007e-03,5.902248159692286868e-03,3.647456727899728215e-03,9.085483122222959285e-03,7.321440413820544911e-03,8.992638769149147865e-03,6.897009085483122269e-03,7.069434312620200000e-03,2.639432323098348573e-03,2.413953179919092577e-03,6.207308176934809608e-03,1.163207109224749687e-02,1.226871808475363083e-02,6.154254260892631778e-03,1.948405066648982095e-02,2.279992041912593664e-02,2.847668943563896882e-02,6.790901253398766609e-03,3.252205053385503336e-02,1.807812189137210715e-02,2.132767424895549990e-02,2.045228463425956614e-02,3.863651435771602721e-02,6.286889050998076788e-03,1.114132236885735129e-02,1.071689104051992865e-02,5.995092512766098287e-03,1.004045361098216023e-02,1.346243119570263332e-02,1.976258372571125521e-02,1.318389813648119906e-02,3.541348895815372294e-02,3.624908813581802225e-02,1.098216062073081693e-02,2.830426420850188848e-02,8.214072551230187924e-02,3.774786126400955094e-02,5.131640029179653645e-02,3.412693149413090904e-02,8.024404801379402680e-03,2.809204854433317716e-02
1.440413820545129002e-02,2.681875455932090924e-02,1.587638437562172503e-02,1.213608329464818669e-02,4.603753564559984190e-02,5.285496385701969613e-02,5.675442668611976882e-02,1.317063465747065482e-02,6.500431063067842186e-02,3.882220306386365005e-02,4.772199747993898650e-02,3.341070362756150963e-02,9.106704688639830070e-02,1.200344850454274082e-02,1.903309238013130983e-02,1.753431925193978461e-02,1.153922673917368545e-02,0.000000000000000000e+00,2.656674845812056346e-02,4.380927117182836783e-02,2.596989190264606395e-02,8.566881092910670625e-02,6.362490881358180694e-02,2.478944227070760745e-02,6.601233503547980497e-02,1.389614695934743571e-01,7.940844883612971361e-02,1.191988858677631158e-01,8.726042841037204290e-02,2.302539956230519394e-02,5.934080509317594260e-02,2.350288480668479354e-02,1.955036806154254389e-02,2.333045957954771668e-02,1.392665296107168868e-02,2.022680549108030884e-02,1.313084422043902036e-02,8.223356986537568025e-03,2.074408117249154290e-02,1.630081570395914767e-02,2.026659592811194330e-02,1.554479740035811380e-02,1.573048610650573664e-02,5.995092512766098287e-03,5.384972478281052806e-03,1.366138338086080040e-02,2.607599973473042135e-02,2.757477286292194310e-02,1.382054512898733302e-02,4.331852244843822225e-02,5.134292724981762840e-02,6.367796272962397697e-02,1.538563565223158118e-02,7.199416406923536682e-02,3.998938921679156405e-02,4.754957225280190963e-02,4.582531998143112711e-02,8.666357185489753645e-02,1.390012600305060020e-02,2.506797532992904171e-02,2.407321440413820457e-02,1.336958684262882190e-02,2.254791431792559087e-02,2.990914516877777110e-02,4.363684594469129097e-02,2.974998342065123674e-02,7.905033490284502085e-02,8.131838981364812591e-02,2.473638835466542701e-02,6.331984879633928420e-02,1.840970886663571837e-01,8.346707341335632413e-02,1.141057099277140441e-01,7.595994429338816245e-02,1.748126533589760764e-02,6.292194442602294657e-02
1.517341998806286812e-02,2.794615027521718878e-02,1.651303136812785899e-02,1.270641289210159772e-02,4.780157835400225541e-02,5.480469527156973247e-02,5.899595463890178193e-02,1.374096425492406584e-02,6.744479076861860378e-02,4.004244313283374102e-02,4.947277670933085403e-02,3.488294979773194637e-02,9.409112010080243615e-02,1.240135287485907498e-02,2.012069765899595492e-02,1.830360103455136445e-02,1.195039458850056385e-02,2.656674845812056346e-02,0.000000000000000000e+00,4.590490085549439603e-02,2.713707805557397795e-02,8.901120763976390349e-02,6.637044896876451161e-02,2.594336494462497547e-02,6.833344386232509393e-02,1.452350951654619027e-01,8.229988726042841707e-02,1.233238278400424492e-01,9.015186683467073248e-02,2.356920220173751648e-02,6.175475827309503257e-02,2.456396312752835015e-02,2.073081769348100040e-02,2.452417269049671569e-02,1.456329995357782264e-02,2.104914118973406564e-02,1.374096425492406584e-02,8.594734398832813704e-03,2.159294382916639166e-02,1.732210358777107329e-02,2.150009947609258024e-02,1.627428874593805919e-02,1.623449830890642473e-02,6.286889050998076788e-03,5.676769016513031306e-03,1.421844949930366718e-02,2.708402413953179752e-02,2.874195901584985710e-02,1.429803037336693436e-02,4.498972080376682781e-02,5.339876649645201867e-02,6.601233503547980497e-02,1.586312089661118252e-02,7.519066251077657914e-02,4.146163538696200079e-02,4.880960275880363158e-02,4.735062006764374082e-02,8.964785463227004092e-02,1.443066516347237850e-02,2.638105975197294409e-02,2.501492141388686127e-02,1.376749121294515606e-02,2.354267524371642800e-02,3.095696001061078173e-02,4.606406260362092692e-02,3.047947476623118213e-02,8.208767159625969534e-02,8.446183433914715433e-02,2.599641886066715243e-02,6.573380197625837418e-02,1.916042177863253593e-01,8.680947012401353524e-02,1.186550832283307932e-01,7.964719145831951341e-02,1.807812189137210715e-02,6.560116718615292830e-02
2.445785529544399622e-02,4.615690695669474181e-02,2.753498242589031211e-02,2.078387160952317736e-02,7.931560448305589872e-02,8.991312421248093267e-02,9.712845679421712453e-02,2.273360302407321371e-02,1.120763976391007388e-01,6.603886199350089692e-02,8.237946813449167904e-02,5.732475628357318331e-02,1.558326148948869228e-01,2.054512898733337756e-02,3.302606273625571798e-02,2.998872604284103655e-02,1.948405066648982095e-02,4.380927117182836783e-02,4.590490085549439603e-02,0.000000000000000000e+00,4.448570860136613625e-02,1.468930300417799484e-01,1.086942104914118967e-01,4.212480933748922324e-02,1.129385237747861231e-01,2.379468134491677100e-01,1.361363485642284044e-01,2.028251210292459639e-01,1.490947675575303444e-01,3.900789177001127289e-02,1.015982492207706117e-01,3.996286225877047210e-02,3.399429670402546316e-02,4.078519795742423237e-02,2.400689700908548163e-02,3.469726109158432353e-02,2.262749519198885978e-02,1.428476689435639012e-02,3.517474633596392314e-02,2.842363551959679185e-02,3.559917766430134578e-02,2.681875455932090924e-02,2.695138934942635511e-02,1.025266927515087155e-02,9.324225744412759087e-03,2.322435174746335929e-02,4.477750513959811995e-02,4.766894356389680953e-02,2.343656741163207061e-02,7.361230850852178154e-02,8.765833278068838053e-02,1.084819948272431889e-01,2.642085018900457508e-02,1.233768817560846193e-01,6.851913256847270983e-02,8.139797068771138788e-02,7.837389747330725243e-02,1.475694674713177168e-01,2.384773526095895074e-02,4.379600769281782879e-02,4.123615624378274697e-02,2.283971085615757110e-02,3.886199350089528798e-02,5.151535247695470526e-02,7.610584256250414736e-02,5.073280721533258292e-02,1.353405398235957291e-01,1.398103322501492163e-01,4.253597718681609990e-02,1.080443000198952203e-01,3.148352012732940075e-01,1.433251541879435043e-01,1.954771536574043400e-01,1.312686517673585795e-01,2.980303733669341371e-02,1.084422043902115579e-01
1.468267126467272428e-02,2.707076066052125501e-02,1.620797135088533625e-02,1.234829895881689801e-02,4.709861396644339504e-02,5.312023343723058788e-02,5.788182240201605183e-02,1.356853902778698898e-02,6.533589760594203655e-02,3.920684395516944171e-02,4.887592015385635452e-02,3.419324888918363198e-02,9.269845480469526833e-02,1.200344850454274082e-02,1.953710458253199792e-02,1.783937926918230735e-02,1.155249021818422969e-02,2.596989190264606395e-02,2.713707805557397795e-02,4.448570860136613625e-02,0.000000000000000000e+00,8.619935008952848976e-02,6.455335234431991420e-02,2.542608926321374141e-02,6.724583858346043497e-02,1.416804827906359976e-01,8.016446713973075788e-02,1.206711320379335456e-01,8.830824325220505699e-02,2.294581868824192503e-02,6.044167385105113366e-02,2.435174746335963883e-02,2.009417070097486643e-02,2.376815438689568183e-02,1.405928775117713456e-02,2.039923071821738917e-02,1.330326944757609896e-02,8.342728297632469661e-03,2.161947078718748014e-02,1.667219311625439335e-02,2.079713508853372333e-02,1.588964785463227100e-02,1.574374958551628262e-02,6.273625571987532547e-03,5.384972478281052806e-03,1.383380860799787726e-02,2.660653889515219792e-02,2.789309635917501182e-02,1.415213210425094424e-02,4.448570860136613625e-02,5.184693945221831995e-02,6.507062802573114479e-02,1.553153392134756956e-02,7.302871543205782801e-02,4.049340141919225561e-02,4.817295576629750109e-02,4.687313482326414121e-02,8.837456064725777993e-02,1.392665296107168868e-02,2.582399363353007557e-02,2.453743616950726167e-02,1.354201206976589876e-02,2.306518999933682493e-02,3.001525300086212503e-02,4.422043902115525144e-02,3.039989389216791668e-02,7.976656276941442025e-02,8.180913853703826455e-02,2.530671795211884151e-02,6.443398103322502124e-02,1.868161018635187964e-01,8.414351084289409255e-02,1.160421778632535345e-01,7.741892698454805322e-02,1.748126533589760764e-02,6.424829232707739146e-02
