0.000000000000000000e+00,1.159496399894968145e-02,8.278168576127365244e-03,5.127212924446164499e-03,2.077143133542475734e-02,2.194612971434099433e-02,2.487596567116737503e-02,6.136071532221285159e-03,2.645144349700797454e-02,1.867079423430395568e-02,2.082671125913846191e-02,1.473209966970245519e-02,3.640182976547492316e-02,8.996807584405533409e-03,9.798366478254260173e-03,9.784546497325833161e-03,6.053151646650727427e-03,1.347448140521566133e-02,1.195428350308876640e-02,2.524910515623488352e-02,1.191282356030348710e-02,4.508077778852664919e-02,3.736922843046476539e-02,1.254854268301109667e-02,2.945037935847648683e-02,6.471897068782045404e-02,3.973244516922566638e-02,5.095426968310783761e-02,3.622217001340537895e-02,9.729266573612128585e-03,2.585718431708564080e-02,1.010240605867963881e-02,5.610912256941085613e-03,9.383767050401470647e-03,5.555632333227380169e-03,8.596028137481170894e-03,5.099572962589311344e-03,2.335576776904047837e-03,1.194046352216033939e-02,5.486532428585248582e-03,8.637488080266448459e-03,6.398651169861385365e-03,8.043228900344118193e-03,2.998935861468510992e-03,1.243798283558368795e-03,5.680012161583217201e-03,1.373706104285576067e-02,1.118036457109689193e-02,5.942591799223317407e-03,1.727497616053289692e-02,2.422642656753133672e-02,2.537348498459071969e-02,7.670089415276607099e-03,3.692698904075512184e-02,1.832529471109329774e-02,2.323138794068464047e-02,1.648723724761259890e-02,3.195179590652164753e-02,1.089014497159993856e-02,1.315662184386185568e-02,1.123564449481059650e-02,6.965270387926865078e-03,1.241034287372683349e-02,1.623847759090092310e-02,2.364598736853743000e-02,1.586533810583341461e-02,4.173634240384748589e-02,4.116972318578200618e-02,9.300847164830912048e-03,3.036249809975262101e-02,8.282314570405892307e-02,4.112826324299672515e-02,4.386461946682513463e-02,3.184123605909423838e-02,7.310769911137523017e-03,2.613358393565416715e-02
1.159496399894968145e-02,0.000000000000000000e+00,1.880899404358821886e-02,1.113890462831161263e-02,4.519133763595406528e-02,4.879835265827333485e-02,5.440926491521441699e-02,1.321190176757556026e-02,5.865199906024129439e-02,4.097624345278403496e-02,4.649041584322613496e-02,3.359637363700437862e-02,7.975510993794827919e-02,2.031537196478669025e-02,2.117221078234911985e-02,2.207050954269683049e-02,1.351594134800093890e-02,3.052833787089373821e-02,2.711480258157243639e-02,5.689686148233115415e-02,2.495888555673793016e-02,1.007476609682278618e-01,8.287842562777263111e-02,2.806838126563385508e-02,6.498155032546054644e-02,1.414060448596581032e-01,8.913887698834975504e-02,1.124946447573902386e-01,8.073632858386654843e-02,2.205668956176840348e-02,5.725618098647023563e-02,2.119985074420597387e-02,1.194046352216033939e-02,2.074379137356790331e-02,1.195428350308876640e-02,1.934797329979684455e-02,1.098688483809892417e-02,5.030473057947179756e-03,2.513854530880747437e-02,1.181608369380450323e-02,1.908539366215674521e-02,1.351594134800093890e-02,1.815945493995218402e-02,6.564490941002501696e-03,2.681076300114705775e-03,1.155350405616440215e-02,3.059743777553586980e-02,2.490360563302422559e-02,1.323954172943241255e-02,3.830898713359775359e-02,5.377354579250680916e-02,5.579126300805704874e-02,1.593443801047554620e-02,8.185574703906908778e-02,4.025760444450586506e-02,5.243300764244945150e-02,3.645710968918863121e-02,7.038516286847523729e-02,2.473776586188311186e-02,2.849680067441506814e-02,2.531820506087701511e-02,1.522961898312580331e-02,2.739120220014096274e-02,3.615307010876325083e-02,5.351096615486670288e-02,3.308503434265260695e-02,9.296701170552384985e-02,8.955347641620255150e-02,1.985931259414861969e-02,6.741386696886358942e-02,1.796597520695421557e-01,9.271825204881217752e-02,9.867466382896392108e-02,7.099324202932599803e-02,1.657015713318315750e-02,5.841705938445804908e-02
8.278168576127365244e-03,1.880899404358821886e-02,0.000000000000000000e+00,8.139968766843102069e-03,3.293301455243991677e-02,3.553117096698406308e-02,3.956660539808454918e-02,9.798366478254260173e-03,4.313216047761853772e-02,2.963003911054602757e-02,3.373457344628864180e-02,2.448900620517143606e-02,5.780898022360728833e-02,1.456625989856133972e-02,1.535399881148163947e-02,1.593443801047554620e-02,9.687806630826849286e-03,2.182174988598515816e-02,1.976257272764963754e-02,4.122500310949570729e-02,1.770339556931411346e-02,7.270691966445086418e-02,5.964703768708799064e-02,2.067469146892577173e-02,4.683591536643679637e-02,1.026133583935654181e-01,6.415235146975496738e-02,8.128912782100360113e-02,5.884547879323926561e-02,1.583769814397656059e-02,4.121118312856728028e-02,1.557511850633646125e-02,8.872427756049697245e-03,1.554747854447960896e-02,8.982987603477106398e-03,1.420694039442225651e-02,8.181428709628381368e-03,3.772854793460385034e-03,1.857405436780497354e-02,8.720407965837007058e-03,1.417930043256540248e-02,1.010240605867963881e-02,1.332246161500297114e-02,4.878453267734490437e-03,1.962437291836537177e-03,8.305808537984217532e-03,2.215342942826738909e-02,1.815945493995218402e-02,9.770726516397407885e-03,2.762614187592421153e-02,3.917964593208861368e-02,4.063074392957338049e-02,1.130474439945272809e-02,6.019983692422504334e-02,2.917397973990796048e-02,3.716192871653837410e-02,2.652054340165010612e-02,5.106482953053524676e-02,1.781395541674152608e-02,2.041211183128567239e-02,1.806271507345319841e-02,1.083486504788623399e-02,1.995605246064760530e-02,2.643762351607954753e-02,3.920728589394546770e-02,2.342486767368261169e-02,6.722038723586561126e-02,6.411089152696969329e-02,1.458007987948976673e-02,4.861869290620379064e-02,1.305158998880581456e-01,6.701308752193921303e-02,7.049572271590265338e-02,5.060877015989717620e-02,1.153968407523597688e-02,4.192982213684545018e-02
5.127212924446164499e-03,1.113890462831161263e-02,8.139968766843102069e-03,0.000000000000000000e+00,1.996987244157603231e-02,2.121367072513440089e-02,2.381182713967854719e-02,5.901131856438038108e-03,2.558078469851711445e-02,1.809035503531005243e-02,2.052267167871308501e-02,1.489793944084357238e-02,3.492309180613330927e-02,8.803327851407565657e-03,9.204107298331928172e-03,9.439046974115175223e-03,5.790572009010627220e-03,1.304606199643444479e-02,1.178844373194764920e-02,2.464102599538412625e-02,1.093160491438521786e-02,4.342238007711549108e-02,3.593195041390842559e-02,1.245180281651211279e-02,2.831714092234552740e-02,6.220373415884686286e-02,3.836426705731146164e-02,4.875689271548805381e-02,3.478489199684904609e-02,9.245567241117207472e-03,2.497270553766635717e-02,9.563426802471013122e-03,5.306872676515706107e-03,9.439046974115175223e-03,5.403612543014690850e-03,8.513108251910612295e-03,5.016653077018753612e-03,2.280296853190342393e-03,1.140148426595171370e-02,5.389792562086264706e-03,8.582208156552743883e-03,6.136071532221285159e-03,8.001768957558838893e-03,3.012755842396937569e-03,1.216158321701516073e-03,5.099572962589311344e-03,1.329482165314611886e-02,1.082104506695780698e-02,5.914951837366464252e-03,1.695711659917909300e-02,2.332812780718362608e-02,2.461338603352727222e-02,6.882350502356306479e-03,3.572465069998203430e-02,1.778631545488467205e-02,2.262330877983388319e-02,1.641813734297046731e-02,3.076327754667698700e-02,1.077958512417252941e-02,1.231360300722784962e-02,1.080722508602938170e-02,6.633590845644633284e-03,1.187136361751820780e-02,1.601735789604610480e-02,2.309318813140037729e-02,1.434514020370651968e-02,3.988446495943835657e-02,3.884796638980637928e-02,8.941527660691828833e-03,2.910487983526582889e-02,7.928523058638178855e-02,4.016086457800688292e-02,4.256554125955306495e-02,3.041777802346632906e-02,6.923810445141585779e-03,2.530438507994858810e-02
2.077143133542475734e-02,4.519133763595406528e-02,3.293301455243991677e-02,1.996987244157603231e-02,0.000000000000000000e+00,8.573916167995687676e-02,9.669840655619894865e-02,2.375654721596484262e-02,1.035669370776268333e-01,7.337027874901533298e-02,8.264348595198939273e-02,5.975759753451539980e-02,1.415995245926560675e-01,3.566937077626832625e-02,3.721720864025207520e-02,3.835044707638303463e-02,2.365980734946585701e-02,5.301344684144335823e-02,4.723669481336115888e-02,9.955914260838319430e-02,4.461089843696015855e-02,1.756104976575132426e-01,1.455243991763291445e-01,5.015271078925911258e-02,1.148993214389364137e-01,2.513301731643610148e-01,1.557926450061498935e-01,1.983167263229176636e-01,1.416686244972981956e-01,3.770090797274699979e-02,1.005818211970867515e-01,3.893088627537694135e-02,2.182174988598515816e-02,3.771472795367542680e-02,2.187702980969886274e-02,3.453613234013737376e-02,2.034301192664354080e-02,9.135007393689796584e-03,4.632457607208501776e-02,2.161445017205876340e-02,3.449467239735209273e-02,2.477922580466838942e-02,3.236639533437443705e-02,1.218922317887201345e-02,4.850813305877638149e-03,2.078525131635318435e-02,5.381500573529208326e-02,4.371259967661244444e-02,2.392238698710595635e-02,6.864384527149353099e-02,9.436282977929490168e-02,9.998756201716441083e-02,2.806838126563385508e-02,1.448610400917646757e-01,7.215412042731381148e-02,9.141917384154009396e-02,6.574164927652399737e-02,1.245733080888348360e-01,4.368495971475559042e-02,4.980721126604845117e-02,4.394753935239569670e-02,2.689368288671761462e-02,4.796915380256775580e-02,6.415235146975496738e-02,9.303611161016597797e-02,5.849997927002860421e-02,1.616661369007310889e-01,1.575477825840600477e-01,3.587667049019472448e-02,1.182713967854724380e-01,3.203195179590652142e-01,1.617905167290869251e-01,1.724733619867604706e-01,1.232742298815627663e-01,2.815130115120441021e-02,1.022263989275694757e-01
2.194612971434099433e-02,4.879835265827333485e-02,3.553117096698406308e-02,2.121367072513440089e-02,8.573916167995687676e-02,0.000000000000000000e+00,1.028621180502770904e-01,2.515236528973590138e-02,1.107947871031937925e-01,7.708785361876201170e-02,8.759103912436601302e-02,6.325405270940726021e-02,1.497671333213560219e-01,3.841954698102516275e-02,4.047872413936069030e-02,4.141848284249367851e-02,2.511090534695062035e-02,5.685540153954587311e-02,5.127212924446164499e-02,1.073674318329440741e-01,4.675299548086623430e-02,1.902734974225735454e-01,1.564283641288574944e-01,5.323456653629817653e-02,1.227905305490678417e-01,2.680247101259000120e-01,1.672355892148868761e-01,2.122887270415566852e-01,1.522409099075443251e-01,4.108680330021144411e-02,1.078373111845105647e-01,4.027142442543429207e-02,2.294116834118769058e-02,3.995356486408048469e-02,2.299644826490139515e-02,3.684406915518456671e-02,2.132423057256181004e-02,9.618706726184717698e-03,4.767893420307080243e-02,2.295498832211611412e-02,3.658148951754446737e-02,2.594010420265619940e-02,3.446703243549523871e-02,1.264528254951008228e-02,5.113392943517738355e-03,2.198758965712627189e-02,5.764314045246617807e-02,4.701557511850633364e-02,2.555314473666026390e-02,7.230614021752650167e-02,1.011622603960806582e-01,1.053911745601791017e-01,2.987879876725769990e-02,1.549496261695158805e-01,7.558147569756354378e-02,9.796984480161417819e-02,6.878204508077778723e-02,1.325059771417515520e-01,4.668389557622410618e-02,5.393938556364791942e-02,4.716759490871902383e-02,2.816512113213283722e-02,5.174200859602813563e-02,6.860238532870824302e-02,1.011346204342238042e-01,6.201025442584889164e-02,1.754308379054436984e-01,1.688110670407274860e-01,3.781146782017440894e-02,1.263560856286018441e-01,3.407454497712792962e-01,1.741179397172431809e-01,1.849804447269862706e-01,1.332107961691012810e-01,3.056979781367901577e-02,1.099103083237745193e-01
2.487596567116737503e-02,5.440926491521441699e-02,3.956660539808454918e-02,2.381182713967854719e-02,9.669840655619894865e-02,1.028621180502770904e-01,0.000000000000000000e+00,2.833096090327395442e-02,1.242830884893378895e-01,8.795035862850508757e-02,9.881286363824817731e-02,7.143548141903564852e-02,1.690874666592959985e-01,4.292486076369214643e-02,4.462471841788858556e-02,4.644895590044085393e-02,2.852444063627192217e-02,6.362719219447476870e-02,5.671720173026160994e-02,1.190591356983927429e-01,5.333130640279716561e-02,2.105612294255033989e-01,1.739659199270305046e-01,5.999253721029865205e-02,1.377575698945535387e-01,3.004325654030597370e-01,1.871087217899639332e-01,2.385328708246382545e-01,1.706491245042081883e-01,4.557829710195000078e-02,1.205655136195912108e-01,4.625547616744288965e-02,2.611976395472574361e-02,4.479055818902969582e-02,2.602302408822675800e-02,4.129410301413784234e-02,2.417114664381763214e-02,1.091778493345679259e-02,5.500352409513675073e-02,2.571898450780137763e-02,4.085186362442819880e-02,2.936745947290592823e-02,3.884796638980637928e-02,1.448334001299078286e-02,5.790572009010627220e-03,2.473776586188311186e-02,6.458077087853618392e-02,5.251592752802001357e-02,2.856590057905719973e-02,8.182810707721223376e-02,1.130198040326704373e-01,1.196257549164582157e-01,3.362401359886123264e-02,1.736342403847482563e-01,8.634724084080763751e-02,1.095509888196354309e-01,7.820727207396453717e-02,1.497671333213560219e-01,5.230862781409361534e-02,5.982669743915753485e-02,5.277850716566011291e-02,3.222819552509017388e-02,5.776752028082201423e-02,7.697729377133459561e-02,1.115410660733288234e-01,7.017786315454885293e-02,1.937561326165369857e-01,1.886150997111623873e-01,4.282812089719316428e-02,1.419173841540098679e-01,3.828549316601942976e-01,1.937699525974654058e-01,2.071476941361820867e-01,1.478185160104479035e-01,3.410771293135615723e-02,1.225417708923561694e-01
6.136071532221285159e-03,1.321190176757556026e-02,9.798366478254260173e-03,5.901131856438038108e-03,2.375654721596484262e-02,2.515236528973590138e-02,2.833096090327395442e-02,0.000000000000000000e+00,3.023811827139678485e-02,2.126895064884810546e-02,2.410204673917550056e-02,1.752373581724457272e-02,4.122500310949570729e-02,1.053082546746085535e-02,1.115272460924003964e-02,1.124946447573902351e-02,6.744150693072043304e-03,1.547837863983747737e-02,1.399964068049586174e-02,2.911869981619425243e-02,1.315662184386185568e-02,5.168672867231443452e-02,4.284194087812159130e-02,1.475973963155930921e-02,3.341671388493484135e-02,7.421329758564933210e-02,4.545391727359416462e-02,5.826503959424535889e-02,4.158432261363479571e-02,1.112508464738318735e-02,2.963003911054602757e-02,1.119418455202531894e-02,6.426291131718238521e-03,1.112508464738318735e-02,6.384831188932959221e-03,1.008858607775121354e-02,5.942591799223317407e-03,2.694896281043132353e-03,1.337774153871667572e-02,6.371011208004533077e-03,1.022678588703547671e-02,7.255489987423817573e-03,9.494326897828881534e-03,3.524095136748711405e-03,1.409638054699484475e-03,6.205171436863416747e-03,1.578241822026285601e-02,1.285258226343647704e-02,7.172570101853259841e-03,2.003897234621816389e-02,2.772288174242319714e-02,2.910487983526582889e-02,8.209068671485233656e-03,4.253790129769621092e-02,2.074379137356790331e-02,2.670020315371964686e-02,1.911303362401359923e-02,3.669204936497187652e-02,1.296314211086388619e-02,1.487029947898671836e-02,1.278348235879434545e-02,7.794469243632444130e-03,1.416548045163697721e-02,1.878135408173136831e-02,2.737738221921253920e-02,1.739935598888873655e-02,4.751309443192968524e-02,4.649041584322613496e-02,1.057228541024613465e-02,3.453613234013737376e-02,9.455630951229287984e-02,4.748545447007283121e-02,5.053967025525504808e-02,3.608397020412111578e-02,8.278168576127365244e-03,3.014137840489780271e-02
2.645144349700797454e-02,5.865199906024129439e-02,4.313216047761853772e-02,2.558078469851711445e-02,1.035669370776268333e-01,1.107947871031937925e-01,1.242830884893378895e-01,3.023811827139678485e-02,0.000000000000000000e+00,9.277353197252587169e-02,1.051700548653242834e-01,7.596843516355947235e-02,1.810417501623847736e-01,4.633839605301344478e-02,4.827319338299312923e-02,4.990395113254744025e-02,3.025193825232521186e-02,6.874058513799251313e-02,6.163711494078138314e-02,1.295485012230683242e-01,5.573598308434334070e-02,2.288174242319545582e-01,1.880208405312400743e-01,6.426291131718238347e-02,1.477217761439489352e-01,3.219917356514048201e-01,2.019652012880222280e-01,2.560842466037396847e-01,1.841650658522091255e-01,4.961373153305048689e-02,1.291615417570723678e-01,4.845285313506267344e-02,2.773670172335162068e-02,4.824555342113628215e-02,2.775052170428004769e-02,4.451415857046116947e-02,2.582954435522879025e-02,1.167788388452024005e-02,5.762932047153775106e-02,2.773670172335162068e-02,4.409955914260837995e-02,3.115023701267292250e-02,4.186072223220332206e-02,1.538163877333849350e-02,6.177531475006564458e-03,2.629942370679528435e-02,6.943158418441382207e-02,5.680012161583217201e-02,3.074945756574855998e-02,8.709351981094265449e-02,1.220442515789328247e-01,1.275860639312317857e-01,3.543443110048508093e-02,1.879793805884547864e-01,9.150209372711065603e-02,1.172487181967688946e-01,8.264348595198939273e-02,1.596207797233239745e-01,5.623350239776669229e-02,6.397269171768542317e-02,5.674484169211846396e-02,3.383131331278763088e-02,6.246631379648696220e-02,8.276786578034522890e-02,1.222653712737876430e-01,7.349465857737116914e-02,2.110172887961414556e-01,2.023107008112328686e-01,4.553683715916471975e-02,1.526693293163255416e-01,4.090852554623474746e-01,2.094832709130861337e-01,2.226260727760195623e-01,1.598695393800356468e-01,3.640182976547492316e-02,1.318011581144017952e-01
1.867079423430395568e-02,4.097624345278403496e-02,2.963003911054602757e-02,1.809035503531005243e-02,7.337027874901533298e-02,7.708785361876201170e-02,8.795035862850508757e-02,2.126895064884810546e-02,9.277353197252587169e-02,0.000000000000000000e+00,7.473845686092953078e-02,5.395320554457634643e-02,1.271023645987368611e-01,3.272571483851352547e-02,3.318177420915158909e-02,3.507511159634599945e-02,2.128277062977653247e-02,4.801061374535302989e-02,4.280048093533631026e-02,9.010627565333960420e-02,4.013322461615002890e-02,1.587777608866899892e-01,1.309581392777678099e-01,4.487347807460025789e-02,1.040782763719786119e-01,2.257217485039870741e-01,1.410605453364474349e-01,1.793833524509736155e-01,1.280006633590845544e-01,3.431501264528254852e-02,9.052087508119238679e-02,3.463287220663635591e-02,1.952763305186638876e-02,3.367929352257494069e-02,1.932033333793999400e-02,3.156483644052571202e-02,1.844967453944913391e-02,8.195248690556806645e-03,4.112826324299672515e-02,1.969347282300750596e-02,3.105349714617393689e-02,2.219488937105266665e-02,2.939509943476277878e-02,1.108362470459790805e-02,4.394753935239569323e-03,1.854641440594811952e-02,4.875689271548805381e-02,3.902762614187592349e-02,2.183556986691358517e-02,6.212081427327630079e-02,8.435716358711424501e-02,9.013391561519644435e-02,2.493124559488107961e-02,1.305297198689865934e-01,6.546524965795547102e-02,8.249146616177670255e-02,5.903895852623723683e-02,1.126328445666744948e-01,3.993974488315206461e-02,4.445887864674746837e-02,3.971862518829723937e-02,2.422642656753133672e-02,4.314598045854696473e-02,5.780898022360728833e-02,8.412222391133100663e-02,5.222570792852306021e-02,1.454138393289017284e-01,1.410190853936621469e-01,3.186887602095109240e-02,1.071048521953039678e-01,2.875385231968379807e-01,1.457316988902555288e-01,1.568153235948534507e-01,1.113752263021876993e-01,2.558078469851711445e-02,9.197197307867714666e-02
2.082671125913846191e-02,4.649041584322613496e-02,3.373457344628864180e-02,2.052267167871308501e-02,8.264348595198939273e-02,8.759103912436601302e-02,9.881286363824817731e-02,2.410204673917550056e-02,1.051700548653242834e-01,7.473845686092953078e-02,0.000000000000000000e+00,6.162329495985295613e-02,1.437001616937768622e-01,3.687170911704142073e-02,3.786674774388811004e-02,3.946986553158556704e-02,2.401912685360494196e-02,5.403612543014690850e-02,4.878453267734490784e-02,1.021434790419989275e-01,4.474909824624442173e-02,1.801296314211086325e-01,1.485924349424397883e-01,5.113392943517738182e-02,1.172901781395541687e-01,2.556558271949584960e-01,1.598418994181788066e-01,2.030431598004394655e-01,1.448748600726930957e-01,3.897234621816222239e-02,1.025995384126369842e-01,3.870976658052211611e-02,2.189084979062728975e-02,3.847482690473887079e-02,2.200140963805469890e-02,3.573847068091046131e-02,2.068851144985419874e-02,9.356127088544618359e-03,4.604817645351649141e-02,2.186320982877043573e-02,3.522713138655868964e-02,2.505562542323691577e-02,3.347199380864854246e-02,1.236888293094155593e-02,4.989013115161901324e-03,2.086817120192374295e-02,5.510026396163573287e-02,4.434831879932005921e-02,2.469630591909783082e-02,7.016404317362041898e-02,9.621470722370403794e-02,1.014801199574344587e-01,2.826186099863182283e-02,1.481916554955154119e-01,7.335645876808689902e-02,9.345071103801877443e-02,6.675050788429912063e-02,1.270747246368799932e-01,4.545391727359416462e-02,5.091280974032255657e-02,4.492875799831395900e-02,2.736356223828411219e-02,4.896419242941444511e-02,6.561726944816816121e-02,9.592448762420707764e-02,5.901131856438038281e-02,1.657568512555452622e-01,1.597313395707513906e-01,3.624980997526223298e-02,1.206484335051617590e-01,3.253499910170123965e-01,1.661576307024696386e-01,1.769648557884990203e-01,1.263560856286018441e-01,2.909105985433740188e-02,1.044237758951892664e-01
1.473209966970245519e-02,3.359637363700437862e-02,2.448900620517143606e-02,1.489793944084357238e-02,5.975759753451539980e-02,6.325405270940726021e-02,7.143548141903564852e-02,1.752373581724457272e-02,7.596843516355947235e-02,5.395320554457634643e-02,6.162329495985295613e-02,0.000000000000000000e+00,1.035807570585552534e-01,2.686604292486076406e-02,2.704570267693030480e-02,2.835860086513080497e-02,1.719205627496234179e-02,3.911054602744648556e-02,3.548971102419878898e-02,7.381251813872496959e-02,3.202089581116378258e-02,1.288022222529332794e-01,1.075747315468704585e-01,3.764562804903329174e-02,8.397020412111831644e-02,1.846902251274893103e-01,1.149960613054353958e-01,1.465470777650326739e-01,1.043132160477618503e-01,2.808220124656227862e-02,7.504249644135491115e-02,2.797164139913486947e-02,1.598971793418925078e-02,2.881466023576887553e-02,1.625229757182935011e-02,2.581572437430036324e-02,1.509141917384154014e-02,6.840890559571028047e-03,3.363783357978965965e-02,1.593443801047554620e-02,2.631324368772371136e-02,1.835293467295015177e-02,2.422642656753133672e-02,9.093547450904517285e-03,3.634654984176121859e-03,1.459389986041819201e-02,4.010558465429317487e-02,3.225583548694702790e-02,1.785541535952680364e-02,5.129976920631849208e-02,6.886496496634834930e-02,7.335645876808689902e-02,1.999751240343288286e-02,1.060683536256719905e-01,5.280614712751696693e-02,6.785610635857322603e-02,5.001451097997484940e-02,9.194433311682029264e-02,3.291919457151148976e-02,3.627744993711908700e-02,3.222819552509017388e-02,1.980403267043491511e-02,3.526859132934396374e-02,4.799679376442460288e-02,6.905844469934631358e-02,4.195746209870230420e-02,1.180779170524744737e-01,1.147749416105805775e-01,2.649290343979325210e-02,8.676184026866043397e-02,2.349811357260326861e-01,1.201785541535952684e-01,1.274064041791622415e-01,8.974695614920051578e-02,2.072997139263947977e-02,7.592697522077419825e-02
3.640182976547492316e-02,7.975510993794827919e-02,5.780898022360728833e-02,3.492309180613330927e-02,1.415995245926560675e-01,1.497671333213560219e-01,1.690874666592959985e-01,4.122500310949570729e-02,1.810417501623847736e-01,1.271023645987368611e-01,1.437001616937768622e-01,1.035807570585552534e-01,0.000000000000000000e+00,6.321259276662198612e-02,6.496773034453212636e-02,6.793902624414378810e-02,4.157050263270636870e-02,9.318813140037866816e-02,8.303044541798532130e-02,1.749609585538771939e-01,7.723987340897470188e-02,3.090976934451830638e-01,2.541770892356168821e-01,8.723171962022692461e-02,2.017026216503821356e-01,4.376511560414046431e-01,2.734006827070578627e-01,3.480009397587031095e-01,2.494644757390234724e-01,6.706836744565292108e-02,1.755690377147279546e-01,6.708218742658135503e-02,3.786674774388811004e-02,6.506447021103110850e-02,3.772854793460384687e-02,6.054533644743570475e-02,3.515803148191655458e-02,1.589297806769026516e-02,7.963073010959244302e-02,3.765944802996171875e-02,5.945355795409002636e-02,4.260700120233833904e-02,5.702124131068699031e-02,2.106165093492171070e-02,8.416368385411628419e-03,3.615307010876325083e-02,9.454248953136444589e-02,7.700493373319144963e-02,4.166724249920535084e-02,1.191144156221064371e-01,1.646788927431280247e-01,1.742837794883843050e-01,4.854959300156165558e-02,2.531820506087701372e-01,1.252919470971129989e-01,1.599800992274630629e-01,1.136417031744496181e-01,2.179549192222114684e-01,7.663179424812394114e-02,8.696913998258681833e-02,7.755773297032850233e-02,4.682209538550836936e-02,8.482704293868074952e-02,1.131027239182409994e-01,1.636562141544244675e-01,1.015353998811481667e-01,2.843737475642283408e-01,2.753354800370375610e-01,6.227283406348899097e-02,2.081427327630287760e-01,5.580922898326400317e-01,2.835307287275943833e-01,3.035006011691703809e-01,2.166143810721541108e-01,4.968283143769261501e-02,1.787199933664091467e-01
8.996807584405533409e-03,2.031537196478669025e-02,1.456625989856133972e-02,8.803327851407565657e-03,3.566937077626832625e-02,3.841954698102516275e-02,4.292486076369214643e-02,1.053082546746085535e-02,4.633839605301344478e-02,3.272571483851352547e-02,3.687170911704142073e-02,2.686604292486076406e-02,6.321259276662198612e-02,0.000000000000000000e+00,1.644577730482731787e-02,1.738553600796030954e-02,1.071048521953039782e-02,2.379800715875012018e-02,2.135187053441866406e-02,4.483201813181497686e-02,1.958291297558009333e-02,7.852513163531833762e-02,6.464987078317832592e-02,2.230544921848007928e-02,5.153470888210174433e-02,1.110020868171201908e-01,7.001202338340772879e-02,8.876573750328224655e-02,6.333697259497782228e-02,1.727497616053289692e-02,4.495639796017081302e-02,1.680509680896640282e-02,9.480506916900454523e-03,1.658397711411158104e-02,9.549606821542586110e-03,1.535399881148163947e-02,8.886247736978122522e-03,4.090714354814190684e-03,2.010807225086029548e-02,9.314667145759339059e-03,1.514669909755524471e-02,1.093160491438521786e-02,1.448334001299078286e-02,5.251592752802001531e-03,2.169737005762931940e-03,8.955347641620254109e-03,2.412968670103235111e-02,1.954145303279481577e-02,1.051700548653242834e-02,3.037631808068104802e-02,4.202656200334443232e-02,4.412719910446523397e-02,1.242416285465526050e-02,6.471897068782045404e-02,3.222819552509017388e-02,4.123882309042413430e-02,2.913251979712267944e-02,5.555632333227380343e-02,1.958291297558009333e-02,2.208432952362525750e-02,1.992841249879075127e-02,1.198192346494561869e-02,2.146243038184607321e-02,2.873174035019831693e-02,4.165342251827692382e-02,2.587100429801406781e-02,7.233378017938335569e-02,7.002584336433616274e-02,1.582387816304813358e-02,5.270940726101797785e-02,1.414751447643002313e-01,7.261017979795188204e-02,7.762683287497063045e-02,5.501734407606517774e-02,1.276966237786591844e-02,4.579941679680481909e-02
9.798366478254260173e-03,2.117221078234911985e-02,1.535399881148163947e-02,9.204107298331928172e-03,3.721720864025207520e-02,4.047872413936069030e-02,4.462471841788858556e-02,1.115272460924003964e-02,4.827319338299312923e-02,3.318177420915158909e-02,3.786674774388811004e-02,2.704570267693030480e-02,6.496773034453212636e-02,1.644577730482731787e-02,0.000000000000000000e+00,1.782777539766994962e-02,1.090396495252836558e-02,2.472394588095468485e-02,2.215342942826738909e-02,4.622783620558603562e-02,2.099255103027957911e-02,8.274022581848837488e-02,6.827070578642600862e-02,2.303790820768667272e-02,5.290288699401594907e-02,1.178706173385480754e-01,7.237524012216862979e-02,9.233129258281623508e-02,6.637736839923161214e-02,1.773103553117096748e-02,4.702939509943476065e-02,1.741317596981716009e-02,1.011622603960806582e-02,1.739935598888873655e-02,1.011622603960806582e-02,1.546455865890905036e-02,9.024447546262385697e-03,4.187454221313174560e-03,2.093727110656587453e-02,9.839826421039539472e-03,1.594825799140397321e-02,1.140148426595171370e-02,1.448334001299078286e-02,5.362152600229411550e-03,2.155917024834505796e-03,1.000566619218065494e-02,2.487596567116737503e-02,2.028773200292983622e-02,1.101452479995577646e-02,3.131607678381403970e-02,4.404427921889467884e-02,4.568885694937740993e-02,1.380616094749789226e-02,6.702690750286764698e-02,3.254605508644398126e-02,4.248262137398250288e-02,2.961621912961760056e-02,5.757404054782404301e-02,1.985931259414861969e-02,2.429552647217346831e-02,2.046739175499937696e-02,1.245180281651211279e-02,2.269240868447601478e-02,2.939509943476277878e-02,4.356057988639975426e-02,2.822040105584654179e-02,7.657651432441023309e-02,7.497339653671278303e-02,1.663925703782528909e-02,5.472712447656822438e-02,1.502646526347793665e-01,7.519451623156760134e-02,7.997622963280311137e-02,5.801627993753368656e-02,1.321190176757556026e-02,4.825937340206470222e-02
9.784546497325833161e-03,2.207050954269683049e-02,1.593443801047554620e-02,9.439046974115175223e-03,3.835044707638303463e-02,4.141848284249367851e-02,4.644895590044085393e-02,1.124946447573902351e-02,4.990395113254744025e-02,3.507511159634599945e-02,3.946986553158556704e-02,2.835860086513080497e-02,6.793902624414378810e-02,1.738553600796030954e-02,1.782777539766994962e-02,0.000000000000000000e+00,1.160878397987810846e-02,2.580190439337193622e-02,2.323138794068464047e-02,4.874307273455962680e-02,2.093727110656587453e-02,8.551804198510205846e-02,6.992910349783716673e-02,2.372890725410798859e-02,5.570834312248649361e-02,1.193769952597465434e-01,7.616191489655743663e-02,9.600740750977763971e-02,6.948686410812753012e-02,1.886427396730192343e-02,4.838375323042054532e-02,1.792451526416893523e-02,1.013004602053649110e-02,1.762047568374355486e-02,1.008858607775121354e-02,1.662543705689686208e-02,9.480506916900454523e-03,4.298014068740585447e-03,2.140715045813236864e-02,1.008858607775121354e-02,1.623847759090092310e-02,1.151204411337912285e-02,1.561657844912174055e-02,5.610912256941085613e-03,2.321756795975621693e-03,9.660166668969996998e-03,2.627178374493843033e-02,2.108929089677856125e-02,1.122182451388217123e-02,3.243549523901657211e-02,4.557829710195000078e-02,4.758219433657181335e-02,1.329482165314611886e-02,7.005348332619301677e-02,3.475725203499219207e-02,4.426539891374949715e-02,3.090147735596125017e-02,6.011691703865448821e-02,2.093727110656587453e-02,2.382564712060697421e-02,2.179410992412830414e-02,1.281112232065119774e-02,2.345250763553946224e-02,3.097057726060338176e-02,4.564739700659212890e-02,2.777816166613690171e-02,7.903647092967011623e-02,7.516687626971074732e-02,1.670835694246742067e-02,5.744966071946820685e-02,1.520059702317610728e-01,7.859423153996047962e-02,8.399784408297517047e-02,6.010309705772606120e-02,1.395818073771058244e-02,4.948935170469465072e-02
6.053151646650727427e-03,1.351594134800093890e-02,9.687806630826849286e-03,5.790572009010627220e-03,2.365980734946585701e-02,2.511090534695062035e-02,2.852444063627192217e-02,6.744150693072043304e-03,3.025193825232521186e-02,2.128277062977653247e-02,2.401912685360494196e-02,1.719205627496234179e-02,4.157050263270636870e-02,1.071048521953039782e-02,1.090396495252836558e-02,1.160878397987810846e-02,0.000000000000000000e+00,1.569949833469229741e-02,1.394436075678215543e-02,2.939509943476277878e-02,1.293550214900703391e-02,5.222570792852306021e-02,4.278666095440788325e-02,1.440042012742022426e-02,3.402479304578559516e-02,7.317679901601735482e-02,4.608963639630177245e-02,5.865199906024129439e-02,4.192982213684545018e-02,1.144294420873699127e-02,2.943655937754805982e-02,1.106980472366948104e-02,6.260451360577122190e-03,1.061374535303141221e-02,6.136071532221285159e-03,1.021296590610704970e-02,5.749112066225348788e-03,2.598156414544148043e-03,1.297696209179231321e-02,6.288091322433975346e-03,9.729266573612128585e-03,6.937630426070011923e-03,9.549606821542586110e-03,3.468815213035005961e-03,1.423458035627910836e-03,5.997871722937021984e-03,1.597589795326082376e-02,1.286640224436490232e-02,6.896170483284733491e-03,1.994223247971917828e-02,2.775052170428004769e-02,2.920161970176481103e-02,8.112328804986249781e-03,4.256554125955306495e-02,2.118603076327754686e-02,2.718390248621456798e-02,1.875371411987451428e-02,3.665058942218659549e-02,1.297696209179231321e-02,1.463535980320347131e-02,1.314280186293342867e-02,7.918849071988280294e-03,1.416548045163697721e-02,1.882281402451664587e-02,2.758468193313893396e-02,1.712295637032021020e-02,4.805207368813831093e-02,4.642131593858400684e-02,1.021296590610704970e-02,3.503365165356071842e-02,9.285645185809643376e-02,4.784477397421191269e-02,5.150706892024489031e-02,3.677496925054243165e-02,8.637488080266448459e-03,3.012755842396937569e-02
1.347448140521566133e-02,3.052833787089373821e-02,2.182174988598515816e-02,1.304606199643444479e-02,5.301344684144335823e-02,5.685540153954587311e-02,6.362719219447476870e-02,1.547837863983747737e-02,6.874058513799251313e-02,4.801061374535302989e-02,5.403612543014690850e-02,3.911054602744648556e-02,9.318813140037866816e-02,2.379800715875012018e-02,2.472394588095468485e-02,2.580190439337193622e-02,1.569949833469229741e-02,0.000000000000000000e+00,3.173067621166682922e-02,6.644646830387374026e-02,2.903577993062369730e-02,1.175389377962658410e-01,9.657402672784311248e-02,3.285009466686936164e-02,7.596843516355947235e-02,1.647756326096269930e-01,1.038018767534100856e-01,1.317873381334733751e-01,9.472214928343399010e-02,2.589864425987092184e-02,6.651556820851586838e-02,2.479304578559681643e-02,1.420694039442225651e-02,2.435080639588717288e-02,1.405492060420956632e-02,2.260948879890545618e-02,1.294932212993546092e-02,5.942591799223317407e-03,2.957475918683232299e-02,1.402728064235271403e-02,2.238836910405063788e-02,1.594825799140397321e-02,2.131041059163338303e-02,7.753009300847164831e-03,3.164775632609626889e-03,1.339156151964510273e-02,3.597341035669370662e-02,2.909105985433740188e-02,1.556129852540803424e-02,4.455561851324645051e-02,6.264597354855649947e-02,6.531322986774278083e-02,1.847731450130598793e-02,9.584156773863651557e-02,4.736107464171699505e-02,6.066971627579154092e-02,4.248262137398250288e-02,8.214596663856603420e-02,2.886994015948258011e-02,3.293301455243991677e-02,2.961621912961760056e-02,1.767575560745726290e-02,3.196561588745007454e-02,4.205420196520128634e-02,6.221755413977528987e-02,3.846100692381044378e-02,1.082519106123633612e-01,1.040506364101217579e-01,2.323138794068464047e-02,7.860805152088889969e-02,2.099116903218673502e-01,1.074779916803714763e-01,1.149960613054353958e-01,8.239472629527770653e-02,1.905775370029989466e-02,6.813250597714175238e-02
1.195428350308876640e-02,2.711480258157243639e-02,1.976257272764963754e-02,1.178844373194764920e-02,4.723669481336115888e-02,5.127212924446164499e-02,5.671720173026160994e-02,1.399964068049586174e-02,6.163711494078138314e-02,4.280048093533631026e-02,4.878453267734490784e-02,3.548971102419878898e-02,8.303044541798532130e-02,2.135187053441866406e-02,2.215342942826738909e-02,2.323138794068464047e-02,1.394436075678215543e-02,3.173067621166682922e-02,0.000000000000000000e+00,5.978523749637225382e-02,2.548404483201813231e-02,1.053358946364654075e-01,8.651308061194876164e-02,2.968531903425973215e-02,6.789756630135850013e-02,1.475697563537362311e-01,9.309139153387968602e-02,1.177462375101922393e-01,8.456446330104064324e-02,2.302408822675824571e-02,5.974377755358697278e-02,2.201522961898312591e-02,1.263146256858165527e-02,2.231926919940850629e-02,1.265910253043850756e-02,2.064705150706892117e-02,1.182990367473292850e-02,5.431252504871543138e-03,2.610594397379731660e-02,1.250708274022581910e-02,2.028773200292983622e-02,1.431750024184966566e-02,1.938943324258212558e-02,7.006730330712143510e-03,2.833096090327395528e-03,1.192664354123191238e-02,3.218673558230489978e-02,2.607830401194046258e-02,1.419312041349382950e-02,4.009176467336474786e-02,5.633024226426567443e-02,5.819593968960323077e-02,1.630757749554305469e-02,8.658218051659088976e-02,4.233060158376981269e-02,5.427106510593015382e-02,3.830898713359775359e-02,7.370195829129755349e-02,2.623032380215315276e-02,2.945037935847648683e-02,2.643762351607954753e-02,1.574095827747757845e-02,2.874556033112674394e-02,3.819842728617034444e-02,5.664810182561948182e-02,3.376221340814549582e-02,9.722356583147914733e-02,9.259387222045634136e-02,2.079907129728161136e-02,7.017786315454885293e-02,1.873298414848187377e-01,9.733412567890656342e-02,1.028344780884202364e-01,7.379869815779653563e-02,1.697093658010752001e-02,6.075263616136209605e-02
2.524910515623488352e-02,5.689686148233115415e-02,4.122500310949570729e-02,2.464102599538412625e-02,9.955914260838319430e-02,1.073674318329440741e-01,1.190591356983927429e-01,2.911869981619425243e-02,1.295485012230683242e-01,9.010627565333960420e-02,1.021434790419989275e-01,7.381251813872496959e-02,1.749609585538771939e-01,4.483201813181497686e-02,4.622783620558603562e-02,4.874307273455962680e-02,2.939509943476277878e-02,6.644646830387374026e-02,5.978523749637225382e-02,0.000000000000000000e+00,5.387028565900579130e-02,2.211335148357495284e-01,1.810417501623847736e-01,6.188587459749305547e-02,1.431335424757113894e-01,3.099545322627454969e-01,1.953454304233060157e-01,2.470459790765488772e-01,1.770892356168548565e-01,4.787241393606876672e-02,1.252228471924708708e-01,4.664243563343882515e-02,2.643762351607954753e-02,4.632457607208501776e-02,2.667256319186279631e-02,4.303542061111955558e-02,2.486214569023894802e-02,1.127710443759587580e-02,5.514172390442101390e-02,2.627178374493843033e-02,4.234442156469823970e-02,3.008609848118409466e-02,4.031288436821957311e-02,1.463535980320347131e-02,6.025511684793875139e-03,2.533202504180544212e-02,6.720656725493719119e-02,5.454746472449868017e-02,2.945037935847648683e-02,8.414986387318786065e-02,1.179120772813333495e-01,1.225555908732845894e-01,3.430119266435412151e-02,1.806686106773172651e-01,8.877955748421066662e-02,1.140286626404455605e-01,8.029408919415691182e-02,1.543415470086651198e-01,5.443690487707127101e-02,6.187205461656462846e-02,5.526610373277685007e-02,3.290537459058306274e-02,5.997871722937022504e-02,7.972746997609143904e-02,1.182713967854724380e-01,7.113144183861026815e-02,2.040658383891430228e-01,1.946682513578131268e-01,4.400281927610939781e-02,1.474177365635235548e-01,3.945604555065714281e-01,2.036374189803618062e-01,2.155502425406652933e-01,1.552813057117981288e-01,3.573847068091046131e-02,1.274202241600906615e-01
1.191282356030348710e-02,2.495888555673793016e-02,1.770339556931411346e-02,1.093160491438521786e-02,4.461089843696015855e-02,4.675299548086623430e-02,5.333130640279716561e-02,1.315662184386185568e-02,5.573598308434334070e-02,4.013322461615002890e-02,4.474909824624442173e-02,3.202089581116378258e-02,7.723987340897470188e-02,1.958291297558009333e-02,2.099255103027957911e-02,2.093727110656587453e-02,1.293550214900703391e-02,2.903577993062369730e-02,2.548404483201813231e-02,5.387028565900579130e-02,0.000000000000000000e+00,9.679514642269793079e-02,8.011442944208736761e-02,2.703188269600187779e-02,6.325405270940726021e-02,1.396370873008195290e-01,8.466120316753962538e-02,1.090534695062120862e-01,7.729515333268839605e-02,2.077143133542475734e-02,5.541812352298954025e-02,2.142097043906079565e-02,1.214776323608673415e-02,2.020481211735927762e-02,1.187136361751820780e-02,1.844967453944913391e-02,1.087632499067151329e-02,4.906093229591343592e-03,2.547022485108970530e-02,1.198192346494561869e-02,1.873989413894608727e-02,1.368178111914205609e-02,1.701239652289279758e-02,6.536850979145648541e-03,2.570516452687295322e-03,1.229978302629942434e-02,2.936745947290592823e-02,2.370126729225113804e-02,1.312898188200500339e-02,3.728630854489421026e-02,5.135504913003220012e-02,5.445072485799969803e-02,1.639049738111361329e-02,7.831783192139195326e-02,3.912436600837490563e-02,4.986249118976215922e-02,3.532387125305767178e-02,6.811868599621331843e-02,2.374272723503641561e-02,2.857972055998562674e-02,2.418496662474605916e-02,1.480119957434458677e-02,2.653436338257853314e-02,3.428737268342569450e-02,5.008361088461697752e-02,3.406625298857087619e-02,8.872427756049697245e-02,8.842023798007159208e-02,1.963819289929379791e-02,6.492627040174685227e-02,1.779598944153457096e-01,8.757721914343757907e-02,9.436282977929490168e-02,6.814632595807017246e-02,1.568567835376387040e-02,5.637170220705095547e-02
