0.000000000000000000e+00,1.562400357120081670e-02,1.283400293348638428e-02,5.611886997002742475e-03,2.469549135896945483e-02,2.901600663223008816e-02,3.373509342516421011e-02,6.185829985332568469e-03,3.674829411389579636e-02,2.249537657037178895e-02,2.791594923793125349e-02,1.838211848734136802e-02,4.746189656271921492e-02,1.336011733945539209e-02,1.224411708436961947e-02,1.294560295899496206e-02,7.206173075696702991e-03,1.954594732478796143e-02,1.433263184745870757e-02,3.094509278744977943e-02,1.324851731394681431e-02,5.859001339200305830e-02,4.405012435431413659e-02,1.621388942031758151e-02,4.138766660289522337e-02,8.126076143103118377e-02,5.073018302404183610e-02,7.386327402589121238e-02,4.896052547669153820e-02,1.053823098016708204e-02,3.325680760155602655e-02,1.407754607486767437e-02,8.959887762260060340e-03,1.626171800267840056e-02,8.449716217077992211e-03,1.206874561571328296e-02,5.245201198903131495e-03,4.830686818442701466e-03,1.420508896116319184e-02,9.725145080033161665e-03,1.237165997066513694e-02,9.358459281933550686e-03,1.079331675275811524e-02,4.942286843951278381e-03,3.045086410305465185e-03,1.044257381544544394e-02,1.431668898667176788e-02,1.976914737580511353e-02,8.370001913143293795e-03,2.362731968624449952e-02,2.845800650468720272e-02,3.681206555704355510e-02,7.668516038517952070e-03,3.957018047318410642e-02,2.190549072125502067e-02,3.279446463873477574e-02,2.396211976277023287e-02,4.875326828646132232e-02,1.594286078693960690e-02,1.581531790064409290e-02,1.304126012371660016e-02,7.668516038517952070e-03,1.701103245966456221e-02,1.771251833428990480e-02,2.992474969708564664e-02,1.973726165423123416e-02,4.940692557872584934e-02,6.063069957273133082e-02,1.358331739047254592e-02,3.934698042216695085e-02,9.658185064728014302e-02,5.337669791467380964e-02,7.411835979848223344e-02,4.470378164657866360e-02,1.055417384095401999e-02,3.322492187998214719e-02
1.562400357120081670e-02,0.000000000000000000e+00,2.538103437280785774e-02,1.136725974108794036e-02,4.988521140233403289e-02,5.761749888399974456e-02,6.748612971111536685e-02,1.203685989413940359e-02,7.383138830431733302e-02,4.467189592500478423e-02,5.565652700720617047e-02,3.583955104904024136e-02,9.425419297238696315e-02,2.713474905937121248e-02,2.391429118040941382e-02,2.579554875326828603e-02,1.473120336713219791e-02,3.933103756138001117e-02,2.842612078311332335e-02,6.278298577896818111e-02,2.547669153752949583e-02,1.176104840252534950e-01,8.658567693386901021e-02,3.172629296600982390e-02,8.301447611759453504e-02,1.608634653402206405e-01,1.023212805305784012e-01,1.496715770677890522e-01,1.001689943243415648e-01,2.182577641732032225e-02,6.587590077163446578e-02,2.756520630061858393e-02,1.782411835979848258e-02,3.215675020725718841e-02,1.662840380077801328e-02,2.437663414323066116e-02,1.037880237229768521e-02,9.486002168229066417e-03,2.777246349084879634e-02,1.940246157770550428e-02,2.444040558637841989e-02,1.804731841081563815e-02,2.190549072125502067e-02,9.884573687902556763e-03,6.138001402971749419e-03,2.040686180728269739e-02,2.869714941649129450e-02,3.891652318091958634e-02,1.646897519290861645e-02,4.738218225878451650e-02,5.605509852687966255e-02,7.395893119061285048e-02,1.460366048083668218e-02,7.920413238951597157e-02,4.376315286014922229e-02,6.509470059307441436e-02,4.744595370193227524e-02,9.634270773547605471e-02,3.233212167591352493e-02,3.081754990115426196e-02,2.605063452585932096e-02,1.536891779860978177e-02,3.399017919775524504e-02,3.540909380779286991e-02,6.007269944518844190e-02,3.807155155921178313e-02,9.919647981633823719e-02,1.190772272176519320e-01,2.632166315923729211e-02,7.878961800905553980e-02,1.928289012180345596e-01,1.061316242586569786e-01,1.483483196224730516e-01,9.012499202856960601e-02,2.173011925259868762e-02,6.672087239334226205e-02
1.283400293348638428e-02,2.538103437280785774e-02,0.000000000000000000e+00,9.119316370129455437e-03,4.000063771443147786e-02,4.632995344684650435e-02,5.393469804221669855e-02,9.868630827115617080e-03,5.961035648236719803e-02,3.569606530195778421e-02,4.460812448185702550e-02,2.919137810088642468e-02,7.550538868694597894e-02,2.192143358204196035e-02,1.975320451501817384e-02,2.099674765639946566e-02,1.179771698233531008e-02,3.185383585230533443e-02,2.337223391365346459e-02,5.103309737899369009e-02,2.123589056820355744e-02,9.570499330399846738e-02,7.089790191952044518e-02,2.547669153752949583e-02,6.729481538167209065e-02,1.301734583253618960e-01,8.330144761175944934e-02,1.201135131688030044e-01,8.025636120145399066e-02,1.753714686563356828e-02,5.398252662457751760e-02,2.171417639181174794e-02,1.390217460621133785e-02,2.597092022192462255e-02,1.321663159237293494e-02,1.951406160321408206e-02,8.210573305273898698e-03,7.540973152222434604e-03,2.171417639181174794e-02,1.541674638097060082e-02,1.986480454052675163e-02,1.433263184745870757e-02,1.772846119507684448e-02,7.764173203239589302e-03,4.910401122377399015e-03,1.664434666156494949e-02,2.349977679994898205e-02,3.199732159938779158e-02,1.315286014922517621e-02,3.751355143166890116e-02,4.550092468592564082e-02,5.882915630380715355e-02,1.202091703335246391e-02,6.407435750271028851e-02,3.481920795867610163e-02,5.267521204004846358e-02,3.791212295134238630e-02,7.730693195587015620e-02,2.582743447484216540e-02,2.517377718257764185e-02,2.096486193482558630e-02,1.227600280594349884e-02,2.723040622409285058e-02,2.898412091065620880e-02,4.937503985715196997e-02,3.127989286397551277e-02,8.028824692302787003e-02,9.766596518079204148e-02,2.121994770741661776e-02,6.291052866526369858e-02,1.541993495312798945e-01,8.668133409859064831e-02,1.193960844333907256e-01,7.330527389834831653e-02,1.769657547350296511e-02,5.418978381480772655e-02
5.611886997002742475e-03,1.136725974108794036e-02,9.119316370129455437e-03,0.000000000000000000e+00,1.817486129711115214e-02,2.123589056820355744e-02,2.463171991582169609e-02,4.336458134047573888e-03,2.695937759071487944e-02,1.642114661054779740e-02,2.048657611121739580e-02,1.339200306102927146e-02,3.469166507238059111e-02,1.002805943498501391e-02,8.593201964160449360e-03,9.470059307442126734e-03,5.452458389133346510e-03,1.442828901218034567e-02,1.036285951151074552e-02,2.295771953319303629e-02,9.151202091703334804e-03,4.280658121293284823e-02,3.135960716791021119e-02,1.178177412154837039e-02,3.038709265990689398e-02,5.866972769593775672e-02,3.732223710222562496e-02,5.495504113258083134e-02,3.660480836681333922e-02,7.891716089535106768e-03,2.407371978827880718e-02,1.029908806836298679e-02,6.584401505006057947e-03,1.189337414705694818e-02,6.201772846119507285e-03,8.943944901473120657e-03,3.746572284930807777e-03,3.539315094700593196e-03,1.031503092914992648e-02,7.062687328614246710e-03,9.071487787768636388e-03,6.648172948153816680e-03,8.146801862126139965e-03,3.730629424143868528e-03,2.247943370958484927e-03,7.365601683566098956e-03,1.047445953701932331e-02,1.422103182195013152e-02,6.138001402971749419e-03,1.750526114405968892e-02,2.047063325043045612e-02,2.745360627511000615e-02,5.277086920477009994e-03,2.888846374593457070e-02,1.608634653402206405e-02,2.391429118040941382e-02,1.766468975192908575e-02,3.539315094700593023e-02,1.192525986863082754e-02,1.120783113321854527e-02,9.645430776098463249e-03,5.643772718576620974e-03,1.245137427459983362e-02,1.318474587079905558e-02,2.193737644282890004e-02,1.366303169440724434e-02,3.615840826477903502e-02,4.346023850519737525e-02,9.629487915311523566e-03,2.907977807537784690e-02,7.094573050188125729e-02,3.907595178878898318e-02,5.466806963841591704e-02,3.273069319558701701e-02,7.859830367961227401e-03,2.450417702952617863e-02
2.469549135896945483e-02,4.988521140233403289e-02,4.000063771443147786e-02,1.817486129711115214e-02,0.000000000000000000e+00,9.181493527198519855e-02,1.079809961099419680e-01,1.917926152668834872e-02,1.176583126076143071e-01,7.261973088450991709e-02,8.910464893820546628e-02,5.882915630380715355e-02,1.511223773994005426e-01,4.376315286014922229e-02,3.778458006504686884e-02,4.159492379312543925e-02,2.378674829411389635e-02,6.292647152605063132e-02,4.526178177412154557e-02,9.957910847522478959e-02,4.092532364007397255e-02,1.868503284229321992e-01,1.371723742108283961e-01,5.111281168292838156e-02,1.326127160257636606e-01,2.567119443913015719e-01,1.622186085071105066e-01,2.392385689688157624e-01,1.590459792105095305e-01,3.502646514890631751e-02,1.050156240035712008e-01,4.444869587398762867e-02,2.842612078311332335e-02,5.141572603788023554e-02,2.691154900835406039e-02,3.921943753587143339e-02,1.661246093999107359e-02,1.543268924175754050e-02,4.465595306421784455e-02,3.092914992666283974e-02,3.904406606721510381e-02,2.892034946750845006e-02,3.532937950385817150e-02,1.595880364772654658e-02,9.932402270263375813e-03,3.242777884063516303e-02,4.570818187615585670e-02,6.200178560040813663e-02,2.662457751418914609e-02,7.635036030865378909e-02,8.912059179899241290e-02,1.190931700784388786e-01,2.327657674893182996e-02,1.264747146227919172e-01,7.102544480581594877e-02,1.047286525094062865e-01,7.694024615777055043e-02,1.547573496588227904e-01,5.200561188699700382e-02,4.881703972960908106e-02,4.153115234997768052e-02,2.487086282762578787e-02,5.403035520693832972e-02,5.715515592117849375e-02,9.556150755691601717e-02,6.091767106689624511e-02,1.574357502710286294e-01,1.890504432115298894e-01,4.202538103437281070e-02,1.264109431796441585e-01,3.077450417702952690e-01,1.694088387220202829e-01,2.389356546138639015e-01,1.432306613098654480e-01,3.491486512339773973e-02,1.067374529685606727e-01
2.901600663223008816e-02,5.761749888399974456e-02,4.632995344684650435e-02,2.123589056820355744e-02,9.181493527198519855e-02,0.000000000000000000e+00,1.247050570754416193e-01,2.232000510171545243e-02,1.356896881576430125e-01,8.274344748421656737e-02,1.025604234423825034e-01,6.683247241885083290e-02,1.750685543013838497e-01,5.029972578279446466e-02,4.436898157005293025e-02,4.782858236081882763e-02,2.715069192015815217e-02,7.297047382182259012e-02,5.259549773611376516e-02,1.162712837191505616e-01,4.711115362540654189e-02,2.178273069319558719e-01,1.600663223008736702e-01,5.924367068426758531e-02,1.530833492761941306e-01,2.992953255532172507e-01,1.889547860468082374e-01,2.760028059434985193e-01,1.849850137108602632e-01,3.980932338498820167e-02,1.222976850966137341e-01,5.152732606338881333e-02,3.316115043683438846e-02,6.012052802754926095e-02,3.104074995217141753e-02,4.515018174861296779e-02,1.929086155219692650e-02,1.772846119507684448e-02,5.132006887315859744e-02,3.614246540399209534e-02,4.562846757222115829e-02,3.332057904470377835e-02,4.043109495567884931e-02,1.855748995599770454e-02,1.139914546266181973e-02,3.768892290032523767e-02,5.277086920477010168e-02,7.172693068044129483e-02,3.084943562272814133e-02,8.706396275747720070e-02,1.043141381289458547e-01,1.366143740832855002e-01,2.705503475543651407e-02,1.463714048848925586e-01,8.049550411325807897e-02,1.203526560806071066e-01,8.817996301256297853e-02,1.780020406861807236e-01,5.941904215292392183e-02,5.764938460557362393e-02,4.856195395701804612e-02,2.841017792232638367e-02,6.353230023595433928e-02,6.568458644219118958e-02,1.110260825202474266e-01,7.016453032332121975e-02,1.840603277852177755e-01,2.216057649384605699e-01,4.872138256488744296e-02,1.461003762515145632e-01,3.576461960334162415e-01,1.974363879854601211e-01,2.747752056629041428e-01,1.669536381608315856e-01,3.977743766341432230e-02,1.231107709967476510e-01
3.373509342516421011e-02,6.748612971111536685e-02,5.393469804221669855e-02,2.463171991582169609e-02,1.079809961099419680e-01,1.247050570754416193e-01,0.000000000000000000e+00,2.601874880428544159e-02,1.597634079459218093e-01,9.804859383967859388e-02,1.204642561061156775e-01,7.912441808558128009e-02,2.050092468592564221e-01,5.917989924111982658e-02,5.127224029079777839e-02,5.616669855238824033e-02,3.222052165040494714e-02,8.532619093170078217e-02,6.099738537083094353e-02,1.352432880556087014e-01,5.525795548753268532e-02,2.534436579299789716e-01,1.861807282698807464e-01,6.938333014476118221e-02,1.799630125629743116e-01,3.480485938396785661e-01,2.201071360244882258e-01,3.242777884063516303e-01,2.158344493335884184e-01,4.715898220776736094e-02,1.418755181429755818e-01,6.114087111791340068e-02,3.894840890249346571e-02,6.943115872712199432e-02,3.639755117658312333e-02,5.294624067342643819e-02,2.268669089981506168e-02,2.086920477010394820e-02,6.163509980230852392e-02,4.226452394617689901e-02,5.270709776162234295e-02,3.955423761239716673e-02,4.781263950003188795e-02,2.185766213889420162e-02,1.347171736496396988e-02,4.436898157005293025e-02,6.222498565142529220e-02,8.387539060008927794e-02,3.612652254320515566e-02,1.033894522033033669e-01,1.212454562846757289e-01,1.617084369619284367e-01,3.161469294050124612e-02,1.710987819654358755e-01,9.586442191186786421e-02,1.413972323193673775e-01,1.036126522543205086e-01,2.101109623110770930e-01,7.046744467827306679e-02,6.627447229130795092e-02,5.650149862891397368e-02,3.365537912122951170e-02,7.383138830431733302e-02,7.678081754990115360e-02,1.290096294879153060e-01,8.250430457241247906e-02,2.138575345960078977e-01,2.565046872010713352e-01,5.729864166826095090e-02,1.721828964989477739e-01,4.188667814552643476e-01,2.289873094828135947e-01,3.231458452904789058e-01,1.943275301320068760e-01,4.711115362540654189e-02,1.443307187041642792e-01
6.185829985332568469e-03,1.203685989413940359e-02,9.868630827115617080e-03,4.336458134047573888e-03,1.917926152668834872e-02,2.232000510171545243e-02,2.601874880428544159e-02,0.000000000000000000e+00,2.855366366940883735e-02,1.737771825776417492e-02,2.147503348000765269e-02,1.382246030227664117e-02,3.655697978445252017e-02,1.039474523308462489e-02,9.454116446655187050e-03,9.964287991837255179e-03,5.755372744085198757e-03,1.524137491231426604e-02,1.096868822141445002e-02,2.440851986480454053e-02,1.025125948600216774e-02,4.566035329379503765e-02,3.367132198201645138e-02,1.233977424909125757e-02,3.214080734647024873e-02,6.235252853772080966e-02,3.960206619475798578e-02,5.768127032714750330e-02,3.834258019258975775e-02,8.290287609208597114e-03,2.544480581595561647e-02,1.071360244882341682e-02,7.046744467827307026e-03,1.230788852751737820e-02,6.329315732415024751e-03,9.310630699572731636e-03,4.001658057521841408e-03,3.666857980996109795e-03,1.085708819590587397e-02,7.445315987500797372e-03,9.438173585868247367e-03,6.982973024679548293e-03,8.465659077864931895e-03,3.906000892800204176e-03,2.359543396467061842e-03,8.178687583700019331e-03,1.127160257636630400e-02,1.505006058287098984e-02,6.377144314775843800e-03,1.809514699317645720e-02,2.201709074676359845e-02,2.855366366940883735e-02,5.755372744085198757e-03,3.046680696384159240e-02,1.681971813022128601e-02,2.525349148651234027e-02,1.827051846183279024e-02,3.740195140616032338e-02,1.251514571774759235e-02,1.222817422358267979e-02,1.012371659970665201e-02,5.914801351954594721e-03,1.307314584529047953e-02,1.369491741598112371e-02,2.340411963522734395e-02,1.520948919074038667e-02,3.853389452203303395e-02,4.676041068809386886e-02,1.028314520757604711e-02,3.064217843249792891e-02,7.456475990051654457e-02,4.121229513423888685e-02,5.755372744085198583e-02,3.510617945284101593e-02,8.274344748421657431e-03,2.568394872775970825e-02
3.674829411389579636e-02,7.383138830431733302e-02,5.961035648236719803e-02,2.695937759071487944e-02,1.176583126076143071e-01,1.356896881576430125e-01,1.597634079459218093e-01,2.855366366940883735e-02,0.000000000000000000e+00,1.059403099292137024e-01,1.313691728843823792e-01,8.472036222179707421e-02,2.234710796505324781e-01,6.480772909890951394e-02,5.680441298386582766e-02,6.131624258656973719e-02,3.509023659205407625e-02,9.380779287035265201e-02,6.748612971111536685e-02,1.495599770422804675e-01,6.040749952171417525e-02,2.799725782794464379e-01,2.041642752375486258e-01,7.478795995153370013e-02,1.975161022893948126e-01,3.818315158472035953e-01,2.418531981378738704e-01,3.546648810662585416e-01,2.382819973215993814e-01,5.206938333014476256e-02,1.558892927746954871e-01,6.431350041451437682e-02,4.169058095784707735e-02,7.571264587717620176e-02,3.902812320642816413e-02,5.811172756839487474e-02,2.459983419424781673e-02,2.267074803902812200e-02,6.412218608507110063e-02,4.567629615458197734e-02,5.715515592117849375e-02,4.191378100886423291e-02,5.254766915375294611e-02,2.353166252152286142e-02,1.458771762004974250e-02,4.816338243734455404e-02,6.770932976213252241e-02,9.162362094254193623e-02,3.929915183980613180e-02,1.119348255851029955e-01,1.332663733180281807e-01,1.750047828582360909e-01,3.432497927428097839e-02,1.889229003252343719e-01,1.041865952426503372e-01,1.544066067215101035e-01,1.113608825967731669e-01,2.284771379376315248e-01,7.700401760091830916e-02,7.340093106306995463e-02,6.200178560040813663e-02,3.662075122760027890e-02,8.116510426630954567e-02,8.459281933550155674e-02,1.428799183725527611e-01,8.967859192653529488e-02,2.363688540271666472e-01,2.817900644091576035e-01,6.153944263758688582e-02,1.867546712582105750e-01,4.551049040239780741e-01,2.520247433199413467e-01,3.531024807091384665e-01,2.142401632548944501e-01,5.210126905171864192e-02,1.573560359670939379e-01
2.249537657037178895e-02,4.467189592500478423e-02,3.569606530195778421e-02,1.642114661054779740e-02,7.261973088450991709e-02,8.274344748421656737e-02,9.804859383967859388e-02,1.737771825776417492e-02,1.059403099292137024e-01,0.000000000000000000e+00,8.060710413876666369e-02,5.281869778713092073e-02,1.368056884127287764e-01,3.971366622026656357e-02,3.422932210955934029e-02,3.730629424143868528e-02,2.133154773292519554e-02,5.643772718576621494e-02,4.054269498118742709e-02,8.932784898922262184e-02,3.744977998852114243e-02,1.682609527453606257e-01,1.234615139340603240e-01,4.629806772527262498e-02,1.188380843058478437e-01,2.324947388559402972e-01,1.452554046298067669e-01,2.159938779414578014e-01,1.427045469038964454e-01,3.116829283846693499e-02,9.434985013710860124e-02,4.044703781646578900e-02,2.611440596900707969e-02,4.637778202920732340e-02,2.420126267457432465e-02,3.547286525094062865e-02,1.520948919074038667e-02,1.382246030227664117e-02,4.081372361456539477e-02,2.842612078311332335e-02,3.494675084497161910e-02,2.627383457687647306e-02,3.166252152286206517e-02,1.469931764555831855e-02,8.768573432816784141e-03,2.958994962055991329e-02,4.145143804604298210e-02,5.532172693068044406e-02,2.423314839614820401e-02,6.920795867610483876e-02,8.057521841719278433e-02,1.079012818060072765e-01,2.115617626426885903e-02,1.138639117403226902e-01,6.452075760474459964e-02,9.450927874497799808e-02,6.909635865059626791e-02,1.395319176072954415e-01,4.680823927045468791e-02,4.440086729162680962e-02,3.741789426694726306e-02,2.247943370958484927e-02,4.923155411006951282e-02,5.085772591033735357e-02,8.511893374147057323e-02,5.595944136215802445e-02,1.420190038900580320e-01,1.704132389515974622e-01,3.792806581212932598e-02,1.147885976659651780e-01,2.784101779223263629e-01,1.517600918308781299e-01,2.155155921178496248e-01,1.283081436132899600e-01,3.115234997767999531e-02,9.557745041770294991e-02
2.791594923793125349e-02,5.565652700720617047e-02,4.460812448185702550e-02,2.048657611121739580e-02,8.908870607741853354e-02,1.025604234423825034e-01,1.204642561061156775e-01,2.147503348000765269e-02,1.313691728843823792e-01,8.060710413876666369e-02,0.000000000000000000e+00,6.496715770677891078e-02,1.690102672023467978e-01,4.905618264141317630e-02,4.263120974427651172e-02,4.618646769976404720e-02,2.640137746317199052e-02,7.045150181748613405e-02,5.093744021427205199e-02,1.118551112811682902e-01,4.605892481346852974e-02,2.094732478795995056e-01,1.534181493527198570e-01,5.707544161724379533e-02,1.475830623046999468e-01,2.877845800650468688e-01,1.815413557808813194e-01,2.669950895988776329e-01,1.782571264587717585e-01,3.913972323193674191e-02,1.174510554173840982e-01,4.929532555321727155e-02,3.193355015624003285e-02,5.780881321344302076e-02,2.998852114023340190e-02,4.416172437982271437e-02,1.871691856386710137e-02,1.725017537146865745e-02,4.907212550220011599e-02,3.464383649001977206e-02,4.382692430329698102e-02,3.222052165040494714e-02,3.958612333397104610e-02,1.788788980294624131e-02,1.114405969007078653e-02,3.665263694917415827e-02,5.080989732797653452e-02,6.930361584082647686e-02,3.010012116574197968e-02,8.558127670429181710e-02,1.003762515145717737e-01,1.329315732415024542e-01,2.590714877877686381e-02,1.418755181429755818e-01,7.944327530132007376e-02,1.168771124290542696e-01,8.535807665327466154e-02,1.726611823225559506e-01,5.823927045469039221e-02,5.551304126012371332e-02,4.655315349786365992e-02,2.764492060455328235e-02,6.075824245902684828e-02,6.394681461641477105e-02,1.072316816529558098e-01,6.818761558574069903e-02,1.768063261271602682e-01,2.123429628212486486e-01,4.698361073911102442e-02,1.411102608252024770e-01,3.439831643390089955e-01,1.899113576940246184e-01,2.667240609654996653e-01,1.605924367068426728e-01,3.904406606721510381e-02,1.187105414195523262e-01
1.838211848734136802e-02,3.583955104904024136e-02,2.919137810088642468e-02,1.339200306102927146e-02,5.882915630380715355e-02,6.683247241885083290e-02,7.912441808558128009e-02,1.382246030227664117e-02,8.472036222179707421e-02,5.281869778713092073e-02,6.496715770677891078e-02,0.000000000000000000e+00,1.107391110260825262e-01,3.226835023276576619e-02,2.723040622409285058e-02,3.019577833046361778e-02,1.718640392832089872e-02,4.548498182513870114e-02,3.306549327211275036e-02,7.171098781965436209e-02,3.003634972259422095e-02,1.349244308398699077e-01,9.970665136152030705e-02,3.741789426694726306e-02,9.559339327848989654e-02,1.873126713857534709e-01,1.178017983546967712e-01,1.752120400484662999e-01,1.142465403992092288e-01,2.534914865123397837e-02,7.719533193036158536e-02,3.250749314456986144e-02,2.093297621325170693e-02,3.839040877495057680e-02,1.965754735029653574e-02,2.866526369491741513e-02,1.218034564122186074e-02,1.117594541164466590e-02,3.276257891716089637e-02,2.267074803902812200e-02,2.917543524009948500e-02,2.139531917607295428e-02,2.577960589248134635e-02,1.178177412154837039e-02,7.222115936483642674e-03,2.413749123142656591e-02,3.327275046234296624e-02,4.511829602703909536e-02,1.997640456603532941e-02,5.650149862891397368e-02,6.439321471844908218e-02,8.728716280849435627e-02,1.677188954786046696e-02,9.127287800522926320e-02,5.210126905171864192e-02,7.663733180281870339e-02,5.685224156622664671e-02,1.130029972578279474e-01,3.800778011606402440e-02,3.563229385881002548e-02,2.982909253236400854e-02,1.801543268924175878e-02,3.931509470059307149e-02,4.137172374210828368e-02,6.938333014476118221e-02,4.502263886231745726e-02,1.141030546521267786e-01,1.370288884637459459e-01,3.059434985013710986e-02,9.232510681716726841e-02,2.254320515273260661e-01,1.232064281614692891e-01,1.744627255914801278e-01,1.033575664817294876e-01,2.523754862572540059e-02,7.819973215993877846e-02
4.746189656271921492e-02,9.425419297238696315e-02,7.550538868694597894e-02,3.469166507238059111e-02,1.511223773994005426e-01,1.750685543013838497e-01,2.050092468592564221e-01,3.655697978445252017e-02,2.234710796505324781e-01,1.368056884127287764e-01,1.690102672023467978e-01,1.107391110260825262e-01,0.000000000000000000e+00,8.264779031949492927e-02,7.231681652955807005e-02,7.870990370512084833e-02,4.499075314074357790e-02,1.193641987118168463e-01,8.567693386901345520e-02,1.893374147056947898e-01,7.776927491869141396e-02,3.559721956507875817e-01,2.611759454116446832e-01,9.736305082584019444e-02,2.514189146100376249e-01,4.888718831707161705e-01,3.075218417192780995e-01,4.539410751865314841e-01,3.026752120400484913e-01,6.581212932848670705e-02,1.990147312033671290e-01,8.499139085517505576e-02,5.462024105605509799e-02,9.736305082584019444e-02,5.060264013774631864e-02,7.413430265926918006e-02,3.171035010522288422e-02,2.919137810088642468e-02,8.578853389452203992e-02,5.924367068426758531e-02,7.419807410241693879e-02,5.525795548753268532e-02,6.662521522862062395e-02,3.070594987564568418e-02,1.873286142465404105e-02,6.228875709457305093e-02,8.696830559275556261e-02,1.175626554428926690e-01,5.088961163191123294e-02,1.442828901218034532e-01,1.700146674319239770e-01,2.261654231235252777e-01,4.467189592500478423e-02,2.401951406160321434e-01,1.342229449652445616e-01,1.984726739366111936e-01,1.453829475161022844e-01,2.948313245328741949e-01,9.798482239653083514e-02,9.377590714877877265e-02,7.945921816210700650e-02,4.699955359989796411e-02,1.038039665837637848e-01,1.073751674000382600e-01,1.808398699062559734e-01,1.165901409348893553e-01,3.002518972004336595e-01,3.617753969772335987e-01,8.041578980932338749e-02,2.410082265161660742e-01,5.868567055672470056e-01,3.210413876666028954e-01,4.533352464766277623e-01,2.718417192781072411e-01,6.562081499904343085e-02,2.017409603979337940e-01
1.336011733945539209e-02,2.713474905937121248e-02,2.192143358204196035e-02,1.002805943498501391e-02,4.376315286014922229e-02,5.029972578279446466e-02,5.917989924111982658e-02,1.039474523308462489e-02,6.480772909890951394e-02,3.971366622026656357e-02,4.905618264141317630e-02,3.226835023276576619e-02,8.264779031949492927e-02,0.000000000000000000e+00,2.077354760538231010e-02,2.286206236847139819e-02,1.305720298450353985e-02,3.459600790765895301e-02,2.507812001785600375e-02,5.477966966392449483e-02,2.232000510171545243e-02,1.021777947834959510e-01,7.488361711625533823e-02,2.788406351635737412e-02,7.250813085900133237e-02,1.400261462916905786e-01,8.924813468528793037e-02,1.309706013647088940e-01,8.719150564377271817e-02,1.932274727377080586e-02,5.763344174478668425e-02,2.431286270008290243e-02,1.544863210254448019e-02,2.810726356737452969e-02,1.473120336713219791e-02,2.137937631528601459e-02,9.119316370129455437e-03,8.545373381799630311e-03,2.416937695300044528e-02,1.685160385179516537e-02,2.152286206236847174e-02,1.581531790064409290e-02,1.943434729927938365e-02,8.768573432816784141e-03,5.500286971494164692e-03,1.747337542248580955e-02,2.498246285313436565e-02,3.381480772909890853e-02,1.463554620241055981e-02,4.183406670492953450e-02,4.886486831196990011e-02,6.520630061858299908e-02,1.254703143932147172e-02,6.923984439767871812e-02,3.928320897901919212e-02,5.753778458006504615e-02,4.224858108538995932e-02,8.508704801989669386e-02,2.855366366940883735e-02,2.672023467891078419e-02,2.281423378611057914e-02,1.369491741598112371e-02,2.954212103819909424e-02,3.135960716791021119e-02,5.265926917926152390e-02,3.303360755053887099e-02,8.642624832599961338e-02,1.029430521012690558e-01,2.283017664689751883e-02,6.896881576430075045e-02,1.678623812256871406e-01,9.321790702123589067e-02,1.309546585039219335e-01,7.861424654039921023e-02,1.914737580511446935e-02,5.859001339200305830e-02
1.224411708436961947e-02,2.391429118040941382e-02,1.975320451501817384e-02,8.593201964160449360e-03,3.778458006504686884e-02,4.436898157005293025e-02,5.127224029079777839e-02,9.454116446655187050e-03,5.680441298386582766e-02,3.422932210955934029e-02,4.263120974427651172e-02,2.723040622409285058e-02,7.231681652955807005e-02,2.077354760538231010e-02,0.000000000000000000e+00,2.002423314839614846e-02,1.127160257636630400e-02,3.025954977361137652e-02,2.203303360755053814e-02,4.873732542567438264e-02,2.015177603469166592e-02,9.138447803073783404e-02,6.788470123078885199e-02,2.444040558637841989e-02,6.365984312224985675e-02,1.245615713283591552e-01,7.894904661692493664e-02,1.140392832089790198e-01,7.655761749888399803e-02,1.630954658503921961e-02,5.120846884765001966e-02,2.082137618774312915e-02,1.372680313755500307e-02,2.444040558637841989e-02,1.246731713538677330e-02,1.831834704419360929e-02,7.939544671895925818e-03,7.126458771762004575e-03,2.096486193482558630e-02,1.476308908870607728e-02,1.873286142465404105e-02,1.380651744148970149e-02,1.646897519290861645e-02,7.461258848287737055e-03,4.591543906638607085e-03,1.610228939480900373e-02,2.236783368407627148e-02,3.032332121675913525e-02,1.251514571774759235e-02,3.566417958038390484e-02,4.382692430329698102e-02,5.599132708373190381e-02,1.168611695682673229e-02,6.083795676296154670e-02,3.317709329762132814e-02,5.006058287099036941e-02,3.566417958038390484e-02,7.356035967093935146e-02,2.447229130795229926e-02,2.463171991582169609e-02,2.024743319941330402e-02,1.179771698233531008e-02,2.614629169058095906e-02,2.713474905937121248e-02,4.679229640966774822e-02,3.016389260888973842e-02,7.695618901855748317e-02,9.433390727632166850e-02,2.063006185829985295e-02,6.032778521777947683e-02,1.481251195714559099e-01,8.245647599005165307e-02,1.131943115872712236e-01,6.981378738600854672e-02,1.638926088897391803e-02,5.154326892417575301e-02
1.294560295899496206e-02,2.579554875326828603e-02,2.099674765639946566e-02,9.470059307442126734e-03,4.159492379312543925e-02,4.782858236081882763e-02,5.616669855238824033e-02,9.964287991837255179e-03,6.131624258656973719e-02,3.730629424143868528e-02,4.618646769976404720e-02,3.019577833046361778e-02,7.870990370512084833e-02,2.286206236847139819e-02,2.002423314839614846e-02,0.000000000000000000e+00,1.233977424909125757e-02,3.261909317007843923e-02,2.362731968624449952e-02,5.237229768509661654e-02,2.125183342899049713e-02,9.755436515528347063e-02,7.198201645303232976e-02,2.643326318474586989e-02,6.882533001721828636e-02,1.340316306358012854e-01,8.507110515910974724e-02,1.246572284930807933e-01,8.277533320579044673e-02,1.820674701868503151e-02,5.490721255022001229e-02,2.286206236847139819e-02,1.479497481027995665e-02,2.668834895733690482e-02,1.385434602385052054e-02,2.037497608570881802e-02,8.641030546521268410e-03,7.859830367961227401e-03,2.276640520374976009e-02,1.618200369874370215e-02,2.024743319941330402e-02,1.497034627893629316e-02,1.836617562655442834e-02,8.258401887634717747e-03,5.133601173394553713e-03,1.688348957336904474e-02,2.391429118040941382e-02,3.239589311906128366e-02,1.377463171991582212e-02,3.934698042216695085e-02,4.666475352337223076e-02,6.158727121994770487e-02,1.206874561571328296e-02,6.590778649320834515e-02,3.649320834130476143e-02,5.415789809323384718e-02,3.926726611823225244e-02,8.027230406224092341e-02,2.702314903386263470e-02,2.579554875326828603e-02,2.157069064472929079e-02,1.296154581978190175e-02,2.831452075760474557e-02,2.949429245583827519e-02,5.063452585932019800e-02,3.153497863656654771e-02,8.255213315477329117e-02,9.886167973981251078e-02,2.169823353102480826e-02,6.573241502455200169e-02,1.594923793125438416e-01,8.880173458325361924e-02,1.236209425419297209e-01,7.512276002805944042e-02,1.820674701868503151e-02,5.560869842484535142e-02
7.206173075696702991e-03,1.473120336713219791e-02,1.179771698233531008e-02,5.452458389133346510e-03,2.378674829411389635e-02,2.715069192015815217e-02,3.222052165040494714e-02,5.755372744085198757e-03,3.509023659205407625e-02,2.133154773292519554e-02,2.640137746317199052e-02,1.718640392832089872e-02,4.499075314074357790e-02,1.305720298450353985e-02,1.127160257636630400e-02,1.233977424909125757e-02,0.000000000000000000e+00,1.863720425993240296e-02,1.343983164339009051e-02,2.982909253236400854e-02,1.222817422358267979e-02,5.608698424845354191e-02,4.079778075377845509e-02,1.506600344365792953e-02,3.960206619475798578e-02,7.630253172629296310e-02,4.827498246285313183e-02,7.174287354122824145e-02,4.743001084114533555e-02,1.052228811938014236e-02,3.112046425610611594e-02,1.307314584529047953e-02,8.385944773930233478e-03,1.495440341814935348e-02,7.732287481665709936e-03,1.159045979210509593e-02,4.926343983164338698e-03,4.527772463490849220e-03,1.307314584529047953e-02,9.199030674064153854e-03,1.122377399400548495e-02,8.306230469995536797e-03,1.044257381544544394e-02,4.782858236081882417e-03,2.853772080862189853e-03,9.645430776098463249e-03,1.387028888463745849e-02,1.839806134812830771e-02,7.812001785600408352e-03,2.239971940565015085e-02,2.643326318474586989e-02,3.536126522543205086e-02,6.967030163892608610e-03,3.752949429245584084e-02,2.112429054269497966e-02,3.105669281295835721e-02,2.239971940565015085e-02,4.580383904087749480e-02,1.541674638097060082e-02,1.453988903768892345e-02,1.233977424909125757e-02,7.540973152222434604e-03,1.624577514189146088e-02,1.672406096549964791e-02,2.850583508704801830e-02,1.822268987947197119e-02,4.722275365091511967e-02,5.645367004655315463e-02,1.229194566673043852e-02,3.803966583763790377e-02,9.140042089152478066e-02,5.004464001020342973e-02,7.108921624896370750e-02,4.266309546585039109e-02,1.042663095465850426e-02,3.169440724443594454e-02
1.954594732478796143e-02,3.931509470059307149e-02,3.185383585230533443e-02,1.442828901218034567e-02,6.292647152605063132e-02,7.297047382182259012e-02,8.532619093170078217e-02,1.524137491231426604e-02,9.380779287035265201e-02,5.643772718576621494e-02,7.045150181748613405e-02,4.548498182513870114e-02,1.193641987118168463e-01,3.459600790765895301e-02,3.025954977361137652e-02,3.261909317007843923e-02,1.863720425993240296e-02,0.000000000000000000e+00,3.620623684713985407e-02,7.969836107391110869e-02,3.186977871309227411e-02,1.494005484344110846e-01,1.089375677571583489e-01,4.000063771443147786e-02,1.048083668133409918e-01,2.031917607295453121e-01,1.293125438428671670e-01,1.895925004782858247e-01,1.269530004464000938e-01,2.801160640265289159e-02,8.309419042152924040e-02,3.448440788215037522e-02,2.230406224092851275e-02,4.022383776544863343e-02,2.077354760538231010e-02,3.091320706587590006e-02,1.313691728843823653e-02,1.210063133728716232e-02,3.445252216057649586e-02,2.440851986480454053e-02,3.056246412856323050e-02,2.263886231745424263e-02,2.797972068107901222e-02,1.269051718640392887e-02,7.812001785600408352e-03,2.560423442382500983e-02,3.611057968241821597e-02,4.896052547669153820e-02,2.101269051718640535e-02,6.000892800204068317e-02,7.112110197053758687e-02,9.360053568012244307e-02,1.838211848734136802e-02,1.006632230087366880e-01,5.587972705822332603e-02,8.258401887634717053e-02,5.970601364708883613e-02,1.222020279318920960e-01,4.103692366558255034e-02,3.918755181429756096e-02,3.295389324660417257e-02,1.956189018557490111e-02,4.312543842867164190e-02,4.489509597602193980e-02,7.631847458707990972e-02,4.752566800586697365e-02,1.260123716599706734e-01,1.502136343345449876e-01,3.292200752503029321e-02,9.965882277915949494e-02,2.431445698616159778e-01,1.343983164339009051e-01,1.883649001976914761e-01,1.142305975384222960e-01,2.772463490848798076e-02,8.397104776481091604e-02
1.433263184745870757e-02,2.842612078311332335e-02,2.337223391365346459e-02,1.036285951151074552e-02,4.526178177412154557e-02,5.259549773611376516e-02,6.099738537083094353e-02,1.096868822141445002e-02,6.748612971111536685e-02,4.054269498118742709e-02,5.093744021427205199e-02,3.306549327211275036e-02,8.567693386901345520e-02,2.507812001785600375e-02,2.203303360755053814e-02,2.362731968624449952e-02,1.343983164339009051e-02,3.620623684713985407e-02,0.000000000000000000e+00,5.771315604872138266e-02,2.356354824309674079e-02,1.077418531981378796e-01,7.922007525030291819e-02,2.888846374593457070e-02,7.569670301638925514e-02,1.464192334672533569e-01,9.406287864294368695e-02,1.360882596773164976e-01,9.093807792870352291e-02,2.010394745233084687e-02,6.067852815509214987e-02,2.439257700401760084e-02,1.570371787513551512e-02,2.941457815190357677e-02,1.493846055736241379e-02,2.251131943115872863e-02,9.422230725081309419e-03,8.688859128882087460e-03,2.426503411772208338e-02,1.742554684012499050e-02,2.239971940565015085e-02,1.613417511638288310e-02,2.037497608570881802e-02,9.007716344620879390e-03,5.659715579363560657e-03,1.857343281678464422e-02,2.614629169058095906e-02,3.571200816274472389e-02,1.530514635546202477e-02,4.302978126395000380e-02,5.132006887315859744e-02,6.683247241885083290e-02,1.308908870607741921e-02,7.260378802372297047e-02,4.023978062623557311e-02,5.973789936866271549e-02,4.310949556788470222e-02,8.774950577131560014e-02,2.966966392449461171e-02,2.845800650468720272e-02,2.367514826860531857e-02,1.407754607486767437e-02,3.097697850902365879e-02,3.301766468975193131e-02,5.575218417192780856e-02,3.440469357821567681e-02,9.069893501689943460e-02,1.087143677061411934e-01,2.356354824309674079e-02,7.143995918627638053e-02,1.741438683757413342e-01,9.828773675148268218e-02,1.359926025125948734e-01,8.298259039602065568e-02,2.023149033862636434e-02,6.115681397870034036e-02
3.094509278744977943e-02,6.278298577896818111e-02,5.103309737899369009e-02,2.295771953319303629e-02,9.957910847522478959e-02,1.162712837191505616e-01,1.352432880556087014e-01,2.440851986480454053e-02,1.495599770422804675e-01,8.932784898922262184e-02,1.118551112811682902e-01,7.171098781965436209e-02,1.893374147056947898e-01,5.477966966392449483e-02,4.873732542567438264e-02,5.237229768509661654e-02,2.982909253236400854e-02,7.969836107391110869e-02,5.771315604872138266e-02,0.000000000000000000e+00,5.108092596135450220e-02,2.384254830686818316e-01,1.749569542758752649e-01,6.372361456539761548e-02,1.676391811746699712e-01,3.241024169376953146e-01,2.075760474459537042e-01,3.006823544416810101e-01,2.021873604999681051e-01,4.403418149352719690e-02,1.333460876219628721e-01,5.500286971494165039e-02,3.531343664307123181e-02,6.434538613608825619e-02,3.312926471526050909e-02,4.884892545118296042e-02,2.088514763089088788e-02,1.905171864039283125e-02,5.458835533448121863e-02,3.870926599068937046e-02,4.891269689433071916e-02,3.560040813723614611e-02,4.427332440533129215e-02,1.994451884446145004e-02,1.230788852751737820e-02,4.076589503220457572e-02,5.801607040367323664e-02,7.845481793252981340e-02,3.289012180345641384e-02,9.396722147822204885e-02,1.136088259677316553e-01,1.474076908360436311e-01,2.939863529111663709e-02,1.601141508832344962e-01,8.762196288502008268e-02,1.312256871372999290e-01,9.446145016261718597e-02,1.930202155474778358e-01,6.472801479497480859e-02,6.283081436132899322e-02,5.277086920477010168e-02,3.116829283846693499e-02,6.874561571328359488e-02,7.195013073145845039e-02,1.231426567183215304e-01,7.585613162425865197e-02,2.016771889547860352e-01,2.415502837829220095e-01,5.254766915375294611e-02,1.586633505516229781e-01,3.863911740322683586e-01,2.161692494101141448e-01,2.988648683119699001e-01,1.839327848989222580e-01,4.425738154454435247e-02,1.349403737006568404e-01
1.324851731394681431e-02,2.547669153752949583e-02,2.123589056820355744e-02,9.151202091703334804e-03,4.092532364007397255e-02,4.711115362540654189e-02,5.525795548753268532e-02,1.025125948600216774e-02,6.040749952171417525e-02,3.744977998852114243e-02,4.605892481346852974e-02,3.003634972259422095e-02,7.776927491869141396e-02,2.232000510171545243e-02,2.015177603469166592e-02,2.125183342899049713e-02,1.222817422358267979e-02,3.186977871309227411e-02,2.356354824309674079e-02,5.108092596135450220e-02,0.000000000000000000e+00,9.631082201390217534e-02,7.238058797270582878e-02,2.632166315923729211e-02,6.839487277597092185e-02,1.331547732925195959e-01,8.334927619412027533e-02,1.219947707416618871e-01,8.025636120145399066e-02,1.748931828327274923e-02,5.449269816975958053e-02,2.294177667240609661e-02,1.489063197500159474e-02,2.616223455136789874e-02,1.345577450417703019e-02,1.972131879344429448e-02,8.577259103373509677e-03,7.684458899304890886e-03,2.338817677444040427e-02,1.597474650851348627e-02,1.988074740131369131e-02,1.492251769657547411e-02,1.782411835979848258e-02,8.178687583700019331e-03,5.006058287099037114e-03,1.755308972642050797e-02,2.439257700401760084e-02,3.234806453670046461e-02,1.348766022575090956e-02,3.843823735731139585e-02,4.658503921943753928e-02,6.067852815509214987e-02,1.270646004719086855e-02,6.479178623812256732e-02,3.630189401186148523e-02,5.385498373828200014e-02,3.894840890249346571e-02,7.960270390918947059e-02,2.638543460238505084e-02,2.605063452585932096e-02,2.147503348000765269e-02,1.288183151584720333e-02,2.759709202219246330e-02,2.911166379695172626e-02,4.951852560423442712e-02,3.346406479178623550e-02,8.135641859575282187e-02,9.937185128499458064e-02,2.200114788597665877e-02,6.490338626363115204e-02,1.582328933103756274e-01,8.730310566928128901e-02,1.221382564887443373e-01,7.389515974746509175e-02,1.755308972642050797e-02,5.506664115808940912e-02
