0.000000000000000000e+00,1.589793637996633757e-02,1.305497800596879844e-02,3.818899308354902974e-03,1.933494575748575042e-02,2.796282938006534532e-02,2.835886338241326229e-02,7.765095260321636279e-03,3.649170450205796445e-02,1.858530996732719529e-02,2.403077749961103973e-02,1.663342809861246760e-02,4.752408028174990445e-02,9.221934626101470356e-03,1.229119814429781819e-02,9.462383841812704172e-03,7.213476471337038759e-03,1.528974130493203701e-02,1.541703794854386821e-02,2.540275243631631708e-02,1.374803751007765140e-02,4.759480063931203347e-02,3.939123916210520576e-02,1.520487687585748461e-02,3.458225484788050863e-02,7.333701079192656014e-02,4.180987539072997250e-02,5.609538761827979891e-02,4.236149417971457609e-02,8.642027694092021747e-03,2.858516852661207100e-02,1.050904513373219530e-02,6.336544037566654158e-03,1.066462992036887672e-02,6.916450969576101900e-03,1.098994356515466467e-02,3.592594164156093835e-03,2.390348085599920853e-03,1.055147734826947237e-02,6.322399966054228181e-03,1.028273998953338660e-02,5.855645606144184792e-03,9.151214268539341334e-03,3.352144948444859152e-03,2.602509158286304448e-03,6.760866182939421348e-03,1.667586031314974293e-02,1.862774218186447062e-02,5.502043818333545756e-03,1.916521689933664216e-02,2.717076137536951486e-02,3.193731347505693319e-02,9.335087198200874709e-03,3.671800964625677316e-02,2.149898869888686170e-02,2.783553273645351586e-02,1.922179318538634607e-02,4.093294295695958790e-02,1.199417264253688047e-02,1.335200350772973443e-02,1.161228271170139034e-02,8.415722549893213042e-03,1.231948628732266841e-02,1.678901288524914728e-02,2.765165980679198249e-02,1.272966436118301049e-02,4.926380107777825201e-02,4.264437560996308524e-02,1.076363842095585596e-02,3.079164368255045761e-02,9.261538026336260665e-02,3.992871387957737384e-02,5.346459031696864511e-02,4.209275682097848859e-02,9.335087198200874709e-03,3.107452511279897023e-02
1.589793637996633757e-02,0.000000000000000000e+00,3.130083025699777893e-02,9.335087198200874709e-03,4.734020735208837455e-02,6.782082290208059361e-02,6.881090790795038603e-02,1.776495381960651113e-02,8.967341338877810042e-02,4.527517291127423904e-02,5.858474420446669467e-02,3.736863693582834905e-02,1.153024709692932193e-01,2.271537884895545936e-02,2.824571081031385794e-02,2.343672649608916428e-02,1.752450460389527731e-02,3.724134029221651959e-02,3.755250986548987896e-02,6.241778758433402796e-02,3.159785575875871666e-02,1.165471492623866706e-01,9.319528719537205352e-02,3.438423784670655015e-02,8.472298835942915218e-02,1.735053252429244186e-01,1.023040692493741299e-01,1.375793836013634863e-01,1.029971287534829777e-01,2.114538691107622354e-02,6.937667076844740432e-02,2.506329472001810402e-02,1.589793637996633757e-02,2.608166786891274666e-02,1.691630952886097675e-02,2.726976987595649410e-02,8.755180266191426100e-03,5.459611603796268690e-03,2.502086250548082869e-02,1.625153816777697574e-02,2.523302357816721228e-02,1.439866479964922730e-02,2.275781106349273816e-02,8.245993691744104778e-03,6.124382964880270563e-03,1.504929208922080319e-02,4.076321409881048657e-02,4.562877469908487721e-02,1.364902900949067216e-02,4.651985120436769039e-02,6.438381352456118423e-02,7.766509667472878964e-02,2.178187012913537432e-02,8.910765052828106825e-02,5.205018316572608550e-02,6.719848375553387487e-02,4.326671475650981091e-02,9.975813637713752680e-02,2.988642310575522279e-02,3.093308439767471565e-02,2.792039716552806999e-02,2.024016633428098524e-02,3.024002489356586096e-02,4.063591745519865017e-02,6.756622961485693468e-02,2.958939760399428506e-02,1.210873962178752733e-01,1.017948826749267982e-01,2.473798107523231607e-02,7.490700272980579943e-02,2.185966252245371277e-01,9.817400036774585892e-02,1.321339160690796488e-01,1.029829846819705491e-01,2.302654842222882220e-02,7.630726580953593741e-02
1.305497800596879844e-02,3.130083025699777893e-02,0.000000000000000000e+00,7.651942688222231927e-03,3.861331522892180040e-02,5.506287039787273463e-02,5.612367576130464913e-02,1.456839365779833383e-02,7.243179021513132532e-02,3.657656893113251512e-02,4.779281764048599196e-02,3.065020296742620304e-02,9.419951627275427453e-02,1.847215739522779093e-02,2.323870949491520579e-02,1.908035247026208803e-02,1.410163929788828957e-02,3.024002489356586096e-02,3.066434703893862815e-02,5.050847937087169642e-02,2.606752379740031808e-02,9.487843170535070758e-02,7.576979109206376239e-02,2.821742266728900425e-02,6.913622155273617398e-02,1.418367491266035729e-01,8.295497942037595440e-02,1.124453685237832568e-01,8.387434406868361780e-02,1.736891981725859763e-02,5.684502340843835405e-02,2.040989519243009351e-02,1.319641872109305301e-02,2.145655648434958637e-02,1.394605451125160815e-02,2.207889563089630858e-02,7.086179827725209296e-03,4.497814740951329958e-03,2.063620033662890221e-02,1.323885093563033008e-02,2.082007326629043559e-02,1.202246078556173242e-02,1.851458960976506626e-02,6.619425467815165040e-03,5.021145386911076390e-03,1.229119814429781819e-02,3.342244098386161488e-02,3.732620472129107025e-02,1.108895206574164391e-02,3.801926422539992495e-02,5.247450531109885269e-02,6.318156744600500474e-02,1.779324196263136135e-02,7.216305285639523781e-02,4.267266375298793546e-02,5.496386189728575539e-02,3.568549242584970194e-02,8.152642819762097315e-02,2.439852335893410301e-02,2.554419315144057512e-02,2.255979406231877968e-02,1.636469073987638009e-02,2.463897257464533683e-02,3.330928841176220706e-02,5.459611603796268864e-02,2.437023521590925279e-02,9.832958515438254554e-02,8.282768277676412494e-02,2.039575112091766840e-02,6.134283814938968488e-02,1.780880044129503070e-01,7.941896154226955884e-02,1.073252146362852072e-01,8.364803892448480216e-02,1.865603032488932431e-02,6.220562651164764090e-02
3.818899308354902974e-03,9.335087198200874709e-03,7.651942688222231927e-03,0.000000000000000000e+00,1.154156235413926306e-02,1.661928402710004249e-02,1.678901288524914728e-02,4.243221453727670164e-03,2.206475155938388347e-02,1.101823170817951662e-02,1.435623258511195023e-02,9.221934626101470356e-03,2.816084638123930381e-02,5.502043818333545756e-03,6.888162826551250811e-03,5.685916747995078263e-03,4.299797739777372341e-03,9.066349839464788937e-03,9.179502411564193290e-03,1.495028358863382395e-02,7.793383403346487368e-03,2.817499045275172892e-02,2.263051441988090523e-02,8.359146263843509131e-03,2.069277662267860265e-02,4.248879082332640555e-02,2.487942179035657064e-02,3.367703427108527381e-02,2.521887950665478717e-02,5.219162388085034007e-03,1.687387731432370142e-02,6.138527036392695674e-03,3.903763737429456239e-03,6.279967751516951982e-03,4.144212953140690922e-03,6.477984752690909599e-03,2.093322583838983994e-03,1.329542722168003312e-03,6.251679608492100894e-03,3.917907808941882217e-03,6.096094821855419475e-03,3.564306021131242747e-03,5.502043818333545756e-03,2.008458154764430296e-03,1.499271580317110058e-03,3.663314521718221990e-03,1.012715520289670518e-02,1.131525720994045262e-02,3.309712733907582520e-03,1.140012163901500675e-02,1.592622452299118779e-02,1.910864061328694172e-02,5.318170888672013250e-03,2.173943791459809552e-02,1.258822364605875418e-02,1.656270774105033858e-02,1.063634177734402650e-02,2.459654036010806150e-02,7.142756113774911472e-03,7.666086759734657037e-03,6.746722111426995371e-03,4.992857243886225302e-03,7.354917186461295067e-03,9.957426344747598648e-03,1.620910595323970041e-02,7.284196828899166913e-03,2.919336360164637156e-02,2.492185400489384944e-02,6.053662607318142409e-03,1.837314889464081169e-02,5.364846324663017502e-02,2.367717571180039809e-02,3.230505933437999300e-02,2.487942179035657064e-02,5.516187889845970867e-03,1.852873368127749137e-02
1.933494575748575042e-02,4.734020735208837455e-02,3.861331522892180040e-02,1.154156235413926306e-02,0.000000000000000000e+00,8.320957270759961333e-02,8.544433600656284322e-02,2.185259048669749987e-02,1.107197917992673308e-01,5.673187083633894623e-02,7.275710385991711326e-02,4.668958006251679865e-02,1.420630542708024024e-01,2.800526159460262066e-02,3.470955149149233809e-02,2.898120252895998797e-02,2.196574305879690422e-02,4.575607134269670667e-02,4.651985120436769039e-02,7.589708773567559186e-02,3.940538323361762740e-02,1.430248511336473238e-01,1.148215725378707447e-01,4.237563825122699773e-02,1.051328835518592353e-01,2.144099800568591563e-01,1.255993550303390327e-01,1.708320957270759999e-01,1.270703384676312997e-01,2.618067636949972590e-02,8.551505636412497224e-02,3.106038104128654512e-02,1.974512383134609250e-02,3.203632197564390549e-02,2.091908176687741483e-02,3.356388169898587293e-02,1.084850285003041009e-02,6.874018755038825701e-03,3.121596582792322480e-02,1.999971711856975143e-02,3.098966068372441610e-02,1.780738603414378993e-02,2.801940566611504924e-02,1.014129927440913202e-02,7.680230831247083015e-03,1.834486075161596147e-02,5.033875051272259510e-02,5.613781983281707771e-02,1.680315695676157239e-02,5.830186277421818553e-02,7.956040225739381688e-02,9.658986435835419104e-02,2.695860030268313126e-02,1.096448423643229947e-01,6.513344931471973243e-02,8.347831006633570083e-02,5.425665832166447211e-02,1.235060324465000470e-01,3.684530628986860262e-02,3.861331522892180040e-02,3.431351748914442806e-02,2.510572693455538282e-02,3.698674700499286067e-02,5.032460644121016652e-02,8.243164877441620797e-02,3.698674700499286067e-02,1.478904117339217283e-01,1.254720583867272032e-01,3.048047410927709477e-02,9.299727019419809504e-02,2.699254607431295083e-01,1.200548789974682090e-01,1.636186192557389507e-01,1.263914230350348666e-01,2.827399895333870816e-02,9.419951627275427453e-02
2.796282938006534532e-02,6.782082290208059361e-02,5.506287039787273463e-02,1.661928402710004249e-02,8.320957270759961333e-02,0.000000000000000000e+00,1.215965827923225911e-01,3.107452511279897023e-02,1.588096349415142605e-01,7.950382597134411644e-02,1.033648746128060375e-01,6.581236474731616548e-02,2.029391380602820205e-01,4.001357830865193144e-02,4.950425029348948236e-02,4.176744317619270064e-02,3.079164368255045761e-02,6.540218667345581993e-02,6.634983946478834049e-02,1.098004271509596813e-01,5.571349768744431052e-02,2.065034440814132732e-01,1.641702380447235543e-01,6.009815985629623353e-02,1.504363446061583176e-01,3.071243688208087352e-01,1.807046576427490392e-01,2.433346062997694403e-01,1.818361833637430758e-01,3.783539129573838811e-02,1.219643286516456648e-01,4.472355412228964239e-02,2.801940566611504924e-02,4.524688476824938882e-02,2.985813496273037257e-02,4.765137692536173392e-02,1.562919902123025007e-02,9.518960127862406348e-03,4.470941005077721381e-02,2.864174481266177144e-02,4.394563018910623703e-02,2.550176093690329632e-02,3.985799352201524481e-02,1.445524108569892947e-02,1.066462992036887672e-02,2.653427815731036407e-02,7.260151907328044052e-02,8.142741969703398697e-02,2.400248935658618604e-02,8.193660627148130482e-02,1.146942758942589152e-01,1.375652395298510577e-01,3.831628972716086268e-02,1.583287365100917998e-01,9.110196461153308167e-02,1.186404718462256563e-01,7.582636737811346284e-02,1.760936903296982936e-01,5.260180195471068215e-02,5.477998896762421854e-02,4.855659750215696874e-02,3.561477206828757985e-02,5.340801403091893773e-02,7.175287478253490614e-02,1.191920906352102461e-01,5.234720866748702323e-02,2.147070055586201009e-01,1.803934880694756659e-01,4.335157918558436158e-02,1.321622042121045060e-01,3.857088301438452160e-01,1.729819945969646722e-01,2.337732139573697743e-01,1.822322173660909927e-01,4.065006152671107875e-02,1.342555267959434917e-01
2.835886338241326229e-02,6.881090790795038603e-02,5.612367576130464913e-02,1.678901288524914728e-02,8.544433600656284322e-02,1.215965827923225911e-01,0.000000000000000000e+00,3.189488126051965439e-02,1.613272796707260204e-01,8.213462327265526330e-02,1.057693667699183826e-01,6.769352625846876415e-02,2.066307407250251027e-01,4.060762931217379995e-02,5.040947087028471718e-02,4.226248567912759685e-02,3.182416090295752537e-02,6.663272089503684270e-02,6.718433968402144629e-02,1.104651985120436719e-01,5.739664219742295070e-02,2.088230718094510607e-01,1.665888742733483141e-01,6.179544843778730229e-02,1.528549808347831052e-01,3.125981244961174577e-01,1.831232938713738267e-01,2.481718787570189877e-01,1.840002263051442044e-01,3.833043379867328432e-02,1.244395411663201390e-01,4.562877469908487721e-02,2.874075331324875068e-02,4.646327491831798995e-02,3.052290632381437357e-02,4.841515678703271763e-02,1.574235159332965442e-02,9.815985629623344075e-03,4.592580020084581494e-02,2.903777881500968841e-02,4.499229148102572989e-02,2.606752379740031808e-02,4.053690895461167787e-02,1.482298694502199449e-02,1.106066392271679369e-02,2.690202401663342735e-02,7.357746000763780436e-02,8.213462327265526330e-02,2.456825221708321128e-02,8.441181878615577894e-02,1.162642678321381545e-01,1.406203589765349926e-01,3.926394251849337630e-02,1.598704403049461820e-01,9.414293998670457408e-02,1.214692861487107617e-01,7.879662239572282623e-02,1.797994370659538044e-01,5.322414110125740783e-02,5.608124354676737033e-02,4.961740286558889018e-02,3.635026378693370641e-02,5.371918360419230404e-02,7.302584121865320077e-02,1.195598364945333197e-01,5.404449724897809199e-02,2.155415057778532206e-01,1.826989717260010526e-01,4.436995233447900422e-02,1.351466033012262979e-01,3.934173491181171545e-01,1.745802746778687686e-01,2.379174269105104600e-01,1.842548195923678633e-01,4.121582438720810398e-02,1.366741630245682515e-01
7.765095260321636279e-03,1.776495381960651113e-02,1.456839365779833383e-02,4.243221453727670164e-03,2.185259048669749987e-02,3.107452511279897023e-02,3.189488126051965439e-02,0.000000000000000000e+00,4.107438367208384594e-02,2.093322583838983994e-02,2.702932066024525681e-02,1.799125896380531983e-02,5.323828517276983641e-02,1.039589256163279095e-02,1.343686793680428856e-02,1.079192656398070792e-02,8.047976690570148028e-03,1.715675874457221403e-02,1.726991131667161838e-02,2.855688038358722078e-02,1.506343616073322830e-02,5.359188696058047457e-02,4.353545211524589148e-02,1.654856366953791347e-02,3.891034073068273119e-02,8.146985191157125883e-02,4.715633442242683770e-02,6.353516923381564985e-02,4.731191920906352433e-02,9.561392342399683414e-03,3.188073718900722581e-02,1.161228271170139034e-02,7.312484971924018001e-03,1.207903707161143460e-02,7.765095260321636279e-03,1.244678293093449961e-02,3.988628166504009503e-03,2.588365086773878904e-03,1.156985049716411328e-02,7.340773114948869089e-03,1.169714714077594447e-02,6.591137324790313952e-03,1.046661291919491997e-02,3.804755236842477430e-03,2.857102445509964676e-03,7.439781615535848332e-03,1.858530996732719529e-02,2.080592919477801048e-02,6.294111823029377092e-03,2.172529384308567041e-02,2.998543160634220203e-02,3.601080607063548988e-02,1.035346034709551562e-02,4.090465481393473768e-02,2.400248935658618604e-02,3.120182175641079969e-02,2.087664955234013603e-02,4.582679170025883569e-02,1.371974936705279945e-02,1.480884287350956764e-02,1.278624064723271267e-02,9.292654983663597643e-03,1.384704601066463064e-02,1.861359811035204551e-02,3.086236404011258663e-02,1.415821558393799175e-02,5.544476032870822302e-02,4.759480063931203347e-02,1.173957935531321981e-02,3.456811077636808699e-02,1.029264083959208487e-01,4.500643555253815153e-02,6.049419385864415050e-02,4.697246149276530780e-02,1.053733327675704726e-02,3.527531435198936333e-02
3.649170450205796445e-02,8.967341338877810042e-02,7.243179021513132532e-02,2.206475155938388347e-02,1.107197917992673308e-01,1.588096349415142605e-01,1.613272796707260204e-01,4.107438367208384594e-02,0.000000000000000000e+00,1.056845023408438389e-01,1.370136207408664542e-01,8.726892123166574144e-02,2.681291636610514950e-01,5.333729367335681565e-02,6.537389853043097665e-02,5.538818404265852258e-02,4.093294295695958790e-02,8.684459908629298119e-02,8.786297223518761690e-02,1.447362837866508212e-01,7.373304479427447711e-02,2.729098598322513003e-01,2.160365482807881099e-01,7.933409711319500124e-02,1.993889761106632241e-01,4.056378269048528384e-01,2.388792237733554091e-01,3.224141101257407827e-01,2.408735378566073948e-01,4.992857243886224955e-02,1.613555678137508775e-01,5.885348156320278218e-02,3.688773850440588142e-02,5.980113435453529580e-02,3.929223066151822652e-02,6.333715223264169136e-02,2.062205626511647710e-02,1.264479993210845636e-02,5.875447306261580294e-02,3.783539129573838811e-02,5.808970170153180540e-02,3.353559355596101577e-02,5.265837824076038259e-02,1.913692875631179194e-02,1.434208851359952512e-02,3.487928034964144636e-02,9.596752521180747231e-02,1.072969264932603500e-01,3.182416090295752537e-02,1.087820540020650317e-01,1.508040904654814052e-01,1.817513189346685321e-01,5.064992008599595447e-02,2.094736990990226366e-01,1.217804557219841349e-01,1.567587445722125605e-01,1.009038061696439920e-01,2.330094340956987975e-01,6.930595041088527530e-02,7.244593428664375390e-02,6.428480502397419805e-02,4.724119885150139531e-02,7.050819648944145479e-02,9.517545720711163837e-02,1.573669396472468507e-01,6.913622155273617398e-02,2.828531421054865103e-01,2.380447235541222895e-01,5.729763369683597146e-02,1.751884697529030588e-01,5.099362102374789263e-01,2.288652211425580840e-01,3.102784967680796702e-01,2.406472327124085930e-01,5.407278539200294221e-02,1.775929619100154178e-01
1.858530996732719529e-02,4.527517291127423904e-02,3.657656893113251512e-02,1.101823170817951662e-02,5.673187083633894623e-02,7.950382597134411644e-02,8.213462327265526330e-02,2.093322583838983994e-02,1.056845023408438389e-01,0.000000000000000000e+00,6.974441662777046413e-02,4.418607940481746738e-02,1.359811035204593899e-01,2.698688844570798148e-02,3.321027991117522782e-02,2.769409202132926129e-02,2.101809026746439060e-02,4.364860468734529930e-02,4.427094383389202498e-02,7.278539200294197042e-02,3.787782351027566691e-02,1.373955106717019425e-01,1.094468253631490362e-01,4.023988345285074014e-02,1.006775010254451902e-01,2.047354351423600893e-01,1.198568619962942505e-01,1.631235767528040614e-01,1.209600995742634438e-01,2.524716764967963739e-02,8.188002998543160438e-02,2.975912646214339333e-02,1.854287775278991648e-02,3.033903339415284020e-02,1.967440347378396348e-02,3.237577969194212202e-02,1.035346034709551562e-02,6.407264395128781445e-03,2.995714346331735181e-02,1.929251354294847162e-02,2.946210096038245560e-02,1.695874174339825555e-02,2.691616808814585246e-02,9.716977129036364833e-03,7.241764614361889847e-03,1.739720796028344785e-02,4.767966506838658414e-02,5.308270038613314978e-02,1.609595338114029606e-02,5.565692140139460314e-02,7.500601123039278562e-02,9.214862590345257454e-02,2.547347279387844610e-02,1.047227054779989036e-01,6.279967751516951635e-02,7.929166489865772938e-02,5.131469144707995894e-02,1.182302937723653108e-01,3.552990763921302225e-02,3.663314521718221556e-02,3.284253405185216801e-02,2.405906564263588995e-02,3.534603470955149235e-02,4.769380913989901272e-02,7.878247832421041152e-02,3.552990763921302225e-02,1.408042319061965086e-01,1.195739805660457483e-01,2.862760074114934633e-02,8.852774359627162137e-02,2.564885928063252440e-01,1.152458946832435188e-01,1.575366685053959659e-01,1.214692861487107617e-01,2.767994794981683271e-02,8.977242188936507272e-02
2.403077749961103973e-02,5.858474420446669467e-02,4.779281764048599196e-02,1.435623258511195023e-02,7.275710385991711326e-02,1.033648746128060375e-01,1.057693667699183826e-01,2.702932066024525681e-02,1.370136207408664542e-01,6.974441662777046413e-02,0.000000000000000000e+00,5.762294734162175941e-02,1.757542326134000910e-01,3.499243292174085418e-02,4.299797739777372341e-02,3.609567049971004749e-02,2.705760880327011050e-02,5.687331155146320427e-02,5.782096434279571789e-02,9.449654177451520531e-02,4.868389414576879820e-02,1.777768348396769615e-01,1.414972914103053703e-01,5.236135273899945181e-02,1.302103223433897783e-01,2.660782732917497673e-01,1.555989307081936668e-01,2.111144113944640188e-01,1.574659481478338230e-01,3.263037297916578094e-02,1.054864853396698804e-01,3.825971344111115530e-02,2.417221821473529431e-02,3.923565437546851914e-02,2.555833722295300023e-02,4.166843467560572140e-02,1.333785943621730932e-02,8.345002192331084021e-03,3.816070494052417605e-02,2.461068443162048661e-02,3.803340829691234659e-02,2.181015827216022454e-02,3.459639891939293721e-02,1.246092700244692472e-02,9.391663484250576885e-03,2.278609920651758838e-02,6.238949944130917774e-02,6.987171327138229360e-02,2.086250548082771092e-02,7.173873071102247756e-02,9.861246658463104775e-02,1.187536244183250572e-01,3.333757655478706422e-02,1.368156037396925095e-01,8.016859733242810704e-02,1.029264083959208487e-01,6.656200053747471368e-02,1.522750739027736444e-01,4.564291877059730579e-02,4.766552099687416250e-02,4.231906196517729729e-02,3.096137254069956588e-02,4.610967313050734484e-02,6.251679608492100026e-02,1.028273998953338764e-01,4.574192727118428503e-02,1.846367095232033517e-01,1.555423544221439525e-01,3.762323022305200798e-02,1.149913013960198599e-01,3.343234183392031489e-01,1.497715732450743409e-01,2.032220194905305366e-01,1.570982022885107632e-01,3.538846692408877115e-02,1.165612933338990992e-01
1.663342809861246760e-02,3.736863693582834905e-02,3.065020296742620304e-02,9.221934626101470356e-03,4.668958006251679865e-02,6.581236474731616548e-02,6.769352625846876415e-02,1.799125896380531983e-02,8.726892123166574144e-02,4.418607940481746738e-02,5.762294734162175941e-02,0.000000000000000000e+00,1.122756396656341554e-01,2.278609920651758838e-02,2.891048217139785895e-02,2.275781106349273816e-02,1.722747910213433958e-02,3.615224678575974793e-02,3.717061993465439057e-02,5.988599878360984646e-02,3.272938147975276019e-02,1.127423940255441875e-01,9.281339726453656513e-02,3.521873806593966288e-02,8.275696241920199592e-02,1.738023507446853633e-01,9.889534801487956384e-02,1.345101200831671506e-01,1.004511958812463746e-01,2.077764105175315679e-02,6.797640768871728023e-02,2.452582000254593247e-02,1.521902094736990972e-02,2.517644729211750837e-02,1.629397038231425454e-02,2.663328665789734331e-02,8.585451408042319571e-03,5.516187889845970867e-03,2.470969293220746585e-02,1.538874980551901625e-02,2.429951485834712377e-02,1.381875786763977869e-02,2.224862448904541684e-02,7.920680046958316831e-03,6.011230392780866211e-03,1.596865673752846659e-02,3.954682394874188545e-02,4.451139304960326226e-02,1.311155429201850062e-02,4.599652055840794396e-02,6.377561844952688019e-02,7.630726580953593741e-02,2.196574305879690422e-02,8.657586172755689369e-02,5.114496258893085068e-02,6.592551731941556636e-02,4.476598633682692119e-02,9.763652565027368391e-02,2.917921953013394298e-02,3.199388976110663363e-02,2.714247323234466117e-02,2.009872561915673067e-02,2.892462624291028406e-02,4.015501902377618254e-02,6.490714417052093066e-02,3.073506739650075717e-02,1.161086830455014818e-01,1.013139842435043375e-01,2.499257436245597500e-02,7.373304479427447711e-02,2.196149983734317634e-01,9.493500799140040802e-02,1.297294239119672898e-01,9.981471266318722724e-02,2.282853142105486371e-02,7.428466358325908070e-02
4.752408028174990445e-02,1.153024709692932193e-01,9.419951627275427453e-02,2.816084638123930381e-02,1.420630542708024024e-01,2.029391380602820205e-01,2.066307407250251027e-01,5.323828517276983641e-02,2.681291636610514950e-01,1.359811035204593899e-01,1.757542326134000910e-01,1.122756396656341554e-01,0.000000000000000000e+00,6.750965332880723424e-02,8.434109842859364992e-02,7.055062870397872665e-02,5.275738674134736184e-02,1.119786141638732108e-01,1.122756396656341554e-01,1.857116589581477017e-01,9.554320306643469818e-02,3.499101851458961132e-01,2.778037085755505342e-01,1.027849676807965906e-01,2.558238214452412396e-01,5.207988571590217441e-01,3.055260887399046665e-01,4.129503118767768322e-01,3.077749961103803389e-01,6.410093209431266814e-02,2.078329868035812822e-01,7.576979109206376239e-02,4.755236842477475467e-02,7.769338481775363292e-02,5.073478451507050513e-02,8.127183491039730034e-02,2.623725265554942634e-02,1.629397038231425454e-02,7.596780809323772088e-02,4.858488564518181896e-02,7.527474858912887312e-02,4.346473175768376940e-02,6.752379740031966282e-02,2.476626921825716629e-02,1.834486075161596147e-02,4.482256262287662163e-02,1.225583796551675403e-01,1.369004681687670533e-01,4.103195145754656714e-02,1.401394605451125042e-01,1.925573895701616634e-01,2.333630358835094287e-01,6.507687302867003198e-02,2.668137650103958869e-01,1.566597360716255882e-01,2.020622056265116429e-01,1.301254579143152068e-01,2.998260279203971423e-01,8.892377759861953834e-02,9.281339726453656513e-02,8.313885235003748431e-02,6.087608378947963889e-02,9.083322725279699417e-02,1.213561335766113608e-01,2.006477984752690902e-01,8.957440488819111424e-02,3.612112982843241338e-01,3.046067240915970031e-01,7.384619736637387799e-02,2.246644319033677117e-01,6.543188922363191162e-01,2.925701192345228629e-01,3.962603074921146606e-01,3.079730131115542835e-01,6.930595041088527530e-02,2.283136023535735082e-01
9.221934626101470356e-03,2.271537884895545936e-02,1.847215739522779093e-02,5.502043818333545756e-03,2.800526159460262066e-02,4.001357830865193144e-02,4.060762931217379995e-02,1.039589256163279095e-02,5.333729367335681565e-02,2.698688844570798148e-02,3.499243292174085418e-02,2.278609920651758838e-02,6.750965332880723424e-02,0.000000000000000000e+00,1.688802138583612653e-02,1.384704601066463064e-02,1.056562141978189921e-02,2.171114977157324530e-02,2.272952292046788447e-02,3.635026378693370641e-02,1.893891175513783345e-02,6.820271283291608200e-02,5.541647218568337280e-02,2.031088669184311427e-02,5.016902165457348683e-02,1.028415439668462911e-01,6.018302428537078419e-02,8.197903848601859056e-02,6.145599072148908576e-02,1.278624064723271267e-02,4.046618859704954885e-02,1.432794444208710001e-02,9.165358340051766445e-03,1.476641065897229231e-02,9.787697486598492119e-03,1.572820752181722931e-02,5.077721672960778566e-03,3.352144948444859152e-03,1.441280887116165241e-02,9.038061696439936982e-03,1.424308001301254588e-02,8.189417405694402602e-03,1.360659679495339509e-02,4.738263956662564641e-03,3.677458593230647534e-03,8.868332838290830453e-03,2.422879450078499475e-02,2.717076137536951486e-02,8.005544476032870962e-03,2.780724459342866564e-02,3.868403558648392249e-02,4.609552905899492320e-02,1.302668986294394649e-02,5.304026817159587792e-02,3.089065218313743685e-02,3.994285795108980242e-02,2.620896451252457612e-02,5.899492227832704022e-02,1.769423346204438557e-02,1.888233546908813301e-02,1.656270774105033858e-02,1.203660485707415753e-02,1.736891981725859763e-02,2.479455736128201998e-02,3.930637473303064816e-02,1.755279274692012753e-02,7.076278977666511372e-02,6.056491421620627952e-02,1.441280887116165241e-02,4.478013040833934283e-02,1.298284324125542899e-01,5.753808291254720875e-02,7.840058839337492314e-02,6.022545649990806299e-02,1.349344422285399074e-02,4.456796933565296270e-02
1.229119814429781819e-02,2.824571081031385794e-02,2.323870949491520579e-02,6.888162826551250811e-03,3.470955149149233809e-02,4.950425029348948236e-02,5.040947087028471718e-02,1.343686793680428856e-02,6.537389853043097665e-02,3.321027991117522782e-02,4.299797739777372341e-02,2.891048217139785895e-02,8.434109842859364992e-02,1.688802138583612653e-02,0.000000000000000000e+00,1.722747910213433958e-02,1.285696100479483996e-02,2.735463430503104476e-02,2.784967680796594097e-02,4.536003734034878970e-02,2.401663342809861115e-02,8.497758164665281111e-02,6.939081483995983290e-02,2.635040522764883070e-02,6.230463501223462014e-02,1.298567205555791193e-01,7.503429937341762890e-02,1.011442553853552223e-01,7.558591816240223249e-02,1.561505494971782496e-02,5.104595408834387144e-02,1.818927596497927832e-02,1.142840978203985870e-02,1.891062361211298323e-02,1.231948628732266841e-02,1.984413233193307174e-02,6.350688109079079269e-03,4.130068881628265812e-03,1.824585225102898223e-02,1.151327421111441110e-02,1.830242853707868267e-02,1.036760441860794073e-02,1.661928402710004249e-02,5.883933749169035880e-03,4.497814740951329958e-03,1.169714714077594447e-02,2.981570274819309377e-02,3.357802577049829457e-02,9.886705987185471362e-03,3.441252598973140731e-02,4.796254649863510022e-02,5.692988783751290471e-02,1.643541109743850911e-02,6.531732224438126233e-02,3.816070494052417605e-02,4.954668250802676116e-02,3.335172062629948586e-02,7.287025643201651415e-02,2.196574305879690422e-02,2.350744685365129330e-02,2.048061554999221906e-02,1.495028358863382395e-02,2.188087862972235356e-02,3.026831303659071465e-02,4.927794514929067365e-02,2.261637034836848012e-02,8.869747245442072270e-02,7.609510473684955034e-02,1.869846253942659964e-02,5.519016704148456409e-02,1.636751955417886650e-01,7.186602735463430702e-02,9.694346614616483615e-02,7.496357901585549988e-02,1.704360617247280968e-02,5.593980283164311923e-02
9.462383841812704172e-03,2.343672649608916428e-02,1.908035247026208803e-02,5.685916747995078263e-03,2.898120252895998797e-02,4.176744317619270064e-02,4.226248567912759685e-02,1.079192656398070792e-02,5.538818404265852258e-02,2.769409202132926129e-02,3.609567049971004749e-02,2.275781106349273816e-02,7.055062870397872665e-02,1.384704601066463064e-02,1.722747910213433958e-02,0.000000000000000000e+00,1.084850285003041009e-02,2.260222627685605501e-02,2.318213320886550535e-02,3.811827272598690419e-02,1.936323390051060064e-02,7.146999335228639005e-02,5.701475226658746231e-02,2.087664955234013603e-02,5.203603909421365692e-02,1.061229685577290277e-01,6.281382158668194493e-02,8.432695435708123521e-02,6.328057594659199092e-02,1.318227464958062790e-02,4.207861274946606001e-02,1.545947016308114527e-02,9.674544914499087767e-03,1.568577530727995398e-02,1.038174849012036584e-02,1.653441959802548836e-02,5.388891246234140536e-03,3.309712733907582520e-03,1.548775830610599549e-02,9.858417844160619406e-03,1.513415651829535732e-02,8.783468409216276321e-03,1.383290193915220380e-02,5.035289458423501500e-03,3.776467093817626342e-03,8.953197267365384585e-03,2.504915064850567891e-02,2.803354973762747435e-02,8.359146263843509131e-03,2.855688038358722078e-02,3.961754430630401447e-02,4.776452949746114174e-02,1.326713907865518204e-02,5.486485339669877614e-02,3.196560161808178341e-02,4.122996845872052563e-02,2.635040522764883070e-02,6.113067707670329781e-02,1.817513189346685321e-02,1.893891175513783345e-02,1.700117395793553088e-02,1.241849478790964766e-02,1.847215739522779093e-02,2.500671843396840358e-02,4.142798545989448411e-02,1.816098782195442810e-02,7.444024836989575344e-02,6.251679608492100026e-02,1.493613951712139884e-02,4.593994427235824352e-02,1.334351706482228006e-01,6.018302428537078419e-02,8.131426712493458608e-02,6.337958444717896322e-02,1.424308001301254588e-02,4.656228341890496919e-02
7.213476471337038759e-03,1.752450460389527731e-02,1.410163929788828957e-02,4.299797739777372341e-03,2.196574305879690422e-02,3.079164368255045761e-02,3.182416090295752537e-02,8.047976690570148028e-03,4.093294295695958790e-02,2.101809026746439060e-02,2.705760880327011050e-02,1.722747910213433958e-02,5.275738674134736184e-02,1.056562141978189921e-02,1.285696100479483996e-02,1.084850285003041009e-02,0.000000000000000000e+00,1.677486881373672217e-02,1.735477574574616905e-02,2.817499045275172892e-02,1.470983437292259013e-02,5.320999702974497925e-02,4.238978232273942631e-02,1.553019052064327256e-02,3.917907808941881870e-02,7.948968189983168786e-02,4.630769013168130332e-02,6.356345737684049313e-02,4.709975813637713726e-02,9.858417844160619406e-03,3.175344054539539634e-02,1.144255385355228381e-02,7.227620542849464737e-03,1.164057085472624230e-02,7.552934187635252684e-03,1.261651178908360614e-02,4.045204452553711680e-03,2.475212514674474118e-03,1.145669792506470892e-02,7.326629043436443979e-03,1.125868092389075044e-02,6.463840681178483621e-03,1.057976549129432432e-02,3.748178950792775254e-03,2.800526159460262066e-03,6.760866182939421348e-03,1.859945403883962040e-02,2.065034440814132732e-02,6.265823680004526004e-03,2.166871755703596997e-02,2.903777881500968841e-02,3.575621278341183096e-02,9.844273772648194296e-03,4.072078188427320777e-02,2.415807414322286920e-02,3.090479625464986196e-02,1.990070861798277219e-02,4.579850355723398547e-02,1.391776636822675793e-02,1.424308001301254588e-02,1.270137621815815854e-02,9.292654983663597643e-03,1.367731715251552238e-02,1.861359811035204551e-02,3.045218596625224455e-02,1.373389343856522456e-02,5.463854825249996744e-02,4.656228341890496919e-02,1.101823170817951662e-02,3.446910227578110775e-02,9.956011937596356831e-02,4.480841855136419305e-02,6.121554150577785541e-02,4.695831742125287922e-02,1.079192656398070792e-02,3.472369556300476667e-02
1.528974130493203701e-02,3.724134029221651959e-02,3.024002489356586096e-02,9.066349839464788937e-03,4.575607134269670667e-02,6.540218667345581993e-02,6.663272089503684270e-02,1.715675874457221403e-02,8.684459908629298119e-02,4.364860468734529930e-02,5.687331155146320427e-02,3.615224678575974793e-02,1.119786141638732108e-01,2.171114977157324530e-02,2.735463430503104476e-02,2.260222627685605501e-02,1.677486881373672217e-02,0.000000000000000000e+00,3.644927228752068565e-02,6.005572764175895473e-02,3.074921146801318228e-02,1.128555465976436023e-01,9.004115924810116023e-02,3.318199176815037760e-02,8.200732662904343384e-02,1.681164339966902954e-01,9.852760215555650403e-02,1.340009335087198328e-01,9.995615337831148528e-02,2.079178512326558190e-02,6.700046675435991639e-02,2.431365892985954888e-02,1.543118202005629332e-02,2.503500657699325380e-02,1.632225852533910476e-02,2.622310858403700123e-02,8.514731050480190550e-03,5.304026817159587272e-03,2.428537078683469866e-02,1.550190237761842060e-02,2.424293857229741986e-02,1.393191043973918304e-02,2.202231934484660814e-02,8.019688547545296073e-03,5.940510035218738057e-03,1.439866479964922730e-02,3.958925616327916425e-02,4.420022347632989596e-02,1.322470686411790497e-02,4.504886776707543034e-02,6.226220279769734828e-02,7.513330787400461508e-02,2.103223433897681918e-02,8.601009886705987539e-02,5.062163194297110425e-02,6.520416967228186145e-02,4.222005346459031805e-02,9.673130507347844909e-02,2.889633809988543384e-02,3.026831303659071465e-02,2.711418508931981095e-02,1.958953904470940935e-02,2.933480431677062614e-02,3.940538323361762740e-02,6.524660188681913331e-02,2.876904145627360437e-02,1.175513783397688916e-01,9.906507687302866516e-02,2.396005714204891071e-02,7.267223943084255566e-02,2.117226064694983090e-01,9.497744020593767988e-02,1.280179912589637925e-01,9.953183123293871115e-02,2.230520077509511728e-02,7.390277365242359231e-02
1.541703794854386821e-02,3.755250986548987896e-02,3.066434703893862815e-02,9.179502411564193290e-03,4.651985120436769039e-02,6.634983946478834049e-02,6.718433968402144629e-02,1.726991131667161838e-02,8.786297223518761690e-02,4.427094383389202498e-02,5.782096434279571789e-02,3.717061993465439057e-02,1.122756396656341554e-01,2.272952292046788447e-02,2.784967680796594097e-02,2.318213320886550535e-02,1.735477574574616905e-02,3.644927228752068565e-02,0.000000000000000000e+00,6.101752450460389693e-02,3.124425397094807849e-02,1.141285130337618969e-01,9.105953239699579593e-02,3.352144948444859412e-02,8.340758970877357181e-02,1.702097565805292811e-01,9.963083973352569733e-02,1.350758829436641550e-01,1.015685775307279964e-01,2.110295469653894473e-02,6.766523811544390699e-02,2.380447235541222756e-02,1.541703794854386821e-02,2.495014214791869966e-02,1.626568223928940085e-02,2.670400701545946887e-02,8.458154764430488373e-03,5.459611603796268690e-03,2.394591307053648560e-02,1.550190237761842060e-02,2.425708264380984844e-02,1.391776636822675793e-02,2.219204820299571293e-02,7.849959689396189544e-03,6.039518535805717299e-03,1.452596144326105676e-02,4.001357830865193144e-02,4.538832548337364686e-02,1.319641872109305301e-02,4.558634248454759841e-02,6.320985558902986190e-02,7.576979109206376239e-02,2.124439541166320278e-02,8.770738744855094415e-02,5.142784401917935982e-02,6.591137324790313778e-02,4.288482482567431558e-02,9.739607643456245356e-02,2.927822803072092223e-02,3.081993182557531130e-02,2.712832916083223606e-02,1.973097975983366739e-02,2.937723653130790147e-02,4.081979038486018702e-02,6.588308510487829450e-02,2.902363474349726330e-02,1.179049801275795228e-01,9.958840751898841159e-02,2.410149785717316528e-02,7.376133293729933427e-02,2.137734968388000090e-01,9.592509299727020045e-02,1.303659071300264372e-01,1.010028146702309781e-01,2.261637034836848012e-02,7.395934993847329275e-02
2.540275243631631708e-02,6.241778758433402796e-02,5.050847937087169642e-02,1.495028358863382395e-02,7.589708773567559186e-02,1.098004271509596813e-01,1.104651985120436719e-01,2.855688038358722078e-02,1.447362837866508212e-01,7.278539200294197042e-02,9.449654177451520531e-02,5.988599878360984646e-02,1.857116589581477017e-01,3.635026378693370641e-02,4.536003734034878970e-02,3.811827272598690419e-02,2.817499045275172892e-02,6.005572764175895473e-02,6.101752450460389693e-02,0.000000000000000000e+00,5.077721672960778393e-02,1.885970495466825214e-01,1.502241835334719444e-01,5.535989589963366542e-02,1.371833495990155694e-01,2.798121667303150040e-01,1.652734756226927615e-01,2.221043549596186661e-01,1.664615776297364846e-01,3.410135641645804100e-02,1.114128513033761925e-01,4.033889195343771938e-02,2.557248129446542534e-02,4.180987539072997250e-02,2.722733766141921530e-02,4.386076576003167943e-02,1.412992744091314153e-02,8.811756552241128276e-03,4.022573938133831156e-02,2.608166786891274666e-02,4.057934116914894973e-02,2.313970099432822655e-02,3.643512821600825707e-02,1.325299500714275693e-02,9.943282273235173538e-03,2.396005714204891071e-02,6.581236474731616548e-02,7.404421436754783648e-02,2.206475155938388347e-02,7.462412129955729723e-02,1.043691036901882585e-01,1.245809818814443970e-01,3.511972956535268364e-02,1.448070041442129641e-01,8.384605592565876064e-02,1.081314267124934558e-01,6.889577233702492975e-02,1.600401691630952972e-01,4.790597021258539284e-02,4.965983508012616204e-02,4.489328298043875065e-02,3.233334747740484322e-02,4.879704671786820602e-02,6.586894103336586592e-02,1.100833085812081835e-01,4.738263956662564641e-02,1.971400687401875518e-01,1.646652805476584436e-01,3.974484094991584393e-02,1.207196503585522135e-01,3.510699990099149792e-01,1.589935078711758043e-01,2.127834118329302304e-01,1.665322979872986275e-01,3.707161143406741133e-02,1.231099984441521300e-01
1.374803751007765140e-02,3.159785575875871666e-02,2.606752379740031808e-02,7.793383403346487368e-03,3.940538323361762740e-02,5.571349768744431052e-02,5.739664219742295070e-02,1.506343616073322830e-02,7.373304479427447711e-02,3.787782351027566691e-02,4.868389414576879820e-02,3.272938147975276019e-02,9.554320306643469818e-02,1.893891175513783345e-02,2.401663342809861115e-02,1.936323390051060064e-02,1.470983437292259013e-02,3.074921146801318228e-02,3.124425397094807849e-02,5.077721672960778393e-02,0.000000000000000000e+00,9.568464378155895622e-02,7.806113067707670661e-02,2.963182981853156386e-02,7.023945913070536728e-02,1.461931231524306596e-01,8.405821699834514771e-02,1.143548181779607126e-01,8.528875121992617048e-02,1.770837753355681068e-02,5.739664219742295070e-02,2.090493769536498625e-02,1.281452879025756289e-02,2.121610726863834909e-02,1.379046972461492847e-02,2.239006520416967141e-02,7.270052757386740935e-03,4.625111384563160288e-03,2.111709876805136984e-02,1.298425764840667115e-02,2.055133590755434808e-02,1.183858785590019905e-02,1.876918289698872866e-02,6.718433968402144282e-03,5.091865744473203677e-03,1.306912207748122355e-02,3.352144948444859412e-02,3.752422172246502874e-02,1.108895206574164391e-02,3.917907808941881870e-02,5.373332767570472568e-02,6.459597459724755741e-02,1.827414039405383245e-02,7.374718886578690569e-02,4.352130804373346984e-02,5.606709947525494869e-02,3.780710315271353789e-02,8.281353870525169636e-02,2.479455736128201998e-02,2.666157480092219353e-02,2.304069249374124731e-02,1.700117395793553088e-02,2.479455736128201998e-02,3.381847498620953185e-02,5.492142968274847659e-02,2.557248129446542534e-02,9.873976322824287721e-02,8.567064115076165887e-02,2.097565805292711527e-02,6.248850794189615698e-02,1.841840992348057204e-01,8.076264833594998249e-02,1.098145712224720960e-01,8.448253914371790796e-02,1.932080168597332531e-02,6.292697415878134581e-02
