0.000000000000000000e+00,2.259423872529555538e-02,1.781665876807603244e-02,5.994389865894739731e-03,2.862705416725372376e-02,3.517221062339093152e-02,3.886106592547999838e-02,1.037490553712551097e-02,5.588359612157852568e-02,2.578356153856006458e-02,3.820783113240172613e-02,2.317062236624697555e-02,5.844530119247370870e-02,1.337210047007288127e-02,1.621559309876654045e-02,1.470418710693837880e-02,9.542351389084574587e-03,2.050644909251597703e-02,2.319623941695592509e-02,3.486480601488350928e-02,2.304253711270221397e-02,6.005917538713767545e-02,5.685704404851869148e-02,2.059610876999731083e-02,5.092669680939633514e-02,1.145722592957872793e-01,5.897045073200722631e-02,7.877243093002703200e-02,6.588705442342422669e-02,1.291099355731174618e-02,4.412536984616961117e-02,1.686882789184481271e-02,1.198877973178947946e-02,1.524214517182636772e-02,1.184788595289024311e-02,1.558797535639721774e-02,5.635751155969413208e-03,5.815070510932076470e-03,1.863640439076249058e-02,1.319278111511021714e-02,1.581852881277778441e-02,1.145082166690148881e-02,1.374354770535268257e-02,4.214004841622583618e-03,3.394259218936123736e-03,1.297503618408412697e-02,2.172325900119119121e-02,2.224840854072470536e-02,8.761031342461542484e-03,2.808909610236573484e-02,3.939902399036798730e-02,4.398447606727037829e-02,1.120745968516644736e-02,4.753243759046021227e-02,2.942118273923123237e-02,3.850242721555467013e-02,2.807628757701126007e-02,5.911134451090645919e-02,1.740678595673280163e-02,1.772699909059469864e-02,1.695848756932614304e-02,1.182226890218129184e-02,2.112125830953082498e-02,2.249177052245975028e-02,3.754178781396897563e-02,2.194100393221728312e-02,6.463181893868559513e-02,6.283862538905896078e-02,2.022466153471750780e-02,4.732750118478859513e-02,1.307110012424269607e-01,6.194202861424564360e-02,8.028383692185518672e-02,5.451308390864959691e-02,1.452486775197571467e-02,4.677673459454612798e-02
2.259423872529555538e-02,0.000000000000000000e+00,2.591164679210482616e-02,9.081244476323441228e-03,4.383077376301666717e-02,5.315538022107514637e-02,5.930347239122359809e-02,1.511405991828160787e-02,8.444660766205987212e-02,3.919408758469637710e-02,5.643436271182098590e-02,3.371203873298066894e-02,8.880150628258168255e-02,2.062172582070626037e-02,2.264547282671346140e-02,2.172325900119119121e-02,1.438397397307648005e-02,3.088135462964148800e-02,3.398101776542466340e-02,5.159274012782908564e-02,3.313565509202925224e-02,8.990303946306661687e-02,8.355001088724654801e-02,3.018969426049978796e-02,7.608264060558707353e-02,1.703021531131120869e-01,8.839163347123846215e-02,1.190552431698538582e-01,9.941977380144223497e-02,1.960985231770266332e-02,6.611760787980479337e-02,2.538649725257131201e-02,1.800878664839317134e-02,2.233806821820603916e-02,1.763733941311336831e-02,2.404160209035133625e-02,8.517669360726499300e-03,8.466435259308595015e-03,2.789696822204859594e-02,1.996849102762798811e-02,2.329870761979173366e-02,1.672793411294557636e-02,2.113406683488529975e-02,6.493922354719300870e-03,4.841622583991904601e-03,1.895661752462439106e-02,3.268735670462259713e-02,3.271297375533154667e-02,1.303907881085650602e-02,4.295979403891229953e-02,5.890640810523484205e-02,6.709105580674497304e-02,1.658704033404634001e-02,7.229131710066219463e-02,4.415098689687856071e-02,5.740781063876115864e-02,4.091042998219614896e-02,8.997989061519347243e-02,2.678262651620919033e-02,2.491258181445570041e-02,2.532245462579893122e-02,1.794474402162079055e-02,3.214939863973460821e-02,3.351991085266353004e-02,5.651121386394784146e-02,3.148335532130185771e-02,9.652504707133068018e-02,9.329729868200274667e-02,2.929309748568647426e-02,7.215042332176296869e-02,1.952147349275678012e-01,9.227261665364466792e-02,1.215272885632677075e-01,8.202579637006390811e-02,2.203066360969861692e-02,6.938378184519616854e-02
1.781665876807603244e-02,2.591164679210482616e-02,0.000000000000000000e+00,6.916603691417007316e-03,3.285386753423078648e-02,4.133311131889385454e-02,4.494511546885607278e-02,1.184788595289024311e-02,6.528505373176386739e-02,2.975420439844760762e-02,4.334404979954657733e-02,2.570671038643320902e-02,6.815416341116646570e-02,1.560078388175169424e-02,1.790631844555736277e-02,1.702253019609852383e-02,1.096409770343140418e-02,2.422092144531400038e-02,2.632151960344805350e-02,4.050055717085292162e-02,2.577075301320558981e-02,6.996016548614758523e-02,6.536190488389072295e-02,2.352926107617230034e-02,5.885517400381694297e-02,1.327603652991431182e-01,6.925569659165140002e-02,9.141444545489477158e-02,7.712013115929962359e-02,1.507563434221818009e-02,5.122129289254927914e-02,1.940491591203104618e-02,1.408937788992353259e-02,1.761172236240441530e-02,1.382039885747953813e-02,1.838023388367297437e-02,6.557964981491680792e-03,6.634816133618536352e-03,2.132619471520243865e-02,1.539584747608007884e-02,1.826495715548268756e-02,1.316716406440126587e-02,1.615155047199415966e-02,4.956899312182188808e-03,3.740089403506974188e-03,1.467857005622942579e-02,2.543773135398921456e-02,2.578356153856006458e-02,1.005469240326361223e-02,3.231590946934279757e-02,4.576486109154252746e-02,5.099073943616871246e-02,1.277009977841251157e-02,5.593483022299642476e-02,3.376327283439857496e-02,4.406132721939723385e-02,3.120156776350338848e-02,6.912761133810664538e-02,2.036555531361674415e-02,1.985321429943770477e-02,1.954580969093028253e-02,1.376916475606163384e-02,2.491258181445570041e-02,2.592445531745930093e-02,4.461209380963969406e-02,2.428496407208638116e-02,7.542940581250880128e-02,7.275242401342332799e-02,2.279917513096717252e-02,5.560180856378005299e-02,1.508588116250176026e-01,7.218884889782639647e-02,9.348942656231988557e-02,6.445249958372292753e-02,1.684321084113585970e-02,5.412882814801531911e-02
5.994389865894739731e-03,9.081244476323441228e-03,6.916603691417007316e-03,0.000000000000000000e+00,1.182226890218129184e-02,1.430712282094962449e-02,1.607469931986730410e-02,4.060302537368872498e-03,2.281198365632164729e-02,1.068231014563293321e-02,1.528057074788979550e-02,9.106861527032392503e-03,2.411845324247819181e-02,5.533282953133605506e-03,5.955964289831311952e-03,5.853496086995504250e-03,3.932217283824113521e-03,8.351158531118311676e-03,9.068435950968964723e-03,1.397410116173324925e-02,8.799456918524970264e-03,2.433619817350428371e-02,2.233806821820603916e-02,8.146222125446698006e-03,2.064734287141521338e-02,4.591856339579623858e-02,2.393913388751553115e-02,3.218782421579803599e-02,2.689790324439947367e-02,5.302729496753038826e-03,1.786789286949393499e-02,6.916603691417007316e-03,4.931282261473236665e-03,6.058432492667119654e-03,4.777579957219525546e-03,6.442688253301397452e-03,2.279917513096717252e-03,2.318343089160145032e-03,7.608264060558708221e-03,5.405197699588846529e-03,6.288985949047686333e-03,4.534217975484482362e-03,5.725410833450744405e-03,1.754767973563203754e-03,1.293661060802069962e-03,5.110601616435899927e-03,8.825073969233921539e-03,8.825073969233921539e-03,3.535152997835359218e-03,1.171980069934548500e-02,1.565201798316959853e-02,1.818810600335583200e-02,4.482983874066578944e-03,1.955861821628476077e-02,1.188631152895367089e-02,1.558797535639721774e-02,1.101533180484930846e-02,2.442585785098561751e-02,7.288050926696809477e-03,6.660433184327488494e-03,6.801326963226723976e-03,4.867239634700856743e-03,8.761031342461542484e-03,9.132478577741343778e-03,1.507563434221818009e-02,8.492052310017548025e-03,2.588602974139587315e-02,2.518156084689969487e-02,7.851626042293750538e-03,1.957142674163923554e-02,5.271989035902296256e-02,2.473326245949303975e-02,3.270016522997707537e-02,2.199223803363518914e-02,5.930347239122359809e-03,1.872606406824382438e-02
2.862705416725372376e-02,4.383077376301666717e-02,3.285386753423078648e-02,1.182226890218129184e-02,0.000000000000000000e+00,6.906356871133426112e-02,7.866996272719121996e-02,1.973793757124742143e-02,1.098843390160490763e-01,5.196418736310888520e-02,7.364902078823665210e-02,4.453524265751283850e-02,1.172620496202272239e-01,2.694913734581737622e-02,2.849896891370896565e-02,2.799943642488440451e-02,1.889257489785201027e-02,4.062864242439767626e-02,4.334404979954657733e-02,6.639939543760327301e-02,4.280609173465858841e-02,1.171851984681003683e-01,1.074635277240531261e-01,3.914285348327847108e-02,9.958628463105043127e-02,2.222663404762209860e-01,1.140855353323171895e-01,1.560206473428714102e-01,1.294685742830427866e-01,2.564266775966083170e-02,8.648316319342154446e-02,3.430123089928656388e-02,2.381104863397076957e-02,2.916501223214171268e-02,2.305534563805669221e-02,3.153458942271976373e-02,1.124588526122987514e-02,1.087443802595007211e-02,3.746493666184212007e-02,2.620624287525777016e-02,3.022811983656321574e-02,2.154393964622853055e-02,2.749990393605983990e-02,8.748222817107065979e-03,6.109666594085023071e-03,2.443866637634009228e-02,4.248587860079668793e-02,4.188387790913632169e-02,1.706095577216195161e-02,5.754870441766039152e-02,7.592893830133336242e-02,8.891678301077196589e-02,2.186415278009042756e-02,9.455253416674137823e-02,5.775364082333200866e-02,7.519885235612823460e-02,5.400074289447055753e-02,1.193626477783612805e-01,3.524906177551778708e-02,3.152178089736528549e-02,3.335340002305534762e-02,2.352926107617230034e-02,4.228094219512507773e-02,4.367707145876295605e-02,7.229131710066219463e-02,4.116660048928566518e-02,1.241146106848718539e-01,1.207075429405812528e-01,3.802851177743906547e-02,9.485993877524880047e-02,2.540442918806757877e-01,1.184660510035479564e-01,1.586592035658934696e-01,1.059393132068704863e-01,2.861424564189924899e-02,9.053065720543593264e-02
3.517221062339093152e-02,5.315538022107514637e-02,4.133311131889385454e-02,1.430712282094962449e-02,6.906356871133426112e-02,0.000000000000000000e+00,9.464219384422271897e-02,2.383666568467972258e-02,1.348993890333405887e-01,6.125036824510394357e-02,8.889116596006302329e-02,5.228440049697078568e-02,1.419056524022389298e-01,3.225186684257041331e-02,3.553084933331625284e-02,3.424999679786866480e-02,2.229964264214261138e-02,4.990201478103825639e-02,5.414163667336979735e-02,8.216669014896314793e-02,5.151588897570223008e-02,1.447491450309325856e-01,1.328500249766244312e-01,4.819848090889295583e-02,1.217706505450027593e-01,2.730649520320725387e-01,1.414061199134143687e-01,1.896046008223073176e-01,1.591971616307814585e-01,3.139369564382052391e-02,1.063876115942771483e-01,4.074391915258795960e-02,2.925467190962304648e-02,3.597914772072291489e-02,2.851177743906344042e-02,3.796446915066668121e-02,1.365388802787135050e-02,1.350018572361763938e-02,4.454805118286731674e-02,3.212378158902565867e-02,3.736246845900631497e-02,2.688509471904499543e-02,3.304599541454792538e-02,1.049018226531579431e-02,7.467370281659472739e-03,2.977982144915655716e-02,5.255337952941478014e-02,5.273269888437744080e-02,2.085227927708683052e-02,6.807731225903961014e-02,9.464219384422271897e-02,1.069255696591651372e-01,2.605254057100405904e-02,1.165191551496676248e-01,6.916603691417007316e-02,9.149129660702162714e-02,6.377364773993569880e-02,1.441983784406901115e-01,4.234498482189745505e-02,3.946306661714037156e-02,4.044932306943501560e-02,2.825560693197392073e-02,5.131095257003061294e-02,5.341155072816466953e-02,9.146567955631268454e-02,4.886452422732570633e-02,1.552009017201849417e-01,1.486557452640477617e-01,4.636686178320290064e-02,1.155328986973729738e-01,3.129506999859106298e-01,1.477079143878165246e-01,1.937289459864485752e-01,1.327475567737886331e-01,3.469829518527531992e-02,1.117928092938659940e-01
3.886106592547999838e-02,5.930347239122359809e-02,4.494511546885607278e-02,1.607469931986730410e-02,7.866996272719121996e-02,9.464219384422271897e-02,0.000000000000000000e+00,2.673139241479128431e-02,1.498725551727229655e-01,6.981927170724834542e-02,1.000345830184570795e-01,6.007198391249215369e-02,1.587616717687292678e-01,3.638902053206614223e-02,3.913004495792399284e-02,3.797727767602115945e-02,2.551458250611607012e-02,5.497419082141073027e-02,5.968772815185787589e-02,9.026167817299193818e-02,5.797138575435810404e-02,1.608878869775722809e-01,1.466191897326860893e-01,5.353963598170942417e-02,1.358600284349262832e-01,3.024220921445314181e-01,1.556235830568826473e-01,2.120451372433491688e-01,1.761428406747531095e-01,3.518501914874540282e-02,1.180177526161413082e-01,4.621315947894918952e-02,3.202131338618984663e-02,3.953991776926722712e-02,3.126561039027576927e-02,4.248587860079668793e-02,1.530618779859874677e-02,1.474261268300180658e-02,5.052963252340757910e-02,3.541557260512596950e-02,4.101289818503195406e-02,2.935714011245885158e-02,3.696540417301755893e-02,1.171980069934548500e-02,8.351158531118311676e-03,3.312284656667478094e-02,5.811227953325733692e-02,5.745904474017906466e-02,2.305534563805669221e-02,7.769651480025104029e-02,1.038899491501543426e-01,1.202720530785290620e-01,2.940837421387675760e-02,1.294557657576883292e-01,7.819604728907561531e-02,1.021607982273000925e-01,7.295736041909495206e-02,1.619125690059303457e-01,4.757086316652364005e-02,4.311349634316601065e-02,4.517566892523663946e-02,3.163705762555556883e-02,5.729253391057087530e-02,5.943155764476835967e-02,9.941977380144223497e-02,5.553776593700767567e-02,1.701100252327949480e-01,1.645639337543068625e-01,5.152869750105670138e-02,1.292892549280801329e-01,3.468932921752718723e-01,1.620662713101840569e-01,2.155930987665390097e-01,1.452614860451116319e-01,3.910442790721504330e-02,1.231283542325772029e-01
1.037490553712551097e-02,1.511405991828160787e-02,1.184788595289024311e-02,4.060302537368872498e-03,1.973793757124742143e-02,2.383666568467972258e-02,2.673139241479128431e-02,0.000000000000000000e+00,3.800289472673010899e-02,1.768857351453127086e-02,2.547615693005264234e-02,1.553674125497931345e-02,4.014191846092759336e-02,9.132478577741343778e-03,1.031086291035313018e-02,9.888181573655424605e-03,6.442688253301397452e-03,1.414061199134143687e-02,1.533180484930769978e-02,2.345240992404544478e-02,1.526776222253531899e-02,4.055179127227082070e-02,3.784919242247639787e-02,1.380759033212506162e-02,3.437808205141341944e-02,7.761966364812418473e-02,4.003945025809178826e-02,5.397512584376160799e-02,4.503477514633739964e-02,8.850691019942874549e-03,2.990790670270131874e-02,1.157890692044624865e-02,8.363967056472788181e-03,1.029805438499865541e-02,8.030945397256414667e-03,1.074635277240531227e-02,3.906600233115161379e-03,3.842557606342781890e-03,1.274448272770356029e-02,8.901925121360777099e-03,1.050299079067027082e-02,7.557029959140803936e-03,9.401457610185339972e-03,2.971577882238417723e-03,2.139023734197481770e-03,8.504860835372022795e-03,1.480665530977418563e-02,1.493474056331894548e-02,5.981581340540263227e-03,1.940491591203104618e-02,2.656488158518309842e-02,3.026654541262664352e-02,7.492987332368424014e-03,3.259769702714126333e-02,1.986602282479218301e-02,2.580917858926901759e-02,1.868763849218039660e-02,4.059021684833424848e-02,1.204001383320738201e-02,1.139958756548358626e-02,1.133554493871120547e-02,8.005328346547461657e-03,1.440959102378543133e-02,1.513967696899056088e-02,2.530964610044445645e-02,1.453767627733019117e-02,4.330562422348314955e-02,4.184545233307289391e-02,1.317997258975574064e-02,3.245680324824203045e-02,8.794333508383180009e-02,4.171736707952813233e-02,5.446184980723169089e-02,3.686293597018175383e-02,9.670436642629334431e-03,3.149616384665633595e-02
5.588359612157852568e-02,8.444660766205987212e-02,6.528505373176386739e-02,2.281198365632164729e-02,1.098843390160490763e-01,1.348993890333405887e-01,1.498725551727229655e-01,3.800289472673010899e-02,0.000000000000000000e+00,9.756253762504323024e-02,1.418288012501120743e-01,8.365247909008236005e-02,2.244565983118363695e-01,5.161835717853803518e-02,5.658806501607469702e-02,5.478206294109359137e-02,3.574859426434234821e-02,7.911826111459788202e-02,8.585554545105221480e-02,1.300961920254121162e-01,8.237162655463475813e-02,2.298105619100072883e-01,2.103928374726217743e-01,7.559591664211699757e-02,1.940491591203104826e-01,4.320443687318278880e-01,2.250970245795601565e-01,3.002318343089160346e-01,2.526737796677468451e-01,4.986358920497482861e-02,1.673946178576460608e-01,6.422194612734236085e-02,4.548307353374406170e-02,5.621661778079489746e-02,4.450962560680388896e-02,6.037938852099957593e-02,2.171045047583671644e-02,2.115968388559425276e-02,6.976803760583044633e-02,5.018380233883672908e-02,5.856057792066399204e-02,4.179421823165498789e-02,5.280955003650429636e-02,1.635648687766577333e-02,1.206563088391633502e-02,4.736592676085202291e-02,8.301205282235855909e-02,8.330664890551151003e-02,3.267454817926811889e-02,1.080399113650045428e-01,1.496932358177603117e-01,1.691109602551458257e-01,4.147400509779309435e-02,1.849935316946959840e-01,1.107553187401534439e-01,1.450309325887310652e-01,1.022120323287179916e-01,2.282223047660522919e-01,6.700139612926363231e-02,6.283862538905896078e-02,6.456777631191321087e-02,4.527813712807244456e-02,8.187209406581019699e-02,8.521511918332842772e-02,1.453255286718840023e-01,7.826008991584798569e-02,2.457443674509753595e-01,2.363557183661444960e-01,7.359778668681875302e-02,1.837767217860207802e-01,4.945755895123794543e-01,2.338452473966672329e-01,3.077248216412844517e-01,2.105081142008120576e-01,5.547372331023529141e-02,1.759250957437270280e-01
2.578356153856006458e-02,3.919408758469637710e-02,2.975420439844760762e-02,1.068231014563293321e-02,5.196418736310888520e-02,6.125036824510394357e-02,6.981927170724834542e-02,1.768857351453127086e-02,9.756253762504323024e-02,0.000000000000000000e+00,6.589986294877871187e-02,3.929655578753218220e-02,1.045047583671691871e-01,2.457956015523932863e-02,2.545053987934369280e-02,2.533526315115340599e-02,1.695848756932614304e-02,3.645306315883851955e-02,3.838715048736438679e-02,6.000794128571977637e-02,3.841276753807334327e-02,1.043510560629154760e-01,9.626887656424115702e-02,3.490323159094693706e-02,8.854533577549217327e-02,1.981350787083883125e-01,1.023785431583261879e-01,1.396129263637877482e-01,1.158659203565893525e-01,2.274794102954926650e-02,7.660779014512059115e-02,3.004880048160055162e-02,2.140304586732929421e-02,2.616781729919434238e-02,2.063453434606073861e-02,2.878075647150743488e-02,1.008030945397256350e-02,9.824138946883045551e-03,3.305880393990239668e-02,2.367015485507153669e-02,2.710283965007108734e-02,1.931525623454971585e-02,2.481011361161989531e-02,7.851626042293750538e-03,5.482048851715702088e-03,2.195381245757176136e-02,3.810536292956592103e-02,3.726000025617050987e-02,1.542146452678903011e-02,5.096512238545976292e-02,6.736003483918896750e-02,7.884928208215388756e-02,1.959704379234818855e-02,8.402392632536216655e-02,5.184891063491860186e-02,6.646343806437564339e-02,4.769894842006839469e-02,1.058112279533257316e-01,3.176514287910033041e-02,2.820437283055601818e-02,2.963892767025732428e-02,2.109564125882187197e-02,3.775953274499507101e-02,3.870736362122628726e-02,6.506730880073777201e-02,3.683731891947280429e-02,1.113573194318138171e-01,1.077453152818516058e-01,3.375046430904409672e-02,8.461311849166805454e-02,2.258143019994107992e-01,1.067078247281390557e-01,1.415342051669591372e-01,9.461657679351376249e-02,2.562985923430635346e-02,8.073213530926184878e-02
3.820783113240172613e-02,5.643436271182098590e-02,4.334404979954657733e-02,1.528057074788979550e-02,7.364902078823665210e-02,8.889116596006302329e-02,1.000345830184570795e-01,2.547615693005264234e-02,1.418288012501120743e-01,6.589986294877871187e-02,0.000000000000000000e+00,5.704917192883583038e-02,1.493345971078349765e-01,3.483918896417455280e-02,3.791323504924878213e-02,3.655553136167433159e-02,2.406721914106028926e-02,5.227159197161630744e-02,5.712602308096268594e-02,8.670090812444762596e-02,5.557619151307110344e-02,1.520628130083383489e-01,1.405223316639555298e-01,5.096512238545976292e-02,1.284567007800392069e-01,2.878075647150743488e-01,1.491680862782267802e-01,2.003765706454215811e-01,1.675227031111908016e-01,3.319969771880163650e-02,1.114854046853585717e-01,4.267800648111382683e-02,3.061237559719749354e-02,3.775953274499507101e-02,2.970297029702970160e-02,4.083357883006929340e-02,1.453767627733019117e-02,1.412780346598696037e-02,4.659741523958346732e-02,3.364799610620829162e-02,3.918127905934189886e-02,2.802505347559335405e-02,3.567174311221549265e-02,1.097690622878588068e-02,8.184647701510125786e-03,3.185480255658166421e-02,5.529440395527263075e-02,5.517912722708234741e-02,2.196662098292623613e-02,7.307263714728523540e-02,9.903551804080795717e-02,1.131377044560859663e-01,2.779450001921278737e-02,1.221549063056370371e-01,7.419978737847911232e-02,9.701177103480077002e-02,6.890986640708055000e-02,1.517810254505398693e-01,4.552149910980748948e-02,4.190949495984527123e-02,4.308787929245706111e-02,3.029216246333559653e-02,5.428253045226903023e-02,5.665210764284708128e-02,9.591023785431583570e-02,5.319380579713857415e-02,1.632446556427958329e-01,1.573143084036734973e-01,4.933843966544131793e-02,1.223214171352452195e-01,3.290638248818413270e-01,1.561103070203527510e-01,2.049748312476784573e-01,1.395745007877243204e-01,3.722157468010708209e-02,1.170571132145556137e-01
2.317062236624697555e-02,3.371203873298066894e-02,2.570671038643320902e-02,9.106861527032392503e-03,4.453524265751283850e-02,5.228440049697078568e-02,6.007198391249215369e-02,1.553674125497931345e-02,8.365247909008236005e-02,3.929655578753218220e-02,5.704917192883583038e-02,0.000000000000000000e+00,8.886554890935406681e-02,2.074981107425102195e-02,2.308096268876564175e-02,2.162079079835538611e-02,1.449925070126676339e-02,3.077888642680568290e-02,3.398101776542466340e-02,5.105478206294109672e-02,3.449335877960370278e-02,8.939069844888758443e-02,8.363967056472788875e-02,3.034339656475349908e-02,7.594174682668784759e-02,1.708273026526455907e-01,8.694427010618267782e-02,1.194779245065515638e-01,9.866407080552816455e-02,1.963546936841161633e-02,6.622007608264060541e-02,2.595007236816825394e-02,1.793193549626631578e-02,2.235087674356051393e-02,1.747082858350518242e-02,2.400317651428790847e-02,8.543286411435450575e-03,8.184647701510125786e-03,2.846054333764553787e-02,1.987883135014665778e-02,2.315781384089249731e-02,1.645895508050158190e-02,2.083947075173235228e-02,6.596390557555108572e-03,4.841622583991904601e-03,1.936649033596761840e-02,3.240556914682412443e-02,3.236714357076069665e-02,1.309031291227441031e-02,4.384358228837113847e-02,5.844530119247370870e-02,6.730880073777105455e-02,1.698410462003509605e-02,7.163808230758392237e-02,4.454805118286731674e-02,5.790734312758571978e-02,4.247307007544221663e-02,9.014640144480165485e-02,2.678262651620919033e-02,2.521998642296312265e-02,2.555300808217949790e-02,1.777823319201260466e-02,3.175233435374585217e-02,3.326374034557401382e-02,5.537125510739948631e-02,3.317408066809268002e-02,9.537227978942784679e-02,9.279776619317818553e-02,2.981824702521998494e-02,7.193267839073687331e-02,1.950866496740230327e-01,9.163219038592086696e-02,1.213607777336595250e-01,8.111639106989612658e-02,2.188976983079938057e-02,6.921727101558797224e-02
5.844530119247370870e-02,8.880150628258168255e-02,6.815416341116646570e-02,2.411845324247819181e-02,1.172620496202272239e-01,1.419056524022389298e-01,1.587616717687292678e-01,4.014191846092759336e-02,2.244565983118363695e-01,1.045047583671691871e-01,1.493345971078349765e-01,8.886554890935406681e-02,0.000000000000000000e+00,5.471802031432121405e-02,5.872708875027218139e-02,5.725410833450744752e-02,3.818221408169277659e-02,8.308890397448541465e-02,8.896801711218987885e-02,1.364620291265866425e-01,8.670090812444762596e-02,2.401854674471328166e-01,2.204219128251764248e-01,8.016856019366490338e-02,2.032841059008876350e-01,4.539213300372728077e-01,2.349083550010887256e-01,3.161400227991751355e-01,2.646753679248908253e-01,5.193857031239993566e-02,1.761556492001075946e-01,6.866650442534551202e-02,4.868520487236304567e-02,5.990547308288396433e-02,4.730188413407964559e-02,6.410666939915207752e-02,2.285040923238507507e-02,2.256862167458660584e-02,7.528851203360957534e-02,5.366772123525418575e-02,6.217258207062621028e-02,4.462490233499417230e-02,5.561461708913453122e-02,1.756048826098651275e-02,1.262920599951327522e-02,4.967146132465768971e-02,8.704673830901847598e-02,8.634226941452230464e-02,3.471110371062979816e-02,1.147643871761044182e-01,1.553033699230207676e-01,1.791272270823460189e-01,4.412536984616961117e-02,1.928195406862807937e-01,1.166600489285668507e-01,1.522293238379465452e-01,1.081423795678403549e-01,2.411204897980095685e-01,7.097203898915117881e-02,6.499045764861091645e-02,6.734722631383448233e-02,4.753243759046021227e-02,8.598363070459698332e-02,8.868622955439139921e-02,1.500390660023311618e-01,8.267903116314219425e-02,2.558246769049479230e-01,2.468843262075237355e-01,7.699204590575486895e-02,1.926914554327360252e-01,5.186940427548576427e-01,2.440152165281211094e-01,3.227364133567302562e-01,2.177577395514454506e-01,5.799700280506705358e-02,1.852240851510765507e-01
1.337210047007288127e-02,2.062172582070626037e-02,1.560078388175169424e-02,5.533282953133605506e-03,2.694913734581737622e-02,3.225186684257041331e-02,3.638902053206614223e-02,9.132478577741343778e-03,5.161835717853803518e-02,2.457956015523932863e-02,3.483918896417455280e-02,2.074981107425102195e-02,5.471802031432121405e-02,0.000000000000000000e+00,1.329524931794602571e-02,1.314154701369231286e-02,8.953159222778681384e-03,1.899504310068781884e-02,2.049364056716150226e-02,3.145773827059290817e-02,1.996849102762798811e-02,5.461555211148540201e-02,5.067052630230681198e-02,1.825214863012821279e-02,4.695605394950879558e-02,1.039283747262177704e-01,5.420567930014217467e-02,7.299578599515837984e-02,6.090453806053309355e-02,1.200158825714395423e-02,4.012910993557311512e-02,1.569044355923302630e-02,1.127150231193882642e-02,1.358984540109897145e-02,1.075916129775978877e-02,1.474261268300180658e-02,5.302729496753038826e-03,5.238686869980658904e-03,1.731712627925147130e-02,1.210405645997976280e-02,1.397410116173324925e-02,1.010592650468151651e-02,1.326963226723707270e-02,4.047494012014396861e-03,2.971577882238417723e-03,1.128431083729330292e-02,1.999410807833694112e-02,1.976355462195637444e-02,8.069370973319842447e-03,2.666734978801890699e-02,3.558208343473415886e-02,4.126906869212147722e-02,1.016996913145389557e-02,4.409975279546066163e-02,2.717969080219794289e-02,3.510816799661854726e-02,2.497662444122808120e-02,5.496138229605625203e-02,1.670231706223662335e-02,1.476822973371075785e-02,1.549831567891588567e-02,1.119465115981197086e-02,1.995568250227351334e-02,2.053206614322493004e-02,3.414752859503285276e-02,1.912312835423257695e-02,5.838125856570133138e-02,5.644717123717546414e-02,1.749644563421413196e-02,4.436873182790465608e-02,1.186197533078016675e-01,5.631908598363070256e-02,7.393080834603511786e-02,4.962022722323979063e-02,1.329524931794602571e-02,4.208881431480793883e-02
1.621559309876654045e-02,2.264547282671346140e-02,1.790631844555736277e-02,5.955964289831311952e-03,2.849896891370896565e-02,3.553084933331625284e-02,3.913004495792399284e-02,1.031086291035313018e-02,5.658806501607469702e-02,2.545053987934369280e-02,3.791323504924878213e-02,2.308096268876564175e-02,5.872708875027218139e-02,1.329524931794602571e-02,0.000000000000000000e+00,1.467857005622942579e-02,9.427074660894291247e-03,2.055768319393388305e-02,2.356768665223572812e-02,3.513378504732750374e-02,2.322185646766487810e-02,6.101981478872337689e-02,5.743342768947010818e-02,2.067295992212416639e-02,5.091388828404185690e-02,1.160068141354885785e-01,5.967491962650339765e-02,7.946409129916873204e-02,6.679645972359202211e-02,1.315435553904678936e-02,4.458647675893074452e-02,1.668950853688214858e-02,1.200158825714395423e-02,1.519091107040846343e-02,1.180946037682681533e-02,1.539584747608007884e-02,5.584517054551509790e-03,5.712602308096268768e-03,1.846989356115430470e-02,1.312873848833783809e-02,1.586976291419568696e-02,1.145082166690148881e-02,1.378197328141611035e-02,4.201196316268107980e-03,3.355833642872695956e-03,1.328244079259154921e-02,2.191538688150833358e-02,2.272232397884031696e-02,8.722605766398114704e-03,2.835807513480972930e-02,4.029562076518130448e-02,4.425345509971437274e-02,1.111780000768511530e-02,4.835218321314667389e-02,2.916501223214171268e-02,3.882264034941657060e-02,2.820437283055601818e-02,5.916257861232436521e-02,1.757329678634098752e-02,1.797036107232974356e-02,1.713780692428880717e-02,1.171980069934548500e-02,2.122372651236663008e-02,2.282479218167612206e-02,3.882264034941657060e-02,2.201785508434413868e-02,6.618165050657717763e-02,6.399139267096179418e-02,2.041678941503464670e-02,4.789107630038553359e-02,1.326963226723707201e-01,6.291547654118581634e-02,8.116762517131402566e-02,5.579393644409719188e-02,1.484508088583761341e-02,4.736592676085202291e-02
1.470418710693837880e-02,2.172325900119119121e-02,1.702253019609852383e-02,5.853496086995504250e-03,2.799943642488440451e-02,3.424999679786866480e-02,3.797727767602115945e-02,9.888181573655424605e-03,5.478206294109359137e-02,2.533526315115340599e-02,3.655553136167433159e-02,2.162079079835538611e-02,5.725410833450744752e-02,1.314154701369231286e-02,1.467857005622942579e-02,0.000000000000000000e+00,9.260563831286103623e-03,2.012219333188169923e-02,2.209470623647099424e-02,3.390416661329780784e-02,2.141585439268376898e-02,5.844530119247370870e-02,5.433376455368693625e-02,1.962266084305713809e-02,4.965865279930321841e-02,1.108962125190526837e-01,5.774083229797753042e-02,7.737630166638914675e-02,6.474709566687587847e-02,1.274448272770356029e-02,4.272924058253173285e-02,1.635648687766577333e-02,1.179665185147234056e-02,1.456329332803914245e-02,1.143801314154701404e-02,1.553674125497931345e-02,5.546091478488082011e-03,5.507665902424654231e-03,1.798316959768421833e-02,1.275729125305803506e-02,1.508844286757265660e-02,1.088724655130454862e-02,1.380759033212506162e-02,4.201196316268107980e-03,3.138088711846604914e-03,1.200158825714395423e-02,2.127496061378453610e-02,2.137742881662034120e-02,8.415201157890692465e-03,2.747428688535089036e-02,3.825906523381963215e-02,4.303664519103915509e-02,1.078477834846874005e-02,4.677673459454612798e-02,2.851177743906344042e-02,3.704225532514441449e-02,2.607815762171301205e-02,5.831721593892895406e-02,1.734274332996042084e-02,1.625401867482996823e-02,1.647176360585605667e-02,1.170699217399100850e-02,2.083947075173235228e-02,2.172325900119119121e-02,3.674765924199147049e-02,2.037836383897121892e-02,6.268492308480524966e-02,6.018726064068243703e-02,1.884134079643410772e-02,4.677673459454612798e-02,1.258693786584350605e-01,6.023849474210034305e-02,7.878523945538150330e-02,5.370614681131761353e-02,1.411499494063248560e-02,4.508600924775530566e-02
9.542351389084574587e-03,1.438397397307648005e-02,1.096409770343140418e-02,3.932217283824113521e-03,1.889257489785201027e-02,2.229964264214261138e-02,2.551458250611607012e-02,6.442688253301397452e-03,3.574859426434234821e-02,1.695848756932614304e-02,2.406721914106028926e-02,1.449925070126676339e-02,3.818221408169277659e-02,8.953159222778681384e-03,9.427074660894291247e-03,9.260563831286103623e-03,0.000000000000000000e+00,1.323120669117364492e-02,1.410218641527800909e-02,2.199223803363518914e-02,1.411499494063248560e-02,3.813097998027487057e-02,3.528748735158121486e-02,1.273167420234908379e-02,3.249522882430545823e-02,7.267557286129647243e-02,3.756740486467793211e-02,5.099073943616871246e-02,4.244745302473326015e-02,8.325541480409360401e-03,2.799943642488440451e-02,1.092567212736797640e-02,7.877243093002701813e-03,9.593585490502478871e-03,7.569838484495280441e-03,1.052860784137922209e-02,3.714472352798022479e-03,3.624812675316690849e-03,1.202720530785290724e-02,8.632946088916782640e-03,9.913798624364377615e-03,7.057497470316242798e-03,9.145287103095820283e-03,2.843492628693658313e-03,2.036555531361674502e-03,8.069370973319842447e-03,1.392286706031534670e-02,1.369231360393477828e-02,5.635751155969413208e-03,1.858517028934458803e-02,2.460517720594827817e-02,2.871671384473505409e-02,7.134348622443098357e-03,3.068922674932434910e-02,1.885414932178858249e-02,2.434900669885876195e-02,1.744521153279622941e-02,3.850242721555467013e-02,1.165575807257310421e-02,1.045175668925236653e-02,1.082320392453216783e-02,7.697923738040039418e-03,1.376916475606163384e-02,1.426869724488619671e-02,2.381104863397076957e-02,1.352580277432659239e-02,4.088481293148719942e-02,3.960396039603960444e-02,1.239865254313270854e-02,3.076607790145120466e-02,8.260218001101533869e-02,3.904038528044266598e-02,5.170801685601936898e-02,3.458301845708503658e-02,9.337414983412959182e-03,2.952365094206704094e-02
2.050644909251597703e-02,3.088135462964148800e-02,2.422092144531400038e-02,8.351158531118311676e-03,4.062864242439767626e-02,4.990201478103825639e-02,5.497419082141073027e-02,1.414061199134143687e-02,7.911826111459788202e-02,3.645306315883851955e-02,5.227159197161630744e-02,3.077888642680568290e-02,8.308890397448541465e-02,1.899504310068781884e-02,2.055768319393388305e-02,2.012219333188169923e-02,1.323120669117364492e-02,0.000000000000000000e+00,3.112471661137653292e-02,4.848026846669142853e-02,3.035620509010797732e-02,8.379337286898159987e-02,7.746596134387047361e-02,2.798662789952992627e-02,7.101046456521460659e-02,1.588257143955016382e-01,8.279430789133247759e-02,1.110755318740153513e-01,9.315640490310350685e-02,1.817529747800135723e-02,6.139126202400317645e-02,2.392632536216105291e-02,1.720184955106118796e-02,2.108283273346739720e-02,1.667670001152767381e-02,2.233806821820603916e-02,8.043753922610889437e-03,8.056562447965365942e-03,2.615500877383986761e-02,1.864921291611696882e-02,2.172325900119119121e-02,1.570325208458750108e-02,1.948176706415790521e-02,6.186517746211878631e-03,4.354898620521819100e-03,1.718904102570670972e-02,3.054833297042511622e-02,3.061237559719749354e-02,1.215529056139766709e-02,3.948868366784932110e-02,5.441061570581379181e-02,6.218539059598068158e-02,1.553674125497931345e-02,6.702701317997258879e-02,4.067987652581558228e-02,5.278393298579534682e-02,3.742651108577869229e-02,8.411358600284349341e-02,2.481011361161989531e-02,2.283760070703060030e-02,2.341398434798201700e-02,1.653580623262843746e-02,3.001037490553712384e-02,3.071484380003330211e-02,5.247652837728792458e-02,2.904973550395142934e-02,8.928823024605177239e-02,8.611171595814173796e-02,2.698756292188080400e-02,6.700139612926363231e-02,1.808179524291368412e-01,8.582992840034327220e-02,1.126637890179703616e-01,7.631319406196764021e-02,1.998129955298246635e-02,6.481113829364824885e-02
2.319623941695592509e-02,3.398101776542466340e-02,2.632151960344805350e-02,9.068435950968964723e-03,4.334404979954657733e-02,5.414163667336979735e-02,5.968772815185787589e-02,1.533180484930769978e-02,8.585554545105221480e-02,3.838715048736438679e-02,5.712602308096268594e-02,3.398101776542466340e-02,8.896801711218987885e-02,2.049364056716150226e-02,2.356768665223572812e-02,2.209470623647099424e-02,1.410218641527800909e-02,3.112471661137653292e-02,0.000000000000000000e+00,5.247652837728792458e-02,3.343025117518220318e-02,9.251597863537970590e-02,8.524073623403737032e-02,3.077888642680568290e-02,7.715855673536305137e-02,1.733505821474773667e-01,9.038976342653670670e-02,1.197340950136410731e-01,1.008671371664980193e-01,2.016061890794512701e-02,6.720633253493525638e-02,2.498943296658255597e-02,1.788070139484840976e-02,2.217155738859784980e-02,1.738116890602384862e-02,2.382385715932524781e-02,8.543286411435450575e-03,8.351158531118311676e-03,2.744866983464193735e-02,1.973793757124742143e-02,2.338836729727306399e-02,1.681759379042690669e-02,2.100598158134054164e-02,6.404262677237969673e-03,4.944090786827712303e-03,1.922559655706838552e-02,3.332778297234639114e-02,3.366080463156276986e-02,1.303907881085650602e-02,4.298541108962124907e-02,6.040500557170853241e-02,6.702701317997258879e-02,1.647176360585605667e-02,7.375148899107246414e-02,4.438154035325912738e-02,5.835564151499238184e-02,4.105132376109538184e-02,9.065874245898070116e-02,2.676981799085471209e-02,2.584760416533244537e-02,2.605254057100405904e-02,1.814968042729240422e-02,3.250803734965993647e-02,3.430123089928656388e-02,5.879113137704455871e-02,3.164986615091004707e-02,9.956066758034147479e-02,9.520576895981965049e-02,2.974139587309312938e-02,7.359778668681875302e-02,1.989292072803658107e-01,9.470623647099508935e-02,1.234485673664390964e-01,8.513826803120157216e-02,2.263266430135898316e-02,7.061340027922585749e-02
3.486480601488350928e-02,5.159274012782908564e-02,4.050055717085292162e-02,1.397410116173324925e-02,6.639939543760327301e-02,8.216669014896314793e-02,9.026167817299193818e-02,2.345240992404544478e-02,1.300961920254121162e-01,6.000794128571977637e-02,8.670090812444762596e-02,5.105478206294109672e-02,1.364620291265866425e-01,3.145773827059290817e-02,3.513378504732750374e-02,3.390416661329780784e-02,2.199223803363518914e-02,4.848026846669142853e-02,5.247652837728792458e-02,0.000000000000000000e+00,5.108039911365004626e-02,1.395488837370153501e-01,1.296607021633599255e-01,4.673830901848270020e-02,1.182995401739397739e-01,2.646881764502452827e-01,1.378709669155790130e-01,1.834180830760954450e-01,1.538431980326105120e-01,3.013846015908188541e-02,1.020199044484008527e-01,3.874578919728971504e-02,2.806347905165678183e-02,3.496727421771931438e-02,2.746147835999641212e-02,3.692697859695413115e-02,1.333367489400945349e-02,1.320558964046469365e-02,4.230655924583402727e-02,3.066360969861539956e-02,3.601757329678634267e-02,2.596288089352272871e-02,3.231590946934279757e-02,9.977841251136756670e-03,7.403327654887092817e-03,2.908816108001485712e-02,5.087546270797842912e-02,5.122129289254927914e-02,2.017342743329960525e-02,6.557964981491680445e-02,9.105580674496945026e-02,1.024041602090351305e-01,2.542492282863473979e-02,1.120617883263099884e-01,6.744969451667029436e-02,8.807142033737655473e-02,6.222381617204410936e-02,1.384217335058214871e-01,4.120502606534909296e-02,3.888668297618894792e-02,3.923251316075980488e-02,2.748709541070536513e-02,4.965865279930321841e-02,5.190014473633650788e-02,8.881431480793616773e-02,4.833937468779219565e-02,1.503208535601296136e-01,1.442496125421080244e-01,4.503477514633739964e-02,1.114469791092951440e-01,3.014614527429457236e-01,1.440702931871453707e-01,1.874015344613374767e-01,1.286616371857108032e-01,3.377608135975305320e-02,1.079502516875232160e-01
2.304253711270221397e-02,3.313565509202925224e-02,2.577075301320558981e-02,8.799456918524970264e-03,4.280609173465858841e-02,5.151588897570223008e-02,5.797138575435810404e-02,1.526776222253531899e-02,8.237162655463475813e-02,3.841276753807334327e-02,5.557619151307110344e-02,3.449335877960370278e-02,8.670090812444762596e-02,1.996849102762798811e-02,2.322185646766487810e-02,2.141585439268376898e-02,1.411499494063248560e-02,3.035620509010797732e-02,3.343025117518220318e-02,5.108039911365004626e-02,0.000000000000000000e+00,8.807142033737655473e-02,8.303766987306751557e-02,3.024092836191769398e-02,7.450719198698653456e-02,1.688035556466384035e-01,8.659843992161182780e-02,1.168649853342384748e-01,9.747287794756190338e-02,1.895661752462439106e-02,6.492641502183853219e-02,2.514313527083626709e-02,1.780385024272155420e-02,2.232525969285156092e-02,1.735555185531489908e-02,2.324747351837383111e-02,8.299924429700409126e-03,8.376775581827264686e-03,2.782011706992174038e-02,1.953300116557580776e-02,2.309377121412011999e-02,1.663827443546424603e-02,2.027589563613541035e-02,6.327411525111114113e-03,4.841622583991904601e-03,1.916155393029600473e-02,3.198288781012641885e-02,3.214939863973460821e-02,1.293661060802069919e-02,4.212723989087136661e-02,5.792015165294019802e-02,6.540033045995415073e-02,1.653580623262843746e-02,7.045969797497214637e-02,4.326719864741972177e-02,5.638312861040308682e-02,4.158928182598337769e-02,8.741818554429828247e-02,2.580917858926901759e-02,2.546334840469816757e-02,2.496381591587360643e-02,1.739397743137832686e-02,3.127841891563024057e-02,3.286667605958525779e-02,5.520474427779129695e-02,3.209816453831670219e-02,9.474466204705851713e-02,9.219576550151781236e-02,2.951084241671256270e-02,7.029318714536395007e-02,1.921791144185569788e-01,9.082525328858888358e-02,1.187094129852830082e-01,7.980992148373958206e-02,2.132619471520243865e-02,6.874335557747236758e-02
