0.000000000000000000e+00,1.772547952659501991e-02,1.139980954972112659e-02,8.107740443477078410e-03,3.286627669704802329e-02,3.745068698136307800e-02,3.904230716909264098e-02,6.992245952931574159e-03,5.238743028159434378e-02,2.239151135899877451e-02,3.052645898517208564e-02,1.730376819480342748e-02,5.982859474901373875e-02,1.560331927628894055e-02,1.652836348796082183e-02,1.429737450686981333e-02,8.366208679091279715e-03,2.112637736362399724e-02,2.003809005577472310e-02,3.538294109644946062e-02,1.915385661814719004e-02,5.944769419126649107e-02,4.338185280914161335e-02,1.651475989661270460e-02,4.408923955924363980e-02,9.857162290844782848e-02,5.304040266630390132e-02,7.233029519793225670e-02,5.674057951299142644e-02,1.210719629982315304e-02,4.253843014555842850e-02,1.489593252618691410e-02,9.304856482111278221e-03,1.825601958917153975e-02,9.522513943681131313e-03,1.772547952659501991e-02,6.842606448102299399e-03,6.216841246088967640e-03,1.247449326622228349e-02,9.821792953339680832e-03,1.284179023262141221e-02,7.835668616514759877e-03,9.644946265814174219e-03,3.482519385117671153e-03,2.475853625357094315e-03,1.021629710243504227e-02,1.743980410828458588e-02,1.949394640185008951e-02,9.114406203237654380e-03,2.818664127329615146e-02,3.323357366344714681e-02,4.188545776084886402e-02,9.264045708066930007e-03,5.090463882464970474e-02,2.922051421575296015e-02,3.521969800027207470e-02,2.746565093184600778e-02,5.993742347979866963e-02,1.786151544007618178e-02,1.724935382941096551e-02,1.473268943000952298e-02,1.010746837165011486e-02,1.772547952659501991e-02,2.031016188273704337e-02,3.292069106244048526e-02,1.758944361311386151e-02,5.627805740715548927e-02,4.837437083390015019e-02,1.545367977145966493e-02,4.464698680451639062e-02,1.107876479390559055e-01,5.611481431097809641e-02,7.386750102026935771e-02,4.917698272343899030e-02,1.432458168956604605e-02,3.980410828458712941e-02
1.772547952659501991e-02,0.000000000000000000e+00,1.908583866140661084e-02,1.354917698272343866e-02,5.504013059447693951e-02,6.298462794177663027e-02,6.516120255747517853e-02,1.161746701129098142e-02,8.796082165691743171e-02,3.779077676506597400e-02,4.978914433410420309e-02,2.915249625901238095e-02,1.015236022309889824e-01,2.614610257107876506e-02,2.618691334512311328e-02,2.391511358998775830e-02,1.436539246361039253e-02,3.584546320228540472e-02,3.294789824513671278e-02,5.905319004217113310e-02,3.009114406203237599e-02,9.912937015372058625e-02,7.148687253434907185e-02,2.709835396544687733e-02,7.356822201061080646e-02,1.624404842878519883e-01,8.925316283498843650e-02,1.210855665895796546e-01,9.485784247041219308e-02,2.009250442116718854e-02,7.052101754863283889e-02,2.518024758536253557e-02,1.612025574751734316e-02,2.985988300911440740e-02,1.591620187729560557e-02,2.971024350428513178e-02,1.194395320364576192e-02,1.029791865052373870e-02,2.092232349340225964e-02,1.655557067065705282e-02,2.092232349340225964e-02,1.301863692014691883e-02,1.643313834852401165e-02,6.080805332607808374e-03,4.121888178479118404e-03,1.610665215616922941e-02,2.950618963406339418e-02,3.190042171133179033e-02,1.526322949258604282e-02,4.694599374234798006e-02,5.506733777717317396e-02,7.037137804380357020e-02,1.542647258876343394e-02,8.454632022854033369e-02,4.962590123792681024e-02,5.860427152768330622e-02,4.523194123248537590e-02,1.000952251394368053e-01,3.010474765338049322e-02,2.743844374914977680e-02,2.441844646986804368e-02,1.712692150727792087e-02,2.995510814855121759e-02,3.394096041354918020e-02,5.498571622908447754e-02,2.689430009522513973e-02,9.404162698952522881e-02,7.924091960277512836e-02,2.516664399401441835e-02,7.484695959733370096e-02,1.831587539110325069e-01,9.317099714324582338e-02,1.228676370561828379e-01,8.217929533396817199e-02,2.386069922459529286e-02,6.535165283634879196e-02
1.139980954972112659e-02,1.908583866140661084e-02,0.000000000000000000e+00,8.665487688749829234e-03,3.512447286083526105e-02,4.019861243368249432e-02,4.131410692422799597e-02,7.345939327982587384e-03,5.591076044075635881e-02,2.383349204189906187e-02,3.205006121616106596e-02,1.825601958917153975e-02,6.418174398041083528e-02,1.675962454087879042e-02,1.684124608896748684e-02,1.530404026663039103e-02,9.005577472452726967e-03,2.273160114270167398e-02,2.097673785879472161e-02,3.791320908719902211e-02,1.926268534893211745e-02,6.343354645626445021e-02,4.539518432866276876e-02,1.726295742075907927e-02,4.672833628077812523e-02,1.034417086110733242e-01,5.664535437355461972e-02,7.710515576112093872e-02,6.061760304720446163e-02,1.286899741531764320e-02,4.472860835260508705e-02,1.588899469459937458e-02,1.018908991973881129e-02,1.903142429601414887e-02,1.012107196299823209e-02,1.885457760848864225e-02,7.536389606856210358e-03,6.529723847095633520e-03,1.330431233845735285e-02,1.051557611209359352e-02,1.353557339137532317e-02,8.366208679091279715e-03,1.051557611209359352e-02,3.713780438035641472e-03,2.625493130186369074e-03,1.032512583321996968e-02,1.871854169500748039e-02,2.059583730104747740e-02,9.576928309073595019e-03,2.976465786967759375e-02,3.500204053870221987e-02,4.483743708339001793e-02,9.821792953339680832e-03,5.380220378179839669e-02,3.131546728336280505e-02,3.712420078900829923e-02,2.879880288396136426e-02,6.407291524962589746e-02,1.915385661814719004e-02,1.771187593524690615e-02,1.552169772820024413e-02,1.084206230444837403e-02,1.927628894028023468e-02,2.175214256563732726e-02,3.523330159162018499e-02,1.731737178615154471e-02,6.007345939327982803e-02,5.083662086790912554e-02,1.613385933886546039e-02,4.743572303088015168e-02,1.164331383485240068e-01,5.947490137396272553e-02,7.843830771323628825e-02,5.227860155080941290e-02,1.518160794449734813e-02,4.172221466467147116e-02
8.107740443477078410e-03,1.354917698272343866e-02,8.665487688749829234e-03,0.000000000000000000e+00,2.528907631614746299e-02,2.832267718677730986e-02,2.977826146102571098e-02,5.237382669024622656e-03,3.969527955380220546e-02,1.708611073323357266e-02,2.270439396000544299e-02,1.326350156441300464e-02,4.653788600190450486e-02,1.205278193443068933e-02,1.190314242960141544e-02,1.085566589579648952e-02,6.407291524962589746e-03,1.613385933886546039e-02,1.485512175214256589e-02,2.632294925860427168e-02,1.380764521833764170e-02,4.471500476125696982e-02,3.224051149503468633e-02,1.243368249217793528e-02,3.319276288940280206e-02,7.362263637600326149e-02,4.003536933750510146e-02,5.497211263773636031e-02,4.270167324173582135e-02,9.073595429193306167e-03,3.191402530267990756e-02,1.169908855937967611e-02,7.359542919330702877e-03,1.369881648755271429e-02,7.332335736634471891e-03,1.368521289620459880e-02,5.387022173853897415e-03,4.666031832403754603e-03,9.658549857162291447e-03,7.604407563596789557e-03,9.590531900421710512e-03,5.931165827778533614e-03,7.536389606856210358e-03,2.802339817711876121e-03,1.877295606039994626e-03,7.427560876071282944e-03,1.320908719902054093e-02,1.455584274248401637e-02,7.005849544279689652e-03,2.171133179159297905e-02,2.497619371514079797e-02,3.214528635559787961e-02,7.005849544279689652e-03,3.817167732281322168e-02,2.260916882056862934e-02,2.671745340769963312e-02,2.078628757992109777e-02,4.550401305944769270e-02,1.390287035777445189e-02,1.259692558835532640e-02,1.099170180927764966e-02,7.794857842470412530e-03,1.357638416541967138e-02,1.539926540606720122e-02,2.473132907087471216e-02,1.237926812678547157e-02,4.217113317915929804e-02,3.619915657733641795e-02,1.167188137668344512e-02,3.372330295197932537e-02,8.355325806012788015e-02,4.208951163107060162e-02,5.581553530131954516e-02,3.679771459665351352e-02,1.071962998231533112e-02,2.956060399945585615e-02
3.286627669704802329e-02,5.504013059447693951e-02,3.512447286083526105e-02,2.528907631614746299e-02,0.000000000000000000e+00,1.149367433002312644e-01,1.211127737722758752e-01,2.141205278193443126e-02,1.617739083117943066e-01,7.011290980818936369e-02,9.303496122976465110e-02,5.471364440212216074e-02,1.893483879744252418e-01,4.897292885321725270e-02,4.863283906951434976e-02,4.438851856890219105e-02,2.605087743164195488e-02,6.604543599510270813e-02,6.037273840293837235e-02,1.068698136307985325e-01,5.735274112365664617e-02,1.806556931029791868e-01,1.314787103795402035e-01,5.015644130050333355e-02,1.347163651203917845e-01,2.991701809277649282e-01,1.621956196435859199e-01,2.228812406475309538e-01,1.729288532172493509e-01,3.660726431777989315e-02,1.294517752686709378e-01,4.827914569446333654e-02,3.028159434090599983e-02,5.606039994558563444e-02,2.990069378315875562e-02,5.589715684940824159e-02,2.233709699360631254e-02,1.914025302679907628e-02,3.970888314515032269e-02,3.123384573527411209e-02,3.966807237110597101e-02,2.477213984491905691e-02,3.060808053326078207e-02,1.138620595837301110e-02,7.835668616514759877e-03,3.014555842742484143e-02,5.372058223370970026e-02,5.890355053734185747e-02,2.851312746565093023e-02,8.831451503196843800e-02,1.019181063800843473e-01,1.323357366344715125e-01,2.870357774452455407e-02,1.557339137532308404e-01,9.284451095089103767e-02,1.084886410012243230e-01,8.519929261324989123e-02,1.862603727384029295e-01,5.573391375323085567e-02,5.117671065161202848e-02,4.478302271799754902e-02,3.184600734593932836e-02,5.521697728200244959e-02,6.276697048020676850e-02,1.005985580193170942e-01,5.078220650251666357e-02,1.714732689430009394e-01,1.464834716365120415e-01,4.729968711739899329e-02,1.372738402938375735e-01,3.387158209767378581e-01,1.706706570534621270e-01,2.272752006529723812e-01,1.489185144878247824e-01,4.335464562644537889e-02,1.205686301183512416e-01
3.745068698136307800e-02,6.298462794177663027e-02,4.019861243368249432e-02,2.832267718677730986e-02,1.149367433002312644e-01,0.000000000000000000e+00,1.365800571350836712e-01,2.439123928717181269e-02,1.843558699496667119e-01,7.841110053054006768e-02,1.041082845871310059e-01,6.039994558563460680e-02,2.122296286219561845e-01,5.472724799347027796e-02,5.513535573391375316e-02,5.023806284859202997e-02,2.973745068698136276e-02,7.473813086654876314e-02,6.906543327438444124e-02,1.239967351380764499e-01,6.253570942728881032e-02,2.087062984627941764e-01,1.504557203101618834e-01,5.724391239287171529e-02,1.545367977145966631e-01,3.421031152224187077e-01,1.873622636376003348e-01,2.541014827914569452e-01,1.989661270575431851e-01,4.215752958781118082e-02,1.478982451367160944e-01,5.253706978642361247e-02,3.381852809141613209e-02,6.297102435042851998e-02,3.370969936063120814e-02,6.234525914841518301e-02,2.493538294109644976e-02,2.157529587811182065e-02,4.385797850632566774e-02,3.496122976465786819e-02,4.418446469868045345e-02,2.728880424432050117e-02,3.440348251938511737e-02,1.256971840565909368e-02,8.529451775268670835e-03,3.377771731737178734e-02,6.152904366752822568e-02,6.705210175486328583e-02,3.187321452863556281e-02,9.885729832675826945e-02,1.154808869541558980e-01,1.475581553530131984e-01,3.245816895660454116e-02,1.770371378043803512e-01,1.029383757311930353e-01,1.229764657869677619e-01,9.465378860019045548e-02,2.100258468235614295e-01,6.351516800435315357e-02,5.792409196027751422e-02,5.132635015644129717e-02,3.542375187049381230e-02,6.309345667256155421e-02,7.113317915929805169e-02,1.157257515984219803e-01,5.652292205142157855e-02,1.980138756631750763e-01,1.668208407019453055e-01,5.320364576248129418e-02,1.566317507822065080e-01,3.848183920555026671e-01,1.942864916337913306e-01,2.569174262005169407e-01,1.721806556931029797e-01,4.997959461297782346e-02,1.372738402938375735e-01
3.904230716909264098e-02,6.516120255747517853e-02,4.131410692422799597e-02,2.977826146102571098e-02,1.211127737722758752e-01,1.365800571350836712e-01,0.000000000000000000e+00,2.545231941232485237e-02,1.915521697728200246e-01,8.294109644946265347e-02,1.100530540062576584e-01,6.437219425928444871e-02,2.225819616378723886e-01,5.767922731601142494e-02,5.736634471500476340e-02,5.215616922867637173e-02,3.101618827370425727e-02,7.778533532852673071e-02,7.162290844783023025e-02,1.267718677730921006e-01,6.673921915385662429e-02,2.142973745068698088e-01,1.558563460753638885e-01,5.967895524418446312e-02,1.606856210039450394e-01,3.539654468779757646e-01,1.928581145422391396e-01,2.648211127737722936e-01,2.054142293565501265e-01,4.370833900149639212e-02,1.534621139980955062e-01,5.585634607536389684e-02,3.521969800027207470e-02,6.546048156713372979e-02,3.500204053870221987e-02,6.570534621139981213e-02,2.609168820568629962e-02,2.258196163787239835e-02,4.625221058359407084e-02,3.619915657733641795e-02,4.572167052101754753e-02,2.860835260508774389e-02,3.618555298598830072e-02,1.338593388654604754e-02,9.005577472452726967e-03,3.535573391375323310e-02,6.366480750918242226e-02,6.974561284179023324e-02,3.362807781254251172e-02,1.040674738130866611e-01,1.206502516664399449e-01,1.556250850224459303e-01,3.365528499523874617e-02,1.847231669160658285e-01,1.087199020541422950e-01,1.290844783022717934e-01,1.000000000000000056e-01,2.199292613249897999e-01,6.633111141341313521e-02,6.019589171541286921e-02,5.344851040674738346e-02,3.723302951979322317e-02,6.510678819208270962e-02,7.396272615970615749e-02,1.185825057815263206e-01,5.954291933070330473e-02,2.033056726975921713e-01,1.729152496259012406e-01,5.569310297918650399e-02,1.627261597061624154e-01,4.008298190722350829e-01,2.018500884233437598e-01,2.684124608896748532e-01,1.778669568766154396e-01,5.200652972384709610e-02,1.423343762753366826e-01
6.992245952931574159e-03,1.161746701129098142e-02,7.345939327982587384e-03,5.237382669024622656e-03,2.141205278193443126e-02,2.439123928717181269e-02,2.545231941232485237e-02,0.000000000000000000e+00,3.404978914433410414e-02,1.450142837709155266e-02,1.941232485376139308e-02,1.137260236702489387e-02,3.913753230852945464e-02,1.020269351108692678e-02,1.021629710243504227e-02,9.141613385933887101e-03,5.495850904638824828e-03,1.371242007890082978e-02,1.290980818936199141e-02,2.263637600326486032e-02,1.179431369881648803e-02,3.832131682764249730e-02,2.776492994150455557e-02,1.063800843422663643e-02,2.852673105699904746e-02,6.321588899469460232e-02,3.455312202421439299e-02,4.697320092504421452e-02,3.648483199564685198e-02,7.740443477077948824e-03,2.745204734049789055e-02,9.903414501428377259e-03,6.339273568222010546e-03,1.160386341994286419e-02,6.176030472044619427e-03,1.169908855937967611e-02,4.638824649707522750e-03,3.985852264997959138e-03,8.257379948306352302e-03,6.502516664399401666e-03,8.148551217521424889e-03,5.114950346891579749e-03,6.393687933614474253e-03,2.394232077268398755e-03,1.550809413685212820e-03,6.176030472044619427e-03,1.141341314106924208e-02,1.232485376139300787e-02,6.067201741259692881e-03,1.846007345939328081e-02,2.142565637328254502e-02,2.758808325397904895e-02,6.012787375867229174e-03,3.286627669704802329e-02,1.905863147871037985e-02,2.281322269079036694e-02,1.763025438715820972e-02,3.909672153448510296e-02,1.180791729016460352e-02,1.051557611209359352e-02,9.549721126377364033e-03,6.516120255747517159e-03,1.150863828050605400e-02,1.303224051149503432e-02,2.101754863283906982e-02,1.054278329478982451e-02,3.609032784655148707e-02,3.070330567269759225e-02,9.808189361991565339e-03,2.911168548496803274e-02,7.124200789008297563e-02,3.588627397632974947e-02,4.777581281458304768e-02,3.187321452863556281e-02,9.209631342674466301e-03,2.531628349884369397e-02
5.238743028159434378e-02,8.796082165691743171e-02,5.591076044075635881e-02,3.969527955380220546e-02,1.617739083117943066e-01,1.843558699496667119e-01,1.915521697728200246e-01,3.404978914433410414e-02,0.000000000000000000e+00,1.102299006937831616e-01,1.468915793769555167e-01,8.470956332471772654e-02,2.964630662494898705e-01,7.717317371786151792e-02,7.714596653516528346e-02,7.033056726975921158e-02,4.168140389062712642e-02,1.045163923275744811e-01,9.634063392735682518e-02,1.726567813902870341e-01,8.836892939736090691e-02,2.906271255611481696e-01,2.100666575976057604e-01,7.975785607400354138e-02,2.162834988436947437e-01,4.785199292613249722e-01,2.611481431097809613e-01,3.553802203781798452e-01,2.777037137804380107e-01,5.894436131138620916e-02,2.065705346211399729e-01,7.381308665487688880e-02,4.721806556931029686e-02,8.789280370017685251e-02,4.695959733369609729e-02,8.792001088287307309e-02,3.490681539926540622e-02,3.026799074955788260e-02,6.113453951843286771e-02,4.904094680995783190e-02,6.189634063392735613e-02,3.834852401033873176e-02,4.836076724255203296e-02,1.767106516120255794e-02,1.203917834308257384e-02,4.744932662222826891e-02,8.592028295470004184e-02,9.400081621548088406e-02,4.485104067473812822e-02,1.387158209767378469e-01,1.618283226771867755e-01,2.078356686165147571e-01,4.524554482383349313e-02,2.484968031560332025e-01,1.444429329342946655e-01,1.718949802747925526e-01,1.323221330431233744e-01,2.943409059991837773e-01,8.904910896476669890e-02,8.090055774724527748e-02,7.171813358726704390e-02,4.958509046388246549e-02,8.796082165691743171e-02,9.957828866820840619e-02,1.618555298598829961e-01,7.928173037681948698e-02,2.760440756359678893e-01,2.329070874710923722e-01,7.423479798666847429e-02,2.188817847911848635e-01,5.366072643177799417e-01,2.724119167460209434e-01,3.598966127057542930e-01,2.401578016596381537e-01,7.009930621684123953e-02,1.918514487824785619e-01
2.239151135899877451e-02,3.779077676506597400e-02,2.383349204189906187e-02,1.708611073323357266e-02,7.011290980818936369e-02,7.841110053054006768e-02,8.294109644946265347e-02,1.450142837709155266e-02,1.102299006937831616e-01,0.000000000000000000e+00,6.352877159570126386e-02,3.694735410148278915e-02,1.280778125425112157e-01,3.353285267310569806e-02,3.298870901918106446e-02,3.022717997551353439e-02,1.799755135355734018e-02,4.483743708339001793e-02,4.158617875119031276e-02,7.392191538566181275e-02,3.852537069786423490e-02,1.242960141477350011e-01,8.937559515712148461e-02,3.395456400489729049e-02,9.262685348932117591e-02,2.045299959189225969e-01,1.108828730784927191e-01,1.528635559787784037e-01,1.188681811998367616e-01,2.549313018636920058e-02,8.823289348387974851e-02,3.173717861515439748e-02,2.018772956060399873e-02,3.723302951979322317e-02,1.980682900285675452e-02,3.814447014011699416e-02,1.503196843966807250e-02,1.293701537205822413e-02,2.640457080669296810e-02,2.066385525778805660e-02,2.635015644130050266e-02,1.637872398313154620e-02,2.123520609440892465e-02,7.754047068426064317e-03,5.155761120935927096e-03,2.031016188273704337e-02,3.677050741395728600e-02,4.004897292885321869e-02,1.939872126241327585e-02,6.011427016732417278e-02,6.952795538022037147e-02,9.012379268126785581e-02,1.933070330567269665e-02,1.062576520201333197e-01,6.352877159570126386e-02,7.386750102026935771e-02,5.724391239287171529e-02,1.267854713644402109e-01,3.859338865460481410e-02,3.467555434634743416e-02,3.101618827370425727e-02,2.176574615698544449e-02,3.789960549585090488e-02,4.249761937151407681e-02,6.933750510134675804e-02,3.436267174534077262e-02,1.180927764929941559e-01,9.957828866820840619e-02,3.141069242279961871e-02,9.430009522513943532e-02,2.296286219561964326e-01,1.171949394640185022e-01,1.557339137532308404e-01,1.032784655148959313e-01,3.025438715820976884e-02,8.213848455992381337e-02
3.052645898517208564e-02,4.978914433410420309e-02,3.205006121616106596e-02,2.270439396000544299e-02,9.303496122976465110e-02,1.041082845871310059e-01,1.100530540062576584e-01,1.941232485376139308e-02,1.468915793769555167e-01,6.352877159570126386e-02,0.000000000000000000e+00,4.897292885321725270e-02,1.698816487552713972e-01,4.425248265542103265e-02,4.448374370833900471e-02,4.029383757311930103e-02,2.361583458032920704e-02,5.967895524418446312e-02,5.552985988300911113e-02,9.849000136035913899e-02,5.215616922867637173e-02,1.651339953747789357e-01,1.198476397769011048e-01,4.517752686709291393e-02,1.226907903686573209e-01,2.724935382941096607e-01,1.472724799347027713e-01,2.038906271255611358e-01,1.582097673785879399e-01,3.415861787511902808e-02,1.182016052237790799e-01,4.227996190994422199e-02,2.675826418174398133e-02,5.060535981499116043e-02,2.666303904230716768e-02,5.006121616106651989e-02,1.992926132498979569e-02,1.731737178615154471e-02,3.509726567813902659e-02,2.753366888858658698e-02,3.585906679363352195e-02,2.206502516664399574e-02,2.825465923003673066e-02,1.009386478030199936e-02,6.842606448102299399e-03,2.746565093184600778e-02,4.905455040130594219e-02,5.406067201741259626e-02,2.575159842198340363e-02,8.004353149231396847e-02,9.216433138348524567e-02,1.193851176710651607e-01,2.581961637872398282e-02,1.408787920010882988e-01,8.340361855529859758e-02,9.872126241327711105e-02,7.683308393415862192e-02,1.688341722214664609e-01,5.124472860835260768e-02,4.664671473268942881e-02,4.117807101074683757e-02,2.860835260508774389e-02,5.052373826690246400e-02,5.693102979186505375e-02,9.228676370561827991e-02,4.698680451639232480e-02,1.567133723302951975e-01,1.334376275336688900e-01,4.233437627533669090e-02,1.255203373690654267e-01,3.065025166643994270e-01,1.560876071282818744e-01,2.077812542511222882e-01,1.371650115630526356e-01,4.038906271255611469e-02,1.097945857706434519e-01
1.730376819480342748e-02,2.915249625901238095e-02,1.825601958917153975e-02,1.326350156441300464e-02,5.471364440212216074e-02,6.039994558563460680e-02,6.437219425928444871e-02,1.137260236702489387e-02,8.470956332471772654e-02,3.694735410148278915e-02,4.897292885321725270e-02,0.000000000000000000e+00,9.945585634607535808e-02,2.569718405659094165e-02,2.580601278737586560e-02,2.303088015236022176e-02,1.378043803564140898e-02,3.466195075499931694e-02,3.165555706706570799e-02,5.650931846007346132e-02,3.036321588899469626e-02,9.495306760984900674e-02,6.966399129370154375e-02,2.675826418174398133e-02,7.170452999591891974e-02,1.583458032920690983e-01,8.590667936335193156e-02,1.180655693102979215e-01,9.117126921507277826e-02,1.965718949802747889e-02,6.891579376955515868e-02,2.511222962862195637e-02,1.599782342538430199e-02,2.951979322541150794e-02,1.571214800707386797e-02,2.927492858114542212e-02,1.161746701129098142e-02,1.002584682356142017e-02,2.070466603183240481e-02,1.635151680043531522e-02,2.051421575295878097e-02,1.290980818936199141e-02,1.597061624268807101e-02,6.053598149911576520e-03,4.013059447694190991e-03,1.578016596381444717e-02,2.824105563868861343e-02,3.064889130730513028e-02,1.526322949258604282e-02,4.680995782886682166e-02,5.374778941640592778e-02,6.982723438987892273e-02,1.489593252618691410e-02,8.177118759352469679e-02,4.928581145422391424e-02,5.723030880152360500e-02,4.542239151135899627e-02,9.842198340361855979e-02,2.928853217249353935e-02,2.686709291252890874e-02,2.384709563324717563e-02,1.685484968031560407e-02,2.886682084070194693e-02,3.285267310569990606e-02,5.278193443068970175e-02,2.686709291252890874e-02,9.000136035913480770e-02,7.706434498707659397e-02,2.500340089783702896e-02,7.258876343354644933e-02,1.790096585498571757e-01,8.977009930621683564e-02,1.199836756903822632e-01,7.900965854985715631e-02,2.301727656101210800e-02,6.371922187457489117e-02
5.982859474901373875e-02,1.015236022309889824e-01,6.418174398041083528e-02,4.653788600190450486e-02,1.893483879744252418e-01,2.122296286219561845e-01,2.225819616378723886e-01,3.913753230852945464e-02,2.964630662494898705e-01,1.280778125425112157e-01,1.698816487552713972e-01,9.945585634607535808e-02,0.000000000000000000e+00,8.968847775812814616e-02,8.861379404162698925e-02,8.109100802611889092e-02,4.784383077132362688e-02,1.206638552577880552e-01,1.105019725207454784e-01,1.971160386341994364e-01,1.028567541831043458e-01,3.335872670384981697e-01,2.410556386886137936e-01,9.220514215752959042e-02,2.497347299687117383e-01,5.494082437763569970e-01,2.994422527547272450e-01,4.108284587131002530e-01,3.191946673921915445e-01,6.808597469732009799e-02,2.378315875391103229e-01,8.653244456536525464e-02,5.448238334920418868e-02,1.012651339953747759e-01,5.399265406067201706e-02,1.025030608080533256e-01,4.051149503468915586e-02,3.486600462522106147e-02,7.189498027479254705e-02,5.644130050333288212e-02,7.068426064481023174e-02,4.429329342946537740e-02,5.611481431097809641e-02,2.077268398857298401e-02,1.388926676642633640e-02,5.468643721942592628e-02,9.869405523058087659e-02,1.079308937559515652e-01,5.204734049789144085e-02,1.616106652156169277e-01,1.861379404162698814e-01,2.415181607944497377e-01,5.192490817575839968e-02,2.858114542239151290e-01,1.685348932118079235e-01,1.992381988845055019e-01,1.542511222962862083e-01,3.407427560876071237e-01,1.029927900965855042e-01,9.287171813358727213e-02,8.287307849272207427e-02,5.800571350836621065e-02,1.006937831587539078e-01,1.148143109780982163e-01,1.837709155216977197e-01,9.145694463338321922e-02,3.152632294925860612e-01,2.680179567405794883e-01,8.605631886818120024e-02,2.524010338729424374e-01,6.217385389742892121e-01,3.127873758672289339e-01,4.165691742620051818e-01,2.756223643041763038e-01,8.084614338185280857e-02,2.204734049789144334e-01
1.560331927628894055e-02,2.614610257107876506e-02,1.675962454087879042e-02,1.205278193443068933e-02,4.897292885321725270e-02,5.472724799347027796e-02,5.767922731601142494e-02,1.020269351108692678e-02,7.717317371786151792e-02,3.353285267310569806e-02,4.425248265542103265e-02,2.569718405659094165e-02,8.968847775812814616e-02,0.000000000000000000e+00,2.294925860427152881e-02,2.113998095497211099e-02,1.252890763161474547e-02,3.143789960549585316e-02,2.889402802339817791e-02,5.105427832947898037e-02,2.701673241735818090e-02,8.650523738266902019e-02,6.238606992245952776e-02,2.369745612841790347e-02,6.434498707658821426e-02,1.418446469868045179e-01,7.709155216977281455e-02,1.062712556114814300e-01,8.268262821384846084e-02,1.758944361311386151e-02,6.144742211943952925e-02,2.247313290708747094e-02,1.395728472316691560e-02,2.621412052781934426e-02,1.403890627125561202e-02,2.618691334512311328e-02,1.044755815535301259e-02,9.059991837845190674e-03,1.858250578152632199e-02,1.446061760304720445e-02,1.846007345939328081e-02,1.154944905455040048e-02,1.467827506461705928e-02,5.359814991157665562e-03,3.632158889946945912e-03,1.414773500204053944e-02,2.568358046524282443e-02,2.830907359542919263e-02,1.345395184328662848e-02,4.168140389062712642e-02,4.834716365120391574e-02,6.222282682628214184e-02,1.349476261733097496e-02,7.397632975105428166e-02,4.415725751598421900e-02,5.173445789688477930e-02,4.006257652020133592e-02,8.816487552713916931e-02,2.663583185961093669e-02,2.432322133043123349e-02,2.137124200789008305e-02,1.515440076180111541e-02,2.625493130186369248e-02,2.996871173989933482e-02,4.791184872806420608e-02,2.398313154672833750e-02,8.202965582913888942e-02,6.951435178887226118e-02,2.230988981091008155e-02,6.555570670657052956e-02,1.604543599510270813e-01,8.173037681948033817e-02,1.083253979050469301e-01,7.129642225547544454e-02,2.097673785879472161e-02,5.689021901782070206e-02
1.652836348796082183e-02,2.618691334512311328e-02,1.684124608896748684e-02,1.190314242960141544e-02,4.863283906951434976e-02,5.513535573391375316e-02,5.736634471500476340e-02,1.021629710243504227e-02,7.714596653516528346e-02,3.298870901918106446e-02,4.448374370833900471e-02,2.580601278737586560e-02,8.861379404162698925e-02,2.294925860427152881e-02,0.000000000000000000e+00,2.104475581553530081e-02,1.242007890082981979e-02,3.130186369201469476e-02,2.907087471092368453e-02,5.215616922867637173e-02,2.772411916746021082e-02,8.748469595973336344e-02,6.335192490817576072e-02,2.437763569582369894e-02,6.457624812950618631e-02,1.447014011699088443e-01,7.850632566997686745e-02,1.062440484287851955e-01,8.324037545912120473e-02,1.780710107468371634e-02,6.245408787920010696e-02,2.196980002720718209e-02,1.403890627125561202e-02,2.696231805196571893e-02,1.410692422799619122e-02,2.586042715276833104e-02,1.024350428513127499e-02,9.209631342674466301e-03,1.846007345939328081e-02,1.458304992518024736e-02,1.905863147871037985e-02,1.167188137668344512e-02,1.414773500204053944e-02,5.182968303632158949e-03,3.618555298598829986e-03,1.505917562236430349e-02,2.564276969119847621e-02,2.852673105699904746e-02,1.333151952115358384e-02,4.172221466467147116e-02,4.857842470412188779e-02,6.197796218201605256e-02,1.371242007890082978e-02,7.403074411644673669e-02,4.350428513127465452e-02,5.153040402666304171e-02,4.074275608760712791e-02,8.809685757039859011e-02,2.610529179703441685e-02,2.515304040266630459e-02,2.164331383485239985e-02,1.503196843966807250e-02,2.624132771051557525e-02,3.005033328798802778e-02,4.851040674738130859e-02,2.566997687389470720e-02,8.269623180519657113e-02,7.107876479390559665e-02,2.284042987348660139e-02,6.522922051421575773e-02,1.629982315331247322e-01,8.241055638688614404e-02,1.084750374098762127e-01,7.185416950074820230e-02,2.099034145014283884e-02,5.860427152768330622e-02
1.429737450686981333e-02,2.391511358998775830e-02,1.530404026663039103e-02,1.085566589579648952e-02,4.438851856890219105e-02,5.023806284859202997e-02,5.215616922867637173e-02,9.141613385933887101e-03,7.033056726975921158e-02,3.022717997551353439e-02,4.029383757311930103e-02,2.303088015236022176e-02,8.109100802611889092e-02,2.113998095497211099e-02,2.104475581553530081e-02,0.000000000000000000e+00,1.133179159298054739e-02,2.844510950891035103e-02,2.636376003264861989e-02,4.765338049245000651e-02,2.440484287851992992e-02,7.936335192490817647e-02,5.703985852264997769e-02,2.145286355597877948e-02,5.864508230172765790e-02,1.300911440620323711e-01,7.109236838525370694e-02,9.692558835532580352e-02,7.604407563596789210e-02,1.629710243504284978e-02,5.623724663311114452e-02,2.011971160386341953e-02,1.274656509318460029e-02,2.406475309481703045e-02,1.266494354509590560e-02,2.391511358998775830e-02,9.468099578288667606e-03,8.189361991565773102e-03,1.678683172357502487e-02,1.329070874710923736e-02,1.709971432458168988e-02,1.036593660726431790e-02,1.329070874710923736e-02,4.842878519929261216e-03,3.305672697592164540e-03,1.315467283362807722e-02,2.358862739763297606e-02,2.576520201333152085e-02,1.222962862195619595e-02,3.776356958236974648e-02,4.393960005441436417e-02,5.659094000816215775e-02,1.240647530948170256e-02,6.722894844238878898e-02,3.981771187593524663e-02,4.661950754999320129e-02,3.625357094272887992e-02,8.024758536253570607e-02,2.425520337369065429e-02,2.232349340225819531e-02,1.953475717589443772e-02,1.378043803564140898e-02,2.413277105155760965e-02,2.711195755679499456e-02,4.430689702081349463e-02,2.209223234934022673e-02,7.559515712148007216e-02,6.395048292749286323e-02,2.002448646442660934e-02,5.976057679227315955e-02,1.462658141749421936e-01,7.494218473677050074e-02,9.877567677866956608e-02,6.543327438443749533e-02,1.919466739219153825e-02,5.272752006529723978e-02
8.366208679091279715e-03,1.436539246361039253e-02,9.005577472452726967e-03,6.407291524962589746e-03,2.605087743164195488e-02,2.973745068698136276e-02,3.101618827370425727e-02,5.495850904638824828e-03,4.168140389062712642e-02,1.799755135355734018e-02,2.361583458032920704e-02,1.378043803564140898e-02,4.784383077132362688e-02,1.252890763161474547e-02,1.242007890082981979e-02,1.133179159298054739e-02,0.000000000000000000e+00,1.674602094953067666e-02,1.567133723302951975e-02,2.788736226363760021e-02,1.428377091552169784e-02,4.691878655965174560e-02,3.385933886546048377e-02,1.267854713644402109e-02,3.507005849544279907e-02,7.707794857842470426e-02,4.207590803972248439e-02,5.731193034961229449e-02,4.485104067473812822e-02,9.536117535029248540e-03,3.312474493266222286e-02,1.173989933342402432e-02,7.631614746293021410e-03,1.390287035777445189e-02,7.454768058767514798e-03,1.422935655012923413e-02,5.686301183512446934e-03,4.897292885321724923e-03,9.740171405250986139e-03,7.767650659774180677e-03,9.753774996599101632e-03,6.135219698000272080e-03,7.849272207862875370e-03,2.870357774452455320e-03,1.918106380084342189e-03,7.618011154944905050e-03,1.386205958373010541e-02,1.503196843966807250e-02,7.223507005849544478e-03,2.241871854169500897e-02,2.611889538838253408e-02,3.356005985580193252e-02,7.318732145286355531e-03,4.013059447694191512e-02,2.356142021493674160e-02,2.775132635015644181e-02,2.127601686845327286e-02,4.735410148279145526e-02,1.441980682900285624e-02,1.305944769419126704e-02,1.160386341994286419e-02,8.121344034825193903e-03,1.420214936743300314e-02,1.605223779077676396e-02,2.614610257107876506e-02,1.289620459801387592e-02,4.459257243912392865e-02,3.751870493810365720e-02,1.169908855937967611e-02,3.535573391375323310e-02,8.612433682492177944e-02,4.398041082845871586e-02,5.807373146510678985e-02,3.894708202965582733e-02,1.135899877567677838e-02,3.082573799483063690e-02
2.112637736362399724e-02,3.584546320228540472e-02,2.273160114270167398e-02,1.613385933886546039e-02,6.604543599510270813e-02,7.473813086654876314e-02,7.778533532852673071e-02,1.371242007890082978e-02,1.045163923275744811e-01,4.483743708339001793e-02,5.967895524418446312e-02,3.466195075499931694e-02,1.206638552577880552e-01,3.143789960549585316e-02,3.130186369201469476e-02,2.844510950891035103e-02,1.674602094953067666e-02,0.000000000000000000e+00,3.923275744796626135e-02,6.999047748605631558e-02,3.618555298598830072e-02,1.179159298054686389e-01,8.498163515168004334e-02,3.213168276424976239e-02,8.749829955108148760e-02,1.937423479798666970e-01,1.054686437219425899e-01,1.441028431505917695e-01,1.125561148143109785e-01,2.399673513807645125e-02,8.370289756495714883e-02,2.991429737450686938e-02,1.923547816623588647e-02,3.576384165419670830e-02,1.901782070466603164e-02,3.573663447150047384e-02,1.417494218473677042e-02,1.224323221330431317e-02,2.492177934974833253e-02,1.994286491633791292e-02,2.520745476805876656e-02,1.558971568494082506e-02,1.956196435859066871e-02,7.209903414501428118e-03,4.938103659366072269e-03,1.939872126241327585e-02,3.490681539926540622e-02,3.810365936607264248e-02,1.820160522377907777e-02,5.635967895524418569e-02,6.537886001904502642e-02,8.432866276697048580e-02,1.843286627669704636e-02,1.004625221058359358e-01,5.886273976329751273e-02,6.965038770235341958e-02,5.410148279145694794e-02,1.193307033056726918e-01,3.604951707250714232e-02,3.298870901918106446e-02,2.893483879744252613e-02,2.035097265678139158e-02,3.560059855801931544e-02,4.032104475581553549e-02,6.543327438443749533e-02,3.258060127873758927e-02,1.114270167324173527e-01,9.481703169636783446e-02,3.011835124472860697e-02,8.889946945993743022e-02,2.182152088151271818e-01,1.105971976601822920e-01,1.463202285403346348e-01,9.698000272071827244e-02,2.833628077812542362e-02,7.793497483335599940e-02
2.003809005577472310e-02,3.294789824513671278e-02,2.097673785879472161e-02,1.485512175214256589e-02,6.037273840293837235e-02,6.906543327438444124e-02,7.162290844783023025e-02,1.290980818936199141e-02,9.634063392735682518e-02,4.158617875119031276e-02,5.552985988300911113e-02,3.165555706706570799e-02,1.105019725207454784e-01,2.889402802339817791e-02,2.907087471092368453e-02,2.636376003264861989e-02,1.567133723302951975e-02,3.923275744796626135e-02,0.000000000000000000e+00,6.536525642769691613e-02,3.356005985580193252e-02,1.094136852128962112e-01,7.896884777581281156e-02,2.968303632158890079e-02,8.103659366072643588e-02,1.795538022037818093e-01,9.749693919194667158e-02,1.333832131682764210e-01,1.046388246497075292e-01,2.229628621956196433e-02,7.745884913617194500e-02,2.728880424432050117e-02,1.737178615154400668e-02,3.296150183648483001e-02,1.737178615154400668e-02,3.253979050469323758e-02,1.299142973745068784e-02,1.127737722758808368e-02,2.290844783022718059e-02,1.802475853625357116e-02,2.327574479662631105e-02,1.418854577608488592e-02,1.826962318051965697e-02,6.529723847095633520e-03,4.448374370833899777e-03,1.791592980546864375e-02,3.237654740851584473e-02,3.547816623588627427e-02,1.681403890627125586e-02,5.170725071418854485e-02,6.061760304720446163e-02,7.726839885729833157e-02,1.695007481975241426e-02,9.268126785471364482e-02,5.430553666167868554e-02,6.430417630254386951e-02,4.977554074275608587e-02,1.103523330159161958e-01,3.356005985580193252e-02,3.047204461977962020e-02,2.690790368657325696e-02,1.870493810365936663e-02,3.334240239423207769e-02,3.740987620731873325e-02,6.109372874438851603e-02,3.017276561012107242e-02,1.038770235342130338e-01,8.782478574343627331e-02,2.777853353285267279e-02,8.265542103115222639e-02,2.013059447694191262e-01,1.030608080533260834e-01,1.359406883417222101e-01,9.088559379676235117e-02,2.656781390287035749e-02,7.238470956332471173e-02
3.538294109644946062e-02,5.905319004217113310e-02,3.791320908719902211e-02,2.632294925860427168e-02,1.068698136307985325e-01,1.239967351380764499e-01,1.267718677730921006e-01,2.263637600326486032e-02,1.726567813902870341e-01,7.392191538566181275e-02,9.849000136035913899e-02,5.650931846007346132e-02,1.971160386341994364e-01,5.105427832947898037e-02,5.215616922867637173e-02,4.765338049245000651e-02,2.788736226363760021e-02,6.999047748605631558e-02,6.536525642769691613e-02,0.000000000000000000e+00,5.946129778261460830e-02,1.966535165283634923e-01,1.413957284723166841e-01,5.314923139708883221e-02,1.444973472996871067e-01,3.216161066521561751e-01,1.767922731601142827e-01,2.376819480342810542e-01,1.880968575703985957e-01,3.998095497211263949e-02,1.390150999863964121e-01,4.796626309345667499e-02,3.082573799483063690e-02,5.865868589307577513e-02,3.089375595157121610e-02,5.744796626309345983e-02,2.296286219561964256e-02,2.018772956060399873e-02,3.985852264997959138e-02,3.219970072099034158e-02,4.146374642905727159e-02,2.505781526322949093e-02,3.211807917290164516e-02,1.146782750646170579e-02,7.998911712692150996e-03,3.213168276424976239e-02,5.820976737858794825e-02,6.370561828322676701e-02,2.949258604271527695e-02,9.171541286899741185e-02,1.083934158617875093e-01,1.369473541014827878e-01,3.019997279281730340e-02,1.658549857162290864e-01,9.707522786015508609e-02,1.148959325261869197e-01,8.866820840701945816e-02,1.963950482927492858e-01,5.897156849408243667e-02,5.513535573391375316e-02,4.864644266086246699e-02,3.368249217793497369e-02,5.967895524418446312e-02,6.706570534621139612e-02,1.105563868861379473e-01,5.377499659910216223e-02,1.883281186233165538e-01,1.579240919602775128e-01,4.932662222826826592e-02,1.476805876751462465e-01,3.600598558019317275e-01,1.857842470412188751e-01,2.423751870493810467e-01,1.636239967351380831e-01,4.757175894436131008e-02,1.297374506869813648e-01
1.915385661814719004e-02,3.009114406203237599e-02,1.926268534893211745e-02,1.380764521833764170e-02,5.735274112365664617e-02,6.253570942728881032e-02,6.673921915385662429e-02,1.179431369881648803e-02,8.836892939736090691e-02,3.852537069786423490e-02,5.215616922867637173e-02,3.036321588899469626e-02,1.028567541831043458e-01,2.701673241735818090e-02,2.772411916746021082e-02,2.440484287851992992e-02,1.428377091552169784e-02,3.618555298598830072e-02,3.356005985580193252e-02,5.946129778261460830e-02,0.000000000000000000e+00,9.983675690382261270e-02,7.290164603455312475e-02,2.761529043667528341e-02,7.403074411644673669e-02,1.661270575431914032e-01,8.877703713780438211e-02,1.222962862195619699e-01,9.529315739355190273e-02,2.058223370969936017e-02,7.189498027479254705e-02,2.586042715276833104e-02,1.625629166099850503e-02,3.141069242279961871e-02,1.610665215616922941e-02,3.039042307169092724e-02,1.184872806420895174e-02,1.061080125153040371e-02,2.148007073867501046e-02,1.697728200244864524e-02,2.224187185416950235e-02,1.372602367024894528e-02,1.662358862739763202e-02,6.135219698000272080e-03,4.271527683308393164e-03,1.748061488232893410e-02,2.943817167732281151e-02,3.281186233165555438e-02,1.573935518977009895e-02,4.876887498299550816e-02,5.593796762345259327e-02,7.265678139028704241e-02,1.582097673785879538e-02,8.519929261324989123e-02,5.123112501700449045e-02,5.942048700857026355e-02,4.772139844919058571e-02,1.024350428513127464e-01,3.018636920146918617e-02,2.922051421575296015e-02,2.475853625357094315e-02,1.772547952659501991e-02,3.026799074955788260e-02,3.463474357230308942e-02,5.536661678683172522e-02,3.013195483607672420e-02,9.417766290300638721e-02,8.178479118487280708e-02,2.613249897973064784e-02,7.548632839069514822e-02,1.870765882192898799e-01,9.488504965310842754e-02,1.259964630662494811e-01,8.217929533396817199e-02,2.403754591212079947e-02,6.725615562508502343e-02
