0.000000000000000000e+00,1.758503646999350079e-02,9.063335018415540414e-03,5.464480874316939886e-03,2.704556943742326969e-02,3.846801954695361347e-02,4.330661274403601463e-02,1.045954599070797464e-02,4.656845044654678301e-02,2.516790640571964915e-02,3.205267085529958648e-02,2.089501937844539040e-02,6.186658963433715880e-02,1.610457138730411047e-02,1.565922823234876249e-02,1.670638646156808946e-02,9.195734334753617734e-03,2.141258034231241503e-02,1.748874605811126526e-02,3.601261404395657284e-02,1.928215497941792450e-02,6.317854649623264041e-02,5.536698683228617746e-02,2.431332900026480018e-02,4.447413398810813601e-02,1.048482222382706303e-01,6.151753689126405328e-02,7.641847813004019885e-02,5.895380467489949594e-02,1.271033436845526131e-02,4.093546135143592835e-02,1.645362413037721599e-02,1.162706723478009602e-02,1.484075973134975010e-02,8.593919260489637016e-03,1.486483233432031072e-02,4.441395248068173533e-03,6.451457596109867049e-03,1.537035699670205417e-02,1.091692544714860033e-02,1.368527478876290816e-02,1.020678365951710291e-02,1.339640355311619811e-02,5.055246623817433692e-03,3.707180857466117665e-03,1.147059531547146155e-02,1.468428781204111563e-02,1.910161045713873115e-02,8.028213090681494621e-03,2.493921667749933804e-02,4.252425314749283536e-02,4.064659011578922176e-02,1.190390216894152836e-02,5.080522856936520865e-02,2.489107147155822028e-02,3.696348186129366081e-02,2.676873450326183734e-02,5.726872246696035340e-02,1.945066320021184014e-02,2.050985773091644482e-02,1.812667003683108083e-02,7.895813774343419036e-03,1.801834332346356760e-02,2.331431597698659097e-02,3.523025444741340051e-02,2.440961941214703571e-02,6.494788281456874424e-02,6.573024241111191657e-02,1.527406658481981691e-02,4.494354974603403940e-02,1.220962422666762998e-01,6.601911364675862315e-02,7.692400279242193883e-02,5.634192725259382084e-02,1.173539394814761272e-02,4.157338533015574739e-02
1.758503646999350079e-02,0.000000000000000000e+00,1.219277340458823841e-02,7.534724729785031473e-03,3.758936953852819868e-02,5.393466695553790491e-02,6.043426975758888625e-02,1.401025492886545827e-02,6.539322596952408528e-02,3.497749211622253052e-02,4.460653330444620812e-02,2.817698177703955101e-02,8.684191521629233690e-02,2.318191666064851539e-02,2.215883103439975077e-02,2.309766255025155757e-02,1.299920560410197136e-02,3.025926193399292377e-02,2.414482077947088454e-02,5.081726487085048288e-02,2.699742423148214845e-02,8.935750222671577647e-02,7.676753087311330437e-02,3.251005031174020871e-02,6.255265881899810254e-02,1.450013239931633724e-01,8.636046315688115926e-02,1.079415517199874830e-01,8.345971449892876370e-02,1.794612551455188748e-02,5.729279506993090881e-02,2.290508172648708651e-02,1.606846248284827042e-02,2.029320430418141141e-02,1.178353915408873222e-02,2.099130979032762939e-02,6.198695264918995321e-03,8.690209672371874278e-03,2.123203582003322168e-02,1.505741315808478351e-02,1.857201319178642882e-02,1.403432753183601715e-02,1.905346525119761339e-02,7.065308971859127207e-03,4.934883608964637548e-03,1.541850220264317194e-02,2.085891047398955381e-02,2.667244409137960182e-02,1.120579668279531038e-02,3.519414554295755698e-02,5.972412796995739404e-02,5.677523410606388765e-02,1.614068029175994706e-02,7.137526780770804546e-02,3.491731060879613158e-02,5.235791146096627213e-02,3.582003322019210179e-02,7.992104186225656992e-02,2.762331190871668979e-02,2.932043041814111350e-02,2.554103175176331703e-02,1.106136106497195536e-02,2.551695914879275814e-02,3.316001059194530892e-02,4.960159842083724374e-02,3.405069690185599796e-02,9.273970294407934967e-02,9.139163717772802453e-02,2.038949471606364694e-02,6.353963554079102016e-02,1.709154810909703781e-01,9.279988445150573473e-02,1.088322380298981790e-01,8.004140487710936780e-02,1.633326111552442159e-02,5.818348137984160479e-02
9.063335018415540414e-03,1.219277340458823841e-02,0.000000000000000000e+00,3.707180857466117665e-03,1.857201319178642882e-02,2.646782696612984612e-02,2.958522905081726467e-02,7.185671986711923351e-03,3.219710647312293977e-02,1.697118509424424063e-02,2.203846801954695289e-02,1.413061794371825441e-02,4.227149081630196537e-02,1.127801449170698876e-02,1.098914325606027698e-02,1.159095833032425769e-02,6.294985676801232583e-03,1.473243301798223513e-02,1.222888230904407673e-02,2.519197900869020804e-02,1.321585903083700476e-02,4.401675453166750684e-02,3.856430995883584900e-02,1.650176933631833723e-02,3.065645988300715052e-02,7.251871644880961143e-02,4.274090657422786876e-02,5.247827447581907001e-02,4.097157025589177187e-02,8.822608988709949862e-03,2.814087287258371095e-02,1.096507065308971809e-02,7.823595965431742391e-03,1.012252954912014682e-02,5.897787727787005829e-03,1.027900146842878129e-02,2.972966466864061796e-03,4.284923328759539067e-03,1.017067475506126459e-02,7.378252810476397007e-03,9.340169952576972759e-03,6.872728148094653551e-03,9.243879540694735497e-03,3.334055511422450227e-03,2.563732216364555602e-03,7.931922678799259094e-03,1.019474735803182347e-02,1.325196793529284309e-02,5.368190462434703492e-03,1.704340290315591727e-02,2.932043041814111350e-02,2.750294889386389191e-02,8.124503502563731883e-03,3.504970992513420369e-02,1.697118509424424063e-02,2.561324956067499714e-02,1.819888784574276094e-02,3.869670927517392112e-02,1.337233095014563923e-02,1.447967068679136340e-02,1.262608025805830349e-02,5.332081557978864302e-03,1.234924532389687288e-02,1.653787824077417382e-02,2.485496256710238022e-02,1.671842276305337063e-02,4.561758262920969503e-02,4.603885318119448067e-02,1.042343708625213632e-02,3.110180303796249504e-02,8.472352615488312755e-02,4.566572783515081280e-02,5.271900050552466577e-02,3.906983462121758899e-02,8.052285693652055237e-03,2.864639753496545441e-02
5.464480874316939886e-03,7.534724729785031473e-03,3.707180857466117665e-03,0.000000000000000000e+00,1.143448641101562323e-02,1.634529741700970276e-02,1.847572277990418982e-02,4.284923328759539067e-03,1.988397005368190348e-02,1.079656243229580419e-02,1.367323848727762872e-02,8.774463782768830364e-03,2.657615367949736282e-02,6.896800751065212433e-03,6.668111022844900454e-03,6.969018559976889945e-03,3.947906887171709518e-03,9.183698033268336558e-03,7.366216508991117566e-03,1.521388507739341797e-02,8.317084326328206406e-03,2.700946053296742963e-02,2.319395296213379656e-02,1.023085626248766353e-02,1.895717483931537439e-02,4.443802508365229248e-02,2.625117353939481618e-02,3.277484894441635987e-02,2.513179750126381257e-02,5.380226763919982932e-03,1.746467345514070291e-02,7.137526780770804720e-03,5.115428131243831764e-03,6.439421294624587608e-03,3.671071953010278908e-03,6.282949375315953142e-03,1.901735634674177246e-03,2.756313040129029258e-03,6.632002118389061264e-03,4.670084976288486379e-03,5.825569918875328317e-03,4.381213740641775461e-03,5.801497315904768567e-03,2.238752076262006362e-03,1.516573987145229934e-03,4.802484292626561964e-03,6.307021978286512023e-03,8.088394598107893560e-03,3.490527430731085127e-03,1.083267133675164251e-02,1.821092414722803865e-02,1.754892756553766073e-02,4.995065116391035620e-03,2.158108856310632720e-02,1.072434462338412581e-02,1.589995426205435478e-02,1.120579668279531038e-02,2.448183722105871235e-02,8.401338436725162492e-03,8.894826797621626507e-03,7.691196649093666807e-03,3.334055511422450227e-03,7.727305553549505129e-03,1.009845694614958794e-02,1.492501384174670792e-02,1.056787270407549134e-02,2.802050985773091654e-02,2.777978382802532425e-02,6.355167184227630654e-03,1.941455429575600009e-02,5.234587515948099790e-02,2.816494547555427330e-02,3.307575648154834763e-02,2.409667557352976677e-02,4.970992513420475871e-03,1.788594400712549201e-02
2.704556943742326969e-02,3.758936953852819868e-02,1.857201319178642882e-02,1.143448641101562323e-02,0.000000000000000000e+00,8.119688981969620800e-02,9.184901663416865369e-02,2.135239883488601609e-02,9.870970848077802173e-02,5.382634024217038821e-02,6.802917599480032274e-02,4.354733877374160345e-02,1.320261909920319721e-01,3.464047567463469923e-02,3.307575648154834763e-02,3.496545581473724934e-02,1.995618786259358360e-02,4.577405454851832950e-02,3.690330035386726187e-02,7.668327676271635696e-02,4.130858669747959622e-02,1.350593389663224397e-01,1.163549264581979215e-01,5.014323198767482725e-02,9.479791049806216008e-02,2.205050432103223268e-01,1.305096170048867521e-01,1.636696275968320402e-01,1.256589875063190698e-01,2.746683998940805532e-02,8.682987891480706266e-02,3.495341951325196816e-02,2.475867215522014469e-02,3.136660167063864274e-02,1.819888784574276094e-02,3.195638044341734402e-02,9.532750776341445548e-03,1.349269396499843537e-02,3.257023181916660765e-02,2.290508172648708651e-02,2.859825232902433664e-02,2.146072554825353279e-02,2.930839411665583233e-02,1.097710695457499754e-02,7.618978840181989294e-03,2.385594954382417449e-02,3.164343660480007508e-02,4.057437230687754165e-02,1.729616523434679073e-02,5.385041284514094362e-02,9.069353169158181349e-02,8.648082617173394326e-02,2.490310777304349799e-02,1.078813702125610841e-01,5.371801352880287150e-02,7.994511446522711839e-02,5.547531354565369416e-02,1.214462819864711995e-01,4.234370862521364548e-02,4.383621000938831697e-02,3.848005584843889465e-02,1.682674947642088387e-02,3.850412845140945006e-02,5.046821212777737736e-02,7.475746852507161866e-02,5.241809296839267107e-02,1.392961170891408584e-01,1.392720444861702822e-01,3.131845646469752498e-02,9.642281119857490368e-02,2.593822970077754309e-01,1.405478924436099342e-01,1.648491851423894428e-01,1.205917045810163402e-01,2.498736188344045581e-02,8.838256180640813309e-02
3.846801954695361347e-02,5.393466695553790491e-02,2.646782696612984612e-02,1.634529741700970276e-02,8.119688981969620800e-02,0.000000000000000000e+00,1.309068149539009684e-01,3.053609686815435265e-02,1.410052719000505494e-01,7.551575551864422864e-02,9.613393996292819710e-02,6.096386702294118859e-02,1.877181579644207066e-01,4.970992513420476044e-02,4.725451963120771981e-02,5.035988541440986066e-02,2.792421944584868101e-02,6.524879035170072505e-02,5.220143954165763767e-02,1.093497989937651932e-01,5.813533617390048702e-02,1.928456223971498074e-01,1.651621289810067117e-01,7.097806985869381524e-02,1.351315567752341129e-01,3.146409571266940985e-01,1.863821284995546557e-01,2.330468693579836881e-01,1.803037962494884461e-01,3.891336270190895452e-02,1.238294696805565531e-01,4.969788883271947927e-02,3.504970992513420369e-02,4.431766206879950154e-02,2.558917695770443826e-02,4.530463879059242610e-02,1.351676656796899426e-02,1.890902963337425663e-02,4.587034496040056503e-02,3.289521195926915775e-02,4.052622710093642389e-02,3.028333453696348265e-02,4.115211477817096175e-02,1.540646590115789250e-02,1.078452613081052475e-02,3.374978936472401020e-02,4.473893262078428718e-02,5.793071904865072785e-02,2.422907488986784236e-02,7.597313497508485780e-02,1.300040923425049844e-01,1.226258395320286021e-01,3.533858116078091721e-02,1.544618569605931413e-01,7.486579523843912842e-02,1.129245805348932374e-01,7.752581786668592823e-02,1.728533256301003906e-01,5.963987385956043275e-02,6.310632868732095335e-02,5.536698683228617746e-02,2.396427625719169119e-02,5.507811559663946394e-02,7.173635685226643910e-02,1.073036277412676570e-01,7.378252810476396140e-02,1.994896608170241559e-01,1.984545388892900997e-01,4.472689631929900600e-02,1.371536554247610729e-01,3.691292939505548820e-01,2.005849642521845833e-01,2.337931200500710238e-01,1.725644543944536702e-01,3.542283527117787156e-02,1.259598950434510367e-01
4.330661274403601463e-02,6.043426975758888625e-02,2.958522905081726467e-02,1.847572277990418982e-02,9.184901663416865369e-02,1.309068149539009684e-01,0.000000000000000000e+00,3.430345923304686795e-02,1.589513974146024300e-01,8.607159192123443880e-02,1.088322380298981790e-01,6.949760477600443187e-02,2.115500349052742979e-01,5.574011217832984533e-02,5.334488818275920363e-02,5.625767314219686649e-02,3.181194482559399073e-02,7.355383837654365375e-02,5.870104234370862595e-02,1.224332587082641310e-01,6.603114994824389739e-02,2.170024794781059696e-01,1.864423100069810546e-01,8.049878433354998308e-02,1.522832863917575330e-01,3.543246431236609650e-01,2.100334609181290779e-01,2.630894778652415611e-01,2.017645217977419858e-01,4.380010110493247344e-02,1.398136780530078727e-01,5.654654437784357307e-02,3.986423051924604943e-02,5.037192171589514184e-02,2.915192219734719786e-02,5.105799090055607864e-02,1.531017548927565523e-02,2.171348787944440278e-02,5.282732721889217553e-02,3.713199008208757645e-02,4.605088948267976184e-02,3.473676608651693476e-02,4.689343058664933311e-02,1.763318167593461855e-02,1.220480970607351785e-02,3.813100310536578219e-02,5.050432103223321395e-02,6.485159240268650871e-02,2.767145711465780755e-02,8.633639055391059691e-02,1.460244096194121544e-01,1.395127705158758780e-01,3.990033942370188602e-02,1.735393948147613274e-01,8.585493849449940540e-02,1.275727594424785061e-01,8.843070701234924391e-02,1.958546977684696988e-01,6.781252256806528933e-02,7.047254519631207526e-02,6.189066223730772115e-02,2.703353313593798851e-02,6.189066223730772115e-02,8.051082063503527120e-02,1.197250908740762204e-01,8.376062203606075840e-02,2.237428083098625398e-01,2.227317589850990598e-01,5.033581281143929831e-02,1.546905466888134628e-01,4.161190149490864298e-01,2.259815603861245470e-01,2.644134710286223378e-01,1.938687080233985616e-01,3.965961339399629026e-02,1.417515225921378852e-01
1.045954599070797464e-02,1.401025492886545827e-02,7.185671986711923351e-03,4.284923328759539067e-03,2.135239883488601609e-02,3.053609686815435265e-02,3.430345923304686795e-02,0.000000000000000000e+00,3.671071953010279082e-02,1.983582484774078572e-02,2.520401531017548921e-02,1.658602344671529505e-02,4.898774704508798705e-02,1.290291519221973410e-02,1.254182614766134740e-02,1.323993163380756365e-02,7.366216508991117566e-03,1.703136660167063957e-02,1.375749259767458654e-02,2.870657904239185335e-02,1.537035699670205417e-02,5.001083267133674820e-02,4.399268192869695143e-02,1.930622758238848338e-02,3.537469006523675380e-02,8.330324257962012924e-02,4.878312991983823482e-02,6.053056016947112178e-02,4.708601141041381111e-02,1.009845694614958794e-02,3.243783250282852859e-02,1.308345971449892918e-02,9.171661731783057117e-03,1.166317613923593607e-02,6.728292530271298526e-03,1.179557545557401166e-02,3.514600033701644009e-03,5.043210322332153384e-03,1.210851929419128059e-02,8.533737753063238077e-03,1.076045352783996586e-02,7.931922678799259094e-03,1.070027202041356693e-02,4.020124696083387898e-03,2.924821260922943599e-03,9.075371319900821590e-03,1.155484942586841937e-02,1.499723165065838630e-02,6.270913073830673701e-03,1.969138922991743243e-02,3.376182566620928444e-02,3.206470715678486072e-02,9.448496665944487727e-03,4.022531956380443613e-02,1.947473580318239902e-02,2.929635781517055462e-02,2.115981801112154156e-02,4.517223947425435399e-02,1.546664740858428970e-02,1.642955152740665711e-02,1.444356178233552335e-02,6.162586360463156998e-03,1.433523506896800664e-02,1.860812209624226540e-02,2.832141739486290777e-02,1.935437278832960115e-02,5.184035049709925097e-02,5.261067379215714906e-02,1.201222888230904333e-02,3.577188801425098402e-02,9.675982764016273496e-02,5.238198406393683448e-02,6.102404853036758753e-02,4.495558604751932058e-02,9.364242555547531641e-03,3.284706675332803999e-02
4.656845044654678301e-02,6.539322596952408528e-02,3.219710647312293977e-02,1.988397005368190348e-02,9.870970848077802173e-02,1.410052719000505494e-01,1.589513974146024300e-01,3.671071953010279082e-02,0.000000000000000000e+00,9.192123444308032687e-02,1.167280518042415893e-01,7.363809248694061504e-02,2.274018439613875453e-01,6.047037866204472978e-02,5.743723068775426904e-02,6.077128619917671754e-02,3.397847909294431784e-02,7.925904528056618159e-02,6.364796225415854380e-02,1.330372403167954520e-01,7.068919862304710866e-02,2.352735851327603933e-01,2.004284923328759627e-01,8.549384944994102564e-02,1.639946077369345834e-01,3.816350111937603651e-01,2.273175898509905979e-01,2.823595965431742183e-01,2.186755253845598379e-01,4.704990250595796758e-02,1.501047158229219247e-01,5.949543824173707945e-02,4.230759972075780889e-02,5.381430394068510703e-02,3.110180303796249504e-02,5.505404299366890852e-02,1.623697070364218606e-02,2.279675501311956981e-02,5.547531354565369416e-02,3.988830312221660485e-02,4.928865458221997481e-02,3.683108254495558870e-02,5.002286897282202938e-02,1.845165017693363094e-02,1.301124190558725080e-02,4.097157025589177187e-02,5.470499025059579606e-02,7.041236368888567632e-02,2.940468452853807133e-02,9.258323102477071520e-02,1.576394405527069553e-01,1.490334849907320458e-01,4.247610794155171760e-02,1.878746298837293272e-01,9.157218170000722135e-02,1.377795431019956107e-01,9.428034953419513198e-02,2.097084807780265348e-01,7.247057124286848673e-02,7.689993018945139036e-02,6.692183625815459336e-02,2.883897835872992893e-02,6.662092872102259866e-02,8.751594809946799947e-02,1.306420163212248242e-01,8.963433716087720882e-02,2.434943790472063607e-01,2.410389735442093340e-01,5.418742928672877490e-02,1.665342673503285853e-01,4.495438241737079177e-01,2.447822633061312869e-01,2.847668568402301204e-01,2.098408800943646069e-01,4.290941479502178441e-02,1.525480850244337050e-01
2.516790640571964915e-02,3.497749211622253052e-02,1.697118509424424063e-02,1.079656243229580419e-02,5.382634024217038821e-02,7.551575551864422864e-02,8.607159192123443880e-02,1.983582484774078572e-02,9.192123444308032687e-02,0.000000000000000000e+00,6.367203485712910616e-02,4.038179148311307060e-02,1.226860210394550010e-01,3.297946606966611210e-02,3.111383933944777622e-02,3.251005031174020871e-02,1.836739606653667312e-02,4.270479766977203218e-02,3.427938663007631254e-02,7.162803013889891546e-02,3.848005584843889465e-02,1.260922943597891366e-01,1.086035483016778574e-01,4.639994222575286736e-02,8.845477961531980626e-02,2.061938807443248756e-01,1.214342456849859114e-01,1.524999398184925803e-01,1.168965600250355119e-01,2.542066873691052262e-02,8.105245420187284777e-02,3.229339688500517530e-02,2.277268241014901093e-02,2.885101466021521011e-02,1.652584193928889611e-02,3.010279001468428930e-02,8.918899400592185389e-03,1.240942683132327182e-02,3.037962494884571818e-02,2.152090705567993173e-02,2.646782696612984612e-02,1.996822416407886130e-02,2.702149683445271081e-02,1.015863845357598515e-02,7.017163765918008576e-03,2.213475843142919189e-02,2.978984617606701690e-02,3.718013528802869422e-02,1.593606316651019483e-02,5.044413952480681501e-02,8.365229532269324864e-02,8.078765556919670354e-02,2.265231939529621305e-02,1.001781372619821447e-01,5.029970390698346172e-02,7.468525071615993161e-02,5.153944295996726321e-02,1.136347223225247366e-01,3.937074215834958368e-02,4.061048121133337824e-02,3.586817842613321955e-02,1.562311932789292590e-02,3.590428733058905614e-02,4.661659565248790077e-02,6.970222190125417716e-02,4.853036758864735789e-02,1.302688909751811563e-01,1.289689704147709559e-01,2.897137767506800451e-02,9.016393442622951115e-02,2.413037721768854782e-01,1.300161286439902864e-01,1.552682891601068760e-01,1.123829469680556609e-01,2.366336872005969996e-02,8.230422955634192350e-02
3.205267085529958648e-02,4.460653330444620812e-02,2.203846801954695289e-02,1.367323848727762872e-02,6.802917599480032274e-02,9.613393996292819710e-02,1.088322380298981790e-01,2.520401531017548921e-02,1.167280518042415893e-01,6.367203485712910616e-02,0.000000000000000000e+00,5.138297104065862875e-02,1.555330877927830202e-01,4.138080450639127633e-02,3.927445174646734816e-02,4.168171204352326409e-02,2.341060638886882997e-02,5.430779230158157278e-02,4.410100864206446813e-02,9.124720155990467818e-02,4.873498471389711706e-02,1.604679714017476777e-01,1.376230711826869901e-01,5.912231289569341158e-02,1.120218579234972672e-01,2.617534484003755102e-01,1.541970583279169971e-01,1.935076189788401957e-01,1.488409041669675748e-01,3.232950578946101189e-02,1.025853975590380607e-01,4.057437230687754165e-02,2.910377699140608010e-02,3.702366336872005975e-02,2.125610842300378056e-02,3.808285789942466443e-02,1.124190558725114870e-02,1.587588165908379589e-02,3.793842228160131114e-02,2.721407765821718186e-02,3.391829758551791890e-02,2.513179750126381257e-02,3.454418526275246371e-02,1.283069738330805745e-02,9.027226113959702092e-03,2.787607423990755978e-02,3.770973255338099656e-02,4.801280662478033673e-02,2.028116800269613024e-02,6.357574444524687063e-02,1.068943934907681526e-01,1.020678365951710326e-01,2.903155918249440345e-02,1.278375580751546781e-01,6.368407115861438039e-02,9.470162008617992455e-02,6.536915336655352293e-02,1.435810404179003741e-01,5.002286897282202938e-02,5.169591487927589768e-02,4.572590934257721174e-02,1.984786114922606690e-02,4.552129221732745951e-02,6.000096290411881944e-02,8.911677619701018072e-02,6.145735538383765434e-02,1.653306372018006343e-01,1.644399508918899522e-01,3.680700994198502635e-02,1.141643195878770389e-01,3.064442358152186796e-01,1.661852146072554937e-01,1.958306251654991503e-01,1.430273705495775372e-01,2.991020919091981478e-02,1.044871331937122366e-01
2.089501937844539040e-02,2.817698177703955101e-02,1.413061794371825441e-02,8.774463782768830364e-03,4.354733877374160345e-02,6.096386702294118859e-02,6.949760477600443187e-02,1.658602344671529505e-02,7.363809248694061504e-02,4.038179148311307060e-02,5.138297104065862875e-02,0.000000000000000000e+00,9.897450711345417984e-02,2.649189956910040847e-02,2.513179750126381257e-02,2.622710093642425383e-02,1.482872342986447066e-02,3.419513251967935125e-02,2.752702149683445426e-02,5.771406562191569445e-02,3.125827495727113298e-02,1.005151537035699622e-01,8.874365085096651284e-02,3.872078187814448347e-02,7.119472328542884865e-02,1.680869502419296557e-01,9.797549409017597410e-02,1.231193278929250678e-01,9.389518788666618987e-02,2.057003923834284029e-02,6.569413350665607998e-02,2.657615367949736282e-02,1.834332346356611423e-02,2.324209816807491433e-02,1.337233095014563923e-02,2.414482077947088454e-02,7.137526780770804720e-03,1.001420283575263012e-02,2.474663585373486352e-02,1.723598372692039180e-02,2.143665294528297391e-02,1.614068029175994706e-02,2.152090705567993173e-02,8.100430899593173001e-03,5.789461014419489127e-03,1.866830360366866434e-02,2.367540502154498114e-02,2.994631809537565137e-02,1.283069738330805745e-02,4.034568257865722707e-02,6.727088900122769888e-02,6.526082665318601317e-02,1.870441250812450440e-02,8.017380419344743991e-02,4.006884764449580166e-02,5.974820057292794945e-02,4.294552369947762793e-02,9.165643581040418264e-02,3.140271057509448627e-02,3.248597770876964635e-02,2.864639753496545441e-02,1.260200765508774461e-02,2.875472424833297111e-02,3.721624419248453081e-02,5.589658409763847979e-02,3.926241544498206698e-02,1.040297537372716075e-01,1.048121133338147798e-01,2.410871187501504448e-02,7.221780891167761673e-02,1.955056450253966072e-01,1.040899352446980064e-01,1.244553573577911049e-01,8.950193784453913670e-02,1.905346525119761339e-02,6.634409378686118020e-02
6.186658963433715880e-02,8.684191521629233690e-02,4.227149081630196537e-02,2.657615367949736282e-02,1.320261909920319721e-01,1.877181579644207066e-01,2.115500349052742979e-01,4.898774704508798705e-02,2.274018439613875453e-01,1.226860210394550010e-01,1.555330877927830202e-01,9.897450711345417984e-02,0.000000000000000000e+00,8.057100214246167014e-02,7.661105895380466990e-02,8.054692953949110779e-02,4.547314701138634174e-02,1.055102188199610047e-01,8.415781998507498862e-02,1.763318167593461994e-01,9.448496665944489115e-02,3.118485351821092544e-01,2.666883320093401677e-01,1.144531908235237455e-01,2.181459281192075217e-01,5.074023254134469862e-01,3.007631015141667419e-01,3.770130714234130043e-01,2.908812979947521526e-01,6.260080402493921337e-02,1.993933704051419065e-01,8.020991309790327650e-02,5.639007245853493860e-02,7.118268698394357441e-02,4.106786066777400740e-02,7.346958426614669246e-02,2.180977829132664178e-02,3.068053248597770941e-02,7.497412195180665206e-02,5.293565393225969223e-02,6.522471774873017658e-02,4.921643677330829469e-02,6.704219927300739124e-02,2.491514407452877916e-02,1.730820153583206844e-02,5.446426422089020725e-02,7.261500686069184696e-02,9.257119472328542709e-02,3.932259695240846592e-02,1.235526347463951208e-01,2.081678341879107386e-01,1.990563539635540891e-01,5.665487109121108977e-02,2.486940612888471624e-01,1.225295491201463666e-01,1.824221853108976554e-01,1.261404395657302335e-01,2.799884451505741390e-01,9.706073517729471578e-02,1.013938037119953839e-01,8.890012277027514731e-02,3.872078187814448347e-02,8.883994126284874837e-02,1.154642401482872394e-01,1.724440913796008723e-01,1.193399292265472644e-01,3.221155003490527302e-01,3.187212633302038967e-01,7.188079247008978545e-02,2.220216171974675745e-01,5.966274283238246490e-01,3.234876387183746038e-01,3.801064009051298709e-01,2.781107821188705254e-01,5.724464986398979105e-02,2.028116800269613162e-01
1.610457138730411047e-02,2.318191666064851539e-02,1.127801449170698876e-02,6.896800751065212433e-03,3.464047567463469923e-02,4.970992513420476044e-02,5.574011217832984533e-02,1.290291519221973410e-02,6.047037866204472978e-02,3.297946606966611210e-02,4.138080450639127633e-02,2.649189956910040847e-02,8.057100214246167014e-02,0.000000000000000000e+00,2.063022074576923923e-02,2.137647143785657497e-02,1.230110011795575511e-02,2.818901807852483218e-02,2.251992007895813747e-02,4.698972099853156864e-02,2.522808791314604809e-02,8.284586312317951395e-02,7.105028766760550230e-02,3.040369755181627706e-02,5.818348137984160479e-02,1.344936327965143008e-01,7.990900556077128181e-02,1.001420283575262943e-01,7.724898293252449588e-02,1.669435016008280828e-02,5.276714571146578353e-02,2.136443513637129726e-02,1.479261452540863234e-02,1.869237620663922322e-02,1.092896174863387977e-02,1.923400977347680674e-02,5.777424712934209686e-03,8.112467201078452442e-03,1.983582484774078572e-02,1.366120218579234928e-02,1.703136660167063957e-02,1.287884258924917522e-02,1.777761729375797531e-02,6.583856912447942633e-03,4.597867167376808867e-03,1.428708986302688888e-02,1.933030018535904226e-02,2.444572831660287576e-02,1.029103776991406073e-02,3.265448592956356200e-02,5.549938614862424957e-02,5.239402036542211566e-02,1.514166726848174133e-02,6.613947666161142103e-02,3.255819551768132647e-02,4.889145663320575153e-02,3.356924484244481338e-02,7.419176235526347973e-02,2.570953997255723267e-02,2.721407765821718186e-02,2.350689680075106550e-02,1.035121927734045967e-02,2.362725981560385990e-02,3.074071399340410835e-02,4.560554632772441386e-02,3.179990852410870955e-02,8.572253917816133328e-02,8.469945355191256520e-02,1.908957415565344998e-02,5.890565946895837818e-02,1.584338364507354158e-01,8.566235767073493435e-02,1.008401338436725192e-01,7.401121783298428292e-02,1.523795768036397859e-02,5.388652174959678715e-02
1.565922823234876249e-02,2.215883103439975077e-02,1.098914325606027698e-02,6.668111022844900454e-03,3.307575648154834763e-02,4.725451963120771981e-02,5.334488818275920363e-02,1.254182614766134740e-02,5.743723068775426904e-02,3.111383933944777622e-02,3.927445174646734816e-02,2.513179750126381257e-02,7.661105895380466990e-02,2.063022074576923923e-02,0.000000000000000000e+00,2.049782142943116364e-02,1.144652271250090267e-02,2.676873450326183734e-02,2.142461664379769273e-02,4.493151344454875823e-02,2.380780433788305672e-02,7.907850075828699865e-02,6.869117257649069719e-02,2.905563178546496234e-02,5.551142245010953075e-02,1.289810067162562301e-01,7.640644182855492461e-02,9.496641871885606878e-02,7.366216508991117740e-02,1.574348234274572031e-02,5.072097445896824736e-02,2.019691389229917589e-02,1.407043643629185548e-02,1.784983510266965195e-02,1.039936448328157743e-02,1.863219469921282428e-02,5.476517175802219327e-03,7.522688428299752032e-03,1.853590428733058876e-02,1.305938711152837030e-02,1.627307960809802265e-02,1.222888230904407673e-02,1.674249536602392952e-02,6.090368551551479485e-03,4.345104836185937139e-03,1.374545629618930710e-02,1.847572277990418982e-02,2.366336872005969996e-02,9.857730916443995656e-03,3.105365783202137728e-02,5.308008955008305246e-02,4.993861486242507502e-02,1.422690835560049168e-02,6.309429238583567912e-02,3.045184275775739483e-02,4.649623263763510983e-02,3.210081606124070425e-02,7.060494451265014737e-02,2.445776461808815347e-02,2.582990298741002708e-02,2.248381117450229741e-02,9.713295298620640630e-03,2.254399268192869635e-02,2.930839411665583233e-02,4.422137165691725907e-02,2.995835439686093254e-02,8.234033846079776009e-02,8.135336173900484247e-02,1.823499675019859753e-02,5.607712861991766967e-02,1.511639103536265294e-01,8.237644736525361056e-02,9.612190366144290898e-02,7.074938013047350760e-02,1.456392479718831949e-02,5.135889843768806640e-02
1.670638646156808946e-02,2.309766255025155757e-02,1.159095833032425769e-02,6.969018559976889945e-03,3.496545581473724934e-02,5.035988541440986066e-02,5.625767314219686649e-02,1.323993163380756365e-02,6.077128619917671754e-02,3.251005031174020871e-02,4.168171204352326409e-02,2.622710093642425383e-02,8.054692953949110779e-02,2.137647143785657497e-02,2.049782142943116364e-02,0.000000000000000000e+00,1.206037408825016283e-02,2.806865506367203431e-02,2.285693652054596528e-02,4.766375388170723121e-02,2.499939818492573698e-02,8.351989600635516264e-02,7.207337329385427038e-02,3.077682289785994493e-02,5.817144507835632361e-02,1.358416985628655982e-01,8.063118364988806908e-02,1.004429358946582890e-01,7.785079800678847139e-02,1.669435016008280828e-02,5.321248886642112458e-02,2.091909198141594928e-02,1.499723165065838630e-02,1.907753785416817227e-02,1.097710695457499754e-02,1.958306251654991573e-02,5.789461014419489127e-03,8.136539804049011324e-03,1.957102621506463455e-02,1.411858164223297497e-02,1.747670975662598408e-02,1.297513300113141248e-02,1.787390770564021084e-02,6.535711706506824870e-03,4.706193880744324702e-03,1.433523506896800664e-02,1.941455429575600009e-02,2.503550708938157357e-02,1.038732818179629799e-02,3.249801401025492753e-02,5.586047519318263627e-02,5.235791146096627213e-02,1.523795768036397859e-02,6.663296502250788678e-02,3.231746948797573765e-02,4.849425868419152130e-02,3.349702703353313327e-02,7.419176235526347973e-02,2.591415709780698490e-02,2.709371464336438745e-02,2.401242146313280895e-02,1.027900146842878129e-02,2.369947762451554002e-02,3.119809344984473057e-02,4.654437784357622759e-02,3.142678317806504168e-02,8.614380973014612586e-02,8.603548301677860222e-02,1.917382826605040780e-02,5.905009508678173147e-02,1.585662357670734879e-01,8.687802412074817349e-02,1.009243879540694666e-01,7.475746852507161866e-02,1.539442959967261305e-02,5.425964709564045502e-02
9.195734334753617734e-03,1.299920560410197136e-02,6.294985676801232583e-03,3.947906887171709518e-03,1.995618786259358360e-02,2.792421944584868101e-02,3.181194482559399073e-02,7.366216508991117566e-03,3.397847909294431784e-02,1.836739606653667312e-02,2.341060638886882997e-02,1.482872342986447066e-02,4.547314701138634174e-02,1.230110011795575511e-02,1.144652271250090267e-02,1.206037408825016283e-02,0.000000000000000000e+00,1.574348234274572031e-02,1.261404395657302405e-02,2.664837148840904293e-02,1.416672684817409274e-02,4.679714017476709759e-02,4.042993668905418836e-02,1.693507618978840057e-02,3.288317565778387658e-02,7.618978840181989121e-02,4.503984015791627493e-02,5.677523410606388765e-02,4.359548397968272121e-02,9.520714474856166107e-03,2.997039069834621372e-02,1.195204737488264612e-02,8.244866517416528026e-03,1.042343708625213632e-02,6.054259647095640295e-03,1.118172407982475150e-02,3.249801401025492840e-03,4.477504152524012723e-03,1.102525216051611703e-02,7.823595965431742391e-03,9.532750776341445548e-03,7.149563082256084161e-03,1.005031174020846844e-02,3.683108254495558783e-03,2.563732216364555602e-03,8.112467201078452442e-03,1.103728846200139647e-02,1.382971040658626492e-02,5.837606220360607757e-03,1.853590428733058876e-02,3.105365783202137728e-02,2.969355576418478138e-02,8.449483642666281991e-03,3.734864350882260986e-02,1.851183168436002988e-02,2.773163862208420649e-02,1.884884812594785769e-02,4.189836547025829749e-02,1.460003370164415955e-02,1.511759466551118244e-02,1.333622204568980091e-02,5.801497315904768567e-03,1.332418574420452147e-02,1.740449194771430744e-02,2.591415709780698490e-02,1.788594400712549201e-02,4.853036758864735789e-02,4.812113333814785343e-02,1.062805421150189028e-02,3.332851881273922456e-02,8.936953852820105071e-02,4.855444019161792024e-02,5.750944849666594222e-02,4.185022026431717973e-02,8.786500084254109805e-03,3.043980645627211712e-02
2.141258034231241503e-02,3.025926193399292377e-02,1.473243301798223513e-02,9.183698033268336558e-03,4.577405454851832950e-02,6.524879035170072505e-02,7.355383837654365375e-02,1.703136660167063957e-02,7.925904528056618159e-02,4.270479766977203218e-02,5.430779230158157278e-02,3.419513251967935125e-02,1.055102188199610047e-01,2.818901807852483218e-02,2.676873450326183734e-02,2.806865506367203431e-02,1.574348234274572031e-02,0.000000000000000000e+00,2.942875713150863021e-02,6.166197250908740657e-02,3.287113935629859540e-02,1.089164921402951264e-01,9.344984473171083494e-02,3.963554079102573485e-02,7.590091716617318462e-02,1.768012325172720889e-01,1.048121133338147798e-01,1.311114320791507137e-01,1.012854769986278602e-01,2.182181459281191949e-02,6.946149587154859528e-02,2.762331190871668979e-02,1.946269950169711785e-02,2.459016393442622905e-02,1.427505356154160944e-02,2.569750367107195149e-02,7.618978840181989294e-03,1.055583640259021190e-02,2.575768517849835043e-02,1.837943236802195429e-02,2.256806528489925523e-02,1.700729399870008068e-02,2.316988035916323768e-02,8.593919260489637016e-03,6.066295948580919736e-03,1.865626730218338664e-02,2.543270503839580032e-02,3.222117907609349519e-02,1.354083917093955314e-02,4.286126958908066664e-02,7.292795069930911589e-02,6.891986230471100483e-02,1.952288100912351679e-02,8.687802412074817349e-02,4.271683397125731335e-02,6.392479718831997615e-02,4.354733877374160345e-02,9.740978792036783518e-02,3.368960785729761126e-02,3.531450855781035486e-02,3.101754892756553722e-02,1.345658506054259705e-02,3.093329481716857940e-02,4.034568257865722707e-02,6.032594304422136955e-02,4.122433258708264187e-02,1.125755277918201319e-01,1.111191353121012970e-01,2.474663585373486352e-02,7.723694663103920777e-02,2.076141643195878739e-01,1.130930887556871461e-01,1.325798608603548367e-01,9.726535230254447495e-02,2.001636937001997907e-02,7.055679930670903655e-02
1.748874605811126526e-02,2.414482077947088454e-02,1.222888230904407673e-02,7.366216508991117566e-03,3.690330035386726187e-02,5.220143954165763767e-02,5.870104234370862595e-02,1.375749259767458654e-02,6.364796225415854380e-02,3.427938663007631254e-02,4.410100864206446813e-02,2.752702149683445426e-02,8.415781998507498862e-02,2.251992007895813747e-02,2.142461664379769273e-02,2.285693652054596528e-02,1.261404395657302405e-02,2.942875713150863021e-02,0.000000000000000000e+00,4.998676006836619279e-02,2.626320984088009389e-02,8.756409330540911029e-02,7.560000962904118993e-02,3.187212633302038967e-02,6.093979441997063318e-02,1.425218458871957694e-01,8.425411039695722415e-02,1.050528393635203755e-01,8.130521653306371777e-02,1.762114537444934084e-02,5.582436628872679968e-02,2.156905226162104949e-02,1.569533713680460255e-02,2.011265978190221806e-02,1.151874052141258105e-02,2.058207553982812146e-02,5.994078139669242224e-03,8.497628848607399754e-03,2.006451457596110030e-02,1.467225151055583619e-02,1.841554127247779435e-02,1.348065766351315593e-02,1.878866661852146222e-02,6.824582942153534920e-03,4.934883608964637548e-03,1.509352206254062183e-02,2.049782142943116364e-02,2.623913723790953501e-02,1.094099805011915921e-02,3.417105991670879583e-02,5.829180809320912149e-02,5.471702655208107724e-02,1.581570015165740042e-02,6.971425820273946528e-02,3.430345923304686795e-02,5.150333405551141969e-02,3.515803663850172039e-02,7.742952745480369270e-02,2.717796875376134527e-02,2.821309068149539107e-02,2.508365229532269480e-02,1.072434462338412581e-02,2.469849064779374576e-02,3.309982908451890998e-02,4.899978334657326823e-02,3.318408319491586433e-02,9.052502347078789091e-02,9.021207963217062198e-02,1.998026046556414248e-02,6.196288004621939433e-02,1.663296502250788400e-01,9.117498375099299113e-02,1.059675982764016339e-01,7.819985074986157692e-02,1.622493440215690488e-02,5.679930670903445000e-02
3.601261404395657284e-02,5.081726487085048288e-02,2.519197900869020804e-02,1.521388507739341797e-02,7.668327676271635696e-02,1.093497989937651932e-01,1.224332587082641310e-01,2.870657904239185335e-02,1.330372403167954520e-01,7.162803013889891546e-02,9.124720155990467818e-02,5.771406562191569445e-02,1.763318167593461994e-01,4.698972099853156864e-02,4.493151344454875823e-02,4.766375388170723121e-02,2.664837148840904293e-02,6.166197250908740657e-02,4.998676006836619279e-02,0.000000000000000000e+00,5.493367997881611065e-02,1.823740401049565585e-01,1.568209720517079464e-01,6.650056570616981466e-02,1.272959245083170876e-01,2.960087624274813090e-01,1.753448400375532679e-01,2.188681062083243090e-01,1.696516694350160004e-01,3.657832021376471177e-02,1.159577285091836912e-01,4.599070797525336290e-02,3.231746948797573765e-02,4.132062299896487739e-02,2.388002214679473337e-02,4.282516068462483005e-02,1.263811655954358293e-02,1.760910907296405967e-02,4.264461616234563324e-02,3.041573385330155824e-02,3.767362364892515997e-02,2.818901807852483218e-02,3.873281817962976464e-02,1.431116246599744776e-02,1.019474735803182347e-02,3.148696468549144062e-02,4.269276136828675100e-02,5.434390120603740937e-02,2.250788377747285976e-02,7.099010616017910336e-02,1.216870080161767953e-01,1.141643195878770389e-01,3.291928456223971317e-02,1.456151753689126360e-01,7.127897739582580994e-02,1.070629017115620751e-01,7.351772947208781717e-02,1.621169447052309698e-01,5.613731012734406861e-02,5.937507522688428158e-02,5.211718543126068331e-02,2.238752076262006188e-02,5.163573337184949874e-02,6.802917599480032274e-02,1.021039454996268692e-01,6.908837052550492741e-02,1.889699333188897823e-01,1.868996894634216699e-01,4.158542163164102856e-02,1.291254423340795765e-01,3.470667533280373807e-01,1.894273127753303976e-01,2.213596206157771862e-01,1.632122481403914249e-01,3.390626128403264467e-02,1.178715004453431553e-01
1.928215497941792450e-02,2.699742423148214845e-02,1.321585903083700476e-02,8.317084326328206406e-03,4.130858669747959622e-02,5.813533617390048702e-02,6.603114994824389739e-02,1.537035699670205417e-02,7.068919862304710866e-02,3.848005584843889465e-02,4.873498471389711706e-02,3.125827495727113298e-02,9.448496665944489115e-02,2.522808791314604809e-02,2.380780433788305672e-02,2.499939818492573698e-02,1.416672684817409274e-02,3.287113935629859540e-02,2.626320984088009389e-02,5.493367997881611065e-02,0.000000000000000000e+00,9.680797284610384579e-02,8.327916997664958076e-02,3.591632363207433731e-02,6.800510339182976038e-02,1.585662357670734879e-01,9.336559062131388753e-02,1.170409956428588583e-01,9.081389470643461137e-02,1.961917142100575231e-02,6.233600539226306220e-02,2.526419681760188815e-02,1.754892756553766073e-02,2.220697624034086853e-02,1.292698779519029471e-02,2.295322693242820428e-02,6.848655545124094669e-03,9.484605570400327784e-03,2.333838857995714985e-02,1.633326111552442159e-02,2.032931320863725147e-02,1.532221179076093467e-02,2.070243855468091934e-02,7.763414458005344319e-03,5.368190462434703492e-03,1.728412893286150956e-02,2.258010158638453641e-02,2.893526877061216793e-02,1.221684600755879729e-02,3.844394694398305112e-02,6.508028213090681635e-02,6.208324306107219220e-02,1.774150838930213525e-02,7.733323704292145717e-02,3.813100310536578219e-02,5.717243205507811787e-02,4.005681134301052049e-02,8.728725837124767795e-02,3.009075371319900813e-02,3.164343660480007508e-02,2.769552971762836643e-02,1.201222888230904333e-02,2.771960232059892532e-02,3.610890445583880837e-02,5.386244914662622479e-02,3.751715172961652550e-02,1.004068269902024524e-01,1.000577742471293469e-01,2.243566596856117965e-02,6.910040682699020165e-02,1.866830360366866504e-01,1.009845694614958655e-01,1.183649888062396210e-01,8.656508028213090455e-02,1.795816181603716866e-02,6.317854649623264041e-02
