0.000000000000000000e+00,1.298977476120434515e-02,1.456697797231919743e-02,6.255648691275762265e-03,2.383526201066827471e-02,3.069343777135869963e-02,3.652377323716528984e-02,6.946782682663169353e-03,4.102500487338071183e-02,2.519980860904853792e-02,2.335678463201545235e-02,1.800492654486168451e-02,5.105530844069539054e-02,1.407077920927182757e-02,9.959418029736483505e-03,1.316698860514983402e-02,8.896134966063548588e-03,1.851884669230360186e-02,1.557709688280848465e-02,3.090609438409328696e-02,1.240496907618423086e-02,5.265023303620478684e-02,4.178702440234630805e-02,1.928086622126920502e-02,3.935919474029311166e-02,8.334367080756348301e-02,5.043505998688617431e-02,6.576405748817097663e-02,4.556167927838522536e-02,1.017207464247106910e-02,3.703769338460720373e-02,1.187332754434776427e-02,8.577150046961669327e-03,1.547076857644119098e-02,9.693597263818250209e-03,1.527583334810115288e-02,7.248046217370501115e-03,4.288575023480834664e-03,1.291888922362614996e-02,1.036700987081110720e-02,1.146573570327313885e-02,1.077460171188573262e-02,1.189104892874231351e-02,3.136685037835155749e-03,2.569600737209590691e-03,9.374612344716369214e-03,1.889099576458912882e-02,2.239982987470981110e-02,8.346772049832532764e-03,2.177958142090060181e-02,3.627567385564160057e-02,3.710857892218540066e-02,6.822732991901327322e-03,4.479965974941962220e-02,2.367576955111733161e-02,3.234152652005174711e-02,2.509348030268124599e-02,5.116163674706267900e-02,1.897960268656187499e-02,1.513406227294476249e-02,1.628595225859044010e-02,6.645519147955838458e-03,1.726062840029063059e-02,2.016693544099664934e-02,3.296177497386095639e-02,2.046819897570398283e-02,5.626539545269276105e-02,4.924772723245139650e-02,1.362774459940810541e-02,4.130854702369349263e-02,9.865494692445374303e-02,5.314643179925215843e-02,7.327792447145971277e-02,5.240213365468110451e-02,1.203282000389870390e-02,3.841996136738202311e-02
1.298977476120434515e-02,0.000000000000000000e+00,2.314412801928086502e-02,9.782204185790994641e-03,3.764022045402187072e-02,4.944266246079143806e-02,5.775399174183486889e-02,1.068599478991298819e-02,6.615392794485104588e-02,3.980222935015683555e-02,3.670098708111077523e-02,2.776940934625812818e-02,8.157153236810860131e-02,2.213400910879157954e-02,1.534671888567934982e-02,2.101756189193499866e-02,1.423027166882276894e-02,2.939977671055662989e-02,2.442006769568838553e-02,4.970848322670966962e-02,1.910365237732371615e-02,8.371581987984900997e-02,6.590582856332737050e-02,3.025040316149497574e-02,6.276914352549220477e-02,1.314395080543692140e-01,8.075634868595935045e-02,1.055662868383278052e-01,7.395133707845256976e-02,1.639228056495773550e-02,5.874638926792961208e-02,1.858973222988179880e-02,1.352141629304081175e-02,2.406564000779740781e-02,1.493912704460472439e-02,2.404791862340285857e-02,1.130624324372219922e-02,6.680961916744936058e-03,1.991883605947296701e-02,1.623278810540679587e-02,1.770366301015435448e-02,1.671126548405961476e-02,1.889099576458912882e-02,5.032873168051888585e-03,3.987311488773502902e-03,1.444292828155735453e-02,3.042761700544046460e-02,3.604529585851246748e-02,1.311382445196618805e-02,3.432632157224122654e-02,5.796664835456945969e-02,5.855145403958957051e-02,1.093409417143667225e-02,7.131085080366478257e-02,3.756933491644367379e-02,5.137429335979726980e-02,3.886299597724574006e-02,8.089811976111574432e-02,3.005546793315493764e-02,2.353399847596094122e-02,2.617448475074872841e-02,1.073915894309663416e-02,2.745042442715624892e-02,3.235924790444629634e-02,5.295149657091211687e-02,3.196937744776622015e-02,9.089298055964131762e-02,7.944496624076273494e-02,2.110616881390774136e-02,6.604759963848376436e-02,1.563380531287104080e-01,8.523985893778021627e-02,1.165712665473426779e-01,8.461961048397101393e-02,1.945808006521469388e-02,6.018182140388807222e-02
1.456697797231919743e-02,2.314412801928086502e-02,0.000000000000000000e+00,1.084548724946392782e-02,4.267309362207375584e-02,5.482996331673430090e-02,6.503748072799446500e-02,1.224547661663329123e-02,7.418171507558170286e-02,4.479965974941962220e-02,4.166297471158447036e-02,3.110102961243332159e-02,9.075120948448492375e-02,2.527069414662673486e-02,1.805809069804533221e-02,2.374665508869552855e-02,1.575431072675397351e-02,3.315671020220099796e-02,2.840737918446189017e-02,5.646033068103280261e-02,2.185046695847879528e-02,9.473852097325842492e-02,7.565258998032926840e-02,3.423771465026848038e-02,7.030073189317549709e-02,1.473533112406741341e-01,9.060943840932852988e-02,1.189813748250013320e-01,8.243988020344149292e-02,1.876694607382728766e-02,6.599443548530010972e-02,2.060997005086037323e-02,1.552393272962483868e-02,2.768080242428538548e-02,1.726062840029063059e-02,2.764535965549628702e-02,1.286572507044250226e-02,7.744244980417870107e-03,2.257704371865529996e-02,1.864289638306544650e-02,2.066313420404402093e-02,1.920998068369101155e-02,2.163781034574420795e-02,5.794892697017490872e-03,4.660724095766361624e-03,1.664037994648141783e-02,3.441492849421396577e-02,4.088323379822431797e-02,1.525811196370660539e-02,3.856173244253841004e-02,6.540962980027999196e-02,6.684506193623845904e-02,1.238724769178968337e-02,8.144748267734674974e-02,4.254904393131191120e-02,5.750589236031118656e-02,4.421485406439951138e-02,9.231069131120522853e-02,3.409594357511208651e-02,2.709599673926527119e-02,2.938205532616208066e-02,1.185560615995321504e-02,3.087065161530418850e-02,3.634655939321979751e-02,5.984511510039164373e-02,3.579719647698878515e-02,1.030852930230909681e-01,8.867780751032271203e-02,2.442006769568838553e-02,7.444753584149993442e-02,1.770543514859380940e-01,9.620939587800599047e-02,1.316876074358928894e-01,9.518155558312214881e-02,2.174413865211150335e-02,6.856403622250969998e-02
6.255648691275762265e-03,9.782204185790994641e-03,1.084548724946392782e-02,0.000000000000000000e+00,1.827074731077991954e-02,2.307324248170267156e-02,2.787573765262542358e-02,5.050594552446436951e-03,3.092381576848783273e-02,1.915681653050736385e-02,1.768594162575980525e-02,1.355685906182991021e-02,3.893388151482393700e-02,1.089865140264757552e-02,7.478424214499636812e-03,9.870811107763739073e-03,6.858175760690424921e-03,1.392900813411543717e-02,1.167839231600772618e-02,2.326817771004270965e-02,9.463219266689113646e-03,3.935919474029311166e-02,3.106558684364422659e-02,1.469102766308104033e-02,2.978964716723670608e-02,6.312357121338318944e-02,3.788831983554555305e-02,4.993886122383880966e-02,3.441492849421396577e-02,7.673359442839674908e-03,2.812383703414910938e-02,9.091070194403586685e-03,6.663240532350386824e-03,1.180244200676956907e-02,7.372095908132343146e-03,1.166067093161317694e-02,5.440465009126513145e-03,3.207570575413351381e-03,9.658154495029151743e-03,7.956901593152456570e-03,8.612592815750766059e-03,8.027787130730653503e-03,8.949299119247196288e-03,2.445551046447748660e-03,1.913909514611281419e-03,6.929061298268620987e-03,1.453153520353009896e-02,1.694164348118875132e-02,6.291091460064859864e-03,1.651633025571957666e-02,2.713143950805436966e-02,2.826560810930549977e-02,5.156922858813730616e-03,3.381240142479930572e-02,1.807581208243988144e-02,2.489854507434120789e-02,1.915681653050736385e-02,3.865033936451115620e-02,1.428343582200641490e-02,1.153662124085133578e-02,1.229864076981693893e-02,5.086037321235534550e-03,1.309610306757163882e-02,1.552393272962483868e-02,2.482765953676301096e-02,1.575431072675397351e-02,4.267309362207375584e-02,3.751617076326002609e-02,1.024296018004926603e-02,3.140229314714065162e-02,7.483740629818001755e-02,4.003260734728596865e-02,5.568058976767265023e-02,3.932375197150401319e-02,9.144234347587232650e-03,2.897446348508745523e-02
2.383526201066827471e-02,3.764022045402187072e-02,4.267309362207375584e-02,1.827074731077991954e-02,0.000000000000000000e+00,8.929805596413191437e-02,1.073561466621772431e-01,1.967073667794928121e-02,1.214092044870545284e-01,7.485512768257455984e-02,6.897162806358432541e-02,5.206542735118467602e-02,1.500646830530401044e-01,4.146803948324442879e-02,2.888585656311470906e-02,3.857945382693295927e-02,2.626309167272147457e-02,5.435148593808148548e-02,4.600471388824894925e-02,9.085753779085221915e-02,3.586808201456697515e-02,1.530064328625352077e-01,1.206471849580889322e-01,5.585780361161814256e-02,1.147105211859150431e-01,2.417551259104361305e-01,1.476900175441705487e-01,1.955023126406634781e-01,1.337078452568714604e-01,3.033901008346772191e-02,1.076219674280954886e-01,3.510606248560137199e-02,2.546562937496677295e-02,4.495915220897056530e-02,2.860231441280192827e-02,4.541990820322883843e-02,2.130110404224777945e-02,1.267078984210246589e-02,3.785287706675645458e-02,3.044533838983501384e-02,3.320987435538464566e-02,3.126052207198426469e-02,3.577947509259423592e-02,9.516383419872759611e-03,7.531588367683283644e-03,2.670612628258519500e-02,5.601729607116907872e-02,6.595899271651101126e-02,2.454411738645023017e-02,6.436406812100160801e-02,1.047865459249676529e-01,1.102978964716723603e-01,2.023782097857484627e-02,1.317407715890765441e-01,7.074376650303922098e-02,9.624483864679508893e-02,7.363235215935068356e-02,1.509153095039784398e-01,5.601729607116907872e-02,4.448067483031774294e-02,4.798950894043842869e-02,1.981250775310567161e-02,5.112619397827358053e-02,5.959701571886796140e-02,9.670559464105335512e-02,6.012865725070442452e-02,1.663329139272360091e-01,1.440925765120771307e-01,3.930603058710946396e-02,1.225433730883056516e-01,2.875649045703450590e-01,1.556646405217175511e-01,2.177072072870332720e-01,1.531482039376916016e-01,3.577947509259423592e-02,1.115561147636853351e-01
3.069343777135869963e-02,4.944266246079143806e-02,5.482996331673430090e-02,2.307324248170267156e-02,8.929805596413191437e-02,0.000000000000000000e+00,1.373407290577539908e-01,2.548335075936132219e-02,1.568519732761523289e-01,9.521699835191124728e-02,8.759680306225522961e-02,6.659696255471476978e-02,1.940846018890995672e-01,5.252618334544294915e-02,3.648833046837619137e-02,5.073632352159350434e-02,3.406050080632298804e-02,7.012351804923000476e-02,5.862233957716776744e-02,1.188041609810558397e-01,4.575661450672526692e-02,2.008364493434227072e-01,1.574013361923833620e-01,7.271084017083415119e-02,1.503836679721419767e-01,3.141647025465629239e-01,1.924365131404065232e-01,2.516259370181998523e-01,1.751049992025376922e-01,3.946552304666040706e-02,1.405128568643782550e-01,4.370093391695759055e-02,3.235924790444629634e-02,5.718690744120930730e-02,3.556681847985964512e-02,5.724007159439295500e-02,2.690106151092523309e-02,1.586063903312126891e-02,4.666040511084725700e-02,3.818958337025288308e-02,4.164525332718992112e-02,3.925286643392581626e-02,4.513636605291605070e-02,1.187332754434776427e-02,9.445497882294564412e-03,3.448581403179216270e-02,7.212603448581403343e-02,8.578922185401123557e-02,3.120735791880061699e-02,8.164241790568679824e-02,1.389888178064470348e-01,1.387584398093179017e-01,2.596182813801414108e-02,1.701430115720640179e-01,8.890818550745184512e-02,1.217990749437345976e-01,9.188537808573606080e-02,1.925605628311683748e-01,7.152350741639937337e-02,5.599957468677452949e-02,6.236155168441758628e-02,2.557195768133406488e-02,6.540962980027999196e-02,7.701713657870952467e-02,1.268142267273919543e-01,7.584752520866930303e-02,2.168034166829112819e-01,1.892821067181768291e-01,5.027556752733523815e-02,1.579684204930089098e-01,3.719541370571868844e-01,2.037073136153396413e-01,2.766485317833028978e-01,2.027326374736394543e-01,4.671356926403090470e-02,1.434900494426624706e-01
3.652377323716528984e-02,5.775399174183486889e-02,6.503748072799446500e-02,2.787573765262542358e-02,1.073561466621772431e-01,1.373407290577539908e-01,0.000000000000000000e+00,3.028584593028407421e-02,1.855960587641106441e-01,1.144801431887859100e-01,1.055131226851441645e-01,7.965762285349731187e-02,2.291375002215172985e-01,6.333622782611778024e-02,4.398447606727037829e-02,5.904765280263694210e-02,4.049336334154424177e-02,8.304240727285615298e-02,7.054883127469918636e-02,1.390774247284197740e-01,5.506034131386344094e-02,2.346488507682220059e-01,1.843732832408867817e-01,8.578922185401123557e-02,1.764341030321288639e-01,3.718478087508196306e-01,2.258944868773148651e-01,2.986230484325435586e-01,2.053376809796381430e-01,4.637686296053447621e-02,1.645607754877811135e-01,5.360718779351043156e-02,3.886299597724574006e-02,6.852859345372060151e-02,4.341739176664480976e-02,6.948554821102624623e-02,3.267823282354817560e-02,1.915681653050736385e-02,5.775399174183486889e-02,4.664268372645270777e-02,5.066543798401531434e-02,4.800723032483297792e-02,5.445781424444877394e-02,1.456697797231919743e-02,1.137712878130039441e-02,4.058197026351698794e-02,8.534618724414751167e-02,1.007815130517996094e-01,3.769338460720551148e-02,9.879671799961012302e-02,1.609101703025040409e-01,1.688316291268673885e-01,3.111875099682787083e-02,2.019528965602792880e-01,1.081358875755373955e-01,1.473887540094632187e-01,1.121054776799163544e-01,2.311754594268904395e-01,8.596643569795672790e-02,6.797923053748958222e-02,7.347285969979974740e-02,3.037445285225681690e-02,7.813358379556610556e-02,9.114107994116500688e-02,1.485052012263197996e-01,9.211575608286519390e-02,2.547094579028513772e-01,2.211628772439702961e-01,5.989827925357529143e-02,1.876517393538783274e-01,4.390118556061599620e-01,2.384589484130500148e-01,3.318329227879281973e-01,2.353222633752148629e-01,5.467047085718336474e-02,1.702847826472204118e-01
6.946782682663169353e-03,1.068599478991298819e-02,1.224547661663329123e-02,5.050594552446436951e-03,1.967073667794928121e-02,2.548335075936132219e-02,3.028584593028407421e-02,0.000000000000000000e+00,3.407822219071753728e-02,2.076946251041131286e-02,1.919225929929646232e-02,1.467330627868649109e-02,4.203512378386999732e-02,1.167839231600772618e-02,8.293607896648886799e-03,1.104042247780396592e-02,7.389817292526892380e-03,1.534671888567934982e-02,1.311382445196618805e-02,2.594410675361959184e-02,1.036700987081110720e-02,4.364776976377394285e-02,3.464530649134310580e-02,1.598468872388311007e-02,3.266051143915362637e-02,6.891846391040068465e-02,4.173386024916266729e-02,5.442237147565967548e-02,3.785287706675645458e-02,8.488543124988924896e-03,3.065799500256960117e-02,9.675875879423700976e-03,7.212603448581403516e-03,1.272395399528611186e-02,7.903737439968810605e-03,1.284800368604795476e-02,6.007549309752078202e-03,3.491112725726133910e-03,1.049105956157295010e-02,8.665756968934413759e-03,9.463219266689113646e-03,8.949299119247196288e-03,9.923975260947385038e-03,2.640486274787786324e-03,2.126566127345868099e-03,7.726523596023321741e-03,1.570114657357032581e-02,1.874922468943273843e-02,7.070832373425012252e-03,1.807581208243988144e-02,3.007318931754948688e-02,3.117191515001151852e-02,5.741728543833844040e-03,3.749844937886547686e-02,1.970617944673837968e-02,2.663524074500700153e-02,2.078718389480586209e-02,4.285030746601924817e-02,1.584291764872671968e-02,1.274167537968066109e-02,1.359230183061900868e-02,5.582236084282904409e-03,1.433659997519006260e-02,1.671126548405961476e-02,2.736181750518350622e-02,1.711885732513424019e-02,4.683761895479274934e-02,4.081234826064612103e-02,1.135940739690584692e-02,3.443264987860851500e-02,8.205000974676142367e-02,4.449839621471229217e-02,6.097928370164277384e-02,4.354144145740665439e-02,9.977139414131032738e-03,3.198709883216076938e-02
4.102500487338071183e-02,6.615392794485104588e-02,7.418171507558170286e-02,3.092381576848783273e-02,1.214092044870545284e-01,1.568519732761523289e-01,1.855960587641106441e-01,3.407822219071753728e-02,0.000000000000000000e+00,1.281787733257722106e-01,1.180421414520902434e-01,8.906767796700278128e-02,2.598486593772705300e-01,7.125768665048114181e-02,4.930089138563504420e-02,6.753619592762587220e-02,4.568572896914706999e-02,9.390561590671463177e-02,7.909053855287175028e-02,1.592443601694164268e-01,6.113877616119371000e-02,2.686739088057559233e-01,2.110439667546828713e-01,9.638660972195148280e-02,2.010136631873681856e-01,4.192170692374488361e-01,2.582182920129720283e-01,3.378936362508639379e-01,2.353577061440039753e-01,5.286288964893937764e-02,1.870492122844636673e-01,5.982739371599709449e-02,4.364776976377394285e-02,7.705257934749862314e-02,4.850342908788034257e-02,7.806269825798790862e-02,3.641744493079799444e-02,2.160236757695511295e-02,6.409824735508337645e-02,5.245529780786475221e-02,5.677931560013468187e-02,5.348313810274858693e-02,6.186535292137021469e-02,1.635683779616863703e-02,1.277711814846975782e-02,4.612876357901079388e-02,9.682964433181520669e-02,1.152953268709351609e-01,4.214145209023729272e-02,1.102624537028832757e-01,1.849758103103014417e-01,1.885200871892112329e-01,3.523011217636321663e-02,2.293147140654628047e-01,1.204522497297488837e-01,1.649329245600666405e-01,1.235889347675840494e-01,2.606992858282088932e-01,9.693597263818248821e-02,7.559942582714561377e-02,8.355632742029807380e-02,3.429087880345212808e-02,8.775629552180616577e-02,1.033865565577982981e-01,1.699480763437239694e-01,1.015966967339488602e-01,2.910914600648602524e-01,2.536284534547839087e-01,6.734126069928582370e-02,2.122490208935121914e-01,4.979886228712187002e-01,2.728561555228694591e-01,3.742933597972673554e-01,2.708181963174963180e-01,6.299952152262135174e-02,1.920820854525155386e-01
2.519980860904853792e-02,3.980222935015683555e-02,4.479965974941962220e-02,1.915681653050736385e-02,7.485512768257455984e-02,9.521699835191124728e-02,1.144801431887859100e-01,2.076946251041131286e-02,1.281787733257722106e-01,0.000000000000000000e+00,7.322476031827605814e-02,5.454642116642152011e-02,1.599354941608038538e-01,4.437434652395044754e-02,3.003774654876038841e-02,4.127310425490439416e-02,2.801750872778181398e-02,5.764766343546758043e-02,4.901734923532226340e-02,9.665243048786971436e-02,3.772882737599460995e-02,1.625228162824079725e-01,1.275585248719630083e-01,5.906537418703149134e-02,1.223307164755710746e-01,2.549398358999804826e-01,1.557886902124794026e-01,2.082085452515550494e-01,1.423913236102004320e-01,3.276683974552092177e-02,1.143206507292349738e-01,3.608073862730156595e-02,2.674156905137429346e-02,4.722748941147282553e-02,2.966559747647486145e-02,4.841482216590760335e-02,2.241755125910436033e-02,1.339736660227897058e-02,3.877438905527300084e-02,3.232380513565719787e-02,3.485796310407768966e-02,3.285544666749366793e-02,3.783515568236190535e-02,9.888532492158286571e-03,7.886016055574261371e-03,2.807067288096546168e-02,5.922486664658243444e-02,6.921972744510801467e-02,2.580233567846320145e-02,6.826277268780236995e-02,1.102447323184887196e-01,1.158801325559552647e-01,2.128338265785323022e-02,1.393255241099434771e-01,7.503234152652005218e-02,1.013131545836360725e-01,7.676903719718584929e-02,1.599532155451983961e-01,5.982739371599709449e-02,4.616420634779989235e-02,5.126796505342997440e-02,2.094667635435680172e-02,5.408566517216324698e-02,6.284002906307040170e-02,1.027308653351999834e-01,6.264509383473036708e-02,1.762214464193942731e-01,1.525811196370660539e-01,4.109589041095890183e-02,1.302521752999344362e-01,3.030888372999698821e-01,1.652696308635630551e-01,2.313172305020468333e-01,1.634443282709245326e-01,3.879211043966755007e-02,1.176877137641992588e-01
2.335678463201545235e-02,3.670098708111077523e-02,4.166297471158447036e-02,1.768594162575980525e-02,6.897162806358432541e-02,8.759680306225522961e-02,1.055131226851441645e-01,1.919225929929646232e-02,1.180421414520902434e-01,7.322476031827605814e-02,0.000000000000000000e+00,5.105530844069539054e-02,1.470166049371776917e-01,4.079462687625157180e-02,2.810611564975456014e-02,3.803009091070194692e-02,2.590866398483049338e-02,5.323503872122490460e-02,4.563256481596342229e-02,8.903223519821368281e-02,3.515922663878501969e-02,1.498697478247000558e-01,1.182902408336139188e-01,5.479452054794520244e-02,1.128143330556983098e-01,2.370412376614861039e-01,1.447305463502808753e-01,1.917099363802300116e-01,1.308901451381381809e-01,2.994913962678764571e-02,1.056903365290896568e-01,3.381240142479930572e-02,2.477449538357936673e-02,4.382498360771943519e-02,2.764535965549628702e-02,4.464016728986868604e-02,2.076946251041131286e-02,1.222775523223874200e-02,3.652377323716528984e-02,2.975420439844760762e-02,3.216431267610625477e-02,3.028584593028407421e-02,3.499973417923408353e-02,9.179677116376331117e-03,7.230324832975951882e-03,2.605043505998688724e-02,5.459958531960516781e-02,6.413369012387247492e-02,2.394159031703556664e-02,6.303496429141045021e-02,1.027840294883836381e-01,1.074270321997554400e-01,1.979478636871112238e-02,1.292420563894451369e-01,6.882985698842793154e-02,9.348030268124546405e-02,7.162983572276666877e-02,1.474419181626468733e-01,5.495401300749614554e-02,4.308068546314838126e-02,4.713888248950007936e-02,1.929858760566375425e-02,4.993886122383880966e-02,5.810841942972585356e-02,9.512839142993850805e-02,5.844512573322228205e-02,1.631607861206117449e-01,1.409381700898474088e-01,3.826046890783108001e-02,1.203813641921706867e-01,2.809548281911782852e-01,1.531127611689025170e-01,2.124439561218522399e-01,1.512342944230803399e-01,3.526555494515231509e-02,1.090219567952648433e-01
1.800492654486168451e-02,2.776940934625812818e-02,3.110102961243332159e-02,1.355685906182991021e-02,5.206542735118467602e-02,6.659696255471476978e-02,7.965762285349731187e-02,1.467330627868649109e-02,8.906767796700278128e-02,5.454642116642152011e-02,5.105530844069539054e-02,0.000000000000000000e+00,1.121409204487054528e-01,3.081748746212054080e-02,2.108844742951319212e-02,2.856687164401282980e-02,1.956440837158198928e-02,4.010349288486416558e-02,3.381240142479930572e-02,6.719948962412944371e-02,2.677701182016339193e-02,1.137181236598202999e-01,8.936894150171011131e-02,4.214145209023729272e-02,8.545251555051480707e-02,1.799429371422495427e-01,1.087206932605575133e-01,1.443052331248117215e-01,9.883216076839922148e-02,2.261248648744439843e-02,8.095128391429938508e-02,2.511120168707579522e-02,1.882011022701093536e-02,3.344025235251377876e-02,2.076946251041131286e-02,3.317443158659554719e-02,1.566570380478123081e-02,9.286005422743624782e-03,2.700738981729252849e-02,2.234666572152616687e-02,2.447323184887203323e-02,2.300235694412447462e-02,2.582005706285775068e-02,6.822732991901327322e-03,5.511350546704708343e-03,2.006060713462935741e-02,4.114905456414254953e-02,4.830849385954030795e-02,1.800492654486168451e-02,4.749331017739105709e-02,7.747789257296780474e-02,7.999432915699374036e-02,1.476191320065923553e-02,9.668787325665881283e-02,5.181732796966098675e-02,7.061971681227736941e-02,5.408566517216324698e-02,1.104751103156178527e-01,4.139715394566623879e-02,3.237696928884084557e-02,3.561998263304329282e-02,1.456697797231919743e-02,3.779971291357280688e-02,4.396675468287582905e-02,7.131085080366478257e-02,4.449839621471229217e-02,1.215332541778163661e-01,1.073384252777827008e-01,2.929344840418933449e-02,9.057399564053944530e-02,2.130642045756614422e-01,1.153307696397242593e-01,1.596165092417019538e-01,1.140902727321058269e-01,2.675929043576884270e-02,8.272342235375428066e-02
5.105530844069539054e-02,8.157153236810860131e-02,9.075120948448492375e-02,3.893388151482393700e-02,1.500646830530401044e-01,1.940846018890995672e-01,2.291375002215172985e-01,4.203512378386999732e-02,2.598486593772705300e-01,1.599354941608038538e-01,1.470166049371776917e-01,1.121409204487054528e-01,0.000000000000000000e+00,8.912084212018642204e-02,6.085523401088092921e-02,8.461961048397101393e-02,5.702741498165836420e-02,1.175991068422265196e-01,9.794609154867178757e-02,1.961580038632617928e-01,7.636144535611122386e-02,3.311240674121462280e-01,2.588385404667812861e-01,1.209661698771908045e-01,2.491626645873575574e-01,5.197504829077247424e-01,3.189140335643020352e-01,4.200854170727817416e-01,2.902939977671055716e-01,6.583494302574917356e-02,2.333374683230254043e-01,7.336653139343245200e-02,5.412110794095234545e-02,9.551826188661857731e-02,5.986283648478619296e-02,9.629800279997872969e-02,4.520725159049424763e-02,2.691878289531978233e-02,7.891332470892625794e-02,6.415141150826703109e-02,6.985769728331177320e-02,6.594127133211646896e-02,7.561714721154016994e-02,1.984795052189477008e-02,1.594924595509401161e-02,5.734639990076025040e-02,1.197965585071505829e-01,1.411685480869765419e-01,5.172872104768824753e-02,1.370040227542575761e-01,2.262843573339949343e-01,2.320615286466178873e-01,4.299207854117563510e-02,2.810434351131510522e-01,1.496925339807545774e-01,2.043984476067270406e-01,1.546013574580446248e-01,3.211292066136206547e-01,1.199560509667015190e-01,9.363979514079640021e-02,1.040422477803965989e-01,4.265537223767920660e-02,1.096422052490740595e-01,1.275230821031738959e-01,2.086515798614187733e-01,1.272927041060447628e-01,3.562707118680111251e-01,3.120558578036116137e-01,8.332594942316894071e-02,2.634106576405748634e-01,6.157826649417852405e-01,3.361037764270145001e-01,4.638926792961066137e-01,3.332860763082812205e-01,7.808041964238246480e-02,2.388842616385191964e-01
1.407077920927182757e-02,2.213400910879157954e-02,2.527069414662673486e-02,1.089865140264757552e-02,4.146803948324442879e-02,5.252618334544294915e-02,6.333622782611778024e-02,1.167839231600772618e-02,7.125768665048114181e-02,4.437434652395044754e-02,4.079462687625157180e-02,3.081748746212054080e-02,8.912084212018642204e-02,0.000000000000000000e+00,1.720746424710698289e-02,2.307324248170267156e-02,1.555937549841393541e-02,3.248329759520814097e-02,2.748586719594534739e-02,5.389072994382321236e-02,2.117705435148593829e-02,9.043222456538305143e-02,7.145262187882117644e-02,3.308582466462280103e-02,6.812100161264597609e-02,1.423558808414113197e-01,8.726009675875880112e-02,1.162700030126353479e-01,7.887788194013715948e-02,1.816441900441262414e-02,6.413369012387247492e-02,2.036187066933668743e-02,1.502773396657746882e-02,2.656435520742880460e-02,1.683531517482145592e-02,2.674156905137429346e-02,1.265306845770791666e-02,7.637916674050576442e-03,2.200995941802973491e-02,1.802264792925623374e-02,1.956440837158198928e-02,1.830619007956901453e-02,2.107072604511864636e-02,5.511350546704708343e-03,4.518953020609970360e-03,1.582519626433217044e-02,3.310354604901735026e-02,3.866806074890570544e-02,1.446064966595190376e-02,3.758705630083822302e-02,6.154636800226833543e-02,6.462988888691983957e-02,1.183788477555866581e-02,7.776143472328057860e-02,4.191107409310815268e-02,5.649577344982190108e-02,4.343511315103935899e-02,8.897907104503004205e-02,3.296177497386095639e-02,2.617448475074872841e-02,2.853142887522373133e-02,1.173155646919137388e-02,3.023268177710042651e-02,3.517694802317956893e-02,5.729323574757660270e-02,3.517694802317956893e-02,9.824735508337911760e-02,8.440695387123642313e-02,2.303779971291357309e-02,7.242729802052136345e-02,1.698240266529621179e-01,9.209803469847063773e-02,1.292774991582342492e-01,9.053855287175034683e-02,2.151376065498236678e-02,6.620709209803470052e-02
9.959418029736483505e-03,1.534671888567934982e-02,1.805809069804533221e-02,7.478424214499636812e-03,2.888585656311470906e-02,3.648833046837619137e-02,4.398447606727037829e-02,8.293607896648886799e-03,4.930089138563504420e-02,3.003774654876038841e-02,2.810611564975456014e-02,2.108844742951319212e-02,6.085523401088092921e-02,1.720746424710698289e-02,0.000000000000000000e+00,1.568342518917578005e-02,1.049105956157295010e-02,2.227578018394796994e-02,1.910365237732371615e-02,3.732123553491998452e-02,1.492140566021017516e-02,6.271597937230856401e-02,5.055910967764801894e-02,2.319729217246451272e-02,4.712116110510553013e-02,9.954101614418117694e-02,6.064257739814634535e-02,7.937408070318453801e-02,5.475907777915611091e-02,1.249357599815697530e-02,4.451611759910684141e-02,1.407077920927182757e-02,1.038473125520565643e-02,1.873150330503818919e-02,1.169611370040227541e-02,1.869606053624909073e-02,8.736642506512608958e-03,5.156922858813730616e-03,1.518722642612840845e-02,1.258218292012971973e-02,1.391128674972088794e-02,1.293661060802069919e-02,1.435432135958461010e-02,3.863261798011660871e-03,3.101242269046057716e-03,1.123535770614400402e-02,2.298463555972992539e-02,2.725548919881621082e-02,1.027840294883836277e-02,2.601499229119778878e-02,4.327562069148841589e-02,4.499459497775966377e-02,8.187279590281593133e-03,5.412110794095234545e-02,2.860231441280192827e-02,3.895160289921848623e-02,3.039217423665136614e-02,6.191851707455386239e-02,2.278970033138988729e-02,1.827074731077991954e-02,1.961757252476563351e-02,7.992344361941555037e-03,2.060997005086037323e-02,2.454411738645023017e-02,3.978450796576228632e-02,2.466816707721207133e-02,6.838682237856420765e-02,5.917170249339878674e-02,1.651633025571957666e-02,4.970848322670966962e-02,1.188218823654503958e-01,6.393875489553244029e-02,8.887274273866274665e-02,6.292863598504315481e-02,1.451381381913555146e-02,4.634142019174537774e-02
1.316698860514983402e-02,2.101756189193499866e-02,2.374665508869552855e-02,9.870811107763739073e-03,3.857945382693295927e-02,5.073632352159350434e-02,5.904765280263694210e-02,1.104042247780396592e-02,6.753619592762587220e-02,4.127310425490439416e-02,3.803009091070194692e-02,2.856687164401282980e-02,8.461961048397101393e-02,2.307324248170267156e-02,1.568342518917578005e-02,0.000000000000000000e+00,1.501001258218291959e-02,3.056938808059685500e-02,2.558967906572861412e-02,5.114391536266812976e-02,1.942263729642559542e-02,8.568289354764394017e-02,6.806783745946233533e-02,3.117191515001151852e-02,6.493115242162718348e-02,1.344521434014425143e-01,8.300696450406705451e-02,1.096422052490740595e-01,7.572347551790746534e-02,1.720746424710698289e-02,6.021726417267717069e-02,1.873150330503818919e-02,1.391128674972088794e-02,2.447323184887203323e-02,1.520494781052295769e-02,2.498715199631395059e-02,1.150117847206223731e-02,6.946782682663169353e-03,2.016693544099664934e-02,1.646316610253592896e-02,1.796948377607258604e-02,1.685303655921600516e-02,1.972390083113292891e-02,5.103758705630083783e-03,4.093639795140796567e-03,1.472647043187013706e-02,3.094153715288238196e-02,3.668326569671622600e-02,1.332648106470077365e-02,3.514150525439047046e-02,5.901221003384784364e-02,5.956157295007886293e-02,1.112902939977671035e-02,7.311843201190877661e-02,3.879211043966755007e-02,5.247301919225930145e-02,3.911109535876942933e-02,8.336139219195803918e-02,3.118963653440606776e-02,2.383526201066827471e-02,2.713143950805436966e-02,1.119991493735490555e-02,2.849598610643463634e-02,3.289088943628275946e-02,5.449325701323787241e-02,3.225291959807900094e-02,9.300182530259264169e-02,8.093356252990484279e-02,2.131882542664232869e-02,6.826277268780236995e-02,1.595810664729128692e-01,8.803983767211893963e-02,1.210193340303744591e-01,8.805755905651349580e-02,2.075174112601676363e-02,6.163497492424108160e-02
8.896134966063548588e-03,1.423027166882276894e-02,1.575431072675397351e-02,6.858175760690424921e-03,2.626309167272147457e-02,3.406050080632298804e-02,4.049336334154424177e-02,7.389817292526892380e-03,4.568572896914706999e-02,2.801750872778181398e-02,2.590866398483049338e-02,1.956440837158198928e-02,5.702741498165836420e-02,1.555937549841393541e-02,1.049105956157295010e-02,1.501001258218291959e-02,0.000000000000000000e+00,2.046819897570398283e-02,1.724290701589608135e-02,3.457442095376490887e-02,1.329103829591167692e-02,5.823246912048769125e-02,4.533130128125609226e-02,2.101756189193499866e-02,4.375409807014123825e-02,9.108791578798135224e-02,5.599957468677452949e-02,7.375640185011253513e-02,5.078948767477715204e-02,1.153662124085133578e-02,4.063513441670063564e-02,1.274167537968066109e-02,9.374612344716369214e-03,1.646316610253592896e-02,1.036700987081110720e-02,1.697708624997784979e-02,7.868294671179712138e-03,4.607559942582714792e-03,1.361002321501355618e-02,1.123535770614400402e-02,1.206826277268780237e-02,1.146573570327313885e-02,1.337964521788442135e-02,3.491112725726133910e-03,2.835421503127824421e-03,9.853089723369189840e-03,2.098211912314590019e-02,2.447323184887203323e-02,8.949299119247196288e-03,2.408336139219195704e-02,3.964273689060589245e-02,4.113133317974800029e-02,7.673359442839674908e-03,4.942494107639688883e-02,2.654663382303425537e-02,3.581491786138333439e-02,2.691878289531978233e-02,5.676159421574013264e-02,2.103528327632954789e-02,1.616190256782859894e-02,1.823530454199082107e-02,7.584752520866930477e-03,1.933403037445285272e-02,2.236438710592071610e-02,3.668326569671622600e-02,2.222261603076432224e-02,6.298180013822679557e-02,5.461730670399971704e-02,1.453153520353009896e-02,4.669584787963635547e-02,1.080295592691701140e-01,5.915398110900423750e-02,8.192596005599957210e-02,5.894132449626964670e-02,1.392900813411543717e-02,4.164525332718992112e-02
1.851884669230360186e-02,2.939977671055662989e-02,3.315671020220099796e-02,1.392900813411543717e-02,5.435148593808148548e-02,7.012351804923000476e-02,8.304240727285615298e-02,1.534671888567934982e-02,9.390561590671463177e-02,5.764766343546758043e-02,5.323503872122490460e-02,4.010349288486416558e-02,1.175991068422265196e-01,3.248329759520814097e-02,2.227578018394796994e-02,3.056938808059685500e-02,2.046819897570398283e-02,0.000000000000000000e+00,3.585036063017242591e-02,7.122224388169204334e-02,2.760991688670718855e-02,1.197965585071505829e-01,9.470307820446932645e-02,4.366549114816849209e-02,9.023728933704300292e-02,1.873504758191709973e-01,1.151181130269896685e-01,1.529887114781406654e-01,1.051941377660422783e-01,2.395931170143011588e-02,8.405252618334543846e-02,2.635169859469421727e-02,1.951124421839834158e-02,3.450353541618671194e-02,2.160236757695511295e-02,3.515922663878501969e-02,1.628595225859044010e-02,9.640433110634602509e-03,2.862003579719647750e-02,2.332134186322635389e-02,2.555423629693951565e-02,2.383526201066827471e-02,2.773396657746903318e-02,7.177160679792305049e-03,5.794892697017490872e-03,2.078718389480586209e-02,4.341739176664480976e-02,5.123252228464087593e-02,1.883783161140548459e-02,4.956671215155328269e-02,8.189051728721047363e-02,8.410569033652909310e-02,1.561253965159758311e-02,1.020397313438125841e-01,5.438692870687058395e-02,7.370323769692888050e-02,5.585780361161814256e-02,1.168370873132609095e-01,4.375409807014123825e-02,3.377695865601020725e-02,3.769338460720551148e-02,1.545304719204664348e-02,3.989083627212958172e-02,4.621737050098354005e-02,7.565258998032926840e-02,4.577433589111981616e-02,1.294192702333906431e-01,1.127080047493310144e-01,3.025040316149497574e-02,9.560686880859133041e-02,2.230767867585815856e-01,1.219762887876800900e-01,1.690620071239965216e-01,1.215509755622109223e-01,2.853142887522373133e-02,8.648035584539864873e-02
1.557709688280848465e-02,2.442006769568838553e-02,2.840737918446189017e-02,1.167839231600772618e-02,4.600471388824894925e-02,5.862233957716776744e-02,7.054883127469918636e-02,1.311382445196618805e-02,7.909053855287175028e-02,4.901734923532226340e-02,4.563256481596342229e-02,3.381240142479930572e-02,9.794609154867178757e-02,2.748586719594534739e-02,1.910365237732371615e-02,2.558967906572861412e-02,1.724290701589608135e-02,3.585036063017242591e-02,0.000000000000000000e+00,6.019954278828262145e-02,2.356944124475003968e-02,1.007637916674050532e-01,8.026014992291197192e-02,3.659465877474347983e-02,7.577663967109110610e-02,1.578975349554307128e-01,9.718407201970617748e-02,1.290293997767105461e-01,8.798667351893529887e-02,2.027326374736394474e-02,7.085009480940651638e-02,2.236438710592071610e-02,1.665810133087596706e-02,2.943521947934572489e-02,1.853656807669815110e-02,3.028584593028407421e-02,1.396445090290453564e-02,8.364493434227081997e-03,2.436690354250474130e-02,2.007832851902390664e-02,2.172641726771695411e-02,2.043275620691488437e-02,2.372893370430097931e-02,6.255648691275762265e-03,4.908823477290045686e-03,1.740239947544702098e-02,3.677187261868897217e-02,4.345283453543390823e-02,1.646316610253592896e-02,4.189335270871360345e-02,6.920200606071345850e-02,7.228552694536496959e-02,1.330875968030622615e-02,8.738414644952063881e-02,4.651863403569087008e-02,6.245015860639033245e-02,4.800723032483297792e-02,9.982455829449396467e-02,3.700225061581810526e-02,2.906307040706019792e-02,3.189849191018802321e-02,1.279483953286430706e-02,3.347569512130287722e-02,3.898704566800758470e-02,6.431090396781796725e-02,3.884527459285119083e-02,1.101384040121214242e-01,9.433092913218379949e-02,2.560740045012316335e-02,8.109305498945577895e-02,1.885200871892112329e-01,1.032447854826419043e-01,1.432596714455333375e-01,1.024118804160981111e-01,2.379981924187917625e-02,7.333108862464335354e-02
3.090609438409328696e-02,4.970848322670966962e-02,5.646033068103280261e-02,2.326817771004270965e-02,9.085753779085221915e-02,1.188041609810558397e-01,1.390774247284197740e-01,2.594410675361959184e-02,1.592443601694164268e-01,9.665243048786971436e-02,8.903223519821368281e-02,6.719948962412944371e-02,1.961580038632617928e-01,5.389072994382321236e-02,3.732123553491998452e-02,5.114391536266812976e-02,3.457442095376490887e-02,7.122224388169204334e-02,6.019954278828262145e-02,0.000000000000000000e+00,4.591610696627620308e-02,2.021655531730138788e-01,1.600063796983820508e-01,7.322476031827605814e-02,1.515710007265767545e-01,3.166811391305888734e-01,1.952719346435343450e-01,2.550284428219532495e-01,1.775151074801963602e-01,3.996172180970777171e-02,1.420191745379149051e-01,4.382498360771943519e-02,3.266051143915362637e-02,5.817930496730404355e-02,3.632883800882524827e-02,5.858689680837866898e-02,2.741498165836715045e-02,1.635683779616863703e-02,4.712116110510553013e-02,3.951868719984405476e-02,4.286802885041379740e-02,4.015665703804781328e-02,4.607559942582714618e-02,1.206826277268780237e-02,9.729040032607346941e-03,3.471619202892130274e-02,7.326020308706515660e-02,8.724237537436424494e-02,3.204026298534441708e-02,8.235127328146875370e-02,1.397862801042017433e-01,1.407609562459019303e-01,2.651119105424515690e-02,1.728012192312463335e-01,9.083981640645767686e-02,1.237129844583458871e-01,9.333853160608907018e-02,1.960693969412890536e-01,7.265767601765049655e-02,5.688564390650197727e-02,6.356660582324691333e-02,2.576689290967410298e-02,6.622481348242924282e-02,7.829307625511705560e-02,1.291002853142887430e-01,7.606018182140389383e-02,2.205426287901610938e-01,1.914972797674954486e-01,5.086037321235534897e-02,1.602722004643002685e-01,3.755161353204912178e-01,2.069326055751475324e-01,2.830282301653405108e-01,2.059579294334473454e-01,4.793634478725478099e-02,1.457229438763756324e-01
1.240496907618423086e-02,1.910365237732371615e-02,2.185046695847879528e-02,9.463219266689113646e-03,3.586808201456697515e-02,4.575661450672526692e-02,5.506034131386344094e-02,1.036700987081110720e-02,6.113877616119371000e-02,3.772882737599460995e-02,3.515922663878501969e-02,2.677701182016339193e-02,7.636144535611122386e-02,2.117705435148593829e-02,1.492140566021017516e-02,1.942263729642559542e-02,1.329103829591167692e-02,2.760991688670718855e-02,2.356944124475003968e-02,4.591610696627620308e-02,0.000000000000000000e+00,7.800953410480426786e-02,6.230838753123393858e-02,2.915167732903294409e-02,5.883499618990235824e-02,1.246167750624678772e-01,7.494373460454731295e-02,9.847773308050825070e-02,6.774885254036044913e-02,1.532899750128480058e-02,5.518439100462527863e-02,1.800492654486168451e-02,1.290116783923160072e-02,2.309096386609722079e-02,1.438976412837370857e-02,2.305552109730812232e-02,1.089865140264757552e-02,6.308812844459409097e-03,1.936947314324195119e-02,1.554165411401938791e-02,1.706569317195059249e-02,1.614418118343404970e-02,1.775682716333799871e-02,4.802495170922752889e-03,3.827819029222562838e-03,1.380495844335359427e-02,2.838965780006734094e-02,3.363518758085381338e-02,1.268851122649701339e-02,3.266051143915362637e-02,5.367807333108862156e-02,5.603501745556362795e-02,1.040245263960020566e-02,6.707543993336759214e-02,3.586808201456697515e-02,4.873380708500948261e-02,3.801236952630739768e-02,7.687536550355313081e-02,2.830105087809459824e-02,2.298463555972992539e-02,2.431373938932109360e-02,1.004802495170922794e-02,2.596182813801414108e-02,3.032128869907317267e-02,4.912367754168955880e-02,3.113647238122242006e-02,8.408796895213453693e-02,7.357918800616704280e-02,2.039731343812578590e-02,6.202484538092115779e-02,1.472115401655177402e-01,7.916142409044994721e-02,1.095713197114958626e-01,7.806269825798790862e-02,1.786315546970529411e-02,5.725779297878750423e-02
