0.000000000000000000e+00,1.288059889280322029e-02,1.325805234021137403e-02,5.771892299949672560e-03,1.942312531454453914e-02,2.786864620030196291e-02,3.165890790135883481e-02,6.589708102667337850e-03,3.346753900352290173e-02,1.986348766985404982e-02,2.396829391041771506e-02,1.656077000503271279e-02,4.810958731756416473e-02,1.294350780070457896e-02,1.137078510317060878e-02,1.039569703069954769e-02,6.275163563160543641e-03,1.413877705083039713e-02,1.818067438349270371e-02,3.209927025666834549e-02,1.599458983392048478e-02,4.612795671867136321e-02,4.188160543532964269e-02,2.033530447911424330e-02,3.422244589833920575e-02,8.003585807750376868e-02,4.705586311021640877e-02,6.334927025666833855e-02,4.892740312028183436e-02,1.157523905385002445e-02,2.884373427277302573e-02,1.233014594866633194e-02,6.951434323100151060e-03,1.034851534977352869e-02,6.998616004026170061e-03,1.332096124811273270e-02,4.781077000503270932e-03,4.655259184700553596e-03,1.163814796175138486e-02,9.892425767488676608e-03,1.217287367891293354e-02,8.476975339708103102e-03,1.037996980372420802e-02,3.334172118772018092e-03,3.365626572722697427e-03,6.825616507297433723e-03,1.472068444891796654e-02,2.057121288374433657e-02,6.715525918470055186e-03,2.373238550578761832e-02,3.214645193759436276e-02,3.834297936587820893e-02,7.879340714645194019e-03,4.089079013588323847e-02,2.245848012078510356e-02,3.121854554604932067e-02,2.069703069954705738e-02,4.774786109713135412e-02,1.412304982385505746e-02,1.303787116255661870e-02,1.204705586311021620e-02,8.539884247609461770e-03,1.520822848515349796e-02,2.384247609461499773e-02,2.813600905888273898e-02,1.717413185707096154e-02,4.455523402113739651e-02,4.565613990941116973e-02,1.335241570206341204e-02,3.029063915450427857e-02,9.167400603925515701e-02,4.979240060392551431e-02,6.556680926019124722e-02,4.648968293910417382e-02,8.933064921992953447e-03,3.219363361852038002e-02
1.288059889280322029e-02,0.000000000000000000e+00,2.373238550578761832e-02,1.064733266230498236e-02,3.587380473074987253e-02,5.031139909411172506e-02,5.825364871665827948e-02,1.177969300452944186e-02,6.172936587820835458e-02,3.511889783593356851e-02,4.389469048817312702e-02,2.642174131857071007e-02,8.800956215400100591e-02,2.434574735782586707e-02,1.965903371917463588e-02,1.877830900855561105e-02,1.143369401107196745e-02,2.607574232511323739e-02,3.261826874685455624e-02,5.894564670357322483e-02,2.665764972320080681e-02,8.470684448917967235e-02,7.572659788626069644e-02,3.321590337191746012e-02,6.374245093105183890e-02,1.428189481630599000e-01,8.634247609461499773e-02,1.161612984398590898e-01,8.962946653246099682e-02,2.087003019627579198e-02,5.224584801207850931e-02,2.193948163059889281e-02,1.272332662304982362e-02,1.855812783090085571e-02,1.258178158027176662e-02,2.486474584801207782e-02,9.011701056869653517e-03,8.225339708102666694e-03,2.087003019627579198e-02,1.789758429793658623e-02,2.165639154504277880e-02,1.520822848515349796e-02,1.959612481127327721e-02,6.196527428283845305e-03,5.677528938097634557e-03,1.119778560644187244e-02,2.665764972320080681e-02,3.642425767488676608e-02,1.242450931051836995e-02,4.332851031706089900e-02,5.831655762455963815e-02,7.003334172118771961e-02,1.387141419224962278e-02,7.426396577755410566e-02,4.065488173125314519e-02,5.694828887770508191e-02,3.419099144438852295e-02,8.736474584801208476e-02,2.632737795671867206e-02,2.256857070961247949e-02,2.239557121288374489e-02,1.552277302466029130e-02,2.851346250629089099e-02,4.290387518872672279e-02,5.098766985405133595e-02,2.918973326623049841e-02,8.175012581781580800e-02,8.211185203824861167e-02,2.203384499245093081e-02,5.624056366381479516e-02,1.626824358329139464e-01,9.038437342727730084e-02,1.215400100654252663e-01,8.594929542023151126e-02,1.676522395571213020e-02,5.943319073980875972e-02
1.325805234021137403e-02,2.373238550578761832e-02,0.000000000000000000e+00,1.075742325113236003e-02,3.621980372420734867e-02,5.142803220936084663e-02,5.863110216406643149e-02,1.199987418218419720e-02,6.273590840463010021e-02,3.595244086562657260e-02,4.486977856064418985e-02,2.774282838449924557e-02,8.956655762455963121e-02,2.497483643683945723e-02,2.033530447911424330e-02,1.932876195269250114e-02,1.174823855057876253e-02,2.657901358832410674e-02,3.401799194765978834e-02,6.113173125314544376e-02,2.775855561147458350e-02,8.686147458480120154e-02,7.740941117262203908e-02,3.483580775037745103e-02,6.430863110216405998e-02,1.458857574232511334e-01,8.835556114745847511e-02,1.183788374433819846e-01,9.175264217413185708e-02,2.126321087065928539e-02,5.369275289380976562e-02,2.214393558127831022e-02,1.335241570206341204e-02,1.931303472571716320e-02,1.314796175138399636e-02,2.561965274282838531e-02,9.043155510820332851e-03,8.760065425264217109e-03,2.093293910417715065e-02,1.851094614997483498e-02,2.252138902868646222e-02,1.563286361348767070e-02,2.022521389028686389e-02,6.290890790135883308e-03,6.054982385505787434e-03,1.165387518872672452e-02,2.728673880221439349e-02,3.790261701056869825e-02,1.277050830397584262e-02,4.424068948163059622e-02,5.999937091092098773e-02,7.091406643180674096e-02,1.428032209360845413e-02,7.589959738298943104e-02,4.133115249119275608e-02,5.831655762455963815e-02,3.516607951685958577e-02,8.915764972320081028e-02,2.716092098641167615e-02,2.329202315047810765e-02,2.269438852541520030e-02,1.594740815299446404e-02,2.879655259184700500e-02,4.453950679416205510e-02,5.307939104177151340e-02,2.992891293407146450e-02,8.437657272269753761e-02,8.472257171615500682e-02,2.282020634121791763e-02,5.699547055863109918e-02,1.662525163563160491e-01,9.330963764469048238e-02,1.239462757926522440e-01,8.794665324609965418e-02,1.712695017614494081e-02,6.051836940110719848e-02
5.771892299949672560e-03,1.064733266230498236e-02,1.075742325113236003e-02,0.000000000000000000e+00,1.676522395571213020e-02,2.294602415702063497e-02,2.736537493709109356e-02,5.488802214393558553e-03,2.870218922999496700e-02,1.654504277805737139e-02,2.039821338701560197e-02,1.222005535983895254e-02,4.153560644187216655e-02,1.116633115249119311e-02,8.964519375943632781e-03,8.618520382486160106e-03,5.252893809763462679e-03,1.187405636638147986e-02,1.472068444891796654e-02,2.632737795671867206e-02,1.240878208354303028e-02,3.818570709612480879e-02,3.420671867136386435e-02,1.506668344237544095e-02,2.926836940110719848e-02,6.539380976346251262e-02,3.919224962254655442e-02,5.418029693004529357e-02,4.114242576748867314e-02,9.499245093105183196e-03,2.410983895319577380e-02,1.045860593860090636e-02,6.039255158530447767e-03,8.681429290387518774e-03,5.944891796678409765e-03,1.132360342224458978e-02,4.167715148465023049e-03,3.853170608958228407e-03,9.782335178661298938e-03,8.414066431806744434e-03,1.020697030699546995e-02,7.045797684952189062e-03,9.074609964771012185e-03,2.972445898339204882e-03,2.594992450931052005e-03,5.142803220936084142e-03,1.215714645193759387e-02,1.634058882737795745e-02,5.756165072974332893e-03,2.046112229491696063e-02,2.648465022647206873e-02,3.269690488173125631e-02,6.495344740815299847e-03,3.379781077000502953e-02,1.926585304479114247e-02,2.667337695017614474e-02,1.583731756416708464e-02,4.093797181680926267e-02,1.218860090588827320e-02,1.023842476094614928e-02,1.028560644187216828e-02,7.376069451434322938e-03,1.303787116255661870e-02,1.959612481127327721e-02,2.278875188726723830e-02,1.369841469552088645e-02,3.695898339204831129e-02,3.739934574735782891e-02,1.008115249119275261e-02,2.576119778560644058e-02,7.412242073477603999e-02,4.052906391545042786e-02,5.635065425264217109e-02,3.884625062908907828e-02,7.690613990941117147e-03,2.752264720684449023e-02
1.942312531454453914e-02,3.587380473074987253e-02,3.621980372420734867e-02,1.676522395571213020e-02,0.000000000000000000e+00,7.678032209360845239e-02,9.184700553598389161e-02,1.841658278812279698e-02,9.557435832913940832e-02,5.565865626572722574e-02,6.844489179667841150e-02,4.128397081026673188e-02,1.389185958731756487e-01,3.752516356316054624e-02,3.013336688475088190e-02,2.915827881227981908e-02,1.783467539003522756e-02,4.015161046804227585e-02,5.020130850528434913e-02,8.892174131857071007e-02,4.208605938600906010e-02,1.283813537996980336e-01,1.145413940613990988e-01,5.070457976849521847e-02,9.821653246099647239e-02,2.189072722697534001e-01,1.318413437342727812e-01,1.815865626572722713e-01,1.381007800704579791e-01,3.195772521389028675e-02,8.091658278812280392e-02,3.510317060895822711e-02,1.991066935078007055e-02,2.889091595369904300e-02,1.983203321590337048e-02,3.861034222445898501e-02,1.410732259687971779e-02,1.286487166582788062e-02,3.263399597382989764e-02,2.818319073980875625e-02,3.400226472068444694e-02,2.360656768998490099e-02,3.055800201308505118e-02,9.971061902365374943e-03,8.822974333165575778e-03,1.737858580775037895e-02,4.084360845495722120e-02,5.502956718671363906e-02,1.932876195269250114e-02,6.877516356316054624e-02,8.884310518369401000e-02,1.106095873175641647e-01,2.175075490689481680e-02,1.142583039758429814e-01,6.496917463512832946e-02,8.966092098641167962e-02,5.322093608454957214e-02,1.373616004026170234e-01,4.085933568193256260e-02,3.422244589833920575e-02,3.448980875691998182e-02,2.472320080523402255e-02,4.380032712632108555e-02,6.575553598389531629e-02,7.723641167589330447e-02,4.593922999496728721e-02,1.242922747861097132e-01,1.252516356316054347e-01,3.382926522395571234e-02,8.690865626572723268e-02,2.488519124308002095e-01,1.366066935078006916e-01,1.894501761449421118e-01,1.309606190236537460e-01,2.618583291394061333e-02,9.213009562154000909e-02
2.786864620030196291e-02,5.031139909411172506e-02,5.142803220936084663e-02,2.294602415702063497e-02,7.678032209360845239e-02,0.000000000000000000e+00,1.257077252138902868e-01,2.541519879214896790e-02,1.322659788626069366e-01,7.586814292903874823e-02,9.384436336185203453e-02,5.795483140412682754e-02,1.894501761449421118e-01,5.208857574232511611e-02,4.249496728736788798e-02,4.046615500754906919e-02,2.458165576245596382e-02,5.580020130850528448e-02,7.081970306995470643e-02,1.259908152994463904e-01,5.826937594363362088e-02,1.805328384499245153e-01,1.622263462506290943e-01,7.267551585304479755e-02,1.365595118268746744e-01,3.075773779567186894e-01,1.838670105686965317e-01,2.496382737795671825e-01,1.922338953195772415e-01,4.438223452440865496e-02,1.130315802717664769e-01,4.790513336688475426e-02,2.780573729240060424e-02,4.078069954705586253e-02,2.772710115752390417e-02,5.356693507800704829e-02,1.948603422244589781e-02,1.819640161046804164e-02,4.485405133366884844e-02,3.916079516859587162e-02,4.741758933064921938e-02,3.290135883241066678e-02,4.207033215903371870e-02,1.336814292903875170e-02,1.253459989934574761e-02,2.459738298943130175e-02,5.726283341721187525e-02,7.863613487669854352e-02,2.672055863110216548e-02,9.346690991444388252e-02,1.258807247106190352e-01,1.506039255158530543e-01,3.014909411172621984e-02,1.594268998490186162e-01,8.778938097634625404e-02,1.235059134373427264e-01,7.437405636638147466e-02,1.878145445395068003e-01,5.657083543029692990e-02,4.861285858077504102e-02,4.788940613990941286e-02,3.354617513839959486e-02,6.040827881227981561e-02,9.255473074987417836e-02,1.098074987418218434e-01,6.311336185203825222e-02,1.753900352289884113e-01,1.763179416205334638e-01,4.803095118268747160e-02,1.196055611474584751e-01,3.480592601912430584e-01,1.936808002013085117e-01,2.609146955208857532e-01,1.843545546049320527e-01,3.566935078007045512e-02,1.277994464016104781e-01
3.165890790135883481e-02,5.825364871665827948e-02,5.863110216406643149e-02,2.736537493709109356e-02,9.184700553598389161e-02,1.257077252138902868e-01,0.000000000000000000e+00,3.007045797684952324e-02,1.556680926019124445e-01,9.021137393054856624e-02,1.112858580775037687e-01,6.728107700050327267e-02,2.249465274282838323e-01,6.128900352289884390e-02,4.891167589330649296e-02,4.721313537996980197e-02,2.898527931555108100e-02,6.504781077000502953e-02,8.132549068948162485e-02,1.438569451434323077e-01,6.836625566180171143e-02,2.070332159033719255e-01,1.866979114242576787e-01,8.285103170608958123e-02,1.594583543029693129e-01,3.556397835933567952e-01,2.136386512330145926e-01,2.943193256165073102e-01,2.239085304479114247e-01,5.186839456467035731e-02,1.316368897835933638e-01,5.718419728233518212e-02,3.261826874685455624e-02,4.722886260694514338e-02,3.236663311524912157e-02,6.281454453950680028e-02,2.318193256165072824e-02,2.090148465022647131e-02,5.372420734776044149e-02,4.623804730749873915e-02,5.587883744338198455e-02,3.867325113236034367e-02,4.958794665324609691e-02,1.626195269250125738e-02,1.429604932058379553e-02,2.826182687468545632e-02,6.627453447408153397e-02,8.925201308505284481e-02,3.143872672370407600e-02,1.120093105183694038e-01,1.449578510317060809e-01,1.799666582788122804e-01,3.535480624056366178e-02,1.854240060392551570e-01,1.055139657775541057e-01,1.458385757423251161e-01,8.675138399597383254e-02,2.233423502767991897e-01,6.640035228988425131e-02,5.543847508807247387e-02,5.617765475591343649e-02,4.027742828384499318e-02,7.100842979365877550e-02,1.064575993960744787e-01,1.247798188223452481e-01,7.454705586311022314e-02,2.008681429290387621e-01,2.027868646200302050e-01,5.488802214393558032e-02,1.405856819325616569e-01,4.030731001509813560e-01,2.209832662304982431e-01,3.075616507297433411e-01,2.127264720684448884e-01,4.192878711625565996e-02,1.506039255158530543e-01
6.589708102667337850e-03,1.177969300452944186e-02,1.199987418218419720e-02,5.488802214393558553e-03,1.841658278812279698e-02,2.541519879214896790e-02,3.007045797684952324e-02,0.000000000000000000e+00,3.136009058882737593e-02,1.803912934071464497e-02,2.230120785103170689e-02,1.369841469552088645e-02,4.531014091595370052e-02,1.237732762959235094e-02,1.000251635631605428e-02,9.530699547055862531e-03,5.803346753900351894e-03,1.316368897835933603e-02,1.651358832410669206e-02,2.942564167086059515e-02,1.380850528434826412e-02,4.224333165576245330e-02,3.802843482637141559e-02,1.704831404126824421e-02,3.220936084549572143e-02,7.256542526421741468e-02,4.339141922496225767e-02,5.951182687468545285e-02,4.526295923502768326e-02,1.049006039255158569e-02,2.670483140412682407e-02,1.127642174131857078e-02,6.668344237544036185e-03,9.640790135883240200e-03,6.558253648716658515e-03,1.264469048817312528e-02,4.623804730749874262e-03,4.246351283341721385e-03,1.074169602415702036e-02,9.294791142425767524e-03,1.124496728736789145e-02,7.769250125817815482e-03,1.008115249119275261e-02,3.239808756919979656e-03,2.878082536487166446e-03,5.819073980875692428e-03,1.352541519879214837e-02,1.825931051836940031e-02,6.353799698037241976e-03,2.231693507800704482e-02,2.940991444388525375e-02,3.590525918470055533e-02,7.045797684952189062e-03,3.741507297433316337e-02,2.080712128837443331e-02,2.915827881227981908e-02,1.755158530447911355e-02,4.480686965274283118e-02,1.358832410669350704e-02,1.148087569199798645e-02,1.132360342224458978e-02,8.005158530447911355e-03,1.434323100150981453e-02,2.162493709109209947e-02,2.561965274282838531e-02,1.506668344237544095e-02,4.123678912934071461e-02,4.134687971816809055e-02,1.118205837946653278e-02,2.835619023653749432e-02,8.219048817312531174e-02,4.516859587317564179e-02,6.182372924006038911e-02,4.315551082033215746e-02,8.366884750880725433e-03,3.033782083543029584e-02
3.346753900352290173e-02,6.172936587820835458e-02,6.273590840463010021e-02,2.870218922999496700e-02,9.557435832913940832e-02,1.322659788626069366e-01,1.556680926019124445e-01,3.136009058882737593e-02,0.000000000000000000e+00,9.371854554604931720e-02,1.163342979365878244e-01,6.960870659285355033e-02,2.351220432813286298e-01,6.493772018117766054e-02,5.196275792652239878e-02,4.996540010065425585e-02,3.035354806240563724e-02,6.893243583291394638e-02,8.627956718671363212e-02,1.550547307498741922e-01,7.074106693507800636e-02,2.228076245596376515e-01,1.981473326623049702e-01,8.681429290387518427e-02,1.688317815802717614e-01,3.766513588324106876e-01,2.273213387015601272e-01,3.091815551082033320e-01,2.374496728736789075e-01,5.466784096628082845e-02,1.385883241066935001e-01,5.867828384499244876e-02,3.404944640161047115e-02,4.941494715651736230e-02,3.362481127327629493e-02,6.671489682939103771e-02,2.410983895319577380e-02,2.215966280825364815e-02,5.504529441368898046e-02,4.829831404126824074e-02,5.797055863110216201e-02,4.002579265223955851e-02,5.248175641670860259e-02,1.659222445898339213e-02,1.509813789632612029e-02,2.963009562154000909e-02,7.045797684952188888e-02,9.547999496728737379e-02,3.299572219426270825e-02,1.158152994464016067e-01,1.534348263714142013e-01,1.872011826874685481e-01,3.691180171112229402e-02,1.966689733266230589e-01,1.093356819325616569e-01,1.522710115752390625e-01,9.011701056869653170e-02,2.328887770508303867e-01,7.017488676396577141e-02,5.930737292400604238e-02,5.926019124308001818e-02,4.169287871162556669e-02,7.528623553095117882e-02,1.135977604428787119e-01,1.341060644187216933e-01,7.718922999496728721e-02,2.156674635128334183e-01,2.162179164569703049e-01,5.784474081529944467e-02,1.487795671867136460e-01,4.272301207851031957e-01,2.370879466532460900e-01,3.239494212380473193e-01,2.265349773527931543e-01,4.450805234021137230e-02,1.575239053850025217e-01
1.986348766985404982e-02,3.511889783593356851e-02,3.595244086562657260e-02,1.654504277805737139e-02,5.565865626572722574e-02,7.586814292903874823e-02,9.021137393054856624e-02,1.803912934071464497e-02,9.371854554604931720e-02,0.000000000000000000e+00,6.740689481630599000e-02,4.095369904378459713e-02,1.354900603925515978e-01,3.761952692501258078e-02,2.989745848012078516e-02,2.845055359838953232e-02,1.733140412682435821e-02,3.922370407649723029e-02,4.957221942627076244e-02,8.819828887770508885e-02,4.170860593860090809e-02,1.265727226975339736e-01,1.133461248112732772e-01,5.057876195269250114e-02,9.614053850025162939e-02,2.155888273779567321e-01,1.295294413688978241e-01,1.779535732259688030e-01,1.349710619023653801e-01,3.162745344740815201e-02,7.945395067941619927e-02,3.367199295420231220e-02,1.964330649219929448e-02,2.826182687468545632e-02,1.925012581781580107e-02,3.867325113236034367e-02,1.387141419224962278e-02,1.270759939607448395e-02,3.198917966784096956e-02,2.785291897332662150e-02,3.351472068444891900e-02,2.315047810770004891e-02,3.041645697030699591e-02,9.703699043784600603e-03,8.712883744338198108e-03,1.759876698540513429e-02,4.019879214896829311e-02,5.476220432813286298e-02,1.906139909411172506e-02,6.740689481630599000e-02,8.756919979869148829e-02,1.077472320080523349e-01,2.126321087065928539e-02,1.117419476597886208e-01,6.295608958228485208e-02,8.727038248616003635e-02,5.274911927528937866e-02,1.338544287871162586e-01,4.078069954705586253e-02,3.425390035228988161e-02,3.379781077000502953e-02,2.387393054856567706e-02,4.285669350780070552e-02,6.478044791142426040e-02,7.643432310015098319e-02,4.527868646200301772e-02,1.227981882234524397e-01,1.237418218419728266e-01,3.345181177654756033e-02,8.506857070961247602e-02,2.451717413185706962e-01,1.348452440865626489e-01,1.862575490689481750e-01,1.289632611977856169e-01,2.558819828887770598e-02,9.025855561147458350e-02
2.396829391041771506e-02,4.389469048817312702e-02,4.486977856064418985e-02,2.039821338701560197e-02,6.844489179667841150e-02,9.384436336185203453e-02,1.112858580775037687e-01,2.230120785103170689e-02,1.163342979365878244e-01,6.740689481630599000e-02,0.000000000000000000e+00,5.090903371917463588e-02,1.685015098137896405e-01,4.587632108706592854e-02,3.683316557624559395e-02,3.511889783593356851e-02,2.151484650226472006e-02,4.875440362355309282e-02,6.165072974333165451e-02,1.091941368897835912e-01,5.105057876195269462e-02,1.575081781580271734e-01,1.409002264720684572e-01,6.283027176648213474e-02,1.196212883744338235e-01,2.683851283341721072e-01,1.610310770005032588e-01,2.209518117765475465e-01,1.688946904881731270e-01,3.930234021137393036e-02,9.862544036235530720e-02,4.208605938600906010e-02,2.464456467035732248e-02,3.537053346753900318e-02,2.418847508807247040e-02,4.708731756416708464e-02,1.723704076497232021e-02,1.571149974836436730e-02,3.941243080020130629e-02,3.430108203321590582e-02,4.136260694514343195e-02,2.876509813789632566e-02,3.708480120785102863e-02,1.203132863613487653e-02,1.075742325113236003e-02,2.113739305485656805e-02,5.004403623553094899e-02,6.778434826371414201e-02,2.368520382486160106e-02,8.349584801207851625e-02,1.091626824358329084e-01,1.333983392048314065e-01,2.635883241066935140e-02,1.394847760442878837e-01,7.800704579768495683e-02,1.085807750377453390e-01,6.479617513839959486e-02,1.660795168595873283e-01,5.004403623553094899e-02,4.227478610971313611e-02,4.177151484650226676e-02,2.999182184197282316e-02,5.344111726220433095e-02,8.039758429793658623e-02,9.527554101660795638e-02,5.556429290387519121e-02,1.526170105686965317e-01,1.532932813286361218e-01,4.117388022143935594e-02,1.057498741821841920e-01,3.046363865123301595e-01,1.679825113236034229e-01,2.301050578761952570e-01,1.607322596879718068e-01,3.164318067438349341e-02,1.122924006039255213e-01
1.656077000503271279e-02,2.642174131857071007e-02,2.774282838449924557e-02,1.222005535983895254e-02,4.128397081026673188e-02,5.795483140412682754e-02,6.728107700050327267e-02,1.369841469552088645e-02,6.960870659285355033e-02,4.095369904378459713e-02,5.090903371917463588e-02,0.000000000000000000e+00,1.010631605435329677e-01,2.790010065425264224e-02,2.359084046300956305e-02,2.149911927528938213e-02,1.303787116255661870e-02,2.925264217413185708e-02,3.809134373427277426e-02,6.688789632611977232e-02,3.360908404630095353e-02,9.541708605938600818e-02,8.716029189733266735e-02,4.183442375440362543e-02,7.108706592853547557e-02,1.658121540010065453e-01,9.787053346753900318e-02,1.333354302969300409e-01,1.013619778560644197e-01,2.415702063412179107e-02,6.080145948666330902e-02,2.533656265727227130e-02,1.484650226472068388e-02,2.176648213387015474e-02,1.462632108706592854e-02,2.865500754906894973e-02,1.012833417211877161e-02,9.813789632611978273e-03,2.415702063412179107e-02,2.104302969300453005e-02,2.558819828887770598e-02,1.778749370910921029e-02,2.244275289380976215e-02,7.155888273779567599e-03,6.935707096124811392e-03,1.453195772521389054e-02,3.057372924006039258e-02,4.269942123804730538e-02,1.424886763965777479e-02,5.031139909411172506e-02,6.662053346753900318e-02,8.036612984398590342e-02,1.638777050830397472e-02,8.447093608454957214e-02,4.666268243583291536e-02,6.522081026673376414e-02,4.257360342224458805e-02,9.964771011575239423e-02,3.052654755913437185e-02,2.697219426270760015e-02,2.497483643683945723e-02,1.783467539003522756e-02,3.173754403623552794e-02,4.921049320583794490e-02,5.899282838449924210e-02,3.588953195772521393e-02,9.272773024660291297e-02,9.488236034222445603e-02,2.719237544036235549e-02,6.338072471061902136e-02,1.894973578258681568e-01,1.030605183694011107e-01,1.381951434323100136e-01,9.730435329642676823e-02,1.904567186713638713e-02,6.765853044791142468e-02
4.810958731756416473e-02,8.800956215400100591e-02,8.956655762455963121e-02,4.153560644187216655e-02,1.389185958731756487e-01,1.894501761449421118e-01,2.249465274282838323e-01,4.531014091595370052e-02,2.351220432813286298e-01,1.354900603925515978e-01,1.685015098137896405e-01,1.010631605435329677e-01,0.000000000000000000e+00,9.291645697030699591e-02,7.421678409662808840e-02,7.138588324106694138e-02,4.358014594866633368e-02,9.893998490186210748e-02,1.234744589833920436e-01,2.195992702566683386e-01,1.029661550075490623e-01,3.161487166582788166e-01,2.829799949672873738e-01,1.251100905888273829e-01,2.420734776044287939e-01,5.388777050830397819e-01,3.239966029189733088e-01,4.447659788626069366e-01,3.404315551082033320e-01,7.868331655762456078e-02,1.990595118268746744e-01,8.544602415702062803e-02,4.936776547559134504e-02,7.132297433316557578e-02,4.880158530447911702e-02,9.511826874685455624e-02,3.497735279315550977e-02,3.180045294413688661e-02,8.027176648213386889e-02,6.973452440865626767e-02,8.417211877201812020e-02,5.831655762455963815e-02,7.489305485656769235e-02,2.444011071967790508e-02,2.165639154504277880e-02,4.285669350780070552e-02,1.005127075993960811e-01,1.359146955208857532e-01,4.766922496225465405e-02,1.682341469552088575e-01,2.186713638651233138e-01,2.706498490186210470e-01,5.328384499245093081e-02,2.801648213387015751e-01,1.587506290890790261e-01,2.196464519375943558e-01,1.307876195269250252e-01,3.360279315551081836e-01,1.004340714645193811e-01,8.450239053850025495e-02,8.484838953195772415e-02,6.050264217413185708e-02,1.078415953699043833e-01,1.619904378459989802e-01,1.902050830397584436e-01,1.126069451434323077e-01,3.055485656768998637e-01,3.088355561147458350e-01,8.313412179164569871e-02,2.132611977856064545e-01,6.133146703573225667e-01,3.363424760946149839e-01,4.659033719174635046e-01,3.233046049320583704e-01,6.388399597382989070e-02,2.276201560140916069e-01
1.294350780070457896e-02,2.434574735782586707e-02,2.497483643683945723e-02,1.116633115249119311e-02,3.752516356316054624e-02,5.208857574232511611e-02,6.128900352289884390e-02,1.237732762959235094e-02,6.493772018117766054e-02,3.761952692501258078e-02,4.587632108706592854e-02,2.790010065425264224e-02,9.291645697030699591e-02,0.000000000000000000e+00,2.031957725213890190e-02,1.972194262707599455e-02,1.214141922496225420e-02,2.711373930548565542e-02,3.425390035228988161e-02,6.095873175641670916e-02,2.780573729240060424e-02,8.766356316054353670e-02,7.789695520885757396e-02,3.400226472068444694e-02,6.649471565173628584e-02,1.479617513839959764e-01,8.929919476597886208e-02,1.223263714141922531e-01,9.352981882234524813e-02,2.179793658782083407e-02,5.452629592350276971e-02,2.321338701560140758e-02,1.328950679416205337e-02,1.945457976849521847e-02,1.332096124811273270e-02,2.588701560140915792e-02,9.404881731253145194e-03,8.775792652239556776e-03,2.160920986411675807e-02,1.869967287367891445e-02,2.275729743331655897e-02,1.588449924509310537e-02,2.069703069954705738e-02,6.621162556618017184e-03,6.039255158530447767e-03,1.146514846502264678e-02,2.779001006542526284e-02,3.774534474081529811e-02,1.303787116255661870e-02,4.587632108706592854e-02,6.053409662808253988e-02,7.402805737292400545e-02,1.465777554101660787e-02,7.756668344237543922e-02,4.347005535983895080e-02,6.010946149974836367e-02,3.546489682939104465e-02,9.227164066431806089e-02,2.766419224962254550e-02,2.322911424257674898e-02,2.341784096628082498e-02,1.670231504781077153e-02,2.992891293407146450e-02,4.483832410669350704e-02,5.271766482133870280e-02,3.036927528938097517e-02,8.498993457473577595e-02,8.492702566683442422e-02,2.250566180171112082e-02,5.867828384499244876e-02,1.676679667840966226e-01,9.307372924006039605e-02,1.275163563160543467e-01,8.874874182184197546e-02,1.761449421238047222e-02,6.216972823351786526e-02
1.137078510317060878e-02,1.965903371917463588e-02,2.033530447911424330e-02,8.964519375943632781e-03,3.013336688475088190e-02,4.249496728736788798e-02,4.891167589330649296e-02,1.000251635631605428e-02,5.196275792652239878e-02,2.989745848012078516e-02,3.683316557624559395e-02,2.359084046300956305e-02,7.421678409662808840e-02,2.031957725213890190e-02,0.000000000000000000e+00,1.590022647206844331e-02,9.577881227981881532e-03,2.178220936084549614e-02,2.793155510820332157e-02,5.005976346250629039e-02,2.340211373930548705e-02,7.133870156014091024e-02,6.372672370407649056e-02,2.926836940110719848e-02,5.293784599899345467e-02,1.215557372924006008e-01,7.242388022143934900e-02,9.768180674383492024e-02,7.566368897835933083e-02,1.759876698540513429e-02,4.414632611977856169e-02,1.865249119275289372e-02,1.075742325113236003e-02,1.583731756416708464e-02,1.078887770508303937e-02,2.083857574232511264e-02,7.470432813286360940e-03,7.108706592853547730e-03,1.750440362355309629e-02,1.522395571212883762e-02,1.851094614997483498e-02,1.278623553095118229e-02,1.640349773527931612e-02,5.205712128837443678e-03,5.032712632108706473e-03,1.001824358329139394e-02,2.244275289380976215e-02,3.115563663814796200e-02,1.034851534977352869e-02,3.650289380976345921e-02,4.924194765978862770e-02,5.859964771011575563e-02,1.201560140915953687e-02,6.237418218419728266e-02,3.437971816809259895e-02,4.790513336688475426e-02,3.003900352289884390e-02,7.308442375440361849e-02,2.209675390035228948e-02,1.934448917966784254e-02,1.876258178158027312e-02,1.311650729743331703e-02,2.346502264720684572e-02,3.653434826371414201e-02,4.342287367891293354e-02,2.539947156517362997e-02,6.912116255661801545e-02,6.984461499748365054e-02,1.939167086059385980e-02,4.664695520885757396e-02,1.379277805737292306e-01,7.605686965274283118e-02,1.015192501258178198e-01,7.171615500754906225e-02,1.391859587317564179e-02,4.972949169602415564e-02
1.039569703069954769e-02,1.877830900855561105e-02,1.932876195269250114e-02,8.618520382486160106e-03,2.915827881227981908e-02,4.046615500754906919e-02,4.721313537996980197e-02,9.530699547055862531e-03,4.996540010065425585e-02,2.845055359838953232e-02,3.511889783593356851e-02,2.149911927528938213e-02,7.138588324106694138e-02,1.972194262707599455e-02,1.590022647206844331e-02,0.000000000000000000e+00,9.294791142425767524e-03,2.093293910417715065e-02,2.626446904881731340e-02,4.774786109713135412e-02,2.176648213387015474e-02,6.811462003019627676e-02,6.073855057876195035e-02,2.675201308505284481e-02,5.120785103170608782e-02,1.151862103673880200e-01,6.959297936587820199e-02,9.425327126321086935e-02,7.243960744841469734e-02,1.700113236034222347e-02,4.222760442878711884e-02,1.792903875188726556e-02,1.034851534977352869e-02,1.500377453447408228e-02,1.025415198792148895e-02,2.013085052843482589e-02,7.297433316557624602e-03,6.746980372420734520e-03,1.687531454453950613e-02,1.442186713638651287e-02,1.745722194262707555e-02,1.220432813286361287e-02,1.608895319577252278e-02,5.095621540010065141e-03,4.623804730749874262e-03,9.121791645697031187e-03,2.151484650226472006e-02,2.940991444388525375e-02,1.009687971816809228e-02,3.519753397081026858e-02,4.708731756416708464e-02,5.661801711122294717e-02,1.127642174131857078e-02,5.985782586814292899e-02,3.282272269753397365e-02,4.609650226472068735e-02,2.758555611474584890e-02,7.088261197785605816e-02,2.162493709109209947e-02,1.811776547559134504e-02,1.822785606441872097e-02,1.256605435329642695e-02,2.297747861097131430e-02,3.469426270759939923e-02,4.117388022143935594e-02,2.374811273276295973e-02,6.619589833920483390e-02,6.629026170105686844e-02,1.772458480120785163e-02,4.504277805737292445e-02,1.300012581781580245e-01,7.265978862606944921e-02,9.796489682939103771e-02,6.883807247106189797e-02,1.352541519879214837e-02,4.790513336688475426e-02
6.275163563160543641e-03,1.143369401107196745e-02,1.174823855057876253e-02,5.252893809763462679e-03,1.783467539003522756e-02,2.458165576245596382e-02,2.898527931555108100e-02,5.803346753900351894e-03,3.035354806240563724e-02,1.733140412682435821e-02,2.151484650226472006e-02,1.303787116255661870e-02,4.358014594866633368e-02,1.214141922496225420e-02,9.577881227981881532e-03,9.294791142425767524e-03,0.000000000000000000e+00,1.277050830397584262e-02,1.618331655762456078e-02,2.906391545042778107e-02,1.313223452440865670e-02,4.129969803724207328e-02,3.702189229994966996e-02,1.607322596879718138e-02,3.145445395067941741e-02,6.984461499748365054e-02,4.240060392551585344e-02,5.754592350276799273e-02,4.383178158027176835e-02,1.033278812279818902e-02,2.565110719677906465e-02,1.085178661298439803e-02,6.275163563160543641e-03,9.011701056869653517e-03,6.165072974333165971e-03,1.255032712632108728e-02,4.450805234021137056e-03,4.089079013588323847e-03,1.030133366884750795e-02,8.822974333165575778e-03,1.060015098137896336e-02,7.297433316557624602e-03,1.006542526421741295e-02,3.129718168092601987e-03,2.815173628585807778e-03,5.535983895319577554e-03,1.305359838953195836e-02,1.781894816305988963e-02,6.117891293407146103e-03,2.154630095621539940e-02,2.878082536487166707e-02,3.480435329642677517e-02,6.841343734272773390e-03,3.683316557624559395e-02,2.031957725213890190e-02,2.813600905888273898e-02,1.660795168595873006e-02,4.362732762959235094e-02,1.322659788626069470e-02,1.097760442878711711e-02,1.110342224458983444e-02,7.879340714645194019e-03,1.407586814292903846e-02,2.110593860090588872e-02,2.513210870659285390e-02,1.429604932058379553e-02,4.026170105686965178e-02,4.005724710619023438e-02,1.055296930045294436e-02,2.756982888777050750e-02,7.811713638651232583e-02,4.413059889280322029e-02,6.043973326623049841e-02,4.200742325113236003e-02,8.429793658782084101e-03,2.907964267740311901e-02
1.413877705083039713e-02,2.607574232511323739e-02,2.657901358832410674e-02,1.187405636638147986e-02,4.015161046804227585e-02,5.580020130850528448e-02,6.504781077000502953e-02,1.316368897835933603e-02,6.893243583291394638e-02,3.922370407649723029e-02,4.875440362355309282e-02,2.925264217413185708e-02,9.893998490186210748e-02,2.711373930548565542e-02,2.178220936084549614e-02,2.093293910417715065e-02,1.277050830397584262e-02,0.000000000000000000e+00,3.615689481630599000e-02,6.562971816809259895e-02,2.974018621036738849e-02,9.428472571716155215e-02,8.379466532460996819e-02,3.666016607951685935e-02,7.130724710619024131e-02,1.594268998490186162e-01,9.621917463512832946e-02,1.300798943130347385e-01,1.002767991947659809e-01,2.327629592350276971e-02,5.815928535480623801e-02,2.461311021640664315e-02,1.421741318570709546e-02,2.061839456467035731e-02,1.412304982385505746e-02,2.753837443381982816e-02,1.008115249119275261e-02,9.216155007549069189e-03,2.326056869652742831e-02,1.987921489682939122e-02,2.406265727226975307e-02,1.679667840966280953e-02,2.189229994967287207e-02,7.030070457976849395e-03,6.275163563160543641e-03,1.234587317564167161e-02,2.964582284851535049e-02,4.038751887267236912e-02,1.396577755410166079e-02,4.843985908404629948e-02,6.473326623049824313e-02,7.838449924509310884e-02,1.552277302466029130e-02,8.270948666331152943e-02,4.559323100150981106e-02,6.382108706592853897e-02,3.787116255661801545e-02,9.824798691494715519e-02,2.945709612481127448e-02,2.483329139406139849e-02,2.514783593356819183e-02,1.756731253145445495e-02,3.192627075993961089e-02,4.770067941620533686e-02,5.644501761449421257e-02,3.266545042778057351e-02,9.106064418721690479e-02,9.129655259184700500e-02,2.440865626572722574e-02,6.257863613487670007e-02,1.803912934071464635e-01,1.001352541519879152e-01,1.357574232511323531e-01,9.538563160543532538e-02,1.874685455460493172e-02,6.622735279315551671e-02
1.818067438349270371e-02,3.261826874685455624e-02,3.401799194765978834e-02,1.472068444891796654e-02,5.020130850528434913e-02,7.081970306995470643e-02,8.132549068948162485e-02,1.651358832410669206e-02,8.627956718671363212e-02,4.957221942627076244e-02,6.165072974333165451e-02,3.809134373427277426e-02,1.234744589833920436e-01,3.425390035228988161e-02,2.793155510820332157e-02,2.626446904881731340e-02,1.618331655762456078e-02,3.615689481630599000e-02,0.000000000000000000e+00,8.325993960744841604e-02,3.820143432310015019e-02,1.181586562657272327e-01,1.065519627579265272e-01,4.763777050830397819e-02,8.819828887770508885e-02,2.002705083039758305e-01,1.205334675390035276e-01,1.626195269250125808e-01,1.257706341217916524e-01,2.903246099647710174e-02,7.313160543532963576e-02,3.084109209864116866e-02,1.838512833417211764e-02,2.659474081529944467e-02,1.808631102164066570e-02,3.527617010568696865e-02,1.247169099144438895e-02,1.198414695520885753e-02,2.904818822345243967e-02,2.535228988424760924e-02,3.099836436839456533e-02,2.148339204831404073e-02,2.793155510820332157e-02,8.665702063412179107e-03,8.288248616004025363e-03,1.593168092601912264e-02,3.747798188223452204e-02,5.149094111726220530e-02,1.747294916960241695e-02,6.111600402617010236e-02,8.283530447911424677e-02,9.772898842476095138e-02,1.961185203824861514e-02,1.042243331655762495e-01,5.737292400603925813e-02,8.013022143935581709e-02,4.843985908404629948e-02,1.222320080523402047e-01,3.744652742828384617e-02,3.205208857574232822e-02,3.126572722697534140e-02,2.214393558127831022e-02,3.941243080020130629e-02,6.042400603925515701e-02,7.229806240563663167e-02,4.103233517866129720e-02,1.153120281831907373e-01,1.152963009562154029e-01,3.112418218419728266e-02,7.813286361348767417e-02,2.269124308002013202e-01,1.268400855561147567e-01,1.699798691494715519e-01,1.201245596376446928e-01,2.330775037745344905e-02,8.318130347257171597e-02
3.209927025666834549e-02,5.894564670357322483e-02,6.113173125314544376e-02,2.632737795671867206e-02,8.892174131857071007e-02,1.259908152994463904e-01,1.438569451434323077e-01,2.942564167086059515e-02,1.550547307498741922e-01,8.819828887770508885e-02,1.091941368897835912e-01,6.688789632611977232e-02,2.195835430296930180e-01,6.095873175641670916e-02,5.005976346250629039e-02,4.774786109713135412e-02,2.906391545042778107e-02,6.562971816809259895e-02,8.325993960744841604e-02,0.000000000000000000e+00,6.739116758933065554e-02,2.150383744338198178e-01,1.904881731253145472e-01,8.384184700553598546e-02,1.593639909411172506e-01,3.588638651233014842e-01,2.173030951182687576e-01,2.911424257674886662e-01,2.263777050830397541e-01,5.223012078510316791e-02,1.312279818822345290e-01,5.430611474584801091e-02,3.200490689481630402e-02,4.681995470558630856e-02,3.191054353296426949e-02,6.251572722697533446e-02,2.222257171615500682e-02,2.113739305485656805e-02,5.103485153497735322e-02,4.485405133366884844e-02,5.469929542023150432e-02,3.791834423754403965e-02,4.921049320583794490e-02,1.534977352793155496e-02,1.486222949169602355e-02,2.826182687468545632e-02,6.696653246099647239e-02,9.271200301962757850e-02,3.085681932561650659e-02,1.079516859587317523e-01,1.473641167589330725e-01,1.739116758933064999e-01,3.500880724710619257e-02,1.866664569703069820e-01,1.020539758429793720e-01,1.427717664821338828e-01,8.546175138399597637e-02,2.185612732762959309e-01,6.618017111222948556e-02,5.746728736789129266e-02,5.627201811776547796e-02,3.938097634625063043e-02,7.118142929038752398e-02,1.090054101660795222e-01,1.305517111222949111e-01,7.284851534977353216e-02,2.086688475088072370e-01,2.072219426270759945e-01,5.524974836436839787e-02,1.405070457976849430e-01,4.067532712632108693e-01,2.292400603925515978e-01,3.043061147458480109e-01,2.159348263714142013e-01,4.230624056366381197e-02,1.481662053346753938e-01
1.599458983392048478e-02,2.665764972320080681e-02,2.775855561147458350e-02,1.240878208354303028e-02,4.208605938600906010e-02,5.826937594363362088e-02,6.836625566180171143e-02,1.380850528434826412e-02,7.074106693507800636e-02,4.170860593860090809e-02,5.105057876195269462e-02,3.360908404630095353e-02,1.029661550075490623e-01,2.780573729240060424e-02,2.340211373930548705e-02,2.176648213387015474e-02,1.313223452440865670e-02,2.974018621036738849e-02,3.820143432310015019e-02,6.739116758933065554e-02,0.000000000000000000e+00,9.629781077000502953e-02,8.742765475591343649e-02,4.153560644187216655e-02,7.162179164569702772e-02,1.665356064418721804e-01,9.878271263210870734e-02,1.348766985405133456e-01,1.030762455963764451e-01,2.417274786109713247e-02,6.097445898339205056e-02,2.632737795671867206e-02,1.509813789632612029e-02,2.204957221942627221e-02,1.503522898842476162e-02,2.851346250629089099e-02,1.022269753397080962e-02,9.829516859587317940e-03,2.464456467035732248e-02,2.123175641670860606e-02,2.583983392048314065e-02,1.786612984398590689e-02,2.247420734776044149e-02,7.344614997483643604e-03,6.904252642174132058e-03,1.434323100150981453e-02,3.065236537493709265e-02,4.247924006039255351e-02,1.432750377453447486e-02,5.094048817312531174e-02,6.721816809260190706e-02,8.138839959738299046e-02,1.660795168595873006e-02,8.492702566683442422e-02,4.752767991947659532e-02,6.632171615500755124e-02,4.255787619526925358e-02,1.013305234021137369e-01,3.043218419728233384e-02,2.700364871665827948e-02,2.552528938097634731e-02,1.811776547559134504e-02,3.186336185203824528e-02,4.960367388022143831e-02,5.886701056869652476e-02,3.588953195772521393e-02,9.356127327629591706e-02,9.565299446401610839e-02,2.741255661801711083e-02,6.380535983895319063e-02,1.904252642174131815e-01,1.034694262707599455e-01,1.394061399094111697e-01,9.755598892803220290e-02,1.909285354806240440e-02,6.833480120785102863e-02
