0.000000000000000000e+00,1.414297685811899755e-02,7.606523560884419222e-03,4.757300328756527107e-03,2.083413910913427605e-02,2.272932379294784894e-02,2.390253335911815893e-02,4.692838264681234786e-03,3.464191323406175249e-02,1.669567459550054880e-02,2.278089344420808349e-02,1.447817959131051345e-02,3.948946045252368919e-02,1.075227228775865393e-02,1.112615225939534574e-02,1.103590536968993702e-02,6.729839489460452684e-03,1.345967897892090537e-02,1.039128472893702075e-02,2.325791271836524093e-02,1.300844453039386346e-02,4.636111648294978516e-02,3.527364146199961359e-02,1.315026107135950501e-02,3.189582930445433034e-02,7.004447882421195593e-02,3.657577515632050302e-02,5.505060272029910218e-02,3.822600399664797394e-02,1.008186682137562039e-02,2.911106813640172708e-02,1.112615225939534574e-02,7.090827048282085862e-03,1.093276606716947139e-02,6.884548443241152865e-03,1.281505833816798737e-02,4.009540385483143475e-03,3.068394249983884617e-03,1.391091342744794727e-02,7.851479404370528131e-03,9.952942693225037482e-03,7.825694578740410856e-03,9.733771675369045848e-03,3.223103203764584365e-03,2.604267388641784507e-03,9.102043447431186485e-03,1.281505833816798737e-02,1.334364726358537936e-02,6.626700186939986185e-03,1.790756140011603298e-02,2.676464900406111055e-02,2.573325597885644384e-02,1.068781022368336248e-02,3.434538773931541250e-02,1.980274608392960586e-02,2.757687101140978564e-02,2.162057629085283386e-02,3.607297105653323177e-02,1.401405272996841291e-02,1.761103590536968952e-02,1.431057822471475463e-02,7.348675304583252542e-03,1.427190098626958045e-02,1.402694514278347154e-02,2.391542577193321584e-02,1.901630890221104805e-02,4.115258170566621354e-02,4.300908915103461572e-02,1.258299490749693883e-02,2.822149165216270364e-02,9.357313221169341610e-02,3.845806742731902594e-02,5.423838071295043056e-02,3.899954876555147137e-02,9.566170308773287029e-03,3.056791078450332017e-02
1.414297685811899755e-02,0.000000000000000000e+00,1.652807322890478825e-02,1.044285438019725357e-02,4.531683104493006153e-02,5.035776445561786913e-02,5.243344291884226294e-02,9.991619931670211660e-03,7.692902726745309838e-02,3.664023722039579795e-02,4.936504866885838005e-02,3.110939212273576907e-02,8.561851350480242928e-02,2.399278024882356766e-02,2.395410301037839348e-02,2.508863533810352583e-02,1.474892026042673963e-02,2.991039773093534526e-02,2.324502030555018403e-02,5.263972152388319420e-02,2.733191516792367673e-02,1.039257397021852575e-01,7.700638174434346062e-02,2.771868755237542545e-02,7.052149809836910643e-02,1.522851801714690811e-01,8.190549861406562493e-02,1.214336363050344814e-01,8.449687358989234343e-02,2.258750725198220913e-02,6.406239927802488687e-02,2.369625475407722420e-02,1.508412299361825554e-02,2.407013472571391602e-02,1.464578095790627227e-02,2.895635918262102690e-02,8.844195191130020672e-03,6.652485012570102593e-03,2.957519499774382762e-02,1.668278218268548843e-02,2.185263972152388240e-02,1.656675046734996590e-02,2.226519693160574839e-02,7.142396699542319545e-03,5.878940243666602554e-03,1.883581512280023060e-02,2.855669438535421781e-02,2.895635918262102690e-02,1.424611616063946318e-02,3.897376393992135757e-02,5.827370592406368871e-02,5.596596403016824289e-02,2.223941210597563459e-02,7.588474182943337476e-02,4.351189325082189391e-02,5.984658028750080433e-02,4.601302133694321062e-02,7.843743956681492602e-02,3.134145555340681760e-02,3.785212402501127865e-02,3.226970927609101869e-02,1.630890221104879662e-02,3.127699348933152962e-02,3.101914523303036034e-02,5.382582350286856110e-02,3.948946045252368919e-02,9.232256816863275428e-02,9.230967575581770779e-02,2.609424353767807528e-02,6.214142976858118977e-02,2.037516921291819827e-01,8.485786114871397834e-02,1.192161413008444582e-01,8.596660865080900382e-02,2.163346870366789076e-02,6.746599626120028392e-02
7.606523560884419222e-03,1.652807322890478825e-02,0.000000000000000000e+00,5.505060272029910738e-03,2.383807129504286748e-02,2.645523109649971019e-02,2.760265583703990291e-02,5.298781666988976874e-03,4.031457487268742118e-02,1.908077096628633951e-02,2.577193321730161801e-02,1.637336427512408807e-02,4.498162831173854043e-02,1.266034938438728892e-02,1.281505833816798737e-02,1.312447624572938773e-02,7.735447689035002995e-03,1.575452846000129081e-02,1.214465287178495383e-02,2.782182685489589455e-02,1.454264165538580490e-02,5.503771030748404874e-02,4.098498033907045646e-02,1.476181267324179654e-02,3.720750338425836412e-02,8.113195384516212749e-02,4.294462708695932773e-02,6.371430413201831233e-02,4.455617868884161753e-02,1.178366531296332065e-02,3.410043189582930706e-02,1.237671630245600410e-02,7.993295945336169675e-03,1.291819764068845473e-02,7.774124927480178041e-03,1.518726229613872290e-02,4.628376200605943333e-03,3.571198349771159773e-03,1.550957261651518017e-02,8.934442080835427666e-03,1.168052601044285502e-02,8.766840714239670582e-03,1.160317153355250493e-02,3.687230065106684909e-03,3.119963901244117866e-03,1.012054405982079630e-02,1.507123058080319690e-02,1.550957261651518017e-02,7.529169083994069131e-03,2.035711983497711514e-02,3.081286662798942907e-02,2.923999226455230999e-02,1.193837426674402083e-02,4.005672661638625537e-02,2.271643138013279203e-02,3.154773415844775580e-02,2.432798298201508530e-02,4.110101205440597899e-02,1.643782633919937952e-02,1.995745503771030605e-02,1.687616837491136626e-02,8.483207632308385759e-03,1.645071875201443989e-02,1.650228840327467444e-02,2.837620060594340382e-02,2.091149358602462441e-02,4.866885837684522403e-02,4.939083349448849386e-02,1.389802101463288864e-02,3.277251337587829688e-02,1.079481725004834691e-01,4.489138142203313170e-02,6.241217043769741596e-02,4.536840069619028915e-02,1.121639914910075447e-02,3.563462902082124850e-02
4.757300328756527107e-03,1.044285438019725357e-02,5.505060272029910738e-03,0.000000000000000000e+00,1.539354090117965590e-02,1.700509250306194917e-02,1.772706762070521552e-02,3.339134919100109501e-03,2.568168632759620928e-02,1.233803906401082992e-02,1.654096564171984862e-02,1.086830400309417993e-02,2.893057435699090962e-02,8.148004899116869856e-03,7.993295945336169675e-03,8.354283504157802853e-03,5.092503061948043877e-03,9.978727518855153023e-03,7.709662863404886587e-03,1.759814349255463262e-02,9.308322052472119482e-03,3.484819183910269069e-02,2.551408496100045220e-02,9.514600657513054213e-03,2.374782440533745875e-02,5.142783471926771349e-02,2.699671243473215909e-02,4.101076516470057026e-02,2.841487784438857800e-02,7.335782891768194772e-03,2.160768387803777349e-02,8.186682137562044034e-03,5.182749951653451738e-03,8.367175916972861491e-03,5.066718236317926602e-03,9.836910977889511479e-03,2.887900470573067594e-03,2.294849481080384144e-03,1.028814542641655339e-02,5.762908528331077418e-03,7.554953909624186406e-03,5.685554051440727327e-03,7.529169083994069131e-03,2.501128086121317574e-03,1.998323986334042419e-03,6.149680912782827004e-03,9.527493070328111116e-03,9.604847547218461207e-03,4.924901695352285058e-03,1.344678656610584673e-02,1.967382195577902296e-02,1.908077096628633951e-02,7.567846322439244176e-03,2.559143943789080056e-02,1.492941403983755536e-02,2.039579707342228931e-02,1.602526912911751353e-02,2.639076903242441874e-02,1.061045574679301239e-02,1.257010249468188019e-02,1.071359504931347975e-02,5.621091987365435874e-03,1.052020885708760366e-02,1.054599368271772093e-02,1.779152968478050698e-02,1.336943208921549664e-02,3.051634113324308561e-02,3.078708180235931180e-02,8.741055888609553307e-03,2.062786050409334132e-02,6.901308579900727880e-02,2.818281441371752599e-02,4.009540385483142955e-02,2.902082124669631835e-02,7.232643589247727406e-03,2.267775414168761786e-02
2.083413910913427605e-02,4.531683104493006153e-02,2.383807129504286748e-02,1.539354090117965590e-02,0.000000000000000000e+00,7.289370205633984023e-02,7.692902726745309838e-02,1.447817959131051345e-02,1.107329336685360655e-01,5.368400696190291782e-02,7.205569522336105481e-02,4.661896473925095097e-02,1.256494552955585708e-01,3.501579320569844778e-02,3.452588151872622996e-02,3.591826210275252812e-02,2.196867143685940840e-02,4.335718429704119026e-02,3.358473538322696850e-02,7.565267839876232969e-02,4.043060658802295065e-02,1.501321472313543459e-01,1.104235157609746720e-01,4.084316379810481318e-02,1.028943466769805942e-01,2.224070134725713854e-01,1.171017855991748902e-01,1.775156320505382468e-01,1.227615548249854915e-01,3.242441822987172234e-02,9.330239154257718992e-02,3.491265390317797868e-02,2.217495004190034313e-02,3.555727454393089321e-02,2.156900663959259931e-02,4.271256365628827573e-02,1.286662798942822192e-02,9.836910977889511479e-03,4.365370979178753025e-02,2.486946432024753420e-02,3.224392445046090488e-02,2.441822987172049403e-02,3.238574099142654816e-02,1.057177850834783647e-02,8.573454522013794488e-03,2.737059240636885091e-02,4.116547411848127391e-02,4.168117063108360554e-02,2.116934184232579022e-02,5.789982595242699343e-02,8.465158254367305402e-02,8.256301166763359289e-02,3.268226648617288815e-02,1.101914523303036131e-01,6.395925997550441777e-02,8.792625539869786122e-02,6.838135757106943158e-02,1.147811512924643840e-01,4.597434409849803644e-02,5.456069103332688436e-02,4.625797718042931606e-02,2.401856507445368494e-02,4.553600206278605317e-02,4.523947656803970624e-02,7.656803970863146347e-02,5.838973763939921124e-02,1.319022755108618661e-01,1.332559788564429970e-01,3.796815574034680812e-02,8.975697801843615653e-02,2.969509443692386896e-01,1.219622252304518734e-01,1.748211177721910592e-01,1.250177270676207097e-01,3.156062657126280924e-02,9.776316637658738484e-02
2.272932379294784894e-02,5.035776445561786913e-02,2.645523109649971019e-02,1.700509250306194917e-02,7.289370205633984023e-02,0.000000000000000000e+00,8.461290530522787290e-02,1.584477534970669607e-02,1.221685038354928116e-01,5.878940243666602034e-02,7.875974988719139369e-02,5.019016308902211204e-02,1.372784116547411948e-01,3.894797911429123682e-02,3.830335847353832229e-02,3.995358731386579321e-02,2.382517888222781058e-02,4.765035776445562116e-02,3.723328820988847793e-02,8.480629149745375073e-02,4.395023528653387718e-02,1.672274866241217073e-01,1.225552762199445672e-01,4.491716624766325244e-02,1.138400051569651295e-01,2.458196351447173300e-01,1.294785019016308769e-01,1.950364210662025310e-01,1.356410752272287634e-01,3.573776832334171066e-02,1.031006252820215324e-01,3.857409914265454848e-02,2.445690711016566821e-02,3.920582737059240958e-02,2.379939405659769330e-02,4.722490814155869132e-02,1.424611616063946318e-02,1.071359504931347975e-02,4.798556049764713533e-02,2.744794688325920273e-02,3.553148971830077940e-02,2.667440211435570183e-02,3.587958486430735394e-02,1.166763359762779638e-02,9.463031006252819663e-03,2.989750531812028489e-02,4.536840069619028915e-02,4.620640752916908151e-02,2.337394443370076694e-02,6.268291110681363520e-02,9.343131567072777977e-02,8.984722490814156526e-02,3.558305936956101395e-02,1.214594211306646021e-01,6.976084574228066937e-02,9.599690582092439139e-02,7.417005092503062280e-02,1.257525945980790261e-01,5.078321407851479202e-02,6.032359956165796178e-02,5.123444852704183566e-02,2.624895249145877546e-02,4.984206794301553750e-02,4.975182105331012877e-02,8.521884870753561325e-02,6.296654418874492176e-02,1.468316895506994180e-01,1.469348288532198732e-01,4.165538580545349173e-02,9.885902146586733608e-02,3.276735641075227412e-01,1.350867014761812646e-01,1.913234061754657267e-01,1.382195577902404493e-01,3.461612840843163869e-02,1.082575904080448626e-01
2.390253335911815893e-02,5.243344291884226294e-02,2.760265583703990291e-02,1.772706762070521552e-02,7.692902726745309838e-02,8.461290530522787290e-02,0.000000000000000000e+00,1.659253529298007970e-02,1.287823116096177278e-01,6.206407529169084142e-02,8.318184748275639362e-02,5.336169664152646402e-02,1.444852704183587910e-01,4.046928382646812483e-02,3.938632115000322009e-02,4.157803132856314338e-02,2.532069876877457784e-02,4.988074518146071168e-02,3.857409914265454848e-02,8.744923612454071071e-02,4.619351511635402807e-02,1.735189840778701698e-01,1.272996841358860209e-01,4.713466125185328259e-02,1.181847482756397810e-01,2.560819957455037765e-01,1.354219042093727787e-01,2.046541610262360700e-01,1.423322374782440558e-01,3.752981370463482486e-02,1.072133049700251389e-01,4.098498033907045646e-02,2.569457874041126966e-02,4.032746728550248155e-02,2.492103397150776875e-02,4.931347901759814550e-02,1.491652162702249672e-02,1.143557016695674611e-02,5.123444852704183566e-02,2.858247921098433508e-02,3.680783858699155503e-02,2.836330819312834345e-02,3.746535164055952993e-02,1.236382388964094546e-02,9.965835106040096120e-03,3.119963901244117779e-02,4.749564881067491751e-02,4.798556049764713533e-02,2.456004641268613384e-02,6.676980596918713484e-02,9.800812222007349028e-02,9.531360794172628881e-02,3.756849094307999903e-02,1.278927351253787148e-01,7.420872816347579004e-02,1.012183330110230095e-01,7.908206020756784749e-02,1.328692064719912413e-01,5.291046219299942038e-02,6.257977180429317998e-02,5.352929800812222111e-02,2.762844066267002019e-02,5.251079739573261129e-02,5.205956294720556765e-02,8.820988848062914778e-02,6.674402114355701410e-02,1.520144395023528550e-01,1.535873138657899706e-01,4.398891252497905135e-02,1.039386321150003178e-01,3.429768581189969745e-01,1.408753948301424697e-01,2.015986591890672475e-01,1.444594855927286703e-01,3.656288274350544959e-02,1.125765487010894073e-01
4.692838264681234786e-03,9.991619931670211660e-03,5.298781666988976874e-03,3.339134919100109501e-03,1.447817959131051345e-02,1.584477534970669607e-02,1.659253529298007970e-02,0.000000000000000000e+00,2.427641333075485075e-02,1.166763359762779638e-02,1.584477534970669607e-02,9.940050280409978845e-03,2.720299103977309382e-02,7.567846322439244176e-03,7.812802165925352219e-03,7.774124927480178041e-03,4.679945851866177016e-03,9.450138593437761025e-03,7.335782891768194772e-03,1.654096564171984862e-02,8.921549668020370763e-03,3.287565267839875904e-02,2.462450847676142529e-02,9.011796557725777757e-03,2.239412105975633477e-02,4.926190936633791095e-02,2.575904080448656111e-02,3.821311158383291356e-02,2.677754141687616746e-02,7.026364984206794409e-03,2.046025913749758424e-02,7.542061496809127769e-03,4.873332044092052243e-03,7.645200799329594267e-03,4.679945851866177016e-03,9.037581383355895032e-03,2.823438406497776141e-03,2.127248114484625759e-03,9.540385483143169754e-03,5.401920969509443372e-03,6.974795332946560726e-03,5.350351318249210557e-03,6.910333268871269273e-03,2.256172242635209099e-03,1.830722619738284034e-03,6.265712628118352140e-03,9.024688970540836394e-03,9.256752401211886666e-03,4.628376200605943333e-03,1.235093147682588856e-02,1.853928962805389061e-02,1.786888416167085533e-02,7.206858763617610998e-03,2.416038161541932475e-02,1.365306517114677973e-02,1.908077096628633951e-02,1.461999613227615499e-02,2.504995809965835166e-02,9.901373041964802932e-03,1.217043769741507110e-02,1.004318958293044621e-02,4.976471346612518741e-03,9.940050280409978845e-03,9.785341326629278663e-03,1.672145942113066608e-02,1.300844453039386346e-02,2.903371365951137872e-02,2.965254947463417945e-02,8.508992457938503035e-03,1.972539160703925751e-02,6.508089989041448975e-02,2.703538967317733674e-02,3.773609230967575612e-02,2.724166827821826800e-02,6.755624315090569092e-03,2.144008251144201641e-02
3.464191323406175249e-02,7.692902726745309838e-02,4.031457487268742118e-02,2.568168632759620928e-02,1.107329336685360655e-01,1.221685038354928116e-01,1.287823116096177278e-01,2.427641333075485075e-02,0.000000000000000000e+00,8.938309804679946124e-02,1.197834074647070174e-01,7.591052665506349550e-02,2.094630310062528256e-01,5.911171275704248107e-02,5.828659833687874908e-02,6.091665055115064870e-02,3.616321794623864050e-02,7.299684135886030933e-02,5.635273641461999855e-02,1.288209888480629228e-01,6.670534390511184686e-02,2.549861406562238253e-01,1.875588216334687086e-01,6.791723070972732756e-02,1.730419648037130054e-01,3.741378198929929955e-01,1.981048153161864278e-01,2.961773996003351783e-01,2.070263649842067899e-01,5.467672274866241383e-02,1.564881067491780964e-01,5.770643976020112254e-02,3.682073099980661540e-02,5.898278862889189816e-02,3.577644556178689178e-02,7.143685940823825409e-02,2.167214594211306494e-02,1.636047186230903117e-02,7.219751176432669115e-02,4.142332237478243973e-02,5.329723457745116910e-02,4.017275833172178484e-02,5.419970347450525638e-02,1.745632695158898934e-02,1.440082511442016336e-02,4.563914136530651533e-02,6.932250370656868610e-02,7.063752981370463591e-02,3.518339457229420486e-02,9.522336105202088008e-02,1.421904209372784056e-01,1.367884999677689561e-01,5.426416553858054437e-02,1.858957003803261843e-01,1.062979436601559913e-01,1.457874041126796805e-01,1.125378714626442400e-01,1.917359633855476031e-01,7.690324244182299152e-02,9.154902339972925684e-02,7.810223683362341185e-02,3.970863147037968083e-02,7.606523560884419222e-02,7.573003287565267805e-02,1.302262618449042675e-01,9.567459550054792372e-02,2.241861664410494392e-01,2.249081415586927091e-01,6.353381035260749488e-02,1.511377554309288884e-01,4.978534132662927880e-01,2.064462064075291703e-01,2.919873654354412373e-01,2.105717785083478510e-01,5.312963321085541202e-02,1.646618964739250957e-01
1.669567459550054880e-02,3.664023722039579795e-02,1.908077096628633951e-02,1.233803906401082992e-02,5.368400696190291782e-02,5.878940243666602034e-02,6.206407529169084142e-02,1.166763359762779638e-02,8.938309804679946124e-02,0.000000000000000000e+00,5.792561077805711417e-02,3.701411719203248629e-02,1.006768516727905571e-01,2.837620060594340382e-02,2.761554824985495982e-02,2.890478953136079582e-02,1.744343453877393244e-02,3.468059047250692667e-02,2.686778830658157619e-02,6.129053052278733704e-02,3.233417134016631361e-02,1.216012376716302523e-01,8.912524979049829543e-02,3.265648166054276741e-02,8.275639785985947072e-02,1.791400760652356039e-01,9.473344936504866920e-02,1.427576871011409787e-01,9.870431251208663936e-02,2.635209179397924456e-02,7.447946883259201623e-02,2.807967511119706036e-02,1.786888416167085533e-02,2.800232063430671200e-02,1.701798491587700607e-02,3.461612840843163869e-02,1.044285438019725357e-02,7.928833881260878222e-03,3.532521111325984814e-02,2.002191710178559750e-02,2.561722426352091783e-02,1.951911300199832278e-02,2.622316766582865818e-02,8.573454522013794488e-03,6.910333268871269273e-03,2.189131695996905658e-02,3.304325404499452307e-02,3.326242506285051470e-02,1.710823180558241480e-02,4.679945851866176842e-02,6.767227486624122212e-02,6.673112873074195373e-02,2.621027525301360128e-02,8.871269258041641903e-02,5.178882227808934147e-02,7.061174498807451516e-02,5.468961516147746726e-02,9.258041642493392009e-02,3.716882614581318994e-02,4.379552633275317353e-02,3.772319989686069575e-02,1.926126474569715696e-02,3.671759169728614630e-02,3.629214207438922341e-02,6.219299941984142432e-02,4.674788886740153387e-02,1.069941339521691542e-01,1.068394249983884436e-01,3.034873976664732853e-02,7.280345516663443151e-02,2.391413653065171119e-01,9.805969187133371789e-02,1.408882872429575162e-01,1.002642944627086946e-01,2.550119254818539183e-02,7.875974988719139369e-02
2.278089344420808349e-02,4.936504866885838005e-02,2.577193321730161801e-02,1.654096564171984862e-02,7.205569522336105481e-02,7.875974988719139369e-02,8.318184748275639362e-02,1.584477534970669607e-02,1.197834074647070174e-01,5.792561077805711417e-02,0.000000000000000000e+00,4.972603622768000803e-02,1.355637207503384289e-01,3.800683297879198230e-02,3.799394056597692193e-02,3.867723844517501758e-02,2.328369754399535821e-02,4.694127505962741170e-02,3.666602204602591175e-02,8.206020756784632164e-02,4.389866563527364263e-02,1.627796042029265866e-01,1.206343067105008771e-01,4.409205182749951352e-02,1.119190356475214393e-01,2.411654741184812711e-01,1.275962096306323679e-01,1.911558048088699835e-01,1.325726809772448944e-01,3.547992006704054485e-02,1.011925481853929026e-01,3.719461097144330375e-02,2.379939405659769330e-02,3.825178882227808774e-02,2.311609617739960112e-02,4.605169857538838479e-02,1.394959066589312145e-02,1.040417714175207939e-02,4.654161026236060261e-02,2.677754141687616746e-02,3.448720428028105578e-02,2.613292077612325293e-02,3.470637529813704741e-02,1.125507638754592865e-02,9.102043447431186485e-03,3.012956874879133690e-02,4.456907110165667790e-02,4.530393863211500116e-02,2.269064655450267476e-02,6.205118287887578105e-02,9.151034616128408961e-02,8.899632566234770559e-02,3.526074904918455322e-02,1.191130019983239891e-01,6.888416167085670283e-02,9.500419003416489538e-02,7.300973377167536971e-02,1.245793850319087265e-01,4.961000451234448549e-02,5.982079546187069052e-02,4.991942241990588586e-02,2.569457874041126966e-02,4.913298523818732805e-02,4.891381422033133641e-02,8.338812608779733182e-02,6.325017727067620832e-02,1.438535421904209299e-01,1.449365048668858347e-01,4.153935409011796226e-02,9.727325468961516008e-02,3.209050473796171143e-01,1.329465609488815758e-01,1.888867401534197188e-01,1.349062076967704471e-01,3.388126087797331543e-02,1.061432347063752946e-01
1.447817959131051345e-02,3.110939212273576907e-02,1.637336427512408807e-02,1.086830400309417993e-02,4.661896473925095097e-02,5.019016308902211204e-02,5.336169664152646402e-02,9.940050280409978845e-03,7.591052665506349550e-02,3.701411719203248629e-02,4.972603622768000803e-02,0.000000000000000000e+00,8.677883065815766850e-02,2.427641333075485075e-02,2.378650164378263293e-02,2.458583123831625111e-02,1.520015470895378154e-02,2.974279636433958471e-02,2.298717204924901822e-02,5.217559466254109712e-02,2.819570682653258636e-02,1.033971507767678655e-01,7.601366595758396461e-02,2.820859923934764327e-02,7.093405530845098284e-02,1.539225165989815125e-01,8.038419390188873692e-02,1.230451879069167781e-01,8.443241152581705544e-02,2.214916521627022586e-02,6.471991233159285484e-02,2.418616644104944202e-02,1.558692709340553026e-02,2.514020498936376039e-02,1.496809127828273127e-02,2.980725842841487616e-02,8.947334493650486303e-03,6.755624315090569092e-03,3.058080319731837707e-02,1.734029523625346333e-02,2.280667826983820076e-02,1.705666215432218025e-02,2.251015277509185730e-02,7.464707019918777678e-03,5.904725069296718962e-03,1.865532134338941661e-02,2.822149165216270364e-02,2.855669438535421781e-02,1.468445819635144645e-02,4.037903693676271610e-02,5.804164249339263670e-02,5.722942048604396509e-02,2.261329207761232640e-02,7.544639979372139149e-02,4.450460903758138298e-02,6.111003674337651959e-02,4.793399084638690077e-02,7.915941468445819584e-02,3.179269000193386124e-02,3.755559853026493866e-02,3.171533552504351289e-02,1.672145942113066608e-02,3.138013279185199178e-02,3.147037968155740051e-02,5.272996841358860293e-02,4.058531554180364737e-02,9.069812415393541105e-02,9.165216270224972595e-02,2.622316766582865818e-02,6.116160639463675414e-02,2.054405982079546278e-01,8.362018951846837689e-02,1.205182749951653476e-01,8.605685554051441255e-02,2.145297492425707331e-02,6.765938245342616175e-02
3.948946045252368919e-02,8.561851350480242928e-02,4.498162831173854043e-02,2.893057435699090962e-02,1.256494552955585708e-01,1.372784116547411948e-01,1.444852704183587910e-01,2.720299103977309382e-02,2.094630310062528256e-01,1.006768516727905571e-01,1.355637207503384289e-01,8.677883065815766850e-02,0.000000000000000000e+00,6.576419776961257846e-02,6.490040611100367229e-02,6.750467349964546504e-02,4.098498033907045646e-02,8.149294140398376241e-02,6.272158834525881632e-02,1.426803326242506165e-01,7.594920389350867662e-02,2.832076323083865255e-01,2.089860117320956612e-01,7.718687552375426419e-02,1.931283439695739013e-01,4.193257268097724255e-01,2.208986011732095578e-01,3.325597885644298590e-01,2.315219493328176392e-01,6.111003674337651959e-02,1.749242570747115422e-01,6.643460323599562067e-02,4.188744923612454374e-02,6.597047637465351666e-02,4.053374589054341282e-02,7.977825049958099657e-02,2.427641333075485075e-02,1.856507445368400788e-02,8.323341713401663511e-02,4.682524334429188223e-02,5.998839682846644761e-02,4.601302133694321062e-02,6.042673886417843088e-02,1.989299297363501459e-02,1.606394636756268771e-02,5.137626506800747894e-02,7.734158447753497478e-02,7.847611680526010713e-02,3.981177077290014993e-02,1.083736221233803920e-01,1.593888996325662222e-01,1.550183716882614637e-01,6.158705601753368397e-02,2.079804035325211187e-01,1.205698446464255752e-01,1.648037130148907459e-01,1.289628053890285453e-01,2.161026236060078765e-01,8.588925417391865547e-02,1.024560046412686110e-01,8.699800167601366707e-02,4.483981177077289715e-02,8.561851350480242928e-02,8.497389286404950781e-02,1.441500676851672769e-01,1.093276606716947069e-01,2.482305163411332449e-01,2.517114678011990181e-01,7.206858763617611519e-02,1.692902726745310338e-01,5.596467478888673686e-01,2.298072584284148734e-01,3.279958744278991811e-01,2.350029007928833846e-01,5.916328240830271562e-02,1.840005156965126010e-01
1.075227228775865393e-02,2.399278024882356766e-02,1.266034938438728892e-02,8.148004899116869856e-03,3.501579320569844778e-02,3.894797911429123682e-02,4.046928382646812483e-02,7.567846322439244176e-03,5.911171275704248107e-02,2.837620060594340382e-02,3.800683297879198230e-02,2.427641333075485075e-02,6.576419776961257846e-02,0.000000000000000000e+00,1.811384000515696424e-02,1.922258750725198279e-02,1.161606394636756183e-02,2.296138722361890094e-02,1.790756140011603298e-02,4.049506865209823864e-02,2.087281634757945023e-02,7.986849738928640530e-02,5.840263005221427162e-02,2.144008251144201641e-02,5.438019725391607384e-02,1.166505511506478465e-01,6.216721459421130358e-02,9.370205633984400595e-02,6.506800747759942938e-02,1.705666215432218025e-02,4.909430799974215387e-02,1.842325791271836460e-02,1.159027912073744629e-02,1.878424547153999952e-02,1.142267775414168747e-02,2.252304518790691767e-02,6.768516727905627729e-03,5.260104428543801829e-03,2.300006446206407512e-02,1.293109005350351337e-02,1.683749113646618861e-02,1.281505833816798737e-02,1.744343453877393244e-02,5.633984400180493644e-03,4.628376200605943333e-03,1.400116031715335600e-02,2.180107007026365132e-02,2.220073486753045694e-02,1.099722813124476284e-02,3.040030941790756308e-02,4.482691935795784371e-02,4.326693740733578153e-02,1.696641526461677152e-02,5.857023141881002870e-02,3.412621672145942087e-02,4.636111648294978516e-02,3.602140140527299722e-02,6.043963127699349125e-02,2.430219815638496803e-02,2.854380197253916090e-02,2.470186295365177712e-02,1.285373557661316328e-02,2.409591955134403329e-02,2.405724231289885912e-02,4.084316379810481318e-02,2.978147360278476236e-02,7.019918777799265264e-02,6.988976987043124534e-02,1.986720814800490079e-02,4.784374395668149205e-02,1.568233094823696383e-01,6.478437439566814282e-02,9.183265648166054340e-02,6.616386256687939449e-02,1.668278218268548843e-02,5.167279056275381893e-02
1.112615225939534574e-02,2.395410301037839348e-02,1.281505833816798737e-02,7.993295945336169675e-03,3.452588151872622996e-02,3.830335847353832229e-02,3.938632115000322009e-02,7.812802165925352219e-03,5.828659833687874908e-02,2.761554824985495982e-02,3.799394056597692193e-02,2.378650164378263293e-02,6.490040611100367229e-02,1.811384000515696424e-02,0.000000000000000000e+00,1.884870753561529097e-02,1.107458260813511293e-02,2.289692515954360949e-02,1.777863727196544660e-02,4.001804937794108119e-02,2.133694320892155077e-02,7.891445884097209040e-02,5.924063688519306398e-02,2.159479146522271659e-02,5.378714626442338692e-02,1.174240959195513440e-01,6.201250564043060687e-02,9.148456133565396886e-02,6.413975375491523523e-02,1.678592148520595753e-02,4.926190936633791095e-02,1.777863727196544660e-02,1.159027912073744629e-02,1.870689099464964769e-02,1.126796880036098729e-02,2.147875974988719058e-02,6.678269838200219001e-03,5.066718236317926602e-03,2.256172242635209185e-02,1.287952040224328056e-02,1.686327596209630589e-02,1.275059627409269591e-02,1.643782633919937952e-02,5.363243731064268327e-03,4.409205182749951699e-03,1.485205956294720527e-02,2.178817765744859095e-02,2.248436794946174350e-02,1.085541159027912129e-02,2.914974537484690126e-02,4.451750145039644335e-02,4.219686714368594410e-02,1.732740282343840643e-02,5.753883839360536545e-02,3.261780442209759323e-02,4.598723651131308987e-02,3.514471733384903068e-02,5.943402307741894181e-02,2.345129891059111876e-02,2.926577709018242726e-02,2.412170437697415057e-02,1.218333011023012974e-02,2.386385612067298476e-02,2.385096370785792438e-02,4.071423966995423027e-02,3.063237284857861162e-02,7.004447882421195593e-02,7.143685940823825409e-02,2.044736672468252386e-02,4.709598401340810842e-02,1.562947205569522324e-01,6.500354541352414139e-02,8.965383871591568743e-02,6.520982401856507960e-02,1.589634500096693062e-02,5.164700573712370513e-02
1.103590536968993702e-02,2.508863533810352583e-02,1.312447624572938773e-02,8.354283504157802853e-03,3.591826210275252812e-02,3.995358731386579321e-02,4.157803132856314338e-02,7.774124927480178041e-03,6.091665055115064870e-02,2.890478953136079582e-02,3.867723844517501758e-02,2.458583123831625111e-02,6.750467349964546504e-02,1.922258750725198279e-02,1.884870753561529097e-02,0.000000000000000000e+00,1.182234255140849656e-02,2.359311545155675857e-02,1.847482756397859915e-02,4.240314574872687536e-02,2.125958873203119895e-02,8.307870818023592452e-02,6.067169470766453632e-02,2.198156384967446531e-02,5.622381228646941564e-02,1.209437246180622705e-01,6.473280474440791521e-02,9.610004512344484662e-02,6.753045832527557191e-02,1.767549796944498097e-02,5.110552439889125276e-02,1.865532134338941661e-02,1.189969702829884665e-02,1.932572680977244842e-02,1.152581705666215484e-02,2.320634306710500985e-02,6.923225681686327911e-03,5.272996841358860466e-03,2.336105202088571003e-02,1.336943208921549664e-02,1.746921936440404971e-02,1.294398246631857201e-02,1.777863727196544660e-02,5.698446464255785097e-03,4.705730677496293424e-03,1.433636305034487191e-02,2.263907690324244021e-02,2.287114033391349222e-02,1.130664603880616320e-02,3.047766389479791144e-02,4.614194546509379352e-02,4.383420357119834770e-02,1.726294075936311498e-02,6.031070714884290834e-02,3.429381808805517795e-02,4.697995229807258588e-02,3.640817378972474594e-02,6.183201186101978941e-02,2.495971120995294293e-02,2.970411912589441053e-02,2.547540772255527455e-02,1.300844453039386346e-02,2.462450847676142529e-02,2.474054019209695129e-02,4.237736092309675462e-02,3.031006252820215435e-02,7.272610068974408315e-02,7.258428414877844681e-02,2.009927157867594932e-02,4.883645974344098806e-02,1.615419325726809852e-01,6.675691355637207447e-02,9.433378456778186705e-02,6.845871204795977993e-02,1.714690904402758898e-02,5.345194353123187275e-02
6.729839489460452684e-03,1.474892026042673963e-02,7.735447689035002995e-03,5.092503061948043877e-03,2.196867143685940840e-02,2.382517888222781058e-02,2.532069876877457784e-02,4.679945851866177016e-03,3.616321794623864050e-02,1.744343453877393244e-02,2.328369754399535821e-02,1.520015470895378154e-02,4.098498033907045646e-02,1.161606394636756183e-02,1.107458260813511293e-02,1.182234255140849656e-02,0.000000000000000000e+00,1.406562238122864746e-02,1.093276606716947139e-02,2.490814155869270838e-02,1.304712176883903764e-02,4.930058660478308513e-02,3.590536968993747469e-02,1.327918519951008791e-02,3.364919744730226342e-02,7.267453103848385554e-02,3.829046606072326192e-02,5.810610455746793163e-02,4.003094179075614156e-02,1.057177850834783647e-02,3.047766389479791144e-02,1.135821569006639602e-02,7.284213240507961089e-03,1.156449429510732901e-02,6.961902920131502956e-03,1.413008444530393891e-02,4.215818990524076472e-03,3.235995616579643002e-03,1.431057822471475463e-02,8.148004899116869856e-03,1.053310126990266229e-02,7.903049055630760947e-03,1.072648746212853665e-02,3.480951460065751478e-03,2.836330819312834345e-03,8.715271062979436031e-03,1.331786243795526382e-02,1.342100174047572946e-02,6.936118094501385681e-03,1.886159994843034787e-02,2.740926964481402855e-02,2.703538967317733674e-02,1.055888609553277957e-02,3.585380003867724014e-02,2.085992393476438986e-02,2.846644749564880908e-02,2.238122864694127440e-02,3.751692129181976448e-02,1.510990781924837281e-02,1.768839038226004134e-02,1.508412299361825554e-02,7.851479404370528131e-03,1.490362921420743808e-02,1.476181267324179654e-02,2.508863533810352583e-02,1.878424547153999952e-02,4.302198156384967609e-02,4.315090569200025900e-02,1.215754528460001246e-02,2.918842261329207891e-02,9.698962160768387353e-02,3.952813769096886337e-02,5.711338877070843562e-02,4.080448655965963900e-02,1.037839231612196211e-02,3.198607619415973907e-02
1.345967897892090537e-02,2.991039773093534526e-02,1.575452846000129081e-02,9.978727518855153023e-03,4.335718429704119026e-02,4.765035776445562116e-02,4.988074518146071168e-02,9.450138593437761025e-03,7.299684135886030933e-02,3.468059047250692667e-02,4.694127505962741170e-02,2.974279636433958471e-02,8.149294140398376241e-02,2.296138722361890094e-02,2.289692515954360949e-02,2.359311545155675857e-02,1.406562238122864746e-02,0.000000000000000000e+00,2.217495004190034313e-02,5.029330239154257420e-02,2.591374975826726129e-02,9.902662283246309316e-02,7.313865789982594567e-02,2.655837039902017582e-02,6.731128730741958721e-02,1.456198027460839373e-01,7.756075549539095948e-02,1.154515567588474123e-01,8.062914974537484236e-02,2.123380390640108167e-02,6.131631534841745779e-02,2.231676658286598294e-02,1.434925546315993054e-02,2.325791271836524093e-02,1.384645136337265582e-02,2.756397859859472874e-02,8.354283504157802853e-03,6.368851930638818638e-03,2.806678269838200346e-02,1.603816154193257390e-02,2.091149358602462441e-02,1.563849674466576481e-02,2.106620253980532459e-02,6.807193966350802775e-03,5.608199574550377237e-03,1.776574485915038970e-02,2.709985173725262819e-02,2.749951653451943381e-02,1.352414104299619682e-02,3.689808547669696376e-02,5.534712821504544911e-02,5.302649390833494292e-02,2.102752530136015041e-02,7.205569522336105481e-02,4.115258170566621354e-02,5.706181911944820800e-02,4.393734287371881680e-02,7.450525365822213697e-02,2.983304325404499344e-02,3.585380003867724014e-02,3.033584735383226816e-02,1.550957261651518017e-02,2.963965706181911908e-02,2.976858118996970198e-02,5.062850512473409531e-02,3.728485786114871248e-02,8.721717269386965177e-02,8.761683749113646780e-02,2.461161606394636839e-02,5.886675691355636869e-02,1.939405659769225798e-01,8.021659253529297984e-02,1.132082769290272684e-01,8.155740346805905039e-02,2.048604396312769804e-02,6.447495648810674940e-02
1.039128472893702075e-02,2.324502030555018403e-02,1.214465287178495383e-02,7.709662863404886587e-03,3.358473538322696850e-02,3.723328820988847793e-02,3.857409914265454848e-02,7.335782891768194772e-03,5.635273641461999855e-02,2.686778830658157619e-02,3.666602204602591175e-02,2.298717204924901822e-02,6.272158834525881632e-02,1.790756140011603298e-02,1.777863727196544660e-02,1.847482756397859915e-02,1.093276606716947139e-02,2.217495004190034313e-02,0.000000000000000000e+00,3.950235286533874957e-02,2.017662605556629768e-02,7.738026171598014202e-02,5.686843292722233018e-02,2.046025913749758424e-02,5.258815187262295965e-02,1.126539031779797556e-01,6.041384645136337050e-02,8.948623734931993035e-02,6.257977180429317998e-02,1.668278218268548843e-02,4.806291497453748368e-02,1.692773802617159734e-02,1.102301295687487838e-02,1.819119448204731607e-02,1.062334815960807102e-02,2.144008251144201641e-02,6.484883645974343774e-03,4.899116869722168650e-03,2.145297492425707331e-02,1.236382388964094546e-02,1.629600979823373971e-02,1.209308322052472101e-02,1.636047186230903117e-02,5.221427190098626783e-03,4.318958293044542970e-03,1.383355895055759718e-02,2.101463288854509004e-02,2.146586733707213368e-02,1.045574679301231220e-02,2.844066267001869527e-02,4.294462708695932773e-02,4.099787275188551683e-02,1.627022497260362244e-02,5.591439437890801528e-02,3.184425965319409579e-02,4.428543801972539135e-02,3.364919744730226342e-02,5.787404112679687962e-02,2.315477341584477530e-02,2.804099787275188618e-02,2.351576097466641022e-02,1.204151356926448820e-02,2.292270998517372677e-02,2.315477341584477530e-02,3.963127699348933247e-02,2.889189711854573545e-02,6.793012312254238794e-02,6.789144588409720682e-02,1.897763166376587388e-02,4.578095790627215861e-02,1.503255334235802099e-01,6.267001869399858871e-02,8.787468574743763361e-02,6.325017727067620832e-02,1.575452846000129081e-02,4.990653000709082548e-02
2.325791271836524093e-02,5.263972152388319420e-02,2.782182685489589455e-02,1.759814349255463262e-02,7.565267839876232969e-02,8.480629149745375073e-02,8.744923612454071071e-02,1.654096564171984862e-02,1.288209888480629228e-01,6.129053052278733704e-02,8.206020756784632164e-02,5.217559466254109712e-02,1.426803326242506165e-01,4.049506865209823864e-02,4.001804937794108119e-02,4.240314574872687536e-02,2.490814155869270838e-02,5.029330239154257420e-02,3.950235286533874957e-02,0.000000000000000000e+00,4.536840069619028915e-02,1.757106942564301000e-01,1.285115709405015016e-01,4.629665441887449023e-02,1.186488751369818850e-01,2.553729130406755532e-01,1.361954489782762900e-01,2.029136852962031834e-01,1.418938954425320587e-01,3.707857925610778121e-02,1.081286662798942866e-01,3.942499838844840121e-02,2.517888222780893456e-02,4.119125894411138772e-02,2.450847676142589929e-02,4.899116869722168477e-02,1.463288854509121363e-02,1.113904467221040438e-02,4.930058660478308513e-02,2.814413717527235181e-02,3.722039579707342449e-02,2.769290272674531164e-02,3.728485786114871248e-02,1.201572874363437092e-02,1.001740475730032894e-02,3.061948043576355472e-02,4.788242119512666622e-02,4.877199767936569313e-02,2.382517888222781058e-02,6.469412750596273409e-02,9.754399535873138627e-02,9.265777090182428233e-02,3.689808547669696376e-02,1.274930703281119126e-01,7.270031586411396241e-02,1.002385096370785739e-01,7.701927415715850711e-02,1.303165087346096762e-01,5.238187326758202839e-02,6.286340488622445266e-02,5.376136143879327312e-02,2.758976342422484254e-02,5.231741120350673346e-02,5.262682911106813383e-02,9.029845935666859502e-02,6.486172887255850505e-02,1.539998710758718470e-01,1.539998710758718470e-01,4.285438019725391900e-02,1.029845935666860030e-01,3.415071230580803419e-01,1.419325726809772537e-01,1.989428221491652271e-01,1.447560110874750172e-01,3.615032553342358013e-02,1.131309224521369200e-01
1.300844453039386346e-02,2.733191516792367673e-02,1.454264165538580490e-02,9.308322052472119482e-03,4.043060658802295065e-02,4.395023528653387718e-02,4.619351511635402807e-02,8.921549668020370763e-03,6.670534390511184686e-02,3.233417134016631361e-02,4.389866563527364263e-02,2.819570682653258636e-02,7.594920389350867662e-02,2.087281634757945023e-02,2.133694320892155077e-02,2.127248114484625932e-02,1.304712176883903764e-02,2.591374975826726129e-02,2.017662605556629768e-02,4.536840069619028915e-02,0.000000000000000000e+00,8.987300973377167213e-02,6.758202797653581340e-02,2.521755946625410874e-02,6.172887255849932031e-02,1.355637207503384289e-01,7.057306774962934792e-02,1.065428995036421106e-01,7.392509508154451736e-02,1.932572680977244842e-02,5.614645780957906035e-02,2.158189905240765968e-02,1.374331206085218846e-02,2.131115838329143350e-02,1.325340037387997237e-02,2.515309740217881729e-02,7.735447689035002995e-03,5.943402307741894007e-03,2.716431380132791965e-02,1.529040159865918853e-02,1.949332817636820897e-02,1.518726229613872290e-02,1.908077096628633951e-02,6.394636756268935913e-03,5.118287887578160285e-03,1.708244697995229752e-02,2.489524914587765148e-02,2.543673048411010038e-02,1.296976729194868755e-02,3.470637529813704741e-02,5.147940437052794110e-02,4.980339070457036332e-02,2.037001224779217551e-02,6.646038806162572754e-02,3.852252949139431393e-02,5.337458905434151746e-02,4.186166441049442299e-02,6.938696577064397408e-02,2.733191516792367673e-02,3.363630503448720305e-02,2.756397859859472874e-02,1.433636305034487191e-02,2.760265583703990291e-02,2.722877586540321110e-02,4.600012892412815024e-02,3.608586346934828520e-02,7.924966157416360457e-02,8.198285309095597329e-02,2.379939405659769330e-02,5.409656417198478728e-02,1.809192290337136577e-01,7.401534197124992609e-02,1.046992844710887688e-01,7.509830464771481695e-02,1.855218204086894751e-02,5.906014310578224652e-02
