0.000000000000000000e+00,2.116113384871911446e-02,1.376383204486887959e-02,7.276034561164165283e-03,2.739123844171593297e-02,3.968470516901621836e-02,3.765347885402455658e-02,5.729877216916780085e-03,5.081097468546309087e-02,3.028649386084584019e-02,2.760345611641655192e-02,1.884189783234803753e-02,5.434288312869486187e-02,1.637107776261937167e-02,1.441564347430650261e-02,1.502197968773684965e-02,1.050477489768076450e-02,1.718963165075033939e-02,1.826587842958920724e-02,3.240867060785205395e-02,1.658329543731999409e-02,5.952705775352432754e-02,5.294830983780506040e-02,2.349552827042595063e-02,4.843110504774897351e-02,1.021070183416704497e-01,5.607094133697135274e-02,7.338184023040776605e-02,5.102319236016371329e-02,1.300591177808094537e-02,3.778990450204638279e-02,1.679551311202061650e-02,9.504320145520691113e-03,1.558284068515992070e-02,1.118690313778990426e-02,2.019099590723055782e-02,7.912687585266029930e-03,4.835531302107018772e-03,1.443080187964226185e-02,1.377899045020463883e-02,1.376383204486887959e-02,8.609974230710928933e-03,1.443080187964226185e-02,5.350917083522812971e-03,2.849780203122631670e-03,1.102016067909655957e-02,2.495073518265878559e-02,2.417765651053509213e-02,9.170835228133999983e-03,2.999848415946642505e-02,3.862361679551311322e-02,4.165529786266485013e-02,9.489161740184931873e-03,5.294830983780506040e-02,3.113536455964832639e-02,3.527360921631044616e-02,3.068061239957556308e-02,5.444899196604516961e-02,1.835682886160375921e-02,1.321812945278156778e-02,1.455206912232833057e-02,1.103531908443231707e-02,1.703804759739275393e-02,2.031226314991662826e-02,2.904350462331362764e-02,2.173715325147794475e-02,5.604062452629983426e-02,5.801121721994845909e-02,1.443080187964226185e-02,4.342883128694861178e-02,1.173260572987721712e-01,5.472184326208882899e-02,7.494315597999090528e-02,5.087160830680612089e-02,1.205093224192814970e-02,3.874488403819918020e-02
2.116113384871911446e-02,0.000000000000000000e+00,2.460209185993633349e-02,1.314233742610277332e-02,4.827952099439138806e-02,7.271487039563437338e-02,6.765196301349098162e-02,1.033803243898741807e-02,9.343641048961649764e-02,5.517659542216158536e-02,4.970441109595270801e-02,3.292405638926784728e-02,9.865090192511748179e-02,3.046839472487494413e-02,2.576928907078975331e-02,2.769440654843110389e-02,1.953918447779293480e-02,3.090798847961194473e-02,3.339396695467636983e-02,6.101258147642867752e-02,2.916477186599969809e-02,1.098984386842504213e-01,9.578596331665908958e-02,4.095801121721994592e-02,8.878278005153858454e-02,1.844474761255116002e-01,1.039260269819615029e-01,1.350765499469455677e-01,9.414885554039714721e-02,2.428376534788540334e-02,6.872820979232985295e-02,2.978626648476580263e-02,1.697741397604972044e-02,2.763377292708807040e-02,1.996361982719417963e-02,3.704714264059420781e-02,1.437016825829922663e-02,8.473548582689100980e-03,2.554191299075337165e-02,2.458693345460057772e-02,2.411702288919205864e-02,1.523419736243747206e-02,2.678490222828558420e-02,9.731696225557071034e-03,5.169016219493709034e-03,1.850841291496134466e-02,4.586933454600575916e-02,4.403516750037896055e-02,1.664392905866302758e-02,5.355464605123540917e-02,7.191147491283916837e-02,7.523116568137032389e-02,1.723510686675761711e-02,9.605881461270274202e-02,5.620736698499317896e-02,6.410489616492344445e-02,5.293315143246930116e-02,9.874185235713202335e-02,3.366681825072002227e-02,2.311656813703198352e-02,2.702743671365772163e-02,2.047900560860997296e-02,3.078672123692587428e-02,3.762316204335303810e-02,5.411550704865848022e-02,3.774442928603911201e-02,1.034712748218887396e-01,1.053357586781870497e-01,2.481430953463695591e-02,7.961194482340458456e-02,2.089434591480976156e-01,1.007882370774594444e-01,1.387903592542064635e-01,9.528573594057905549e-02,2.270729119296650139e-02,7.035015916325602914e-02
1.376383204486887959e-02,2.460209185993633349e-02,0.000000000000000000e+00,8.412914961346065756e-03,3.104441412763377442e-02,4.618766105805668931e-02,4.297407912687585541e-02,6.533272699711990296e-03,5.895103835076549725e-02,3.475822343489464589e-02,3.154464150371381198e-02,2.107018341670456249e-02,6.249810519933302749e-02,1.912990753372745267e-02,1.649234500530544212e-02,1.735637410944368755e-02,1.221767470062149440e-02,1.943307564044262706e-02,2.116113384871911446e-02,3.835076549946945385e-02,1.879642261634075981e-02,6.933454600576019478e-02,6.046687888434136571e-02,2.623919963619827239e-02,5.576777323025617489e-02,1.166136122479915077e-01,6.507503410641200803e-02,8.528118841897831814e-02,5.946642413218129752e-02,1.527967257844474805e-02,4.329240563892678556e-02,1.875094740033348556e-02,1.082310140973169639e-02,1.775049264817341044e-02,1.274821888737304870e-02,2.341973624374715790e-02,9.110201606790964760e-03,5.335758678187054599e-03,1.599211762922540456e-02,1.568894952251023364e-02,1.550704865848112797e-02,9.762013036228589513e-03,1.690162194937092771e-02,6.214946187661058406e-03,3.274215552523874334e-03,1.214188267394270167e-02,2.892223738062755720e-02,2.786114900712445205e-02,1.048961649234500526e-02,3.386387752008488544e-02,4.477792936183113554e-02,4.738517507958162761e-02,1.094436865241776510e-02,6.092163104441412902e-02,3.563741094436865403e-02,4.047294224647567107e-02,3.400030316810671860e-02,6.222525390328937506e-02,2.119145065939063294e-02,1.493102925572229768e-02,1.673487949067757954e-02,1.279369410338032469e-02,1.961497650447173099e-02,2.384417159314839926e-02,3.401546157344247090e-02,2.410186448385629940e-02,6.512050932241927881e-02,6.666666666666666574e-02,1.599211762922540456e-02,4.994694558132484197e-02,1.327573139305744943e-01,6.327118387145672096e-02,8.670607852053964504e-02,5.916325602546611967e-02,1.405184174624829474e-02,4.461118690313779084e-02
7.276034561164165283e-03,1.314233742610277332e-02,8.412914961346065756e-03,0.000000000000000000e+00,1.706836440806427241e-02,2.490525996665150787e-02,2.354100348643322835e-02,3.607700469910565463e-03,3.198423525845080911e-02,1.887221464301955601e-02,1.703804759739275393e-02,1.153554646051235463e-02,3.440958011217219725e-02,1.039866606033045329e-02,8.867667121418827333e-03,9.413369713506139144e-03,6.639381537062300637e-03,1.065635895103834996e-02,1.120206154312566350e-02,2.047900560860997296e-02,1.021676519630134936e-02,3.704714264059420781e-02,3.280278914658178030e-02,1.441564347430650261e-02,3.034712748218887368e-02,6.310444141276337626e-02,3.515234197362437224e-02,4.633924511141428171e-02,3.231772017583749851e-02,8.170380475973928330e-03,2.388964680915567698e-02,1.079278459906017965e-02,6.123995755646505570e-03,9.822646657571623002e-03,7.139608913142337331e-03,1.273306048203728946e-02,4.971956950128846725e-03,2.986205851144459623e-03,9.125360012126723999e-03,8.746399878732756886e-03,8.428073366681824996e-03,5.366075488858572211e-03,9.185993633469759223e-03,3.425799605881461093e-03,1.788691829619523926e-03,6.533272699711990296e-03,1.584053357586781910e-02,1.494618766105805692e-02,5.835986054267091293e-03,1.865999696831893359e-02,2.469304229195088546e-02,2.654236774291344678e-02,6.048203728967712842e-03,3.283310595725329878e-02,1.973624374715779797e-02,2.191905411550704869e-02,1.888737304835531178e-02,3.439442170683643801e-02,1.152038805517659539e-02,8.079430043959374627e-03,9.216310444141275968e-03,6.912232833105957409e-03,1.048961649234500526e-02,1.267242686069425424e-02,1.826587842958920724e-02,1.329392147946036051e-02,3.501591632560254602e-02,3.634985599514931054e-02,8.625132636046688173e-03,2.705775352432924011e-02,7.257844474761254716e-02,3.413672881612854482e-02,4.726390783689556063e-02,3.237835379718053547e-02,7.624677883886614785e-03,2.423829013187812562e-02
2.739123844171593297e-02,4.827952099439138806e-02,3.104441412763377442e-02,1.706836440806427241e-02,0.000000000000000000e+00,9.170835228133999983e-02,8.735788994997725765e-02,1.338487191147491248e-02,1.183568288616037578e-01,7.063816886463543387e-02,6.401394573290890289e-02,4.267091102016067755e-02,1.269061694709716637e-01,3.889646809155676566e-02,3.296953160527512500e-02,3.498559951493102754e-02,2.498105199333030060e-02,3.959375473700166986e-02,4.174624829467939863e-02,7.554949219342124711e-02,3.825981506745490535e-02,1.367136577232075101e-01,1.205244808246172528e-01,5.305441867515537507e-02,1.128240109140518366e-01,2.341367288161285420e-01,1.301045929968167314e-01,1.717295740488100630e-01,1.192814915870850367e-01,3.072608761558284080e-02,8.800970137941488414e-02,3.922995300894346199e-02,2.225253903289373808e-02,3.560709413369713555e-02,2.611793239351220194e-02,4.793087767166893942e-02,1.865999696831893359e-02,1.082310140973169639e-02,3.327269971199029591e-02,3.210550250113688303e-02,3.087767166894042625e-02,1.967561012581476448e-02,3.454600576019403041e-02,1.280885250871608393e-02,6.563589510383507908e-03,2.395028043049871047e-02,5.798090040927694061e-02,5.523722904350462232e-02,2.138850992875549611e-02,6.950128846445353947e-02,9.010156131574958982e-02,9.807488252235864457e-02,2.222222222222222307e-02,1.217371532514779503e-01,7.294224647567075503e-02,8.191602243443989184e-02,6.900106108837350538e-02,1.271638623616795638e-01,4.333788085493406328e-02,2.995300894345914733e-02,3.415188722146430406e-02,2.596634834015461649e-02,3.888130968622100642e-02,4.720327421555252367e-02,6.751553736546915541e-02,4.974988631195997879e-02,1.305138699408822101e-01,1.335607094133697270e-01,3.163559193572836048e-02,1.008185538881309629e-01,2.671517356374109586e-01,1.264362589055631481e-01,1.761558284068515945e-01,1.195998180991359738e-01,2.828558435652569342e-02,8.913142337426102624e-02
3.968470516901621836e-02,7.271487039563437338e-02,4.618766105805668931e-02,2.490525996665150787e-02,9.170835228133999983e-02,0.000000000000000000e+00,1.271790207670153161e-01,1.946339245111414207e-02,1.749886311959981677e-01,1.026375625284220161e-01,9.299681673487948663e-02,6.177050174321661175e-02,1.857510989843868532e-01,5.679854479308776849e-02,4.827952099439138806e-02,5.149310292557222890e-02,3.622858875246324356e-02,5.781415795058359591e-02,6.216462028194633810e-02,1.134758223434894631e-01,5.510080339548279610e-02,2.048506897074427735e-01,1.789449749886311836e-01,7.748976807639836040e-02,1.658026375625284154e-01,3.452175231165681146e-01,1.931332423829013323e-01,2.526451417310898728e-01,1.760345611641655206e-01,4.515688949522510265e-02,1.286039108685766152e-01,5.670759436107321305e-02,3.240867060785205395e-02,5.217523116568136693e-02,3.810823101409731989e-02,6.959223889646809491e-02,2.728512960436562176e-02,1.588600879187509335e-02,4.803698650901925410e-02,4.665757162346521186e-02,4.527815673791116963e-02,2.877065332726997174e-02,5.006821282401091588e-02,1.835682886160375921e-02,9.549795361527967097e-03,3.459148097620130119e-02,8.581173260572987072e-02,8.237077459451265515e-02,3.130210701834167109e-02,1.003334849173866949e-01,1.339093527360921687e-01,1.417310898893436311e-01,3.242382901318781319e-02,1.799605881461270318e-01,1.051235410034864343e-01,1.196149765044717261e-01,9.918144611186903437e-02,1.857056237683795685e-01,6.295285735940578387e-02,4.364104896164923419e-02,5.021979687736850134e-02,3.807791420342580141e-02,5.738972260118235802e-02,6.992572381385478431e-02,1.007730786721236921e-01,7.062301045929968157e-02,1.925875397908139997e-01,1.972714870395634312e-01,4.636956192208579325e-02,1.485826891011065576e-01,3.907988479611944621e-01,1.881916022434440006e-01,2.584204941640139697e-01,1.771411247536759104e-01,4.206457480673032878e-02,1.316355919357283522e-01
3.765347885402455658e-02,6.765196301349098162e-02,4.297407912687585541e-02,2.354100348643322835e-02,8.735788994997725765e-02,1.271790207670153161e-01,0.000000000000000000e+00,1.849325450962558889e-02,1.639836289222373900e-01,9.736243747157799500e-02,8.858572078217372137e-02,5.870850386539336330e-02,1.752160072760345633e-01,5.388813096862209856e-02,4.542974079126875508e-02,4.862816431711383669e-02,3.451568894952251193e-02,5.452478399272396581e-02,5.788994997726239211e-02,1.051690162194937050e-01,5.258450810974685252e-02,1.907988479611944788e-01,1.674094285281188532e-01,7.323025617705017365e-02,1.565256934970441216e-01,3.235410034864332207e-01,1.805517659542216213e-01,2.377747460967106208e-01,1.654843110504774784e-01,4.251932696680309209e-02,1.214339851447627655e-01,5.403971502197969096e-02,3.066545399423980731e-02,4.900712445050780380e-02,3.581931180839775797e-02,6.596938002122176847e-02,2.581476428679702756e-02,1.500682128240109214e-02,4.618766105805668931e-02,4.409580112172199751e-02,4.274670304683947375e-02,2.739123844171593297e-02,4.773381840230407624e-02,1.775049264817341044e-02,8.988934364104896046e-03,3.290889798393208804e-02,8.021828103683492639e-02,7.620130362285887360e-02,2.984690010610883612e-02,9.592238896468091580e-02,1.250871608306806104e-01,1.356677277550401572e-01,3.055934515688949610e-02,1.686372593603152892e-01,1.007124450507806551e-01,1.131574958314385260e-01,9.484614218584204448e-02,1.758829771108079421e-01,5.995149310292557238e-02,4.130665453994240149e-02,4.730938305290283141e-02,3.619827194179172508e-02,5.400939821130817248e-02,6.510535091708352651e-02,9.342125208428073146e-02,6.831893284826436041e-02,1.807943004395937414e-01,1.846142185842049310e-01,4.364104896164923419e-02,1.398514476277095686e-01,3.686827345763225572e-01,1.752766408973776002e-01,2.435500985296346899e-01,1.662573897226011788e-01,3.916931938760042503e-02,1.233439442170683603e-01
5.729877216916780085e-03,1.033803243898741807e-02,6.533272699711990296e-03,3.607700469910565463e-03,1.338487191147491248e-02,1.946339245111414207e-02,1.849325450962558889e-02,0.000000000000000000e+00,2.532969531605275271e-02,1.493102925572229768e-02,1.359708958617553490e-02,9.095043201455207255e-03,2.699711990298620662e-02,8.109746854630893106e-03,7.078975291799302974e-03,7.503410641200546072e-03,5.275125056844020242e-03,8.443231772017584236e-03,8.867667121418827333e-03,1.605275125056844152e-02,8.170380475973928330e-03,2.952857359405790597e-02,2.540548734273154544e-02,1.144459602849780266e-02,2.402607245717750320e-02,5.041685614673336452e-02,2.763377292708807040e-02,3.645596483249961828e-02,2.532969531605275271e-02,6.412005457025920716e-03,1.881158102167651905e-02,8.291647718659997043e-03,4.820372896771259533e-03,7.518569046536304444e-03,5.487342731544641791e-03,9.928755494921934210e-03,3.926026981961497353e-03,2.288919205699560620e-03,7.078975291799302974e-03,6.760648779748370217e-03,6.457480673033196700e-03,4.138244656662118902e-03,7.169925723813854943e-03,2.713354555100803284e-03,1.333939669546763650e-03,4.850689707442777145e-03,1.230862513263604636e-02,1.179323935122025130e-02,4.623313627406397223e-03,1.462786114900712503e-02,1.934212520842807509e-02,2.070638168864635462e-02,4.683947248749431580e-03,2.595118993481885725e-02,1.526451417310898881e-02,1.731089889343640983e-02,1.432469304229195065e-02,2.716386236167955132e-02,9.110201606790964760e-03,6.442322267697438327e-03,7.260876155828406911e-03,5.547976352887676148e-03,8.291647718659997043e-03,1.000454752160072694e-02,1.452175231165681382e-02,1.036834924965893655e-02,2.798241624981051903e-02,2.801273306048203751e-02,6.533272699711990296e-03,2.150977717144156309e-02,5.619220857965741972e-02,2.708807033500075859e-02,3.744126117932393416e-02,2.569349704411096058e-02,5.911778080945884889e-03,1.905411550704865994e-02
5.081097468546309087e-02,9.343641048961649764e-02,5.895103835076549725e-02,3.198423525845080911e-02,1.183568288616037578e-01,1.749886311959981677e-01,1.639836289222373900e-01,2.532969531605275271e-02,0.000000000000000000e+00,1.327118387145672374e-01,1.204941640139457343e-01,7.926330150068212899e-02,2.392299530089434523e-01,7.344247385175078913e-02,6.243747157798999747e-02,6.646960739730180256e-02,4.723359102622404215e-02,7.482188873730483136e-02,7.980900409276943386e-02,1.458541761406700055e-01,7.119902986205850492e-02,2.641048961649234417e-01,2.292557222980142473e-01,9.904502046384720815e-02,2.144004850689707475e-01,4.443534940124299060e-01,2.491283916931938680e-01,3.257389722601182203e-01,2.273002880097013678e-01,5.857207821737153014e-02,1.666060330453236205e-01,7.271487039563437338e-02,4.151887221464301697e-02,6.703046839472487362e-02,4.902228285584356304e-02,8.979839320903440503e-02,3.495528270425950906e-02,2.022131271790207629e-02,6.154312566318023009e-02,6.025466120964074329e-02,5.772320751856904741e-02,3.686524177656510387e-02,6.455964832499620776e-02,2.351068667576170987e-02,1.218735788994997765e-02,4.394421706836440511e-02,1.108382598150674525e-01,1.059269364862816393e-01,4.003334849173866700e-02,1.292405638926784894e-01,1.724117022889191941e-01,1.830225860239502733e-01,4.168561467333636167e-02,2.324996210398665997e-01,1.360921631044414160e-01,1.540700318326511942e-01,1.265726845535849743e-01,2.405032590571472007e-01,8.100651811429437910e-02,5.573745641958465641e-02,6.495376686372593411e-02,4.955282704259511561e-02,7.404881006518114483e-02,9.014703653175686060e-02,1.304683947248749532e-01,9.046536304380779769e-02,2.491890253145369050e-01,2.535849628619069041e-01,5.879945429740791180e-02,1.921024708200697317e-01,5.005457025920873049e-01,2.432924056389267897e-01,3.352129755949674328e-01,2.295134151887221474e-01,5.441867515537365807e-02,1.693951796271032373e-01
3.028649386084584019e-02,5.517659542216158536e-02,3.475822343489464589e-02,1.887221464301955601e-02,7.063816886463543387e-02,1.026375625284220161e-01,9.736243747157799500e-02,1.493102925572229768e-02,1.327118387145672374e-01,0.000000000000000000e+00,7.180536607548886063e-02,4.670304683947248958e-02,1.414279217826284740e-01,4.415643474306502753e-02,3.665302410186448145e-02,3.953312111565863290e-02,2.778535698044565586e-02,4.421706836440806448e-02,4.726390783689556063e-02,8.611490071244505551e-02,4.211005002273760650e-02,1.556616643929058796e-01,1.355767773230256157e-01,5.831438532666363694e-02,1.266030013642564789e-01,2.623313627406396731e-01,1.471123237835379738e-01,1.925723813854782474e-01,1.341064120054570319e-01,3.489464908291647904e-02,9.789298165832954757e-02,4.251932696680309209e-02,2.435955737456419606e-02,3.918447779293618427e-02,2.845232681521903811e-02,5.346369561922086067e-02,2.056995604062452493e-02,1.189934818857056251e-02,3.647112323783537752e-02,3.525845081097468692e-02,3.425799605881461180e-02,2.179778687282097824e-02,3.838108231014097232e-02,1.415795058359860595e-02,7.291192966499924523e-03,2.633015006821282436e-02,6.477186599969683711e-02,6.221009549795361582e-02,2.388964680915567698e-02,7.708049113233288174e-02,1.010762467788388630e-01,1.086402910413824530e-01,2.464756707594361121e-02,1.359102622404123051e-01,8.091556768227982366e-02,9.142034257996058122e-02,7.532211611338486545e-02,1.417007730786721265e-01,4.849173866909201047e-02,3.306048203728968043e-02,3.822949825678338687e-02,2.940730635137183552e-02,4.386842504168561585e-02,5.314536910716992357e-02,7.604971956950129508e-02,5.440351675003789883e-02,1.464301955434288427e-01,1.494315597999090472e-01,3.512202516295286070e-02,1.132939214794603661e-01,2.966651508261330950e-01,1.423677429134455052e-01,1.983477338184023164e-01,1.346824314082158691e-01,3.230256177050174621e-02,9.951493102925572376e-02
2.760345611641655192e-02,4.970441109595270801e-02,3.154464150371381198e-02,1.703804759739275393e-02,6.401394573290890289e-02,9.299681673487948663e-02,8.858572078217372137e-02,1.359708958617553490e-02,1.204941640139457343e-01,7.180536607548886063e-02,0.000000000000000000e+00,4.295892072154009617e-02,1.287706533272699738e-01,3.992723965438835926e-02,3.359102622404123301e-02,3.594057905108382495e-02,2.557222980142489013e-02,4.042746703046839335e-02,4.282249507351826301e-02,7.788388661512808675e-02,3.844171593148400928e-02,1.413066545399424001e-01,1.225708655449446738e-01,5.331211156586326827e-02,1.154615734424738471e-01,2.401849325450962636e-01,1.336061846293769839e-01,1.754737001667424634e-01,1.213430347127482239e-01,3.165075034106411972e-02,8.944974988631196333e-02,3.866909201152039094e-02,2.213127179020767110e-02,3.565256934970441327e-02,2.608761558284068346e-02,4.837047142640594349e-02,1.855388813096862238e-02,1.085341822040321313e-02,3.280278914658178030e-02,3.178717598908594594e-02,3.074124602091860003e-02,1.947855085644990131e-02,3.460663938153706043e-02,1.265726845535849673e-02,6.518114294376231924e-03,2.369258753979081381e-02,5.886008791875094875e-02,5.684402000909504621e-02,2.143398514476277036e-02,7.025920873124147370e-02,9.220857965742003393e-02,9.854479308776716018e-02,2.226769743822949732e-02,1.245717750492648240e-01,7.310898893436409973e-02,8.370471426405942661e-02,6.816734879490678189e-02,1.291192966499924155e-01,4.402000909504320131e-02,3.037744429286039216e-02,3.515234197362437224e-02,2.672426860694255071e-02,4.001819008640290776e-02,4.847658026375625123e-02,6.980445657116871039e-02,4.947703501591632635e-02,1.340003031681067103e-01,1.354251932696680372e-01,3.184780961042898290e-02,1.034561164165529734e-01,2.696377141124753907e-01,1.301955434288313007e-01,1.804001819008640428e-01,1.231923601637107818e-01,2.939214794603607628e-02,9.067758071850841317e-02
1.884189783234803753e-02,3.292405638926784728e-02,2.107018341670456249e-02,1.153554646051235463e-02,4.267091102016067755e-02,6.177050174321661175e-02,5.870850386539336330e-02,9.095043201455207255e-03,7.926330150068212899e-02,4.670304683947248958e-02,4.295892072154009617e-02,0.000000000000000000e+00,8.487191147491283949e-02,2.607245717750492769e-02,2.229801424890101580e-02,2.352584508109746911e-02,1.634076095194785666e-02,2.648173412157040982e-02,2.824010914051841917e-02,5.097771714415643557e-02,2.587539790814006452e-02,9.295134151887221585e-02,8.194633924511141032e-02,3.587994542974078799e-02,7.586781870547218420e-02,1.585114445960285057e-01,8.749431559799908387e-02,1.150219796877368500e-01,8.006669698347733399e-02,2.052448082461725068e-02,5.899651356677277497e-02,2.614824920418372042e-02,1.506745490374412563e-02,2.423829013187812562e-02,1.753827497347279149e-02,3.196907685311504987e-02,1.247536759132939280e-02,7.245717750492648539e-03,2.229801424890101580e-02,2.158556919812035929e-02,2.096407457935425128e-02,1.324844626345308453e-02,2.293466727300287958e-02,8.564499014703652949e-03,4.411095952705775675e-03,1.650750341064120136e-02,3.882067606487797640e-02,3.736546915264514490e-02,1.444596028497802109e-02,4.671820524480824882e-02,6.046687888434136571e-02,6.584811277853569456e-02,1.506745490374412563e-02,8.165832954373200558e-02,4.859784750644232515e-02,5.497953615279672912e-02,4.659693800212217490e-02,8.570562376837956298e-02,2.905866302864938688e-02,2.035773836592390598e-02,2.272244959830225716e-02,1.723510686675761711e-02,2.622404123086251315e-02,3.178717598908594594e-02,4.535394876458996583e-02,3.351523419736243681e-02,8.746399878732757927e-02,8.978323480369865273e-02,2.164620281946339278e-02,6.784902228285584480e-02,1.804001819008640428e-01,8.490222828558435797e-02,1.180081855388813161e-01,7.994542974079127395e-02,1.882673942701227829e-02,6.005760194027588011e-02
5.434288312869486187e-02,9.865090192511748179e-02,6.249810519933302749e-02,3.440958011217219725e-02,1.269061694709716637e-01,1.857510989843868532e-01,1.752160072760345633e-01,2.699711990298620662e-02,2.392299530089434523e-01,1.414279217826284740e-01,1.287706533272699738e-01,8.487191147491283949e-02,0.000000000000000000e+00,7.871759890859481024e-02,6.612096407457936087e-02,7.115355464605123414e-02,5.040169774139760528e-02,7.999090495679854473e-02,8.472032742155524709e-02,1.538123389419432940e-01,7.600424435349401042e-02,2.794603607700469894e-01,2.442019099590723163e-01,1.060027285129604424e-01,2.285887524632408685e-01,4.723359102622404215e-01,2.648324996210398852e-01,3.476125511596180329e-01,2.421403668334091153e-01,6.225557071396089354e-02,1.772775504016977366e-01,7.808094588449294993e-02,4.415643474306502753e-02,7.101712899802940793e-02,5.179627103228740675e-02,9.567985447930878184e-02,3.747157798999545264e-02,2.176747006214946323e-02,6.672730028800970270e-02,6.399878732757313671e-02,6.198271941791723416e-02,3.960891314233742910e-02,6.884947703501591298e-02,2.537517053206002696e-02,1.312717902076701582e-02,4.737001667424586837e-02,1.172957404881006527e-01,1.121115658632711870e-01,4.297407912687585541e-02,1.390025769289070789e-01,1.832954373199939258e-01,1.967106260421403741e-01,4.426254358041534220e-02,2.461118690313779112e-01,1.456268000606336099e-01,1.643171138396240794e-01,1.363195391844777837e-01,2.563286342276792640e-01,8.693345460057601282e-02,5.975443383356070920e-02,6.918296195240260238e-02,5.288767621646203038e-02,7.924814309534636281e-02,9.569501288464453415e-02,1.369713506139154102e-01,9.777171441564347365e-02,2.643777474609670941e-01,2.695467636804608214e-01,6.333181749279975792e-02,2.043201455206912209e-01,5.358041534030619779e-01,2.569198120357738535e-01,3.559648324996210200e-01,2.434136728816128636e-01,5.822343489464908151e-02,1.806427163862361629e-01
1.637107776261937167e-02,3.046839472487494413e-02,1.912990753372745267e-02,1.039866606033045329e-02,3.889646809155676566e-02,5.679854479308776849e-02,5.388813096862209856e-02,8.109746854630893106e-03,7.344247385175078913e-02,4.415643474306502753e-02,3.992723965438835926e-02,2.607245717750492769e-02,7.871759890859481024e-02,0.000000000000000000e+00,2.032742155525238750e-02,2.199484614218584141e-02,1.567379111717447440e-02,2.454145823859330000e-02,2.637562528422009861e-02,4.761255115961800927e-02,2.320751856904653548e-02,8.576625738972259994e-02,7.471577989995452362e-02,3.219645293315143153e-02,7.036531756859178144e-02,1.450053054418675158e-01,8.149158708503864701e-02,1.075337274518720632e-01,7.456419584659693123e-02,1.932696680309231585e-02,5.440351675003789883e-02,2.378353797180536577e-02,1.324844626345308453e-02,2.146430195543428884e-02,1.570410792784598941e-02,2.914961346066393885e-02,1.142943762316204342e-02,6.715173563741094233e-03,2.028194633924510978e-02,1.911474912839169343e-02,1.884189783234803753e-02,1.200545702592087371e-02,2.146430195543428884e-02,7.821737153251477961e-03,4.138244656662118902e-03,1.455206912232833057e-02,3.601637107776262114e-02,3.445505532817947497e-02,1.312717902076701582e-02,4.283765347885402225e-02,5.649537668637259064e-02,6.005760194027588011e-02,1.358193118083977566e-02,7.574655146278611029e-02,4.505078065787479491e-02,5.088676671214188013e-02,4.204941640139457648e-02,7.797483704714264219e-02,2.686069425496437693e-02,1.828103683492496648e-02,2.149461876610580732e-02,1.621949370926178621e-02,2.437471577989995530e-02,2.939214794603607628e-02,4.203425799605881724e-02,3.028649386084584019e-02,8.134000303168106849e-02,8.287100197059268925e-02,1.947855085644990131e-02,6.292254054873427926e-02,1.649082916477186689e-01,7.892981658329543959e-02,1.094891617401849288e-01,7.501894800666969454e-02,1.796271032287403285e-02,5.514627861149007382e-02
1.441564347430650261e-02,2.576928907078975331e-02,1.649234500530544212e-02,8.867667121418827333e-03,3.296953160527512500e-02,4.827952099439138806e-02,4.542974079126875508e-02,7.078975291799302974e-03,6.243747157798999747e-02,3.665302410186448145e-02,3.359102622404123301e-02,2.229801424890101580e-02,6.612096407457936087e-02,2.032742155525238750e-02,0.000000000000000000e+00,1.832651205093224073e-02,1.288464453539487665e-02,2.067606487797483614e-02,2.220706381688646383e-02,4.001819008640290776e-02,1.993330301652266115e-02,7.344247385175078913e-02,6.381688646354403971e-02,2.805820827648931176e-02,5.905714718811581193e-02,1.246930422919508841e-01,6.874336819766560525e-02,9.017735334242837908e-02,6.263453084735486065e-02,1.599211762922540456e-02,4.646051235410034869e-02,1.988782780051538690e-02,1.167197210853418259e-02,1.873578899499772632e-02,1.356677277550401642e-02,2.472335910262240394e-02,9.580112172199483841e-03,5.638926784902228116e-03,1.688646354403516847e-02,1.668940427467030529e-02,1.602243443989692304e-02,1.021676519630134936e-02,1.762922540548734346e-02,6.533272699711990296e-03,3.304532363195391946e-03,1.227830832196452962e-02,3.052902834621797762e-02,2.952857359405790597e-02,1.120206154312566350e-02,3.601637107776262114e-02,4.749128391693193535e-02,5.062907382143398693e-02,1.159618008185538812e-02,6.457480673033197394e-02,3.736546915264514490e-02,4.289828710019705921e-02,3.542519326966803161e-02,6.651508261330907334e-02,2.241928149158708625e-02,1.590116719721085259e-02,1.791723510686675860e-02,1.350613915416098293e-02,2.058511444596028417e-02,2.492041837198726711e-02,3.609216310444141040e-02,2.531453691071699347e-02,6.912232833105957930e-02,6.998635743519782126e-02,1.650750341064120136e-02,5.334242837653478675e-02,1.398362892223738163e-01,6.721236925875398449e-02,9.223889646809155241e-02,6.289222373806276079e-02,1.471881158102167700e-02,4.714264059420948672e-02
1.502197968773684965e-02,2.769440654843110389e-02,1.735637410944368755e-02,9.413369713506139144e-03,3.498559951493102754e-02,5.149310292557222890e-02,4.862816431711383669e-02,7.503410641200546072e-03,6.646960739730180256e-02,3.953312111565863290e-02,3.594057905108382495e-02,2.352584508109746911e-02,7.115355464605123414e-02,2.199484614218584141e-02,1.832651205093224073e-02,0.000000000000000000e+00,1.417310898893436345e-02,2.205547976352887837e-02,2.376837956646960653e-02,4.324693042291950784e-02,2.100954979536152900e-02,7.820221312717902384e-02,6.804608155222070798e-02,2.925572229801425006e-02,6.346824314082158414e-02,1.316052751250568476e-01,7.407912687585266331e-02,9.708958617553432868e-02,6.739427012278308149e-02,1.744732454145823952e-02,4.929513415188722242e-02,2.154009398211308157e-02,1.211156586327118319e-02,1.959981809913597176e-02,1.417310898893436345e-02,2.660300136425648027e-02,1.030771562831590132e-02,6.002728512960436857e-03,1.843262088828255194e-02,1.746248294679399876e-02,1.697741397604972044e-02,1.082310140973169639e-02,1.920569956040624540e-02,7.018341670456267750e-03,3.607700469910565463e-03,1.306654539942398059e-02,3.251477944520236169e-02,3.119599818099135988e-02,1.200545702592087371e-02,3.845687433681976852e-02,5.140215249355768040e-02,5.435804153403062111e-02,1.229346672730028886e-02,6.840988328027891585e-02,4.018493254509625245e-02,4.582385932999848144e-02,3.753221161133848960e-02,7.138093072608761580e-02,2.422313172654236638e-02,1.649234500530544212e-02,1.937244201909959010e-02,1.476428679702895298e-02,2.216158860087918611e-02,2.683037744429286192e-02,3.836592390480521308e-02,2.711838714567227360e-02,7.406396847051689714e-02,7.479157192663331288e-02,1.741700773078672104e-02,5.676822798241625001e-02,1.481734121570410789e-01,7.191147491283916837e-02,9.962103986660603150e-02,6.844020009095043433e-02,1.643171138396240863e-02,5.009852963468243436e-02
1.050477489768076450e-02,1.953918447779293480e-02,1.221767470062149440e-02,6.639381537062300637e-03,2.498105199333030060e-02,3.622858875246324356e-02,3.451568894952251193e-02,5.275125056844020242e-03,4.723359102622404215e-02,2.778535698044565586e-02,2.557222980142489013e-02,1.634076095194785666e-02,5.040169774139760528e-02,1.567379111717447440e-02,1.288464453539487665e-02,1.417310898893436345e-02,0.000000000000000000e+00,1.565863271183871516e-02,1.685614673336364999e-02,3.078672123692587428e-02,1.471881158102167700e-02,5.538881309686220777e-02,4.788540245566166170e-02,2.037289677125966175e-02,4.500530544186751719e-02,9.255722298014248950e-02,5.246324086706078554e-02,6.903137789904502386e-02,4.794603607700469866e-02,1.258147642867970227e-02,3.475822343489464589e-02,1.511293011975140162e-02,8.549340609367893709e-03,1.362740639684705164e-02,9.974230710929210195e-03,1.894800666969834874e-02,7.291192966499924523e-03,4.153403061997878142e-03,1.282401091405184143e-02,1.227830832196452962e-02,1.186903137789904576e-02,7.639836289222374024e-03,1.370319842352584437e-02,5.017432166136122709e-03,2.546612096407457719e-03,9.140518417462483239e-03,2.310140973169622428e-02,2.201000454752160065e-02,8.443231772017584236e-03,2.714870395634379208e-02,3.630438077914203282e-02,3.857814157950583550e-02,8.640291041382447412e-03,4.838562983174170273e-02,2.878581173260573098e-02,3.246930422919509091e-02,2.623919963619827239e-02,5.040169774139760528e-02,1.720479005608609863e-02,1.144459602849780266e-02,1.376383204486887959e-02,1.058056692435955723e-02,1.556768227982416319e-02,1.893284826436258950e-02,2.710322874033651783e-02,1.905411550704865994e-02,5.217523116568136693e-02,5.281188418978323418e-02,1.209640745793542568e-02,4.026072457177504865e-02,1.043201455206912293e-01,5.079581628012733163e-02,7.062301045929968157e-02,4.865848112778535517e-02,1.165681370319842335e-02,3.536455964832499466e-02
1.718963165075033939e-02,3.090798847961194473e-02,1.943307564044262706e-02,1.065635895103834996e-02,3.959375473700166986e-02,5.781415795058359591e-02,5.452478399272396581e-02,8.443231772017584236e-03,7.482188873730483136e-02,4.421706836440806448e-02,4.042746703046839335e-02,2.648173412157040982e-02,7.999090495679854473e-02,2.454145823859330000e-02,2.067606487797483614e-02,2.205547976352887837e-02,1.565863271183871516e-02,0.000000000000000000e+00,2.636046687888434284e-02,4.824920418371986958e-02,2.360163710777626184e-02,8.763074124602092396e-02,7.609519478550856586e-02,3.293921479460360652e-02,7.113839624071548184e-02,1.479157192663331788e-01,8.326512050932241560e-02,1.089586175534333762e-01,7.551917538274972863e-02,1.956950128846445328e-02,5.517659542216158536e-02,2.408670607852054016e-02,1.376383204486887959e-02,2.210095497953615262e-02,1.599211762922540456e-02,2.966499924207973218e-02,1.152038805517659539e-02,6.715173563741094233e-03,2.061543125663180265e-02,1.972108534182203873e-02,1.923601637107776388e-02,1.221767470062149440e-02,2.131271790207669992e-02,7.821737153251477961e-03,4.077611035319084545e-03,1.488555403971502170e-02,3.648628164317113676e-02,3.512202516295286070e-02,1.329392147946036051e-02,4.314082158556920010e-02,5.729877216916780258e-02,6.116416552978626991e-02,1.388509928755495004e-02,7.688343186296801857e-02,4.532363195391844735e-02,5.125056844020008801e-02,4.214036683340912498e-02,7.989995452478398930e-02,2.693648628164316966e-02,1.856904653630438162e-02,2.166136122479915202e-02,1.658329543731999409e-02,2.475367591329392242e-02,2.996816734879490657e-02,4.308018796422616314e-02,3.037744429286039216e-02,8.273457632257086303e-02,8.393209034409579439e-02,1.969076853115052372e-02,6.374109443686523657e-02,1.666969834773381898e-01,8.049113233287857883e-02,1.111717447324541419e-01,7.606487797483704738e-02,1.817492799757465527e-02,5.641958465969380138e-02
1.826587842958920724e-02,3.339396695467636983e-02,2.116113384871911446e-02,1.120206154312566350e-02,4.174624829467939863e-02,6.216462028194633810e-02,5.788994997726239211e-02,8.867667121418827333e-03,7.980900409276943386e-02,4.726390783689556063e-02,4.282249507351826301e-02,2.824010914051841917e-02,8.472032742155524709e-02,2.637562528422009861e-02,2.220706381688646383e-02,2.376837956646960653e-02,1.685614673336364999e-02,2.636046687888434284e-02,0.000000000000000000e+00,5.219038957101712617e-02,2.513263604668788953e-02,9.440654843110504735e-02,8.200697286645444728e-02,3.530392602698196464e-02,7.589813551614370268e-02,1.583295437319993948e-01,8.885857207821737380e-02,1.161588600879187444e-01,8.091556768227982366e-02,2.103986660603304401e-02,5.886008791875094875e-02,2.516295285735940454e-02,1.452175231165681382e-02,2.345005305441867638e-02,1.697741397604972044e-02,3.178717598908594594e-02,1.218735788994997765e-02,7.169925723813854943e-03,2.158556919812035929e-02,2.087312414733969931e-02,2.061543125663180265e-02,1.305138699408822135e-02,2.302561770501743155e-02,8.291647718659997043e-03,4.380779142034258063e-03,1.588600879187509335e-02,3.918447779293618427e-02,3.792633015006821595e-02,1.417310898893436345e-02,4.592996816734879612e-02,6.101258147642867752e-02,6.431711383962407380e-02,1.471881158102167700e-02,8.252235864787024755e-02,4.812793694103380260e-02,5.497953615279672912e-02,4.511141427921782493e-02,8.467485220554797631e-02,2.914961346066393885e-02,2.003941185387297236e-02,2.325299378505381320e-02,1.768985902683037695e-02,2.676974382294982496e-02,3.225708655449446849e-02,4.617250265272093701e-02,3.237835379718053547e-02,8.894952251023192924e-02,8.999545247839926820e-02,2.137335152341973687e-02,6.842504168561466815e-02,1.788843413672881744e-01,8.656965287251780494e-02,1.188418978323480396e-01,8.127936941033803153e-02,1.964529331514324600e-02,6.049719569501288419e-02
3.240867060785205395e-02,6.101258147642867752e-02,3.835076549946945385e-02,2.047900560860997296e-02,7.554949219342124711e-02,1.134758223434894631e-01,1.051538578141579527e-01,1.605275125056844152e-02,1.458541761406700055e-01,8.611490071244505551e-02,7.788388661512808675e-02,5.097771714415643557e-02,1.538123389419432940e-01,4.761255115961800927e-02,4.001819008640290776e-02,4.324693042291950784e-02,3.078672123692587428e-02,4.824920418371986958e-02,5.219038957101712617e-02,0.000000000000000000e+00,4.499014703653175795e-02,1.711232378353797212e-01,1.488252235864787054e-01,6.321055025011368400e-02,1.381385478247688370e-01,2.865696528725177883e-01,1.621343034712748321e-01,2.110959527057753582e-01,1.474306502955889109e-01,3.816886463544034991e-02,1.070941336971350660e-01,4.624829467939972627e-02,2.628467485220554664e-02,4.283765347885402225e-02,3.104441412763377442e-02,5.779899954524783667e-02,2.246475670759436050e-02,1.315749583143853256e-02,3.916931938760042503e-02,3.809307260876156065e-02,3.741094436865241568e-02,2.367742913445505457e-02,4.154918902531453545e-02,1.518872214643019608e-02,8.049113233287857883e-03,2.849780203122631583e-02,7.182052448082461293e-02,6.877368500833712373e-02,2.575413066545399407e-02,8.285584356525693694e-02,1.119448234045778423e-01,1.170228891920570002e-01,2.693648628164316966e-02,1.504471729574048677e-01,8.775200848870698400e-02,1.001212672426860656e-01,8.171896316507502867e-02,1.533879035925420631e-01,5.209943913900257767e-02,3.581931180839775797e-02,4.223131726542368042e-02,3.199939366378656835e-02,4.794603607700469866e-02,5.876913748673639332e-02,8.453842655752615010e-02,5.814764286797029225e-02,1.612702743671365901e-01,1.644686978929816579e-01,3.830529028346218307e-02,1.240867060785205422e-01,3.240109140518417363e-01,1.572684553584962897e-01,2.159314840078823683e-01,1.485220554797635206e-01,3.551614370168258011e-02,1.094285281188418918e-01
1.658329543731999409e-02,2.916477186599969809e-02,1.879642261634075981e-02,1.021676519630134936e-02,3.825981506745490535e-02,5.510080339548279610e-02,5.258450810974685252e-02,8.170380475973928330e-03,7.119902986205850492e-02,4.211005002273760650e-02,3.844171593148400928e-02,2.587539790814006452e-02,7.600424435349401042e-02,2.320751856904653548e-02,1.993330301652266115e-02,2.100954979536152900e-02,1.471881158102167700e-02,2.360163710777626184e-02,2.513263604668788953e-02,4.499014703653175795e-02,0.000000000000000000e+00,8.305290283462180012e-02,7.259360315294831334e-02,3.246930422919509091e-02,6.750037896013338923e-02,1.412460209185993631e-01,7.759587691374866814e-02,1.024708200697286714e-01,7.085038653933606323e-02,1.808397756556010330e-02,5.281188418978323418e-02,2.349552827042595063e-02,1.355161437016825891e-02,2.146430195543428884e-02,1.574958314385326713e-02,2.860391086857662704e-02,1.117174473245414502e-02,6.548431105047748668e-03,2.014552069122328357e-02,1.950886766712141979e-02,1.859936334697589663e-02,1.192966499924207925e-02,2.047900560860997296e-02,7.730786721236925993e-03,3.774442928603911028e-03,1.421858420494163944e-02,3.469758981355161587e-02,3.316659087463998817e-02,1.297559496740942862e-02,4.174624829467939863e-02,5.356980445657116841e-02,5.886008791875094875e-02,1.329392147946036051e-02,7.306351371835682895e-02,4.326208882825526708e-02,4.888585720782173683e-02,4.126117932393512377e-02,7.670153099893890769e-02,2.587539790814006452e-02,1.837198726693951845e-02,2.034257996058814674e-02,1.546157344247385199e-02,2.340457783841139866e-02,2.799757465514627827e-02,4.047294224647567107e-02,2.968015764741549142e-02,7.832348036986508388e-02,7.933909352736091825e-02,1.893284826436258950e-02,6.064877974837046964e-02,1.597241170228891893e-01,7.586781870547218420e-02,1.052902834621797790e-01,7.145672275276640506e-02,1.653782022131271637e-02,5.364559648324996460e-02
