0.000000000000000000e+00,2.347306932394124107e-02,1.690146894596684241e-02,9.299029293016063125e-03,4.065372390688085091e-02,4.608710591873550061e-02,5.770552358044841318e-02,7.817197835237522929e-03,4.887896228846318886e-02,3.010909715660166699e-02,3.650889098874667005e-02,2.029464822609741356e-02,7.308220943217937082e-02,1.724508203762563363e-02,1.885576840477622140e-02,1.821149385791598699e-02,1.187612748045700599e-02,2.474014259943303762e-02,1.954299458809380732e-02,4.937290610772270688e-02,2.038055149901211310e-02,7.593849325659307592e-02,5.991753285800188733e-02,2.216304441199209649e-02,5.164934283996220482e-02,1.069280989605704002e-01,6.850786014947168878e-02,9.045614637917705203e-02,6.895885233227386224e-02,1.655785585430804771e-02,5.033931792801305677e-02,1.926380895112103642e-02,1.206940984451507562e-02,2.617902242075422978e-02,1.372304784812301316e-02,2.192681041147667709e-02,8.461472382097757344e-03,7.752770380551499141e-03,1.831887294905935881e-02,1.483979039601408811e-02,1.653638003607937543e-02,1.303582166480542898e-02,1.342238639292156997e-02,6.292414741001632096e-03,3.307276007215875085e-03,1.352976548406494353e-02,2.355897259685594061e-02,2.566360278326604294e-02,1.133923202474014340e-02,3.339489734558886980e-02,4.174899063654325532e-02,5.210033502276436440e-02,1.030839274976376625e-02,5.321707757065544109e-02,3.305128425393007163e-02,4.185636972768662367e-02,3.442573662056524347e-02,6.932394124216133269e-02,1.838330040374538260e-02,2.020874495318271749e-02,1.990808349798127430e-02,1.168284511639893462e-02,2.081006786358560387e-02,2.645820805772700068e-02,4.801992955931620732e-02,2.467571514474701383e-02,5.809208830856455591e-02,7.548750107379091634e-02,1.859805858603212625e-02,4.810583283223091033e-02,1.305514990121123542e-01,6.743406923803796360e-02,9.395670475045099501e-02,6.541534232454256081e-02,1.593505712567648905e-02,5.072588265612919950e-02
2.347306932394124107e-02,0.000000000000000000e+00,2.959367751911347669e-02,1.561291985224637011e-02,6.925951378747530196e-02,8.008332617472725679e-02,9.803711021389914515e-02,1.340091057469289595e-02,8.596770036938407300e-02,5.205738338630701983e-02,6.277381668241560631e-02,3.433983334765054740e-02,1.260845288205480752e-01,2.950777424619878062e-02,3.204192079718237024e-02,3.221372734301176932e-02,2.038055149901211310e-02,4.310196718494974794e-02,3.380293789193368481e-02,8.564556309595396100e-02,3.397474443776307695e-02,1.314105317412593288e-01,1.023752254960914043e-01,3.728202044497895551e-02,8.961858946825873584e-02,1.819431320333304569e-01,1.185035649858259543e-01,1.567305214328665874e-01,1.205652435357787156e-01,2.929301606391203350e-02,8.605360364229877601e-02,3.266471952581393584e-02,2.070268877244222858e-02,4.426166136929816919e-02,2.327978695988317318e-02,3.773301262778111509e-02,1.436732239498324931e-02,1.348681384760759376e-02,3.118288806803539218e-02,2.501932823640580852e-02,2.813332187956361224e-02,2.203418950262004891e-02,2.373077914268533622e-02,1.073790911433725702e-02,5.712567648827420602e-03,2.248518168542221543e-02,4.039601408813675576e-02,4.464822609741431192e-02,1.930676058757838792e-02,5.680353921484408708e-02,7.248088652177647750e-02,8.912464564899923170e-02,1.763164676574177636e-02,9.230306674684304880e-02,5.695386994244480694e-02,7.271712052229190038e-02,5.654582939609999193e-02,1.196847349884030548e-01,3.227815479769779311e-02,3.438278498410789197e-02,3.504853534919680214e-02,1.947856713340778353e-02,3.620822953354523033e-02,4.638776737393694727e-02,8.386307018297396720e-02,4.189932136414397518e-02,1.019457091315179170e-01,1.303367408298256036e-01,3.075337170346190141e-02,8.298256163559832033e-02,2.222747186667811958e-01,1.163130315265011594e-01,1.635383558113564229e-01,1.148741517051799638e-01,2.817627351602096028e-02,8.717034619018984576e-02
1.690146894596684241e-02,2.959367751911347669e-02,0.000000000000000000e+00,1.110299802422472226e-02,4.978094665406752189e-02,5.830684649085129956e-02,7.001116742547891514e-02,9.664118202903530103e-03,6.208659049909801692e-02,3.818400481058328161e-02,4.550725882656129345e-02,2.469719096297568958e-02,9.032729146980500445e-02,2.134696331930246646e-02,2.360192423331328865e-02,2.334421441456919349e-02,1.479683875955673834e-02,3.135469461386478779e-02,2.489047332703376095e-02,6.249463104544283193e-02,2.450390859891761822e-02,9.636199639206254053e-02,7.422042779829911285e-02,2.673739369469976812e-02,6.505025341465510424e-02,1.319903788334335637e-01,8.570999055063997785e-02,1.133278927927154067e-01,8.708444291727514275e-02,2.126106004638776692e-02,6.225839704492740906e-02,2.315093205051112560e-02,1.481831457778541410e-02,3.163388025083755523e-02,1.657933167253672346e-02,2.708100678635855935e-02,1.026544111330641648e-02,9.771497294046903662e-03,2.220599604844944452e-02,1.776050167511382047e-02,2.031612404432608932e-02,1.591358130744781330e-02,1.705179967356756227e-02,7.666867107636801335e-03,4.101881281676831963e-03,1.651490421785069967e-02,2.942187097328408107e-02,3.330899407267416679e-02,1.387337857572373476e-02,4.048191736105145877e-02,5.270165793316725078e-02,6.384760759384933149e-02,1.245597457263121662e-02,6.687569796409242873e-02,4.121209518082639273e-02,5.272313375139593000e-02,4.041748990636543498e-02,8.613950691521346514e-02,2.321535950519714939e-02,2.521261060046387642e-02,2.557769951035134340e-02,1.391633021218108453e-02,2.620049823898290553e-02,3.423245425650717211e-02,6.146379177046645131e-02,3.064599261231852959e-02,7.477879907224464773e-02,9.479426166136929732e-02,2.218452023022077224e-02,5.955244394811442382e-02,1.623571858087793085e-01,8.422815909286143765e-02,1.188471780774847525e-01,8.409930418348939007e-02,2.083154368181427615e-02,6.283824413710162315e-02
9.299029293016063125e-03,1.561291985224637011e-02,1.110299802422472226e-02,0.000000000000000000e+00,2.740314405978867829e-02,3.058156515763250580e-02,3.867794862984279963e-02,5.111244738424534223e-03,3.313718752684477464e-02,2.042350313546946114e-02,2.433210205308822260e-02,1.368009621166566513e-02,4.905076883429258794e-02,1.157546602525556280e-02,1.243449875440254260e-02,1.245597457263121662e-02,8.074907653981616348e-03,1.677261403659479483e-02,1.301434584657675496e-02,3.272914698049995963e-02,1.346533802937891974e-02,5.059702774675715192e-02,3.930074735847435830e-02,1.434584657675457356e-02,3.474787389399536242e-02,7.106348251868396804e-02,4.544283137187526966e-02,6.099132376943561251e-02,4.675285628382441078e-02,1.142513529765484120e-02,3.333046989090284601e-02,1.292844257366205715e-02,8.031956017524268313e-03,1.707327549179623802e-02,9.234601838330041071e-03,1.473241130487071629e-02,5.691091830598745717e-03,5.218623829567906915e-03,1.224121639034447297e-02,9.664118202903530103e-03,1.084528820548062884e-02,8.547375655012455151e-03,9.170174383644017282e-03,4.273687827506227575e-03,2.147581822867451230e-03,8.697706382613176745e-03,1.569882312516106965e-02,1.696589640065286619e-02,7.516536380036079740e-03,2.237780259427884361e-02,2.796151533373421663e-02,3.517739025856884971e-02,6.807834378489820669e-03,3.590756807834378367e-02,2.212009277553474845e-02,2.832660424362168361e-02,2.265698823125161104e-02,4.658104973799501863e-02,1.239154711794519456e-02,1.312172493772012678e-02,1.346533802937891974e-02,7.709818744094150238e-03,1.393780603040975855e-02,1.784640494802852001e-02,3.167683188729490673e-02,1.634309767202130406e-02,3.910746499441628693e-02,4.986684992698221797e-02,1.200498238982905183e-02,3.240700970706984069e-02,8.590327291469805615e-02,4.479855682501503178e-02,6.380465595739197304e-02,4.346705609483721144e-02,1.093119147839532665e-02,3.386736534661970860e-02
4.065372390688085091e-02,6.925951378747530196e-02,4.978094665406752189e-02,2.740314405978867829e-02,0.000000000000000000e+00,1.360707842968817138e-01,1.713126020101365943e-01,2.287174641353835469e-02,1.465509835924748705e-01,9.011253328751825387e-02,1.081522205996048452e-01,5.978867794862983975e-02,2.169057641096125699e-01,5.119835065716003830e-02,5.409758611803109490e-02,5.499957048363542794e-02,3.532772098616957651e-02,7.359762906966756113e-02,5.759814448930504482e-02,1.448543939524095936e-01,5.938063740228502474e-02,2.229619448500987922e-01,1.728159092861437929e-01,6.313890559230306287e-02,1.532943905162786613e-01,3.108195172236062342e-01,2.000472468001030790e-01,2.693497122240357533e-01,2.044283137187526966e-01,5.036079374624172905e-02,1.472167339575637945e-01,5.794175758096383605e-02,3.612232626063052732e-02,7.619620307533717107e-02,4.065372390688085091e-02,6.601666523494545413e-02,2.553474787389399536e-02,2.312945623228244985e-02,5.547203848466626674e-02,4.348853191306589067e-02,4.868567992440511749e-02,3.811957735589725782e-02,4.129799845374108880e-02,1.937118804226441171e-02,9.728545657589553891e-03,3.906451335795893542e-02,6.840048105832832737e-02,7.565930761962030848e-02,3.358817970964693422e-02,9.923975603470491791e-02,1.226913495404174936e-01,1.558070612490335960e-01,3.058156515763250580e-02,1.580834979812730801e-01,9.835924748732927103e-02,1.252899235460871175e-01,9.818744094149986501e-02,2.055880079031011110e-01,5.512842539300747552e-02,5.768404776221974090e-02,5.963834722102911989e-02,3.367408298256163723e-02,6.137788849755175524e-02,7.933167253672364361e-02,1.398505283051284243e-01,7.239498324886178837e-02,1.719568765569968183e-01,2.219525813933510838e-01,5.246542393265183485e-02,1.423631990378833312e-01,3.791555708272485448e-01,1.959238897001975843e-01,2.802809037024310834e-01,1.923589038742375967e-01,4.870715574263379671e-02,1.480113392320247523e-01
4.608710591873550061e-02,8.008332617472725679e-02,5.830684649085129956e-02,3.058156515763250580e-02,1.360707842968817138e-01,0.000000000000000000e+00,1.922730006013229076e-01,2.615754660252555749e-02,1.679623743664633573e-01,1.028262176788935639e-01,1.225839704492741183e-01,6.678979469117773959e-02,2.466068207198694184e-01,5.804913667210720440e-02,6.365432522979125318e-02,6.292414741001632617e-02,4.035306245167941119e-02,8.495833691263636467e-02,6.657503650889098901e-02,1.690791169143544270e-01,6.608109268963147098e-02,2.598144489305042604e-01,2.009062795292500536e-01,7.239498324886178837e-02,1.771110729318786936e-01,3.570784296881711062e-01,2.327763937806030525e-01,3.076410961257624033e-01,2.361480972425049341e-01,5.757666867107636560e-02,1.682415600034361247e-01,6.414826904905077121e-02,4.134095009019843336e-02,8.691263637144575060e-02,4.576496864530538861e-02,7.389829052486900085e-02,2.856283824413710301e-02,2.663001460355639630e-02,6.081951722360622037e-02,4.887896228846318886e-02,5.489219139249205265e-02,4.280130572974830128e-02,4.655957391976634635e-02,2.128253586461644267e-02,1.099561893308135044e-02,4.451937118804226434e-02,7.956790653723906648e-02,8.817970964693755409e-02,3.779744008246713888e-02,1.113521175156773485e-01,1.420840134009105638e-01,1.742977407439223470e-01,3.433983334765054740e-02,1.815780431234430004e-01,1.105360364229877185e-01,1.432437075852590058e-01,1.100206167854995282e-01,2.339575637831801391e-01,6.298857486470234301e-02,6.779915814792543405e-02,6.885147324113048695e-02,3.781891590069581810e-02,7.069839360879649759e-02,9.178764710935487237e-02,1.655141310883944672e-01,8.173696417833518912e-02,2.008848037110213813e-01,2.566575036508890739e-01,6.043295249549007764e-02,1.622712825358646194e-01,4.376127480457005503e-01,2.286315608624688578e-01,3.202044497895369934e-01,2.251739541276522594e-01,5.532170775706554688e-02,1.701529078257881522e-01
5.770552358044841318e-02,9.803711021389914515e-02,7.001116742547891514e-02,3.867794862984279963e-02,1.713126020101365943e-01,1.922730006013229076e-01,0.000000000000000000e+00,3.268619534404260812e-02,2.065973713598488193e-01,1.266858517309509546e-01,1.533373421527360059e-01,8.403487672880337322e-02,3.060733613950691323e-01,7.303925779572201238e-02,7.638948543939523550e-02,7.776393780603041428e-02,4.988832574521089025e-02,1.038355811356412722e-01,8.160810926896314155e-02,2.043638862640666520e-01,8.343355381840047991e-02,3.152650115969418687e-01,2.442874323511725898e-01,8.903874237608452868e-02,2.177003693840735277e-01,4.385147324113048972e-01,2.823855338888411892e-01,3.802937891933682590e-01,2.889356584485868740e-01,7.147152306502878305e-02,2.081221544540846902e-01,8.162958508719182771e-02,5.061850356498582421e-02,1.074864702345159351e-01,5.691091830598745543e-02,9.387080147753629200e-02,3.616527789708787882e-02,3.234258225238381690e-02,7.827935744351860459e-02,6.170002577098187418e-02,6.872261833175843937e-02,5.377544884460097596e-02,5.822094321793660349e-02,2.723133751395928268e-02,1.357271712052229157e-02,5.549351430289493903e-02,9.634052057383386825e-02,1.061549695043381147e-01,4.726827592131260108e-02,1.399364315780431134e-01,1.733957563783180278e-01,2.194828622970535215e-01,4.340262864015118766e-02,2.222961944850098681e-01,1.388626406666093882e-01,1.769822180225066599e-01,1.377244223004896462e-01,2.906107722704234786e-01,7.827935744351860459e-02,8.175843999656387528e-02,8.373421527360191963e-02,4.782664719525813596e-02,8.689116055321707832e-02,1.116957306073361328e-01,1.967399707928872143e-01,1.020316124044326062e-01,2.416673825272742937e-01,3.136543252297912532e-01,7.389829052486900085e-02,2.003693840735331910e-01,5.350914869856541189e-01,2.764796838759556730e-01,3.945107808607508093e-01,2.726999398677089625e-01,6.872261833175843937e-02,2.090885662743750539e-01
7.817197835237522929e-03,1.340091057469289595e-02,9.664118202903530103e-03,5.111244738424534223e-03,2.287174641353835469e-02,2.615754660252555749e-02,3.268619534404260812e-02,0.000000000000000000e+00,2.815479769779228453e-02,1.677261403659479483e-02,2.040202731724078539e-02,1.125332875182544386e-02,4.112619190791168972e-02,9.707069839360879873e-03,1.030839274976376625e-02,1.039429602267846406e-02,6.636027832660424189e-03,1.400223348509578233e-02,1.090971566016665263e-02,2.785413624259084134e-02,1.131775620651146765e-02,4.273687827506227749e-02,3.287947770810067949e-02,1.226269220857314698e-02,2.957220170088480440e-02,5.942358903874237624e-02,3.839876299287002526e-02,5.094064083841594315e-02,3.891418263035821556e-02,9.449360020616784719e-03,2.806889442487758846e-02,1.106004638776737423e-02,7.044068379005240070e-03,1.443174984966927310e-02,7.602439652950777546e-03,1.245597457263121662e-02,4.896486556137788840e-03,4.402542736878275152e-03,1.058757838673653542e-02,8.397044927411733556e-03,9.341980929473412895e-03,7.258826561291985453e-03,7.774246198780173159e-03,3.736792371789364985e-03,1.846920367666008041e-03,7.409157288892707048e-03,1.301434584657675496e-02,1.447470148612662114e-02,6.421269650373678806e-03,1.857658276780345397e-02,2.383815823382870805e-02,2.952925006442745637e-02,5.927325831114165118e-03,3.025942788420238685e-02,1.866248604071815004e-02,2.394553732497207987e-02,1.853363113134610593e-02,3.915041663087363843e-02,1.052315093205051164e-02,1.110299802422472226e-02,1.142513529765484120e-02,6.378318013916329902e-03,1.176874838931363243e-02,1.507602439652950752e-02,2.669444205824242008e-02,1.376599948458036293e-02,3.268619534404260812e-02,4.222145863757409412e-02,1.002920711279099708e-02,2.716691005927325889e-02,7.258826561291985280e-02,3.751825444549437144e-02,5.300231938836869744e-02,3.700283480800618807e-02,8.805085473756550304e-03,2.821922515247830832e-02
4.887896228846318886e-02,8.596770036938407300e-02,6.208659049909801692e-02,3.313718752684477464e-02,1.465509835924748705e-01,1.679623743664633573e-01,2.065973713598488193e-01,2.815479769779228453e-02,0.000000000000000000e+00,1.098488102396701360e-01,1.313890559230306565e-01,7.207284597543166249e-02,2.650975002147581971e-01,6.219396959024138527e-02,6.762735160209604190e-02,6.818572287604157678e-02,4.297311227557770036e-02,9.103599347135125919e-02,7.097757924576926503e-02,1.799244051198350680e-01,7.102053088222660959e-02,2.777682329696761210e-01,2.145219482862296967e-01,7.705523580448414567e-02,1.895240958680525778e-01,3.839446782922429358e-01,2.484752169057641014e-01,3.308779314491882007e-01,2.538871230993900996e-01,6.208659049909801692e-02,1.796452194828623006e-01,6.844343269478567193e-02,4.340262864015118766e-02,9.180912292758354465e-02,4.847092174211837384e-02,7.967528562838244177e-02,3.053861352117515776e-02,2.828365260716433210e-02,6.547976977922859154e-02,5.235804484150845955e-02,5.826389485439395499e-02,4.537840391718924588e-02,4.988832574521089025e-02,2.276436732239498287e-02,1.185465166222833024e-02,4.683875955673911379e-02,8.523752254960914598e-02,9.354866420410618000e-02,4.026715917876470818e-02,1.191478395326861922e-01,1.512327119663259278e-01,1.877845545915299286e-01,3.689545571686281278e-02,1.948715746069925314e-01,1.193411218967442705e-01,1.538957134266815685e-01,1.190834120780001754e-01,2.522764367322394841e-01,6.825015033072760751e-02,7.123528906451336018e-02,7.424190361652778514e-02,4.112619190791168972e-02,7.645391289408126623e-02,9.786530366806975301e-02,1.765741774761618310e-01,8.766429000944936378e-02,2.155957391976634219e-01,2.734730693239412203e-01,6.462073705008160307e-02,1.753071042006700553e-01,4.677647968387595445e-01,2.445880938063740295e-01,3.468129885748647001e-01,2.407868739798986468e-01,5.981015376685851898e-02,1.824370758525899749e-01
3.010909715660166699e-02,5.205738338630701983e-02,3.818400481058328161e-02,2.042350313546946114e-02,9.011253328751825387e-02,1.028262176788935639e-01,1.266858517309509546e-01,1.677261403659479483e-02,1.098488102396701360e-01,0.000000000000000000e+00,8.201614981530795656e-02,4.445494373335624055e-02,1.615625805343183508e-01,3.859204535692809662e-02,4.187784554591529596e-02,4.179194227300059988e-02,2.626492569366892932e-02,5.551499012112361825e-02,4.424018555106949691e-02,1.096770036938407300e-01,4.432608882398419298e-02,1.689502620049823933e-01,1.311957735589726060e-01,4.651662228330899485e-02,1.144446353406064765e-01,2.335280474186066380e-01,1.514474701486126507e-01,2.019371188042264342e-01,1.540889957907396191e-01,3.846319044755604905e-02,1.107078429688171106e-01,4.138390172665578487e-02,2.641525642126964918e-02,5.637402285027059284e-02,2.937891933682673304e-02,4.928700283480800387e-02,1.879134095009019761e-02,1.730950949231165742e-02,4.022420754230736362e-02,3.174125934198093052e-02,3.599347135125847974e-02,2.817627351602096028e-02,3.096812988574864853e-02,1.395928184863843256e-02,7.108495833691263859e-03,2.944334679151275683e-02,5.179967356756292468e-02,5.774847521690576468e-02,2.486899750880508519e-02,7.402714543424104843e-02,9.178764710935487237e-02,1.149815307963233391e-01,2.239927841250751589e-02,1.178592904389657303e-01,7.355467743321020269e-02,9.397818056867966729e-02,7.325401597800876297e-02,1.540460441542822745e-01,4.202817627351602275e-02,4.447641955158491284e-02,4.479855682501503178e-02,2.497637659994845702e-02,4.621596082810754819e-02,6.041147667726140535e-02,1.078515591444034055e-01,5.454857830083326142e-02,1.313461042865733119e-01,1.677905678206339790e-01,3.951550554076110194e-02,1.064771067777682267e-01,2.858001889872003876e-01,1.487415170517996654e-01,2.116012370071299609e-01,1.460999914096726970e-01,3.788334335538184189e-02,1.115453998797354129e-01
3.650889098874667005e-02,6.277381668241560631e-02,4.550725882656129345e-02,2.433210205308822260e-02,1.081522205996048452e-01,1.225839704492741183e-01,1.533373421527360059e-01,2.040202731724078539e-02,1.313890559230306565e-01,8.201614981530795656e-02,0.000000000000000000e+00,5.341035993471351245e-02,1.943561549695043411e-01,4.619448500987887590e-02,4.945880938063740295e-02,4.980242247229619418e-02,3.171978352375225824e-02,6.623142341723219084e-02,5.237952065973713878e-02,1.314749591959453734e-01,5.291641611545400137e-02,2.022377802594278740e-01,1.566446181599518983e-01,5.613778884975517691e-02,1.377029464822609739e-01,2.799372906107722714e-01,1.814277123958422944e-01,2.432136414397388646e-01,1.843698994931707025e-01,4.572201700884803710e-02,1.328923631990378829e-01,5.076883429258655100e-02,3.244996134352718525e-02,6.850786014947168878e-02,3.575723735074306381e-02,5.948801649342840003e-02,2.269993986770895908e-02,2.104630186410102327e-02,4.851387337857572535e-02,3.850614208401340055e-02,4.335967700369384309e-02,3.380293789193368481e-02,3.734644789966497930e-02,1.700884803711021423e-02,8.547375655012455151e-03,3.547805171377029637e-02,6.202216304441199313e-02,6.889442487758783151e-02,3.010909715660166699e-02,8.884546001202646426e-02,1.102353749677862788e-01,1.381968903015204919e-01,2.720986169573060692e-02,1.424705781290267204e-01,8.850184692036766609e-02,1.131775620651146869e-01,8.736362855424791019e-02,1.849712224035735819e-01,5.029636629155570526e-02,5.308822266128339351e-02,5.383987629928699975e-02,3.017352461128769078e-02,5.547203848466626674e-02,7.226612833948974080e-02,1.287475302809037159e-01,6.505025341465510424e-02,1.570956103427540718e-01,2.012069409844515211e-01,4.707499355725452972e-02,1.278455459152993690e-01,3.429902929301606451e-01,1.782707671162271357e-01,2.525556223692122515e-01,1.742333132892363301e-01,4.471265355210033571e-02,1.331500730177819780e-01
2.029464822609741356e-02,3.433983334765054740e-02,2.469719096297568958e-02,1.368009621166566513e-02,5.978867794862983975e-02,6.678979469117773959e-02,8.403487672880337322e-02,1.125332875182544386e-02,7.207284597543166249e-02,4.445494373335624055e-02,5.341035993471351245e-02,0.000000000000000000e+00,1.066274375053689605e-01,2.547032041920797157e-02,2.744609569624602632e-02,2.731724078687397875e-02,1.754574349282707682e-02,3.665922171634738991e-02,2.856283824413710301e-02,7.162185379262950291e-02,2.989433897431491988e-02,1.105789880594450630e-01,8.637574091572888801e-02,3.118288806803539218e-02,7.561635598316296392e-02,1.547762219740572154e-01,9.923975603470491791e-02,1.328923631990378829e-01,1.008074907653981611e-01,2.491194914526243323e-02,7.310368525040804311e-02,2.800446697019156467e-02,1.780345331157117197e-02,3.766858517309509824e-02,1.999398677089597037e-02,3.240700970706984069e-02,1.245597457263121662e-02,1.118890129713942180e-02,2.688772442230048798e-02,2.132548750107379071e-02,2.388110987028605955e-02,1.857658276780345397e-02,1.992955931620994658e-02,9.363456747702086913e-03,4.681728373851043457e-03,1.939266386049308399e-02,3.399622025599175618e-02,3.736792371789365158e-02,1.657933167253672346e-02,4.883601065200584429e-02,6.069066231423417279e-02,7.617472725710849879e-02,1.475388712309939031e-02,7.707671162271283183e-02,4.832059101451765398e-02,6.167854995275320190e-02,4.898634137960656415e-02,1.011511038570569593e-01,2.727428915041663071e-02,2.907825788162528985e-02,2.920711279099733743e-02,1.664375912722274725e-02,3.025942788420238685e-02,3.902156172150159086e-02,6.960312687913410012e-02,3.588609226011511139e-02,8.540932909543853813e-02,1.091615840563525536e-01,2.620049823898290553e-02,6.996821578902155669e-02,1.877416029550725840e-01,9.750021475818228256e-02,1.384116484838072425e-01,9.524525384417145690e-02,2.398848896142943138e-02,7.374795979726828099e-02
7.308220943217937082e-02,1.260845288205480752e-01,9.032729146980500445e-02,4.905076883429258794e-02,2.169057641096125699e-01,2.466068207198694184e-01,3.060733613950691323e-01,4.112619190791168972e-02,2.650975002147581971e-01,1.615625805343183508e-01,1.943561549695043411e-01,1.066274375053689605e-01,0.000000000000000000e+00,9.241044583798642409e-02,9.846662657847264633e-02,9.949746585344901306e-02,6.358989777510523633e-02,1.332359762906966671e-01,1.042006700455287288e-01,2.633794347564642480e-01,1.055751224121639076e-01,4.048836010652006046e-01,3.138905592303066761e-01,1.136929817026028633e-01,2.780688944248775885e-01,5.615282192251525029e-01,3.635856026114595019e-01,4.856541534232454160e-01,3.719396959024138805e-01,9.110042092603727604e-02,2.652693067605875754e-01,1.019027574950605586e-01,6.432007559488016335e-02,1.363070182973971367e-01,7.207284597543166249e-02,1.181599518941671700e-01,4.531397646250322209e-02,4.129799845374108880e-02,9.756464221286831329e-02,7.778541362425908656e-02,8.684820891675973376e-02,6.790653723906880934e-02,7.394124216132634542e-02,3.386736534661970860e-02,1.741688858345502924e-02,6.986083669787819528e-02,1.243020359075680814e-01,1.366291555708272487e-01,5.953096812988575154e-02,1.766815565673052202e-01,2.220384846662657730e-01,2.774460956962460090e-01,5.439824757323254156e-02,2.841035993471351384e-01,1.757795722017008733e-01,2.250450992182802257e-01,1.753285800188987276e-01,3.708229533545228107e-01,9.990550639979382808e-02,1.051026544111330618e-01,1.080448415084614699e-01,6.045442831371874992e-02,1.113091658792200039e-01,1.433296108581736950e-01,2.554978094665406596e-01,1.295850871918220182e-01,3.123872519542994497e-01,4.007387681470663821e-01,9.460097929731123290e-02,2.567648827420324631e-01,6.843698994931707302e-01,3.560261145949660810e-01,5.055837127394553487e-01,3.506142084013401106e-01,8.792199982819345894e-02,2.681041147667725943e-01
1.724508203762563363e-02,2.950777424619878062e-02,2.134696331930246646e-02,1.157546602525556280e-02,5.119835065716003830e-02,5.804913667210720440e-02,7.303925779572201238e-02,9.707069839360879873e-03,6.219396959024138527e-02,3.859204535692809662e-02,4.619448500987887590e-02,2.547032041920797157e-02,9.241044583798642409e-02,0.000000000000000000e+00,2.304355295936775030e-02,2.336569023279786925e-02,1.511897603298685729e-02,3.144059788677948386e-02,2.476161841766171337e-02,6.191478395326861783e-02,2.514818314577785263e-02,9.509492311657073704e-02,7.383386307018297012e-02,2.720986169573060692e-02,6.539386650631388853e-02,1.321407095610342697e-01,8.570999055063997785e-02,1.148097242504939469e-01,8.736362855424791019e-02,2.132548750107379071e-02,6.270938922772957558e-02,2.446095696246027018e-02,1.539816166995962472e-02,3.240700970706984069e-02,1.728803367408298167e-02,2.770380551499012148e-02,1.084528820548062884e-02,9.964779658104973292e-03,2.336569023279786925e-02,1.827592131260201078e-02,2.063826131775620479e-02,1.632162185379262831e-02,1.761017094751310061e-02,8.139335108667640137e-03,4.123357099905505981e-03,1.657933167253672346e-02,2.933596770036938500e-02,3.260029207112791205e-02,1.423846748561120173e-02,4.232883772871746247e-02,5.252985138733785864e-02,6.623142341723219084e-02,1.305729748303410299e-02,6.751997251095266661e-02,4.207112790997336732e-02,5.347478738939953624e-02,4.157718409071385623e-02,8.734215273601923790e-02,2.336569023279786925e-02,2.486899750880508519e-02,2.529851387337857596e-02,1.432437075852589954e-02,2.624344987544025357e-02,3.429688171119319590e-02,5.976720213040116747e-02,3.081779915814792520e-02,7.318958852332273224e-02,9.472983420668328047e-02,2.220599604844944452e-02,6.066918649600550051e-02,1.616484838072330676e-01,8.328322309079976005e-02,1.190834120780001754e-01,8.193024654239326743e-02,2.076711622712825236e-02,6.260201013658620028e-02
1.885576840477622140e-02,3.204192079718237024e-02,2.360192423331328865e-02,1.243449875440254260e-02,5.409758611803109490e-02,6.365432522979125318e-02,7.638948543939523550e-02,1.030839274976376625e-02,6.762735160209604190e-02,4.187784554591529596e-02,4.945880938063740295e-02,2.744609569624602632e-02,9.846662657847264633e-02,2.304355295936775030e-02,0.000000000000000000e+00,2.536294132806459975e-02,1.621424276264925649e-02,3.418950262004982060e-02,2.697362769521518752e-02,6.816424705781290450e-02,2.682329696761446766e-02,1.049737995017610143e-01,8.162958508719182771e-02,2.950777424619878062e-02,7.018297397130830728e-02,1.455845717721845067e-01,9.455802766085387445e-02,1.236792371789365158e-01,9.507344729834206476e-02,2.293617386822437848e-02,6.797096469375482619e-02,2.493342496349110898e-02,1.621424276264925649e-02,3.483377716691005849e-02,1.821149385791598699e-02,2.918563697276866167e-02,1.116742547891074605e-02,1.071643329610858127e-02,2.390258568851473184e-02,1.926380895112103642e-02,2.201271368439137663e-02,1.724508203762563363e-02,1.851215531311743018e-02,8.246714199811011961e-03,4.445494373335624055e-03,1.816854222145863895e-02,3.249291297998453676e-02,3.586461644188643910e-02,1.509750021475818153e-02,4.451937118804226434e-02,5.656730521432866421e-02,6.923803796924662968e-02,1.352976548406494353e-02,7.286745124989262024e-02,4.445494373335624055e-02,5.734043467056094967e-02,4.585087191822008468e-02,9.384932565930761972e-02,2.521261060046387642e-02,2.776823296967614527e-02,2.776823296967614527e-02,1.516192766944420532e-02,2.821922515247830832e-02,3.708873808092088414e-02,6.760587578386736962e-02,3.313718752684477464e-02,8.193024654239326743e-02,1.035349196804398186e-01,2.504080405463448081e-02,6.520058414225582410e-02,1.779701056610256960e-01,9.311914783953269270e-02,1.290696675543338279e-01,9.041319474271969359e-02,2.250665750365088771e-02,6.908770724164590982e-02
1.821149385791598699e-02,3.221372734301176932e-02,2.334421441456919349e-02,1.245597457263121662e-02,5.499957048363542794e-02,6.292414741001632617e-02,7.776393780603041428e-02,1.039429602267846406e-02,6.818572287604157678e-02,4.179194227300059988e-02,4.980242247229619418e-02,2.731724078687397875e-02,9.949746585344901306e-02,2.336569023279786925e-02,2.536294132806459975e-02,0.000000000000000000e+00,1.627867021733528027e-02,3.395326861953440467e-02,2.693067605875783949e-02,6.786358560261146478e-02,2.690920024052916373e-02,1.041147667726140397e-01,8.055579417575810253e-02,2.843398333476505543e-02,7.089167597285456202e-02,1.429000944936001938e-01,9.305472038484666197e-02,1.244953182716261458e-01,9.612576239154711766e-02,2.375225496091401198e-02,6.745554505626664976e-02,2.551327205566531961e-02,1.623571858087793224e-02,3.418950262004982060e-02,1.821149385791598699e-02,3.013057297483034275e-02,1.148956275234086499e-02,1.048019929559316187e-02,2.467571514474701383e-02,1.943561549695043550e-02,2.171205222918993344e-02,1.700884803711021423e-02,1.881281676831887337e-02,8.568851473241130903e-03,4.316639463963577346e-03,1.748131603814105303e-02,3.193454170603900188e-02,3.515591444034017743e-02,1.496864530538613569e-02,4.507774246198779922e-02,5.678206339661540786e-02,7.052658706296710545e-02,1.383042693926638672e-02,7.321106434155141840e-02,4.539987973541791816e-02,5.783437848982046076e-02,4.456232282449961585e-02,9.496606820719868947e-02,2.568507860149471522e-02,2.675886951292844387e-02,2.783266042436216905e-02,1.533373421527360267e-02,2.849841078945107922e-02,3.674512498926209292e-02,6.636027832660423842e-02,3.305128425393007163e-02,8.120006872261832653e-02,1.020101365862039339e-01,2.377373077914268426e-02,6.612404432608882943e-02,1.743406923803796915e-01,9.161584056352546634e-02,1.302937891933682590e-01,9.056352547032041345e-02,2.291469804999570620e-02,6.825015033072760751e-02
1.187612748045700599e-02,2.038055149901211310e-02,1.479683875955673834e-02,8.074907653981616348e-03,3.532772098616957651e-02,4.035306245167941119e-02,4.988832574521089025e-02,6.636027832660424189e-03,4.297311227557770036e-02,2.626492569366892932e-02,3.171978352375225824e-02,1.754574349282707682e-02,6.358989777510523633e-02,1.511897603298685729e-02,1.621424276264925649e-02,1.627867021733528027e-02,0.000000000000000000e+00,2.154024568336053436e-02,1.698737221888153848e-02,4.312344300317842022e-02,1.726655785585430938e-02,6.640322996306159686e-02,5.134868138476075816e-02,1.849067949488875442e-02,4.501331500730177543e-02,9.170174383644016936e-02,5.957391976634309610e-02,7.941757580963834662e-02,6.077656558714886886e-02,1.499012112361480971e-02,4.327377373077914008e-02,1.638604930847865210e-02,1.048019929559316187e-02,2.224894768490679603e-02,1.172579675285628439e-02,1.926380895112103642e-02,7.366205652435358145e-03,6.786358560261145784e-03,1.572029894338974193e-02,1.260630530023193821e-02,1.410961257623915416e-02,1.110299802422472226e-02,1.200498238982905183e-02,5.519285284769350104e-03,2.856283824413710301e-03,1.146808693411218924e-02,2.033759986255476507e-02,2.237780259427884361e-02,9.664118202903530103e-03,2.901383042693926606e-02,3.620822953354523033e-02,4.527102482604587058e-02,8.869512928442574093e-03,4.628038828279357197e-02,2.871316897173782287e-02,3.687397989863414050e-02,2.886349969933854620e-02,6.047590413194742914e-02,1.630014603556395603e-02,1.726655785585430938e-02,1.743836440168370500e-02,9.792973112275577680e-03,1.819001803968731124e-02,2.345159350571256879e-02,4.181341809122927911e-02,2.123958422815909117e-02,5.094064083841594315e-02,6.554419723391460839e-02,1.550554076110299828e-02,4.174899063654325532e-02,1.116527789708787882e-01,5.830684649085129956e-02,8.281075508976891431e-02,5.721157976118890209e-02,1.453912894081264492e-02,4.381066918649600267e-02
2.474014259943303762e-02,4.310196718494974794e-02,3.135469461386478779e-02,1.677261403659479483e-02,7.359762906966756113e-02,8.495833691263636467e-02,1.038355811356412722e-01,1.400223348509578233e-02,9.103599347135125919e-02,5.551499012112361825e-02,6.623142341723219084e-02,3.665922171634738991e-02,1.332359762906966671e-01,3.144059788677948386e-02,3.418950262004982060e-02,3.395326861953440467e-02,2.154024568336053436e-02,0.000000000000000000e+00,3.582166480542908760e-02,9.084271110729319476e-02,3.620822953354523033e-02,1.398290524868997520e-01,1.082166480542908621e-01,3.882827935744351949e-02,9.475131002491195276e-02,1.925092346018383305e-01,1.253973026372304789e-01,1.661798814534833912e-01,1.282106348251868533e-01,3.135469461386478779e-02,9.054204965209174116e-02,3.457606734816596333e-02,2.190533459324800133e-02,4.634481573747959576e-02,2.461128769006099004e-02,4.009535263293531604e-02,1.539816166995962472e-02,1.417404003092517795e-02,3.320161498153079843e-02,2.641525642126964918e-02,2.937891933682673304e-02,2.312945623228244985e-02,2.484752169057640944e-02,1.153251438879821303e-02,5.970277467571514889e-03,2.353749677862726486e-02,4.277982991151962899e-02,4.718237264839790501e-02,2.018726913495404174e-02,5.996048449445923884e-02,7.645391289408126623e-02,9.430031784210977930e-02,1.851215531311743018e-02,9.790825530452709757e-02,6.015376685851731020e-02,7.746327635082896068e-02,5.993900867623056655e-02,1.266858517309509546e-01,3.395326861953440467e-02,3.616527789708787882e-02,3.704578644446353264e-02,2.050940640838416068e-02,3.814105317412593704e-02,4.915814792543595629e-02,8.865217764796838595e-02,4.432608882398419298e-02,1.079804140537754531e-01,1.372304784812301282e-01,3.225667897946912083e-02,8.802937891933682035e-02,2.346018383300403631e-01,1.230779142685336364e-01,1.736105145606047506e-01,1.211236148097242504e-01,3.010909715660166699e-02,9.185207456404088922e-02
1.954299458809380732e-02,3.380293789193368481e-02,2.489047332703376095e-02,1.301434584657675496e-02,5.759814448930504482e-02,6.657503650889098901e-02,8.160810926896314155e-02,1.090971566016665263e-02,7.097757924576926503e-02,4.424018555106949691e-02,5.237952065973713878e-02,2.856283824413710301e-02,1.042006700455287288e-01,2.476161841766171337e-02,2.697362769521518752e-02,2.693067605875783949e-02,1.698737221888153848e-02,3.582166480542908760e-02,0.000000000000000000e+00,7.093462760931192046e-02,2.858431406236577529e-02,1.095911004209260409e-01,8.519457091315178754e-02,3.053861352117515776e-02,7.443518598058586344e-02,1.515333734215273676e-01,9.825186839618589574e-02,1.303796924662829759e-01,9.966927239927841908e-02,2.461128769006099004e-02,7.153595051971479990e-02,2.693067605875783949e-02,1.724508203762563363e-02,3.648741517051799776e-02,1.889872004123356944e-02,3.148354952323683537e-02,1.196203075337170380e-02,1.114594966068207203e-02,2.602869169315350992e-02,2.042350313546946114e-02,2.319388368696847363e-02,1.825444549437333502e-02,1.988660767975259855e-02,8.869512928442574093e-03,4.574349282707670765e-03,1.911347822352031656e-02,3.339489734558886980e-02,3.753973026372305066e-02,1.602096039859118512e-02,4.724680010308392880e-02,5.961687140280044761e-02,7.376943561549695327e-02,1.449617730435529515e-02,7.645391289408126623e-02,4.720384846662657730e-02,6.075508976892019658e-02,4.653809810153766713e-02,9.932565930761962092e-02,2.697362769521518752e-02,2.884202388110987045e-02,2.912120951808263788e-02,1.604243621681986087e-02,3.004466970191564321e-02,3.904303753973026314e-02,7.022592560776565185e-02,3.532772098616957651e-02,8.525899836783781827e-02,1.088394467829224277e-01,2.549179623743664733e-02,6.865819087707242252e-02,1.855510694957477891e-01,9.664118202903530797e-02,1.355983162958508681e-01,9.507344729834206476e-02,2.407439223434412745e-02,7.187956361137359806e-02
4.937290610772270688e-02,8.564556309595396100e-02,6.249463104544283193e-02,3.272914698049995963e-02,1.448543939524095936e-01,1.690791169143544270e-01,2.043638862640666520e-01,2.785413624259084134e-02,1.799244051198350680e-01,1.096770036938407300e-01,1.314749591959453734e-01,7.162185379262950291e-02,2.633794347564642480e-01,6.191478395326861783e-02,6.816424705781290450e-02,6.786358560261146478e-02,4.312344300317842022e-02,9.084271110729319476e-02,7.093462760931192046e-02,0.000000000000000000e+00,7.080577269993987288e-02,2.773601924233313198e-01,2.152736019242333099e-01,7.724851816854222397e-02,1.887724422300489646e-01,3.820548062881195528e-01,2.492698221802250591e-01,3.286014947169487166e-01,2.526844772785843407e-01,6.159264667983849889e-02,1.803324456661798691e-01,6.743406923803796360e-02,4.351000773129456295e-02,9.281848638433123910e-02,4.859977665149042142e-02,7.920281762735159603e-02,3.025942788420238685e-02,2.843398333476505543e-02,6.408384159436474048e-02,5.233656902327978727e-02,5.852160467313804321e-02,4.563611373593334103e-02,4.935143028949402766e-02,2.237780259427884361e-02,1.181170002577098220e-02,4.752598574005669624e-02,8.515161927669444297e-02,9.419293875096641788e-02,4.009535263293531604e-02,1.190619362597715031e-01,1.512327119663259278e-01,1.854222145863757276e-01,3.661627007989004534e-02,1.941628726054462628e-01,1.188686538957134248e-01,1.529507774246198770e-01,1.182673309853105453e-01,2.503221372734301120e-01,6.743406923803796360e-02,7.239498324886178837e-02,7.318958852332273224e-02,4.061077227042350635e-02,7.578816252899235606e-02,9.773644875869770543e-02,1.781848638433124188e-01,8.719182200841851804e-02,2.150803195601752316e-01,2.742247229619448334e-01,6.468516450476763380e-02,1.737823211064341566e-01,4.675929902929301663e-01,2.452967958079202704e-01,3.441285112962804149e-01,2.419680439824757334e-01,5.976720213040116747e-02,1.819001803968731124e-01
2.038055149901211310e-02,3.397474443776307695e-02,2.450390859891761822e-02,1.346533802937891974e-02,5.938063740228502474e-02,6.608109268963147098e-02,8.343355381840047991e-02,1.131775620651146765e-02,7.102053088222660959e-02,4.432608882398419298e-02,5.291641611545400137e-02,2.989433897431491988e-02,1.055751224121639076e-01,2.514818314577785263e-02,2.682329696761446766e-02,2.690920024052916373e-02,1.726655785585430938e-02,3.620822953354523033e-02,2.858431406236577529e-02,7.080577269993987288e-02,0.000000000000000000e+00,1.092260115110385704e-01,8.613950691521346514e-02,3.148354952323683537e-02,7.467141998110128631e-02,1.538098101537668516e-01,9.818744094149986501e-02,1.313031526501159674e-01,9.984107894510781123e-02,2.458981187183231776e-02,7.241645906709046066e-02,2.794003951550554088e-02,1.733098531054033317e-02,3.683102826217678899e-02,1.960742204277983111e-02,3.171978352375225824e-02,1.226269220857314698e-02,1.099561893308135044e-02,2.684477278584313995e-02,2.087449531827162766e-02,2.343011768748389304e-02,1.844772785843140639e-02,1.984365604329525051e-02,9.256077656558715089e-03,4.746155828537067245e-03,1.934971222403573596e-02,3.367408298256163723e-02,3.683102826217678899e-02,1.634309767202130406e-02,4.821321192337427869e-02,6.017524267674598248e-02,7.576668671076368378e-02,1.473241130487071629e-02,7.638948543939523550e-02,4.804140537754488655e-02,6.058328322309079750e-02,4.941585774418005145e-02,1.005497809466540660e-01,2.703805514990121131e-02,2.901383042693926606e-02,2.888497551756721848e-02,1.657933167253672346e-02,2.991581479254359563e-02,3.850614208401340055e-02,6.932394124216133269e-02,3.564985825959968851e-02,8.450734472983420509e-02,1.080663173266901422e-01,2.628640151189760160e-02,6.949574778799072483e-02,1.866678120436388588e-01,9.666265784726398025e-02,1.366721072072845933e-01,9.451507602439652989e-02,2.370930332445666047e-02,7.297483034103599553e-02
