0.000000000000000000e+00,1.708734072157398753e-02,1.493921788800468657e-02,4.865823691191068813e-03,2.551709547755048879e-02,3.280769418542205801e-02,3.352373512994515775e-02,1.147292877019967863e-02,4.026102947159432982e-02,2.579374766066168737e-02,2.997607772298979678e-02,1.890999039854188157e-02,4.945564614558414090e-02,1.585054272648863186e-02,1.505313349281518082e-02,1.313284186886686487e-02,9.650279093231786329e-03,1.816140213835863715e-02,1.648521538186138030e-02,3.524874285993262468e-02,1.983758889485589746e-02,5.952904034239776127e-02,5.638822438119416025e-02,1.817767579618870949e-02,4.170938501847060165e-02,8.504613581994824312e-02,4.973229832869534295e-02,7.332910218229751753e-02,5.401227033800387600e-02,1.531351201809630705e-02,3.847092711028658046e-02,1.506940715064524969e-02,1.111490829793812703e-02,1.780338166609708728e-02,1.067551953652622586e-02,1.747790850949567862e-02,5.809695845335156178e-03,4.377613956288954958e-03,1.396279841820045886e-02,1.153802340151995932e-02,1.679441488063272009e-02,1.064297222086608465e-02,1.065924587869615525e-02,2.652606226301485858e-03,3.026900356393106336e-03,1.104981366661784634e-02,1.215642239906263716e-02,2.263665804162801748e-02,6.623378736838679559e-03,2.620058910641344732e-02,3.894286318735862285e-02,3.856856905726700063e-02,1.023613077511432295e-02,4.717733404937427683e-02,2.247392146332731142e-02,3.599733112011586911e-02,2.356425653794203337e-02,5.026932903708766776e-02,1.900763234552230174e-02,1.899135868769223287e-02,1.521587007111588515e-02,9.764194698042278839e-03,1.798239190222786221e-02,1.822649676967891957e-02,3.179872739995769082e-02,2.224609025370632640e-02,4.945564614558414090e-02,6.039154420739149820e-02,1.207505410991228413e-02,4.183957428111116650e-02,1.057299549219678086e-01,5.472831128252697575e-02,6.092857491578382301e-02,4.756790183729597138e-02,1.134273950755911378e-02,4.009829289329362723e-02
1.708734072157398753e-02,0.000000000000000000e+00,2.872300607007437223e-02,9.454995199270940787e-03,5.012286611661703056e-02,6.392292795651678683e-02,6.566420934433432610e-02,2.122084981041188687e-02,7.931780826376344518e-02,4.960210906605477810e-02,5.869908379306416901e-02,3.463034386238995205e-02,9.632378069618707794e-02,3.111523377109472882e-02,2.787677586291070764e-02,2.587511594981203866e-02,1.863333821543068300e-02,3.537893212257318953e-02,3.181500105778775622e-02,6.872365701638757929e-02,3.710393985256066340e-02,1.165356637211345942e-01,1.075526045989357027e-01,3.350746147211508541e-02,8.099399502026070896e-02,1.625901153802340182e-01,9.816270403098505126e-02,1.428176211166984066e-01,1.055183973701768890e-01,3.038291916874155674e-02,7.357320704974856795e-02,2.890201630620514717e-02,2.156259662484336440e-02,3.305179905287311537e-02,2.003287278881674127e-02,3.409331315399762724e-02,1.116372927142833885e-02,7.990365994564598354e-03,2.659115689433513841e-02,2.205080635974547912e-02,3.158716984816677120e-02,1.991895718400624876e-02,2.112320786343146323e-02,5.223844163452619552e-03,5.467949030903676046e-03,2.039089326107829114e-02,2.436166577161548441e-02,4.322283519666715590e-02,1.300265260622630176e-02,5.093654900812055741e-02,7.677911764227245139e-02,7.450080554606258731e-02,1.938192647561392395e-02,9.292258620970235417e-02,4.304382496053638096e-02,6.971635014402187414e-02,4.328792982798743832e-02,9.845562987192631177e-02,3.725040277303129366e-02,3.550912138521375438e-02,2.921121580497648348e-02,1.908900063467265651e-02,3.474425946720044456e-02,3.575322625266481175e-02,6.307669774935312224e-02,4.130254357271884169e-02,9.773958892740321203e-02,1.160474539862324794e-01,2.216472196455597163e-02,8.263763446109781419e-02,2.033393545867304697e-01,1.074712363097853479e-01,1.203274259955410125e-01,9.407801591563735855e-02,2.270175267294829990e-02,7.690930690491301625e-02
1.493921788800468657e-02,2.872300607007437223e-02,0.000000000000000000e+00,8.169376230695373289e-03,4.271835180393496884e-02,5.565590977884098817e-02,5.601393025110253804e-02,1.819394945401877836e-02,6.826799459714559537e-02,4.196976354375173135e-02,5.004149782746668274e-02,3.017136161695064059e-02,8.330485443213070385e-02,2.673761981480577560e-02,2.442676040293576684e-02,2.226236391153639527e-02,1.598073198912919671e-02,3.056192940487233167e-02,2.740483978583866179e-02,5.936630376409705867e-02,3.217302153004930609e-02,1.013523409656788554e-01,9.308532278800306370e-02,2.919494214714641461e-02,7.026965451024426434e-02,1.409949714397304987e-01,8.498104118862796763e-02,1.230776741688229259e-01,9.139286237367573451e-02,2.603785252811274473e-02,6.348353919510488219e-02,2.468713892821689654e-02,1.843805432146983572e-02,2.875555338573450997e-02,1.744536119383553741e-02,2.919494214714641461e-02,9.454995199270940787e-03,6.997672866930300037e-03,2.288076290907907484e-02,1.887744308288174036e-02,2.742111344366873413e-02,1.764064508779638468e-02,1.791729727090758326e-02,4.442708587609236516e-03,4.784455402040716648e-03,1.759182411430617113e-02,2.070009275984963093e-02,3.770606519227327064e-02,1.131019219189897257e-02,4.354830835326856109e-02,6.629888199970707108e-02,6.410193819264756177e-02,1.671304659148236879e-02,8.040814333837817407e-02,3.664827743331868642e-02,5.943139839541734110e-02,3.747823398265227868e-02,8.520887239824895265e-02,3.173363276863740839e-02,3.105013913977444640e-02,2.504515940047844641e-02,1.630620514573060537e-02,3.004117235431007921e-02,3.069211866751289652e-02,5.450048007290598379e-02,3.563931064785431924e-02,8.444401048023564282e-02,1.004410161271949153e-01,1.933310550212371387e-02,7.083923253429673383e-02,1.768783869550358823e-01,9.326433302413383863e-02,1.038096632980194944e-01,8.156357304431316457e-02,1.964230500089505019e-02,6.675454441894904112e-02
4.865823691191068813e-03,9.454995199270940787e-03,8.169376230695373289e-03,0.000000000000000000e+00,1.430454523263193813e-02,1.824277042750899192e-02,1.866588553109082421e-02,6.086348028446353885e-03,2.250646877898745263e-02,1.422317694348158683e-02,1.668049927582222758e-02,1.008966785464368750e-02,2.750248173281908542e-02,8.804048886068121735e-03,7.957818678904457141e-03,7.371966997021920515e-03,5.305212452602971716e-03,1.013848882813389932e-02,8.966785464368826064e-03,1.947956842259434759e-02,1.065924587869615525e-02,3.308434636853325311e-02,3.069211866751289652e-02,9.682826408891925807e-03,2.335269898615111722e-02,4.639619847353089466e-02,2.790932317857084885e-02,4.048886068121531484e-02,2.997607772298979678e-02,8.722680596917768703e-03,2.089537665381047821e-02,8.380933782486289438e-03,6.151442659766635443e-03,9.406174225780728967e-03,5.760874871844944359e-03,9.503816172761150871e-03,3.124542303373529107e-03,2.310859411870006160e-03,7.746261127113540992e-03,6.151442659766635443e-03,8.885417175218473032e-03,5.679506582694592194e-03,5.956158765805789901e-03,1.529723836026623774e-03,1.545997493856694164e-03,5.825969503165226784e-03,6.867483604289736053e-03,1.230288531953327089e-02,3.759214958746277552e-03,1.466256570489348973e-02,2.205080635974547912e-02,2.138358638871258946e-02,5.646959267034450981e-03,2.641214665820436347e-02,1.223779068821299019e-02,2.011424107796709604e-02,1.253071652915425764e-02,2.846262754479324253e-02,1.067551953652622586e-02,1.015476248596396992e-02,8.267018177675796928e-03,5.451675373073605439e-03,9.926931276342983168e-03,1.012221517030382871e-02,1.772201337694673598e-02,1.212387508340249595e-02,2.764894465328971915e-02,3.347491415645494767e-02,6.363000211557551591e-03,2.353170922228189216e-02,5.848752624127324939e-02,3.069211866751289652e-02,3.410958681182769264e-02,2.673761981480577560e-02,6.411821185047763411e-03,2.198571172842519669e-02
2.551709547755048879e-02,5.012286611661703056e-02,4.271835180393496884e-02,1.430454523263193813e-02,0.000000000000000000e+00,9.524971927940242833e-02,9.876482937069765156e-02,3.179872739995769082e-02,1.181142085306514378e-01,7.533076209539618651e-02,8.847987762209311158e-02,5.287311428989894396e-02,1.437777669286725568e-01,4.660775602532181427e-02,4.144900649318947194e-02,3.894286318735862285e-02,2.815342804602190274e-02,5.316604013084021141e-02,4.753535452163582670e-02,1.023775814089732950e-01,5.570473075233119825e-02,1.738840339143029046e-01,1.601490667057234585e-01,5.023678172142752307e-02,1.224104541977900362e-01,2.434864684535142931e-01,1.460886263405425656e-01,2.128268971016615274e-01,1.573337239011212418e-01,4.563133655551758483e-02,1.096681801168448572e-01,4.372731858939933602e-02,3.214047421438916835e-02,4.914644664681280112e-02,2.995980406515972444e-02,5.114810655991147009e-02,1.697342511676349502e-02,1.196113850510179162e-02,4.037494507640482233e-02,3.293788344806262286e-02,4.707969210239385666e-02,2.995980406515972444e-02,3.168481179514719831e-02,7.892724047584174715e-03,8.185649888525443896e-03,3.062702403619261410e-02,3.620888867190678179e-02,6.459014792754967649e-02,1.944702110693420638e-02,7.728360103500463152e-02,1.148432033068072650e-01,1.124997965792771254e-01,2.909730020016599097e-02,1.388143012905010687e-01,6.574557763348468087e-02,1.057299549219678086e-01,6.576185129131474627e-02,1.484483067259027844e-01,5.616039317157317523e-02,5.264528308027795200e-02,4.346694006411821326e-02,2.882064801705479240e-02,5.184787384660450443e-02,5.383326010187310107e-02,9.321551205064362855e-02,6.268612996143142768e-02,1.445426288466858666e-01,1.736562027046819334e-01,3.308434636853325311e-02,1.235007892724047651e-01,3.039105599765659083e-01,1.601978876792136686e-01,1.804260443619912502e-01,1.406206773096388973e-01,3.428859704795846758e-02,1.154127813308597345e-01
3.280769418542205801e-02,6.392292795651678683e-02,5.565590977884098817e-02,1.824277042750899192e-02,9.524971927940242833e-02,0.000000000000000000e+00,1.246724926361698349e-01,4.035867141857474999e-02,1.529072889713420924e-01,9.355725886507509914e-02,1.104981366661784564e-01,6.615241907923644082e-02,1.857963514459144982e-01,5.920356718579634914e-02,5.380071278621295638e-02,4.943937248775407550e-02,3.547657406955361664e-02,6.820289996582531988e-02,6.073329102182297573e-02,1.317515337922504914e-01,7.067649595599602430e-02,2.245276570814822015e-01,2.061709710491627101e-01,6.436231671792869147e-02,1.562433888265065407e-01,3.132190922553662604e-01,1.890836303275887365e-01,2.742925027258376613e-01,2.027046819313577108e-01,5.809695845335156178e-02,1.407834138879395791e-01,5.560708880535077808e-02,4.131881723054890709e-02,6.374391772038601189e-02,3.894286318735862285e-02,6.416703282396783725e-02,2.118830249475174565e-02,1.541115396507673069e-02,5.168513726830379490e-02,4.223014206903285411e-02,6.092857491578382301e-02,3.894286318735862285e-02,4.011456655112369263e-02,1.020358345945418174e-02,1.054533027388566101e-02,3.941479926443066523e-02,4.613581994824976495e-02,8.338622272128105861e-02,2.524044329443929022e-02,9.726765285033116271e-02,1.482530228319419441e-01,1.431268206154697464e-01,3.768979153444319830e-02,1.781640059236114515e-01,8.115673159856140462e-02,1.331998893391267424e-01,8.323975980081042836e-02,1.893440088528698662e-01,7.144135787400934801e-02,6.913049846213933924e-02,5.575355172582141527e-02,3.629025696105713655e-02,6.691728099724975065e-02,6.849582580676658039e-02,1.203599733112011572e-01,7.970837605168513973e-02,1.875050855180719067e-01,2.247880356067633312e-01,4.275089911959511352e-02,1.582125014239450511e-01,3.950918647984507648e-01,2.056990349720906885e-01,2.299793324545558182e-01,1.808166121499129309e-01,4.312519324968672879e-02,1.487249589090139656e-01
3.352373512994515775e-02,6.566420934433432610e-02,5.601393025110253804e-02,1.866588553109082421e-02,9.876482937069765156e-02,1.246887662939999003e-01,0.000000000000000000e+00,4.201858451724194143e-02,1.545834757278393423e-01,9.900893423814870198e-02,1.159009910657618492e-01,6.922814040911975941e-02,1.878631059903334566e-01,6.092857491578382301e-02,5.435401715243535353e-02,5.092027535029048507e-02,3.687610864293967144e-02,6.950479259223095452e-02,6.234438314699995015e-02,1.340298458884603416e-01,7.313381828833666332e-02,2.276847467005158887e-01,2.100766489283796279e-01,6.576185129131474627e-02,1.601978876792136686e-01,3.186219466549496393e-01,1.903692492961643057e-01,2.793047893374994151e-01,2.056664876564305300e-01,5.964295594720825378e-02,1.438265879021627669e-01,5.718563361486761476e-02,4.252306790997412156e-02,6.507835766245179121e-02,3.946362023792087531e-02,6.686846002375954057e-02,2.221354293804618518e-02,1.580172175299842177e-02,5.311721915734999439e-02,4.335302445930772075e-02,6.198636267473840028e-02,3.934970463311038280e-02,4.144900649318947194e-02,1.036632003775488607e-02,1.067551953652622586e-02,4.026102947159432982e-02,4.720988136503442151e-02,8.419990561278459240e-02,2.553336913538056113e-02,1.012546990186984353e-01,1.499780305619294041e-01,1.477973604126999740e-01,3.843837979462643578e-02,1.811909062800045600e-01,8.610392357890282733e-02,1.380168920568276003e-01,8.603882894758255184e-02,1.940959169392504347e-01,7.355693339191850255e-02,6.924441406694982482e-02,5.690898143175641272e-02,3.765724421878305361e-02,6.810525801884489971e-02,6.997672866930300384e-02,1.210597405978941915e-01,8.234470862015655368e-02,1.887093361974971073e-01,2.269849794138228405e-01,4.322283519666715590e-02,1.620856319875018381e-01,3.985907012319159226e-01,2.089374928802746889e-01,2.352519975914986461e-01,1.831925661931032290e-01,4.424807563996159543e-02,1.509381763739035542e-01
1.147292877019967863e-02,2.122084981041188687e-02,1.819394945401877836e-02,6.086348028446353885e-03,3.179872739995769082e-02,4.035867141857474999e-02,4.201858451724194143e-02,0.000000000000000000e+00,4.986248759133590780e-02,3.212420055655909601e-02,3.746196032482221328e-02,2.292958388256928492e-02,6.135169001936565530e-02,1.987013621051603868e-02,1.816140213835863715e-02,1.642012075054109788e-02,1.186349655812136972e-02,2.249019512115738376e-02,2.042344057673843236e-02,4.371104493156927062e-02,2.424775016680499190e-02,7.399632215333040719e-02,6.896776188383862971e-02,2.201825904408533791e-02,5.189669482009471452e-02,1.046070725316929489e-01,6.148187928200621322e-02,9.129522042669531434e-02,6.644534492017771521e-02,1.910527429250272538e-02,4.734007062767497942e-02,1.845432797929990806e-02,1.409298768084102198e-02,2.182297515012449410e-02,1.306774723754658418e-02,2.203453270191541025e-02,7.274325050041497744e-03,5.288938794772901110e-03,1.702224609025370511e-02,1.440218717961236176e-02,2.068381910201956206e-02,1.285618968575566803e-02,1.344204136763820466e-02,3.352373512994515862e-03,3.563931064785432010e-03,1.340949405197806345e-02,1.529723836026623644e-02,2.755130270630929551e-02,8.332112808996077619e-03,3.306807271070318771e-02,4.851177399144005614e-02,4.821884815049878870e-02,1.257953750264446946e-02,5.840615795212290157e-02,2.787677586291070764e-02,4.463864342788328304e-02,2.854399583394359383e-02,6.223046754218945764e-02,2.413383456199449939e-02,2.307604680303991865e-02,1.858451724194046945e-02,1.215642239906263716e-02,2.222981659587625405e-02,2.262038438379794514e-02,3.957753584273136782e-02,2.724210320753795919e-02,6.146560562417614781e-02,7.412651141597097204e-02,1.438591352178229116e-02,5.285684063206887162e-02,1.308239352959364721e-01,6.794252144054419018e-02,7.635600253869062604e-02,5.894318866051522637e-02,1.422317694348158683e-02,4.942309882992400316e-02
4.026102947159432982e-02,7.931780826376344518e-02,6.826799459714559537e-02,2.250646877898745263e-02,1.181142085306514378e-01,1.529072889713420924e-01,1.545834757278393423e-01,4.986248759133590780e-02,0.000000000000000000e+00,1.161450959332129135e-01,1.376263242689059196e-01,8.112418428290127381e-02,2.290029129847515887e-01,7.358948070757864723e-02,6.628260834187700568e-02,6.141678465068593773e-02,4.410161271949095824e-02,8.433009487542514337e-02,7.541213038454654127e-02,1.627528519585347277e-01,8.719425865351755622e-02,2.779215284219433979e-01,2.545200084623020498e-01,7.881332487103126505e-02,1.932334130742567047e-01,3.864668261485134093e-01,2.324529284447265087e-01,3.386873667594265114e-01,2.507933408192159486e-01,7.179937834627089788e-02,1.732493612589301735e-01,6.856092043808686975e-02,5.080635974547999256e-02,7.821119953131865088e-02,4.768181744210646389e-02,8.035932236488795011e-02,2.634705202688408104e-02,1.887744308288174036e-02,6.325570798548389717e-02,5.217334700320590962e-02,7.497274162313463663e-02,4.756790183729597138e-02,4.968347735520513286e-02,1.241680092434376513e-02,1.297010529056616054e-02,4.851177399144005614e-02,5.725072824618789719e-02,1.027518755390649102e-01,3.098504450845416397e-02,1.199856791811095419e-01,1.828182720630115998e-01,1.767644713502253828e-01,4.629855652655047449e-02,2.213054728311282526e-01,1.014662565704893549e-01,1.643313967680515575e-01,1.020358345945418105e-01,2.335107162036811068e-01,8.769874204624973635e-02,8.450910511155591831e-02,6.901658285732883980e-02,4.512685316278539777e-02,8.247489788279711853e-02,8.514377776692867716e-02,1.487900535403342550e-01,9.762567332259271258e-02,2.312974987387915182e-01,2.761151524028055970e-01,5.214079968754577188e-02,1.958860193005581840e-01,4.844993409168578680e-01,2.540968933587202661e-01,2.854074110237758144e-01,2.237790688212989709e-01,5.391462839102344889e-02,1.827369037738612589e-01
2.579374766066168737e-02,4.960210906605477810e-02,4.196976354375173135e-02,1.422317694348158683e-02,7.533076209539618651e-02,9.355725886507509914e-02,9.900893423814870198e-02,3.212420055655909601e-02,1.161450959332129135e-01,0.000000000000000000e+00,8.821949909681199575e-02,5.243372552848703932e-02,1.425735162492473562e-01,4.683558723494279930e-02,4.143273283535940654e-02,3.843837979462643578e-02,2.799069146772120015e-02,5.244999918631711167e-02,4.755162817946589904e-02,1.013523409656788554e-01,5.583492001497176310e-02,1.718172793698839740e-01,1.592377418672394906e-01,4.979739296001562537e-02,1.211085615713844016e-01,2.410291461211736541e-01,1.430129050106592470e-01,2.108577845042230170e-01,1.547950332796302619e-01,4.486647463750427500e-02,1.090172338036420469e-01,4.336929811713778615e-02,3.236830542401015337e-02,5.004149782746668274e-02,3.005744601214014808e-02,5.207570505622548945e-02,1.708734072157398753e-02,1.209132776774235474e-02,4.027730312942440216e-02,3.354000878777523009e-02,4.763299646861625380e-02,2.999235138081986565e-02,3.161971716382691588e-02,7.876450389754105844e-03,8.201923546355514502e-03,3.098504450845416397e-02,3.565558430568439158e-02,6.393920161434685223e-02,1.915409526599293893e-02,7.746261127113540645e-02,1.123858809744666259e-01,1.128415433937086099e-01,2.893456362186528838e-02,1.365359891942911907e-01,6.628260834187700568e-02,1.045582515582027389e-01,6.581067226480495636e-02,1.469023092320460855e-01,5.598138293544240029e-02,5.253136747546745949e-02,4.319028788100701122e-02,2.854399583394359383e-02,5.163631629481358482e-02,5.308467184168985664e-02,9.139286237367573451e-02,6.278377190841184785e-02,1.422480430926459372e-01,1.713453432928119247e-01,3.313316734202346320e-02,1.229637585640124264e-01,3.009975752249833270e-01,1.576917443733827917e-01,1.791404253934156809e-01,1.381959022929583891e-01,3.357255610343536784e-02,1.145340038080359391e-01
2.997607772298979678e-02,5.869908379306416901e-02,5.004149782746668274e-02,1.668049927582222758e-02,8.847987762209311158e-02,1.104981366661784564e-01,1.159009910657618492e-01,3.746196032482221328e-02,1.376263242689059196e-01,8.821949909681199575e-02,0.000000000000000000e+00,6.144933196634607547e-02,1.679929697798173971e-01,5.480967957167732357e-02,4.857686862276033857e-02,4.548487363504694764e-02,3.293788344806262286e-02,6.205145730605868271e-02,5.585119367280183544e-02,1.197090269979983468e-01,6.543637813471334108e-02,2.040065745577633594e-01,1.879932952529740076e-01,5.886182037136487161e-02,1.432407362202802459e-01,2.854399583394359730e-01,1.699295350615958045e-01,2.497192794024312712e-01,1.833227554557437800e-01,5.329622939348076932e-02,1.285944441732168042e-01,5.103419095510097758e-02,3.796644371755439340e-02,5.798304284854106927e-02,3.506973262380184975e-02,6.044036518088170828e-02,1.985386255268596634e-02,1.410926133867109258e-02,4.703087112890364657e-02,3.843837979462643578e-02,5.536298393789972072e-02,3.500463799248156732e-02,3.713648716822080115e-02,9.243437647480024638e-03,9.520089830591221478e-03,3.550912138521375438e-02,4.227896304252307114e-02,7.516802551709547697e-02,2.286448925124900250e-02,9.043271656170157047e-02,1.345831502546827319e-01,1.315725235561197026e-01,3.410958681182769264e-02,1.623785578284430986e-01,7.661638106397175574e-02,1.228661166170320063e-01,7.637227619652069144e-02,1.729564354179889130e-01,6.561538837084411602e-02,6.164461586030692275e-02,5.085518071897020265e-02,3.378411365522628745e-02,6.078211199531318581e-02,6.247457240964051500e-02,1.089195918566616267e-01,7.285716610522546821e-02,1.694413253266936759e-01,2.021351039073052414e-01,3.834073784764601561e-02,1.443473449527250263e-01,3.551563084834578055e-01,1.873911699132614073e-01,2.111832576608244361e-01,1.642825757945613474e-01,3.995182997282299003e-02,1.346482448860030212e-01
1.890999039854188157e-02,3.463034386238995205e-02,3.017136161695064059e-02,1.008966785464368750e-02,5.287311428989894396e-02,6.615241907923644082e-02,6.922814040911975941e-02,2.292958388256928492e-02,8.112418428290127381e-02,5.243372552848703932e-02,6.144933196634607547e-02,0.000000000000000000e+00,1.004084688115347707e-01,3.300297807938290529e-02,2.999235138081986565e-02,2.670507249914563438e-02,1.931683184429364153e-02,3.684356132727953370e-02,3.339354586730459290e-02,7.168546274146039843e-02,4.035867141857474999e-02,1.207993620726130618e-01,1.140457940731338243e-01,3.658318280199840400e-02,8.522514605607901805e-02,1.723217627626161541e-01,1.016452668066201298e-01,1.482692964897719956e-01,1.093915279337336621e-01,3.137561229637585852e-02,7.725105371934450071e-02,3.080603427232338903e-02,2.257156341030773505e-02,3.537893212257318953e-02,2.122084981041188687e-02,3.594851014662565902e-02,1.191231753161157980e-02,8.592491334277205586e-03,2.856026949177366617e-02,2.335269898615111722e-02,3.360510341909551252e-02,2.118830249475174565e-02,2.201825904408533791e-02,5.484222688733746652e-03,5.923611450145649555e-03,2.247392146332731142e-02,2.511025403179872884e-02,4.577779947598821508e-02,1.339322039414799284e-02,5.414245960064443391e-02,7.886214584452147514e-02,7.889469316018161982e-02,2.068381910201956206e-02,9.524971927940242833e-02,4.608699897475955487e-02,7.363830168106885732e-02,4.813747986134843393e-02,1.031424433269866048e-01,3.943107292226073757e-02,3.785252811274390089e-02,3.059447672053247289e-02,2.004914644664681361e-02,3.637162525020749132e-02,3.723412911520122132e-02,6.514345229377206670e-02,4.541977900372666521e-02,1.006363000211557557e-01,1.226708327230711659e-01,2.441048674510569796e-02,8.538788263437972759e-02,2.150889355400413261e-01,1.114745561359826859e-01,1.253885335806929346e-01,9.710491627203046705e-02,2.362935116926231580e-02,8.143338378167259972e-02
4.945564614558414090e-02,9.632378069618707794e-02,8.330485443213070385e-02,2.750248173281908542e-02,1.437777669286725568e-01,1.857963514459144982e-01,1.878631059903334566e-01,6.135169001936565530e-02,2.290029129847515887e-01,1.425735162492473562e-01,1.679929697798173971e-01,1.004084688115347707e-01,0.000000000000000000e+00,8.908200296180572575e-02,8.052205894318865964e-02,7.474491041351365161e-02,5.358915523442204371e-02,1.024264023824635050e-01,9.166951455678692962e-02,1.974645641100750137e-01,1.064459958664909084e-01,3.368484434246285519e-01,3.098178977688815228e-01,9.655161190580806296e-02,2.348939771192370962e-01,4.692509235300818538e-01,2.814366385132386350e-01,4.107145763153183804e-01,3.046428745789190873e-01,8.738954254747839656e-02,2.113948152126153279e-01,8.371169587788247768e-02,6.208400462171882045e-02,9.591693925043531799e-02,5.837361063646275688e-02,9.749548405995216160e-02,3.220556884570945078e-02,2.335269898615111722e-02,7.811355758433823071e-02,6.377646503604615658e-02,9.147423066282608928e-02,5.850379989910332174e-02,6.044036518088170828e-02,1.521587007111588515e-02,1.581799541082849064e-02,5.949649302673761658e-02,6.958616088138130928e-02,1.252746179758824352e-01,3.778743348142361846e-02,1.471301404416670844e-01,2.206219792022652837e-01,2.163257335351266852e-01,5.687643411609627497e-02,2.678318605672996844e-01,1.244772087422089807e-01,2.003938225194877021e-01,1.256326384481439851e-01,2.850656642093443160e-01,1.074549626519552825e-01,1.030448013800061846e-01,8.428127390193493329e-02,5.469576396686683106e-02,1.004572897850249807e-01,1.031261696691565394e-01,1.797262770752982020e-01,1.206854464678025624e-01,2.802649351494735375e-01,3.364090546632166334e-01,6.413448550830770645e-02,2.387671076827938554e-01,5.904245797327865031e-01,3.079301534605933255e-01,3.459128708359778259e-01,2.706960243453921389e-01,6.457387426971961109e-02,2.221191557226317725e-01
1.585054272648863186e-02,3.111523377109472882e-02,2.673761981480577560e-02,8.804048886068121735e-03,4.660775602532181427e-02,5.920356718579634914e-02,6.092857491578382301e-02,1.987013621051603868e-02,7.358948070757864723e-02,4.683558723494279930e-02,5.480967957167732357e-02,3.300297807938290529e-02,8.908200296180572575e-02,0.000000000000000000e+00,2.594021058113232109e-02,2.423147650897492303e-02,1.755927679864603339e-02,3.297043076372276060e-02,2.973197285553873942e-02,6.354863382642517156e-02,3.464661752022001745e-02,1.080408143338378174e-01,9.998535370795293142e-02,3.139188595420592393e-02,7.598170840859899688e-02,1.508730817425832926e-01,9.062800045566242468e-02,1.328255952090351411e-01,9.780468355872348751e-02,2.843008022913310132e-02,6.877247798987778937e-02,2.685153541961626811e-02,2.008169376230695483e-02,3.080603427232338903e-02,1.871470650458103430e-02,3.137561229637585852e-02,1.044768832690523910e-02,7.632345522303048482e-03,2.493124379566795390e-02,2.037461960324822227e-02,2.940649969893733076e-02,1.877980113590131672e-02,1.978876792136568391e-02,4.882097349021139419e-03,5.223844163452619552e-03,1.882862210939152681e-02,2.237627951634688778e-02,4.053768165470552493e-02,1.210760142557242534e-02,4.753535452163582670e-02,7.129489495353870387e-02,6.971635014402187414e-02,1.825904408533906079e-02,8.631548113069374695e-02,4.068414457517616212e-02,6.543637813471334108e-02,4.102589138960763965e-02,9.155559895197643017e-02,3.461407020455987971e-02,3.293788344806262286e-02,2.725837686536802806e-02,1.788474995524744204e-02,3.238457908184022571e-02,3.352373512994515775e-02,5.793422187505085225e-02,3.884522124037820268e-02,8.987941219547918026e-02,1.077478884928965430e-01,2.065127178635942085e-02,7.677911764227245139e-02,1.888720727757978168e-01,9.990398541880259053e-02,1.118813975817344458e-01,8.737326888964833116e-02,2.123712346824195574e-02,7.202720955589188290e-02
1.505313349281518082e-02,2.787677586291070764e-02,2.442676040293576684e-02,7.957818678904457141e-03,4.144900649318947194e-02,5.380071278621295638e-02,5.435401715243535353e-02,1.816140213835863715e-02,6.628260834187700568e-02,4.143273283535940654e-02,4.857686862276033857e-02,2.999235138081986565e-02,8.052205894318865964e-02,2.594021058113232109e-02,0.000000000000000000e+00,2.143240736220280301e-02,1.563898517469771571e-02,2.952041530374782327e-02,2.685153541961626811e-02,5.803186382203127935e-02,3.157089619033669886e-02,9.783723087438363220e-02,9.124639945320509038e-02,2.921121580497648348e-02,6.756822731045257491e-02,1.380982603459779690e-01,8.206805643704535858e-02,1.197253006558284122e-01,8.867516151605396579e-02,2.520789597877914900e-02,6.250711972530065275e-02,2.400364529935393454e-02,1.819394945401877836e-02,2.869045875441423102e-02,1.721752998421455239e-02,2.841380657130303244e-02,9.292258620970234723e-03,6.981399209100229430e-03,2.226236391153639527e-02,1.858451724194046945e-02,2.724210320753795919e-02,1.720125632638448004e-02,1.752672948298589217e-02,4.231151035818321235e-03,4.817002717700857861e-03,1.762437142996631234e-02,1.995150449966638997e-02,3.687610864293967144e-02,1.072434051001643594e-02,4.253934156780419390e-02,6.397174893000699691e-02,6.249084606747058734e-02,1.642012075054109788e-02,7.734869566632492088e-02,3.578577356832494949e-02,5.799931650637113467e-02,3.739686569350193085e-02,8.177513059610408419e-02,3.103386548194437752e-02,3.062702403619261410e-02,2.468713892821689654e-02,1.576917443733828056e-02,2.926003677846669704e-02,2.992725674949958670e-02,5.290566160555908171e-02,3.529756383342284171e-02,8.180767791176422887e-02,9.826034597796547143e-02,1.936565281778385161e-02,6.875620433204771009e-02,1.727774251818581241e-01,9.018861169425052005e-02,9.988771176097251125e-02,7.853667268792006995e-02,1.861706455760061066e-02,6.527364155641263155e-02
1.313284186886686487e-02,2.587511594981203866e-02,2.226236391153639527e-02,7.371966997021920515e-03,3.894286318735862285e-02,4.943937248775407550e-02,5.092027535029048507e-02,1.642012075054109788e-02,6.141678465068593773e-02,3.843837979462643578e-02,4.548487363504694764e-02,2.670507249914563438e-02,7.474491041351365161e-02,2.423147650897492303e-02,2.143240736220280301e-02,0.000000000000000000e+00,1.448355546876271306e-02,2.733974515451838283e-02,2.449185503425604926e-02,5.300330355253950187e-02,2.860909046526387625e-02,9.023743266774073013e-02,8.315839151166007359e-02,2.584256863415189745e-02,6.320688701199368709e-02,1.258279223421048254e-01,7.572132988331786718e-02,1.106283259288190213e-01,8.171003596478380870e-02,2.372699311624273943e-02,5.651841364383472510e-02,2.226236391153639527e-02,1.666422561799215524e-02,2.545200084623020637e-02,1.541115396507673069e-02,2.633077836905401217e-02,8.592491334277205586e-03,6.151442659766635443e-03,2.053735618154892834e-02,1.700597243242363624e-02,2.431284479812527433e-02,1.536233299158651887e-02,1.642012075054109788e-02,4.068414457517616038e-03,4.214877377988250629e-03,1.581799541082849064e-02,1.871470650458103430e-02,3.332845123598431047e-02,1.017103614379404053e-02,3.928461000179010038e-02,5.944767205324740650e-02,5.767384334976972948e-02,1.497176520366482778e-02,7.199466224023173822e-02,3.347491415645494767e-02,5.397972302234373132e-02,3.350746147211508541e-02,7.677911764227245139e-02,2.893456362186528838e-02,2.727465052319810040e-02,2.252274243681752497e-02,1.482530228319419406e-02,2.681898810395612689e-02,2.751875539064915777e-02,4.823512180832886104e-02,3.207537958306888592e-02,7.534703575322625191e-02,8.950511806538755111e-02,1.707106706374391866e-02,6.395547527217693151e-02,1.574639131637618206e-01,8.286546567071881308e-02,9.310159644583312910e-02,7.292226073654575758e-02,1.768946606128659477e-02,5.962668228937818143e-02
9.650279093231786329e-03,1.863333821543068300e-02,1.598073198912919671e-02,5.305212452602971716e-03,2.815342804602190274e-02,3.547657406955361664e-02,3.687610864293967144e-02,1.186349655812136972e-02,4.410161271949095824e-02,2.799069146772120015e-02,3.293788344806262286e-02,1.931683184429364153e-02,5.358915523442204371e-02,1.755927679864603339e-02,1.563898517469771571e-02,1.448355546876271306e-02,0.000000000000000000e+00,1.960975768523490897e-02,1.785220263958730083e-02,3.816172761151524068e-02,2.081400836466012344e-02,6.507835766245179121e-02,6.013116568211036850e-02,1.864961187326075187e-02,4.538723168806652747e-02,9.105111555924425004e-02,5.419128057413465094e-02,7.965955507819492964e-02,5.855262087259353182e-02,1.695715145893342615e-02,4.099334407394750190e-02,1.614346856742990277e-02,1.209132776774235474e-02,1.866588553109082421e-02,1.122882390274862127e-02,1.946329476476427525e-02,6.314179238067340640e-03,4.524076876759589548e-03,1.489039691451447475e-02,1.248189555566404582e-02,1.785220263958730083e-02,1.124509756057869188e-02,1.196113850510179162e-02,2.929258409412683565e-03,3.075721329883317721e-03,1.145665511236960803e-02,1.342576770980813405e-02,2.419892919331478182e-02,7.192956760891145579e-03,2.870673241224429989e-02,4.270207814610490343e-02,4.196976354375173135e-02,1.072434051001643594e-02,5.165258995264365716e-02,2.444303406076583918e-02,3.892658952952855050e-02,2.423147650897492303e-02,5.518397370176894579e-02,2.083028202249019578e-02,1.973994694787547383e-02,1.620856319875018173e-02,1.072434051001643594e-02,1.938192647561392395e-02,1.995150449966638997e-02,3.479308044069065464e-02,2.304349948737977744e-02,5.420755423196471634e-02,6.434604306009861219e-02,1.230288531953327089e-02,4.613581994824976495e-02,1.128578170515386753e-01,5.974059789418867394e-02,6.742176438998193078e-02,5.240117821282689464e-02,1.280736871226545621e-02,4.307637227619651871e-02
1.816140213835863715e-02,3.537893212257318953e-02,3.056192940487233167e-02,1.013848882813389932e-02,5.316604013084021141e-02,6.820289996582531988e-02,6.950479259223095452e-02,2.249019512115738376e-02,8.433009487542514337e-02,5.244999918631711167e-02,6.205145730605868271e-02,3.684356132727953370e-02,1.024264023824635050e-01,3.297043076372276060e-02,2.952041530374782327e-02,2.733974515451838283e-02,1.960975768523490897e-02,0.000000000000000000e+00,3.358882976126544018e-02,7.306872365701638783e-02,3.905677879216911536e-02,1.242981985060782057e-01,1.139156048104932595e-01,3.560676333219417455e-02,8.621783918371332678e-02,1.728099724975182550e-01,1.042815993750915438e-01,1.515403017136161823e-01,1.122231443961659303e-01,3.236830542401015337e-02,7.773926345424661544e-02,3.022018259044085414e-02,2.276684730426857886e-02,3.490699604550114715e-02,2.123712346824195574e-02,3.581832088398509417e-02,1.174958095331087547e-02,8.543670360786993767e-03,2.818597536168204395e-02,2.330387801266090714e-02,3.340981952513466524e-02,2.130221809956223816e-02,2.218099562238604397e-02,5.516770004393887865e-03,5.809695845335156178e-03,2.172533320314407046e-02,2.559846376670084009e-02,4.594053605428892462e-02,1.376751452423961332e-02,5.388208107536331115e-02,8.107536330941104985e-02,7.920389265895295960e-02,2.079773470683005457e-02,9.835798792494589160e-02,4.584289410730849751e-02,7.393122752201011783e-02,4.620091457957004738e-02,1.047535354521635792e-01,3.934970463311038280e-02,3.788507542840404557e-02,3.083858158798353025e-02,2.019560936711744734e-02,3.692492961642988153e-02,3.795017005972432106e-02,6.628260834187700568e-02,4.424807563996159543e-02,1.034028218522677345e-01,1.235984312193851853e-01,2.356425653794203337e-02,8.786147862455044588e-02,2.171068691109700743e-01,1.136714999430421952e-01,1.274552881251118930e-01,9.965988055135152623e-02,2.395482432586372445e-02,8.174258328044393951e-02
1.648521538186138030e-02,3.181500105778775622e-02,2.740483978583866179e-02,8.966785464368826064e-03,4.753535452163582670e-02,6.073329102182297573e-02,6.234438314699995015e-02,2.042344057673843236e-02,7.541213038454654127e-02,4.755162817946589904e-02,5.585119367280183544e-02,3.339354586730459290e-02,9.166951455678692962e-02,2.973197285553873942e-02,2.685153541961626811e-02,2.449185503425604926e-02,1.785220263958730083e-02,3.358882976126544018e-02,0.000000000000000000e+00,6.550147276603361657e-02,3.563931064785431924e-02,1.109700727432505057e-01,1.028006965125551203e-01,3.236830542401015337e-02,7.715341177236408055e-02,1.552669693567023113e-01,9.287376523621214408e-02,1.359664111702387213e-01,1.002457322332340611e-01,2.870673241224429989e-02,7.026965451024426434e-02,2.748620807498901655e-02,2.078146104899998223e-02,3.199401129391853116e-02,1.920291623948314902e-02,3.274259955410177558e-02,1.065924587869615525e-02,7.778808442773682205e-03,2.548454816189034758e-02,2.115575517909160444e-02,3.062702403619261410e-02,1.933310550212371387e-02,2.004914644664681361e-02,4.930918322511351239e-03,5.272665136942830504e-03,1.941447379127406517e-02,2.294585754039935727e-02,4.122117528356848692e-02,1.236797995085355331e-02,4.860941593842047631e-02,7.288971342088561289e-02,7.126234763787855919e-02,1.853569626845025936e-02,8.818695178115185107e-02,4.125372259922863161e-02,6.610359810574623074e-02,4.151410112450975437e-02,9.331315399762404872e-02,3.541147943823333422e-02,3.414213412748783733e-02,2.786050220508063530e-02,1.801493921788800343e-02,3.314944099985353554e-02,3.376783999739621511e-02,5.944767205324740650e-02,3.956126218490130242e-02,9.236928184347996396e-02,1.103191264300476815e-01,2.122084981041188687e-02,7.855294634575013535e-02,1.938680857296294358e-01,1.021172028836921652e-01,1.145502774658660045e-01,8.932610782925677617e-02,2.130221809956223816e-02,7.352438607625835787e-02
3.524874285993262468e-02,6.872365701638757929e-02,5.936630376409705867e-02,1.947956842259434759e-02,1.023775814089732950e-01,1.317515337922504914e-01,1.340298458884603416e-01,4.371104493156927062e-02,1.627528519585347277e-01,1.013523409656788554e-01,1.197090269979983468e-01,7.168546274146039843e-02,1.974645641100750137e-01,6.354863382642517156e-02,5.803186382203127935e-02,5.300330355253950187e-02,3.816172761151524068e-02,7.306872365701638783e-02,6.550147276603361657e-02,0.000000000000000000e+00,7.643737082784096692e-02,2.405246627284414740e-01,2.212403781998079633e-01,6.900030919949877439e-02,1.667561717847320657e-01,3.353512669042620908e-01,2.017119888037234021e-01,2.926491887581571527e-01,2.163745545086168953e-01,6.197008901690832794e-02,1.509381763739035542e-01,5.886182037136487161e-02,4.415043369298116832e-02,6.839818385978616022e-02,4.141645917752933420e-02,6.952106625006101992e-02,2.279939461992872007e-02,1.651776269752152151e-02,5.435401715243535353e-02,4.524076876759589028e-02,6.533873618773292091e-02,4.143273283535940654e-02,4.284854106657553369e-02,1.056160393171573161e-02,1.129391853406890196e-02,4.185584793894123884e-02,4.932545688294357605e-02,8.916337125095608052e-02,2.644469397386450468e-02,1.044768832690523841e-01,1.573662712167814004e-01,1.531839411544532736e-01,3.991928265716285229e-02,1.905808068479552253e-01,8.844733030643298077e-02,1.424107796709466467e-01,8.957021269670784047e-02,2.012726000423115114e-01,7.586779280378851131e-02,7.363830168106885732e-02,5.985451349899917339e-02,3.917069439697960787e-02,7.139253690051912404e-02,7.339419681361779302e-02,1.300916206935832931e-01,8.489967289947761286e-02,2.006867483604289626e-01,2.388322023141141448e-01,4.576152581815814968e-02,1.693111360640531249e-01,4.202834871193998345e-01,2.214193884359387521e-01,2.468062946508486621e-01,1.935426125730280444e-01,4.652638773617145951e-02,1.587983531058275999e-01
1.983758889485589746e-02,3.710393985256066340e-02,3.217302153004930609e-02,1.065924587869615525e-02,5.570473075233119825e-02,7.067649595599602430e-02,7.313381828833666332e-02,2.424775016680499190e-02,8.719425865351755622e-02,5.583492001497176310e-02,6.543637813471334108e-02,4.035867141857474999e-02,1.064459958664909084e-01,3.464661752022001745e-02,3.157089619033669886e-02,2.860909046526387625e-02,2.081400836466012344e-02,3.905677879216911536e-02,3.563931064785431924e-02,7.643737082784096692e-02,0.000000000000000000e+00,1.292453904864196423e-01,1.208481830461032719e-01,3.855229539943692829e-02,9.054663216651206992e-02,1.821673257498087894e-01,1.081710035964783823e-01,1.581636804504548410e-01,1.167309476150954484e-01,3.336099855164445516e-02,8.214942472619571334e-02,3.236830542401015337e-02,2.411756090416443052e-02,3.777115982359354612e-02,2.270175267294829990e-02,3.798271737538446574e-02,1.248189555566404582e-02,9.227163989649954032e-03,2.999235138081986565e-02,2.483360184868753026e-02,3.586714185747530426e-02,2.266920535728815869e-02,2.325505703917069358e-02,5.728327556184804013e-03,6.265358264577128820e-03,2.349916190662175094e-02,2.650978860518478711e-02,4.860941593842047631e-02,1.425572425914172804e-02,5.718563361486761476e-02,8.431382121759507797e-02,8.377679050920275317e-02,2.190434343927484540e-02,1.018405507005809701e-01,4.862568959625054865e-02,7.785317905905710101e-02,5.018796074793731299e-02,1.094566225650539515e-01,4.153037478233982671e-02,4.030985044508453990e-02,3.249849468665071822e-02,2.122084981041188687e-02,3.878012660905792025e-02,3.949616755358101999e-02,6.932578235610017958e-02,4.727497599635470393e-02,1.073084997314846523e-01,1.299939787466028729e-01,2.546827450406027871e-02,9.147423066282608928e-02,2.278963042523067806e-01,1.188302494751745375e-01,1.329395108138456405e-01,1.035492847727383647e-01,2.501261208481830520e-02,8.625038649937345758e-02
