0.000000000000000000e+00,2.043682842896270974e-02,1.462532481213568367e-02,7.813048669148114911e-03,2.605520050565348841e-02,3.722171500807641004e-02,4.057518084135122022e-02,7.672589367230845184e-03,4.477140248612964529e-02,2.575672448907928916e-02,2.954912564084556659e-02,1.824215183650537350e-02,5.757075637334082424e-02,1.625816419692394099e-02,1.183369618652995239e-02,1.488868600323056332e-02,1.255355010885595909e-02,2.124446941498700850e-02,1.580167146569281394e-02,3.465833274808623882e-02,1.608259006952735340e-02,6.666549617248401782e-02,4.984549476789100486e-02,2.127958424046632463e-02,4.740501439707844877e-02,9.456422501580166728e-02,6.080132031743801929e-02,8.018470398202121041e-02,5.504248893882997262e-02,1.206194255214551592e-02,4.055762342861155695e-02,1.899712058431069633e-02,9.059624973663880920e-03,1.978720415759533530e-02,1.144743310625746108e-02,1.832993890020366556e-02,6.461127888194395305e-03,5.706159140389072473e-03,1.787344616897253852e-02,1.111384226420394743e-02,1.653908280075848045e-02,1.002528267434510921e-02,1.234286115598005537e-02,4.722944026968186118e-03,4.196221644778425075e-03,9.814593721469203752e-03,2.140248612964393629e-02,2.289486621251492215e-02,8.515345178734461812e-03,2.960179787906454252e-02,4.496453402626589269e-02,4.138282182737551551e-02,8.901608259006953128e-03,4.947678910035817335e-02,2.530023175784816211e-02,3.785378186670412121e-02,2.695062855537607924e-02,5.592035957581290712e-02,1.876887421869513281e-02,1.627572160966360079e-02,1.966430226841772710e-02,9.428330641196712436e-03,2.052461549266100180e-02,1.954140037924011544e-02,3.509726806657770953e-02,2.171851955895779188e-02,6.134560011236744187e-02,5.727228035676662499e-02,1.785588875623288219e-02,4.447292646955544604e-02,1.132628695835381644e-01,6.239904487674696049e-02,7.581290820984619427e-02,5.539363719362314781e-02,1.293981318912845041e-02,3.982021209354589392e-02
2.043682842896270974e-02,0.000000000000000000e+00,2.765292506496242614e-02,1.483601376501158739e-02,4.988060959337031752e-02,7.140599761219186548e-02,7.809537186600182257e-02,1.423906173186319235e-02,8.508322213638598586e-02,4.910808343282534183e-02,5.614860594142847411e-02,3.462321792260692616e-02,1.095758129082098492e-01,3.133998174029074824e-02,2.236814383032516285e-02,2.881171430577990009e-02,2.398342580237376384e-02,4.078586979422712394e-02,2.977737200646112664e-02,6.587541259919937886e-02,3.058501299248542887e-02,1.273263571880047795e-01,9.400238780813259531e-02,4.020647517381838870e-02,9.122831659526652037e-02,1.809642531076620653e-01,1.157033499543507205e-01,1.541716412669429104e-01,1.059765432965798226e-01,2.324601446730809734e-02,7.739307535641547220e-02,3.564154786150712517e-02,1.741695343774141494e-02,3.718660018259709044e-02,2.157806025704052388e-02,3.462321792260692616e-02,1.239553339419903130e-02,1.079780883489009011e-02,3.332396937987218422e-02,2.113912493854905664e-02,3.111173537467518818e-02,1.873375939321581668e-02,2.363227754758058866e-02,9.059624973663880920e-03,7.690146779970503249e-03,1.873375939321581668e-02,4.108434581080132320e-02,4.357749841983285521e-02,1.617037713322564893e-02,5.681578762553549794e-02,8.510077954912563525e-02,7.921904628133998039e-02,1.674977175363438417e-02,9.472224173045859508e-02,4.844090174871831106e-02,7.240677013835240816e-02,5.058290610295666789e-02,1.071353325373972931e-01,3.618582765643654775e-02,3.133998174029074824e-02,3.785378186670412121e-02,1.818947959828639757e-02,3.973242502984759839e-02,3.773087997752651301e-02,6.770138352412388705e-02,4.157595336751176290e-02,1.177400098321511324e-01,1.092246646534166671e-01,3.344687126904979241e-02,8.578551864597233623e-02,2.157279303321862629e-01,1.190743732003651939e-01,1.455860664372498059e-01,1.057482969309642556e-01,2.530023175784816211e-02,7.632207317929630419e-02
1.462532481213568367e-02,2.765292506496242614e-02,0.000000000000000000e+00,1.058711988201418638e-02,3.558887562328814924e-02,5.082870988131189122e-02,5.528829271718519595e-02,1.037643092913828266e-02,6.129292787414846594e-02,3.522016995575531773e-02,4.001334363368214131e-02,2.477350937565840280e-02,7.828850340613807690e-02,2.242081606854413878e-02,1.594213076761008541e-02,2.040171360348339014e-02,1.724137931034482735e-02,2.907507549687477974e-02,2.117423976402837277e-02,4.729966992064049691e-02,2.224524194114755118e-02,9.035044595828359282e-02,6.817543366809467043e-02,2.912774773509375567e-02,6.464639370742326918e-02,1.281515555867687450e-01,8.348549757707704466e-02,1.091368775897183785e-01,7.530374324039609824e-02,1.655664021349814025e-02,5.520050565348690041e-02,2.561626518716202117e-02,1.243064821967834743e-02,2.712620268277266683e-02,1.569632698925486208e-02,2.530023175784816211e-02,8.954280497225929059e-03,7.865720907367090842e-03,2.426434440620829983e-02,1.538029355994100650e-02,2.285975138703560602e-02,1.387035606433036083e-02,1.713603483390687549e-02,6.373340824496102376e-03,5.653486902170096542e-03,1.358943746049582138e-02,2.900484584591614748e-02,3.130486691481143557e-02,1.130697380434019308e-02,4.057518084135122022e-02,6.132804269962778554e-02,5.686845986375447387e-02,1.225507409228176157e-02,6.803497436617740590e-02,3.385069176206194352e-02,5.158367862911721058e-02,3.623849989465552368e-02,7.648008989395323198e-02,2.582695414003792489e-02,2.189409368635437947e-02,2.681016925345881124e-02,1.262377975981459309e-02,2.798651590701594152e-02,2.661703771332256385e-02,4.817754055762343141e-02,2.975981459372147031e-02,8.429313856310134689e-02,7.862209424819158188e-02,2.422922958072898370e-02,6.060818877730177884e-02,1.542418709179015357e-01,8.553971486761710596e-02,1.031673572582344212e-01,7.586558044806517020e-02,1.773298686705527052e-02,5.397148676171079767e-02
7.813048669148114911e-03,1.483601376501158739e-02,1.058711988201418638e-02,0.000000000000000000e+00,1.947117072828147971e-02,2.695062855537607924e-02,2.998806095933703036e-02,5.495470187513167883e-03,3.225296720275300233e-02,1.892689093335206060e-02,2.154294543156120428e-02,1.350165039679752758e-02,4.205000351148254628e-02,1.214972961584380971e-02,8.339771051337874219e-03,1.086803848584872584e-02,9.147412037362174717e-03,1.546808062363930029e-02,1.128941639160053328e-02,2.470327972469976707e-02,1.186881101200927026e-02,4.775616265187161702e-02,3.608048317999859589e-02,1.571388440199452188e-02,3.460566050986726289e-02,6.859681157384647787e-02,4.415689304024159045e-02,5.864175855046000613e-02,3.985532691902521352e-02,8.936723084486269258e-03,2.940866633892829513e-02,1.402837277898728863e-02,6.671816841070299896e-03,1.451998033569773180e-02,8.410000702296509950e-03,1.365966711145445538e-02,4.775616265187162049e-03,4.213779057518084008e-03,1.318561696748367200e-02,8.216869162160264292e-03,1.216728702858346778e-02,7.268768874218694935e-03,9.217641688320808713e-03,3.529039960671395606e-03,2.896973102043682701e-03,7.198539223260060071e-03,1.548563803637895836e-02,1.652152538801882065e-02,6.215324109839173716e-03,2.208722522649062339e-02,3.232319685371163459e-02,3.070791488166303707e-02,6.443570475454737240e-03,3.578200716342439663e-02,1.859330009129854522e-02,2.777582695414003780e-02,1.992766345951260676e-02,4.108434581080132320e-02,1.397570054076831270e-02,1.185125359926961219e-02,1.425661914460285215e-02,6.847390968466886621e-03,1.499403047966851518e-02,1.427417655734251022e-02,2.521244469414987005e-02,1.602991783130837747e-02,4.417445045298124678e-02,4.127747735093756365e-02,1.301004284008708441e-02,3.251632839384788198e-02,8.239693798721819951e-02,4.512255074092282048e-02,5.555165390828007560e-02,3.966219537888896612e-02,9.516117704895006232e-03,2.916286256057307527e-02
2.605520050565348841e-02,4.988060959337031752e-02,3.558887562328814924e-02,1.947117072828147971e-02,0.000000000000000000e+00,9.101762764239061665e-02,1.013940585715289028e-01,1.855818526581922909e-02,1.090842053514994026e-01,6.411967132523350987e-02,7.284570545684387888e-02,4.517522297914179641e-02,1.422326006039749957e-01,4.085609944518575620e-02,2.800407331975560132e-02,3.671255003862630706e-02,3.102394831097689612e-02,5.189971205843106616e-02,3.774843739026616934e-02,8.348549757707704466e-02,4.018891776107872543e-02,1.608259006952735548e-01,1.217782147622726296e-01,5.244399185336048874e-02,1.160896130346232152e-01,2.299845494767890908e-01,1.494311398272350488e-01,1.973453191937636075e-01,1.341737481564716505e-01,3.014607767399396163e-02,9.835662616756794818e-02,4.763326076269400883e-02,2.257883278320106657e-02,4.891495189268909444e-02,2.853079570194536063e-02,4.622866774352131503e-02,1.645129573706018838e-02,1.427417655734251022e-02,4.463094318421237383e-02,2.775826954140037800e-02,4.113701804902029913e-02,2.470327972469976707e-02,3.093616124727860059e-02,1.185125359926961219e-02,9.779478895989887621e-03,2.412388510429103183e-02,5.202261394760868130e-02,5.548142425732144334e-02,2.075286185827656532e-02,7.414495399957862776e-02,1.096284851464288251e-01,1.040452278952173626e-01,2.178874920991642761e-02,1.214621813329587741e-01,6.282042278249877487e-02,9.377414144251702832e-02,6.629679050495118631e-02,1.388966921834398349e-01,4.668516047475244207e-02,3.925837488587681501e-02,4.810731090666479220e-02,2.284219397429594622e-02,5.016152819720486045e-02,4.784394971556991255e-02,8.420535149940304442e-02,5.428752019102465326e-02,1.483074654118969049e-01,1.391776107872743917e-01,4.350726876887421601e-02,1.090139757005407634e-01,2.775475805885244673e-01,1.520647517381838731e-01,1.869688882646253214e-01,1.342439778074303036e-01,3.198960601165812268e-02,9.749631294332467002e-02
3.722171500807641004e-02,7.140599761219186548e-02,5.082870988131189122e-02,2.695062855537607924e-02,9.101762764239061665e-02,0.000000000000000000e+00,1.421096987147973945e-01,2.616054498209144027e-02,1.552777582695414049e-01,8.945501790856098812e-02,1.022543717957721809e-01,6.210056886017276817e-02,1.999613736919727547e-01,5.748296930964252871e-02,4.046983636491326836e-02,5.251422150431912100e-02,4.389353184914671080e-02,7.412739658683896449e-02,5.430507760376430959e-02,1.206896551724137984e-01,5.563944097197837113e-02,2.316349462743170218e-01,1.729580728983776960e-01,7.321441112437671039e-02,1.658297633260762682e-01,3.278846829131259466e-01,2.110401011306973773e-01,2.806728000561837244e-01,1.920956527846056638e-01,4.271718519558957705e-02,1.410562539504178758e-01,6.582274036098040293e-02,3.181403188426153855e-02,6.798230212795842997e-02,3.943394901327340607e-02,6.380363789591965429e-02,2.270173467237867823e-02,1.952384296650045564e-02,6.153873165250368926e-02,3.869653767820773610e-02,5.728983776950628826e-02,3.462321792260692616e-02,4.385841702366739120e-02,1.667954210267574844e-02,1.409860242994592262e-02,3.443008638247067876e-02,7.428541330149589228e-02,7.962286677435212456e-02,2.921553479879205120e-02,1.036765222276845311e-01,1.555586768733759340e-01,1.446028513238289126e-01,3.067280005618372093e-02,1.723435634524896343e-01,8.685652082309150424e-02,1.321722031041505652e-01,9.112297211882856851e-02,1.946063628063768591e-01,6.617388861577358505e-02,5.685090245101481754e-02,6.896551724137930939e-02,3.283236182316173757e-02,7.173958845424538433e-02,6.847390968466886274e-02,1.227263150502141964e-01,7.572512114614790568e-02,2.143935669639721875e-01,1.999087014537537788e-01,6.090666479387597115e-02,1.554884472224173086e-01,3.935494065594494217e-01,2.169745066367020081e-01,2.637298967624130963e-01,1.919376360699487361e-01,4.601797879064541130e-02,1.387211180560432577e-01
4.057518084135122022e-02,7.809537186600182257e-02,5.528829271718519595e-02,2.998806095933703036e-02,1.013940585715289028e-01,1.421096987147973945e-01,0.000000000000000000e+00,2.905751808413512341e-02,1.699557553198960680e-01,9.884823372427839483e-02,1.135613456001123706e-01,6.973804340192429896e-02,2.193623147692956021e-01,6.378608048318000490e-02,4.398131891284500633e-02,5.692113210197344980e-02,4.805463866844581627e-02,8.115036168270244044e-02,5.922115317086874137e-02,1.304691340684036860e-01,6.197766697099515304e-02,2.515450523210899791e-01,1.889704333169464068e-01,8.123814874640072903e-02,1.816489922045087524e-01,3.598567315120443921e-01,2.314593721469204168e-01,3.071844932930683503e-01,2.087751948872814123e-01,4.663248823653346614e-02,1.538731652503687042e-01,7.312662406067842180e-02,3.485146428822248621e-02,7.570756373340824241e-02,4.391108926188636713e-02,7.135332537397288954e-02,2.526511693236884598e-02,2.206966781375096706e-02,6.884261535220169426e-02,4.313856310134138450e-02,6.348760446660579870e-02,3.815225788327832046e-02,4.763326076269400883e-02,1.831238148746400576e-02,1.545052321089964223e-02,3.774843739026616934e-02,8.102745979352482530e-02,8.643514291733969679e-02,3.253388580658753831e-02,1.150010534447643840e-01,1.705175925275651261e-01,1.601411615984268677e-01,3.374534728562399166e-02,1.885666128239342765e-01,9.739096846688671816e-02,1.457791979773860602e-01,1.027986515907015896e-01,2.154294543156120567e-01,7.268768874218695109e-02,6.169674836716061705e-02,7.498770981108224265e-02,3.572933492520542070e-02,7.883278320106748560e-02,7.470679120724769973e-02,1.324180068825057954e-01,8.376641618091158759e-02,2.312135683685652143e-01,2.167111454456071284e-01,6.770138352412388705e-02,1.700435423835943427e-01,4.326146499051899963e-01,2.369372849216939414e-01,2.912599199381978865e-01,2.097408525879626284e-01,5.024931526090315598e-02,1.522052110401011238e-01
7.672589367230845184e-03,1.423906173186319235e-02,1.037643092913828266e-02,5.495470187513167883e-03,1.855818526581922909e-02,2.616054498209144027e-02,2.905751808413512341e-02,0.000000000000000000e+00,3.172624482056324302e-02,1.836505372568298169e-02,2.096355081115246904e-02,1.297492801460776654e-02,4.071564014326848474e-02,1.176346653557131840e-02,8.251983987639582158e-03,1.042910316735725859e-02,8.919165671746611193e-03,1.492380082870988119e-02,1.113139967694360549e-02,2.428190181894795963e-02,1.176346653557131840e-02,4.607065102886438723e-02,3.569422009972610110e-02,1.516960460706510277e-02,3.318351007795491275e-02,6.636702015590982551e-02,4.305077603764309591e-02,5.683334503827516121e-02,3.850340613807149565e-02,8.603132242432755608e-03,2.867125500386263209e-02,1.332607626940094173e-02,6.566472364632348034e-03,1.420394690638387449e-02,7.953507971065384638e-03,1.332607626940094173e-02,4.722944026968186118e-03,4.073319755600814281e-03,1.260622234707493503e-02,8.041295034763676700e-03,1.202682772666619805e-02,7.268768874218694935e-03,8.901608259006953128e-03,3.388580658754125879e-03,2.984760165741976064e-03,7.233654048739377937e-03,1.490624341597022312e-02,1.613526230774632933e-02,6.057307395182245924e-03,2.124446941498700850e-02,3.128730950207177230e-02,2.939110892618863533e-02,6.390898237235761309e-03,3.427206966781375097e-02,1.768031462883629459e-02,2.724910457195027849e-02,1.931315401362455192e-02,3.966219537888896612e-02,1.376501158789240897e-02,1.135964604255916902e-02,1.378256900063206704e-02,6.443570475454737240e-03,1.443219327199943801e-02,1.411615984268558242e-02,2.445747594634454722e-02,1.557342510007725216e-02,4.262939813189128152e-02,4.069808273052882841e-02,1.258866493433527696e-02,3.114685020015450431e-02,8.060608188777301786e-02,4.415689304024159045e-02,5.358522368143830289e-02,3.864386543998876017e-02,9.024510148184563055e-03,2.817964744715218892e-02
4.477140248612964529e-02,8.508322213638598586e-02,6.129292787414846594e-02,3.225296720275300233e-02,1.090842053514994026e-01,1.552777582695414049e-01,1.699557553198960680e-01,3.172624482056324302e-02,0.000000000000000000e+00,1.072933492520542209e-01,1.224629538591193167e-01,7.493503757286326672e-02,2.396060116581220645e-01,6.886017276494135753e-02,4.849357398693728699e-02,6.248683194044525602e-02,5.276002528267434433e-02,8.919165671746610846e-02,6.505021420043542724e-02,1.441288011798581292e-01,6.738535009481003146e-02,2.769681859681157321e-01,2.069141091368775776e-01,8.813821195308658984e-02,1.986270103237586793e-01,3.940234567034202051e-01,2.549160755671044387e-01,3.349778776599480201e-01,2.298265327621321630e-01,5.063557834117564382e-02,1.684458178242854154e-01,7.841140529531567815e-02,3.787133927944378448e-02,8.211601938338367046e-02,4.747524404803708103e-02,7.674345108504811164e-02,2.730177681016925442e-02,2.396586838963410404e-02,7.310906664793875853e-02,4.698363649132664133e-02,6.887773017768102080e-02,4.133014958915653958e-02,5.233864737692253688e-02,1.982231898307465490e-02,1.715359224664653529e-02,4.115457546175995546e-02,8.870004916075567569e-02,9.524896411264835439e-02,3.513238289205702913e-02,1.239202191165109934e-01,1.873727087576374795e-01,1.734672378678278060e-01,3.722171500807641004e-02,2.082660299178313024e-01,1.043261464990519055e-01,1.584732073881592873e-01,1.102781094177961996e-01,2.337418358030760590e-01,7.893812767750543746e-02,6.771894093686355032e-02,8.239693798721819951e-02,3.925837488587681501e-02,8.668094669569492705e-02,8.141372287379732009e-02,1.469906594564225066e-01,9.040311819650256875e-02,2.575848023035325340e-01,2.398167006109979682e-01,7.335487042629397492e-02,1.866001825970924899e-01,4.724875342369548314e-01,2.615176627572161072e-01,3.170517592527565265e-01,2.315647166233583687e-01,5.474401292225577337e-02,1.654259428330641102e-01
2.575672448907928916e-02,4.910808343282534183e-02,3.522016995575531773e-02,1.892689093335206060e-02,6.411967132523350987e-02,8.945501790856098812e-02,9.884823372427839483e-02,1.836505372568298169e-02,1.072933492520542209e-01,0.000000000000000000e+00,7.144111243767117814e-02,4.408666338928295819e-02,1.388615773579605361e-01,4.036449188847531649e-02,2.793384366879696559e-02,3.639651660931245147e-02,3.030409438865088942e-02,5.133787485076199419e-02,3.757286326286958522e-02,8.281831589297000695e-02,3.955685090245101426e-02,1.584732073881592873e-01,1.204087365685792554e-01,5.133787485076199419e-02,1.146147903644918892e-01,2.265608539925556553e-01,1.468677575672448776e-01,1.938865088840508455e-01,1.320668586277126133e-01,2.988271648289907850e-02,9.737341105414705489e-02,4.526301004284008500e-02,2.196432333731301520e-02,4.779127747735093662e-02,2.735444904838823035e-02,4.519278039188145274e-02,1.590701594213076928e-02,1.388791347707001890e-02,4.291031673572582444e-02,2.717887492099164276e-02,4.069808273052882841e-02,2.438724629538591149e-02,3.033920921413020555e-02,1.141231828077814495e-02,9.902380785167497548e-03,2.394831097689444424e-02,5.130276002528267459e-02,5.472645550951611704e-02,2.029636912704543827e-02,7.265257391670763842e-02,1.069422009972610388e-01,1.014994030479668546e-01,2.134981389142496036e-02,1.185125359926961219e-01,6.132804269962778554e-02,9.224664653416672633e-02,6.506777161317507663e-02,1.357714727157806056e-01,4.621111033078165869e-02,3.888966921834398349e-02,4.744012922255776143e-02,2.243837348128379858e-02,4.966992064049441380e-02,4.735234215885947284e-02,8.422290891214270769e-02,5.288292717185195252e-02,1.473944799494346647e-01,1.374920991642671619e-01,4.291031673572582444e-02,1.078025142215043169e-01,2.735971627221012725e-01,1.503967975279162927e-01,1.845810801320317551e-01,1.324355642952454448e-01,3.177891705878221895e-02,9.617950698785027175e-02
2.954912564084556659e-02,5.614860594142847411e-02,4.001334363368214131e-02,2.154294543156120428e-02,7.284570545684387888e-02,1.022543717957721809e-01,1.135613456001123706e-01,2.096355081115246904e-02,1.224629538591193167e-01,7.144111243767117814e-02,0.000000000000000000e+00,5.012641337172554085e-02,1.585961092773368886e-01,4.591263431420745944e-02,3.211250790083573087e-02,4.136526441463585918e-02,3.474611981178453435e-02,5.816770840648922275e-02,4.282252967202752891e-02,9.438865088840509010e-02,4.475384507338998202e-02,1.821405997612191852e-01,1.365264414635859180e-01,5.836083994662546320e-02,1.313118898799073009e-01,2.597443640705105472e-01,1.669534377414144122e-01,2.220837137439427011e-01,1.509761921483250280e-01,3.385069176206194352e-02,1.110681929910808385e-01,5.177681016925345797e-02,2.503687056675328246e-02,5.379591263431420661e-02,3.114685020015450431e-02,5.110962848514642720e-02,1.794367581993117425e-02,1.574899922747383801e-02,4.863403328885455151e-02,3.063768523070440480e-02,4.545614158297633239e-02,2.723154715921061869e-02,3.476367722452419068e-02,1.306271507830606034e-02,1.132453121707985115e-02,2.728421939742959462e-02,5.888756232881522251e-02,6.227614298756935229e-02,2.356204789662195292e-02,8.315190673502352581e-02,1.223751667954210282e-01,1.152468572231196003e-01,2.452770559730318295e-02,1.356310134138633272e-01,7.054568438794858731e-02,1.047475244048037130e-01,7.379380574478544563e-02,1.548914951892688963e-01,5.297071423555024805e-02,4.464850059695203016e-02,5.421729054006601406e-02,2.596741344195519288e-02,5.692113210197344980e-02,5.407683123814874954e-02,9.647798300442446406e-02,6.023948310976894732e-02,1.683755881733267901e-01,1.564014326848795489e-01,4.872182035255284704e-02,1.234988412107591860e-01,3.118196502563382322e-01,1.718168410702998750e-01,2.107065102886438723e-01,1.510464217992836533e-01,3.664232038766767480e-02,1.095406980827305227e-01
1.824215183650537350e-02,3.462321792260692616e-02,2.477350937565840280e-02,1.350165039679752758e-02,4.517522297914179641e-02,6.210056886017276817e-02,6.973804340192429896e-02,1.297492801460776654e-02,7.493503757286326672e-02,4.408666338928295819e-02,5.012641337172554085e-02,0.000000000000000000e+00,9.781234637263852560e-02,2.817964744715218892e-02,1.950628555376079931e-02,2.538801882154645764e-02,2.143760095512325242e-02,3.594002387808132443e-02,2.658192288784324772e-02,5.793946204087365576e-02,2.796895849427628172e-02,1.113315541821757182e-01,8.452138492871690001e-02,3.653697591122972294e-02,8.051829482407472927e-02,1.604045227895217474e-01,1.028162090034412529e-01,1.370531638457756773e-01,9.252756513800126925e-02,2.068263220731792959e-02,6.907086171781726125e-02,3.221785237727368273e-02,1.569632698925486208e-02,3.427206966781375097e-02,1.971697450663670304e-02,3.160334293138562789e-02,1.121918674064189929e-02,9.761921483250227821e-03,3.023386473769225369e-02,1.954140037924011544e-02,2.863614017838331249e-02,1.720626448486551122e-02,2.092843598567315291e-02,8.076409860242994565e-03,6.935178032165180417e-03,1.682000140459301990e-02,3.594002387808132443e-02,3.864386543998876017e-02,1.451998033569773180e-02,5.154856380363789792e-02,7.537397289135472356e-02,7.156401432684879327e-02,1.494135824144953925e-02,8.295877519488728535e-02,4.334925205421728822e-02,6.515555867687337910e-02,4.687829201488868947e-02,9.591614579675539209e-02,3.249877098110822565e-02,2.745979352482618221e-02,3.306060818877730456e-02,1.585434370391178988e-02,3.481634946274317355e-02,3.344687126904979241e-02,5.846618442306341507e-02,3.748507619917128969e-02,1.027108645270033010e-01,9.621462181332958441e-02,3.033920921413020555e-02,7.526862841491677170e-02,1.922009972610436157e-01,1.053093616124727849e-01,1.296614930823793699e-01,9.307184493293067795e-02,2.194676592457335540e-02,6.794718730247910343e-02
5.757075637334082424e-02,1.095758129082098492e-01,7.828850340613807690e-02,4.205000351148254628e-02,1.422326006039749957e-01,1.999613736919727547e-01,2.193623147692956021e-01,4.071564014326848474e-02,2.396060116581220645e-01,1.388615773579605361e-01,1.585961092773368886e-01,9.781234637263852560e-02,0.000000000000000000e+00,8.912142706650748314e-02,6.213568368565208083e-02,8.064119671325233052e-02,6.782428541330150218e-02,1.143689865861366728e-01,8.341526792611840546e-02,1.844230634173748273e-01,8.697942271226911937e-02,3.552742467869934861e-01,2.661879345459652879e-01,1.140178383313434907e-01,2.550916496945010437e-01,5.051969941709389955e-01,3.264976473066928953e-01,4.316665496172484295e-01,2.960530936161247517e-01,6.582274036098040293e-02,2.167638176838261044e-01,1.016574197626237824e-01,4.884472224173045524e-02,1.058185265819228810e-01,6.124025563592949001e-02,9.995435072687688938e-02,3.534307184493293286e-02,3.076058711988201300e-02,9.551232530374323404e-02,6.023948310976894732e-02,8.905119741554884394e-02,5.360278109417795922e-02,6.766626869864457439e-02,2.559870777442236137e-02,2.182386403539574374e-02,5.314628836294683911e-02,1.138247067912072502e-01,1.223927242081606914e-01,4.540346934475735646e-02,1.606678839806166270e-01,2.392548634033288824e-01,2.245417515274949205e-01,4.747524404803708103e-02,2.651696046070651236e-01,1.357890301285202550e-01,2.044033991151064100e-01,1.434616194957511193e-01,3.018470398202121041e-01,1.021665847320738785e-01,8.689163564857083077e-02,1.057482969309642556e-01,5.054779127747734829e-02,1.104185687197134641e-01,1.053269190252124482e-01,1.877062995996909844e-01,1.167392373059905897e-01,3.281304866914811491e-01,3.067455579745768657e-01,9.502071774703280127e-02,2.396937987218203392e-01,6.068368565208230869e-01,3.345038275159772367e-01,4.092281761359646275e-01,2.948767469625676041e-01,7.063347145164688978e-02,2.137439426926048269e-01
1.625816419692394099e-02,3.133998174029074824e-02,2.242081606854413878e-02,1.214972961584380971e-02,4.085609944518575620e-02,5.748296930964252871e-02,6.378608048318000490e-02,1.176346653557131840e-02,6.886017276494135753e-02,4.036449188847531649e-02,4.591263431420745944e-02,2.817964744715218892e-02,8.912142706650748314e-02,0.000000000000000000e+00,1.789100358171219832e-02,2.314066999087014548e-02,1.954140037924011544e-02,3.286747664864105717e-02,2.396586838963410404e-02,5.321651801390547137e-02,2.505442797949294226e-02,1.017100920008427584e-01,7.714727157806025581e-02,3.263923028302549018e-02,7.354800196643022925e-02,1.445677364983496138e-01,9.421307676100849904e-02,1.244469414987007527e-01,8.422290891214270769e-02,1.912002247348830800e-02,6.220591333661072003e-02,2.961935529180419885e-02,1.404593019172694669e-02,3.062012781796474500e-02,1.787344616897253852e-02,2.867125500386263209e-02,1.018329938900203700e-02,9.006952735444904989e-03,2.784605660509867353e-02,1.725893672308448715e-02,2.582695414003792489e-02,1.557342510007725216e-02,1.954140037924011544e-02,7.321441112437670866e-03,6.267996348058150514e-03,1.523983425802373677e-02,3.283236182316173757e-02,3.511482547931736586e-02,1.304515766556640227e-02,4.629889739447994729e-02,6.914109136877590045e-02,6.455860664372498059e-02,1.388791347707001890e-02,7.630451576655664092e-02,3.978509726806657432e-02,5.899290680525318131e-02,4.136526441463585918e-02,8.666338928295526378e-02,2.946133857714727106e-02,2.494908350305499040e-02,3.058501299248542887e-02,1.466043963761500153e-02,3.190181894795982714e-02,3.039188145234918148e-02,5.390125711075215847e-02,3.376290469836364799e-02,9.373902661703771566e-02,8.801531006390898859e-02,2.723154715921061869e-02,6.910597654329657391e-02,1.753985532691902383e-01,9.612683474963129582e-02,1.178804691340683969e-01,8.434581080132032282e-02,2.036659877800407401e-02,6.143338717606573740e-02
1.183369618652995239e-02,2.236814383032516285e-02,1.594213076761008541e-02,8.339771051337874219e-03,2.800407331975560132e-02,4.046983636491326836e-02,4.398131891284500633e-02,8.251983987639582158e-03,4.849357398693728699e-02,2.793384366879696559e-02,3.211250790083573087e-02,1.950628555376079931e-02,6.213568368565208083e-02,1.789100358171219832e-02,0.000000000000000000e+00,1.659175503897745638e-02,1.374745417515274917e-02,2.361472013484092886e-02,1.718870707212585142e-02,3.808202823231968820e-02,1.732916637404311941e-02,7.309150923519909526e-02,5.425240536554533366e-02,2.319334222908912141e-02,5.232108996418288055e-02,1.035711777512465792e-01,6.582274036098040293e-02,8.764660439637614320e-02,6.076620549195870663e-02,1.341386333309923379e-02,4.484163213708827755e-02,2.003300793595055862e-02,9.691691832291593825e-03,2.134981389142496036e-02,1.216728702858346778e-02,1.991010604677294696e-02,6.882505793946204486e-03,6.074864807921904857e-03,1.887421869513308467e-02,1.190392583748858812e-02,1.811924994732776184e-02,1.085048107310906604e-02,1.348409298405786952e-02,4.986305218063066640e-03,4.564927312311257458e-03,1.093826813680735983e-02,2.343914600744434473e-02,2.510710021771191819e-02,9.217641688320808713e-03,3.225296720275300233e-02,4.854624622515626292e-02,4.473628766065032569e-02,9.674134419551934025e-03,5.363789591965727882e-02,2.742467869934686261e-02,4.120724769997893139e-02,2.896973102043682788e-02,6.090666479387597115e-02,2.073530444553690552e-02,1.787344616897253852e-02,2.168340473347847575e-02,1.016574197626237720e-02,2.250860313224243431e-02,2.166584732073881595e-02,3.920570264765783908e-02,2.364983496032024846e-02,6.773649834960319971e-02,6.275019313154013567e-02,1.941849849006250378e-02,4.882716482899079891e-02,1.234110541470608835e-01,6.826322073179295902e-02,8.329236603694079033e-02,6.048528688812416371e-02,1.464288222487534173e-02,4.406910597654329492e-02
1.488868600323056332e-02,2.881171430577990009e-02,2.040171360348339014e-02,1.086803848584872584e-02,3.671255003862630706e-02,5.251422150431912100e-02,5.692113210197344980e-02,1.042910316735725859e-02,6.248683194044525602e-02,3.639651660931245147e-02,4.136526441463585918e-02,2.538801882154645764e-02,8.064119671325233052e-02,2.314066999087014548e-02,1.659175503897745638e-02,0.000000000000000000e+00,1.775054427979493032e-02,2.995294613385771423e-02,2.184142144813540354e-02,4.940655944939953415e-02,2.264906243415970230e-02,9.414284711004985984e-02,6.963269892548634710e-02,2.946133857714727106e-02,6.719221855467377713e-02,1.320317438022333145e-01,8.517100920008427445e-02,1.135262307746330440e-01,7.832361823161738956e-02,1.755741273965868293e-02,5.676311538731652201e-02,2.584451155277758122e-02,1.260622234707493503e-02,2.738956387386754648e-02,1.571388440199452188e-02,2.549336329798440950e-02,9.006952735444904989e-03,7.865720907367090842e-03,2.458037783552215888e-02,1.546808062363930029e-02,2.321089964182878121e-02,1.392302830254933677e-02,1.750474050143970700e-02,6.478685300934054238e-03,5.688601727649413541e-03,1.380012641337172510e-02,3.026897956317156982e-02,3.211250790083573087e-02,1.157033499543507274e-02,4.176908490764801030e-02,6.262729124236252054e-02,5.843106959758410240e-02,1.229018891776107944e-02,6.936933773439145356e-02,3.564154786150712517e-02,5.316384577568649544e-02,3.695835381698153038e-02,7.893812767750543746e-02,2.663459512606222365e-02,2.296509586347355789e-02,2.817964744715218892e-02,1.330851885666128193e-02,2.903996067139546361e-02,2.767048247770208594e-02,5.009129854624622818e-02,3.058501299248542887e-02,8.743591544350023947e-02,8.050073741133506600e-02,2.468572231196011074e-02,6.324180068825058232e-02,1.588594704684317682e-01,8.771683404733478240e-02,1.076620549195870524e-01,7.770910878572934166e-02,1.887421869513308467e-02,5.632418006882505823e-02
1.255355010885595909e-02,2.398342580237376384e-02,1.724137931034482735e-02,9.147412037362174717e-03,3.102394831097689612e-02,4.389353184914671080e-02,4.805463866844581627e-02,8.919165671746611193e-03,5.276002528267434433e-02,3.030409438865088942e-02,3.474611981178453435e-02,2.143760095512325242e-02,6.782428541330150218e-02,1.954140037924011544e-02,1.374745417515274917e-02,1.775054427979493032e-02,0.000000000000000000e+00,2.503687056675328246e-02,1.838261113842264149e-02,4.078586979422712394e-02,1.913757988622796433e-02,7.797246997682422132e-02,5.869443078867898206e-02,2.496664091579465020e-02,5.607837629046983491e-02,1.108048317999859589e-01,7.180981810520402353e-02,9.500316033429313800e-02,6.510288643865440317e-02,1.460776739939602560e-02,4.754547369899571330e-02,2.189409368635437947e-02,1.069246435845213825e-02,2.314066999087014548e-02,1.325584661844230600e-02,2.187653627361471967e-02,7.725261605449821115e-03,6.794718730247910690e-03,2.077041927101622165e-02,1.315050214200435413e-02,1.964674485567806730e-02,1.183369618652995239e-02,1.481845635227192932e-02,5.530585012992485748e-03,4.810731090666479047e-03,1.167567947187302460e-02,2.510710021771191819e-02,2.702085820633471497e-02,9.884823372427839483e-03,3.516749771753634179e-02,5.228597513870356095e-02,4.909052602008567856e-02,1.044666058009691666e-02,5.799213427909263169e-02,2.963691270454385865e-02,4.473628766065032569e-02,3.139265397850972417e-02,6.606854413933563319e-02,2.247348830676311471e-02,1.903223540979001246e-02,2.329868670552707327e-02,1.099094037502633577e-02,2.436968888264625169e-02,2.321089964182878121e-02,4.145305147833415471e-02,2.568649483812065343e-02,7.226631083643514364e-02,6.756092422220662252e-02,2.080553409649554125e-02,5.284781234637263986e-02,1.334363368214059875e-01,7.367090385560784438e-02,8.980616616335417024e-02,6.483952524755952351e-02,1.553831027459793603e-02,4.703630872954561726e-02
2.124446941498700850e-02,4.078586979422712394e-02,2.907507549687477974e-02,1.546808062363930029e-02,5.189971205843106616e-02,7.412739658683896449e-02,8.115036168270244044e-02,1.492380082870988119e-02,8.919165671746610846e-02,5.133787485076199419e-02,5.816770840648922275e-02,3.594002387808132443e-02,1.143689865861366728e-01,3.286747664864105717e-02,2.361472013484092886e-02,2.995294613385771423e-02,2.503687056675328246e-02,0.000000000000000000e+00,3.112929278741484798e-02,6.961514151274668383e-02,3.193693377343914674e-02,1.334012219959266887e-01,9.858487253318351518e-02,4.219046281339981774e-02,9.516117704895006579e-02,1.885314979984549499e-01,1.209881311889879907e-01,1.610541470608891079e-01,1.110155207528618626e-01,2.445747594634454722e-02,8.095723014256618610e-02,3.683545192780392219e-02,1.808413512184844571e-02,3.910035817121988722e-02,2.254371795772175044e-02,3.623849989465552368e-02,1.278179647447152262e-02,1.130697380434019308e-02,3.457054568438795022e-02,2.210478263923028319e-02,3.304305077603764129e-02,1.987499122129363083e-02,2.482618161387737873e-02,9.287871339279444444e-03,8.164196923941288361e-03,1.966430226841772710e-02,4.280497225928787258e-02,4.617599550530233909e-02,1.673221434089472437e-02,5.929138282182737363e-02,8.884050846267294022e-02,8.229159351078024764e-02,1.762764239061731866e-02,9.853220029496453924e-02,5.010885595898588452e-02,7.535641547861507417e-02,5.288292717185195252e-02,1.112788819439567423e-01,3.785378186670412121e-02,3.276213217220310531e-02,3.974998244258726166e-02,1.882154645691410874e-02,4.141793665285483511e-02,3.960952314066999019e-02,7.082660299178313024e-02,4.327902240325865596e-02,1.234286115598005468e-01,1.148079219046281296e-01,3.522016995575531773e-02,8.961303462321791591e-02,2.259990167848865694e-01,1.246576304515766564e-01,1.519945220872252201e-01,1.101200927031392718e-01,2.658192288784324772e-02,8.041295034763677740e-02
1.580167146569281394e-02,2.977737200646112664e-02,2.117423976402837277e-02,1.128941639160053328e-02,3.774843739026616934e-02,5.430507760376430959e-02,5.922115317086874137e-02,1.113139967694360549e-02,6.505021420043542724e-02,3.757286326286958522e-02,4.282252967202752891e-02,2.658192288784324772e-02,8.341526792611840546e-02,2.396586838963410404e-02,1.718870707212585142e-02,2.184142144813540354e-02,1.838261113842264149e-02,3.112929278741484798e-02,0.000000000000000000e+00,5.040733197556008377e-02,2.361472013484092886e-02,9.705737762483319930e-02,7.268768874218695109e-02,3.121707985111314004e-02,6.961514151274668383e-02,1.380188215464569212e-01,8.834890090596249357e-02,1.173537467518786376e-01,8.053585223681437866e-02,1.782077393075356259e-02,5.941428471100498876e-02,2.702085820633471497e-02,1.322073179296298813e-02,2.877659948030058396e-02,1.639862349884121245e-02,2.665215253880188345e-02,9.375658402977736505e-03,8.322213638598216154e-03,2.551092071072406930e-02,1.627572160966360079e-02,2.419411475524966756e-02,1.464288222487534173e-02,1.808413512184844571e-02,6.794718730247910690e-03,6.057307395182245924e-03,1.451998033569773180e-02,3.135753915303041151e-02,3.321862490343423235e-02,1.230774633050073751e-02,4.333169464147763189e-02,6.483952524755952351e-02,6.025704052250860365e-02,1.288714095090947448e-02,7.163424397780743247e-02,3.671255003862630706e-02,5.498981670061099669e-02,3.899501369478193535e-02,8.202823231968536799e-02,2.775826954140037800e-02,2.377273684949785665e-02,2.881171430577990009e-02,1.372989676241309111e-02,3.028653697591122962e-02,2.860102535290399636e-02,5.154856380363789792e-02,3.174380223330289935e-02,8.952524755951962732e-02,8.360839946625464592e-02,2.584451155277758122e-02,6.555937916988552328e-02,1.653381557693658355e-01,9.133366107170447223e-02,1.111033078165601512e-01,8.076409860242994565e-02,1.927803918814523579e-02,5.822038064470819868e-02
3.465833274808623882e-02,6.587541259919937886e-02,4.729966992064049691e-02,2.470327972469976707e-02,8.348549757707704466e-02,1.206896551724137984e-01,1.304691340684036860e-01,2.428190181894795963e-02,1.441288011798581292e-01,8.281831589297000695e-02,9.438865088840509010e-02,5.793946204087365576e-02,1.844230634173748273e-01,5.321651801390547137e-02,3.808202823231968820e-02,4.940655944939953415e-02,4.078586979422712394e-02,6.961514151274668383e-02,5.040733197556008377e-02,0.000000000000000000e+00,5.209284359856731356e-02,2.157981599831448882e-01,1.602640634876044690e-01,6.828077814453262229e-02,1.542594283306411851e-01,3.054989816700611205e-01,1.964674485567806661e-01,2.597970363087295231e-01,1.791558395954772065e-01,3.950417866423203833e-02,1.319966289767539880e-01,5.974787555305850067e-02,2.925064962427136733e-02,6.390898237235760615e-02,3.667743521314698746e-02,5.925626799634806097e-02,2.075286185827656532e-02,1.832993890020366556e-02,5.632418006882505823e-02,3.609804059273825222e-02,5.386614228527283887e-02,3.213006531357539414e-02,4.015380293559941277e-02,1.492380082870988119e-02,1.336119109488025786e-02,3.225296720275300233e-02,6.940445255987078010e-02,7.428541330149589228e-02,2.665215253880188345e-02,9.582835873305710350e-02,1.446379661493082391e-01,1.329447292646955547e-01,2.860102535290399636e-02,1.599831448837699399e-01,8.053585223681437866e-02,1.222347074935037636e-01,8.508322213638598586e-02,1.793840859610927596e-01,6.132804269962778554e-02,5.297071423555024805e-02,6.459372146920429325e-02,3.019874991221293756e-02,6.733267785659105553e-02,6.369829341948170243e-02,1.158613666690076482e-01,7.010674906945713047e-02,2.012079499964885276e-01,1.866704122480511152e-01,5.702647657841140860e-02,1.442517030690357582e-01,3.666338928295526101e-01,2.031392653978509599e-01,2.455930894023456712e-01,1.792611840719151584e-01,4.284008708476718524e-02,1.296263782569000711e-01
1.608259006952735340e-02,3.058501299248542887e-02,2.224524194114755118e-02,1.186881101200927026e-02,4.018891776107872543e-02,5.563944097197837113e-02,6.197766697099515304e-02,1.176346653557131840e-02,6.738535009481003146e-02,3.955685090245101426e-02,4.475384507338998202e-02,2.796895849427628172e-02,8.697942271226911937e-02,2.505442797949294226e-02,1.732916637404311941e-02,2.264906243415970230e-02,1.913757988622796433e-02,3.193693377343914674e-02,2.361472013484092886e-02,5.209284359856731356e-02,0.000000000000000000e+00,9.865510218414214050e-02,7.605871198820142454e-02,3.242854133014958645e-02,7.166935880328674513e-02,1.418112226982231883e-01,9.200084275581150994e-02,1.212339349673432071e-01,8.225647868530093498e-02,1.841772596390196109e-02,6.090666479387597115e-02,2.891705878221785195e-02,1.387035606433036083e-02,3.016363508673361796e-02,1.738183861226209534e-02,2.840789381276774897e-02,1.007795491256408514e-02,8.743591544350025335e-03,2.723154715921061869e-02,1.704824777020858342e-02,2.544069105976543357e-02,1.539785097268066630e-02,1.890933352061240427e-02,7.268768874218694935e-03,6.250438935318491582e-03,1.522227684528407871e-02,3.188426153522017081e-02,3.430718449329307057e-02,1.281691129995083875e-02,4.531568228105906093e-02,6.740290750754968085e-02,6.343493222838682277e-02,1.358943746049582138e-02,7.428541330149589228e-02,3.829271718519559192e-02,5.760587119882014384e-02,4.118969028723927506e-02,8.520612402556358711e-02,2.877659948030058396e-02,2.422922958072898370e-02,2.956668305358522292e-02,1.401081536624763056e-02,3.088348900905962466e-02,2.944378116440761126e-02,5.233864737692253688e-02,3.323618231617388868e-02,9.193061310485287074e-02,8.604887983706721588e-02,2.707353044455369090e-02,6.685862771262027215e-02,1.714305779900273941e-01,9.438865088840509010e-02,1.146323477772315524e-01,8.325725121146147767e-02,1.941849849006250378e-02,5.990589226771542847e-02
