0.000000000000000000e+00,1.187246466682169259e-02,8.810686510089657877e-03,4.702477844094773290e-03,1.687207709996640936e-02,2.200087848487197392e-02,2.486887321396274303e-02,5.723070563005451528e-03,2.817611037904038315e-02,1.723380616489677761e-02,1.888742474743559940e-02,1.202749140893470854e-02,3.900214453659923280e-02,8.552308606567965779e-03,1.214376146551946964e-02,1.060641293956540894e-02,5.632638296772860334e-03,1.410743353228431987e-02,1.189830245717386249e-02,2.470092757667364386e-02,1.176911350541301644e-02,4.105624886959666903e-02,3.681885125184094359e-02,1.196289693305428552e-02,3.433842337803270917e-02,6.504663721158567002e-02,3.805906518874505734e-02,5.502157455494405963e-02,3.640544660620623901e-02,7.673823734594217676e-03,2.481719763325840322e-02,1.138154665013048003e-02,7.919282742939823955e-03,9.624576906182983824e-03,5.477611554659845249e-03,9.353280107485208508e-03,3.836911867297108838e-03,3.720641810712347741e-03,1.132987106942614196e-02,7.260419088959512227e-03,8.410200759631036513e-03,6.381934216985763256e-03,9.172415575020024386e-03,2.648373511097330997e-03,2.532103454512569900e-03,6.795338862620468705e-03,1.322894866031057090e-02,1.499883729943415206e-02,5.245071441490323921e-03,1.865488463426607721e-02,2.351238922047386645e-02,2.811151590315996013e-02,5.968529571351057807e-03,2.882205513784460993e-02,2.020515205539622286e-02,2.377076712399555508e-02,1.667829367232514376e-02,4.021652068315118012e-02,1.288013849055628761e-02,1.379738004805828970e-02,1.042554840710022482e-02,5.490530449835930200e-03,1.238922047386507505e-02,1.387489341911479768e-02,2.157455494406118265e-02,1.432705475027775538e-02,4.105624886959666903e-02,4.172803141875306571e-02,8.293930703046275416e-03,2.813735369351213003e-02,8.361108957961915777e-02,3.740020153476474735e-02,5.075833914683616083e-02,3.333074955429811415e-02,7.983877218820246979e-03,2.676795080484717024e-02
1.187246466682169259e-02,0.000000000000000000e+00,2.016639536986796974e-02,1.065808852026974701e-02,3.773609280934294569e-02,4.887218045112781684e-02,5.534454693434617129e-02,1.229878820763248386e-02,6.303128956411647998e-02,3.768441722863860588e-02,4.180554478980957889e-02,2.492054879466707937e-02,8.637573314730123686e-02,1.918455933648554462e-02,2.578611477146474512e-02,2.421000955998242957e-02,1.222127483657597588e-02,3.163837428623104270e-02,2.618660052192336649e-02,5.485362891765496046e-02,2.560525023899955926e-02,9.273182957393483195e-02,7.986460997855462929e-02,2.573443919076040531e-02,7.631191380513138722e-02,1.433868175593623340e-01,8.438622329018422019e-02,1.215538847117794419e-01,8.073017595535229851e-02,1.680748262408598981e-02,5.506033124047231275e-02,2.480427873808232000e-02,1.737591401183370687e-02,2.050228664444616808e-02,1.187246466682169259e-02,2.091569129008087266e-02,8.591065292096220635e-03,7.919282742939823955e-03,2.457173862491279781e-02,1.627780792186652239e-02,1.817688551275094960e-02,1.418494690334082611e-02,2.005012531328320691e-02,5.878097305118466613e-03,5.542206030540268273e-03,1.479213497661679977e-02,3.025605250238999622e-02,3.376999199028499210e-02,1.160116786812391727e-02,4.087538433713149011e-02,5.264449784254450482e-02,6.189442678862103892e-02,1.253132832080200432e-02,6.602847324496809167e-02,4.433764824432214618e-02,5.316125364958788901e-02,3.446761232979355521e-02,8.992842932072449280e-02,2.899000077513370910e-02,2.962302663876185266e-02,2.387411828540423123e-02,1.228586931245639891e-02,2.802108363692737067e-02,3.122496964059633465e-02,4.860088365243004499e-02,3.081156499496163007e-02,9.311939642921737703e-02,8.963129473167454064e-02,1.802185877063793365e-02,6.338009973387076501e-02,1.857349559465674427e-01,8.412784538666252809e-02,1.142159522517634251e-01,7.459370074671213546e-02,1.835775004521613199e-02,5.910394543058677952e-02
8.810686510089657877e-03,2.016639536986796974e-02,0.000000000000000000e+00,7.983877218820246979e-03,2.816319148386429994e-02,3.687052683254528340e-02,4.135338345864661425e-02,9.366199002661291725e-03,4.792910110327364831e-02,2.848616386326641506e-02,3.162545539105495601e-02,1.853861457768131785e-02,6.443944913830969290e-02,1.452083817791902445e-02,1.945585613518331994e-02,1.848693899697697804e-02,9.340361212309123556e-03,2.410665839857375342e-02,1.979174740976151828e-02,4.199932821745084449e-02,1.909412707025295169e-02,7.067927550835852168e-02,6.080923959382993765e-02,1.905537038472469857e-02,5.733405679146319489e-02,1.074981267601994722e-01,6.412939565408366793e-02,9.168539906467199074e-02,6.123556313464072892e-02,1.280262511949977963e-02,4.184430147533783201e-02,1.843526341627264170e-02,1.294473296643671063e-02,1.546391752577319645e-02,8.862362090793995950e-03,1.583856548587964791e-02,6.407772007337932292e-03,5.955610676174973722e-03,1.840942562592047180e-02,1.218251815104772276e-02,1.370694778182569851e-02,1.063225072991757711e-02,1.515386404154716628e-02,4.444099940573082060e-03,4.289073198460067841e-03,1.108441206108053655e-02,2.309898457483915840e-02,2.565692581970389907e-02,8.655659767976641925e-03,3.042399813967909539e-02,3.955765702917086318e-02,4.593959124615663164e-02,9.534144639950390895e-03,4.999612433144717122e-02,3.326615507841769459e-02,4.031987184455985279e-02,2.566984471487998229e-02,6.783711856961992248e-02,2.169082500064594549e-02,2.229801307392191914e-02,1.812520993204660980e-02,9.262847841252615580e-03,2.109655582254605505e-02,2.369325375293904884e-02,3.702555357465829589e-02,2.286644446166963968e-02,7.060176213730201544e-02,6.848306332842415967e-02,1.362943441076919053e-02,4.772239878045629602e-02,1.393690411596000267e-01,6.425858460584450704e-02,8.606567966307521189e-02,5.661059866160245840e-02,1.390073120946696585e-02,4.451851277678733204e-02
4.702477844094773290e-03,1.065808852026974701e-02,7.983877218820246979e-03,0.000000000000000000e+00,1.517970183189933618e-02,1.968839624835284213e-02,2.216882412216107309e-02,4.960855747616463654e-03,2.530811564994961751e-02,1.521845851742758930e-02,1.691083378549466595e-02,9.895873704880759139e-03,3.463555796708265438e-02,7.725499315298555748e-03,1.012841381805027960e-02,9.727928067591659969e-03,4.883342376559956545e-03,1.257008500633025917e-02,1.054181846368498592e-02,2.187168953311112787e-02,1.019300829393070262e-02,3.711598584089088881e-02,3.187091439940056142e-02,1.020592718910678758e-02,3.066945714802470080e-02,5.695940883135674343e-02,3.384750536134149834e-02,4.897553161253649645e-02,3.223264346433093314e-02,6.847014443324806778e-03,2.201379738004805714e-02,1.008965713252202648e-02,6.898690024029144850e-03,8.177660646461514318e-03,4.741234529623026411e-03,8.461876340335374586e-03,3.436426116838487907e-03,3.178048213316797110e-03,9.986305971113350333e-03,6.472366483218355317e-03,7.182905717903005118e-03,5.632638296772860334e-03,8.216417331989767439e-03,2.402914502751724718e-03,2.209131075110456512e-03,5.813502829238043589e-03,1.211792367516729974e-02,1.334521871689533026e-02,4.767072319975195448e-03,1.651034803503604459e-02,2.110947471772214173e-02,2.499806216572358561e-02,5.038369118672970763e-03,2.648373511097330824e-02,1.797018318993359731e-02,2.130325814536340734e-02,1.390073120946696585e-02,3.615998759786063360e-02,1.167868123918042525e-02,1.163992455365217213e-02,9.559982430302560799e-03,5.012531328320801727e-03,1.122651990801746581e-02,1.246673384492158303e-02,1.930082939307030399e-02,1.231170710280856707e-02,3.711598584089088881e-02,3.564323179081724940e-02,7.208743508255174154e-03,2.541146681135829366e-02,7.408986383484483795e-02,3.353745187711546644e-02,4.578456450404361222e-02,2.976513448569878192e-02,7.325013564839935251e-03,2.351238922047386645e-02
1.687207709996640936e-02,3.773609280934294569e-02,2.816319148386429994e-02,1.517970183189933618e-02,0.000000000000000000e+00,6.918068366793271584e-02,7.896028731622871388e-02,1.745342738289021658e-02,8.929540345709634230e-02,5.387179288427253881e-02,5.978864687491925595e-02,3.561739400046508297e-02,1.233754489316073732e-01,2.734930108777097399e-02,3.634085213032581252e-02,3.408004547451101707e-02,1.738883290700979356e-02,4.460894504301991803e-02,3.746479601064516690e-02,7.722915536263338931e-02,3.661214892902359130e-02,1.308684081337364025e-01,1.126915226209854598e-01,3.680593235666485691e-02,1.090742319716817843e-01,2.032271400149859297e-01,1.190992946283233878e-01,1.737074645376327497e-01,1.142288711469395118e-01,2.404206392269333040e-02,7.761672221791592052e-02,3.599204196057153443e-02,2.490762989949099615e-02,2.930005425935974100e-02,1.706586052760767844e-02,3.004935017957264393e-02,1.229878820763248386e-02,1.147197891636307296e-02,3.575950184740200877e-02,2.333152468800868060e-02,2.579903366664082834e-02,2.023098984574839276e-02,2.888664961372503295e-02,8.513551921039712658e-03,7.880526057411570834e-03,2.096736687078520900e-02,4.263235408107898805e-02,4.745110198175851723e-02,1.680748262408598981e-02,5.888432421259334054e-02,7.526548329586853214e-02,8.925664677156809612e-02,1.775056197194015833e-02,9.385577345425419327e-02,6.357388316151202368e-02,7.566596904632716392e-02,4.944061183887554084e-02,1.282071157274629891e-01,4.144381572487920717e-02,4.190889595121825156e-02,3.349869519158721332e-02,1.747926517324238302e-02,3.945430586776219051e-02,4.435056713949823287e-02,6.773376740821124287e-02,4.411802702632870721e-02,1.309588403999689954e-01,1.259721468620003670e-01,2.568276361005606898e-02,8.983799705449189987e-02,2.639330284474071808e-01,1.183112420225822248e-01,1.620287832984523280e-01,1.050693744670955776e-01,2.592822261840167439e-02,8.389530527349300937e-02
2.200087848487197392e-02,4.887218045112781684e-02,3.687052683254528340e-02,1.968839624835284213e-02,6.918068366793271584e-02,0.000000000000000000e+00,1.016329483502570880e-01,2.291812004237397601e-02,1.167997312869803322e-01,6.973619616050436010e-02,7.743585768545073467e-02,4.601710461721313788e-02,1.582564659070356261e-01,3.561739400046508297e-02,4.774823657080846245e-02,4.504818747900679599e-02,2.277601219543704675e-02,5.852259514766296883e-02,4.900136940288866289e-02,1.023564064801178175e-01,4.714104849753249227e-02,1.717825491563961526e-01,1.495232927680024693e-01,4.725731855411725163e-02,1.410226597421388450e-01,2.630545435754334527e-01,1.567707929617859208e-01,2.248275327493992615e-01,1.483735110973309623e-01,3.172880655246363563e-02,1.020980285765961254e-01,4.500943079347854286e-02,3.149626643929410996e-02,3.778776839004728549e-02,2.161331162958943924e-02,3.876960442342970714e-02,1.573521432447097176e-02,1.483089166214505289e-02,4.455726946231558516e-02,2.940340542076841715e-02,3.308529054595250873e-02,2.541146681135829366e-02,3.745187711546908715e-02,1.077435857685450811e-02,1.028344056016329555e-02,2.740097666847531033e-02,5.596465390279823510e-02,6.177815673203627955e-02,2.139369041159600027e-02,7.548510451386197806e-02,9.647830917499936043e-02,1.135700074929592018e-01,2.330568689765651069e-02,1.213730201793142699e-01,8.107898612510658354e-02,9.782187427331213991e-02,6.380642327468154240e-02,1.652068315117691255e-01,5.367800945663126627e-02,5.464692659483760817e-02,4.432472934914605950e-02,2.268557992920445382e-02,5.167558070433816292e-02,5.766994806604139323e-02,9.019972611942227159e-02,5.685605766994806382e-02,1.721055215357982504e-01,1.678293672325142649e-01,3.318864170736118835e-02,1.167092990207477393e-01,3.399994832441929349e-01,1.558147947187556448e-01,2.106296669508823660e-01,1.377283414722372812e-01,3.429966669250445604e-02,1.089837997054491914e-01
2.486887321396274303e-02,5.534454693434617129e-02,4.135338345864661425e-02,2.216882412216107309e-02,7.896028731622871388e-02,1.016329483502570880e-01,0.000000000000000000e+00,2.574735808593649200e-02,1.311526238276102541e-01,7.894736842105262720e-02,8.787432498772704270e-02,5.234736325349455960e-02,1.798956153269772318e-01,4.046197969149678553e-02,5.351006381934216710e-02,5.022866444461669688e-02,2.568276361005606898e-02,6.569258197038989333e-02,5.498281786941580651e-02,1.133633051701418426e-01,5.361341498075084672e-02,1.919231067359119525e-01,1.656073172622277434e-01,5.384595509392036544e-02,1.600263545461592107e-01,2.974833992196987409e-01,1.752060563780585556e-01,2.544763971785132806e-01,1.673901247965274008e-01,3.526858383071079794e-02,1.136733586543678814e-01,5.224401209208588692e-02,3.618582538821280004e-02,4.286489419424850678e-02,2.475260315737798020e-02,4.422137818773738682e-02,1.807353435134227346e-02,1.675580704338165000e-02,5.219233651138154712e-02,3.402836989380668420e-02,3.789111955145595817e-02,2.953259437252925973e-02,4.241273286308554907e-02,1.250549053044983615e-02,1.156241118259566415e-02,3.099242952742681592e-02,6.248869596672092935e-02,6.973619616050436010e-02,2.441671188279978186e-02,8.582022065472960648e-02,1.093584476655556359e-01,1.301061933183474129e-01,2.618660052192336649e-02,1.366689920677983672e-01,9.327442317133038951e-02,1.109991473529183814e-01,7.275921763170813128e-02,1.874014934242823616e-01,6.052502389995607912e-02,6.117096865876030243e-02,4.905304498359300269e-02,2.569568250523215219e-02,5.766994806604139323e-02,6.493036715500090372e-02,9.920419605715319333e-02,6.458155698524661870e-02,1.913934320336924677e-01,1.859804149549130481e-01,3.740020153476474735e-02,1.312172183034906736e-01,3.853706431026018842e-01,1.734878433196393177e-01,2.372167532232643539e-01,1.538252848616386281e-01,3.763274164793426607e-02,1.225615585355140369e-01
5.723070563005451528e-03,1.229878820763248386e-02,9.366199002661291725e-03,4.960855747616463654e-03,1.745342738289021658e-02,2.291812004237397601e-02,2.574735808593649200e-02,0.000000000000000000e+00,2.954551326770534642e-02,1.776348086711624502e-02,1.958504508694416599e-02,1.222127483657597588e-02,4.012608841691858719e-02,9.030307728083095120e-03,1.231170710280856707e-02,1.140738444048264993e-02,5.761827248533705516e-03,1.476629718626462986e-02,1.236338268351290515e-02,2.583779035216908146e-02,1.216959925587163781e-02,4.317494767847453868e-02,3.865333436684494778e-02,1.213084257034338469e-02,3.575950184740200877e-02,6.698447148799833994e-02,3.964808929540345611e-02,5.716611115417409572e-02,3.764566054311035276e-02,7.996796113996330196e-03,2.582487145699299824e-02,1.149781670671524113e-02,7.996796113996330196e-03,9.598739115830813920e-03,5.400098183603338139e-03,9.908792600056842356e-03,4.004857504586207574e-03,3.733560705888432259e-03,1.149781670671524113e-02,7.363770250368188372e-03,8.358525178926698440e-03,6.381934216985763256e-03,9.443712373717799702e-03,2.764643567682091661e-03,2.570860140040823888e-03,6.885771128853060766e-03,1.408159574193214997e-02,1.556726868718187259e-02,5.451773764307676212e-03,1.918455933648554462e-02,2.446838746350412166e-02,2.889956850890111964e-02,6.175231894168410965e-03,3.026897139756607943e-02,2.073482675761569027e-02,2.470092757667364386e-02,1.665245588197297386e-02,4.201224711262693118e-02,1.357775883006485246e-02,1.384905562876262777e-02,1.112316874660878967e-02,5.787665038885874552e-03,1.302224633749321688e-02,1.437873033098209519e-02,2.258222876779577767e-02,1.459835154897553243e-02,4.316202878329845199e-02,4.329121773505929804e-02,8.384362969278866609e-03,2.946799989664884017e-02,8.628530088106865781e-02,3.918300906906441172e-02,5.321292923029222882e-02,3.497144924166085272e-02,8.448957445159289634e-03,2.737513887812314389e-02
2.817611037904038315e-02,6.303128956411647998e-02,4.792910110327364831e-02,2.530811564994961751e-02,8.929540345709634230e-02,1.167997312869803322e-01,1.311526238276102541e-01,2.954551326770534642e-02,0.000000000000000000e+00,9.000594269178099904e-02,9.981138413042917046e-02,5.896183758364984678e-02,2.041831382580161780e-01,4.612045577862181056e-02,6.113221197323204931e-02,5.829005503449345010e-02,2.955843216288142963e-02,7.591142805467276933e-02,6.294085729788388706e-02,1.318373252719427513e-01,6.061545616618866511e-02,2.216107278505542177e-01,1.919747823166162715e-01,6.061545616618866511e-02,1.818463684985660023e-01,3.385784047748236492e-01,2.023486551430121738e-01,2.901842234452109426e-01,1.920522956876727916e-01,4.091414102265974323e-02,1.312818127793711209e-01,5.799292044544350488e-02,4.060408753843371132e-02,4.854920807172570518e-02,2.773686794305350867e-02,5.035785339637754293e-02,2.029558432162881579e-02,1.899077590884427555e-02,5.751492132392838075e-02,3.798155181768855110e-02,4.259359739555073493e-02,3.267188590031780415e-02,4.840710022478877939e-02,1.395240679017130392e-02,1.325478645066273907e-02,3.521690825000645814e-02,7.237165077642560007e-02,7.991628555925897603e-02,2.746557114435573335e-02,9.725344288556442285e-02,1.245898250781593136e-01,1.464356768209182647e-01,2.994599901816396778e-02,1.570033330749554257e-01,1.049401855153347246e-01,1.266697672015089371e-01,8.159574193214996773e-02,2.134072294137405457e-01,6.925819703898922208e-02,6.987830400744128589e-02,5.710151667829366923e-02,2.928713536418365432e-02,6.658398573753972205e-02,7.423197168178177763e-02,1.163346510606412948e-01,7.287548768829289758e-02,2.223083481900627878e-01,2.156680360695553411e-01,4.259359739555073493e-02,1.504792910110327453e-01,4.377309252512724957e-01,2.013151435289254054e-01,2.721494457793969257e-01,1.777381598325711298e-01,4.420845929256130014e-02,1.401958504508694359e-01
1.723380616489677761e-02,3.768441722863860588e-02,2.848616386326641506e-02,1.521845851742758930e-02,5.387179288427253881e-02,6.973619616050436010e-02,7.894736842105262720e-02,1.776348086711624502e-02,9.000594269178099904e-02,0.000000000000000000e+00,6.030540268196264014e-02,3.569490737152158921e-02,1.228328553342118157e-01,2.791773247551869452e-02,3.657339224349533818e-02,3.471307133813916063e-02,1.749218406841846971e-02,4.525488980182414828e-02,3.767149833346251919e-02,7.808180244425497185e-02,3.652171666279099838e-02,1.312559749890189476e-01,1.142547089372916852e-01,3.615998759786063360e-02,1.087900162778079188e-01,2.033304911763945955e-01,1.201198873472340695e-01,1.742758959253804529e-01,1.143193034131721048e-01,2.427460403586285259e-02,7.799137017802237892e-02,3.488101697542825980e-02,2.448130635868020488e-02,2.915794641242280827e-02,1.657494251091646761e-02,3.052734930108777153e-02,1.223419373175206083e-02,1.130403327907397379e-02,3.476474691884350043e-02,2.293103893755005923e-02,2.585070924734516815e-02,1.968839624835284213e-02,2.935172984006407734e-02,8.448957445159289634e-03,7.828850476707232761e-03,2.130325814536340734e-02,4.282613750872025365e-02,4.746402087693460392e-02,1.653618582538821449e-02,5.893599979329768035e-02,7.385732372167531923e-02,8.867529648864429237e-02,1.798310208510968053e-02,9.315815311474562321e-02,6.376766658915329622e-02,7.592434694984884214e-02,4.975066532310156581e-02,1.282200346226390619e-01,4.177970699945740551e-02,4.166343694287264615e-02,3.389918094204583815e-02,1.775056197194015833e-02,3.960933260987520299e-02,4.441516161537865243e-02,6.848306332842415967e-02,4.378213575175050887e-02,1.316822985298297388e-01,1.282587913081673359e-01,2.524352117406919449e-02,9.007053716766141860e-02,2.625507066635661135e-01,1.194739425884298323e-01,1.636694829858150457e-01,1.053535901609694292e-01,2.645789732062114180e-02,8.398573753972560230e-02
1.888742474743559940e-02,4.180554478980957889e-02,3.162545539105495601e-02,1.691083378549466595e-02,5.978864687491925595e-02,7.743585768545073467e-02,8.787432498772704270e-02,1.958504508694416599e-02,9.981138413042917046e-02,6.030540268196264014e-02,0.000000000000000000e+00,3.982895382786864197e-02,1.364881275353331813e-01,3.073405162390512382e-02,4.064284422396196444e-02,3.842079425367542905e-02,1.966255845800067223e-02,5.020282665426453045e-02,4.189597705604216488e-02,8.654367878459033603e-02,4.052657416737720508e-02,1.458284887476423153e-01,1.264113892979872311e-01,4.039738521561635903e-02,1.213988579696664294e-01,2.258352065731338565e-01,1.334909438544815696e-01,1.933054285197529920e-01,1.271348474278479745e-01,2.694881533731235262e-02,8.659535436529468277e-02,3.937679249670568427e-02,2.734930108777097399e-02,3.264604810996563772e-02,1.861612794873782409e-02,3.395085652275017102e-02,1.373278557217786668e-02,1.258300390150634239e-02,3.911841459318399217e-02,2.555357465829522293e-02,2.864119060537942754e-02,2.202671627522414383e-02,3.255561584373304479e-02,9.430793478541714750e-03,8.771929824561403022e-03,2.334444358318476728e-02,4.759320982869544997e-02,5.265741673772059150e-02,1.846110120662480814e-02,6.546004185722037461e-02,8.282303697387799479e-02,9.871327804046198251e-02,1.989509857117019442e-02,1.039583494819523030e-01,7.097641009740847384e-02,8.448957445159289981e-02,5.503449345012014632e-02,1.427796294860863568e-01,4.623672583520656992e-02,4.623672583520656992e-02,3.740020153476474735e-02,1.966255845800067223e-02,4.387256801798310180e-02,4.922099062088210186e-02,7.606645479678578181e-02,4.847169470066919894e-02,1.464615146112704380e-01,1.415910911298865760e-01,2.824070485492080618e-02,1.001343565098312821e-01,2.910497894220086534e-01,1.324574322403948012e-01,1.806449112471901486e-01,1.173294059891998031e-01,2.895124408960545598e-02,9.304188305816087079e-02
1.202749140893470854e-02,2.492054879466707937e-02,1.853861457768131785e-02,9.895873704880759139e-03,3.561739400046508297e-02,4.601710461721313788e-02,5.234736325349455960e-02,1.222127483657597588e-02,5.896183758364984678e-02,3.569490737152158921e-02,3.982895382786864197e-02,0.000000000000000000e+00,8.166033640803038729e-02,1.812520993204660980e-02,2.572152029558432210e-02,2.247887760638710153e-02,1.170451902953259515e-02,2.979097227605095183e-02,2.494638658501924927e-02,5.176601297057075585e-02,2.524352117406919449e-02,8.628530088106865781e-02,7.793969459731803218e-02,2.480427873808232000e-02,7.228121851019300714e-02,1.358034260910006841e-01,7.890861173552438101e-02,1.158566519391261707e-01,7.509753765857943297e-02,1.613570007492959313e-02,5.212774203550112062e-02,2.360282148670645591e-02,1.644575355915562156e-02,1.990801746634627764e-02,1.121360101284138260e-02,1.968839624835284213e-02,8.048471694700670004e-03,7.673823734594217676e-03,2.370617264811513206e-02,1.510218846084282820e-02,1.778931865746841492e-02,1.340981319277575329e-02,1.921039712683771453e-02,5.645557191948944419e-03,5.283828127018577042e-03,1.449500038756685455e-02,2.774978683822959535e-02,3.123788853577242133e-02,1.116192543213704279e-02,3.976435935198821547e-02,4.887218045112781684e-02,5.911686432576285927e-02,1.241505826421724495e-02,6.042167273854739951e-02,4.218019274991603035e-02,4.958271968581246664e-02,3.481642249954784024e-02,8.472211456476241853e-02,2.751724672506007316e-02,2.873162287161202047e-02,2.203963517040022704e-02,1.165284344882825535e-02,2.596697930392992751e-02,2.906751414619021881e-02,4.522905201147198184e-02,3.024313360721390953e-02,8.583313954990569317e-02,8.761594708420536448e-02,1.705294163243159522e-02,5.875513526083249449e-02,1.748443273131281839e-01,7.827558587189623052e-02,1.074981267601994722e-01,6.968452057980001335e-02,1.713045500348810146e-02,5.601632948350256797e-02
3.900214453659923280e-02,8.637573314730123686e-02,6.443944913830969290e-02,3.463555796708265438e-02,1.233754489316073732e-01,1.582564659070356261e-01,1.798956153269772318e-01,4.012608841691858719e-02,2.041831382580161780e-01,1.228328553342118157e-01,1.364881275353331813e-01,8.166033640803038729e-02,0.000000000000000000e+00,6.275999276541870120e-02,8.357233289409089771e-02,7.854688267059400930e-02,3.984187272304472865e-02,1.027568922305764354e-01,8.548432938015140814e-02,1.771180528641190521e-01,8.350773841821047816e-02,2.993953957057592374e-01,2.584424979975712411e-01,8.353357620856263765e-02,2.490375423093817153e-01,4.643180115236544836e-01,2.729504172803141615e-01,3.966100819057954419e-01,2.612588171459576669e-01,5.496989897423971982e-02,1.776606464615146097e-01,8.062682479394361890e-02,5.635222075808076631e-02,6.672609358447666172e-02,3.843371314885150880e-02,6.874144123194583789e-02,2.794357026587086443e-02,2.607033046533860365e-02,8.048471694700669310e-02,5.294163243159445004e-02,5.920729659199545220e-02,4.578456450404361222e-02,6.602847324496809167e-02,1.930082939307030399e-02,1.794434539958142741e-02,4.873007260419089104e-02,9.748598299873394157e-02,1.085187194791101400e-01,3.799447071286463778e-02,1.334651060641293963e-01,1.698963904606878017e-01,2.020902772394904678e-01,4.091414102265974323e-02,2.125545823321189631e-01,1.440715190036948035e-01,1.721442782213265243e-01,1.131953595328527573e-01,2.920833010360953663e-01,9.428209699506498453e-02,9.579360773066687706e-02,7.668656176523783174e-02,3.979019714234038885e-02,9.007053716766141860e-02,1.010515980673332842e-01,1.554272278634731275e-01,1.008061390589876788e-01,2.986460997855463484e-01,2.913727618014107512e-01,5.814794718755651737e-02,2.043381650001291905e-01,6.017362995116657398e-01,2.703924760354494694e-01,3.701780223755264387e-01,2.402139369041159656e-01,5.911686432576285927e-02,1.920393767924967188e-01
8.552308606567965779e-03,1.918455933648554462e-02,1.452083817791902445e-02,7.725499315298555748e-03,2.734930108777097399e-02,3.561739400046508297e-02,4.046197969149678553e-02,9.030307728083095120e-03,4.612045577862181056e-02,2.791773247551869452e-02,3.073405162390512382e-02,1.812520993204660980e-02,6.275999276541870120e-02,0.000000000000000000e+00,1.848693899697697804e-02,1.771180528641190521e-02,8.965713252202672096e-03,2.309898457483915840e-02,1.931374828824639067e-02,3.960933260987520299e-02,1.843526341627264170e-02,6.693279590729400708e-02,5.792832596956308533e-02,1.861612794873782409e-02,5.583546495103738905e-02,1.031961346665633134e-01,6.149394103816241408e-02,8.873989096452471192e-02,5.852259514766296883e-02,1.226003152210422900e-02,3.980311603751646859e-02,1.813812882722269648e-02,1.241505826421724495e-02,1.481797276696896967e-02,8.513551921039712658e-03,1.537348525954060352e-02,6.278583055577087110e-03,5.852259514766297577e-03,1.793142650440534419e-02,1.171743792470867837e-02,1.300932744231713366e-02,1.012841381805027960e-02,1.492132392837764582e-02,4.340748779164405914e-03,4.043614190114461562e-03,1.055473735886107087e-02,2.187168953311112787e-02,2.428752293103893928e-02,8.487714130687542755e-03,2.977805338087486861e-02,3.818825414050590339e-02,4.506110637418288267e-02,9.094902203963516410e-03,4.772239878045629602e-02,3.273648037619823065e-02,3.879544221378188051e-02,2.534687233547787064e-02,6.526625842957910206e-02,2.117406919360256476e-02,2.122574477430690110e-02,1.736299511665762366e-02,9.017388832907010168e-03,2.012763868433971662e-02,2.272433661473270694e-02,3.497144924166085272e-02,2.224633749321757933e-02,6.728160607704829210e-02,6.507247500193782952e-02,1.299640854714104871e-02,4.605586130274139101e-02,1.337493217580032479e-01,6.105469860217554307e-02,8.304265819187142683e-02,5.402681962638555130e-02,1.335813761207141522e-02,4.261943518590290136e-02
1.214376146551946964e-02,2.578611477146474512e-02,1.945585613518331994e-02,1.012841381805027960e-02,3.634085213032581252e-02,4.774823657080846245e-02,5.351006381934216710e-02,1.231170710280856707e-02,6.113221197323204931e-02,3.657339224349533818e-02,4.064284422396196444e-02,2.572152029558432210e-02,8.357233289409089771e-02,1.848693899697697804e-02,0.000000000000000000e+00,2.351238922047386645e-02,1.209208588481512983e-02,3.086324057566596987e-02,2.585070924734516815e-02,5.432395421543549652e-02,2.543730460171046009e-02,9.058729297470480279e-02,8.023925793866108769e-02,2.572152029558432210e-02,7.436116063354261674e-02,1.405188228302715614e-01,8.269384802211714180e-02,1.185954577164560902e-01,7.863731493682660223e-02,1.654910472056429771e-02,5.415600857814639735e-02,2.397746944681290737e-02,1.706586052760767844e-02,2.064439449138309735e-02,1.173035681988476332e-02,1.990801746634627764e-02,8.190579541637599270e-03,7.996796113996330196e-03,2.391287497093248435e-02,1.568353874376663196e-02,1.816396661757486639e-02,1.374570446735395163e-02,1.962380177247241911e-02,5.697232772653282491e-03,5.593881611244606346e-03,1.472754050073637674e-02,2.946799989664884017e-02,3.237475131126785893e-02,1.134278996460222691e-02,3.994522388445340133e-02,5.135260832493605127e-02,5.990491693150401531e-02,1.267343616773893532e-02,6.326382967728599871e-02,4.274862413766374741e-02,5.105547373588610605e-02,3.534609720176730419e-02,8.680205668811202813e-02,2.805984032245562379e-02,2.990724233263571466e-02,2.321525463142392123e-02,1.185954577164560937e-02,2.718135545048187482e-02,3.002351238922047402e-02,4.820039790197142016e-02,3.074697051908120704e-02,9.063896855540913566e-02,9.029015838565486451e-02,1.790558871405317429e-02,6.077048290830168453e-02,1.814588016432834572e-01,8.220293000542593098e-02,1.104565537555228238e-01,7.343100018086452796e-02,1.782807534299666805e-02,5.818670387308477049e-02
1.060641293956540894e-02,2.421000955998242957e-02,1.848693899697697804e-02,9.727928067591659969e-03,3.408004547451101707e-02,4.504818747900679599e-02,5.022866444461669688e-02,1.140738444048264993e-02,5.829005503449345010e-02,3.471307133813916063e-02,3.842079425367542905e-02,2.247887760638710153e-02,7.854688267059400930e-02,1.771180528641190521e-02,2.351238922047386645e-02,0.000000000000000000e+00,1.131695217425005874e-02,2.899000077513370910e-02,2.418417176963025966e-02,5.105547373588610605e-02,2.315066015554349821e-02,8.548432938015140814e-02,7.403818825414050508e-02,2.318941684107175133e-02,7.002041185437821169e-02,1.301061933183474129e-01,7.840477482365708350e-02,1.117096865876030243e-01,7.407694493966876514e-02,1.574813321964705498e-02,5.031909671084928981e-02,2.222049970286540943e-02,1.536056636436452030e-02,1.852569568250523116e-02,1.056765625403715408e-02,1.917164044130945794e-02,7.764256000826808869e-03,7.144149032374751129e-03,2.202671627522414383e-02,1.437873033098209519e-02,1.621321344598609937e-02,1.249257163527375120e-02,1.862904684391390731e-02,5.400098183603338139e-03,5.051288013849055715e-03,1.329354313619099219e-02,2.793065137069477774e-02,3.055318709143994144e-02,1.058057514921323904e-02,3.710306694571480213e-02,4.801953336950624124e-02,5.610676174973516089e-02,1.154949228741957920e-02,6.065421285171691823e-02,4.046197969149678553e-02,4.874299149936697079e-02,3.103118621295506904e-02,8.215125442472159811e-02,2.658708627238198438e-02,2.679378859519934014e-02,2.231093196909800236e-02,1.139446554530656498e-02,2.591530372322559117e-02,2.846032607291424515e-02,4.488024184171769682e-02,2.787897578999044140e-02,8.605276076789912520e-02,8.273260470764540186e-02,1.622613234116218259e-02,5.790248817921091196e-02,1.679068806035707850e-01,7.781050564555719307e-02,1.046559698214608730e-01,6.875436012712192457e-02,1.707877942278376512e-02,5.360049608557476003e-02
5.632638296772860334e-03,1.222127483657597588e-02,9.340361212309123556e-03,4.883342376559956545e-03,1.738883290700979356e-02,2.277601219543704675e-02,2.568276361005606898e-02,5.761827248533705516e-03,2.955843216288142963e-02,1.749218406841846971e-02,1.966255845800067223e-02,1.170451902953259515e-02,3.984187272304472865e-02,8.965713252202672096e-03,1.209208588481512983e-02,1.131695217425005874e-02,0.000000000000000000e+00,1.470170271038420858e-02,1.247965274009766624e-02,2.563108802935172917e-02,1.189830245717386249e-02,4.278738082319200053e-02,3.745187711546908715e-02,1.184662687646952442e-02,3.539777278247164399e-02,6.626101335813761040e-02,3.938971139188176401e-02,5.644265302431335923e-02,3.741312042994083403e-02,7.958039428468077076e-03,2.548898018241479990e-02,1.129111438389788884e-02,7.945120533291992124e-03,9.624576906182983824e-03,5.387179288427254055e-03,9.857117019352504284e-03,3.940263028705785417e-03,3.720641810712347741e-03,1.125235769836963572e-02,7.402526935896442360e-03,8.474795235511459537e-03,6.407772007337932292e-03,9.585820220654728968e-03,2.700049091801669070e-03,2.609616825569077442e-03,6.950365604733482923e-03,1.399116347569955877e-02,1.545099863059711150e-02,5.309665917370746079e-03,1.904245148954861536e-02,2.404206392269333040e-02,2.858951502467509120e-02,5.865178409942381661e-03,3.015270134098132007e-02,2.065731338655918056e-02,2.471384647184972708e-02,1.626488902669043571e-02,4.161176136216830634e-02,1.352608324936051439e-02,1.382321783841045960e-02,1.105857427072836664e-02,5.697232772653282491e-03,1.288013849055628761e-02,1.443040591168643326e-02,2.253055318709144134e-02,1.418494690334082611e-02,4.300700204118543951e-02,4.218019274991603035e-02,8.281011807870190464e-03,2.924837867865540120e-02,8.526470816215797610e-02,3.924760354494483822e-02,5.304498359300312965e-02,3.460972017673048795e-02,8.616903082448388804e-03,2.753016562023615638e-02
1.410743353228431987e-02,3.163837428623104270e-02,2.410665839857375342e-02,1.257008500633025917e-02,4.460894504301991803e-02,5.852259514766296883e-02,6.569258197038989333e-02,1.476629718626462986e-02,7.591142805467276933e-02,4.525488980182414828e-02,5.020282665426453045e-02,2.979097227605095183e-02,1.027568922305764354e-01,2.309898457483915840e-02,3.086324057566596987e-02,2.899000077513370910e-02,1.470170271038420858e-02,0.000000000000000000e+00,3.154794201999844977e-02,6.608014882567242454e-02,3.038524145415084227e-02,1.112316874660879001e-01,9.620701237630158165e-02,3.059194377696819456e-02,9.119448104798077992e-02,1.700901738883290604e-01,1.016846239309614208e-01,1.458155698524662147e-01,9.643955248947110037e-02,2.042477327338965837e-02,6.542128517169211455e-02,2.924837867865540120e-02,2.048936774927008139e-02,2.444254967315195176e-02,1.395240679017130392e-02,2.504973774642792542e-02,1.014133271322636455e-02,9.521225744774307678e-03,2.904167635583804891e-02,1.902953259437252867e-02,2.157455494406118265e-02,1.660078030126863405e-02,2.423584735033459947e-02,7.053716766142159936e-03,6.653231015683538571e-03,1.758261633465105916e-02,3.625041986409321959e-02,4.004857504586208095e-02,1.379738004805828970e-02,4.869131591866263792e-02,6.244993928119266929e-02,7.346975686639278802e-02,1.499883729943415206e-02,7.839185592848099682e-02,5.300622690747486959e-02,6.366431542774461660e-02,4.119835671653360176e-02,1.071751543807973606e-01,3.462263907190656770e-02,3.517815156447820502e-02,2.874454176678810369e-02,1.470170271038420858e-02,3.338242513500245395e-02,3.712890473606696856e-02,5.808335271167609781e-02,3.648295997726274525e-02,1.113737953130248259e-01,1.078210991396015839e-01,2.129033925018732412e-02,7.556261788491848430e-02,2.200475415342479923e-01,1.008836524300441850e-01,1.359455339379376237e-01,8.948918688473761485e-02,2.200087848487197392e-02,7.031754644342816385e-02
1.189830245717386249e-02,2.618660052192336649e-02,1.980466630493760150e-02,1.054181846368498592e-02,3.746479601064516690e-02,4.900136940288866289e-02,5.498281786941580651e-02,1.236338268351290515e-02,6.294085729788388706e-02,3.767149833346251919e-02,4.189597705604216488e-02,2.494638658501924927e-02,8.548432938015140814e-02,1.931374828824639067e-02,2.585070924734516815e-02,2.418417176963025966e-02,1.247965274009766624e-02,3.154794201999844977e-02,0.000000000000000000e+00,5.495698007906364008e-02,2.550189907759088312e-02,9.211172260548278201e-02,8.036844689042192680e-02,2.532103454512570073e-02,7.595018474020101551e-02,1.417331989768235156e-01,8.460584450817766611e-02,1.212438312275534169e-01,8.020050125313282763e-02,1.707877942278376512e-02,5.486654781283104715e-02,2.423584735033459947e-02,1.716921168901635458e-02,2.054104332997442120e-02,1.169160013435651020e-02,2.109655582254605505e-02,8.513551921039712658e-03,7.932201638115908907e-03,2.417125287445417645e-02,1.589024106658398425e-02,1.799602098028576722e-02,1.381029894323437465e-02,2.039893548303749193e-02,5.839340619590212625e-03,5.555124925716352358e-03,1.479213497661679977e-02,3.004935017957264393e-02,3.304653386042425561e-02,1.153657339224349598e-02,4.112084334547709552e-02,5.206314755962070107e-02,6.168772446580368662e-02,1.253132832080200432e-02,6.547296075239646129e-02,4.427305376844171969e-02,5.295455132677053672e-02,3.450636901532180834e-02,8.969588920755497408e-02,2.913210862207064183e-02,2.940340542076841715e-02,2.371909154329121874e-02,1.238922047386507505e-02,2.781438131411001838e-02,3.090199726119422299e-02,4.847169470066919894e-02,3.043691703485517860e-02,9.238301940418056080e-02,8.988967263519623274e-02,1.782807534299666805e-02,6.278583055577087457e-02,1.829057179030049440e-01,8.395989974937342892e-02,1.139317365578895735e-01,7.421905278660569094e-02,1.840942562592047180e-02,5.879389194636074761e-02
2.470092757667364386e-02,5.485362891765496046e-02,4.199932821745084449e-02,2.187168953311112787e-02,7.722915536263338931e-02,1.023564064801178175e-01,1.133633051701418426e-01,2.583779035216908146e-02,1.318373252719427513e-01,7.808180244425497185e-02,8.654367878459033603e-02,5.176601297057075585e-02,1.771180528641190521e-01,3.960933260987520299e-02,5.432395421543549652e-02,5.105547373588610605e-02,2.563108802935172917e-02,6.608014882567242454e-02,5.495698007906364008e-02,0.000000000000000000e+00,5.304498359300312965e-02,1.934733741570420773e-01,1.687078521044880208e-01,5.310957806888354921e-02,1.579722502131617745e-01,2.963077797586750606e-01,1.772214040255277456e-01,2.516988347156551287e-01,1.676872593855773530e-01,3.534609720176730419e-02,1.149135725912719952e-01,5.006071880732759771e-02,3.520398935483037145e-02,4.251608402449422869e-02,2.427460403586285259e-02,4.298116425083326614e-02,1.744050848771412990e-02,1.647159134950779147e-02,4.964731416169289313e-02,3.287858822313515644e-02,3.750355269617342002e-02,2.874454176678810369e-02,4.153424799111180010e-02,1.205332919928687671e-02,1.167868123918042525e-02,3.054026819626385475e-02,6.304420845929256667e-02,6.960700720874350711e-02,2.384828049505206479e-02,8.411492649148644141e-02,1.086608273260470797e-01,1.263209570317546382e-01,2.645789732062114180e-02,1.366173164870940204e-01,9.075523861199390196e-02,1.095005555124925756e-01,7.160943596103661046e-02,1.850631733974110460e-01,5.981448466527142932e-02,6.244993928119266929e-02,5.024158333979278357e-02,2.537271012583004054e-02,5.826421724414128367e-02,6.452988140454228583e-02,1.027568922305764354e-01,6.398728780714672826e-02,1.948040203601787979e-01,1.895847867090406369e-01,3.736144484923649423e-02,1.305971113350386237e-01,3.823088649458698529e-01,1.763945947342583365e-01,2.364932950934036104e-01,1.563832261065033757e-01,3.866625326202103446e-02,1.222773428416401853e-01
1.176911350541301644e-02,2.560525023899955926e-02,1.909412707025295169e-02,1.019300829393070262e-02,3.661214892902359130e-02,4.714104849753249227e-02,5.361341498075084672e-02,1.216959925587163781e-02,6.061545616618866511e-02,3.652171666279099838e-02,4.052657416737720508e-02,2.524352117406919449e-02,8.350773841821047816e-02,1.843526341627264170e-02,2.543730460171046009e-02,2.315066015554349821e-02,1.189830245717386249e-02,3.038524145415084227e-02,2.550189907759088312e-02,5.304498359300312965e-02,0.000000000000000000e+00,8.914037671498332982e-02,7.857272046094618267e-02,2.539854791618220697e-02,7.410278273002092464e-02,1.386455830297392833e-01,8.133736402862827564e-02,1.181562152804692123e-01,7.782342454073327975e-02,1.652326693021212781e-02,5.314833475441180233e-02,2.435211740691935883e-02,1.688499599514249605e-02,2.020515205539622286e-02,1.161408676330000223e-02,1.998553083740278388e-02,8.255174017518022295e-03,7.841769371883315978e-03,2.422292845515851625e-02,1.559310647753404076e-02,1.777639976229232824e-02,1.369402888664961356e-02,1.948169392553548984e-02,5.761827248533705516e-03,5.374260393251169103e-03,1.457251375862336253e-02,2.893832519442937276e-02,3.209053561739400040e-02,1.138154665013048003e-02,4.002273725550990757e-02,5.091336588894918025e-02,6.051210500477999243e-02,1.242797715939332817e-02,6.279874945094696126e-02,4.283905640389634034e-02,5.099087926000568649e-02,3.472599023331524731e-02,8.686665116399246156e-02,2.804692142727954057e-02,2.913210862207064183e-02,2.280184998578921665e-02,1.182078908611735452e-02,2.675503190967108355e-02,2.995891791334005100e-02,4.661137379531302138e-02,3.035940366379867236e-02,8.894659328734207115e-02,8.840399968994651358e-02,1.749218406841846971e-02,6.046042942407565263e-02,1.793013461488773552e-01,8.070433816500012514e-02,1.096039066739012413e-01,7.168694933209311670e-02,1.754385964912280604e-02,5.697232772653283012e-02
