0.000000000000000000e+00,1.379087238350846546e-02,1.137058027102478934e-02,6.098656857694013077e-03,2.145912462108050603e-02,2.806101053186518118e-02,2.771354285235019810e-02,6.446124537208996162e-03,3.720300499634560110e-02,2.228585806544373937e-02,2.777345107295623242e-02,1.835587879368806921e-02,4.677633864918943896e-02,1.223325864775164432e-02,9.297755838056098038e-03,1.077149806496447391e-02,8.075628137693054501e-03,1.600747654593163288e-02,1.512083488096236522e-02,2.536514060459376177e-02,1.186182767999424854e-02,4.218736895076742599e-02,3.793388528773918023e-02,1.648674231077988661e-02,3.725093157283042300e-02,7.552030289596338430e-02,4.367309282179700908e-02,6.563544649596818326e-02,4.789063155246162801e-02,1.183786439175183586e-02,3.244629228022669065e-02,1.290423071853919780e-02,8.818490073207846044e-03,1.441391787781119357e-02,8.123554714177879874e-03,1.175399288290339232e-02,5.032290530906651134e-03,4.457171613088748395e-03,1.186182767999424854e-02,8.890379937935084104e-03,9.717113382298319182e-03,6.949353590299660842e-03,9.082086243874383860e-03,3.774217898179988134e-03,3.139190759756053679e-03,9.908819688237620674e-03,1.491714693090185825e-02,1.646277902253747219e-02,5.787134110542649021e-03,2.363978385114005182e-02,2.875594589089514735e-02,3.049328428847006278e-02,8.471022393692862959e-03,4.124081906519212748e-02,2.072824432968691996e-02,3.530990522519500407e-02,2.426282934544278166e-02,4.864547513209762503e-02,1.471345898084135129e-02,1.516876145744719059e-02,1.238902002132732591e-02,7.236913049208612211e-03,1.655863217550712294e-02,1.931441032338457320e-02,2.517343429865446028e-02,1.806831933477911697e-02,4.517079833694779417e-02,4.922059404991552950e-02,1.506092666035633437e-02,3.453109835731658916e-02,1.051509088077065973e-01,4.434406489258455736e-02,5.794323097015372653e-02,4.683624686979547674e-02,1.005259941769209506e-02,3.181126514180275533e-02
1.379087238350846546e-02,0.000000000000000000e+00,1.947017169696025826e-02,1.055582847078276147e-02,3.717904170810318321e-02,4.877727321743089567e-02,4.887312637040054641e-02,1.127472711805514033e-02,6.537185032530164197e-02,3.884449024095086578e-02,4.816620936724937130e-02,3.141587088580295034e-02,8.195444578905117239e-02,2.132732653574723539e-02,1.568397215465906075e-02,1.909874072920286076e-02,1.427013814835671746e-02,2.792921244653191401e-02,2.628772720192664933e-02,4.445189968967541705e-02,2.044068487077796772e-02,7.342351517475227685e-02,6.598291417548315940e-02,2.807299217598639013e-02,6.474880483099891559e-02,1.308155905153305099e-01,7.645487113741747387e-02,1.148680221900049148e-01,8.339224308359592663e-02,2.090796899150501598e-02,5.678101149039671558e-02,2.254945423611028066e-02,1.582775188411353687e-02,2.511352607804842943e-02,1.400654197769017791e-02,2.082409748265657071e-02,8.854435005571464207e-03,7.692215525814452386e-03,2.068031775320209459e-02,1.551622913696217368e-02,1.684619163441607517e-02,1.188579096823666123e-02,1.651070559902229756e-02,6.649812487269503129e-03,5.403721498664046906e-03,1.691808149914331150e-02,2.628772720192664933e-02,2.832460670253172247e-02,1.010052599417692043e-02,4.164819496531314141e-02,5.028696037670288971e-02,5.318651825403481609e-02,1.483327542205341472e-02,7.206958938905597134e-02,3.614862031367944289e-02,6.119025652700063600e-02,4.120487413282850758e-02,8.477013215753465003e-02,2.615592911659337869e-02,2.556882855465426874e-02,2.171073914762583837e-02,1.258072632726662740e-02,2.863612944968308566e-02,3.352464025113525981e-02,4.416434023076646481e-02,3.098453169743952199e-02,7.940235559123423603e-02,8.566875546662512664e-02,2.543703046932100156e-02,6.032757815027377929e-02,1.822767520159116195e-01,7.730556787002312857e-02,1.017840668096476192e-01,8.160697810953619624e-02,1.764896179053689756e-02,5.524736104288230365e-02
1.137058027102478934e-02,1.947017169696025826e-02,0.000000000000000000e+00,8.578857190783719180e-03,3.012185332071266874e-02,3.991085656773822599e-02,3.953942559998083195e-02,9.153976108601621919e-03,5.315057332167120313e-02,3.123614622398485433e-02,3.900025161452654737e-02,2.535315896047255629e-02,6.624651034614970069e-02,1.738536561987035975e-02,1.301206551563005402e-02,1.545632091635614283e-02,1.145445177987323461e-02,2.264530738907992793e-02,2.143516133283809161e-02,3.622051017840668269e-02,1.659457710787074283e-02,6.024370664142533749e-02,5.372569223948910067e-02,2.310060986568577071e-02,5.279112399803501110e-02,1.069361737817663277e-01,6.204095325960628377e-02,9.310935646589424408e-02,6.791195887899736938e-02,1.701393465211296224e-02,4.610536657840189068e-02,1.824804399659721299e-02,1.273648770084230900e-02,2.041672158253555677e-02,1.152634164460047267e-02,1.684619163441607517e-02,7.141059896238962333e-03,6.230454943027281985e-03,1.652268724314350304e-02,1.262865290375145277e-02,1.371898251878122740e-02,9.681168449934699285e-03,1.338349648338744979e-02,5.355794922179221533e-03,4.433208324846335709e-03,1.393465211296294158e-02,2.145912462108050603e-02,2.335222439223110305e-02,8.171481290662705246e-03,3.348869531877163991e-02,4.132469057404056928e-02,4.300212075100945386e-02,1.194569918884269381e-02,5.891374414397143600e-02,2.889972562034962347e-02,4.997543762955152652e-02,3.340482380992319811e-02,6.887049040869387684e-02,2.117156516217155379e-02,2.111165694156552294e-02,1.775679658762775379e-02,1.017241585890415849e-02,2.325637123926145231e-02,2.755778147877451650e-02,3.624447346664909364e-02,2.519739758689687470e-02,6.480871305160494644e-02,7.009261810905692558e-02,2.072824432968691996e-02,4.913672254106708770e-02,1.483207725764129348e-01,6.317920945112087683e-02,8.267334443632355645e-02,6.664190460214951262e-02,1.462958747199290602e-02,4.505098189573573247e-02
6.098656857694013077e-03,1.055582847078276147e-02,8.578857190783719180e-03,0.000000000000000000e+00,1.625909107247696522e-02,2.138723475635326624e-02,2.127939995926241001e-02,4.960400666179413075e-03,2.860018451731946576e-02,1.697798971974934235e-02,2.093193227974742693e-02,1.389870718059932168e-02,3.601682222834617225e-02,9.297755838056098038e-03,6.901427013814835469e-03,8.267334443632355992e-03,6.158565078300043925e-03,1.214938713890320078e-02,1.135859862690358386e-02,1.925450210277854235e-02,9.082086243874383860e-03,3.196702651537843692e-02,2.894765219683444885e-02,1.231713015660008785e-02,2.821677190544086625e-02,5.760774493475994545e-02,3.330897065695354736e-02,5.022705215609685886e-02,3.654401456967925482e-02,8.986233090904733115e-03,2.483794826326068614e-02,1.008854435005571495e-02,6.889445369693629126e-03,1.117887396508548958e-02,6.278381519512107357e-03,8.986233090904733115e-03,3.846107762907226193e-03,3.414768574543798705e-03,9.177939396844034606e-03,6.877463725572422783e-03,7.512490863996357238e-03,5.235978480967158101e-03,7.105114963875343304e-03,2.923521165574339935e-03,2.420292112483674821e-03,7.452582643390326389e-03,1.138256191514599655e-02,1.244892824193335849e-02,4.433208324846335709e-03,1.818813577599118214e-02,2.186650052120151996e-02,2.342411425695833938e-02,6.553959334299852384e-03,3.145181581816657024e-02,1.580378859587112592e-02,2.673104803441128316e-02,1.833191550544565826e-02,3.711913348749715236e-02,1.119085560920669506e-02,1.144247013575202740e-02,9.321719126298510724e-03,5.439666431027665935e-03,1.260468961550904009e-02,1.453373431902325701e-02,1.929044703514216225e-02,1.371898251878122740e-02,3.455506164555900706e-02,3.757443596410299513e-02,1.123878218569152043e-02,2.632367213429026576e-02,8.025305232383987686e-02,3.362049340410491055e-02,4.421226680725129365e-02,3.562142797234636726e-02,7.488527575753944551e-03,2.404715975126106922e-02
2.145912462108050603e-02,3.717904170810318321e-02,3.012185332071266874e-02,1.625909107247696522e-02,0.000000000000000000e+00,7.587975221959956940e-02,7.637099962856903901e-02,1.731347575514311996e-02,1.016402870801931396e-01,6.098656857694012556e-02,7.566408262541786389e-02,4.901690609985501906e-02,1.284072800469680531e-01,3.330897065695354736e-02,2.457435209259414485e-02,2.960664262350079512e-02,2.221396820071650305e-02,4.334958843052443694e-02,4.050993877379854141e-02,6.829537149087597236e-02,3.229053090665100906e-02,1.136938210661266879e-01,1.020236996920717426e-01,4.378092761888786183e-02,1.008614802123147386e-01,2.032446292280226663e-01,1.176956902026096013e-01,1.791375612561555697e-01,1.303003798181186501e-01,3.268592516265082099e-02,8.826877224092689878e-02,3.607673044895220310e-02,2.452642551610931948e-02,3.859287571440553344e-02,2.184253723295910554e-02,3.248223721259031055e-02,1.375492745114484557e-02,1.189777261235786844e-02,3.287763146859012248e-02,2.387941673356417868e-02,2.597620445477528267e-02,1.843975030253651448e-02,2.574855321647236475e-02,1.032817723247984008e-02,8.411114173086830376e-03,2.659924994907801252e-02,4.068966343561663396e-02,4.364912953355459119e-02,1.557613735756820626e-02,6.601885910784677236e-02,7.887516324990115346e-02,8.357196774541401918e-02,2.316051808629180156e-02,1.122680054157031426e-01,5.722433232288134247e-02,9.588909790201410877e-02,6.504834593402906984e-02,1.322174428775116650e-01,4.085740645331352450e-02,4.011454451779872948e-02,3.360851175998370161e-02,1.990151088532368315e-02,4.471549586034195833e-02,5.203628041839901408e-02,6.775619750542169473e-02,4.871736499682486482e-02,1.227159990893950531e-01,1.322773510981176959e-01,3.997076478834425683e-02,9.523010747534776943e-02,2.840847821138016704e-01,1.192772672266088352e-01,1.588885826913168930e-01,1.264662536993326203e-01,2.737805681695642396e-02,8.562082889014030473e-02
2.806101053186518118e-02,4.877727321743089567e-02,3.991085656773822599e-02,2.138723475635326624e-02,7.587975221959956940e-02,0.000000000000000000e+00,1.000227651238302928e-01,2.293286684798888017e-02,1.334755155102383128e-01,7.815626460262876940e-02,9.749463821425576049e-02,6.264003546566659919e-02,1.676471645439187030e-01,4.390074406009992353e-02,3.221864104192377620e-02,3.907214147925378023e-02,2.873198260265273640e-02,5.663723176094223599e-02,5.360587579827703897e-02,9.041348653862282814e-02,4.136063550640418918e-02,1.513401468949569229e-01,1.349971843136315297e-01,5.710451588166928077e-02,1.330202130336324839e-01,2.673224619882340058e-01,1.552221995902277607e-01,2.349720228609769868e-01,1.699356585710691259e-01,4.305004732749427576e-02,1.159942967373983058e-01,4.650076083440169566e-02,3.197900815949964587e-02,5.085009765039958524e-02,2.862414780556188018e-02,4.282239608919136131e-02,1.804435604653670602e-02,1.539641269575011025e-02,4.175602976240399417e-02,3.178730185356034438e-02,3.408777752483195533e-02,2.395130659829141848e-02,3.402786930422592448e-02,1.338349648338744979e-02,1.105905752387342615e-02,3.475874959561951055e-02,5.382154539245875141e-02,5.823079042906267877e-02,2.054851966786882395e-02,8.474616886929224602e-02,1.040006709720707884e-01,1.085297324498867705e-01,3.003798181186422347e-02,1.476018739291405646e-01,7.302812091875246492e-02,1.250763829812726879e-01,8.293694060699009774e-02,1.723439690394315826e-01,5.386947196894358025e-02,5.208420699488383598e-02,4.440397311319059515e-02,2.552090197816944336e-02,5.838655180263836036e-02,6.878661889984544198e-02,9.085680737110746197e-02,6.260409053330298623e-02,1.622434430452546761e-01,1.754711781550664373e-01,5.134134505936904791e-02,1.236385856867279337e-01,3.700650603275781325e-01,1.586010232324079616e-01,2.087082589472927519e-01,1.674554582379794154e-01,3.669977594325493642e-02,1.130108673512179307e-01
2.771354285235019810e-02,4.887312637040054641e-02,3.953942559998083195e-02,2.127939995926241001e-02,7.637099962856903901e-02,1.000227651238302928e-01,0.000000000000000000e+00,2.282503205089802395e-02,1.335593870190867616e-01,7.901894297935563305e-02,9.853704125280070281e-02,6.359856699536310665e-02,1.664729634200405040e-01,4.348138651585770759e-02,3.194306322713602597e-02,3.854494913792070460e-02,2.905548699392530507e-02,5.674506655803309568e-02,5.299481194809551460e-02,8.982638597668371472e-02,4.163621332119193247e-02,1.496866800062304492e-01,1.337870382573896899e-01,5.694875450809359918e-02,1.323132960304813088e-01,2.656210685230227520e-01,1.549466217754400243e-01,2.337498951606139519e-01,1.698278237739782592e-01,4.266663471561567972e-02,1.158025904314590043e-01,4.670444878446220610e-02,3.171541198883310458e-02,5.058650147973305089e-02,2.846838643198619859e-02,4.237907525670672748e-02,1.802039275829429160e-02,1.557613735756820626e-02,4.273852458034291257e-02,3.142785252992415929e-02,3.390805286301386279e-02,2.410706797186710007e-02,3.339284216580198916e-02,1.345538634811468785e-02,1.091527779441895003e-02,3.442326356022573641e-02,5.329435305112567578e-02,5.730820383172979121e-02,2.047662980314158762e-02,8.479409544577706792e-02,1.026347635422532739e-01,1.086974754675836680e-01,3.015779825307628864e-02,1.467871221288985228e-01,7.445393656917602410e-02,1.243814476222427218e-01,8.401528857789865301e-02,1.727393632954314084e-01,5.318651825403481609e-02,5.196439055367177429e-02,4.394867063658475237e-02,2.578449814883598465e-02,5.853033153209283301e-02,6.801979367608823601e-02,8.896370759995686495e-02,6.286768670396951364e-02,1.602305268328920174e-01,1.733264638573705219e-01,5.182061082421730164e-02,1.236745306190915467e-01,3.689867123566695772e-01,1.565761253759240801e-01,2.072944249409904016e-01,1.658738812139801955e-01,3.598087729598255236e-02,1.119564826685517794e-01
6.446124537208996162e-03,1.127472711805514033e-02,9.153976108601621919e-03,4.960400666179413075e-03,1.731347575514311996e-02,2.293286684798888017e-02,2.282503205089802395e-02,0.000000000000000000e+00,3.051724757671247720e-02,1.781670480823378463e-02,2.211811504774685230e-02,1.467751404847773139e-02,3.826937132313296130e-02,9.717113382298319182e-03,7.452582643390326389e-03,8.782545140844226148e-03,6.518014401936233354e-03,1.294017565090281770e-02,1.205353398593355004e-02,2.062040953259606374e-02,9.741076670540731869e-03,3.429146547489246577e-02,3.100849498568193641e-02,1.329962497453900626e-02,3.034950455901558666e-02,6.142988940942475939e-02,3.575322605767963791e-02,5.337822455997411758e-02,3.890439846155689663e-02,9.621260229328668437e-03,2.640754364313871103e-02,1.062771833550999953e-02,7.464564287511532732e-03,1.171804795053977243e-02,6.601885910784677756e-03,9.561352008722637588e-03,4.193575442422208845e-03,3.630438168725512449e-03,9.812966535267969928e-03,7.344747846299469300e-03,7.859958543511340323e-03,5.619391092845760216e-03,7.608344016966007983e-03,3.139190759756053679e-03,2.528126909574531910e-03,7.847976899390134847e-03,1.220929535950923163e-02,1.325169839805418089e-02,4.768694360240112451e-03,1.947017169696025826e-02,2.356789398641281549e-02,2.493380141623033341e-02,6.985298522663279872e-03,3.389607121889265384e-02,1.658259546374953736e-02,2.837253327901654784e-02,1.918261223805130603e-02,3.986292999125339714e-02,1.217335042714561347e-02,1.213740549478199357e-02,1.006458106181330227e-02,5.787134110542649021e-03,1.338349648338744979e-02,1.536046776338649208e-02,2.032086842956590603e-02,1.471345898084135129e-02,3.701129869040629961e-02,4.009058122955631853e-02,1.184984603587304307e-02,2.828866177016810257e-02,8.529732449886773260e-02,3.554953810761912747e-02,4.738740249937096333e-02,3.801775679658762896e-02,8.063646493571847290e-03,2.573657157235115928e-02
3.720300499634560110e-02,6.537185032530164197e-02,5.315057332167120313e-02,2.860018451731946576e-02,1.016402870801931396e-01,1.334755155102383128e-01,1.335593870190867616e-01,3.051724757671247720e-02,0.000000000000000000e+00,1.046476797546159326e-01,1.302883981739974273e-01,8.399132528965624900e-02,2.230263236721342912e-01,5.833862522615353152e-02,4.316986376870634440e-02,5.183259246833850364e-02,3.858089407028432449e-02,7.580786235487232960e-02,7.117096607996549473e-02,1.207629910976384113e-01,5.565473694300331758e-02,2.023100609865685906e-01,1.800242029211248374e-01,7.628712811972059027e-02,1.776039108086411578e-01,3.579156731886749543e-01,2.078575622146870971e-01,3.124573153928181801e-01,2.272198991145565061e-01,5.741603862882064396e-02,1.547189705371370960e-01,6.187321024190939323e-02,4.221133223900983694e-02,6.742071147002791365e-02,3.794586693186038917e-02,5.691280957572997928e-02,2.407112303950348017e-02,2.056050131199003289e-02,5.603814955488192057e-02,4.228322210373707674e-02,4.523070655755382502e-02,3.184721007416637523e-02,4.503900025161452353e-02,1.781670480823378463e-02,1.470147733672014408e-02,4.608140329015947279e-02,7.179401157426822111e-02,7.743736595535639922e-02,2.723427708750194784e-02,1.129389774864906909e-01,1.384239345322965109e-01,1.450857286636872412e-01,4.010256287367752748e-02,1.972777704556619160e-01,9.791399575849797643e-02,1.670361006937371995e-01,1.113933453948550839e-01,2.309461904362516693e-01,7.163825020069253258e-02,6.963731563245108280e-02,5.891374414397143600e-02,3.423155725428643492e-02,7.814428295850756045e-02,9.134805478007691770e-02,1.203076886210325824e-01,8.390745378080780026e-02,2.160050802171074036e-01,2.337618768047351470e-01,6.884652712045147283e-02,1.656941565521620752e-01,4.946501958998814064e-01,2.111285510597764314e-01,2.791603263799858348e-01,2.229065072309222295e-01,4.864547513209762503e-02,1.499742394651394084e-01
2.228585806544373937e-02,3.884449024095086578e-02,3.123614622398485433e-02,1.697798971974934235e-02,6.098656857694012556e-02,7.815626460262876940e-02,7.901894297935563305e-02,1.781670480823378463e-02,1.046476797546159326e-01,0.000000000000000000e+00,7.859958543511340323e-02,5.038281352967254045e-02,1.321455530127844114e-01,3.489054768095278120e-02,2.487389319562430257e-02,3.098453169743952199e-02,2.294484849211008565e-02,4.505098189573573247e-02,4.230718539197948769e-02,7.160230526832891962e-02,3.274583338325685183e-02,1.182827907645487148e-01,1.050071290782521177e-01,4.458369777500868769e-02,1.045877715340099018e-01,2.094271575945651220e-01,1.223206048333952412e-01,1.855597225051221488e-01,1.341944141575106830e-01,3.384814464240783194e-02,9.155174273013742814e-02,3.630438168725512449e-02,2.516145265453325480e-02,4.025832424725320907e-02,2.236972957429218464e-02,3.407579588071075333e-02,1.434202801308395551e-02,1.229316686835767690e-02,3.309330106277183492e-02,2.504163621332119311e-02,2.703058913744144087e-02,1.893099771150597369e-02,2.673104803441128316e-02,1.071158984435844307e-02,8.590838834904926391e-03,2.754579983465331103e-02,4.224727717137345684e-02,4.515881669282659217e-02,1.629503600484058512e-02,6.807970189669426686e-02,8.030097890032469876e-02,8.623189274032182217e-02,2.368771042762487719e-02,1.154910676843076411e-01,5.935706497645606983e-02,9.878865577934603515e-02,6.683361090808881411e-02,1.367824492876912601e-01,4.252285498616120013e-02,4.061777357088939416e-02,3.485460274858916130e-02,2.054851966786882395e-02,4.593762356070500014e-02,5.421693964845856334e-02,7.071566360335965196e-02,4.975976803536981408e-02,1.270773175495141516e-01,1.363870550316914620e-01,4.108505769161644589e-02,9.719509711122560625e-02,2.916811444866464487e-01,1.232192281424857178e-01,1.651909274990714105e-01,1.313907094331484282e-01,2.864811109380429113e-02,8.898767088819928284e-02
2.777345107295623242e-02,4.816620936724937130e-02,3.900025161452654737e-02,2.093193227974742693e-02,7.566408262541786389e-02,9.749463821425576049e-02,9.853704125280070281e-02,2.211811504774685230e-02,1.302883981739974273e-01,7.859958543511340323e-02,0.000000000000000000e+00,6.295155821281796238e-02,1.649992211931321229e-01,4.354129473646373844e-02,3.117623800337882348e-02,3.876061873210241704e-02,2.870801931441032198e-02,5.618192928433639322e-02,5.270725248918656930e-02,8.927523034710822813e-02,4.092929631804076429e-02,1.479253783204131367e-01,1.313427828566635924e-01,5.590635146954864992e-02,1.304681228358155198e-01,2.612837133511460297e-01,1.526341644600472114e-01,2.317609422364936833e-01,1.676351828997975080e-01,4.260672649500964193e-02,1.143528114927930411e-01,4.530259642228106481e-02,3.130803608871209065e-02,4.987958447658187577e-02,2.779741436119864337e-02,4.240303854494913843e-02,1.772085165526413389e-02,1.527659625453804855e-02,4.091731467391955535e-02,3.091264183271228566e-02,3.362049340410491055e-02,2.350798576580678464e-02,3.348869531877163991e-02,1.327566168629659357e-02,1.084338792969171197e-02,3.449515342495296927e-02,5.306670181282275439e-02,5.666119504918464694e-02,2.021303363247504981e-02,8.449455434274691368e-02,1.010651681623752352e-01,1.072237332406752869e-01,2.953475275877355880e-02,1.442709768634451994e-01,7.360323983657036939e-02,1.235547141778794850e-01,8.303279375995974154e-02,1.698997136387055129e-01,5.313859167754999419e-02,5.070631792094511259e-02,4.369705611003942003e-02,2.550892033404823789e-02,5.742802027294185291e-02,6.787601394663375642e-02,8.862822156456308387e-02,6.200500832724266387e-02,1.594517199650135886e-01,1.713375109332502533e-01,5.119756532991456832e-02,1.219491738656378471e-01,3.652484393908532190e-01,1.549346401313188293e-01,2.058686092905668563e-01,1.641125795281628552e-01,3.607673044895220310e-02,1.110818226477037207e-01
1.835587879368806921e-02,3.141587088580295034e-02,2.535315896047255629e-02,1.389870718059932168e-02,4.901690609985501906e-02,6.264003546566659919e-02,6.359856699536310665e-02,1.467751404847773139e-02,8.399132528965624900e-02,5.038281352967254045e-02,6.295155821281796238e-02,0.000000000000000000e+00,1.069960820023723724e-01,2.798912066713794486e-02,2.051257473550520752e-02,2.464624195732138465e-02,1.837984208193048363e-02,3.625645511077030259e-02,3.406381423658954438e-02,5.741603862882064396e-02,2.695869927271420108e-02,9.496651130468122814e-02,8.545308587244342113e-02,3.646014306083080608e-02,8.431482968092882113e-02,1.704269059800385677e-01,9.836929823510381921e-02,1.495069553444123567e-01,1.078947053114628352e-01,2.698266256095661550e-02,7.389079929547932857e-02,2.961862426762200406e-02,2.042870322665676225e-02,3.303339284216580407e-02,1.845173194665771996e-02,2.722229544338074236e-02,1.164615808581253437e-02,1.002863612944968237e-02,2.692275434035058118e-02,2.044068487077796772e-02,2.214207833598926325e-02,1.560010064581061895e-02,2.112363858568672842e-02,8.722636920238195299e-03,7.057188387390517931e-03,2.250152765962545529e-02,3.393201615125627374e-02,3.675968416386096727e-02,1.321575346569056272e-02,5.432477444554941609e-02,6.479673140748373750e-02,6.972118714129953154e-02,1.931441032338457320e-02,9.316926468650027493e-02,4.727956770228010364e-02,7.954613532068870174e-02,5.428882951318579619e-02,1.103629240004313367e-01,3.382418135416542099e-02,3.357256682762008865e-02,2.785732258180467422e-02,1.635494422544661597e-02,3.711913348749715236e-02,4.342147829525167674e-02,5.686488299924515738e-02,4.074957165622266481e-02,1.024430572363139724e-01,1.108661530535220013e-01,3.339284216580198916e-02,7.803644816141670770e-02,2.375600579911575361e-01,9.923197661183066898e-02,1.323013143863600860e-01,1.061214219815242998e-01,2.278908711853440405e-02,7.185391979487425196e-02
4.677633864918943896e-02,8.195444578905117239e-02,6.624651034614970069e-02,3.601682222834617225e-02,1.284072800469680531e-01,1.676471645439187030e-01,1.664729634200405040e-01,3.826937132313296130e-02,2.230263236721342912e-01,1.321455530127844114e-01,1.649992211931321229e-01,1.069960820023723724e-01,0.000000000000000000e+00,7.265668995099507088e-02,5.335426127173170663e-02,6.519212566348354942e-02,4.841782389379470364e-02,9.539785049304465303e-02,8.844849690274499132e-02,1.508249361977450631e-01,7.002072824432968579e-02,2.508477013215753559e-01,2.241406165754064872e-01,9.495452966056001920e-02,2.213488934951653997e-01,4.449862810174812222e-01,2.599178059213285152e-01,3.931536885491427324e-01,2.850792585758618047e-01,7.171014006541977237e-02,1.940547081870574175e-01,7.819220953499239624e-02,5.321048154227723398e-02,8.551299409304945198e-02,4.810630114664334045e-02,7.123087430057152558e-02,3.038544949137920656e-02,2.620385569307820406e-02,7.120691101232910769e-02,5.282706893039863100e-02,5.712847916991169867e-02,4.036615904434406182e-02,5.591833311366985887e-02,2.257341752435269161e-02,1.840380537017289458e-02,5.788332274954769568e-02,8.931117527947185497e-02,9.596098776674134856e-02,3.433939205137728767e-02,1.428691245012640720e-01,1.716250703921592125e-01,1.823606235247600682e-01,5.068235463270270164e-02,2.460550436730928325e-01,1.246929703693940850e-01,2.087202405914139469e-01,1.415391620038101705e-01,2.895723751213141739e-01,8.860425827632067985e-02,8.721438755826074751e-02,7.310001078347970471e-02,4.301410239513066280e-02,9.760247301134661324e-02,1.139334539485508252e-01,1.494710104120487437e-01,1.058218808784941456e-01,2.690478187416877609e-01,2.912977318747678734e-01,8.725033249062436047e-02,2.070547920585662782e-01,6.214998622110926574e-01,2.616311810306610197e-01,3.468805789530439165e-01,2.778064005942895709e-01,5.978840416481949471e-02,1.874048956997879378e-01
1.223325864775164432e-02,2.132732653574723539e-02,1.738536561987035975e-02,9.297755838056098038e-03,3.330897065695354736e-02,4.390074406009992353e-02,4.348138651585770759e-02,9.717113382298319182e-03,5.833862522615353152e-02,3.489054768095278120e-02,4.354129473646373844e-02,2.798912066713794486e-02,7.265668995099507088e-02,0.000000000000000000e+00,1.383879895999329084e-02,1.713375109332502741e-02,1.268856112435748362e-02,2.481398497501827172e-02,2.372365535998849709e-02,3.915601298810222897e-02,1.805633769065791150e-02,6.544374019002888176e-02,5.821880878494146982e-02,2.496974634859395331e-02,5.751189178179029471e-02,1.153952145313379835e-01,6.773223421717927684e-02,1.025988186098896471e-01,7.468158780747893855e-02,1.882316291441511746e-02,5.079018942979355439e-02,2.020105198835384086e-02,1.380285402762967094e-02,2.215405998011047220e-02,1.240100166544853312e-02,1.853560345550616523e-02,7.835995255268927637e-03,6.889445369693629126e-03,1.831993386132444931e-02,1.364709265405398934e-02,1.504894501623512716e-02,1.054384682666155426e-02,1.472544062496255676e-02,5.906950551754711586e-03,4.828602580846143300e-03,1.520470638981081049e-02,2.336420603635230853e-02,2.536514060459376177e-02,8.974251446783527639e-03,3.704724362276991950e-02,4.475144079270557823e-02,4.736343921112855238e-02,1.309593702447849929e-02,6.376631001305999025e-02,3.263799858616599214e-02,5.497178322809456036e-02,3.702328033452750161e-02,7.510094535172116836e-02,2.330429781574627768e-02,2.260936245671631151e-02,1.947017169696025826e-02,1.134661698278237665e-02,2.582044308119960108e-02,3.032554127077317571e-02,3.932375600579911257e-02,2.748589161404728018e-02,7.027234277087501813e-02,7.598758701669043603e-02,2.281305040677681847e-02,5.426486622494338524e-02,1.620038101628305527e-01,6.924192137645127088e-02,9.060519284456212963e-02,7.244102035681336538e-02,1.591162339296198214e-02,4.932842884700638919e-02
9.297755838056098038e-03,1.568397215465906075e-02,1.301206551563005402e-02,6.901427013814835469e-03,2.457435209259414485e-02,3.221864104192377620e-02,3.194306322713602597e-02,7.452582643390326389e-03,4.316986376870634440e-02,2.487389319562430257e-02,3.117623800337882348e-02,2.051257473550520752e-02,5.335426127173170663e-02,1.383879895999329084e-02,0.000000000000000000e+00,1.194569918884269381e-02,9.201902685086447292e-03,1.812822755538515129e-02,1.719365931393105826e-02,2.917530343513737023e-02,1.381483567175087815e-02,4.892105294688536832e-02,4.363714788943338918e-02,1.927846539102095677e-02,4.270257964797929268e-02,8.879596458225998135e-02,4.997543762955152652e-02,7.415439546614586985e-02,5.505565473694300216e-02,1.350331292459951323e-02,3.690346389331543991e-02,1.452175267490204980e-02,1.002863612944968237e-02,1.605540312241645826e-02,9.153976108601621919e-03,1.326368004217538810e-02,5.631372736966966559e-03,4.900492445573381359e-03,1.350331292459951323e-02,1.002863612944968237e-02,1.090329615029774456e-02,7.895903475874960220e-03,1.044799367369190352e-02,4.217538730664621531e-03,3.486658439271036764e-03,1.128670876217634580e-02,1.713375109332502741e-02,1.920657552629371698e-02,6.398197960724170789e-03,2.681491954325972496e-02,3.300942955392338618e-02,3.469884137501347970e-02,9.645223517571081123e-03,4.694408166688632950e-02,2.311259150980697619e-02,4.041408562082889067e-02,2.718635051101712247e-02,5.516348953403386185e-02,1.703789794035537666e-02,1.827200728483962741e-02,1.397059704532655974e-02,8.195444578905117933e-03,1.889505277914235379e-02,2.203424353889840703e-02,2.899557877331927422e-02,2.076418926205053986e-02,5.221600508021710663e-02,5.658930518445741409e-02,1.666646697259797916e-02,3.983896670301098619e-02,1.211224404212746103e-01,5.087406093864200313e-02,6.646217994033140619e-02,5.333029798348929568e-02,1.149039671223685277e-02,3.606474880483100109e-02
1.077149806496447391e-02,1.909874072920286076e-02,1.545632091635614283e-02,8.267334443632355992e-03,2.960664262350079512e-02,3.907214147925378023e-02,3.854494913792070460e-02,8.782545140844226148e-03,5.183259246833850364e-02,3.098453169743952199e-02,3.876061873210241704e-02,2.464624195732138465e-02,6.519212566348354942e-02,1.713375109332502741e-02,1.194569918884269381e-02,0.000000000000000000e+00,1.138256191514599655e-02,2.205820682714082145e-02,2.088400570326260156e-02,3.527396029283138418e-02,1.566000886641664980e-02,5.826673536142629173e-02,5.206024370664142503e-02,2.172272079174704384e-02,5.152106972118714046e-02,1.021794610656474311e-01,6.073495405039479322e-02,9.182732054492517837e-02,6.635434514324055344e-02,1.675033848144642443e-02,4.509890847222056132e-02,1.788859467296102443e-02,1.243694659781215128e-02,1.982962102059644682e-02,1.103509423563101347e-02,1.671439354908280453e-02,7.021243455026898901e-03,6.158565078300043925e-03,1.622314614011334533e-02,1.223325864775164432e-02,1.334755155102383163e-02,9.249829261571272665e-03,1.310791866859970477e-02,5.259941769209570787e-03,4.301410239513065933e-03,1.350331292459951323e-02,2.084806077089898166e-02,2.250152765962545529e-02,8.063646493571847290e-03,3.303339284216580407e-02,3.995878314422304789e-02,4.217538730664621704e-02,1.171804795053977243e-02,5.708055259342686982e-02,2.913935850277375034e-02,4.848971375852194343e-02,3.256610872143875929e-02,6.725296845233103005e-02,2.074022597380812544e-02,1.953007991756628911e-02,1.734942068750673985e-02,1.004061777357088958e-02,2.274116054204957868e-02,2.697068091683540655e-02,3.523801536046776428e-02,2.408310468362468565e-02,6.266399875390901708e-02,6.801979367608823601e-02,2.016510705599022443e-02,4.780676004361318621e-02,1.433963168425971546e-01,6.147781598590958824e-02,8.074429973280933259e-02,6.478474976336252855e-02,1.405446855417500328e-02,4.396065228070596131e-02
8.075628137693054501e-03,1.427013814835671746e-02,1.145445177987323461e-02,6.158565078300043925e-03,2.221396820071650305e-02,2.873198260265273640e-02,2.905548699392530507e-02,6.518014401936233354e-03,3.858089407028432449e-02,2.294484849211008565e-02,2.870801931441032198e-02,1.837984208193048363e-02,4.841782389379470364e-02,1.268856112435748362e-02,9.201902685086447292e-03,1.138256191514599655e-02,0.000000000000000000e+00,1.646277902253747219e-02,1.564802722229544432e-02,2.632367213429026576e-02,1.187380932411545575e-02,4.384083583949389268e-02,3.872467379973879714e-02,1.653466888726471198e-02,3.859287571440553344e-02,7.741340266711398133e-02,4.521872491343262301e-02,6.799583038784581812e-02,4.940031871173362205e-02,1.256874468314542193e-02,3.369238326883215034e-02,1.331160661866021173e-02,9.189921040965241816e-03,1.464156911611411323e-02,8.171481290662705246e-03,1.238902002132732591e-02,5.200033548603539071e-03,4.469153257209954738e-03,1.211344220653958088e-02,9.130012820359209233e-03,9.800984891146762717e-03,6.865482081451216440e-03,9.920801332358826150e-03,3.906015983513257475e-03,3.151172403877260022e-03,1.004061777357088958e-02,1.574388037526509507e-02,1.676232012556762990e-02,5.966858772360743302e-03,2.494578306035154236e-02,2.994212865889457273e-02,3.149974239465139214e-02,8.698673631995782612e-03,4.257078156264602897e-02,2.161488599465618762e-02,3.648410634907321703e-02,2.428679263368519262e-02,5.013119900312720811e-02,1.574388037526509507e-02,1.497705515150788910e-02,1.294017565090281770e-02,7.524472508117563581e-03,1.694204478738572592e-02,2.006925390302057369e-02,2.627574555780544038e-02,1.821209906423359309e-02,4.702795317573477130e-02,5.049064832676340014e-02,1.498903679562909631e-02,3.601682222834617225e-02,1.075831825643114720e-01,4.575789889888690759e-02,6.083080720336444397e-02,4.833395238494626184e-02,1.067564491199482317e-02,3.267394351852961204e-02
1.600747654593163288e-02,2.792921244653191401e-02,2.264530738907992793e-02,1.214938713890320078e-02,4.334958843052443694e-02,5.663723176094223599e-02,5.674506655803309568e-02,1.294017565090281770e-02,7.580786235487232960e-02,4.505098189573573247e-02,5.618192928433639322e-02,3.625645511077030259e-02,9.539785049304465303e-02,2.481398497501827172e-02,1.812822755538515129e-02,2.205820682714082145e-02,1.646277902253747219e-02,0.000000000000000000e+00,3.050526593259127173e-02,5.165286780652041110e-02,2.348402247756437022e-02,8.563281053426151368e-02,7.631109140796299428e-02,3.248223721259031055e-02,7.548435796359977135e-02,1.517235595068355258e-01,8.866416649692671070e-02,1.337990199015108850e-01,9.713518889061957540e-02,2.440660907489725778e-02,6.597093253136195046e-02,2.608403925186614236e-02,1.818813577599118214e-02,2.897161548507686327e-02,1.619918285187093437e-02,2.419093948071554534e-02,1.023232407951019107e-02,8.926324870298702266e-03,2.380752686883694236e-02,1.788859467296102443e-02,1.943422676459663836e-02,1.367105594229640203e-02,1.914666730568768613e-02,7.656270593450833356e-03,6.254418231269694671e-03,1.974574951174800155e-02,3.063706401792453890e-02,3.321311750398389662e-02,1.169408466229735974e-02,4.856160362324918323e-02,5.859023975269886386e-02,6.182528366542457132e-02,1.718167766980985278e-02,8.346413294832316643e-02,4.217538730664621704e-02,7.119492936820789875e-02,4.795053977306765886e-02,9.840524316746744604e-02,3.048130264434885731e-02,2.964258755586441502e-02,2.522136087513928565e-02,1.466553240435652591e-02,3.316519092749907471e-02,3.927582942931429066e-02,5.134134505936904791e-02,3.581313427828566875e-02,9.204299013910688387e-02,9.975916895316375155e-02,2.959466097937958964e-02,7.016450797378416537e-02,2.117635781982003529e-01,8.961071638250200921e-02,1.183666622733971496e-01,9.469093348989347791e-02,2.060842788847485479e-02,6.422161248966583302e-02
1.512083488096236522e-02,2.628772720192664933e-02,2.143516133283809161e-02,1.135859862690358386e-02,4.050993877379854141e-02,5.360587579827703897e-02,5.299481194809551460e-02,1.205353398593355004e-02,7.117096607996549473e-02,4.230718539197948769e-02,5.270725248918656930e-02,3.406381423658954438e-02,8.844849690274499132e-02,2.372365535998849709e-02,1.719365931393105826e-02,2.088400570326260156e-02,1.564802722229544432e-02,3.050526593259127173e-02,0.000000000000000000e+00,4.876529157330968672e-02,2.198631696241358166e-02,8.100789590347587388e-02,7.156636033596530666e-02,3.078084374737901502e-02,7.096727812990498430e-02,1.428211979247792363e-01,8.345215130420195748e-02,1.252441259989695854e-01,9.122823833886485601e-02,2.310060986568577071e-02,6.229256778615161610e-02,2.404715975126106922e-02,1.695402643150693139e-02,2.712644229041109162e-02,1.509687159271995253e-02,2.282503205089802395e-02,9.501443788116605005e-03,8.327242664238386841e-03,2.183055558883790007e-02,1.691808149914331150e-02,1.845173194665771996e-02,1.289224907441799232e-02,1.810426426714273687e-02,7.165023184481374152e-03,5.894968907633505242e-03,1.860749332023340155e-02,2.899557877331927422e-02,3.151172403877260109e-02,1.091527779441895003e-02,4.483531230155402003e-02,5.494781993985214941e-02,5.758378164651753450e-02,1.589964174884077666e-02,7.857562214687099922e-02,3.933573764992032151e-02,6.727693174057344794e-02,4.479936736919040013e-02,9.207893507147051071e-02,2.876792753501635630e-02,2.779741436119864337e-02,2.395130659829141848e-02,1.381483567175087815e-02,3.128407280046967970e-02,3.739471130228490259e-02,4.874132828506727577e-02,3.346473203052922896e-02,8.691484645523059327e-02,9.327709948359114156e-02,2.762967134350175630e-02,6.581517115778627580e-02,1.978768526617222523e-01,8.523741627826170175e-02,1.116090149890367894e-01,8.935910185595667687e-02,1.988952924120247767e-02,6.073495405039479322e-02
2.536514060459376177e-02,4.445189968967541705e-02,3.622051017840668269e-02,1.925450210277854235e-02,6.829537149087597236e-02,9.041348653862282814e-02,8.982638597668371472e-02,2.062040953259606374e-02,1.207629910976384113e-01,7.160230526832891962e-02,8.927523034710822813e-02,5.741603862882064396e-02,1.508249361977450631e-01,3.915601298810222897e-02,2.917530343513737023e-02,3.527396029283138418e-02,2.632367213429026576e-02,5.165286780652041110e-02,4.876529157330968672e-02,0.000000000000000000e+00,3.739471130228490259e-02,1.372976599849031198e-01,1.218173757803045765e-01,5.168881273888403100e-02,1.203795784857598222e-01,2.428559446927307242e-01,1.418746480392039377e-01,2.123267154718970484e-01,1.540959250428343696e-01,3.894034339392051652e-02,1.050430740106157307e-01,4.100118618276799715e-02,2.857622122907705481e-02,4.578186218712931854e-02,2.561675513113909411e-02,3.820946310252693046e-02,1.618720120774972890e-02,1.410239513065982865e-02,3.737074801404248470e-02,2.831262505841051352e-02,3.076886210325780954e-02,2.169875750350462942e-02,3.056517415319730258e-02,1.214938713890320078e-02,9.956746264722446046e-03,3.129605444459088864e-02,4.898096116749140611e-02,5.289895879512586385e-02,1.848767687902133985e-02,7.665855908747798431e-02,9.327709948359114156e-02,9.777021602904351072e-02,2.711446064628988267e-02,1.335474053749655665e-01,6.677370268748278326e-02,1.137417476426115237e-01,7.575993577838750770e-02,1.562046944081666999e-01,4.856160362324918323e-02,4.749523729646182302e-02,4.024634260313200013e-02,2.334024274810989411e-02,5.307868345694396334e-02,6.268796204215142109e-02,8.246965648626304601e-02,5.693677286397239717e-02,1.473862043349588313e-01,1.587448029618624135e-01,4.694408166688632950e-02,1.121841339068546939e-01,3.368998694000790994e-01,1.436359497250212780e-01,1.883993721618480444e-01,1.511244773007752173e-01,3.321311750398389662e-02,1.021674794215262222e-01
1.186182767999424854e-02,2.044068487077796772e-02,1.659457710787074283e-02,9.082086243874383860e-03,3.229053090665100906e-02,4.136063550640418918e-02,4.163621332119193247e-02,9.741076670540731869e-03,5.565473694300331758e-02,3.274583338325685183e-02,4.092929631804076429e-02,2.695869927271420108e-02,7.002072824432968579e-02,1.805633769065791150e-02,1.381483567175087815e-02,1.566000886641664980e-02,1.187380932411545575e-02,2.348402247756437022e-02,2.198631696241358166e-02,3.739471130228490259e-02,0.000000000000000000e+00,6.217275134493955441e-02,5.612202106373036237e-02,2.428679263368519262e-02,5.518745282227627280e-02,1.125196199422484750e-01,6.410179604845377133e-02,9.705131738177112666e-02,7.076359017984447386e-02,1.732545739926432543e-02,4.781874168773438821e-02,1.956602484992990901e-02,1.344340470399348238e-02,2.124345502689879012e-02,1.206551563005475551e-02,1.751716370520362692e-02,7.620325661087214326e-03,6.506032757815027011e-03,1.800841111417308613e-02,1.322773510981176820e-02,1.427013814835671746e-02,1.025628736775260376e-02,1.362312936581157666e-02,5.667317669330585589e-03,4.576988054300810960e-03,1.446184445429601895e-02,2.202226189477720156e-02,2.405914139538227470e-02,8.494985681935275645e-03,3.540575837816465482e-02,4.277446951270653247e-02,4.566204574591725684e-02,1.270054276847869083e-02,6.123818310348545790e-02,3.073291717089418965e-02,5.200033548603539418e-02,3.557350139586153842e-02,7.226129569499527283e-02,2.190244545356513986e-02,2.269323396556475331e-02,1.805633769065791150e-02,1.068762655611603038e-02,2.434670085429122693e-02,2.804902888774397571e-02,3.672373923149734737e-02,2.677897461089610853e-02,6.703729885814931067e-02,7.241705706857094749e-02,2.190244545356513986e-02,5.153305136530834940e-02,1.560129881022273846e-01,6.470087825451407981e-02,8.590838834904925003e-02,6.884652712045147283e-02,1.462958747199290602e-02,4.677633864918943896e-02
