0.000000000000000000e+00,1.958510705889827952e-02,1.126183366160493117e-02,7.957938877946503162e-03,2.892496346654806552e-02,3.437321303767711111e-02,3.937670754177520493e-02,8.497998602198360285e-03,4.512675519410382086e-02,2.098290869813838194e-02,2.873435415210623400e-02,1.543935446978842406e-02,5.095622339411652602e-02,1.709130186161763806e-02,1.575703666052481050e-02,1.412097337823241608e-02,8.656839697566554373e-03,1.823495774826863064e-02,2.014105089268695623e-02,4.196581739627676388e-02,1.586822542728254584e-02,5.645212529385602862e-02,4.098100260499396713e-02,1.812376898151089530e-02,3.775652836901963183e-02,9.096829531736451424e-02,5.602325433636190510e-02,7.967469343668594217e-02,5.092445517504289032e-02,1.335853612046508654e-02,3.990088315649024941e-02,1.621767583709257318e-02,9.419276955333883913e-03,1.963275938750873653e-02,1.045174407522714288e-02,1.844145117224728347e-02,8.148548192388334679e-03,5.797699980939068597e-03,1.458161255480017876e-02,1.046762818476396247e-02,1.539170214117796531e-02,9.578118050702078001e-03,1.572526844145117134e-02,4.939958065950822430e-03,4.526971217993519363e-03,8.577419149882458196e-03,1.458161255480017876e-02,2.047461719296016225e-02,8.768028464324289714e-03,2.496982019188004331e-02,3.802655823114556299e-02,4.234703602516042692e-02,8.783912573861109296e-03,3.966262151343795395e-02,2.333375690958764889e-02,4.052036342842620098e-02,2.673295635046699439e-02,5.818349323336934054e-02,1.923565664908825218e-02,1.852087171993137965e-02,1.507401995044157887e-02,7.370226825084185557e-03,1.620179172755575187e-02,1.890209034881504616e-02,3.295952728890018391e-02,1.906093144418323851e-02,5.557849926933096374e-02,6.012135459686129835e-02,1.666243090412351455e-02,3.905902535103882023e-02,1.100451108710845671e-01,6.177330198869051409e-02,7.367050003176821293e-02,4.549208971345066604e-02,1.259609886269775700e-02,4.137810534341444801e-02
1.958510705889827952e-02,0.000000000000000000e+00,2.199949170849482133e-02,1.583645720820890668e-02,5.711925789440244067e-02,6.709447868352499955e-02,7.765741152550988124e-02,1.626532816570303019e-02,9.128597750810089895e-02,4.180697630090857153e-02,5.899358281974712709e-02,3.008450346273587941e-02,1.017059533642544061e-01,3.445263358536120729e-02,3.118050702077641498e-02,2.760658237499205928e-02,1.764724569540631477e-02,3.664464070144227842e-02,3.986911493741660678e-02,8.399517123070081304e-02,3.071986784420865230e-02,1.137778766122371221e-01,8.275621068682889603e-02,3.537391193849672572e-02,7.598958002414384072e-02,1.806658618717834619e-01,1.126659889446597618e-01,1.586346019442149979e-01,1.020554037740644265e-01,2.714594319842429659e-02,7.864222631679268494e-02,3.121227523985005414e-02,1.839379884363682646e-02,3.775652836901963183e-02,1.985513692102420721e-02,3.637461083931634725e-02,1.597941419404028118e-02,1.123006544253129201e-02,2.784484401804434781e-02,2.006163034500286005e-02,2.911557278098989704e-02,1.790139144799542462e-02,3.119639113031323630e-02,9.594002160238897584e-03,8.609187368956095626e-03,1.604295063218755951e-02,2.935383442404218904e-02,4.023444945676345197e-02,1.715483829976491639e-02,4.970137874070779810e-02,7.605311646229112599e-02,8.375690958764851757e-02,1.690069254717580655e-02,7.872164686447677417e-02,4.592096067094478956e-02,7.965880932714912432e-02,5.175042887095749472e-02,1.159857678378550111e-01,3.907490946057563808e-02,3.597750810089586637e-02,3.035453332486180711e-02,1.477222186924201028e-02,3.160937797827053503e-02,3.745473028782006497e-02,6.499777622466484939e-02,3.756591905457780378e-02,1.104898659381155085e-01,1.183525001588410924e-01,3.249888811233242469e-02,7.772094796365715264e-02,2.162621513437956722e-01,1.218311201474045341e-01,1.485799606074083568e-01,9.152423915115318054e-02,2.571637334011055501e-02,8.270855835821844249e-02
1.126183366160493117e-02,2.199949170849482133e-02,0.000000000000000000e+00,8.831564902471568043e-03,3.216532181205921520e-02,3.836012453141876555e-02,4.379248999301098982e-02,9.355740517186607319e-03,5.130567380392655336e-02,2.336552512866128806e-02,3.246711989325878206e-02,1.699599720439672057e-02,5.670627104644513500e-02,1.914035199186733469e-02,1.744075227142766540e-02,1.569350022237753217e-02,9.800495584217548684e-03,2.037931253573924475e-02,2.239659444691530568e-02,4.768409682953173717e-02,1.737721583328038708e-02,6.420357074782387374e-02,4.609568587584979976e-02,2.015693500222377407e-02,4.248999301099180143e-02,1.020871719931380622e-01,6.331406061376199101e-02,8.907808628248300997e-02,5.743694008513882537e-02,1.499459940275748096e-02,4.457081136031514068e-02,1.772666624309041095e-02,1.057881695152169781e-02,2.168180951775843315e-02,1.153186352373085886e-02,2.034754431666560906e-02,8.990405997839760396e-03,6.401296143338204049e-03,1.577292077006163182e-02,1.143655886650994311e-02,1.680538788995488905e-02,1.032467119893258796e-02,1.747252049050130110e-02,5.448249571129042124e-03,4.939958065950822430e-03,9.276319969502509408e-03,1.634474871338712637e-02,2.287311773301988621e-02,9.625770379312535013e-03,2.773365525128661246e-02,4.303005273524366375e-02,4.708050066713260345e-02,9.736959146070272089e-03,4.460257957938877638e-02,2.608170785945740019e-02,4.499968231780926420e-02,2.916322510960035752e-02,6.496600800559119981e-02,2.172946184636889363e-02,2.028400787851833073e-02,1.707541775208081675e-02,8.323273397293348350e-03,1.812376898151089530e-02,2.130059088887477012e-02,3.700997522078912361e-02,2.095114047906474278e-02,6.278988499904694653e-02,6.704682635491454601e-02,1.850498761039456180e-02,4.384014232162145031e-02,1.225141368574877709e-01,6.904822415655378909e-02,8.361395260181714306e-02,5.144863078975792786e-02,1.434335091174788676e-02,4.644513628565982710e-02
7.957938877946503162e-03,1.583645720820890668e-02,8.831564902471568043e-03,0.000000000000000000e+00,2.288900184255670753e-02,2.716182730796111444e-02,3.148230510197598531e-02,6.718978334074591358e-03,3.681936590634728862e-02,1.701188131393354189e-02,2.339729334773492722e-02,1.232606900057182757e-02,4.110807548128851685e-02,1.375563885888557089e-02,1.237372132918228632e-02,1.121418133299447242e-02,7.004892305737340369e-03,1.470868543109473368e-02,1.594764597496664202e-02,3.365842810852023859e-02,1.242137365779274333e-02,4.539678505622974508e-02,3.292775906982654821e-02,1.434335091174788676e-02,3.030688099625135010e-02,7.262214880233813785e-02,4.517440752271427440e-02,6.404472965245568139e-02,4.101277082406760283e-02,1.076942626596352932e-02,3.178410318317555217e-02,1.283436050575004726e-02,7.592604358599657106e-03,1.543935446978842406e-02,8.196200520998793426e-03,1.450219200711608085e-02,6.401296143338204049e-03,4.542855327530338945e-03,1.157951585234131761e-02,8.132664082851515097e-03,1.194485037168816280e-02,7.370226825084185557e-03,1.264375119130821574e-02,4.018679712815299669e-03,3.510388207637079976e-03,6.528369019632758972e-03,1.177012516678315086e-02,1.612237117987165569e-02,7.020776415274159951e-03,2.012516678315013491e-02,3.051337442023000293e-02,3.400787851833025899e-02,6.877819429442785445e-03,3.184763962132283049e-02,1.879090158205731081e-02,3.238769934557468588e-02,2.107821335535929944e-02,4.665162970963847994e-02,1.564584789376707516e-02,1.453396022618972001e-02,1.218311201474045306e-02,5.988309295380900982e-03,1.294554927250778260e-02,1.512167227905203588e-02,2.601817142131012187e-02,1.520109282673613380e-02,4.434843382679967000e-02,4.776351737721583335e-02,1.313615858694961586e-02,3.143465277336552482e-02,8.736260245250651590e-02,4.914543490691911792e-02,5.951775843446216463e-02,3.646991549653726128e-02,1.008640955588029769e-02,3.311836838426837626e-02
2.892496346654806552e-02,5.711925789440244067e-02,3.216532181205921520e-02,2.288900184255670753e-02,0.000000000000000000e+00,9.943452570048923189e-02,1.144608933223203451e-01,2.462036978207001597e-02,1.330770696994726388e-01,6.193214308405870644e-02,8.456699917402629718e-02,4.455492725077832283e-02,1.486593811550924460e-01,4.990787216468645093e-02,4.519029163225109919e-02,4.090158205730986402e-02,2.574814155918419070e-02,5.324353516741851117e-02,5.813584090475888005e-02,1.225300209670245888e-01,4.552385793252430174e-02,1.645752589109854558e-01,1.196232289217866451e-01,5.221106804752525393e-02,1.101245314187686702e-01,2.622625325624245440e-01,1.647182158968168164e-01,2.327022047144036987e-01,1.491676726602706726e-01,3.924963466548065522e-02,1.153821716754558774e-01,4.773174915814219765e-02,2.771777114174979462e-02,5.618209543173009746e-02,3.000508291505178324e-02,5.370417434398627732e-02,2.377851197661859026e-02,1.666243090412351455e-02,4.245822479191816573e-02,2.979858949107313040e-02,4.366541711671644010e-02,2.698710210305610424e-02,4.654044094288074113e-02,1.486752652646292604e-02,1.273905584852913150e-02,2.404854183874452142e-02,4.245822479191816573e-02,5.864413240993709975e-02,2.555753224474235918e-02,7.309867208844272879e-02,1.107440116907046218e-01,1.238166338395069593e-01,2.528750238261643149e-02,1.159381155092445576e-01,6.855581676091238030e-02,1.177012516678315052e-01,7.610076879090157953e-02,1.693246076624944363e-01,5.710337378486562282e-02,5.286231653853484813e-02,4.450727492216786235e-02,2.166592540822161531e-02,4.674693436685939396e-02,5.491136666878454475e-02,9.505051146832708964e-02,5.540377406442594660e-02,1.610331024842747427e-01,1.735338966897515822e-01,4.781116970582629383e-02,1.141590952411207782e-01,3.175392337505559270e-01,1.786962322892178545e-01,2.160874261388906481e-01,1.329182286041044603e-01,3.669229303005273196e-02,1.203062456318698820e-01
3.437321303767711111e-02,6.709447868352499955e-02,3.836012453141876555e-02,2.716182730796111444e-02,9.943452570048923189e-02,0.000000000000000000e+00,1.351420039392591532e-01,2.905203634284261871e-02,1.571732638668276172e-01,7.211385729715992510e-02,9.905330707160556192e-02,5.190926996632568707e-02,1.749634665480653273e-01,5.961306309168307865e-02,5.357710146769172066e-02,4.854183874451998421e-02,3.005273524366224025e-02,6.332994472329880886e-02,6.873054196581739050e-02,1.462132282864222754e-01,5.321176694834487547e-02,1.954380837410254756e-01,1.413844589872291779e-01,6.115382171675455558e-02,1.312027447741279662e-01,3.111379376072177516e-01,1.945326894974267751e-01,2.744297604676281810e-01,1.760118177774953885e-01,4.642925217612300925e-02,1.367304148929411045e-01,5.567380392655187776e-02,3.267361331723743489e-02,6.674502827371497915e-02,3.551686892432810022e-02,6.358409047588792218e-02,2.792426456572844398e-02,1.956922294936145820e-02,4.938369654997140645e-02,3.550098481479128237e-02,5.238579325243027107e-02,3.222885825020649353e-02,5.494313488785818739e-02,1.725014295698583042e-02,1.518520871719931421e-02,2.875023826164305185e-02,4.995552449329690448e-02,7.028718470042569222e-02,3.021157633903043260e-02,8.539297286994090852e-02,1.321081390177266668e-01,1.447201219899612312e-01,3.019569222949361476e-02,1.372228222885825133e-01,8.005591206556959827e-02,1.390812631043903680e-01,8.901454984433572470e-02,1.998220979731876179e-01,6.763453840777686188e-02,6.269458034182603945e-02,5.241756147150390677e-02,2.538280703983734551e-02,5.540377406442594660e-02,6.561725649660080095e-02,1.134760785310375553e-01,6.480716691022300746e-02,1.921977253955143294e-01,2.062551623355994568e-01,5.630916830802465411e-02,1.342207255861236348e-01,3.755638858885571030e-01,2.121005146451489798e-01,2.565919054577800451e-01,1.578721646864476857e-01,4.431666560772603430e-02,1.430205222695215828e-01
3.937670754177520493e-02,7.765741152550988124e-02,4.379248999301098982e-02,3.148230510197598531e-02,1.144608933223203451e-01,1.351420039392591532e-01,0.000000000000000000e+00,3.388080564203570927e-02,1.820477794014867534e-01,8.537708876040409067e-02,1.150962577037931284e-01,6.156680856471186125e-02,2.034595590571192658e-01,6.882584662303831147e-02,6.105851705953364156e-02,5.597560200775144462e-02,3.504034563822352316e-02,7.263803291187495570e-02,7.888048795984496653e-02,1.661477857551305615e-01,6.229747760340555163e-02,2.238547557023953249e-01,1.635427917910921847e-01,7.200266853040218629e-02,1.499936463561852840e-01,3.582819747124976195e-01,2.241247855645212561e-01,3.186034690895228616e-01,2.030624563186987641e-01,5.357710146769172066e-02,1.575385983861744832e-01,6.601435923502128877e-02,3.823305165512421583e-02,7.686320604866890560e-02,4.121926424804625566e-02,7.363873181269457724e-02,3.288010674121608773e-02,2.271427663765169386e-02,5.902535103882076278e-02,4.079039329055213214e-02,5.989897706334582766e-02,3.699409111125230576e-02,6.364762691403519357e-02,2.060169006925471891e-02,1.737721583328038708e-02,3.257830866001652087e-02,5.826291378105343671e-02,8.018298494186415493e-02,3.510388207637080149e-02,9.989516487705699110e-02,1.503430967659953044e-01,1.705317999872927037e-01,3.461147468072939964e-02,1.578403964673740500e-01,9.424042188194929615e-02,1.610013342652010793e-01,1.050892686955969269e-01,2.322097973187623177e-01,7.800686193531990165e-02,7.158968168244488062e-02,6.091556007370226705e-02,2.970328483385221291e-02,6.439418006226571567e-02,7.468708304212465232e-02,1.285183302624055002e-01,7.557659317618654893e-02,2.193913209225490935e-01,2.377533515471122738e-01,6.563314060613761880e-02,1.565220153758180299e-01,4.336203062456318591e-01,2.438846178283245458e-01,2.950791028654933812e-01,1.803005273524366237e-01,4.949488531672914526e-02,1.642258085011754354e-01
8.497998602198360285e-03,1.626532816570303019e-02,9.355740517186607319e-03,6.718978334074591358e-03,2.462036978207001597e-02,2.905203634284261871e-02,3.388080564203570927e-02,0.000000000000000000e+00,3.851896562678696484e-02,1.813965309104771662e-02,2.455683334392274111e-02,1.308850625833915711e-02,4.328419848783277013e-02,1.483575830738928861e-02,1.324734735370735120e-02,1.194485037168816280e-02,7.449647372768282601e-03,1.566173200330389648e-02,1.705953364254399890e-02,3.607281275811678040e-02,1.331088379185462779e-02,4.803354723934176451e-02,3.483385221424487033e-02,1.512167227905203588e-02,3.181587140224918786e-02,7.664082851515344186e-02,4.817650422517313902e-02,6.777749539360823638e-02,4.307770506385411730e-02,1.135713831882584693e-02,3.357900756083614241e-02,1.375563885888557089e-02,8.212084630535613008e-03,1.644005337060804386e-02,8.625071478492915208e-03,1.591587775589300632e-02,7.020776415274159951e-03,4.892305737340364551e-03,1.243725776732956291e-02,8.768028464324289714e-03,1.297731749158142177e-02,7.989707097020140592e-03,1.399390050193786116e-02,4.447550670309422319e-03,3.700997522078912361e-03,7.211385729715992336e-03,1.231018489103500799e-02,1.712307008069127723e-02,7.687909015820572865e-03,2.131647499841158797e-02,3.218120592159603305e-02,3.624753796302179060e-02,7.465531482305102183e-03,3.380138509435161309e-02,2.012516678315013491e-02,3.440498125675074681e-02,2.223775335154711333e-02,4.944723298811868478e-02,1.698011309485990272e-02,1.556642734608297898e-02,1.281847639621322768e-02,6.258339157506830411e-03,1.380329118749602964e-02,1.599529830357710250e-02,2.773365525128661246e-02,1.623355994662939103e-02,4.695342779083804680e-02,5.082915051782196936e-02,1.378740707795921006e-02,3.337251413685748958e-02,9.274731558548827970e-02,5.217929982845161824e-02,6.318698773746743436e-02,3.883664781752334955e-02,1.067412160874261357e-02,3.515153440498125503e-02
4.512675519410382086e-02,9.128597750810089895e-02,5.130567380392655336e-02,3.681936590634728862e-02,1.330770696994726388e-01,1.571732638668276172e-01,1.820477794014867534e-01,3.851896562678696484e-02,0.000000000000000000e+00,9.768727365143910213e-02,1.345384077768600195e-01,7.063663511023572650e-02,2.354660397738102817e-01,7.948408412224410025e-02,7.103373784865620044e-02,6.483893512929665703e-02,4.088569794777304617e-02,8.494821780290996716e-02,9.263612681873054089e-02,1.969947264756337635e-01,7.076370798653026928e-02,2.654870067983988724e-01,1.913399834805260824e-01,8.272444246775526033e-02,1.762659635300845018e-01,4.195469851960099139e-01,2.620242709193722486e-01,3.694485037168816488e-01,2.377215833280386381e-01,6.247220280831056877e-02,1.831437829595272959e-01,7.424232797509371096e-02,4.363364889764279747e-02,8.856979477730478334e-02,4.722345765296397796e-02,8.532943643179363713e-02,3.789948535485100634e-02,2.643115826926742407e-02,6.583963403011627857e-02,4.739818285786898816e-02,6.879407840396467577e-02,4.220407903932905241e-02,7.394052989389414410e-02,2.304784293792489988e-02,2.012516678315013491e-02,3.707351165893640194e-02,6.782514772221868993e-02,9.460575640129614827e-02,4.026621767583709460e-02,1.156522015375818085e-01,1.777908380456191539e-01,1.954221996314886578e-01,4.007560836139525962e-02,1.853675582946819889e-01,1.083772793697185405e-01,1.866065188385539197e-01,1.207510006989008233e-01,2.695533388398246299e-01,9.155600737022683011e-02,8.285151534404981699e-02,7.073193976745663358e-02,3.443674947582438250e-02,7.489357646610331209e-02,8.790266217675836435e-02,1.511055340237626166e-01,8.631425122307644082e-02,2.575131838109155358e-01,2.773842048414765782e-01,7.586250714784929794e-02,1.814441832390876197e-01,5.039869114937416406e-01,2.845797064616557570e-01,3.468771840650612948e-01,2.129741406696740447e-01,5.931126501048351179e-02,1.915782451235783779e-01
2.098290869813838194e-02,4.180697630090857153e-02,2.336552512866128806e-02,1.701188131393354189e-02,6.193214308405870644e-02,7.211385729715992510e-02,8.537708876040409067e-02,1.813965309104771662e-02,9.768727365143910213e-02,0.000000000000000000e+00,6.259927568460511849e-02,3.256242455047970302e-02,1.090920642988753991e-01,3.739119384967278664e-02,3.254654044094287824e-02,2.989389414829404790e-02,1.899739500603596018e-02,3.917021411779655904e-02,4.266471821589681857e-02,8.969756655441896154e-02,3.329309358917339340e-02,1.212592922040790361e-01,8.782324162907427512e-02,3.793125357392464897e-02,8.080246521380012037e-02,1.921183048478302402e-01,1.202427091937225967e-01,1.706906410826609100e-01,1.092350212847067736e-01,2.897261579515852253e-02,8.397928712116398131e-02,3.494504098100260220e-02,2.031577609759196990e-02,4.088569794777304617e-02,2.176123006544253280e-02,4.025033356630026982e-02,1.779020268123768928e-02,1.216722790520363348e-02,3.140288455429188913e-02,2.195183937988436432e-02,3.178410318317555217e-02,1.958510705889827952e-02,3.521507084312853336e-02,1.111887667577355666e-02,9.260435859965689825e-03,1.750428870957494026e-02,3.111697058262913665e-02,4.293474807802274279e-02,1.902916322510959934e-02,5.432365461592222888e-02,8.042124658491645040e-02,9.173073257513184031e-02,1.844145117224728347e-02,8.478937670754177480e-02,5.081326640828515151e-02,8.661604930427600768e-02,5.551496283118368541e-02,1.251667831501366013e-01,4.293474807802274279e-02,3.820128343605057319e-02,3.240358345511150373e-02,1.596353008450346334e-02,3.445263358536120729e-02,3.996441959463752774e-02,6.914352881377469617e-02,4.067920452379439333e-02,1.178918609822733332e-01,1.273429061566808684e-01,3.443674947582438250e-02,8.426520109282673032e-02,2.323209860855200426e-01,1.307897579261706467e-01,1.595241120782768807e-01,9.735370735116589958e-02,2.730478429379248895e-02,8.788677806722154651e-02
2.873435415210623400e-02,5.899358281974712709e-02,3.246711989325878206e-02,2.339729334773492722e-02,8.456699917402629718e-02,9.905330707160556192e-02,1.150962577037931284e-01,2.455683334392274111e-02,1.345384077768600195e-01,6.259927568460511849e-02,0.000000000000000000e+00,4.474553656522015088e-02,1.501366033420166446e-01,5.097210750365334386e-02,4.603214943770252143e-02,4.086981383823622832e-02,2.654234703602515941e-02,5.435542283499587152e-02,5.916830802465213729e-02,1.244837664400533644e-01,4.566681491835567624e-02,1.683397928712116465e-01,1.222599911048986576e-01,5.189338585678886923e-02,1.125706842874388408e-01,2.672342588474490022e-01,1.664813520554037640e-01,2.355295762119575531e-01,1.513120274477412763e-01,4.005972425185844177e-02,1.164305229048859525e-01,4.628629519029163475e-02,2.706652265074020042e-02,5.581676091238325227e-02,2.959209606709447757e-02,5.427600228731177534e-02,2.395323718152360393e-02,1.664654679458669670e-02,4.093335027638350665e-02,2.960798017663129889e-02,4.276002287311773259e-02,2.624054895482559255e-02,4.690577546222758631e-02,1.435923502128470634e-02,1.269140351991867276e-02,2.387381663383950775e-02,4.301416862570684591e-02,5.923184446279941562e-02,2.566872101150009453e-02,7.417879153694643957e-02,1.121418133299447173e-01,1.243884617828324574e-01,2.525573416354279233e-02,1.171294237245060071e-01,6.904822415655378909e-02,1.183842683779147281e-01,7.622784166719613619e-02,1.718660651883855417e-01,5.838998665734798643e-02,5.356121735815490281e-02,4.469788423660969734e-02,2.217421691339983500e-02,4.677870258593302966e-02,5.538788995488912875e-02,9.678187940784040155e-02,5.611855899358281913e-02,1.638922422009022051e-01,1.754717580532435262e-01,4.760467628184764100e-02,1.156363174280449907e-01,3.201442277145943316e-01,1.807135142003939154e-01,2.206143973568841787e-01,1.362380074972996957e-01,3.826481987419785152e-02,1.215452061757417851e-01
1.543935446978842406e-02,3.008450346273587941e-02,1.699599720439672057e-02,1.232606900057182757e-02,4.455492725077832283e-02,5.190926996632568707e-02,6.156680856471186125e-02,1.308850625833915711e-02,7.063663511023572650e-02,3.256242455047970302e-02,4.474553656522015088e-02,0.000000000000000000e+00,7.903932905521315888e-02,2.658999936463561989e-02,2.376262786708177241e-02,2.144354787470614462e-02,1.350149310629646104e-02,2.844844018044348499e-02,3.057691085837727779e-02,6.487070334837029273e-02,2.441387635809136661e-02,8.737848656204333375e-02,6.417180252875023805e-02,2.851197661859076332e-02,5.792934748078022722e-02,1.400660778956731578e-01,8.710845669991740259e-02,1.233718787724760180e-01,7.872164686447677417e-02,2.045873308342334440e-02,6.115382171675455558e-02,2.538280703983734551e-02,1.512167227905203588e-02,3.014803990088315774e-02,1.618590761801893402e-02,2.852786072812758117e-02,1.278670817713959025e-02,8.958637778766122967e-03,2.269839252811487254e-02,1.620179172755575187e-02,2.355613444310311957e-02,1.439100324035834551e-02,2.473155854882775131e-02,7.973822987483321009e-03,6.798398881758688402e-03,1.261198297223457658e-02,2.253955143274668019e-02,3.118050702077641498e-02,1.361268187305419639e-02,3.894783658428108836e-02,5.797699980939068770e-02,6.647499841158904799e-02,1.350149310629646104e-02,6.105851705953364156e-02,3.623165385348497275e-02,6.201156363174280262e-02,4.196581739627676388e-02,9.004701696422898194e-02,3.049749031069318161e-02,2.797191689433890446e-02,2.373085964800813324e-02,1.140479064743630394e-02,2.530338649215324934e-02,2.886142702840078719e-02,4.938369654997140645e-02,2.935383442404218904e-02,8.504352246013088812e-02,9.366859393862379812e-02,2.612936018806785721e-02,6.075671897833407470e-02,1.686257068428743955e-01,9.435161064870703496e-02,1.146673867462990049e-01,6.976300908571066162e-02,1.882266980113094998e-02,6.420357074782387374e-02
5.095622339411652602e-02,1.017059533642544061e-01,5.670627104644513500e-02,4.110807548128851685e-02,1.486593811550924460e-01,1.749634665480653273e-01,2.034595590571192658e-01,4.328419848783277013e-02,2.354660397738102817e-01,1.090920642988753991e-01,1.501366033420166446e-01,7.903932905521315888e-02,0.000000000000000000e+00,8.945930491136666607e-02,7.972234576529639571e-02,7.241565537835949196e-02,4.553974204206111959e-02,9.485990215388524771e-02,1.022777813075798903e-01,2.161033102484274659e-01,8.005591206556959827e-02,2.916322510960035475e-01,2.128947201219899554e-01,9.296969311900374344e-02,1.960734481224982451e-01,4.657220916195438098e-01,2.899961878137111704e-01,4.122244106995361923e-01,2.638191752970328596e-01,6.974712497617382989e-02,2.040313870004447638e-01,8.415401232606900539e-02,4.895482559247728294e-02,9.930745282419467523e-02,5.313234640066077930e-02,9.535230954952665650e-02,4.233115191562360907e-02,2.944913908126310306e-02,7.511595399961877584e-02,5.305292585297668312e-02,7.730796111569984697e-02,4.762056039138445884e-02,8.169197534786200310e-02,2.606582374992057888e-02,2.249189910413622318e-02,4.209289027257132054e-02,7.546540440942881012e-02,1.044856725331977931e-01,4.509498697503017822e-02,1.291854628629519053e-01,1.948662557976999776e-01,2.193754368130122756e-01,4.463434779846241901e-02,2.043331850816443307e-01,1.207510006989008233e-01,2.079388779465023152e-01,1.355391066776796549e-01,3.011627168180951997e-01,1.012770824067602826e-01,9.281085202363555109e-02,7.870576275493995633e-02,3.856661795539741838e-02,8.313742931571256600e-02,9.706779337950315056e-02,1.671643687654870147e-01,9.735370735116589958e-02,2.846114746807293927e-01,3.085011754241057114e-01,8.477349259800495695e-02,2.020299891988055208e-01,5.615668085647118613e-01,3.160620115636317284e-01,3.840777686002922464e-01,2.343064997776224678e-01,6.536311074401168764e-02,2.134824321748522713e-01
1.709130186161763806e-02,3.445263358536120729e-02,1.914035199186733469e-02,1.375563885888557089e-02,4.990787216468645093e-02,5.961306309168307865e-02,6.882584662303831147e-02,1.483575830738928861e-02,7.948408412224410025e-02,3.739119384967278664e-02,5.097210750365334386e-02,2.658999936463561989e-02,8.945930491136666607e-02,0.000000000000000000e+00,2.703475443166656125e-02,2.455683334392274111e-02,1.542347036025160448e-02,3.176821907363873432e-02,3.486562043331850602e-02,7.317809263612681803e-02,2.720947963657157492e-02,9.833852214244868939e-02,7.144672469661350611e-02,3.106931825401867964e-02,6.599847512548447093e-02,1.566490882521125727e-01,9.852913145689053132e-02,1.396689751572526839e-01,8.907808628248300997e-02,2.357201855263993742e-02,6.874642607535422223e-02,2.859139716627485950e-02,1.647182158968168303e-02,3.337251413685748958e-02,1.790139144799542462e-02,3.197471249761738021e-02,1.432746680221106891e-02,9.943452570048923189e-03,2.550987991613190217e-02,1.772666624309041095e-02,2.601817142131012187e-02,1.618590761801893402e-02,2.792426456572844398e-02,8.879217231082025055e-03,7.735561344431031612e-03,1.429569858313742975e-02,2.554164813520554134e-02,3.496092509053942698e-02,1.539170214117796531e-02,4.364953300717961532e-02,6.618908443992629898e-02,7.427409619416736053e-02,1.513755638858885547e-02,6.925471758053243498e-02,4.129868479573035184e-02,7.079547620560391885e-02,4.538090094669292723e-02,1.017377215833280418e-01,3.403964673740390162e-02,3.164114619734417766e-02,2.663765169324607690e-02,1.310439036787597669e-02,2.806722155155981849e-02,3.288010674121608773e-02,5.684922803227650950e-02,3.329309358917339340e-02,9.640066077895673158e-02,1.037391193849672849e-01,2.838490374229620666e-02,6.850816443230192676e-02,1.898945295126755195e-01,1.070112459495520668e-01,1.296143338204460149e-01,7.942054768409682886e-02,2.204714403710527834e-02,7.181205921596035824e-02
1.575703666052481050e-02,3.118050702077641498e-02,1.744075227142766540e-02,1.237372132918228632e-02,4.519029163225109919e-02,5.357710146769172066e-02,6.105851705953364156e-02,1.324734735370735120e-02,7.103373784865620044e-02,3.254654044094287824e-02,4.603214943770252143e-02,2.376262786708177241e-02,7.972234576529639571e-02,2.703475443166656125e-02,0.000000000000000000e+00,2.192007116081072515e-02,1.378740707795921006e-02,2.902026812376898302e-02,3.141876866382870698e-02,6.680856471186225054e-02,2.454094923438591980e-02,8.896689751572527116e-02,6.482305101975983919e-02,2.794014867526526530e-02,6.020077514454539452e-02,1.425916513120274454e-01,8.931634792553529156e-02,1.248332168498633987e-01,8.056420357074782490e-02,2.115763390304339561e-02,6.258339157506830064e-02,2.468390622021729430e-02,1.453396022618972001e-02,3.029099688671453225e-02,1.588410953681936716e-02,2.848020839951712416e-02,1.243725776732956291e-02,8.926869559692483802e-03,2.184065061312662898e-02,1.591587775589300632e-02,2.358790266217675874e-02,1.440688734989516509e-02,2.438210813901772744e-02,7.497299701378740480e-03,6.893703538979605028e-03,1.339030433953872570e-02,2.277781307579897219e-02,3.183175551178601265e-02,1.362856598259101597e-02,3.877311137937607122e-02,5.991486117288264551e-02,6.566490882521125450e-02,1.356502954444373764e-02,6.197979541266916692e-02,3.626342207255861538e-02,6.285342143719423180e-02,4.090158205730986402e-02,9.101594764597496778e-02,3.029099688671453225e-02,2.873435415210623400e-02,2.388970074337632560e-02,1.169070461909905295e-02,2.495393608234322547e-02,2.994154647690450491e-02,5.232225681428299274e-02,3.005273524366224025e-02,8.750555943833789041e-02,9.379566681491835478e-02,2.576402566872101202e-02,6.104263294999682371e-02,1.714371942308914043e-01,9.652773365525128824e-02,1.169705826291378148e-01,7.247919181650676335e-02,2.036342842620242691e-02,6.566490882521125450e-02
1.412097337823241608e-02,2.760658237499205928e-02,1.569350022237753217e-02,1.121418133299447242e-02,4.090158205730986402e-02,4.854183874451998421e-02,5.597560200775144462e-02,1.194485037168816280e-02,6.483893512929665703e-02,2.989389414829404790e-02,4.086981383823622832e-02,2.144354787470614462e-02,7.241565537835949196e-02,2.455683334392274111e-02,2.192007116081072515e-02,0.000000000000000000e+00,1.245314187686638249e-02,2.574814155918419070e-02,2.827371497553847132e-02,6.007370226825084480e-02,2.190418705127390731e-02,8.023063727047462235e-02,5.818349323336934054e-02,2.525573416354279233e-02,5.367240612491263468e-02,1.279306182095431843e-01,8.019886905140097277e-02,1.134443103119639057e-01,7.273333756909587666e-02,1.918800432047779517e-02,5.626151597941419363e-02,2.304784293792489988e-02,1.351737721583328063e-02,2.743185717008704561e-02,1.458161255480017876e-02,2.619289662621513554e-02,1.150009530465722143e-02,8.021475316093779756e-03,2.056992185018107974e-02,1.448630789757926127e-02,2.149120020331660164e-02,1.324734735370735120e-02,2.279369718533579003e-02,7.195501620179172754e-03,6.226570938433191246e-03,1.180189338585678829e-02,2.068111061693881508e-02,2.895673168562170469e-02,1.248491009594002166e-02,3.534214371942309002e-02,5.427600228731177534e-02,6.005781815871402002e-02,1.240548954825592548e-02,5.642035707478238599e-02,3.308660016519474056e-02,5.734163542791791135e-02,3.651756782514772176e-02,8.285151534404981699e-02,2.795603278480208315e-02,2.552576402566872002e-02,2.165004129868479746e-02,1.054704873244805864e-02,2.285723362348306836e-02,2.698710210305610424e-02,4.660397738102801946e-02,2.658999936463561989e-02,7.895990850752906964e-02,8.463053561217358245e-02,2.309549526653535689e-02,5.549907872164686756e-02,1.546159222313996939e-01,8.755321176694834395e-02,1.056769807484592427e-01,6.496600800559119981e-02,1.823495774826863064e-02,5.888239405298938828e-02
8.656839697566554373e-03,1.764724569540631477e-02,9.800495584217548684e-03,7.004892305737340369e-03,2.574814155918419070e-02,3.005273524366224025e-02,3.504034563822352316e-02,7.449647372768282601e-03,4.088569794777304617e-02,1.899739500603596018e-02,2.654234703602515941e-02,1.350149310629646104e-02,4.553974204206111959e-02,1.542347036025160448e-02,1.378740707795921006e-02,1.245314187686638249e-02,0.000000000000000000e+00,1.629709638477666936e-02,1.794904377660588510e-02,3.766122371179871781e-02,1.373975474934875131e-02,5.105152805133744004e-02,3.675582946820001029e-02,1.569350022237753217e-02,3.407141495647753732e-02,8.070716055657919941e-02,5.044793188893830632e-02,7.119257894402439280e-02,4.566681491835567624e-02,1.221488023381409223e-02,3.523095495266535121e-02,1.426393036406379058e-02,8.196200520998793426e-03,1.699599720439672057e-02,8.974521888302942549e-03,1.656712624690259705e-02,7.243153948789630633e-03,5.051146832708558639e-03,1.281847639621322768e-02,9.038058326450219143e-03,1.308850625833915711e-02,8.100895863777875933e-03,1.448630789757926127e-02,4.431666560772602736e-03,3.907490946057564328e-03,7.322574496473727677e-03,1.292966516297096302e-02,1.793315966706906378e-02,7.878518330262405250e-03,2.252366732320986234e-02,3.408729906601436210e-02,3.783594891670372801e-02,7.687909015820572865e-03,3.537391193849672572e-02,2.101467691721202111e-02,3.586631933413812756e-02,2.292077006163034669e-02,5.233814092381981059e-02,1.780608679077451059e-02,1.613825528940847701e-02,1.358091365398055722e-02,6.687210115000953060e-03,1.429569858313742975e-02,1.671008323273397156e-02,2.924264565728445370e-02,1.696422898532308141e-02,4.971726285024461595e-02,5.303704174343986527e-02,1.440688734989516509e-02,3.521507084312853336e-02,9.676599529830358370e-02,5.473664146387953455e-02,6.688798525954635366e-02,4.112395959082534164e-02,1.169070461909905295e-02,3.691467056356820958e-02
1.823495774826863064e-02,3.664464070144227842e-02,2.037931253573924475e-02,1.470868543109473368e-02,5.324353516741851117e-02,6.332994472329880886e-02,7.263803291187495570e-02,1.566173200330389648e-02,8.494821780290996716e-02,3.917021411779655904e-02,5.435542283499587152e-02,2.844844018044348499e-02,9.485990215388524771e-02,3.176821907363873432e-02,2.902026812376898302e-02,2.574814155918419070e-02,1.629709638477666936e-02,0.000000000000000000e+00,3.689878645403138480e-02,7.837219645466675377e-02,2.889319524747442636e-02,1.054863714340174147e-01,7.654552385793252089e-02,3.334074591778384694e-02,7.041425757672024888e-02,1.683556769807484643e-01,1.052004574623546657e-01,1.483734671834296970e-01,9.543173009721074573e-02,2.516042950632187483e-02,7.379757290806276959e-02,2.990977825783086574e-02,1.744075227142766540e-02,3.577101467691721354e-02,1.896562678696232448e-02,3.396022618971980545e-02,1.505813584090475929e-02,1.065823749920579398e-02,2.676472456954063009e-02,1.907681555372005983e-02,2.795603278480208315e-02,1.713895419022809508e-02,2.935383442404218904e-02,9.276319969502509408e-03,8.212084630535613008e-03,1.521697693627295338e-02,2.708240676027701827e-02,3.751826672596734330e-02,1.632886460385030852e-02,4.619099053307071379e-02,7.093843319143529336e-02,7.861045809771903536e-02,1.618590761801893402e-02,7.359107948408412370e-02,4.337950314505369109e-02,7.454412605629327782e-02,4.889128915433001155e-02,1.083296270411080731e-01,3.619988563441133705e-02,3.391257386110934496e-02,2.852786072812758117e-02,1.380329118749602964e-02,2.990977825783086574e-02,3.507211385729715886e-02,6.043903678759768999e-02,3.521507084312853336e-02,1.028813774699790379e-01,1.111411144291251096e-01,3.056102674884045994e-02,7.290806277400088686e-02,2.023000190609314519e-01,1.138731812694580292e-01,1.381758688607916674e-01,8.469407205032085384e-02,2.361967088125039790e-02,7.737149755384713223e-02
2.014105089268695623e-02,3.986911493741660678e-02,2.239659444691530568e-02,1.594764597496664202e-02,5.813584090475888005e-02,6.873054196581739050e-02,7.888048795984496653e-02,1.705953364254399890e-02,9.263612681873054089e-02,4.266471821589681857e-02,5.916830802465213729e-02,3.057691085837727779e-02,1.022777813075798903e-01,3.486562043331850602e-02,3.141876866382870698e-02,2.827371497553847132e-02,1.794904377660588510e-02,3.689878645403138480e-02,0.000000000000000000e+00,8.628248300400279125e-02,3.133934811614461080e-02,1.159222313997077258e-01,8.347099561598576856e-02,3.585043522460130971e-02,7.700616303450028011e-02,1.829531736450854540e-01,1.147626914035199119e-01,1.608583772793697186e-01,1.037232352754304532e-01,2.738420484147658512e-02,8.004002795603278042e-02,3.175233496410190953e-02,1.880678569159412866e-02,3.874134316030243552e-02,2.047461719296016225e-02,3.745473028782006497e-02,1.636063282292394769e-02,1.146832708558358227e-02,2.813075798970709682e-02,2.050638541203380141e-02,3.016392401041997559e-02,1.852087171993137965e-02,3.265772920770061705e-02,9.975220789122562354e-03,8.958637778766122967e-03,1.685304021856534606e-02,2.935383442404218904e-02,4.121926424804625566e-02,1.783785500984814629e-02,5.046381599847512417e-02,7.749857043014168889e-02,8.531355232225681928e-02,1.763136158586949692e-02,8.083423343287375606e-02,4.747760340555308434e-02,8.135840904758878667e-02,5.203634284262024373e-02,1.176694834487578695e-01,4.010737658046890225e-02,3.662875659190546057e-02,3.071986784420865230e-02,1.512167227905203588e-02,3.259419276955333872e-02,3.845542918863968651e-02,6.699917402630407859e-02,3.810597877882965917e-02,1.134919626405743731e-01,1.208621894656585483e-01,3.294364317936336606e-02,7.922993836965500081e-02,2.201378740707795878e-01,1.245473028782006497e-01,1.514232162144990290e-01,9.349386873371878792e-02,2.635173772158332789e-02,8.394751890209034562e-02
4.196581739627676388e-02,8.399517123070081304e-02,4.768409682953173717e-02,3.365842810852023859e-02,1.225300209670245888e-01,1.462132282864222754e-01,1.661477857551305615e-01,3.607281275811678040e-02,1.969947264756337635e-01,8.969756655441896154e-02,1.244837664400533644e-01,6.487070334837029273e-02,2.161033102484274659e-01,7.317809263612681803e-02,6.680856471186225054e-02,6.007370226825084480e-02,3.766122371179871781e-02,7.837219645466675377e-02,8.628248300400279125e-02,0.000000000000000000e+00,6.571256115382172192e-02,2.445676345384077688e-01,1.758053243535167287e-01,7.579897070970201267e-02,1.623038312472202815e-01,3.871116335218247606e-01,2.427409619416735498e-01,3.393163479255352777e-01,2.190736387318126810e-01,5.710337378486562282e-02,1.695152169769362782e-01,6.766630662685049757e-02,4.009149247093207746e-02,8.197788931952475211e-02,4.353834424042188345e-02,7.811805070207764046e-02,3.448440180443484299e-02,2.433445581040726696e-02,6.024842747315585501e-02,4.357011245949551914e-02,6.439418006226571567e-02,3.951966452760657944e-02,6.823813457017599560e-02,2.095114047906474278e-02,1.879090158205731081e-02,3.510388207637080149e-02,6.226570938433191593e-02,8.706080437130694905e-02,3.731177330198869047e-02,1.058040536247537994e-01,1.644164178156172496e-01,1.790933350276383562e-01,3.721646864476777644e-02,1.709924391638604768e-01,9.991104898659380895e-02,1.721043268314378372e-01,1.108075481288518932e-01,2.479827180888239391e-01,8.367748903996441445e-02,7.762564330643624555e-02,6.529957430586441625e-02,3.168879852595463814e-02,6.892115128025923243e-02,8.146959781434652548e-02,1.416544888493551091e-01,7.980176631298049883e-02,2.395482559247728571e-01,2.553370608043712964e-01,6.990596607154203612e-02,1.672120210940974683e-01,4.661350784675011294e-01,2.631361585869496089e-01,3.198106614143211290e-01,1.977889319524747391e-01,5.532435351674185042e-02,1.776319969502509755e-01
1.586822542728254584e-02,3.071986784420865230e-02,1.737721583328038708e-02,1.242137365779274333e-02,4.552385793252430174e-02,5.321176694834487547e-02,6.229747760340555163e-02,1.331088379185462779e-02,7.076370798653026928e-02,3.329309358917339340e-02,4.566681491835567624e-02,2.441387635809136661e-02,8.005591206556959827e-02,2.720947963657157492e-02,2.454094923438591980e-02,2.190418705127390731e-02,1.373975474934875131e-02,2.889319524747442636e-02,3.133934811614461080e-02,6.571256115382172192e-02,0.000000000000000000e+00,8.806150327212657059e-02,6.456890526717072587e-02,2.821017853739119299e-02,5.935891733909397228e-02,1.416862570684287448e-01,8.834741724378931960e-02,1.255638858885570752e-01,8.011944850371688354e-02,2.128470677933794880e-02,6.255162335599466494e-02,2.563695279242645536e-02,1.491517885507338478e-02,3.054514263930364210e-02,1.613825528940847701e-02,2.902026812376898302e-02,1.281847639621322768e-02,8.895101340618844638e-03,2.298430649977762155e-02,1.623355994662939103e-02,2.395323718152360393e-02,1.459749666433699661e-02,2.498570430141686116e-02,8.053243535167418921e-03,6.877819429442785445e-03,1.353326132537010021e-02,2.266662430904123685e-02,3.156172564966008148e-02,1.396213228286422199e-02,3.953554863714340423e-02,5.899358281974712709e-02,6.696740580723044289e-02,1.372387063981193173e-02,6.188449075544825290e-02,3.688290234449456695e-02,6.337759705190927628e-02,4.169578753415083272e-02,9.166719613698455504e-02,3.067221551559819528e-02,2.868670182349577352e-02,2.384204841476586859e-02,1.169070461909905295e-02,2.533515471122688850e-02,2.941737086218946737e-02,5.105152805133744004e-02,3.029099688671453225e-02,8.639367177076053006e-02,9.417688544380202476e-02,2.563695279242645536e-02,6.170976555054323576e-02,1.716119194357964284e-01,9.622593557405172138e-02,1.164146387953491346e-01,7.120846305356121064e-02,1.988690514009784638e-02,6.533134252493805194e-02
