0.000000000000000000e+00,1.235630157274843037e-02,7.673319698145144620e-03,3.554552507229000440e-03,1.809718597926511172e-02,2.132731504337400524e-02,2.544608223429014812e-02,5.769095140701036885e-03,2.935326891882361275e-02,1.651738486494111133e-02,1.959235489103603942e-02,1.337188800338528875e-02,4.031313914944636284e-02,1.141124197757246647e-02,7.052683546089287200e-03,7.870794837435643801e-03,6.587206432047394353e-03,1.218703716764228846e-02,1.115734536991325188e-02,2.145426334720361081e-02,1.053670921785739532e-02,4.128640947880668488e-02,3.216023697016714977e-02,1.063544678750264448e-02,2.877494886804429081e-02,6.120318781296283511e-02,4.134283094717539769e-02,5.245786021581211322e-02,3.991818887086536621e-02,1.039565554693560982e-02,2.733620142464207592e-02,1.084702729388532273e-02,6.347415191480357960e-03,1.098808096480710997e-02,6.093518583821144231e-03,1.100218633189928817e-02,3.695606178150786375e-03,2.412017772762536059e-03,1.002891600253896613e-02,8.505536356583680291e-03,1.072007899005571543e-02,6.953945976444037176e-03,8.054164609633965646e-03,2.806968051343536157e-03,2.496649975315607447e-03,9.337753015022215095e-03,1.189082445870653752e-02,1.283588405388250316e-02,4.922773115170322143e-03,1.636222582692714589e-02,2.586924324705550463e-02,2.768883560194653967e-02,7.066788913181465404e-03,3.007264264052472019e-02,1.936666901756118123e-02,2.352775230975386045e-02,1.984625149869525401e-02,4.183651879540165042e-02,1.211651033218139571e-02,1.435926369983778900e-02,9.803230129064109677e-03,7.306580153748500929e-03,1.129839904083503738e-02,1.603780238380703854e-02,2.115805063826785987e-02,1.880245433387403922e-02,3.894491854150504417e-02,3.984766203540446999e-02,1.138303124338810833e-02,3.170886522321743339e-02,8.389872346427815208e-02,4.106072360533182669e-02,5.327597150715847329e-02,3.737922279427322025e-02,8.350377318569716587e-03,2.595387544960857731e-02
1.235630157274843037e-02,0.000000000000000000e+00,1.863318992876789731e-02,8.618379293321109386e-03,4.450243317582339847e-02,5.189364553212497122e-02,6.169687566118908090e-02,1.380915438324282346e-02,7.195147753720290695e-02,3.984766203540446999e-02,4.770435150574793559e-02,3.163833838775654411e-02,9.814514422737852239e-02,2.825305028563368515e-02,1.688412440933775155e-02,1.885887580224275203e-02,1.591085407997743298e-02,2.909937231116439815e-02,2.726567458918118317e-02,5.283870512730094032e-02,2.544608223429014812e-02,1.012342196205656270e-01,7.762183510825869381e-02,2.492418365187953899e-02,6.905987728330630071e-02,1.466535016573806416e-01,1.008815854432611597e-01,1.279215741589674882e-01,9.779251005007405517e-02,2.540376613301361178e-02,6.590027505465829993e-02,2.575640031031807553e-02,1.540306086465900205e-02,2.650398476620353938e-02,1.437336906692996720e-02,2.804146977925100342e-02,9.309542280837858688e-03,5.740884406516679611e-03,2.371112208195218229e-02,2.108752380280696712e-02,2.641935256365047016e-02,1.661612243458636048e-02,2.070667889131814696e-02,6.826997672614429878e-03,6.206361520558572459e-03,2.231469073982650375e-02,2.888779180478171990e-02,3.087664856477889685e-02,1.150997954721771563e-02,4.039777135199943553e-02,6.302278016785387016e-02,6.746597080189012385e-02,1.706749418153607339e-02,7.410959870230622581e-02,4.680160801184850977e-02,5.733831722970589989e-02,4.715424218915297006e-02,1.008110586078002635e-01,3.072148952676493489e-02,3.416319909725650666e-02,2.409196699344100592e-02,1.773044643486846803e-02,2.732209605754989945e-02,3.960787079483743534e-02,5.228859581070597479e-02,4.516538542915579657e-02,9.461880245433387793e-02,9.714366316383384048e-02,2.664503843712532488e-02,7.719867409549333037e-02,2.045983496720502059e-01,1.006558995697863085e-01,1.304182241342830839e-01,9.203752027646519562e-02,2.050920375202764517e-02,6.378446999083151048e-02
7.673319698145144620e-03,1.863318992876789731e-02,0.000000000000000000e+00,5.360039495027857717e-03,2.805557514634318336e-02,3.287961069186825375e-02,3.849354679455532779e-02,8.491430989491502088e-03,4.526412299880104573e-02,2.483955144932646977e-02,3.035474998236829119e-02,2.021299104309189770e-02,6.082234290147400801e-02,1.778686790323718084e-02,1.077650045842442998e-02,1.187671909161435932e-02,9.873756964525002428e-03,1.843571478947739553e-02,1.722265321955003883e-02,3.369772198321461382e-02,1.574158967487128760e-02,6.371394315537061426e-02,4.869172720220043410e-02,1.588264334579307310e-02,4.369842725156922181e-02,9.184004513717469731e-02,6.399605049721418526e-02,8.048522462797094712e-02,6.133013611679243721e-02,1.605190775089921848e-02,4.206220466887650861e-02,1.571337894068693120e-02,9.408279850483109580e-03,1.722265321955003883e-02,9.140277875731716781e-03,1.733549615628746793e-02,5.712673672332322337e-03,3.695606178150786375e-03,1.428873686437689625e-02,1.314620212991043056e-02,1.688412440933775155e-02,1.050849848367303718e-02,1.297693772480428866e-02,4.118767190916143746e-03,3.850765216164750513e-03,1.407715635799421626e-02,1.797023767543550268e-02,1.966288172649693217e-02,7.221947951195429975e-03,2.514986952535439718e-02,3.970660836448268449e-02,4.189294026377036323e-02,1.086113266097750267e-02,4.654771140418929171e-02,2.921221524790182725e-02,3.625079342689893624e-02,3.017138021016996935e-02,6.302278016785387016e-02,1.904224557444107388e-02,2.201847803089075281e-02,1.512095352281543105e-02,1.101629169899146637e-02,1.712391564990478968e-02,2.541787150010579172e-02,3.303476972988222266e-02,2.812610198180407611e-02,5.958107059736229838e-02,6.175329712955779371e-02,1.708159954862825333e-02,4.849425206290993579e-02,1.282318922349954260e-01,6.358699485154101216e-02,8.214965794484802020e-02,5.780379434374779274e-02,1.327315043374003786e-02,4.067987869384300653e-02
3.554552507229000440e-03,8.618379293321109386e-03,5.360039495027857717e-03,0.000000000000000000e+00,1.282177868679032322e-02,1.492347838352493100e-02,1.782918400451371718e-02,3.907186684533464627e-03,2.033993934692150327e-02,1.163692785104732293e-02,1.363988997813668155e-02,9.422385217575287783e-03,2.822483955144932527e-02,8.124691445094858397e-03,4.866351646801607596e-03,5.402355596304394061e-03,4.640665773326751141e-03,8.336271951477536649e-03,7.828478736159109191e-03,1.503632132026236010e-02,7.419423090485930024e-03,2.885958107059736349e-02,2.220184780308907466e-02,7.236053318287608178e-03,1.993088370124832670e-02,4.216094223852175776e-02,2.870442203258339806e-02,3.644826856618943456e-02,2.781578390577614870e-02,7.306580153748500929e-03,1.918329924536285938e-02,7.518160660131180048e-03,4.541928203681501117e-03,7.941321672896536552e-03,4.245715494745751044e-03,8.025953875449609240e-03,2.623598279145214745e-03,1.706749418153607470e-03,6.855208406798787152e-03,6.192256153466394256e-03,7.870794837435643801e-03,4.894562380985964870e-03,5.910148811622822386e-03,1.988856759997179122e-03,1.805486987798857494e-03,6.573101064955215282e-03,8.265745116016643898e-03,8.900486635164680388e-03,3.357077367938500392e-03,1.166513858523168107e-02,1.791381620706678987e-02,1.955003878975950307e-02,4.936878482262501214e-03,2.110162916989914705e-02,1.361167924395232341e-02,1.657380633330982414e-02,1.407715635799421626e-02,2.914168841244093450e-02,8.829959799703787637e-03,9.775019394879751536e-03,6.897524508075322629e-03,5.021510684815572167e-03,7.800268001974751050e-03,1.145355807884900282e-02,1.485295154806403825e-02,1.320262359827914511e-02,2.685661894350800313e-02,2.802736441215882696e-02,7.772057267790394644e-03,2.196205656252204000e-02,5.901685591367515638e-02,2.867621129839904165e-02,3.732280132590450744e-02,2.619366669017561197e-02,5.698568305240144134e-03,1.852034699203046822e-02
1.809718597926511172e-02,4.450243317582339847e-02,2.805557514634318336e-02,1.282177868679032322e-02,0.000000000000000000e+00,7.678961844982015728e-02,9.102193384582833724e-02,2.033993934692150327e-02,1.056209887862331609e-01,5.969391353409972401e-02,7.093589110656604857e-02,4.783129980957754462e-02,1.446082234290147484e-01,4.148388461809718319e-02,2.512165879117004078e-02,2.790041610832921792e-02,2.369701671486000583e-02,4.276747302348543611e-02,4.077861626348825569e-02,7.839763029832851060e-02,3.768954087030115113e-02,1.494886804429085281e-01,1.155934833204034090e-01,3.698427251569222363e-02,1.020664362790041635e-01,2.157556950419634578e-01,1.492488892023415004e-01,1.881655970096621777e-01,1.443402214542633399e-01,3.802806968051343495e-02,9.830030326539247743e-02,3.790112137668382591e-02,2.237111220819521656e-02,4.027082304816982650e-02,2.149657944848014715e-02,4.131462021299104476e-02,1.363988997813668155e-02,8.688906128782002136e-03,3.499541575569504320e-02,3.139854714718950252e-02,3.996050497214190256e-02,2.513576415826221724e-02,3.042527681782918395e-02,9.944283799985895178e-03,9.253120812469144141e-03,3.328866633754143378e-02,4.220325833979829411e-02,4.613865575851611861e-02,1.719444248536568243e-02,6.001833697721983135e-02,9.350447845405177039e-02,1.000070526835460938e-01,2.531913393046053909e-02,1.095563862049509785e-01,6.996262077720573347e-02,8.511178503420550878e-02,7.145778968897666117e-02,1.492347838352493239e-01,4.510896396078707682e-02,5.066647859510543805e-02,3.547499823682911252e-02,2.602440228506947006e-02,4.012976937724804100e-02,5.905917201495168578e-02,7.686014528528105350e-02,6.663375414345158732e-02,1.388814443895902417e-01,1.446082234290147484e-01,3.967839763029833156e-02,1.136751533958671317e-01,3.036885534946047183e-01,1.491642569997884138e-01,1.926652091120671373e-01,1.355666831229282721e-01,3.042527681782918395e-02,9.505606883419140396e-02
2.132731504337400524e-02,5.189364553212497122e-02,3.287961069186825375e-02,1.492347838352493100e-02,7.678961844982015728e-02,0.000000000000000000e+00,1.062416249382890227e-01,2.376754355032089858e-02,1.249594470696099857e-01,6.862261090344876080e-02,8.284082093236476430e-02,5.495451019112772284e-02,1.686296635869948546e-01,4.877635940475350679e-02,2.949432258974539825e-02,3.268213555257775543e-02,2.719514775372029042e-02,5.083574300021158343e-02,4.735171732844347531e-02,9.199520417518866622e-02,4.345863601100218715e-02,1.754143451583327351e-01,1.350165738063333065e-01,4.337400380844911446e-02,1.204457296001128497e-01,2.547288243176528688e-01,1.757669793356372023e-01,2.210169969673460855e-01,1.688130333591931764e-01,4.368432188447704534e-02,1.152126384089145889e-01,4.453064391000775835e-02,2.639114182946611029e-02,4.680160801184850977e-02,2.534734466464489896e-02,4.807109105014457928e-02,1.584032724451654023e-02,9.986599901262429788e-03,4.062345722547429372e-02,3.649058466746597090e-02,4.577191621411947492e-02,2.893010790605825625e-02,3.536215530009168689e-02,1.160871711686296652e-02,1.059313068622610987e-02,3.860638973129276036e-02,4.977784046829818870e-02,5.407997743141264996e-02,1.977572466323436126e-02,6.962409196699344271e-02,1.093589110656604801e-01,1.162141194724592708e-01,2.970590309612807650e-02,1.279921009944283705e-01,8.034417095704915468e-02,9.941462726567458497e-02,8.227660624867762229e-02,1.740602299174835998e-01,5.288102122857747667e-02,6.014528528104944038e-02,4.151209535228154307e-02,3.039706608364482754e-02,4.723887439170604274e-02,6.904577191621412424e-02,9.079624797235348599e-02,7.755130827279779759e-02,1.638761548769306631e-01,1.699273573594752840e-01,4.666055434092672427e-02,1.335778263629310847e-01,3.529868114817688030e-01,1.745116016644333301e-01,2.249523943860639030e-01,1.588123280908385615e-01,3.557373580647436168e-02,1.109105014458001276e-01
2.544608223429014812e-02,6.169687566118908090e-02,3.849354679455532779e-02,1.782918400451371718e-02,9.102193384582833724e-02,1.062416249382890227e-01,0.000000000000000000e+00,2.836589322237111077e-02,1.452993864165314786e-01,8.220607941321672607e-02,9.748219197404613123e-02,6.629522533323929656e-02,2.003244234431200976e-01,5.749347626771986880e-02,3.469920304675928879e-02,3.871923266803018598e-02,3.275266238803865165e-02,5.975033500246843682e-02,5.582904295084279572e-02,1.074687918753085558e-01,5.244375484871993676e-02,2.067000493687848328e-01,1.590662246984977657e-01,5.173848649411100925e-02,1.421962056562522114e-01,3.004866351646801603e-01,2.057408844065166664e-01,2.606812892305522267e-01,1.988715706326257271e-01,5.200648846886240378e-02,1.355948938571126250e-01,5.327597150715847329e-02,3.153960081811128802e-02,5.539177657098526275e-02,3.001622117215600391e-02,5.718315819169193792e-02,1.892940263770364479e-02,1.198956202835178841e-02,4.918541505042668682e-02,4.369842725156922181e-02,5.489808872275901003e-02,3.478383524931236148e-02,4.156851682065025588e-02,1.397841878834896710e-02,1.277946258551378861e-02,4.635023626489879339e-02,5.856548416672544000e-02,6.337541434515833738e-02,2.392270258833486055e-02,8.285492629945694076e-02,1.286973693490373050e-01,1.387403907186684493e-01,3.515057479370900517e-02,1.503773185697157844e-01,9.710134706255729720e-02,1.177092883842301985e-01,9.889272868326398624e-02,2.071373157486423588e-01,6.248677621835108109e-02,7.006135834685098263e-02,4.895972917695182863e-02,3.616616122434586356e-02,5.550461950772268838e-02,8.104943931165808912e-02,1.057338317229705865e-01,9.313773890965512670e-02,1.919176246561816734e-01,1.991536779744692842e-01,5.536356583680090288e-02,1.572325269765145750e-01,4.193807743846533764e-01,2.051061428873686421e-01,2.655194301431694770e-01,1.864447422244163988e-01,4.132872558008322122e-02,1.309824388179702259e-01
5.769095140701036885e-03,1.380915438324282346e-02,8.491430989491502088e-03,3.907186684533464627e-03,2.033993934692150327e-02,2.376754355032089858e-02,2.836589322237111077e-02,0.000000000000000000e+00,3.299245362860568631e-02,1.826645038437125362e-02,2.163763311940193265e-02,1.468368714295789634e-02,4.491148882149657851e-02,1.280767331969814501e-02,7.927216305804358348e-03,8.576063192044573041e-03,7.207842584103250905e-03,1.340009873756964516e-02,1.238451230693278851e-02,2.409196699344100592e-02,1.182029762324564477e-02,4.629381479653008058e-02,3.565836800902743436e-02,1.166513858523168107e-02,3.187812962832357877e-02,6.788913181465547342e-02,4.616686649270047155e-02,5.832569292615840534e-02,4.457296001128429469e-02,1.146766344594118102e-02,3.027011777981521851e-02,1.208829959799703757e-02,7.179631849918894498e-03,1.238451230693278851e-02,6.728260102969179854e-03,1.272304111714507406e-02,4.259820861837929247e-03,2.623598279145214745e-03,1.100218633189928817e-02,9.817335496156287880e-03,1.213061569927357392e-02,7.701530432329501026e-03,9.295436913745680485e-03,3.159602228648000777e-03,2.835178785527893430e-03,1.040976091402778803e-02,1.328725580083221607e-02,1.411947245927075260e-02,5.360039495027857717e-03,1.850624162493828828e-02,2.881726496932082715e-02,3.107412370406939864e-02,7.983637774173072896e-03,3.412088299597997032e-02,2.128499894209746890e-02,2.632061499400521754e-02,2.179279215741589809e-02,4.636434163199096986e-02,1.403484025671768165e-02,1.588264334579307310e-02,1.097397559771493003e-02,8.068269976726143849e-03,1.248324987657803767e-02,1.797023767543550268e-02,2.395091332251921695e-02,2.096057549897736155e-02,4.354326821355525984e-02,4.481275125185132935e-02,1.234219620565625217e-02,3.550320897101347239e-02,9.411100923901544180e-02,4.609633965723958227e-02,5.928485788842654397e-02,4.214683687142958129e-02,9.112067141547358640e-03,2.924042598208618365e-02
2.935326891882361275e-02,7.195147753720290695e-02,4.526412299880104573e-02,2.033993934692150327e-02,1.056209887862331609e-01,1.249594470696099857e-01,1.452993864165314786e-01,3.299245362860568631e-02,0.000000000000000000e+00,9.378658579589534139e-02,1.141124197757246578e-01,7.492770999365258588e-02,2.317370759574017836e-01,6.708512589040130369e-02,4.087735383313350485e-02,4.509485859369490035e-02,3.730869595881233097e-02,7.004725297975879228e-02,6.535016573806333440e-02,1.278651526905987823e-01,5.989138867339022232e-02,2.438253755553988211e-01,1.866986388320756030e-01,5.983496720502150951e-02,1.658509062698356740e-01,3.513929050003526400e-01,2.440933775301502295e-01,3.043091896466605384e-01,2.346568869454827566e-01,6.034276042033993870e-02,1.581916919387827136e-01,6.076592143310529520e-02,3.574300021158050705e-02,6.385499682629240670e-02,3.458636011002186317e-02,6.601311799139572556e-02,2.172226532195500534e-02,1.368220607941321616e-02,5.560335707736793753e-02,4.991889413921997420e-02,6.251498695253543403e-02,3.955144932646872252e-02,4.838140912617251016e-02,1.579801114324000388e-02,1.466958177586571641e-02,5.300796953240707876e-02,6.884829677692362593e-02,7.457507581634811866e-02,2.718104238662811048e-02,9.588828549262994050e-02,1.514775372029057154e-01,1.601100218633189909e-01,4.111714507370054644e-02,1.781931024754919157e-01,1.101629169899146637e-01,1.372029057056209922e-01,1.121094576486353078e-01,2.398617674024966506e-01,7.264264052471965105e-02,8.309471754002398236e-02,5.732421186261372342e-02,4.220325833979829411e-02,6.578743211792087431e-02,9.508427956837577077e-02,1.260878764369842697e-01,1.067494181536074449e-01,2.273079906904577063e-01,2.346850976796671095e-01,6.395373439593765585e-02,1.849636786797376475e-01,4.856336836166161297e-01,2.418083080612172808e-01,3.115170322307638240e-01,2.206502574229494418e-01,4.942520629099372148e-02,1.524225967980816776e-01
1.651738486494111133e-02,3.984766203540446999e-02,2.483955144932646977e-02,1.163692785104732293e-02,5.969391353409972401e-02,6.862261090344876080e-02,8.220607941321672607e-02,1.826645038437125362e-02,9.378658579589534139e-02,0.000000000000000000e+00,6.398194513012200879e-02,4.290852669440722161e-02,1.291346357288948310e-01,3.799985894632907507e-02,2.224416390436561100e-02,2.514986952535439718e-02,2.117215600536003980e-02,3.894491854150504417e-02,3.667395443966429275e-02,6.979335637209958809e-02,3.378235418576768651e-02,1.334508780591014965e-01,1.026870724310600252e-01,3.302066436279003925e-02,9.175541293462162462e-02,1.948374356442626465e-01,1.330559277805204998e-01,1.697863036885534915e-01,1.287820015515903915e-01,3.396572395796600835e-02,8.860991607306580031e-02,3.413498836307214679e-02,2.012835884053882501e-02,3.591226461668665243e-02,1.905635094153325382e-02,3.781648917413076016e-02,1.241272304111714492e-02,7.715635799421680097e-03,3.129980957754425336e-02,2.859157909584596896e-02,3.594047535087100537e-02,2.218774243599689819e-02,2.733620142464207592e-02,9.013329571902109483e-03,8.209323647647929351e-03,2.973411383031243291e-02,3.799985894632907507e-02,4.052471965582904456e-02,1.534663939629028924e-02,5.386839692502997518e-02,8.214965794484802020e-02,8.951265956696523307e-02,2.279427322096057654e-02,9.642428944213272957e-02,6.333309824388179410e-02,7.649340574088440980e-02,6.426405247196557979e-02,1.335355102616545553e-01,4.093377530150222460e-02,4.493969955568093838e-02,3.187812962832357877e-02,2.334438253755553860e-02,3.589815924959446902e-02,5.288102122857747667e-02,6.822766062486776417e-02,5.996191550885111854e-02,1.230834332463502379e-01,1.285422103110233361e-01,3.558784117356654508e-02,1.016150645320544471e-01,2.709217857394738971e-01,1.320403413498836276e-01,1.736652796389026032e-01,1.207137315748642303e-01,2.726567458918118317e-02,8.528104943931165416e-02
1.959235489103603942e-02,4.770435150574793559e-02,3.035474998236829119e-02,1.363988997813668155e-02,7.093589110656604857e-02,8.284082093236476430e-02,9.748219197404613123e-02,2.163763311940193265e-02,1.141124197757246578e-01,6.398194513012200879e-02,0.000000000000000000e+00,5.159743282318922375e-02,1.544537696593553944e-01,4.543338740390718417e-02,2.705409408279850492e-02,3.017138021016996935e-02,2.513576415826221724e-02,4.667465970801890074e-02,4.419211509979547453e-02,8.467451865434798275e-02,4.000282107341843890e-02,1.614077156357994203e-01,1.236194371958530269e-01,3.994639960504971915e-02,1.101347062557303108e-01,2.333027717046336214e-01,1.612948726990619808e-01,2.044431906340362370e-01,1.558784117356654120e-01,4.060935185838211725e-02,1.062698356724733756e-01,3.977713519994358071e-02,2.382396501868961139e-02,4.285210522603850880e-02,2.293532689188236204e-02,4.437548487199379638e-02,1.448621200366739629e-02,9.281331546653502282e-03,3.649058466746597090e-02,3.345793074264757916e-02,4.247126031454968864e-02,2.636293109528175388e-02,3.282318922349954093e-02,1.055081458494957353e-02,9.803230129064109677e-03,3.531983919881515055e-02,4.554623034064461673e-02,4.950983849354679417e-02,1.836518795401650278e-02,6.423584173778122686e-02,1.000352634177304467e-01,1.067071020523309155e-01,2.730799069045771951e-02,1.179208688906128732e-01,7.547781931024755142e-02,9.186825587135905025e-02,7.676140771563580434e-02,1.599689681923971984e-01,4.850835743000211919e-02,5.491219408985118650e-02,3.822554481980393326e-02,2.816841808308061246e-02,4.355737358064743631e-02,6.439100077579519577e-02,8.327808731222230421e-02,7.117568234713309017e-02,1.500387897595034936e-01,1.552577755836095641e-01,4.314831793497425627e-02,1.233796459552859853e-01,3.248042880315960002e-01,1.601805486987798732e-01,2.090133295719021067e-01,1.460046547711404130e-01,3.347203610973975563e-02,1.022639114182946618e-01
1.337188800338528875e-02,3.163833838775654411e-02,2.021299104309189770e-02,9.422385217575287783e-03,4.783129980957754462e-02,5.495451019112772284e-02,6.629522533323929656e-02,1.468368714295789634e-02,7.492770999365258588e-02,4.290852669440722161e-02,5.159743282318922375e-02,0.000000000000000000e+00,1.037731856971577660e-01,3.019959094435432576e-02,1.823823965018689722e-02,2.000141053670921945e-02,1.706749418153607339e-02,3.129980957754425336e-02,2.942379575428450550e-02,5.568798927992101022e-02,2.750546582974821783e-02,1.064249947104873445e-01,8.330629804640665714e-02,2.684251357641582666e-02,7.370054305663305272e-02,1.571337894068693120e-01,1.068481557232526941e-01,1.360321602369701788e-01,1.024754919246773366e-01,2.715283165244375407e-02,7.159884335989843973e-02,2.746314972847168495e-02,1.637633119401932583e-02,2.939558502010014909e-02,1.547358770011989480e-02,3.004443190634036379e-02,9.859651597432822490e-03,6.220466887650751529e-03,2.513576415826221724e-02,2.293532689188236204e-02,2.909937231116439815e-02,1.819592354891036087e-02,2.166584385358628906e-02,7.250158685379787249e-03,6.615417166231750759e-03,2.431765286691586064e-02,3.025601241272304204e-02,3.293603216023697350e-02,1.262430354749982317e-02,4.312010720078990333e-02,6.630933070033147303e-02,7.195147753720290695e-02,1.843571478947739553e-02,7.745257070315254844e-02,5.100500740531772187e-02,6.164045419282036808e-02,5.247196558290429663e-02,1.077085831158755974e-01,3.263981945130121909e-02,3.644826856618943456e-02,2.558713590521193362e-02,1.864729529586007378e-02,2.873263276676775446e-02,4.238662811199661595e-02,5.454545454545454281e-02,4.874814867056915385e-02,9.897736088581705893e-02,1.037731856971577660e-01,2.914168841244093450e-02,8.165597009662176053e-02,2.189717187389801922e-01,1.059313068622610848e-01,1.392763946681712384e-01,9.677692361943719679e-02,2.177868679032371815e-02,6.884829677692362593e-02
4.031313914944636284e-02,9.814514422737852239e-02,6.082234290147400801e-02,2.822483955144932527e-02,1.446082234290147484e-01,1.686296635869948546e-01,2.003244234431200976e-01,4.491148882149657851e-02,2.317370759574017836e-01,1.291346357288948310e-01,1.544537696593553944e-01,1.037731856971577660e-01,0.000000000000000000e+00,9.164256999788419900e-02,5.505324776077297200e-02,6.173919176246561724e-02,5.171027575992664937e-02,9.518301713802101993e-02,8.844065166795965494e-02,1.715494745750758276e-01,8.265745116016644245e-02,3.290782142605261362e-01,2.523591226461668890e-01,8.131744128640948366e-02,2.256717681077650139e-01,4.774102546018760274e-01,3.268213555257775682e-01,4.143310529656534236e-01,3.169758092954368944e-01,8.233302771704634204e-02,2.155017984343042536e-01,8.409619860356866428e-02,4.976373510120601223e-02,8.726990619930884152e-02,4.733761196135129190e-02,9.086677480781436833e-02,3.001622117215600391e-02,1.887298116933493197e-02,7.741025460187601903e-02,6.911629875167500658e-02,8.624021440157980667e-02,5.475703505183722453e-02,6.597080189011919615e-02,2.204668876507511269e-02,2.011425347344664508e-02,7.305169617039283803e-02,9.316594964383947963e-02,1.006276888356019417e-01,3.766133013611679126e-02,1.310388602863389595e-01,2.044008745327597076e-01,2.194371958530220712e-01,5.571620001410537010e-02,2.392129205162564221e-01,1.523661753297129440e-01,1.864024261231398416e-01,1.551026165455955952e-01,3.279638902602440287e-01,9.914662529092319043e-02,1.114324000282107402e-01,7.807320685520841019e-02,5.707031525495451230e-02,8.849707313632837469e-02,1.287396854503138344e-01,1.686719796882713840e-01,1.461880245433387349e-01,3.059595175964454628e-01,3.168629663586994827e-01,8.708653642711051968e-02,2.500035263417730302e-01,6.644615276112560975e-01,3.262994569433669279e-01,4.220043726637985881e-01,2.967346075181606646e-01,6.619648776359404740e-02,2.077438465336060303e-01
1.141124197757246647e-02,2.825305028563368515e-02,1.778686790323718084e-02,8.124691445094858397e-03,4.148388461809718319e-02,4.877635940475350679e-02,5.749347626771986880e-02,1.280767331969814501e-02,6.708512589040130369e-02,3.799985894632907507e-02,4.543338740390718417e-02,3.019959094435432576e-02,9.164256999788419900e-02,0.000000000000000000e+00,1.584032724451654023e-02,1.785739473869807359e-02,1.512095352281543105e-02,2.730799069045771951e-02,2.615135058889907563e-02,4.990478877212779774e-02,2.354185767684604039e-02,9.498554199873052162e-02,7.272727272727272374e-02,2.341490937301643135e-02,6.498342619366669071e-02,1.370759574017913762e-01,9.449185415050426196e-02,1.201072007899005589e-01,9.162846463079202253e-02,2.407786162634882599e-02,6.241624938289019181e-02,2.383807038578179133e-02,1.395020805416460896e-02,2.499471048734043174e-02,1.349883630721489605e-02,2.589745398123986103e-02,8.646590027505465792e-03,5.529303900134001359e-03,2.200437266379857634e-02,1.976161929614218132e-02,2.502292122152479162e-02,1.568516820650257479e-02,1.922561534663939573e-02,6.220466887650751529e-03,5.811411241977572362e-03,2.065025742294943067e-02,2.677198674095493391e-02,2.911347767825657809e-02,1.083292192679314453e-02,3.774596233866986394e-02,5.904506664785950931e-02,6.296635869948515041e-02,1.606601311799139495e-02,6.924324705550462256e-02,4.437548487199379638e-02,5.386839692502997518e-02,4.491148882149657851e-02,9.429437901121376364e-02,2.832357712109457790e-02,3.211792086889061343e-02,2.239932294237957644e-02,1.657380633330982414e-02,2.543197686719796818e-02,3.773185697157768748e-02,4.873404330347697044e-02,4.172367585866422479e-02,8.783412088299598353e-02,9.107835531419705699e-02,2.495239438606389887e-02,7.220537414486212502e-02,1.918047817194442617e-01,9.447774878341208549e-02,1.220396360815290265e-01,8.569010508498484113e-02,1.939487975174553763e-02,5.982086183792933304e-02
7.052683546089287200e-03,1.688412440933775155e-02,1.077650045842442998e-02,4.866351646801607596e-03,2.512165879117004078e-02,2.949432258974539825e-02,3.469920304675928879e-02,7.927216305804358348e-03,4.087735383313350485e-02,2.224416390436561100e-02,2.705409408279850492e-02,1.823823965018689722e-02,5.505324776077297200e-02,1.584032724451654023e-02,0.000000000000000000e+00,1.069186825587135903e-02,8.872275900980322247e-03,1.664433316877071689e-02,1.551590380139643115e-02,3.008674800761689666e-02,1.454263347203610911e-02,5.723957966006065073e-02,4.457296001128429469e-02,1.445800126948303815e-02,3.902955074405811686e-02,8.396925029973904830e-02,5.742294943225897258e-02,7.173989703082023217e-02,5.520840679878694091e-02,1.409126172508639620e-02,3.770364623739332760e-02,1.452852810494393090e-02,8.660695394597643995e-03,1.551590380139643115e-02,8.293955850201002039e-03,1.568516820650257479e-02,5.148458988645179465e-03,3.300655899569786278e-03,1.335778263629310882e-02,1.210240496508921577e-02,1.524790182664503835e-02,9.662176458142322441e-03,1.128429367374285917e-02,3.766133013611679126e-03,3.484025671768107690e-03,1.280767331969814501e-02,1.603780238380703854e-02,1.761760349813103893e-02,6.615417166231750759e-03,2.266732491713096750e-02,3.592636998377882890e-02,3.783059454122293663e-02,9.901967698709358834e-03,4.206220466887650861e-02,2.626419352563650472e-02,3.256929261584032981e-02,2.729388532336553957e-02,5.707031525495451230e-02,1.706749418153607339e-02,1.984625149869525401e-02,1.352704704139925246e-02,9.803230129064109677e-03,1.531842866210593110e-02,2.242753367656393285e-02,2.959306015939064741e-02,2.568587347485718278e-02,5.360039495027858064e-02,5.589956978630369194e-02,1.541716623175118199e-02,4.361379504901614912e-02,1.162987516750123435e-01,5.718315819169193792e-02,7.341843571478948172e-02,5.193596163340150756e-02,1.138303124338810833e-02,3.633542562945200893e-02
7.870794837435643801e-03,1.885887580224275203e-02,1.187671909161435932e-02,5.402355596304394061e-03,2.790041610832921792e-02,3.268213555257775543e-02,3.871923266803018598e-02,8.576063192044573041e-03,4.509485859369490035e-02,2.514986952535439718e-02,3.017138021016996935e-02,2.000141053670921945e-02,6.173919176246561724e-02,1.785739473869807359e-02,1.069186825587135903e-02,0.000000000000000000e+00,1.001481063544678793e-02,1.847803089075393188e-02,1.706749418153607339e-02,3.338740390718668294e-02,1.595317018125396585e-02,6.354467875026446888e-02,4.877635940475350679e-02,1.584032724451654023e-02,4.359968968192397265e-02,9.285563156781155569e-02,6.364341631990973192e-02,8.123280908385641097e-02,6.175329712955779371e-02,1.599548628253050220e-02,4.192115099795472311e-02,1.624938289018971679e-02,9.718597926511036988e-03,1.694054587770646783e-02,9.126172508639536843e-03,1.746244446011707349e-02,5.769095140701036885e-03,3.695606178150786375e-03,1.490937301643275280e-02,1.313209676281825236e-02,1.663022780167853695e-02,1.050849848367303718e-02,1.292051625643557411e-02,4.259820861837929247e-03,3.794343747796036399e-03,1.411947245927075260e-02,1.816771281472600447e-02,1.950772268848296673e-02,7.292474786656322726e-03,2.527681782918400621e-02,3.974892446575922084e-02,4.230199590944354326e-02,1.073418435714789537e-02,4.627970942943790411e-02,2.952253332392975466e-02,3.625079342689893624e-02,3.008674800761689666e-02,6.369983778827843779e-02,1.916919387827068291e-02,2.172226532195500534e-02,1.524790182664503835e-02,1.105860780026800272e-02,1.725086395373439524e-02,2.507934268989350443e-02,3.276676775513082812e-02,2.825305028563368515e-02,5.953875449608576204e-02,6.161224345863600821e-02,1.692644051061428789e-02,4.871993793638479398e-02,1.285986317793920697e-01,6.329078214260526469e-02,8.257281895761336976e-02,5.757810847027294149e-02,1.317441286409478871e-02,4.017208547852457734e-02
6.587206432047394353e-03,1.591085407997743298e-02,9.873756964525002428e-03,4.640665773326751141e-03,2.369701671486000583e-02,2.719514775372029042e-02,3.275266238803865165e-02,7.207842584103250905e-03,3.730869595881233097e-02,2.117215600536003980e-02,2.513576415826221724e-02,1.706749418153607339e-02,5.171027575992664937e-02,1.512095352281543105e-02,8.872275900980322247e-03,1.001481063544678793e-02,0.000000000000000000e+00,1.531842866210593110e-02,1.450031737075957450e-02,2.778757317159179230e-02,1.355525777558360886e-02,5.289512659566965314e-02,4.091966993441004119e-02,1.308978066154171602e-02,3.650469003455814737e-02,7.755130827279779759e-02,5.283870512730094032e-02,6.774807814373369486e-02,5.130122011425347628e-02,1.354115240849143066e-02,3.517878552789336505e-02,1.349883630721489605e-02,7.997743141265251099e-03,1.426052613019253811e-02,7.560476761407715525e-03,1.509274278863107464e-02,4.950983849354679417e-03,3.060864659002750753e-03,1.241272304111714492e-02,1.132660977501939552e-02,1.421821002891600176e-02,8.872275900980322247e-03,1.086113266097750267e-02,3.554552507229000440e-03,3.230129064108893527e-03,1.197545666125960848e-02,1.516326962409196739e-02,1.615064532054446764e-02,6.107623950913322435e-03,2.138373651174271806e-02,3.295013752732914997e-02,3.563015727484307449e-02,8.971013470625573138e-03,3.843712532618661498e-02,2.498060512024825527e-02,3.031243388109175485e-02,2.544608223429014812e-02,5.329007687425064976e-02,1.633401509274278948e-02,1.777276253614500437e-02,1.282177868679032322e-02,9.295436913745680485e-03,1.434515833274560906e-02,2.086183792933211240e-02,2.708230481698286132e-02,2.383807038578179133e-02,4.907257211368926120e-02,5.116016644333169078e-02,1.413357782636293081e-02,4.020029621270893722e-02,1.075816348120459814e-01,5.276817829184004410e-02,6.914450948585937340e-02,4.816982861978982844e-02,1.091755412934621548e-02,3.383877565413639932e-02
1.218703716764228846e-02,2.909937231116439815e-02,1.843571478947739553e-02,8.336271951477536649e-03,4.276747302348543611e-02,5.083574300021158343e-02,5.975033500246843682e-02,1.340009873756964516e-02,7.004725297975879228e-02,3.894491854150504417e-02,4.667465970801890074e-02,3.129980957754425336e-02,9.518301713802101993e-02,2.730799069045771951e-02,1.664433316877071689e-02,1.847803089075393188e-02,1.531842866210593110e-02,0.000000000000000000e+00,2.663093307003314841e-02,5.154101135482051094e-02,2.467028704422032440e-02,9.863883207560476818e-02,7.561887298116932998e-02,2.482544608223428984e-02,6.757881373862754948e-02,1.439593765427745198e-01,9.872346427815784087e-02,1.251851329430848370e-01,9.501375273291487455e-02,2.465618167712814793e-02,6.501163692785104364e-02,2.506523732280132449e-02,1.495168911770928914e-02,2.640524719655829022e-02,1.423231539600818170e-02,2.663093307003314841e-02,8.787643698427251293e-03,5.726779039424501408e-03,2.304816982861979113e-02,2.033993934692150327e-02,2.567176810776500631e-02,1.626348825728189673e-02,1.963467099231257576e-02,6.544890330770858008e-03,5.896043444530644183e-03,2.196205656252204000e-02,2.815431271598843252e-02,3.038296071655264760e-02,1.138303124338810833e-02,3.905776147824246980e-02,6.154171662317511893e-02,6.535016573806333440e-02,1.681359757387685880e-02,7.165526482826715948e-02,4.556033570773679320e-02,5.611115029268636673e-02,4.668876507511107721e-02,9.858241060723604843e-02,2.940969038719232556e-02,3.378235418576768651e-02,2.344312010720079123e-02,1.718033711827350249e-02,2.675788137386275398e-02,3.888849707313633136e-02,5.065237322801326159e-02,4.410748289724240184e-02,9.219267931447916453e-02,9.526764934057409262e-02,2.656040623457225566e-02,7.539318710769447873e-02,1.987023062275195817e-01,9.784893151844276105e-02,1.273291487410959932e-01,8.883560194654066544e-02,2.008604273926228867e-02,6.226109034487622290e-02
1.115734536991325188e-02,2.726567458918118317e-02,1.722265321955003883e-02,7.828478736159109191e-03,4.077861626348825569e-02,4.735171732844347531e-02,5.582904295084279572e-02,1.238451230693278851e-02,6.535016573806333440e-02,3.667395443966429275e-02,4.419211509979547453e-02,2.942379575428450550e-02,8.844065166795965494e-02,2.615135058889907563e-02,1.551590380139643115e-02,1.706749418153607339e-02,1.450031737075957450e-02,2.663093307003314841e-02,0.000000000000000000e+00,4.862120036673954482e-02,2.292122152479018210e-02,9.243247055504619225e-02,7.076662670145990319e-02,2.286480005642146929e-02,6.303688553494604663e-02,1.334085619578249393e-01,9.231962761830876663e-02,1.172861273714648489e-01,8.916002538966076585e-02,2.334438253755553860e-02,6.086465900275054436e-02,2.269553565131532391e-02,1.373862754778193071e-02,2.440228506946893333e-02,1.307567529444953781e-02,2.555892517102757722e-02,8.350377318569716587e-03,5.317723393751322240e-03,2.081952182805557605e-02,1.923972071373157566e-02,2.445870653783764614e-02,1.517737499118414560e-02,1.887298116933493197e-02,6.037097115452429684e-03,5.613936102687072313e-03,2.031172861273714686e-02,2.602440228506947006e-02,2.835178785527893430e-02,1.053670921785739532e-02,3.684321884477043813e-02,5.721136892587629780e-02,6.103392340785668974e-02,1.569927357359475126e-02,6.755060300444319654e-02,4.302136963114464724e-02,5.262712462091825860e-02,4.378305945412229450e-02,9.164256999788419900e-02,2.792862684251357780e-02,3.146907398265039874e-02,2.194795119542986006e-02,1.619296142182100398e-02,2.496649975315607534e-02,3.684321884477043813e-02,4.763382467028704631e-02,4.084914309894915191e-02,8.584526412299879616e-02,8.883560194654066544e-02,2.468439241131250433e-02,7.059736229635375782e-02,1.862613724522180769e-01,9.191057197263559353e-02,1.197404612455039152e-01,8.364482685661894790e-02,1.907045630862543029e-02,5.865011636927851268e-02
2.145426334720361081e-02,5.283870512730094032e-02,3.369772198321461382e-02,1.503632132026236010e-02,7.839763029832851060e-02,9.199520417518866622e-02,1.074687918753085558e-01,2.409196699344100592e-02,1.278651526905987823e-01,6.979335637209958809e-02,8.467451865434798275e-02,5.568798927992101022e-02,1.715494745750758276e-01,4.990478877212779774e-02,3.008674800761689666e-02,3.338740390718668294e-02,2.778757317159179230e-02,5.154101135482051094e-02,4.862120036673954482e-02,0.000000000000000000e+00,4.414979899851893819e-02,1.789124761971930266e-01,1.378094364905846636e-01,4.371253261866139828e-02,1.220819521828055559e-01,2.584808519641723645e-01,1.798152196910924594e-01,2.246984977784046711e-01,1.728894844488327864e-01,4.492559418858875497e-02,1.180760279286268422e-01,4.426264193525636381e-02,2.627829889272868466e-02,4.800056421468369000e-02,2.537555539882925537e-02,4.904436137950490132e-02,1.600959164962268214e-02,1.021228577473728798e-02,4.049650892164468469e-02,3.709711545242964925e-02,4.694266168277029527e-02,2.935326891882361275e-02,3.557373580647436168e-02,1.141124197757246647e-02,1.084702729388532273e-02,3.929755271880950446e-02,5.062416249382890171e-02,5.501093165949643565e-02,2.005783200507793226e-02,7.078073206855207966e-02,1.117568234713308406e-01,1.179067635235206968e-01,3.042527681782918395e-02,1.309401227166936965e-01,8.209323647647930045e-02,1.014740108611326547e-01,8.388461809718597562e-02,1.770082516397489258e-01,5.338881444389590586e-02,6.127371464842372439e-02,4.258410325128711427e-02,3.113054517243811145e-02,4.798645884759150659e-02,7.073841596727555026e-02,9.313773890965512670e-02,7.838352493123633413e-02,1.674166020170674840e-01,1.732844347274137831e-01,4.725297975879822615e-02,1.359334226673249157e-01,3.600536003949502684e-01,1.786162634882572930e-01,2.303124338810917660e-01,1.628887791804781715e-01,3.689964031313915094e-02,1.135199943578531628e-01
1.053670921785739532e-02,2.544608223429014812e-02,1.574158967487128760e-02,7.419423090485930024e-03,3.768954087030115113e-02,4.345863601100218715e-02,5.244375484871993676e-02,1.182029762324564477e-02,5.989138867339022232e-02,3.378235418576768651e-02,4.000282107341843890e-02,2.750546582974821783e-02,8.265745116016644245e-02,2.354185767684604039e-02,1.454263347203610911e-02,1.595317018125396585e-02,1.355525777558360886e-02,2.467028704422032440e-02,2.292122152479018210e-02,4.414979899851893819e-02,0.000000000000000000e+00,8.492841526200718694e-02,6.623880386487057681e-02,2.145426334720361081e-02,5.839621976161929462e-02,1.248889202341490895e-01,8.422314690739826637e-02,1.064532054446716974e-01,8.155723252697651138e-02,2.118626137245221974e-02,5.575851611538189950e-02,2.248395514493264566e-02,1.327315043374003786e-02,2.300585372734325479e-02,1.248324987657803767e-02,2.368291134776782589e-02,7.941321672896536552e-03,4.950983849354679417e-03,2.072078425841032343e-02,1.821002891600253734e-02,2.286480005642146929e-02,1.459905494040482365e-02,1.703928344735171699e-02,5.896043444530644183e-03,5.289512659566964967e-03,1.923972071373157566e-02,2.414838846180971874e-02,2.608082375343818288e-02,9.972494534170251584e-03,3.379645955285986297e-02,5.295154806403836595e-02,5.715494745750758498e-02,1.455673883912828905e-02,6.219056350941533362e-02,3.969250299739050802e-02,4.843783059454122297e-02,4.118767190916143572e-02,8.561957824952394491e-02,2.561534663939629003e-02,2.902884547570350540e-02,2.038225544819803961e-02,1.468368714295789634e-02,2.266732491713096750e-02,3.290782142605261362e-02,4.359968968192397265e-02,3.833838775654136583e-02,7.951195429861061814e-02,8.234713308413851851e-02,2.283658932223711288e-02,6.461668664927004702e-02,1.736511742718104268e-01,8.464630792016361593e-02,1.090485929896325562e-01,7.721277946258552072e-02,1.660201706749418055e-02,5.384018619084561530e-02
