0.000000000000000000e+00,1.546771733604473779e-02,1.093035078800203355e-02,5.020335536349770922e-03,2.114895780376207374e-02,3.153279105236400648e-02,3.240976105744788893e-02,7.206405693950177632e-03,3.091001525165226402e-02,1.966192170818505461e-02,2.549567869852567212e-02,1.558210472801220201e-02,4.992374173868836112e-02,1.310371123538383274e-02,1.302745297407219109e-02,1.194712760549059526e-02,6.672597864768683475e-03,1.687849517031011701e-02,1.333248601931875943e-02,3.209201830198271654e-02,1.386629384850025445e-02,5.838840874428063293e-02,4.269191662430096845e-02,1.480681240467717277e-02,4.110320284697508569e-02,8.112608032536858249e-02,4.778851042196238103e-02,6.331977630910015642e-02,5.071174377224199614e-02,8.756990340620234362e-03,3.155821047280121805e-02,1.229028978139298442e-02,8.591764107778341805e-03,1.385358413828164693e-02,6.583629893238434304e-03,1.212506354855109360e-02,5.045754956786985095e-03,6.202338586680223448e-03,1.453990849008642526e-02,8.731570920183019321e-03,1.237925775292323359e-02,7.905439755973563479e-03,9.494153533299441033e-03,3.063040162684290899e-03,2.986781901372648814e-03,1.095577020843924686e-02,1.661159125571937123e-02,1.817488561260803201e-02,8.121504829689882646e-03,2.194966954753431454e-02,3.459583121504829911e-02,3.215556685307575241e-02,9.684799186578545160e-03,4.500508388408744342e-02,1.935688866293848454e-02,3.216827656329435819e-02,2.269954245043212873e-02,4.781392984239959260e-02,1.426029486527707196e-02,1.741230299949161203e-02,1.601423487544484034e-02,8.490086426029486849e-03,1.783172343670564458e-02,1.681494661921708114e-02,2.863497712252160640e-02,2.139044229791560794e-02,5.621504829689882854e-02,5.296136248093543525e-02,1.661159125571937123e-02,3.966700559227249318e-02,1.019191662430096595e-01,5.433401118454499190e-02,5.915099135739704944e-02,4.534824605998983432e-02,7.587697000508388488e-03,2.910523640061006556e-02
1.546771733604473779e-02,0.000000000000000000e+00,2.132689374682257208e-02,9.532282663955261859e-03,3.993390950686324242e-02,5.906202338586680201e-02,6.087951194712760278e-02,1.361209964412811446e-02,5.855363497712252202e-02,3.723945094051855920e-02,4.800457549567870019e-02,2.941026944585663563e-02,9.412811387900356375e-02,2.517793594306049973e-02,2.422470767666497216e-02,2.255973563802745468e-02,1.256990340620233945e-02,3.204117946110828646e-02,2.541942043721403047e-02,6.075241484494153799e-02,2.558464667005592302e-02,1.098627351296390386e-01,8.106253177427553969e-02,2.740213523131672727e-02,7.771987798678189896e-02,1.520335536349771144e-01,9.074733096085409179e-02,1.198906964921199747e-01,9.617437722419928947e-02,1.650991357397051454e-02,6.007880020335536198e-02,2.240721911540416791e-02,1.658617183528215619e-02,2.707168276563294215e-02,1.286222674123030027e-02,2.327147941026944458e-02,9.506863243518048553e-03,1.201067615658362939e-02,2.675394001016776976e-02,1.694204372140315287e-02,2.405948144382307960e-02,1.474326385358413864e-02,1.849262836807320787e-02,5.668530757498729290e-03,5.846466700559227632e-03,2.067869852567361458e-02,3.158362989323843656e-02,3.471021860701575812e-02,1.542958820538891697e-02,4.114133197763090999e-02,6.546771733604474230e-02,6.020589730554143371e-02,1.830198271479410374e-02,8.515505846466700501e-02,3.678190137264870235e-02,6.057447890188103617e-02,4.180223690899847327e-02,9.036603965429587659e-02,2.754194204372140478e-02,3.214285714285713969e-02,3.079562785968479807e-02,1.614133197763090860e-02,3.431621759023894408e-02,3.204117946110828646e-02,5.465175394001017123e-02,3.941281138790035665e-02,1.072318251143873913e-01,1.005465175394000960e-01,3.077020843924758650e-02,7.496187086934417987e-02,1.911667513980681299e-01,1.035205897305541412e-01,1.116293848500254232e-01,8.637519064565328530e-02,1.418403660396543031e-02,5.597356380274529780e-02
1.093035078800203355e-02,2.132689374682257208e-02,0.000000000000000000e+00,6.888662938485002642e-03,2.863497712252160640e-02,4.225978647686833012e-02,4.354346720894763934e-02,9.659379766141331855e-03,4.191662430096593922e-02,2.690645653279105307e-02,3.468479918657854655e-02,2.135231316725978712e-02,6.750127097102186224e-02,1.800965937976614292e-02,1.766649720386375202e-02,1.630655821047280116e-02,8.960345704117946009e-03,2.319522114895780293e-02,1.849262836807320787e-02,4.398830706659888345e-02,1.837824097610574539e-02,7.869852567361464157e-02,5.868073207930859375e-02,1.964921199796644535e-02,5.575749872902897863e-02,1.088840874428063099e-01,6.576004067107270312e-02,8.619725470259277655e-02,6.934417895271988153e-02,1.185815963396034609e-02,4.334011184544992595e-02,1.573462125063548531e-02,1.193441789527198774e-02,1.981443823080833791e-02,9.367056431113371037e-03,1.676410777834265453e-02,6.863243518047788469e-03,8.693441789527198496e-03,1.901372648703609711e-02,1.226487036095576938e-02,1.779359430604982376e-02,1.077783426537874852e-02,1.343416370106761612e-02,4.079816980172851736e-03,4.321301474326385075e-03,1.488307066598881616e-02,2.258515505846466626e-02,2.508896797153024882e-02,1.120996441281138858e-02,2.976614133197763232e-02,4.703863751906456336e-02,4.323843416370106579e-02,1.297661413319776275e-02,6.129893238434163533e-02,2.666497203863751886e-02,4.398830706659888345e-02,3.017285205897305561e-02,6.483223182511438365e-02,1.991611591255719460e-02,2.309354346720894624e-02,2.211489578037620710e-02,1.145144890696492106e-02,2.435180477885104389e-02,2.305541433655312542e-02,3.938739196746314508e-02,2.810116929334011138e-02,7.686832740213522808e-02,7.229283172343670127e-02,2.211489578037620710e-02,5.359684799186578696e-02,1.366166751398068258e-01,7.493645144890696830e-02,8.021098118962888268e-02,6.208693441789527034e-02,1.025673614641586101e-02,4.059481443823080571e-02
5.020335536349770922e-03,9.532282663955261859e-03,6.888662938485002642e-03,0.000000000000000000e+00,1.328164717844433108e-02,1.943314692425012619e-02,2.031011692933401211e-02,4.321301474326385075e-03,1.916624300965938041e-02,1.255719369598373193e-02,1.588713777325876861e-02,9.977122521606507713e-03,3.135485510930350467e-02,8.134214539908490166e-03,8.146924250127097686e-03,7.358922216573461801e-03,4.041687849517030910e-03,1.040925266903914605e-02,8.274021352313167682e-03,1.983985765124555295e-02,8.604473817996949325e-03,3.559989832231825330e-02,2.653787493645145060e-02,9.049313675648195179e-03,2.555922724961870798e-02,5.005083884087442592e-02,2.970259278088459645e-02,3.953990849008642838e-02,3.163446873411285970e-02,5.350788002033553432e-03,1.966192170818505461e-02,7.511438739196745970e-03,5.579562785968480119e-03,9.023894255210981874e-03,4.346720894763599248e-03,7.651245551601423486e-03,3.113879003558718810e-03,4.003558718861210085e-03,9.125571936959836830e-03,5.643111337061515118e-03,8.146924250127097686e-03,5.045754956786985095e-03,6.176919166243009275e-03,1.919166243009659415e-03,1.919166243009659415e-03,6.774275546517539298e-03,1.005338078291814936e-02,1.123538383324860189e-02,5.261820030503304262e-03,1.391713268937468280e-02,2.135231316725978712e-02,2.019572953736654963e-02,6.049822064056939279e-03,2.782155566853075634e-02,1.245551601423487524e-02,2.010676156583629873e-02,1.406964921199796610e-02,2.971530249110320224e-02,9.176410777834265176e-03,1.072699542450432190e-02,9.926283680732079368e-03,5.325368581596339260e-03,1.101931875953228272e-02,1.049822064056939522e-02,1.766649720386375202e-02,1.325622775800711778e-02,3.464667005592272225e-02,3.294356888662938743e-02,1.012963904422979101e-02,2.452974072191153876e-02,6.270971021860700934e-02,3.379511947127605831e-02,3.666751398068124335e-02,2.803762074224707551e-02,4.613624809354346760e-03,1.832740213523131531e-02
2.114895780376207374e-02,3.993390950686324242e-02,2.863497712252160640e-02,1.328164717844433108e-02,0.000000000000000000e+00,8.080833756990341010e-02,8.407473309608541612e-02,1.828927300457549449e-02,7.996949669547534501e-02,5.218607015760040602e-02,6.635739705134723054e-02,4.091255719369598504e-02,1.299440772750381223e-01,3.410015251652262491e-02,3.317234367056431238e-02,3.098627351296390567e-02,1.713268937468225700e-02,4.377224199288256429e-02,3.465937976614133498e-02,8.284189120488053004e-02,3.535841382816471562e-02,1.496949669547534278e-01,1.103965429588205371e-01,3.764616166751397902e-02,1.066853075749872870e-01,2.076893746822572329e-01,1.234875444839857589e-01,1.647686832740213603e-01,1.319395017793594249e-01,2.267412302999491716e-02,8.168530757498729256e-02,3.145653279105236483e-02,2.287747839349262707e-02,3.711235383833248747e-02,1.775546517539399946e-02,3.219369598373156977e-02,1.329435688866293860e-02,1.659888154550076197e-02,3.769700050838840910e-02,2.318251143873919715e-02,3.303253685815963486e-02,2.053889171326893706e-02,2.555922724961870798e-02,7.880020335536350173e-03,7.918149466192170999e-03,2.813929842399593220e-02,4.261565836298932680e-02,4.708947635993899344e-02,2.154295882053889125e-02,5.753685815963396205e-02,8.936197254702592241e-02,8.373157092018301828e-02,2.468225724453482553e-02,1.165353329944077282e-01,5.190645653279105098e-02,8.315963396034570243e-02,5.779105236400609857e-02,1.241103202846975118e-01,3.823080833756990066e-02,4.375953228266395850e-02,4.178952719877986749e-02,2.214031520081342214e-02,4.627605490594814686e-02,4.341637010676156760e-02,7.431367564819521543e-02,5.419420437214031439e-02,1.457041179461108227e-01,1.360320284697508764e-01,4.209456024402643409e-02,1.026563294356888645e-01,2.605490594814438010e-01,1.407854600915099119e-01,1.533553634977122548e-01,1.176919166243009657e-01,1.952211489578037709e-02,7.619471276054906594e-02
3.153279105236400648e-02,5.906202338586680201e-02,4.225978647686833012e-02,1.943314692425012619e-02,8.080833756990341010e-02,0.000000000000000000e+00,1.240849008642603002e-01,2.704626334519573058e-02,1.172724961870869331e-01,7.578800203355363918e-02,9.618708693441789526e-02,5.995170310116929024e-02,1.907981698017285344e-01,5.017793594306049765e-02,4.899593289273004859e-02,4.576766649720386687e-02,2.480935434672089379e-02,6.467971530249110035e-02,5.132180986273512935e-02,1.226487036095577077e-01,5.189374682257244520e-02,2.229918657854600972e-01,1.633451957295373735e-01,5.604982206405693945e-02,1.573080833756990426e-01,3.080833756990340455e-01,1.827783426537875067e-01,2.425394001016776824e-01,1.945602440264362076e-01,3.289273004575495735e-02,1.209074733096085347e-01,4.644128113879003594e-02,3.396034570411794740e-02,5.470259278088459437e-02,2.614387391967463309e-02,4.683528215556684998e-02,1.944585663446873544e-02,2.450432130147432719e-02,5.470259278088459437e-02,3.417641077783426656e-02,4.857651245551601604e-02,3.018556176919166140e-02,3.739196746314184250e-02,1.156583629893238353e-02,1.165480427046263270e-02,4.211997966446365260e-02,6.312913065582104188e-02,6.977630910015251986e-02,3.168530757498728978e-02,8.402389425521097910e-02,1.329435688866293930e-01,1.223182511438739156e-01,3.678190137264870235e-02,1.724707676664972156e-01,7.407219115404169163e-02,1.221148957803762092e-01,8.485002541942043841e-02,1.814311133706151546e-01,5.592272496187086772e-02,6.508642602948652711e-02,6.202338586680223448e-02,3.205388917132689225e-02,6.870869344178952287e-02,6.428571428571427937e-02,1.101296390442297879e-01,7.989323843416369642e-02,2.164844941535332967e-01,2.024275546517539381e-01,6.274783934926284057e-02,1.515124555160142217e-01,3.864006100660904997e-01,2.088205388917132588e-01,2.247203863751906505e-01,1.747585155058464790e-01,2.857142857142857054e-02,1.120488052872394558e-01
3.240976105744788893e-02,6.087951194712760278e-02,4.354346720894763934e-02,2.031011692933401211e-02,8.407473309608541612e-02,1.240849008642603002e-01,0.000000000000000000e+00,2.807574987290289634e-02,1.224326385358413816e-01,7.966446365022877840e-02,1.009023894255210996e-01,6.286222674123030651e-02,1.995932892730045705e-01,5.172852058973055611e-02,5.082613116420945515e-02,4.736908998474834848e-02,2.601677681748856136e-02,6.698017285205896953e-02,5.249110320284697262e-02,1.270335536349771199e-01,5.447381799694966942e-02,2.296517539400101671e-01,1.683528215556685248e-01,5.790543975597356452e-02,1.638281647178444211e-01,3.194204372140315162e-01,1.892984239959328852e-01,2.525546517539399849e-01,2.016395526182002962e-01,3.446873411286222738e-02,1.248983223182511398e-01,4.909761057447890181e-02,3.487544483985765414e-02,5.639298423995933035e-02,2.702084392475851554e-02,4.861464158617183340e-02,2.036095577020843872e-02,2.516522623284189047e-02,5.887137773258769441e-02,3.529486527707167975e-02,5.020335536349770922e-02,3.158362989323843656e-02,3.858668022369089734e-02,1.231570920183019772e-02,1.185815963396034609e-02,4.330198271479410166e-02,6.492119979664463802e-02,7.177173360447382244e-02,3.293085917641077470e-02,8.737925775292323949e-02,1.369217081850533924e-01,1.283045246568378372e-01,3.828164717844433074e-02,1.783045246568378261e-01,7.892730045754957346e-02,1.269445856634468794e-01,8.920945602440263911e-02,1.896415861718352691e-01,5.765124555160142106e-02,6.732333502796136737e-02,6.351042196237925708e-02,3.387137773258769996e-02,7.071682765632943124e-02,6.572191154041687189e-02,1.133579054397559766e-01,8.376970005083883564e-02,2.227630910015251653e-01,2.086807320793085951e-01,6.455261820030502862e-02,1.569013726487036020e-01,4.010421962379257521e-01,2.152262328418912130e-01,2.344051855617692026e-01,1.799822064056939563e-01,2.970259278088459645e-02,1.160142348754448355e-01
7.206405693950177632e-03,1.361209964412811446e-02,9.659379766141331855e-03,4.321301474326385075e-03,1.828927300457549449e-02,2.704626334519573058e-02,2.807574987290289634e-02,0.000000000000000000e+00,2.671581087951194547e-02,1.723436705643111369e-02,2.216573462125063718e-02,1.371377732587696942e-02,4.308591764107778249e-02,1.150228774783934940e-02,1.112099644128113941e-02,1.034570411794611018e-02,5.833756990340620112e-03,1.480681240467717277e-02,1.170564311133706105e-02,2.780884595831215056e-02,1.183274021352313105e-02,5.064819522114896028e-02,3.717590238942552333e-02,1.276054905948144358e-02,3.577783426537874817e-02,7.027198779867818712e-02,4.153533299440773097e-02,5.502033553634977370e-02,4.396288764616166495e-02,7.613116420945602661e-03,2.755465175394001057e-02,1.049822064056939522e-02,7.638535841382816834e-03,1.226487036095576938e-02,5.795627859684799286e-03,1.068886629384850108e-02,4.410269445856634246e-03,5.516014234875445121e-03,1.248093543467209028e-02,7.740213523131672657e-03,1.104473817996949603e-02,6.812404677173360124e-03,8.439247585155058504e-03,2.694458566344687129e-03,2.694458566344687129e-03,9.633960345704118550e-03,1.443823080833757030e-02,1.593797661413319869e-02,7.104728012201321809e-03,1.915353329944077115e-02,3.017285205897305561e-02,2.785968479918657717e-02,8.426537874936450984e-03,3.909506863243517732e-02,1.690391459074733205e-02,2.821555668530757385e-02,1.959837315709201874e-02,4.158617183528215411e-02,1.250635485510930359e-02,1.483223182511438781e-02,1.396797153024911115e-02,7.371631926792069321e-03,1.570920183019827027e-02,1.485765124555160112e-02,2.515251652262328469e-02,1.830198271479410374e-02,4.918657854600914925e-02,4.631418403660396421e-02,1.436197254702592865e-02,3.449415353329943895e-02,8.833248601931875665e-02,4.754702592780884335e-02,5.148703609557701844e-02,3.946365022877478673e-02,6.583629893238434304e-03,2.562277580071174385e-02
3.091001525165226402e-02,5.855363497712252202e-02,4.191662430096593922e-02,1.916624300965938041e-02,7.996949669547534501e-02,1.172724961870869331e-01,1.224326385358413816e-01,2.671581087951194547e-02,0.000000000000000000e+00,7.513980681240467474e-02,9.579308591764107428e-02,5.917641077783426795e-02,1.882816471784443391e-01,4.993645144890696691e-02,4.801728520589730598e-02,4.510676156583629665e-02,2.478393492628368222e-02,6.382816471784442947e-02,5.068632435180477763e-02,1.209456024402643659e-01,5.118200305033045183e-02,2.194077275038129049e-01,1.607269954245043320e-01,5.474072191154041866e-02,1.554524656837824037e-01,3.035841382816471534e-01,1.806939501779359358e-01,2.398830706659888234e-01,1.918784951703101094e-01,3.289273004575495735e-02,1.188866293848500205e-01,4.522114895780376259e-02,3.312150482968988230e-02,5.372394509405185870e-02,2.571174377224199128e-02,4.664463650228774932e-02,1.917895271987798619e-02,2.398322318251143795e-02,5.377478393492628184e-02,3.376970005083883980e-02,4.763599389933909772e-02,2.943568886629384720e-02,3.708693441789526896e-02,1.129893238434163776e-02,1.147686832740213610e-02,4.125571936959837593e-02,6.243009659379766124e-02,6.892475851550584898e-02,3.115149974580579476e-02,8.315963396034570243e-02,1.303253685815963514e-01,1.209837315709201833e-01,3.620996441281138650e-02,1.701830198271479522e-01,7.409761057447890320e-02,1.209710218607015775e-01,8.346466700559226903e-02,1.800584646670055911e-01,5.547788510421962360e-02,6.357397051347228600e-02,6.120996441281138789e-02,3.196492119979664481e-02,6.785714285714285199e-02,6.348500254194204551e-02,1.085282155566853063e-01,7.867310625317743000e-02,2.135612608032536885e-01,1.992501270971021865e-01,6.094306049822063864e-02,1.492755465175394092e-01,3.798551093035078541e-01,2.057956278596848043e-01,2.229664463650228856e-01,1.713396034570411897e-01,2.846975088967971385e-02,1.108286731062531755e-01
1.966192170818505461e-02,3.723945094051855920e-02,2.690645653279105307e-02,1.255719369598373193e-02,5.218607015760040602e-02,7.578800203355363918e-02,7.966446365022877840e-02,1.723436705643111369e-02,7.513980681240467474e-02,0.000000000000000000e+00,6.253177427554651446e-02,3.913319776309100162e-02,1.217590238942552056e-01,3.205388917132689225e-02,3.073207930859176568e-02,2.916878495170310143e-02,1.588713777325876861e-02,4.117946110828673428e-02,3.270208439247584975e-02,7.813929842399593151e-02,3.315963396034570659e-02,1.412175902389425641e-01,1.034062023385866752e-01,3.543467208947635727e-02,1.005719369598373214e-01,1.951830198271479466e-01,1.157346212506354804e-01,1.551728520589730487e-01,1.240849008642603002e-01,2.141586171835282298e-02,7.655058464667005569e-02,2.933401118454499398e-02,2.150482968988307042e-02,3.474834773767158241e-02,1.667513980681240363e-02,3.032536858159633891e-02,1.256990340620233945e-02,1.568378240976105870e-02,3.558718861209964751e-02,2.193695983731570875e-02,3.106253177427554732e-02,1.930604982206405792e-02,2.435180477885104389e-02,7.549567869852567663e-03,7.511438739196745970e-03,2.646161667513980548e-02,3.994661921708184821e-02,4.429334011184545006e-02,2.056431113370615210e-02,5.456278596847991685e-02,8.359176410777834076e-02,7.873665480427045893e-02,2.336044738179969549e-02,1.092399593289272997e-01,4.913573970513472611e-02,7.888917132689374223e-02,5.502033553634977370e-02,1.165480427046263340e-01,3.645144890696492418e-02,4.068378240976106008e-02,3.922216573462124906e-02,2.088205388917132796e-02,4.361972547025928099e-02,4.140823589222165924e-02,7.005592272496187489e-02,5.099135739705134424e-02,1.375317742755465256e-01,1.274783934926283779e-01,3.965429588205388739e-02,9.650482968988306764e-02,2.452719877986782038e-01,1.322064056939501742e-01,1.444204372140315273e-01,1.096339603457041206e-01,1.831469242501270953e-02,7.125063548551092973e-02
2.549567869852567212e-02,4.800457549567870019e-02,3.468479918657854655e-02,1.588713777325876861e-02,6.635739705134723054e-02,9.618708693441789526e-02,1.009023894255210996e-01,2.216573462125063718e-02,9.579308591764107428e-02,6.253177427554651446e-02,0.000000000000000000e+00,4.916115912557193768e-02,1.544102694458566460e-01,4.143365531265887081e-02,3.962887646161667582e-02,3.702338586680224003e-02,2.067869852567361458e-02,5.271987798678190451e-02,4.177681748856126170e-02,9.958057956278597300e-02,4.261565836298932680e-02,1.801220132180986200e-01,1.329816980172852103e-01,4.523385866802236838e-02,1.281392984239959343e-01,2.500889679715302405e-01,1.482968988307066527e-01,1.976232841891204794e-01,1.577147941026944555e-01,2.732587697000508561e-02,9.797915607524149140e-02,3.713777325876969904e-02,2.749110320284697470e-02,4.417895271987798411e-02,2.107269954245043209e-02,3.873919674631418064e-02,1.584900864260294778e-02,1.990340620233858535e-02,4.419166243009659684e-02,2.780884595831215056e-02,3.962887646161667582e-02,2.436451448906964967e-02,3.079562785968479807e-02,9.430604982206405168e-03,9.621250635485511030e-03,3.408744280630401913e-02,5.137264870360955943e-02,5.685053380782918026e-02,2.577529232333502715e-02,6.945856634468734747e-02,1.071301474326385311e-01,1.003812913065582069e-01,2.976614133197763232e-02,1.399593289273004526e-01,6.174377224199287945e-02,1.008388408744280568e-01,6.952211489578037640e-02,1.489705134722928426e-01,4.618708693441789248e-02,5.233858668022368932e-02,5.035587188612099946e-02,2.641077783426537887e-02,5.574478901881037285e-02,5.308845958312150698e-02,8.965429588205388323e-02,6.517539400101678149e-02,1.755592272496186990e-01,1.637773258769699980e-01,5.057193695983731863e-02,1.233350279613624756e-01,3.137264870360955693e-01,1.695475343162175796e-01,1.846593797661413294e-01,1.407600406710727003e-01,2.369089984748347713e-02,9.161159125571936845e-02
1.558210472801220201e-02,2.941026944585663563e-02,2.135231316725978712e-02,9.977122521606507713e-03,4.091255719369598504e-02,5.995170310116929024e-02,6.286222674123030651e-02,1.371377732587696942e-02,5.917641077783426795e-02,3.913319776309100162e-02,4.916115912557193768e-02,0.000000000000000000e+00,9.636502287747839013e-02,2.470767666497203710e-02,2.477122521606507297e-02,2.295373665480427219e-02,1.255719369598373193e-02,3.243518047788510744e-02,2.571174377224199128e-02,6.151499745805795449e-02,2.669039145907473390e-02,1.115531265887137746e-01,8.220640569395017139e-02,2.834265378749364558e-02,7.910523640061006834e-02,1.554270462633451921e-01,9.158617183528215688e-02,1.227249618708693424e-01,9.762328418912048777e-02,1.659888154550076197e-02,6.077783426537874956e-02,2.343670564311133714e-02,1.715810879511947204e-02,2.770716827656329387e-02,1.333248601931875943e-02,2.352567361464158457e-02,9.824605998983222677e-03,1.245551601423487524e-02,2.859684799186578558e-02,1.741230299949161203e-02,2.477122521606507297e-02,1.549313675648195283e-02,1.895017793594306124e-02,5.960854092526690108e-03,5.871886120996440937e-03,2.135231316725978712e-02,3.121504829689883062e-02,3.510421962379257910e-02,1.625571936959837455e-02,4.283172343670564597e-02,6.587442806304016907e-02,6.217590238942551778e-02,1.877224199288256290e-02,8.601931875953228168e-02,3.842145399084900825e-02,6.245551601423487281e-02,4.443314692425012757e-02,9.192933401118454084e-02,2.830452465683782476e-02,3.276563294356888562e-02,3.070665988815455064e-02,1.639552618200305206e-02,3.434163701067615565e-02,3.253685815963396066e-02,5.475343162175902445e-02,4.115404168784951577e-02,1.082104728012201339e-01,1.017158108795119531e-01,3.201576004067107489e-02,7.594051855617692248e-02,1.956024402643619653e-01,1.043085917641077831e-01,1.132053889171326932e-01,8.654041687849517439e-02,1.428571428571428527e-02,5.621504829689882854e-02
4.992374173868836112e-02,9.412811387900356375e-02,6.750127097102186224e-02,3.135485510930350467e-02,1.299440772750381223e-01,1.907981698017285344e-01,1.995932892730045705e-01,4.308591764107778249e-02,1.882816471784443391e-01,1.217590238942552056e-01,1.544102694458566460e-01,9.636502287747839013e-02,0.000000000000000000e+00,7.988052872394509063e-02,7.845704117946110390e-02,7.290289781392984836e-02,3.978139298423995912e-02,1.028978139298424022e-01,8.097356380274529919e-02,1.954372140315200901e-01,8.378240976105744142e-02,3.537747839349262846e-01,2.599771225216064852e-01,8.898068124046772109e-02,2.514870360955770434e-01,4.914336553126588680e-01,2.920183019827147786e-01,3.880274529740722067e-01,3.099517031011693180e-01,5.273258769700051030e-02,1.926410777834265398e-01,7.479664463650229078e-02,5.387646161667514200e-02,8.734112862226740825e-02,4.173868835790543741e-02,7.510167768174885738e-02,3.117691916624300980e-02,3.877732587697000494e-02,8.971784443314692603e-02,5.470259278088459437e-02,7.780884595831215333e-02,4.853838332486019175e-02,5.954499237417387042e-02,1.879766141331977794e-02,1.841637010676156622e-02,6.692933401118454639e-02,1.002669039145907409e-01,1.109049313675648241e-01,5.073716319267920771e-02,1.342653787493645057e-01,2.101423487544483992e-01,1.968861209964412884e-01,5.894763599389933606e-02,2.739323843416370252e-01,1.203736654804270501e-01,1.950305033045246494e-01,1.369471276054906039e-01,2.915480427046263090e-01,8.877732587697000077e-02,1.036476868327402129e-01,9.828418912048805800e-02,5.185561769191662090e-02,1.091001525165226221e-01,1.016395526182003045e-01,1.744916115912557297e-01,1.286858159633960386e-01,3.428571428571428603e-01,3.224453482460599707e-01,9.947890188103711284e-02,2.417132689374682231e-01,6.176029486527707668e-01,3.315327910523639954e-01,3.602694458566344515e-01,2.766522623284188853e-01,4.550076258261311762e-02,1.791306558210472855e-01
1.310371123538383274e-02,2.517793594306049973e-02,1.800965937976614292e-02,8.134214539908490166e-03,3.410015251652262491e-02,5.017793594306049765e-02,5.172852058973055611e-02,1.150228774783934940e-02,4.993645144890696691e-02,3.205388917132689225e-02,4.143365531265887081e-02,2.470767666497203710e-02,7.988052872394509063e-02,0.000000000000000000e+00,2.061514997458057871e-02,1.938230808337569958e-02,1.079054397559735604e-02,2.738942552109811801e-02,2.175902389425521041e-02,5.175394001016776768e-02,2.164463650228774794e-02,9.346720894763599352e-02,6.849262836807321064e-02,2.322064056939501797e-02,6.675139806812405152e-02,1.292831723436705660e-01,7.695729537366548245e-02,1.022369089984748319e-01,8.204117946110828230e-02,1.442552109811896278e-02,5.088967971530249101e-02,1.910269445856634454e-02,1.385358413828164693e-02,2.269954245043212873e-02,1.084138281647178438e-02,2.011947127605490451e-02,8.261311642094560162e-03,1.016776817488561184e-02,2.245805795627859799e-02,1.423487544483985692e-02,2.025927808845958203e-02,1.246822572445348276e-02,1.593797661413319869e-02,4.893238434163700926e-03,5.147432638535841785e-03,1.714539908490086279e-02,2.704626334519573058e-02,2.924504321301474308e-02,1.309100152516522696e-02,3.552364006100661165e-02,5.579562785968479599e-02,5.171581087951195033e-02,1.516268429079816946e-02,7.269954245043212804e-02,3.188866293848500316e-02,5.188103711235383941e-02,3.506609049313675480e-02,7.736400610066090922e-02,2.371631926792069217e-02,2.716065073716319306e-02,2.624555160142348631e-02,1.385358413828164693e-02,2.909252669039145978e-02,2.740213523131672727e-02,4.682257244534824420e-02,3.303253685815963486e-02,9.098881545500762946e-02,8.453228266395526602e-02,2.576258261311642137e-02,6.434926283680732217e-02,1.614260294865277057e-01,8.826893746822572773e-02,9.594560244026435758e-02,7.356380274529740471e-02,1.231570920183019772e-02,4.758515505846466764e-02
1.302745297407219109e-02,2.422470767666497216e-02,1.766649720386375202e-02,8.146924250127097686e-03,3.317234367056431238e-02,4.899593289273004859e-02,5.082613116420945515e-02,1.112099644128113941e-02,4.801728520589730598e-02,3.073207930859176568e-02,3.962887646161667582e-02,2.477122521606507297e-02,7.845704117946110390e-02,2.061514997458057871e-02,0.000000000000000000e+00,1.863243518047788538e-02,1.023131672597864771e-02,2.665226232841891307e-02,2.113624809354346795e-02,5.021606507371632194e-02,2.161921708185053290e-02,9.064565327910523163e-02,6.762836807320793397e-02,2.325876970005083880e-02,6.423487544483985623e-02,1.271352313167259662e-01,7.529232333502795804e-02,9.977122521606507366e-02,7.979156075241485013e-02,1.347229283172343695e-02,4.988561260803253683e-02,1.888662938485002538e-02,1.405693950177935858e-02,2.271225216065073799e-02,1.076512455516014273e-02,1.919166243009659545e-02,7.968988307066599344e-03,9.926283680732079368e-03,2.271225216065073799e-02,1.418403660396543031e-02,2.043721403152008037e-02,1.264616166751398110e-02,1.509913573970513533e-02,4.766141331977630929e-03,4.791560752414845102e-03,1.767920691408235781e-02,2.572445348246060054e-02,2.891459074733096143e-02,1.291306558210472862e-02,3.454499237417386903e-02,5.418149466192170860e-02,5.053380782918149433e-02,1.536603965429588284e-02,7.010676156583629803e-02,3.027452974072191230e-02,5.059735638027453020e-02,3.558718861209964751e-02,7.456786985256735889e-02,2.255973563802745468e-02,2.716065073716319306e-02,2.511438739196746386e-02,1.317996949669547613e-02,2.805033045246568477e-02,2.653787493645145060e-02,4.481443823080833583e-02,3.338840874428063155e-02,8.769700050838841188e-02,8.399847483477376753e-02,2.609303507880020301e-02,6.179461108286730953e-02,1.596339603457041234e-01,8.552364006100661442e-02,9.176410777834265176e-02,7.131418403660395866e-02,1.161667513980681188e-02,4.650482968988307181e-02
1.194712760549059526e-02,2.255973563802745468e-02,1.630655821047280116e-02,7.358922216573461801e-03,3.098627351296390567e-02,4.576766649720386687e-02,4.736908998474834848e-02,1.034570411794611018e-02,4.510676156583629665e-02,2.916878495170310143e-02,3.702338586680224003e-02,2.295373665480427219e-02,7.290289781392984836e-02,1.938230808337569958e-02,1.863243518047788538e-02,0.000000000000000000e+00,9.621250635485511030e-03,2.461870869344178966e-02,1.971276054905948122e-02,4.700050838840874601e-02,1.968734112862226618e-02,8.492628368073207312e-02,6.220132180986273629e-02,2.127605490594814547e-02,6.024402643619725800e-02,1.170564311133706209e-01,7.010676156583629803e-02,9.288256227758007189e-02,7.465683782409761327e-02,1.276054905948144358e-02,4.593289273004575596e-02,1.759023894255211037e-02,1.290035587188612110e-02,2.080579562785968631e-02,9.938993390950686888e-03,1.811133706151499614e-02,7.486019318759532665e-03,9.367056431113371037e-03,2.088205388917132796e-02,1.310371123538383274e-02,1.860701576004067034e-02,1.157854600915099105e-02,1.451448906964921196e-02,4.397559735638027593e-03,4.499237417386883417e-03,1.589984748347737786e-02,2.425012709710218720e-02,2.660142348754448299e-02,1.215048296898830690e-02,3.223182511438739406e-02,5.078800203355363779e-02,4.668276563294356668e-02,1.392984239959328858e-02,6.597610574478901535e-02,2.877478393492628392e-02,4.663192679206914354e-02,3.215556685307575241e-02,6.989069649211998581e-02,2.155566853075749703e-02,2.469496695475343132e-02,2.403406202338586803e-02,1.227758007117437690e-02,2.647432638535841473e-02,2.437722419928825546e-02,4.223436705643111161e-02,3.019827147941027065e-02,8.308337569903406772e-02,7.675394001016776213e-02,2.366548042704626209e-02,5.823589222165734963e-02,1.472292831723436835e-01,7.989323843416369642e-02,8.679461108286730397e-02,6.676410777834265731e-02,1.107015760040671107e-02,4.308591764107778249e-02
6.672597864768683475e-03,1.256990340620233945e-02,8.960345704117946009e-03,4.041687849517030910e-03,1.713268937468225700e-02,2.480935434672089379e-02,2.601677681748856136e-02,5.833756990340620112e-03,2.478393492628368222e-02,1.588713777325876861e-02,2.067869852567361458e-02,1.255719369598373193e-02,3.978139298423995912e-02,1.079054397559735604e-02,1.023131672597864771e-02,9.621250635485511030e-03,0.000000000000000000e+00,1.358668022369089942e-02,1.084138281647178438e-02,2.585155058464666880e-02,1.098118962887646190e-02,4.675902389425520833e-02,3.448144382308083317e-02,1.162938485002541940e-02,3.337569903406202576e-02,6.481952211489577786e-02,3.835790543975597239e-02,5.108032536858159861e-02,4.069649211997966587e-02,7.219115404168785152e-03,2.543213014743263972e-02,9.646670055922724335e-03,7.053889171326893463e-03,1.133706151499745858e-02,5.350788002033553432e-03,1.000254194204372102e-02,4.067107269954245083e-03,5.007625826131164269e-03,1.152770716827656271e-02,7.066598881545500983e-03,1.014234875444839853e-02,6.215048296898830968e-03,7.892730045754955959e-03,2.478393492628367962e-03,2.516522623284189221e-03,8.820538891713268492e-03,1.339603457041179529e-02,1.464158617183528195e-02,6.570920183019826784e-03,1.780630401626842954e-02,2.765632943568886726e-02,2.594051855617691971e-02,7.752923233350279310e-03,3.615912557193695642e-02,1.584900864260294778e-02,2.606761565836298797e-02,1.793340111845449780e-02,3.866293848500253899e-02,1.176919166243009691e-02,1.352313167259786529e-02,1.302745297407219109e-02,6.901372648703609294e-03,1.451448906964921196e-02,1.373919674631418446e-02,2.339857651245551631e-02,1.682765632943569040e-02,4.547534316217589911e-02,4.241230299949161342e-02,1.301474326385358357e-02,3.196492119979664481e-02,8.127859684799186579e-02,4.383579054397560015e-02,4.796644636502287590e-02,3.642602948652770567e-02,6.126080325368581797e-03,2.366548042704626209e-02
1.687849517031011701e-02,3.204117946110828646e-02,2.319522114895780293e-02,1.040925266903914605e-02,4.377224199288256429e-02,6.467971530249110035e-02,6.698017285205896953e-02,1.480681240467717277e-02,6.382816471784442947e-02,4.117946110828673428e-02,5.271987798678190451e-02,3.243518047788510744e-02,1.028978139298424022e-01,2.738942552109811801e-02,2.665226232841891307e-02,2.461870869344178966e-02,1.358668022369089942e-02,0.000000000000000000e+00,2.788510421962379221e-02,6.689120488052872904e-02,2.799949161159125469e-02,1.206024402643619681e-01,8.843416370106761681e-02,3.023640061006609148e-02,8.518047788510421658e-02,1.664209456024402511e-01,9.932638535841382954e-02,1.315582104728012236e-01,1.056685307574987270e-01,1.832740213523131531e-02,6.489578037620742645e-02,2.461870869344178966e-02,1.807320793085917532e-02,2.914336553126588639e-02,1.387900355871886197e-02,2.545754956786985129e-02,1.046009150991357439e-02,1.316725978647686861e-02,2.948652770716827728e-02,1.827656329435688870e-02,2.610574478901880879e-02,1.625571936959837455e-02,2.019572953736654963e-02,6.240467717336045141e-03,6.392984239959329310e-03,2.249618708693441882e-02,3.431621759023894408e-02,3.782409761057448083e-02,1.696746314184036444e-02,4.520843924758515681e-02,7.201321809862734624e-02,6.592526690391459221e-02,1.983985765124555295e-02,9.327656329435689286e-02,4.077275038129130752e-02,6.637010676156583633e-02,4.590747330960854439e-02,9.905948144382308029e-02,3.012201321809862900e-02,3.525673614641586240e-02,3.374428063040162823e-02,1.745043213014743286e-02,3.745551601423487836e-02,3.477376715810879398e-02,5.997712252160650875e-02,4.304778851042196514e-02,1.176664972038637541e-01,1.091255719369598337e-01,3.364260294865276807e-02,8.229537366548042576e-02,2.090747330960854022e-01,1.134087442806303997e-01,1.229028978139298373e-01,9.472547025927809117e-02,1.568378240976105870e-02,6.082867310625317964e-02
1.333248601931875943e-02,2.541942043721403047e-02,1.849262836807320787e-02,8.274021352313167682e-03,3.465937976614133498e-02,5.132180986273512935e-02,5.249110320284697262e-02,1.170564311133706105e-02,5.068632435180477763e-02,3.270208439247584975e-02,4.177681748856126170e-02,2.571174377224199128e-02,8.097356380274529919e-02,2.175902389425521041e-02,2.113624809354346795e-02,1.971276054905948122e-02,1.084138281647178438e-02,2.788510421962379221e-02,0.000000000000000000e+00,5.280884595831215195e-02,2.220386375190645800e-02,9.515760040671072950e-02,7.038637519064565307e-02,2.376715810879511878e-02,6.742501270971021365e-02,1.313421453990848975e-01,7.896542958820539082e-02,1.037366548042704673e-01,8.340111845449924011e-02,1.431113370615150031e-02,5.194458566344687528e-02,1.907727503812912950e-02,1.440010167768174948e-02,2.352567361464158457e-02,1.117183528215556602e-02,2.019572953736654963e-02,8.312150482968988507e-03,1.047280122013218018e-02,2.305541433655312542e-02,1.474326385358413864e-02,2.112353838332485870e-02,1.302745297407219109e-02,1.621759023894255372e-02,4.931367564819521751e-03,5.210981189628876784e-03,1.792069140823589202e-02,2.724961870869344049e-02,3.004575495678698388e-02,1.357397051347229364e-02,3.614641586171835064e-02,5.690137264870361034e-02,5.223690899847483610e-02,1.567107269954244944e-02,7.390696492119980254e-02,3.224453482460599985e-02,5.293594306049822368e-02,3.632435180477885245e-02,7.830452465683782060e-02,2.421199796644636637e-02,2.775800711743772395e-02,2.656329435688866217e-02,1.381545500762582611e-02,2.947381799694966803e-02,2.782155566853075634e-02,4.743263853584138434e-02,3.388408744280630575e-02,9.270462633451957701e-02,8.666751398068124612e-02,2.676664972038637555e-02,6.497203863751906117e-02,1.651753940010167732e-01,8.995932892730046371e-02,9.691154041687849441e-02,7.472038637519064219e-02,1.243009659379766194e-02,4.846212506354855010e-02
3.209201830198271654e-02,6.075241484494153799e-02,4.398830706659888345e-02,1.983985765124555295e-02,8.284189120488053004e-02,1.226487036095577077e-01,1.270335536349771199e-01,2.780884595831215056e-02,1.209456024402643659e-01,7.813929842399593151e-02,9.958057956278597300e-02,6.151499745805795449e-02,1.954372140315200901e-01,5.175394001016776768e-02,5.021606507371632194e-02,4.701321809862735179e-02,2.585155058464666880e-02,6.689120488052872904e-02,5.280884595831215195e-02,0.000000000000000000e+00,5.289781392984239938e-02,2.286222674123029874e-01,1.675266903914590655e-01,5.710472801220132372e-02,1.617946110828673012e-01,3.159633960345704096e-01,1.885866802236909057e-01,2.490340620233858770e-01,2.004702592780884529e-01,3.436705643111336722e-02,1.238179969496695509e-01,4.672089476359939098e-02,3.423995932892730243e-02,5.564311133706151269e-02,2.657600406710727142e-02,4.810625317742755341e-02,1.982714794102694369e-02,2.479664463650228801e-02,5.585917641077783186e-02,3.487544483985765414e-02,4.942806304016268693e-02,3.065582104728012056e-02,3.830706659888154231e-02,1.194712760549059526e-02,1.188357905439755939e-02,4.260294865277071408e-02,6.516268429079817570e-02,7.168276563294356807e-02,3.225724453482460563e-02,8.585409252669039259e-02,1.365785460091509806e-01,1.250889679715302405e-01,3.767158108795119753e-02,1.770716827656329539e-01,7.688103711235383386e-02,1.255719369598373159e-01,8.684544992374174099e-02,1.867183528215556609e-01,5.733350279613624867e-02,6.666243009659379715e-02,6.384087442806303525e-02,3.331215048296898990e-02,7.095831215048296892e-02,6.586171835282154940e-02,1.141204880528723931e-01,8.154550076258261504e-02,2.235256736146415957e-01,2.076639552618200213e-01,6.357397051347228600e-02,1.556685307574987298e-01,3.961616675139806865e-01,2.153024911032028477e-01,2.324478901881037174e-01,1.796263345195729666e-01,2.976614133197763232e-02,1.151626842907981646e-01
1.386629384850025445e-02,2.558464667005592302e-02,1.837824097610574539e-02,8.604473817996949325e-03,3.535841382816471562e-02,5.189374682257244520e-02,5.447381799694966942e-02,1.183274021352313105e-02,5.118200305033045183e-02,3.315963396034570659e-02,4.261565836298932680e-02,2.669039145907473390e-02,8.378240976105744142e-02,2.164463650228774794e-02,2.161921708185053290e-02,1.968734112862226618e-02,1.098118962887646190e-02,2.799949161159125469e-02,2.220386375190645800e-02,5.289781392984239938e-02,0.000000000000000000e+00,9.580579562785968006e-02,7.114895780376206957e-02,2.474580579562786140e-02,6.842907981698016784e-02,1.348246059989832157e-01,7.929588205388916899e-02,1.061769191662430140e-01,8.394763599389934439e-02,1.442552109811896278e-02,5.245297407219115526e-02,2.061514997458057871e-02,1.469242501270971030e-02,2.371631926792069217e-02,1.131164209456024354e-02,2.032282663955261789e-02,8.464667005592271809e-03,1.051093035078800274e-02,2.459328927300457462e-02,1.484494153533299360e-02,2.125063548551093043e-02,1.337061514997458025e-02,1.588713777325876861e-02,5.147432638535841785e-03,4.994916115912557616e-03,1.869598373157092125e-02,2.724961870869344049e-02,3.043975597356380139e-02,1.376461616675139776e-02,3.701067615658362731e-02,5.697763091001525199e-02,5.416878495170310281e-02,1.619217081850533868e-02,7.456786985256735889e-02,3.285460091509913305e-02,5.415607524148449703e-02,3.834519572953736660e-02,7.974072191154041311e-02,2.389425521098119051e-02,2.876207422470767813e-02,2.638535841382816383e-02,1.417132689374682279e-02,2.938485002541942059e-02,2.820284697508896807e-02,4.720386375190645939e-02,3.577783426537874817e-02,9.250127097102185669e-02,8.852313167259787119e-02,2.770716827656329387e-02,6.548042704626334809e-02,1.698144382308083289e-01,9.016268429079817015e-02,9.827147941026945221e-02,7.492374173868836251e-02,1.251906456532791111e-02,4.886883579054397686e-02
