0.000000000000000000e+00,1.450770193266938402e-02,1.024669856782942437e-02,5.038805566358364220e-03,2.179537038602661486e-02,3.068936947295446485e-02,3.121354052180382380e-02,6.104056407568353264e-03,3.380057827902808315e-02,1.853198288835156832e-02,2.463603929591991898e-02,1.423716203648906810e-02,4.176459647283610466e-02,1.168394176628734758e-02,8.606550447236266388e-03,8.234558089988332219e-03,7.761113271672782400e-03,1.345935983497066266e-02,1.410189208839891101e-02,2.825451040733163027e-02,1.560677026090191190e-02,4.382746318121100160e-02,4.533234135371400769e-02,1.486278554640604703e-02,3.452765425001268207e-02,6.345851439779509606e-02,3.814612536142439336e-02,5.926514600700021757e-02,4.869718131245667075e-02,1.388207842275240508e-02,2.984393229739098000e-02,1.109213574339290923e-02,8.166923115943254541e-03,1.237720025024940419e-02,7.270759709845961427e-03,1.501496423800747354e-02,5.850425254899308501e-03,3.432474932787744643e-03,1.153176307468591934e-02,7.321485940379770553e-03,1.006070238920545729e-02,8.048561911364366869e-03,1.244483522429448187e-02,3.669197341945519986e-03,3.128117549584890321e-03,7.439847144958658225e-03,1.202211663651274118e-02,1.751745827767538580e-02,5.512250384673914906e-03,2.122047310664344419e-02,2.933666999205289047e-02,3.310731979506603001e-02,8.826364112882772311e-03,3.314113728208856885e-02,1.733146209905141871e-02,2.891395140427114804e-02,1.878561404102061308e-02,4.348928831098561321e-02,1.239410899376067361e-02,1.229265653269305536e-02,1.269846637696352837e-02,6.560592482372634530e-03,1.186993794491131293e-02,1.545459156930048539e-02,2.397659829898040121e-02,1.646911617997666444e-02,3.983699971255136307e-02,5.172384640097394543e-02,1.252937894185083070e-02,3.226188261950254516e-02,8.995451547995468589e-02,4.181532270336991292e-02,5.632302463603929693e-02,3.829830405302581814e-02,1.146412810064084166e-02,3.210970392790112038e-02
1.450770193266938402e-02,0.000000000000000000e+00,2.620855244246799928e-02,1.278301009451987547e-02,5.593412353528009334e-02,7.894692345411812029e-02,8.006290052586192973e-02,1.408498334488764159e-02,8.702930285250502773e-02,4.663431460408177381e-02,6.342469691077255722e-02,3.517018650344092695e-02,1.077256049102991164e-01,3.023283339815018358e-02,2.100065944099693827e-02,2.088229823641805233e-02,1.976632116467425329e-02,3.489964660726061624e-02,3.645525101029742365e-02,7.120271892595661511e-02,3.733450567288344735e-02,1.109720836644629005e-01,1.114286197392671818e-01,3.593107996144806471e-02,9.010669417155611760e-02,1.632201011142861979e-01,9.730981890735698747e-02,1.516545205525777484e-01,1.252092457009519599e-01,3.503491655535077159e-02,7.554826600835291839e-02,2.825451040733163027e-02,2.040885341810250164e-02,3.024974214166145300e-02,1.814308178759236473e-02,3.851811771867232753e-02,1.499805549449620412e-02,8.386736781589760464e-03,2.925212627449654337e-02,1.880252278453188250e-02,2.544765898446086499e-02,2.044267090512504048e-02,3.111208806073620728e-02,9.316717674709592417e-03,7.558208349537545896e-03,1.739909707309649986e-02,3.074009570348827311e-02,4.435163423006036748e-02,1.389898716626367450e-02,5.378671310934884237e-02,7.558208349537545723e-02,8.501716237466393211e-02,2.100065944099693827e-02,8.616695693343028040e-02,4.467290035677448645e-02,7.387430040073722504e-02,4.590723863309717490e-02,1.117329771224700313e-01,3.202516021034476634e-02,3.041882957677415067e-02,3.325949848666745479e-02,1.702710471584856569e-02,3.050337329433049777e-02,3.897465379347660880e-02,6.149710015048781564e-02,3.932973740721326661e-02,1.039211376202634346e-01,1.262237703116281529e-01,3.028355962868399184e-02,8.236248964339459855e-02,2.286400297593885744e-01,1.072183426049610200e-01,1.453306504793628884e-01,1.000321266126714126e-01,2.984393229739098000e-02,8.210885849072555032e-02
1.024669856782942437e-02,2.620855244246799928e-02,0.000000000000000000e+00,9.063086522040547655e-03,3.946500735530342890e-02,5.579885358718993799e-02,5.612011971390405696e-02,9.891614954092761355e-03,6.127728648484131319e-02,3.298895859048714407e-02,4.462217412624067819e-02,2.483894421805515548e-02,7.566662721293181126e-02,2.118665561962090535e-02,1.506569046854128353e-02,1.469369811129334936e-02,1.396662214030875392e-02,2.443313437378468247e-02,2.622546118597926870e-02,5.004988079335824513e-02,2.647909233864831346e-02,7.849038737931383902e-02,7.805076004802083411e-02,2.527857154934816733e-02,6.303579581001335363e-02,1.154021744644155439e-01,6.871713362979997575e-02,1.068632589912243552e-01,8.828054987233899253e-02,2.443313437378468247e-02,5.302581965134171155e-02,1.969868619062917561e-02,1.455842816320319227e-02,2.176155289900407602e-02,1.298591501665511197e-02,2.715544207909910066e-02,1.051723846400974029e-02,5.934968972455656466e-03,2.035812718756869338e-02,1.329027239985796673e-02,1.815999053110363415e-02,1.462606313724827169e-02,2.209972776922946788e-02,6.628227456417713943e-03,5.360071693072487528e-03,1.236029150673813477e-02,2.157555672038010894e-02,3.139953670042779088e-02,9.891614954092761355e-03,3.811230787440185452e-02,5.273837101165012448e-02,5.984004328638339171e-02,1.462606313724827169e-02,6.090529412759337902e-02,3.150098916149540740e-02,5.219729121928949611e-02,3.214352141492365922e-02,7.842275240526876134e-02,2.240408515243232437e-02,2.203209279518439020e-02,2.330024855852961402e-02,1.195448166246766177e-02,2.123738185015471361e-02,2.810233171573020550e-02,4.342165333694052859e-02,2.788251805008369957e-02,7.324867689082024957e-02,8.887235589523342916e-02,2.140646928526741127e-02,5.786172029556483493e-02,1.608528770227084514e-01,7.549753977781911707e-02,1.017568184508209211e-01,6.976547572749869364e-02,2.084848074939551349e-02,5.803080773067753606e-02
5.038805566358364220e-03,1.278301009451987547e-02,9.063086522040547655e-03,0.000000000000000000e+00,1.937742006391504970e-02,2.698635464398640646e-02,2.784870056306115726e-02,4.903535618268206261e-03,3.011447219357129418e-02,1.636766371890904792e-02,2.191373159060550080e-02,1.224193030215924710e-02,3.704705703319186028e-02,1.041578600294212203e-02,7.236942222823421721e-03,7.236942222823421721e-03,6.848041122064219000e-03,1.198829914949020060e-02,1.252937894185083070e-02,2.426404693867198828e-02,1.307045873421146080e-02,3.789249420875534513e-02,3.806158164386804627e-02,1.229265653269305536e-02,3.068936947295446485e-02,5.596794102230263218e-02,3.309041105155476059e-02,5.243401362844726799e-02,4.269457736595593661e-02,1.202211663651274118e-02,2.581965134170879916e-02,9.621075057912447173e-03,7.067854787710724923e-03,1.068632589912243622e-02,6.340778816726129474e-03,1.334099863039177498e-02,5.123349283914712185e-03,2.959030114472193523e-03,9.942341184626569614e-03,6.560592482372634530e-03,8.961634060972929403e-03,7.101672274733264630e-03,1.102450076934782981e-02,3.297204984697587118e-03,2.688490218291878908e-03,6.171691381613432677e-03,1.048342097698719971e-02,1.520096041663144062e-02,4.852809387734397135e-03,1.883634027155442134e-02,2.590419505926514626e-02,2.942121370960923757e-02,7.355303427402309392e-03,2.962411863174447407e-02,1.570822272196953015e-02,2.546456772797213441e-02,1.602948884868365259e-02,3.856884394920613579e-02,1.124431443499433574e-02,1.053414720752100971e-02,1.136267563957322341e-02,5.985695202989465592e-03,1.058487343805481797e-02,1.357772103954955033e-02,2.101756818450820768e-02,1.379753470519605625e-02,3.550836137366632228e-02,4.328638338885037323e-02,1.063559966858862796e-02,2.850814156000067504e-02,7.867638355793780958e-02,3.660742970189884843e-02,5.032042068953856279e-02,3.405420943169713138e-02,1.034815102889704262e-02,2.832214538137671142e-02
2.179537038602661486e-02,5.593412353528009334e-02,3.946500735530342890e-02,1.937742006391504970e-02,0.000000000000000000e+00,1.191897330109399633e-01,1.227067516612840442e-01,2.135574305473360301e-02,1.302987774978441315e-01,7.142253259160312451e-02,9.506095602035813386e-02,5.361762567423614817e-02,1.629326524745946247e-01,4.523088889264638424e-02,3.065555198593192601e-02,3.136571921340525204e-02,2.977629732334590232e-02,5.260310106355996912e-02,5.439542787575455535e-02,1.042424037469775605e-01,5.639065961008437461e-02,1.640993557768722078e-01,1.652829678226611088e-01,5.385434808339392004e-02,1.347119595542855264e-01,2.450415109653201751e-01,1.441639471770852776e-01,2.266955242555925565e-01,1.855565512926734550e-01,5.147021524830489719e-02,1.126967755026123952e-01,4.391200689876735563e-02,3.099372685615731787e-02,4.661740586057050439e-02,2.808542297221893608e-02,5.889315364975229034e-02,2.275916876616898565e-02,1.288446255558749372e-02,4.548452004531543247e-02,2.898158637831622572e-02,3.932973740721326661e-02,3.192370774927714983e-02,4.698939821781843162e-02,1.401734837084256217e-02,1.154867181819719049e-02,2.644527485162577463e-02,4.563669873691685724e-02,6.651899697333490957e-02,2.096684195397439943e-02,8.214267597774808916e-02,1.136098476522209577e-01,1.290813479650327056e-01,3.187298151874334157e-02,1.294702490657919092e-01,6.826059755499569448e-02,1.120373345056728809e-01,6.968093200994233960e-02,1.688168952165164660e-01,4.830828021169746717e-02,4.526470637966893001e-02,4.952570974450888619e-02,2.605637375086657451e-02,4.568742496745066550e-02,5.848734380548181733e-02,9.066468270742801538e-02,5.982313454287212229e-02,1.539202921830878645e-01,1.885324901506569006e-01,4.654977088652541978e-02,1.239072724505841938e-01,3.440760217108266850e-01,1.594156338242505300e-01,2.185624186266718616e-01,1.481882281327674411e-01,4.499416648348861236e-02,1.238396374765391161e-01
3.068936947295446485e-02,7.894692345411812029e-02,5.579885358718993799e-02,2.698635464398640646e-02,1.191897330109399633e-01,0.000000000000000000e+00,1.712179367951167652e-01,2.965793611876701291e-02,1.832907796621633112e-01,9.845961346612333576e-02,1.333761688168952075e-01,7.438156270607530762e-02,2.278791363013814575e-01,6.389814172908811485e-02,4.413182056441385809e-02,4.382746318121100160e-02,4.108824673238531400e-02,7.378975668318087100e-02,7.720532287245734926e-02,1.478162357755195278e-01,7.835511743122368367e-02,2.333237517120102800e-01,2.340170101959723470e-01,7.605552831369101485e-02,1.903586344498740257e-01,3.461727059062241207e-01,2.045112527688067450e-01,3.190848988011700804e-01,2.632691364704689008e-01,7.272450584197087675e-02,1.592634551326490844e-01,6.029657936118767297e-02,4.396273312930116389e-02,6.525084120998968229e-02,3.927901117667945835e-02,8.175377487698888557e-02,3.172080282714191679e-02,1.780490691736696940e-02,6.202127119933717458e-02,4.088534181025008096e-02,5.513941259025041675e-02,4.460526538272940877e-02,6.548756361914746804e-02,1.959723372956155563e-02,1.619857628379635026e-02,3.719923572479329199e-02,6.479430513518540102e-02,9.401261392265940209e-02,2.925212627449654337e-02,1.137789350873336658e-01,1.595170862853181326e-01,1.805684719568488861e-01,4.387818941174480986e-02,1.831893272010956808e-01,9.399570517914813961e-02,1.566933261189361049e-01,9.761417629055985090e-02,2.361813293654148604e-01,6.717843797027442387e-02,6.487884885274175506e-02,6.995147190612265031e-02,3.642143352327488481e-02,6.394886795962191617e-02,8.266684702659744810e-02,1.294195228352581217e-01,8.268375577010872446e-02,2.196614869549043947e-01,2.659407179452494829e-01,6.547065487563619168e-02,1.747856816759946474e-01,4.847060414940565498e-01,2.270336991258179726e-01,3.062511624761163898e-01,2.111732977122469934e-01,6.291743460543447464e-02,1.740078794744762403e-01
3.121354052180382380e-02,8.006290052586192973e-02,5.612011971390405696e-02,2.784870056306115726e-02,1.227067516612840442e-01,1.712179367951167652e-01,0.000000000000000000e+00,3.068936947295446485e-02,1.861990835461016791e-01,1.019597233729561542e-01,1.364028339054124961e-01,7.671496931063052915e-02,2.342875500921526577e-01,6.541992864510237649e-02,4.333710961938418149e-02,4.506180145753369004e-02,4.252548993084324241e-02,7.566662721293181126e-02,7.744204528161512113e-02,1.484587680289477796e-01,8.075615900982398287e-02,2.342030063745963175e-01,2.361306031348810452e-01,7.756040648619401401e-02,1.931316683857222660e-01,3.491824622512301191e-01,2.051030587917011816e-01,3.260513011278131645e-01,2.652812769483099964e-01,7.400957034882738039e-02,1.616306792242268586e-01,6.296816083596827596e-02,4.499416648348861236e-02,6.712771173974062255e-02,4.036117076140072202e-02,8.491570991359631559e-02,3.298895859048714407e-02,1.858270911888537658e-02,6.584264723288411891e-02,4.196750139497133769e-02,5.721918804213659004e-02,4.621159601630003139e-02,6.773642650614632166e-02,2.012140477841091457e-02,1.668892984562317036e-02,3.804467290035677685e-02,6.557210733670380820e-02,9.490877732875670214e-02,2.996229350196986940e-02,1.181413909132412315e-01,1.636428197020679265e-01,1.860807223415228140e-01,4.594105612011971373e-02,1.849478365262677282e-01,9.835816100505571924e-02,1.607683333051520835e-01,1.003533927393855385e-01,2.433168191271706526e-01,6.974856698398741728e-02,6.359378434588525142e-02,7.135489761755803295e-02,3.757122808204122616e-02,6.591028220692919659e-02,8.283593446171015617e-02,1.292673441436566761e-01,8.554133342351330493e-02,2.201180230297086760e-01,2.686292081635413553e-01,6.716152922676316139e-02,1.787254189141204985e-01,4.929067820970223779e-01,2.285723947853434967e-01,3.135219221859623651e-01,2.124752709626147595e-01,6.447303900847127511e-02,1.775587156118428878e-01
6.104056407568353264e-03,1.408498334488764159e-02,9.891614954092761355e-03,4.903535618268206261e-03,2.135574305473360301e-02,2.965793611876701291e-02,3.068936947295446485e-02,0.000000000000000000e+00,3.256624000270540165e-02,1.799090309599093648e-02,2.385823709440151527e-02,1.405116585786510275e-02,4.049644070949087737e-02,1.151485433117464992e-02,8.217649346477062799e-03,7.964018193808018037e-03,7.490573375492467351e-03,1.293518878612130371e-02,1.357772103954955033e-02,2.690181092643005589e-02,1.511641669907509179e-02,4.188295767741499059e-02,4.394582438578989447e-02,1.442315821511303518e-02,3.358076461338158070e-02,6.148019140697654622e-02,3.630307231869599888e-02,5.767572411694087131e-02,4.700630696132970104e-02,1.337481611741431556e-02,2.884631643022607037e-02,1.061869092507735680e-02,7.980926937319287456e-03,1.207284286704654944e-02,7.084763531221995210e-03,1.486278554640604703e-02,5.816607767876768795e-03,3.331022471720126391e-03,1.114286197392671748e-02,7.135489761755804336e-03,9.993067415160379607e-03,7.913291963274209778e-03,1.224193030215924710e-02,3.601562367900441441e-03,3.077391319051081195e-03,7.422938401447388805e-03,1.153176307468591934e-02,1.689183476775840687e-02,5.343162949561218109e-03,2.062866708374900757e-02,2.847432407297813620e-02,3.243097005461523935e-02,8.420554268612299303e-03,3.214352141492365922e-02,1.692565225478094570e-02,2.791633553710623841e-02,1.865034409293045425e-02,4.235640249573054128e-02,1.225883904567051652e-02,1.158248930521972933e-02,1.232647401971559420e-02,6.357687560237398894e-03,1.153176307468591934e-02,1.465988062427081053e-02,2.314806986692818924e-02,1.584349267005968898e-02,3.829830405302581814e-02,4.962716220557650271e-02,1.237720025024940419e-02,3.148408041798413798e-02,8.701239410899376525e-02,4.042880573544579970e-02,5.503796012918280023e-02,3.735141441639471677e-02,1.122740569148306632e-02,3.104445308669112960e-02
3.380057827902808315e-02,8.702930285250502773e-02,6.127728648484131319e-02,3.011447219357129418e-02,1.302987774978441315e-01,1.832907796621633112e-01,1.861990835461016791e-01,3.256624000270540165e-02,0.000000000000000000e+00,1.090275781606668826e-01,1.467171674472869947e-01,8.138178251974095834e-02,2.494377842782502797e-01,7.010365059772408203e-02,4.866336382543413192e-02,4.832518895520873659e-02,4.597487360714225257e-02,8.065470654875636636e-02,8.522006729679917902e-02,1.643529869295412560e-01,8.642058808609932863e-02,2.574356199590808192e-01,2.568269051926751478e-01,8.300502189682285037e-02,2.087553473901354317e-01,3.804298202600564505e-01,2.249708324174430618e-01,3.518709524695219915e-01,2.907965709068159321e-01,8.075615900982398287e-02,1.746842292149270448e-01,6.523393246647841981e-02,4.741211680560017405e-02,7.086454405573121285e-02,4.250858118733196606e-02,9.000524171048848721e-02,3.506873404237331043e-02,1.958032498605028621e-02,6.736443414889839443e-02,4.426709051250401344e-02,5.984004328638339171e-02,4.822373649414112007e-02,7.260614463739199775e-02,2.155864797686883952e-02,1.760200199523173289e-02,4.090225055376135038e-02,7.062782164657344097e-02,1.028897042660759931e-01,3.221115638896873690e-02,1.251247019833956198e-01,1.747518641889721225e-01,1.971897668284269822e-01,4.829137146818619775e-02,2.015353139108232994e-01,1.037351414416394779e-01,1.715053854348083384e-01,1.060178218156608843e-01,2.592279467712754193e-01,7.421247527096261343e-02,7.214960856258771649e-02,7.641061192742767960e-02,3.970172976446120078e-02,6.995147190612265031e-02,9.167920731810419444e-02,1.422701679038230749e-01,9.135794119139006852e-02,2.407466901134576731e-01,2.923183578228301660e-01,7.105054023435518340e-02,1.907475355506332293e-01,5.311374511760030837e-01,2.477976361576571251e-01,3.372956155628075159e-01,2.311932500295902915e-01,6.917366970460425701e-02,1.903417257063627632e-01
1.853198288835156832e-02,4.663431460408177381e-02,3.298895859048714407e-02,1.636766371890904792e-02,7.142253259160312451e-02,9.845961346612333576e-02,1.019597233729561542e-01,1.799090309599093648e-02,1.090275781606668826e-01,0.000000000000000000e+00,7.994453932128303686e-02,4.448690417815052284e-02,1.350670431680221772e-01,3.824757782249200988e-02,2.609019123788911335e-02,2.654672731269339461e-02,2.482203547454388606e-02,4.359074077205322972e-02,4.567051622393939608e-02,8.855108976851930325e-02,4.751356926666779057e-02,1.387362405099677176e-01,1.392942290458396015e-01,4.507871020104495946e-02,1.125445968110109773e-01,2.038179942848447057e-01,1.207960636445105790e-01,1.908828054987233847e-01,1.563889687357332414e-01,4.396273312930116389e-02,9.463823743257639143e-02,3.503491655535077159e-02,2.568438139361864034e-02,3.860266143622867463e-02,2.294516494479295274e-02,4.945807477046380851e-02,1.914069765475727436e-02,1.075396087316751563e-02,3.675960839350028014e-02,2.390896332493532353e-02,3.258314874621667107e-02,2.622546118597926870e-02,4.000608714766405727e-02,1.176848548384369642e-02,9.671801288446255432e-03,2.240408515243232437e-02,3.829830405302581814e-02,5.512250384673914733e-02,1.751745827767538580e-02,6.893694729544647126e-02,9.392807020510306193e-02,1.075396087316751459e-01,2.636073113406942753e-02,1.079792360629681647e-01,5.703319186351261949e-02,9.281209313335926636e-02,5.804771647418880548e-02,1.405623848091848427e-01,4.102061175834023632e-02,3.782485923471026745e-02,4.135878662856563165e-02,2.162628295091391720e-02,3.802776415684550743e-02,4.903535618268206608e-02,7.646133815796148092e-02,4.986388461473428152e-02,1.286924468642735020e-01,1.573358583723643567e-01,3.851811771867232753e-02,1.037182326981282016e-01,2.864002975938857998e-01,1.332916250993388674e-01,1.839840381461253505e-01,1.236029150673813443e-01,3.802776415684550743e-02,1.030926091882112261e-01
2.463603929591991898e-02,6.342469691077255722e-02,4.462217412624067819e-02,2.191373159060550080e-02,9.506095602035813386e-02,1.333761688168952075e-01,1.364028339054124961e-01,2.385823709440151527e-02,1.467171674472869947e-01,7.994453932128303686e-02,0.000000000000000000e+00,5.990767826042846939e-02,1.820395326423293603e-01,5.101367917350061593e-02,3.527163896450855041e-02,3.539000016908743634e-02,3.353003838284777244e-02,5.874097495815085862e-02,6.175073130315686387e-02,1.194264554200977352e-01,6.342469691077255722e-02,1.871628819262440568e-01,1.869768857476200863e-01,6.068548046194686962e-02,1.520096041663143993e-01,2.761197815390338262e-01,1.636766371890904792e-01,2.562858254003145264e-01,2.108520315855328675e-01,5.892697113677482917e-02,1.273059298963493957e-01,4.785174413689318590e-02,3.459528922405775975e-02,5.153785022234997487e-02,3.094300062562350961e-02,6.563974231074888588e-02,2.561674641957356266e-02,1.427097952351160867e-02,4.950880100099761677e-02,3.207588644087858154e-02,4.347237956747434379e-02,3.511946027290711869e-02,5.295818467729662693e-02,1.584349267005968898e-02,1.286755381207622430e-02,2.959030114472193523e-02,5.155475896586124429e-02,7.475355506332324873e-02,2.350315348066485052e-02,9.193283847077324267e-02,1.273059298963493957e-01,1.440794034595289097e-01,3.532236519504235867e-02,1.465311712686630241e-01,7.614007203124735501e-02,1.252261544444632224e-01,7.750968025566019881e-02,1.883972202025667453e-01,5.431088415819820131e-02,5.169002891395140659e-02,5.561285740856596743e-02,2.909994758289511513e-02,5.106440540403442419e-02,6.619773084662078366e-02,1.037182326981282016e-01,6.665426692142506493e-02,1.749209516240848028e-01,2.120187348878104783e-01,5.152094147883870545e-02,1.391927765847719989e-01,3.860097056187754561e-01,1.801119358820446048e-01,2.461405792935527082e-01,1.676163744272163025e-01,5.064168681625268176e-02,1.384826093572986694e-01
1.423716203648906810e-02,3.517018650344092695e-02,2.483894421805515548e-02,1.224193030215924710e-02,5.361762567423614817e-02,7.438156270607530762e-02,7.671496931063052915e-02,1.405116585786510275e-02,8.138178251974095834e-02,4.448690417815052284e-02,5.990767826042846939e-02,0.000000000000000000e+00,1.018582709118885377e-01,2.869413773862464212e-02,1.983395613871933097e-02,1.978322990818552271e-02,1.873488781048680135e-02,3.258314874621667107e-02,3.434165807138871845e-02,6.619773084662078366e-02,3.660742970189884843e-02,1.035829627500380462e-01,1.068294415042018164e-01,3.452765425001268207e-02,8.454371755634838836e-02,1.540386533876667574e-01,9.032650783720261312e-02,1.432677837709879776e-01,1.162983378705128440e-01,3.300586733399841349e-02,7.159162002671581870e-02,2.693562841345259473e-02,1.961414247307282505e-02,2.943812245312050699e-02,1.744982330363030812e-02,3.716541823777075315e-02,1.430479701053414751e-02,8.200740602965793380e-03,2.800087925466258551e-02,1.802472058301347532e-02,2.468676552645373071e-02,1.990159111276441212e-02,2.987774978441351884e-02,8.910907830439119409e-03,7.439847144958658225e-03,1.724691838149507161e-02,2.888013391724860920e-02,4.162932652474594930e-02,1.332408988688050556e-02,5.157166770937251371e-02,7.066163913359597981e-02,8.104360764951556995e-02,2.032430970054615108e-02,8.016435298692954625e-02,4.264385113542212835e-02,6.990074567558884899e-02,4.470671784379702529e-02,1.057134644324580208e-01,3.048646455081922835e-02,2.823760166382036085e-02,3.107827057371366844e-02,1.611403256624000316e-02,2.860959402106829502e-02,3.635379854922980714e-02,5.728682301618166772e-02,3.833212154004835698e-02,9.626147680965826958e-02,1.197139040597893223e-01,2.950575742716558814e-02,7.784785512588560108e-02,2.158739284083799614e-01,1.000659440996939514e-01,1.376371721817351845e-01,9.299808931198322304e-02,2.806851422870766319e-02,7.778022015184052340e-02
4.176459647283610466e-02,1.077256049102991164e-01,7.566662721293181126e-02,3.704705703319186028e-02,1.629326524745946247e-01,2.278791363013814575e-01,2.342875500921526577e-01,4.049644070949087737e-02,2.494377842782502797e-01,1.350670431680221772e-01,1.820395326423293603e-01,1.018582709118885377e-01,0.000000000000000000e+00,8.701239410899376525e-02,5.889315364975229034e-02,6.009367443905243300e-02,5.669501699328723110e-02,1.009113812752574363e-01,1.047665747958269195e-01,2.004024280955682136e-01,1.072859775790060977e-01,3.153311577416681999e-01,3.164133173263894983e-01,1.031264266752337649e-01,2.596844828460797006e-01,4.698263472041392386e-01,2.765932263573493977e-01,4.345716169831420062e-01,3.567913968313014550e-01,9.916978069359666526e-02,2.166179131228758437e-01,8.336010551055951512e-02,5.956950339020307406e-02,8.868635971660945860e-02,5.346544698263472339e-02,1.124600530934546233e-01,4.364146700258703798e-02,2.443313437378468247e-02,8.642058808609932863e-02,5.588339730474628508e-02,7.541299606026276303e-02,6.105747281919480379e-02,8.951488814866166710e-02,2.678344972185116996e-02,2.223499771731962671e-02,5.057405184220760408e-02,8.772256133646708087e-02,1.271706599482592404e-01,4.009063086522040437e-02,1.559155239174176977e-01,2.177677076816421642e-01,2.467831115469809322e-01,6.051639302683417543e-02,2.480681760538374359e-01,1.300958725757088985e-01,2.137265179824487105e-01,1.331225376642261593e-01,3.239546169324157288e-01,9.237246580206624758e-02,8.674185421281344066e-02,9.531458717302716821e-02,4.988079335824555094e-02,8.775637882348961971e-02,1.113948022522446291e-01,1.742784193706565787e-01,1.133223990125293845e-01,2.962750038044673073e-01,3.595644307671496676e-01,8.887235589523342916e-02,2.378722037165418302e-01,6.584264723288412169e-01,3.064540673982516505e-01,4.190155729527738626e-01,2.861128489541941988e-01,8.642058808609932863e-02,2.373649414112037337e-01
1.168394176628734758e-02,3.023283339815018358e-02,2.118665561962090535e-02,1.041578600294212203e-02,4.523088889264638424e-02,6.389814172908811485e-02,6.541992864510237649e-02,1.151485433117464992e-02,7.010365059772408203e-02,3.824757782249200988e-02,5.101367917350061593e-02,2.869413773862464212e-02,8.701239410899376525e-02,0.000000000000000000e+00,1.663820361508936210e-02,1.682419979371332919e-02,1.596185387463857491e-02,2.813614920275274434e-02,2.942121370960923757e-02,5.676265196733230878e-02,3.040192083326288125e-02,8.931198322652643407e-02,8.897380835630104567e-02,2.898158637831622572e-02,7.226796976716659549e-02,1.315500245176780825e-01,7.783094638237432472e-02,1.222163980994572241e-01,1.001504878172503055e-01,2.788251805008369957e-02,6.070238920545813904e-02,2.292825620128168332e-02,1.657056864104428442e-02,2.492348793561150605e-02,1.496423800747366528e-02,3.097681811264604845e-02,1.224193030215924710e-02,6.915676096109298412e-03,2.372296714631135645e-02,1.540386533876667539e-02,2.089920697992932175e-02,1.687492602424713745e-02,2.522784531881435907e-02,7.507482119003736770e-03,6.239326355658511222e-03,1.423716203648906810e-02,2.463603929591991898e-02,3.554217886068886112e-02,1.117667946094925632e-02,4.377673695067719334e-02,6.080384166652576250e-02,6.885240357789013110e-02,1.702710471584856569e-02,6.957947954887472308e-02,3.652288598434250133e-02,5.982313454287212229e-02,3.731759692937217793e-02,9.047868652880404483e-02,2.587037757224260742e-02,2.456840432187484130e-02,2.666508851727228055e-02,1.394971339679748450e-02,2.439931688676214364e-02,3.158553287905175450e-02,4.913680864374968260e-02,3.202516021034476634e-02,8.290356943575523385e-02,1.008437463012123586e-01,2.485585296156642490e-02,6.643445325577856941e-02,1.844574829644409220e-01,8.586259955022741697e-02,1.172959537376777467e-01,7.977545188617034266e-02,2.412877699058182945e-02,6.631609205119967654e-02
8.606550447236266388e-03,2.100065944099693827e-02,1.506569046854128353e-02,7.236942222823421721e-03,3.065555198593192601e-02,4.413182056441385809e-02,4.333710961938418149e-02,8.217649346477062799e-03,4.866336382543413192e-02,2.609019123788911335e-02,3.527163896450855041e-02,1.983395613871933097e-02,5.889315364975229034e-02,1.663820361508936210e-02,0.000000000000000000e+00,1.166703302277607816e-02,1.112595323041544806e-02,1.925905885933616377e-02,2.096684195397439943e-02,4.102061175834023632e-02,2.154173923335757010e-02,6.339087942375001838e-02,6.418559036877970192e-02,2.076393703183916292e-02,5.011751576740332281e-02,9.259227946771275697e-02,5.532540876887438730e-02,8.435772137772441781e-02,7.079690908168613517e-02,1.969868619062917561e-02,4.244094621328688838e-02,1.499805549449620412e-02,1.144721935712957224e-02,1.719619215096126336e-02,9.993067415160379607e-03,2.118665561962090535e-02,8.302193064033411632e-03,4.734448183155509464e-03,1.547150031281175481e-02,1.029742479836323436e-02,1.425407078000033752e-02,1.124431443499433574e-02,1.739909707309649986e-02,5.258619232004870143e-03,4.311729595373767904e-03,1.021288108080688553e-02,1.716237466393872105e-02,2.514330160125801197e-02,7.761113271672782400e-03,2.960720988823320465e-02,4.179841395985864350e-02,4.673576706514939033e-02,1.183612045788877409e-02,4.825755398116365891e-02,2.448386060431849420e-02,4.078388934918246445e-02,2.602255626384403220e-02,6.180145753369067213e-02,1.738218832958522697e-02,1.829526047919378950e-02,1.843053042728394833e-02,9.232173957153243585e-03,1.679038230669079035e-02,2.228572394785343497e-02,3.517018650344092695e-02,2.253935510052247973e-02,5.830134762685784677e-02,7.248778343281310488e-02,1.723000963798380220e-02,4.565360748042812666e-02,1.284049982245819288e-01,6.071929794896941540e-02,8.073925026631270652e-02,5.610321097039278754e-02,1.626621125784143140e-02,4.602559983767606083e-02
8.234558089988332219e-03,2.088229823641805233e-02,1.469369811129334936e-02,7.236942222823421721e-03,3.136571921340525204e-02,4.382746318121100160e-02,4.506180145753369004e-02,7.964018193808018037e-03,4.832518895520873659e-02,2.654672731269339461e-02,3.539000016908743634e-02,1.978322990818552271e-02,6.009367443905243300e-02,1.682419979371332919e-02,1.166703302277607816e-02,0.000000000000000000e+00,1.109213574339290923e-02,1.942814629444885796e-02,2.047648839214757932e-02,3.954955107285977600e-02,2.128810808068852534e-02,6.171691381613432503e-02,6.185218376422448039e-02,2.007067854787710631e-02,5.001606330633570630e-02,9.061395647689420019e-02,5.397270928797281292e-02,8.466207876092728124e-02,7.000219813665646551e-02,1.951269001200520853e-02,4.201822762550514595e-02,1.587731015708222782e-02,1.143031061361830282e-02,1.711164843340491279e-02,1.024669856782942437e-02,2.184609661656042312e-02,8.471280499146109297e-03,4.717539439644240044e-03,1.643529869295412560e-02,1.050032972049846913e-02,1.440624947160176576e-02,1.159939804873099875e-02,1.756818450820919406e-02,5.190984257959790731e-03,4.328638338885037323e-03,9.807071236536412523e-03,1.721310089447253278e-02,2.458531306538611072e-02,7.761113271672782400e-03,3.031737711570653068e-02,4.206895385603896115e-02,4.742902554911144347e-02,1.183612045788877409e-02,4.807155780253969529e-02,2.544765898446086499e-02,4.117279044994166803e-02,2.583656008522006858e-02,6.251162476116399469e-02,1.799090309599093648e-02,1.692565225478094570e-02,1.856580037537410716e-02,9.587257570889906599e-03,1.704401345935983511e-02,2.174464415549280660e-02,3.425711435383236442e-02,2.228572394785343497e-02,5.732064050320420656e-02,7.006983311070154319e-02,1.707783094638237395e-02,4.609323481172113851e-02,1.274242911009282886e-01,5.953568590318053522e-02,8.150014372431985121e-02,5.551140494749835091e-02,1.694256099829221859e-02,4.602559983767606083e-02
7.761113271672782400e-03,1.976632116467425329e-02,1.396662214030875392e-02,6.848041122064219000e-03,2.977629732334590232e-02,4.108824673238531400e-02,4.252548993084324241e-02,7.490573375492467351e-03,4.597487360714225257e-02,2.482203547454388606e-02,3.353003838284777244e-02,1.873488781048680135e-02,5.669501699328723110e-02,1.596185387463857491e-02,1.112595323041544806e-02,1.109213574339290923e-02,0.000000000000000000e+00,1.807544681354728358e-02,1.951269001200520853e-02,3.719923572479329199e-02,1.995231734329822038e-02,5.811535144823388316e-02,5.847043506197054791e-02,1.887015775857696018e-02,4.751356926666779057e-02,8.611623070289646520e-02,5.070932179029776637e-02,8.013053549990700741e-02,6.557210733670380820e-02,1.848125665781775659e-02,3.965100353392739252e-02,1.471060685480461878e-02,1.075396087316751563e-02,1.604639759219492548e-02,9.536531340356098341e-03,2.066248457077154640e-02,8.014744424341826295e-03,4.463908286975195282e-03,1.515023418609763063e-02,9.993067415160379607e-03,1.359462978306082148e-02,1.093995705179148098e-02,1.665511235860063152e-02,4.937353105290745968e-03,4.041189699193452854e-03,9.316717674709592417e-03,1.602948884868365259e-02,2.314806986692818924e-02,7.321485940379770553e-03,2.889704266075987862e-02,3.946500735530342890e-02,4.492653150944353468e-02,1.092304830828021156e-02,4.538306758424781595e-02,2.401041578600294352e-02,3.900847128049914764e-02,2.417950322111563771e-02,5.882551867570720572e-02,1.724691838149507161e-02,1.601258010517238317e-02,1.733146209905141871e-02,9.029269035018007081e-03,1.586040141357095840e-02,2.064557582726027699e-02,3.248169628514904761e-02,2.083157200588424407e-02,5.454760656735598012e-02,6.567355979777142472e-02,1.596185387463857491e-02,4.325256590182783439e-02,1.201873488781048660e-01,5.606939348337024870e-02,7.723914035947988810e-02,5.256928357653743028e-02,1.602948884868365259e-02,4.325256590182783439e-02
1.345935983497066266e-02,3.489964660726061624e-02,2.443313437378468247e-02,1.198829914949020060e-02,5.260310106355996912e-02,7.378975668318087100e-02,7.566662721293181126e-02,1.293518878612130371e-02,8.065470654875636636e-02,4.359074077205322972e-02,5.874097495815085862e-02,3.258314874621667107e-02,1.009113812752574363e-01,2.813614920275274434e-02,1.925905885933616377e-02,1.942814629444885796e-02,1.807544681354728358e-02,0.000000000000000000e+00,3.395275697062951487e-02,6.514938874892206577e-02,3.456147173703522091e-02,1.027037080874520225e-01,1.021964457821139260e-01,3.334404220422380188e-02,8.371518912429617987e-02,1.518405167312016912e-01,8.986997176239833185e-02,1.410527383710116489e-01,1.161968854094452275e-01,3.207588644087858154e-02,7.012055934123535839e-02,2.663127103024974171e-02,1.932669383338124144e-02,2.871104648213591154e-02,1.728073586851761045e-02,3.621852860113965178e-02,1.408498334488764159e-02,7.896383219762938624e-03,2.759506941039211250e-02,1.792326812194585881e-02,2.429786442569452712e-02,1.956341624253901679e-02,2.898158637831622572e-02,8.657276677770074647e-03,7.101672274733264630e-03,1.624930251433015851e-02,2.862650276457956444e-02,4.115588170643039861e-02,1.291828004261003429e-02,5.030351194602729337e-02,7.025582928932551374e-02,7.964018193808018731e-02,1.939432880742631912e-02,8.014744424341826989e-02,4.195059265146006827e-02,6.875095111682251459e-02,4.276221234000101429e-02,1.047327573088043806e-01,2.977629732334590232e-02,2.827141915084289969e-02,3.094300062562350961e-02,1.596185387463857491e-02,2.842359784244432794e-02,3.618471111411711294e-02,5.667810824977596168e-02,3.655670347136504017e-02,9.643056424477097766e-02,1.162645203834903052e-01,2.859268527755702560e-02,7.708696166787845638e-02,2.134052518557346123e-01,9.927123315466428177e-02,1.357772103954955067e-01,9.274445815931417481e-02,2.795015302412877725e-02,7.691787423276576219e-02
1.410189208839891101e-02,3.645525101029742365e-02,2.622546118597926870e-02,1.252937894185083070e-02,5.439542787575455535e-02,7.720532287245734926e-02,7.744204528161512113e-02,1.357772103954955033e-02,8.522006729679917902e-02,4.567051622393939608e-02,6.175073130315686387e-02,3.434165807138871845e-02,1.047665747958269195e-01,2.942121370960923757e-02,2.096684195397439943e-02,2.047648839214757932e-02,1.951269001200520853e-02,3.395275697062951487e-02,0.000000000000000000e+00,6.973165824047615480e-02,3.652288598434250133e-02,1.091966655957795768e-01,1.085372245988400625e-01,3.510255152939584927e-02,8.795928374562486662e-02,1.600412573341674916e-01,9.561894455623003164e-02,1.485433117465041197e-01,1.230956527620432478e-01,3.412184440574220906e-02,7.390811788775976388e-02,2.688490218291878647e-02,2.013831352192218746e-02,2.979320606685717174e-02,1.770345445629935288e-02,3.760504556906376500e-02,1.459224565022573111e-02,8.234558089988332219e-03,2.783179181954988785e-02,1.837980419675014007e-02,2.510948411423546967e-02,2.017213100894472630e-02,3.067246072944319543e-02,9.147630239596894752e-03,7.422938401447388805e-03,1.695946974180348801e-02,2.997920224548113882e-02,4.369219323312084624e-02,1.359462978306082148e-02,5.238328739791345973e-02,7.314722442975261918e-02,8.241321587392841375e-02,1.991849985627568154e-02,8.440844760825823301e-02,4.354001454151942146e-02,7.192979489694120709e-02,4.431781674303782170e-02,1.090613956476894214e-01,3.111208806073620728e-02,3.068936947295446485e-02,3.216043015843492864e-02,1.651984241051047617e-02,2.918449130045146223e-02,3.907610625454422532e-02,6.051639302683417543e-02,3.853502646218359695e-02,1.016384572462420283e-01,1.228589303528854759e-01,2.933666999205289047e-02,7.991072183426049802e-02,2.228403307350230733e-01,1.046651223347593029e-01,1.413401870107032221e-01,9.717454895926683212e-02,2.889704266075987862e-02,8.004599178235065338e-02
2.825451040733163027e-02,7.120271892595661511e-02,5.004988079335824513e-02,2.426404693867198828e-02,1.042424037469775605e-01,1.478162357755195278e-01,1.484587680289477796e-01,2.690181092643005589e-02,1.643529869295412560e-01,8.855108976851930325e-02,1.194264554200977352e-01,6.619773084662078366e-02,2.004024280955682136e-01,5.676265196733230878e-02,4.102061175834023632e-02,3.954955107285977600e-02,3.719923572479329199e-02,6.514938874892206577e-02,6.973165824047615480e-02,0.000000000000000000e+00,7.142253259160312451e-02,2.126105409107049149e-01,2.125259971931485747e-01,6.836205001606331100e-02,1.694763362134559803e-01,3.091763751035660479e-01,1.862159922896129693e-01,2.869921036167802364e-01,2.401548840905632365e-01,6.673881063898141897e-02,1.434030537190781329e-01,5.133494530021474184e-02,3.806158164386804627e-02,5.726991427267039830e-02,3.383439576605062199e-02,7.225106102365533300e-02,2.816996668977528318e-02,1.570822272196953015e-02,5.285673221622901041e-02,3.495037283779442450e-02,4.747975177964525173e-02,3.806158164386804627e-02,5.901151485433117627e-02,1.753436702118665522e-02,1.438934072809049634e-02,3.363149084391538896e-02,5.830134762685784677e-02,8.418863394261172362e-02,2.612400872491165219e-02,1.009790162493025140e-01,1.415600006763497454e-01,1.584349267005968898e-01,3.941428112476962065e-02,1.636766371890904792e-01,8.293738692277777269e-02,1.383304306656972238e-01,8.625150065098662056e-02,2.089751610557819550e-01,6.024585313065385778e-02,5.987386077340593055e-02,6.215654114742733688e-02,3.180534654469826389e-02,5.677956071084357820e-02,7.546372229079656435e-02,1.178539422735496583e-01,7.488882501141340409e-02,1.975110329551411081e-01,2.414230398539084499e-01,5.733754924671547598e-02,1.552560829204781834e-01,4.303444311053245541e-01,2.034121844405742119e-01,2.744289071879068564e-01,1.885493988941681631e-01,5.650902081466326055e-02,1.545797331800273788e-01
1.560677026090191190e-02,3.733450567288344735e-02,2.647909233864831346e-02,1.307045873421146080e-02,5.639065961008437461e-02,7.835511743122368367e-02,8.075615900982398287e-02,1.511641669907509179e-02,8.642058808609932863e-02,4.751356926666779057e-02,6.342469691077255722e-02,3.660742970189884843e-02,1.072859775790060977e-01,3.040192083326288125e-02,2.154173923335757010e-02,2.128810808068852534e-02,1.995231734329822038e-02,3.456147173703522091e-02,3.652288598434250133e-02,7.142253259160312451e-02,0.000000000000000000e+00,1.112257148171319349e-01,1.147427334674760296e-01,3.736832315990598619e-02,8.956561437919548230e-02,1.633891885493989060e-01,9.712382272873303080e-02,1.523477790365397877e-01,1.248541620872152952e-01,3.527163896450855041e-02,7.603861957017973849e-02,2.832214538137671142e-02,2.079775451886170176e-02,3.153480664851794624e-02,1.863343534941918483e-02,3.914374122858930299e-02,1.528550413418778772e-02,8.708002908303884640e-03,2.938739622258669873e-02,1.902233645017838842e-02,2.625927867300180754e-02,2.083157200588424407e-02,3.207588644087858154e-02,9.570348827378637180e-03,7.964018193808018037e-03,1.893779273262203786e-02,3.074009570348827311e-02,4.472362658730829471e-02,1.406807460137637217e-02,5.466596777193486606e-02,7.483809878087958889e-02,8.565969462809218393e-02,2.193064033411677022e-02,8.542297221893441206e-02,4.497725773997734294e-02,7.389120914424848752e-02,4.820682775062985065e-02,1.118851558140714630e-01,3.216043015843492864e-02,3.102754434317985671e-02,3.285368864239698178e-02,1.694256099829221859e-02,3.053719078135303661e-02,3.914374122858930299e-02,6.159855261155543216e-02,4.122351668047547629e-02,1.026360731134069448e-01,1.306200436245582575e-01,3.188989026225461099e-02,8.290356943575523385e-02,2.305338090326507772e-01,1.068463502477130928e-01,1.457364603236333545e-01,9.873015336230364647e-02,2.975938857983463290e-02,8.254848582201856910e-02
