0.000000000000000000e+00,2.136253478143793072e-02,1.432546450049367211e-02,7.647428417556772530e-03,3.507764114531908978e-02,3.638811596804595455e-02,4.423301319450677338e-02,6.552374113634323871e-03,4.502288843012296898e-02,3.066152050982856245e-02,3.134368548604254262e-02,2.532986266941926121e-02,6.848577326990396008e-02,1.834664751817610684e-02,1.529485683511354506e-02,1.531280854501391314e-02,1.082488106992191002e-02,2.066241809532358073e-02,2.098554887353020273e-02,3.841665918678754260e-02,1.814917870927205967e-02,6.143075127905932992e-02,5.642222421685665762e-02,2.125482452203572223e-02,5.403464680010770793e-02,1.081051970200161555e-01,5.354995063279777145e-02,9.189480297998384173e-02,5.733776142177542112e-02,1.378691320348263138e-02,4.699757651916344758e-02,1.339197558567453532e-02,9.478502827394309077e-03,1.951350866170002696e-02,1.148909433623552558e-02,2.030338389731621909e-02,7.988510905663765219e-03,5.924064267121443607e-03,1.635400771923525842e-02,1.016066780360829445e-02,1.719773808455255307e-02,1.005295754420608596e-02,1.721568979445292288e-02,5.295754420608563343e-03,3.428776590970289764e-03,1.303294138766717541e-02,1.954941208150076312e-02,2.353469167938245996e-02,1.127367381743111033e-02,3.087694102863297596e-02,4.143254645004936648e-02,4.636926667265057339e-02,1.077102594022080577e-02,4.922358854680908280e-02,3.098465128803518445e-02,4.211471142626335012e-02,3.349789067408670551e-02,6.414145947401489467e-02,2.114711426263351721e-02,2.252939592496185431e-02,1.719773808455255307e-02,9.604164796696885650e-03,1.700026927564850590e-02,1.953146037160039331e-02,3.507764114531908978e-02,2.172156897944529236e-02,5.530921820303384001e-02,6.952697244412529842e-02,2.166771384974418985e-02,4.746432097657302118e-02,1.180683960147203976e-01,5.469886006642132870e-02,8.658109684947491724e-02,5.112646979624809601e-02,1.468449869850103201e-02,4.750022439637375388e-02
2.136253478143793072e-02,0.000000000000000000e+00,2.357059509918319612e-02,1.272776231936091976e-02,5.897136702270891484e-02,6.071268288304460664e-02,7.435598240732430031e-02,1.098644645902522275e-02,7.573826406965263047e-02,5.119827663584956140e-02,5.238308948927385134e-02,4.222242168566556209e-02,1.141369715465398033e-01,3.100260299793555427e-02,2.497082847141190304e-02,2.567094515752625303e-02,1.811327528947132351e-02,3.482631720671394010e-02,3.484426891661430992e-02,6.446459025222152361e-02,2.994345211381383917e-02,1.026299255004039096e-01,9.374382909972174549e-02,3.511354456511982941e-02,9.060227986715733983e-02,1.799299883313885684e-01,8.925590162462974930e-02,1.544565119827663591e-01,9.609550309666996248e-02,2.324746432097657411e-02,7.825150345570415500e-02,2.233192711605780367e-02,1.594111839152679427e-02,3.229512611076205270e-02,1.879544026568530715e-02,3.471860694731172814e-02,1.348173413517637573e-02,9.891392155102773226e-03,2.723274391885827095e-02,1.689255901624629741e-02,2.859707387128624170e-02,1.653352481823893577e-02,2.938694910690243384e-02,9.029710079885108764e-03,5.672740328516291328e-03,2.186518265864823701e-02,3.263620859886904452e-02,3.870388654519343191e-02,1.879544026568530715e-02,5.223947581007090668e-02,6.870119378870837012e-02,7.787451754779642354e-02,1.795170990036800904e-02,8.214702450408400969e-02,5.209586213086796203e-02,7.051431648864554813e-02,5.588367291984561863e-02,1.067408670675881882e-01,3.588546809083565520e-02,3.681895700565478852e-02,2.886634951979176120e-02,1.599497352122789678e-02,2.816623283367740774e-02,3.249259491966609986e-02,5.864823624450228590e-02,3.536486850372497909e-02,9.219998204829009392e-02,1.158064805672740366e-01,3.541872363342608160e-02,7.932860604972623297e-02,1.957633964635131507e-01,9.130239655327170023e-02,1.452113813840768264e-01,8.496544295844178640e-02,2.480926308230858857e-02,7.877210304281483111e-02
1.432546450049367211e-02,2.357059509918319612e-02,0.000000000000000000e+00,8.329593393770757040e-03,3.838075576698680297e-02,4.008616820752176901e-02,4.821829279238847715e-02,7.126828830446099890e-03,4.936720222601202746e-02,3.333632528498339798e-02,3.418005565030068915e-02,2.795081231487299075e-02,7.464320976573018962e-02,2.021362534781438042e-02,1.658737994794004175e-02,1.694641414594739992e-02,1.186608024414325530e-02,2.274481644376626782e-02,2.306794722197289330e-02,4.288663495197917591e-02,1.978278431020554645e-02,6.839601472040211794e-02,6.252580558298177771e-02,2.344493312988062128e-02,5.877389821380486767e-02,1.192352571582443177e-01,5.936630464051700917e-02,1.014810160667803662e-01,6.338748765819944564e-02,1.556413248361906455e-02,5.162911767345839537e-02,1.430751279059330403e-02,1.062741226101786111e-02,2.159590701014271752e-02,1.247643838075576661e-02,2.245758908536038198e-02,8.796337851180325434e-03,6.534422403733955789e-03,1.759267570236065087e-02,1.113006013822816567e-02,1.938784669239745212e-02,1.093259132932411851e-02,1.949555695179966061e-02,5.852257427519971279e-03,3.769859079077282019e-03,1.461269185889955968e-02,2.129072794183645839e-02,2.601202764563324485e-02,1.242258325105466236e-02,3.401849026119738162e-02,4.572300511623732244e-02,5.078538730814109725e-02,1.159680459563773407e-02,5.410645363970918026e-02,3.389282829189479984e-02,4.618974957364688910e-02,3.694461897495736336e-02,7.040660622924332923e-02,2.360649851898393228e-02,2.425276007539718323e-02,1.883134368548604332e-02,1.055560542141639052e-02,1.870568171618346501e-02,2.163181042994345368e-02,3.872183825509379479e-02,2.297818867247105115e-02,6.125123418005565257e-02,7.665380127457140091e-02,2.357059509918319612e-02,5.213176555066870166e-02,1.294497800915537233e-01,6.073063459294497646e-02,9.517996589175119204e-02,5.627861053765371296e-02,1.615653891033120779e-02,5.241899290907459097e-02
7.647428417556772530e-03,1.272776231936091976e-02,8.329593393770757040e-03,0.000000000000000000e+00,2.147024504084013921e-02,2.147024504084013921e-02,2.708913023965532629e-02,3.895521048379858159e-03,2.707117852975495995e-02,1.861592316668162633e-02,1.872363342608383482e-02,1.536666367471501739e-02,4.155820841935194132e-02,1.091463961942375042e-02,9.101516919486581092e-03,9.173323759088053420e-03,6.516470693833587707e-03,1.247643838075576661e-02,1.251234180055650277e-02,2.260120276456332317e-02,1.093259132932411851e-02,3.629835741854411935e-02,3.313885647607934387e-02,1.283547257876312651e-02,3.267211201866977721e-02,6.469796248092631041e-02,3.127187864644107029e-02,5.541692846243604503e-02,3.430571761960326399e-02,8.060317745265235811e-03,2.795081231487299075e-02,8.365496813571493204e-03,5.708643748317027491e-03,1.157885288573736599e-02,6.983215151243156102e-03,1.211740418274840671e-02,4.757203123597522620e-03,3.572390270173233986e-03,1.021452293330939697e-02,5.959967686922179771e-03,1.010681267390719021e-02,6.103581366125123558e-03,1.039404003231307778e-02,3.356969751368817870e-03,2.010591508841216932e-03,7.916704066062292891e-03,1.181222511444215105e-02,1.389462346288483988e-02,6.947311731442419938e-03,1.904676420429046030e-02,2.482721479220895838e-02,2.841755677228256088e-02,6.516470693833587707e-03,2.965622475540795333e-02,1.877748855578493734e-02,2.568889686742662284e-02,2.046494928641953009e-02,3.850641773628938475e-02,1.278161744906202400e-02,1.351763755497711189e-02,1.034018490261197354e-02,5.690692038416659410e-03,1.023247464320976505e-02,1.174041827484067872e-02,2.066241809532358073e-02,1.303294138766717541e-02,3.267211201866977721e-02,4.136073961044789415e-02,1.301498967776680733e-02,2.872273584058881654e-02,7.126828830446099716e-02,3.204380217215689608e-02,5.191634503186428468e-02,3.019477605241899232e-02,8.778386141279957353e-03,2.814828112377704139e-02
3.507764114531908978e-02,5.897136702270891484e-02,3.838075576698680297e-02,2.147024504084013921e-02,0.000000000000000000e+00,9.966789336684318823e-02,1.251772731352661372e-01,1.813122699937168986e-02,1.258414864015797441e-01,8.652724171977381473e-02,8.694013104748227194e-02,7.107081949555695000e-02,1.911677587290189495e-01,5.127008347545103373e-02,4.159411183915268095e-02,4.247374562427071176e-02,3.005116237321604766e-02,5.771474732968315258e-02,5.764294049008168025e-02,1.053047302755587417e-01,5.001346378242527840e-02,1.679202944080423754e-01,1.536486850372497937e-01,5.827125033659456138e-02,1.508482182927923798e-01,2.975854950184004810e-01,1.453190916434790314e-01,2.563683690871555454e-01,1.588546809083565270e-01,3.778834934027466147e-02,1.291446010232474573e-01,3.816533524818238599e-02,2.637106184364060649e-02,5.329862669419262178e-02,3.195404362265506087e-02,5.742751997127726327e-02,2.251144421506148449e-02,1.655147652813930559e-02,4.681805942015977023e-02,2.773539179606857724e-02,4.669239745085719540e-02,2.814828112377704139e-02,4.870298895969841363e-02,1.536666367471501739e-02,9.334889148191364422e-03,3.637016425814559167e-02,5.408850192980881738e-02,6.394399066511084750e-02,3.186428507315321873e-02,8.877120545731981283e-02,1.134548065703258196e-01,1.316039852795978793e-01,2.976393501481016182e-02,1.369176914101068177e-01,8.774795799299883736e-02,1.186608024414325530e-01,9.386949106902432727e-02,1.777398797235436589e-01,5.994075935732878779e-02,6.218472309487478589e-02,4.769769320527780104e-02,2.680190288124944045e-02,4.680010771025940042e-02,5.398079167040660542e-02,9.620321335607216751e-02,5.981509738802621295e-02,1.511354456511982691e-01,1.912395655686204010e-01,5.893546360290817521e-02,1.315142267300960510e-01,3.264518445381922596e-01,1.483888340364419578e-01,2.390270173234000650e-01,1.394847859258594447e-01,4.064267121443317782e-02,1.295574903509559284e-01
3.638811596804595455e-02,6.071268288304460664e-02,4.008616820752176901e-02,2.145229333093977286e-02,9.966789336684318823e-02,0.000000000000000000e+00,1.254465487837716497e-01,1.865182658648236250e-02,1.284265326272327479e-01,8.659904855937528012e-02,8.816084732070729457e-02,7.128624001436137392e-02,1.931963019477605237e-01,5.232923435957274882e-02,4.268916614307512875e-02,4.344313795889058472e-02,3.053585854052598414e-02,5.886365676330670288e-02,5.900727044250964753e-02,1.104030158872632561e-01,5.092900098734404191e-02,1.754061574364958187e-01,1.593573287855668263e-01,6.015617987613320478e-02,1.538282021362534779e-01,3.067049636477874319e-01,1.517817072076115270e-01,2.626155641324836032e-01,1.630553810250426339e-01,3.949376178080962058e-02,1.327349430033210598e-01,3.760883224127098412e-02,2.712503365945606246e-02,5.500403913472758088e-02,3.233102953056278539e-02,5.821739520689345887e-02,2.267300960416479549e-02,1.689255901624629741e-02,4.561529485683511048e-02,2.875863926038955271e-02,4.859527870029620167e-02,2.807647428417556906e-02,4.965442958441791677e-02,1.504353289650839191e-02,9.801633605600932816e-03,3.712413607396104764e-02,5.505789426442868340e-02,6.622385782245758523e-02,3.179247823355174640e-02,8.855578493851538890e-02,1.175836998474104611e-01,1.317475989588008378e-01,3.062561709002782628e-02,1.399515303832690183e-01,8.762229602369625558e-02,1.197917601651557334e-01,9.469526972444125557e-02,1.806121533076025520e-01,6.080244143254644879e-02,6.293869491069024880e-02,4.891840947850283061e-02,2.705322681985459013e-02,4.805672740328516268e-02,5.507584597432905321e-02,1.003321066331568090e-01,6.056906920384166892e-02,1.573287855668252522e-01,1.973431469347455280e-01,6.089219998204829093e-02,1.349070999012655925e-01,3.340633695359482846e-01,1.563414415223050025e-01,2.451844538192262946e-01,1.454806570325823667e-01,4.189929090745893314e-02,1.338659007270442403e-01
4.423301319450677338e-02,7.435598240732430031e-02,4.821829279238847715e-02,2.708913023965532629e-02,1.251772731352661372e-01,1.254465487837716497e-01,0.000000000000000000e+00,2.283457499326810997e-02,1.581007090925410641e-01,1.084462795081231473e-01,1.095413338120456020e-01,8.882506058702091534e-02,2.399784579481195612e-01,6.462615564132483115e-02,5.236513777937348846e-02,5.363970918229961360e-02,3.777039763037429165e-02,7.284803877569338837e-02,7.238129431828381477e-02,1.325733776142177522e-01,6.279508123148730414e-02,2.116147563055381098e-01,1.934655775962660362e-01,7.353020375190737201e-02,1.901086078448972205e-01,3.746162822008796134e-01,1.831074409837536998e-01,3.229871645274212111e-01,2.002692756485055237e-01,4.776950004487927337e-02,1.626604434072345395e-01,4.794901714388295766e-02,3.303114621667713885e-02,6.708553989767525316e-02,4.012207162732250171e-02,7.236334260838345189e-02,2.830984651288035239e-02,2.077012835472578922e-02,5.916883583161296201e-02,3.495197917601651494e-02,5.897136702270891484e-02,3.561619244233012876e-02,6.139484785925859722e-02,1.944170182209855463e-02,1.175836998474104680e-02,4.575890853603805514e-02,6.807288394219548899e-02,8.008257786554169588e-02,4.012207162732250171e-02,1.119109595188941680e-01,1.428956108069293629e-01,1.658558477695000477e-01,3.773449421057355896e-02,1.721209945247284823e-01,1.102055470783592089e-01,1.490530473027555924e-01,1.175657481375100982e-01,2.241630015258953279e-01,7.566645723005116508e-02,7.771295215869311601e-02,6.058702091374203180e-02,3.369535948299075268e-02,5.904317386231038717e-02,6.794722197289292109e-02,1.206713939502737643e-01,7.516380935284085185e-02,1.901086078448972205e-01,2.401938784669239713e-01,7.426622385782245817e-02,1.662328336774077653e-01,4.112198186877299988e-01,1.870747688717350199e-01,3.010322233192711527e-01,1.755318194057984005e-01,5.123418005565030103e-02,1.634144152230500024e-01
6.552374113634323871e-03,1.098644645902522275e-02,7.126828830446099890e-03,3.895521048379858159e-03,1.813122699937168986e-02,1.865182658648236250e-02,2.283457499326810997e-02,0.000000000000000000e+00,2.337312629027914895e-02,1.570774616282200747e-02,1.592316668162642446e-02,1.287137599856386268e-02,3.518535140472130174e-02,9.298985728390629993e-03,7.808993806660084400e-03,7.826945516560452482e-03,5.493223229512611376e-03,1.057355713131675860e-02,1.064536397091822920e-02,1.987254285970738860e-02,9.245130598689525747e-03,3.148729916524548728e-02,2.861502558118660805e-02,1.096849474912485467e-02,2.773539179606857724e-02,5.536307333273494252e-02,2.753792298716452661e-02,4.733865900727043940e-02,2.947670765640427251e-02,6.947311731442419938e-03,2.394758100709092410e-02,6.929360021542051856e-03,4.936720222601202572e-03,9.909343865003141308e-03,5.852257427519971279e-03,1.042994345211381395e-02,4.110941567184274274e-03,3.033838973162193697e-03,8.527062202674804206e-03,5.098285611704514442e-03,8.724531011578853107e-03,5.170092451305986769e-03,8.939951530383268355e-03,2.818418454357777582e-03,1.741315860335697005e-03,6.713939502737635741e-03,1.010681267390719021e-02,1.181222511444215105e-02,5.870209137420339361e-03,1.617449062023157760e-02,2.136253478143793072e-02,2.409119468629386876e-02,5.600933488914819000e-03,2.529395924961852504e-02,1.597702181132753044e-02,2.170361726954492254e-02,1.717978637465218672e-02,3.295933937707566652e-02,1.098644645902522275e-02,1.145319091643479115e-02,8.868144690781797762e-03,4.864913382999731112e-03,8.760434431379589271e-03,1.003500583430571788e-02,1.807737186967058735e-02,1.111210842832779759e-02,2.822008796337851025e-02,3.565209586213086840e-02,1.109415671842742951e-02,2.470155282290638354e-02,6.116147563055381042e-02,2.818418454357777408e-02,4.435867516380935516e-02,2.624539987433803165e-02,7.449959608652724496e-03,2.410914639619423858e-02
4.502288843012296898e-02,7.573826406965263047e-02,4.936720222601202746e-02,2.707117852975495995e-02,1.258414864015797441e-01,1.284265326272327479e-01,1.581007090925410641e-01,2.337312629027914895e-02,0.000000000000000000e+00,1.090566376447356656e-01,1.119289112287945448e-01,8.878915716722017570e-02,2.428148281123777008e-01,6.590072704425097017e-02,5.320886814469077963e-02,5.482452203572390353e-02,3.848846602638901493e-02,7.448164437662686821e-02,7.414056188851987639e-02,1.384794901714388182e-01,6.326182568889686386e-02,2.197289291805044342e-01,1.993178350237860275e-01,7.519971277264159149e-02,1.950632797773987903e-01,3.835921371510636613e-01,1.906112557221075199e-01,3.299344762588636293e-01,2.066062292433354375e-01,4.978009155372049160e-02,1.667534332645184414e-01,4.776950004487927337e-02,3.358764922358854765e-02,6.812673907189659150e-02,4.026568530652544636e-02,7.379947940041288457e-02,2.850731532178439956e-02,2.111121084283278104e-02,5.787631271878646705e-02,3.554438560272865644e-02,5.985100080782694565e-02,3.520330311462166462e-02,6.274122610178620163e-02,1.917242617359303514e-02,1.193788708374472589e-02,4.640517009245130609e-02,6.945516560452383303e-02,8.272147922089578831e-02,3.988869939861771491e-02,1.117134907099901209e-01,1.473117314424198798e-01,1.665380127457140313e-01,3.861412799569158977e-02,1.780091553720491993e-01,1.103132573377614278e-01,1.509559285521945848e-01,1.176016515573108379e-01,2.283637016425814625e-01,7.699488376267839274e-02,7.825150345570415500e-02,6.220267480477515570e-02,3.430571761960326399e-02,6.008437303653173245e-02,6.997576519163450914e-02,1.261287137599856334e-01,7.597163629835741727e-02,1.983843461089668803e-01,2.484157616012925285e-01,7.634862220626514873e-02,1.707925679921012407e-01,4.206983215151243183e-01,1.959967686922179375e-01,3.102055470783592339e-01,1.822816623283367854e-01,5.340633695359482680e-02,1.672740328516291175e-01
3.066152050982856245e-02,5.119827663584956140e-02,3.333632528498339798e-02,1.861592316668162633e-02,8.652724171977381473e-02,8.659904855937528012e-02,1.084462795081231473e-01,1.570774616282200747e-02,1.090566376447356656e-01,0.000000000000000000e+00,7.570236064985190472e-02,6.087424827214792111e-02,1.650300691140831055e-01,4.507674355982407149e-02,3.599317835023786022e-02,3.705232923435957532e-02,2.583251054662956750e-02,5.017502917152858594e-02,4.999551207252490859e-02,9.211022349878826565e-02,4.319181402028543504e-02,1.467731801454088547e-01,1.337761421775424120e-01,5.046225652993447525e-02,1.311372408221883057e-01,2.583251054662956681e-01,1.268288304460999938e-01,2.228166232833677374e-01,1.383179247823355107e-01,3.315680818597971369e-02,1.122340902971007970e-01,3.240283637016425772e-02,2.299614038237142097e-02,4.635131496275020357e-02,2.726864733865900711e-02,5.030069114083116077e-02,1.944170182209855463e-02,1.427160937079256786e-02,3.996050623821918724e-02,2.428866349519791593e-02,4.087604344313795768e-02,2.419890494569607725e-02,4.270711785297549856e-02,1.332016874607306299e-02,8.060317745265235811e-03,3.155910600484695960e-02,4.699757651916344758e-02,5.518355623373126517e-02,2.764563324656673510e-02,7.695898034287765310e-02,9.783681895700566122e-02,1.137779373485324486e-01,2.588636567633067001e-02,1.181042994345211372e-01,7.550489184094784367e-02,1.021272776231936102e-01,8.112377703976303422e-02,1.541692846243604698e-01,5.240104119917422115e-02,5.342428866349519662e-02,4.148640157975046899e-02,2.322951261107620430e-02,4.082218831343685517e-02,4.674625258055829791e-02,8.352930616641235373e-02,5.134189031505250606e-02,1.316219369894982560e-01,1.659994614487029785e-01,5.076743559824073437e-02,1.144062471950453297e-01,2.826676240911946691e-01,1.294497800915537233e-01,2.087604344313795934e-01,1.211022349878825982e-01,3.541872363342608160e-02,1.126649313347096310e-01
3.134368548604254262e-02,5.238308948927385134e-02,3.418005565030068915e-02,1.872363342608383482e-02,8.694013104748227194e-02,8.816084732070729457e-02,1.095413338120456020e-01,1.592316668162642446e-02,1.119289112287945448e-01,7.570236064985190472e-02,0.000000000000000000e+00,6.150255811866080224e-02,1.678843909882416219e-01,4.552553630733327528e-02,3.681895700565478852e-02,3.760883224127098412e-02,2.649672381294318133e-02,5.107261466654698656e-02,5.137779373485324569e-02,9.451575262543757128e-02,4.434072345390898534e-02,1.508841217125931333e-01,1.372049187685127070e-01,5.168297280315949788e-02,1.337581904676420352e-01,2.638362804057086675e-01,1.313347096310923667e-01,2.273584058881608361e-01,1.414594740148999163e-01,3.400053855129701180e-02,1.149627502019567316e-01,3.306704963647787154e-02,2.342698141998025146e-02,4.708733506866528973e-02,2.802261915447446308e-02,5.083924243784220670e-02,1.953146037160039331e-02,1.448702988959698484e-02,3.997845794811955705e-02,2.448613230410196656e-02,4.132483619064716146e-02,2.453998743380306907e-02,4.317386231038506522e-02,1.321245848667085623e-02,8.257786554169284712e-03,3.233102953056278539e-02,4.812853424288663501e-02,5.731980971187505824e-02,2.769948837626784108e-02,7.792837267749752606e-02,1.016784848756844134e-01,1.143882954851449668e-01,2.644286868324207881e-02,1.221434341621039366e-01,7.647428417556771663e-02,1.047302755587469769e-01,8.144690781796966317e-02,1.573467372767256012e-01,5.346019208329593625e-02,5.430392244861322742e-02,4.283277982227807340e-02,2.382191903778834927e-02,4.166591867875415328e-02,4.829009963198994948e-02,8.649133829997307510e-02,5.326272327439188908e-02,1.369356431200071944e-01,1.703976303742931464e-01,5.243694461897496079e-02,1.178709272058163504e-01,2.906202315770577416e-01,1.345480657032582239e-01,2.136612512341800607e-01,1.251054662956646579e-01,3.692666726505699354e-02,1.156987703078718316e-01
2.532986266941926121e-02,4.222242168566556209e-02,2.795081231487299075e-02,1.536666367471501739e-02,7.107081949555695000e-02,7.128624001436137392e-02,8.882506058702091534e-02,1.287137599856386268e-02,8.878915716722017570e-02,6.087424827214792111e-02,6.150255811866080224e-02,0.000000000000000000e+00,1.353917960685755428e-01,3.683690871555515833e-02,2.963827304550758351e-02,3.053585854052598414e-02,2.141638991113903670e-02,4.141459474014899667e-02,4.164796696885378346e-02,7.539718158154563865e-02,3.558028902252939607e-02,1.200969392334619856e-01,1.106363881159680429e-01,4.161206354905305077e-02,1.073153217843999668e-01,2.126021003500583317e-01,1.040660622924333562e-01,1.830894892738533231e-01,1.131855309218203071e-01,2.739430930796158195e-02,9.307961583340813860e-02,2.671214433174759831e-02,1.901086078448972413e-02,3.899111390359932122e-02,2.276276815366663764e-02,4.082218831343685517e-02,1.603087694102863295e-02,1.177632169464141489e-02,3.295933937707566652e-02,2.005205995871106595e-02,3.443137958890584577e-02,2.007001166861143576e-02,3.513149627502019229e-02,1.087873619962301426e-02,6.642132663136163413e-03,2.624539987433803165e-02,3.823714208778385831e-02,4.611794273404541677e-02,2.274481644376626782e-02,6.275917781168656451e-02,8.074679113185530277e-02,9.291805044430481719e-02,2.093169374382910022e-02,9.650839242437841969e-02,6.202315770577147142e-02,8.365496813571492163e-02,6.740867067588188211e-02,1.262543757292882152e-01,4.259940759357328660e-02,4.414325464500493817e-02,3.364150435328965016e-02,1.908266762409119299e-02,3.369535948299075268e-02,3.838075576698680297e-02,6.897046943721389656e-02,4.197109774706040547e-02,1.072973700744995901e-01,1.364688986625976208e-01,4.188133919755857026e-02,9.324118122251144614e-02,2.318822367830535858e-01,1.062920743200789914e-01,1.706848577326990357e-01,9.932681087873619641e-02,2.892020464949286371e-02,9.343865003141549330e-02
6.848577326990396008e-02,1.141369715465398033e-01,7.464320976573018962e-02,4.155820841935194132e-02,1.911677587290189495e-01,1.931963019477605237e-01,2.399784579481195612e-01,3.518535140472130174e-02,2.428148281123777008e-01,1.650300691140831055e-01,1.678843909882416219e-01,1.353917960685755428e-01,0.000000000000000000e+00,9.990126559554797503e-02,8.020823983484426378e-02,8.232654160308769398e-02,5.791221613858719974e-02,1.121263800376985920e-01,1.111569877030787190e-01,2.056368369087155645e-01,9.622116506597253038e-02,3.277982227807198501e-01,2.984830805134189302e-01,1.135445651198276618e-01,2.913742033928731767e-01,5.774706040750381408e-01,2.836729198456152679e-01,4.957364688986625745e-01,3.085360380576249728e-01,7.367381743111031667e-02,2.506597253388385127e-01,7.254285970738712230e-02,5.109056637644735638e-02,1.034736558657212147e-01,6.137689614935822741e-02,1.110492774436765140e-01,4.303024863118212057e-02,3.186428507315321873e-02,8.891481913652275748e-02,5.398079167040660542e-02,9.119468629386949521e-02,5.392693654070550291e-02,9.465936630464051593e-02,2.940490081680280018e-02,1.802351673996948137e-02,7.053226819854591101e-02,1.047123238488466002e-01,1.240104119917422171e-01,6.125123418005565257e-02,1.700565478861861546e-01,2.198904945696077418e-01,2.531370613050892837e-01,5.819944349699308905e-02,2.648774795799299642e-01,1.670945157526254332e-01,2.282918948029799833e-01,1.792837267749753105e-01,3.439188582712503495e-01,1.160219010860784467e-01,1.190557400592406473e-01,9.293600215420519395e-02,5.168297280315949788e-02,9.070999012655955873e-02,1.047661789785477027e-01,1.866080244143254740e-01,1.148550399425545265e-01,2.944259940759357264e-01,3.717799120366214738e-01,1.144601023247464322e-01,2.552015079436316114e-01,6.327080154384705502e-01,2.899560183107440792e-01,4.639080872453101301e-01,2.708194955569517837e-01,7.931065433982587010e-02,2.523830894892738486e-01
1.834664751817610684e-02,3.100260299793555427e-02,2.021362534781438042e-02,1.091463961942375042e-02,5.127008347545103373e-02,5.232923435957274882e-02,6.462615564132483115e-02,9.298985728390629993e-03,6.590072704425097017e-02,4.507674355982407149e-02,4.552553630733327528e-02,3.683690871555515833e-02,9.990126559554797503e-02,0.000000000000000000e+00,2.166771384974418985e-02,2.208060317745265400e-02,1.577955300242347980e-02,3.001525895341531150e-02,3.001525895341531150e-02,5.556054214163898969e-02,2.604793106543398101e-02,8.841217125931244425e-02,8.105197020016156884e-02,3.046405170092451181e-02,7.823355174580379212e-02,1.554977111569877113e-01,7.713849744188133739e-02,1.337402387577416862e-01,8.304460999910241725e-02,1.996230140920922727e-02,6.730096041647966321e-02,1.958531550130149929e-02,1.393052688268557604e-02,2.784310205547078226e-02,1.655147652813930559e-02,2.938694910690243384e-02,1.156090117583699790e-02,8.688627591778116943e-03,2.405529126649313260e-02,1.436136792029440827e-02,2.462974598330491122e-02,1.461269185889955968e-02,2.561709002782515052e-02,7.916704066062292891e-03,4.900816802800466408e-03,1.899290907458935432e-02,2.813032941387667157e-02,3.356969751368817784e-02,1.651557310833856942e-02,4.595637734494210230e-02,5.904317386231038717e-02,6.807288394219548899e-02,1.567184274302127131e-02,7.080154384705143744e-02,4.572300511623732244e-02,6.198725428597073872e-02,4.881069921910061865e-02,9.275648505520150966e-02,3.141549232564401495e-02,3.213356072165873822e-02,2.498878018131226939e-02,1.402028543218741645e-02,2.443227717440086058e-02,2.822008796337851025e-02,5.035454627053227022e-02,3.094874786823444829e-02,7.920294408042366507e-02,1.000807826945516593e-01,3.078718247913113729e-02,6.907817969661610158e-02,1.708643748317027200e-01,7.825150345570415500e-02,1.249977560362624529e-01,7.259671483708823869e-02,2.129072794183645839e-02,6.787541513329144183e-02
1.529485683511354506e-02,2.497082847141190304e-02,1.658737994794004175e-02,9.101516919486581092e-03,4.159411183915268095e-02,4.268916614307512875e-02,5.236513777937348846e-02,7.808993806660084400e-03,5.320886814469077963e-02,3.599317835023786022e-02,3.681895700565478852e-02,2.963827304550758351e-02,8.020823983484426378e-02,2.166771384974418985e-02,0.000000000000000000e+00,1.791580648056727287e-02,1.245848667085539853e-02,2.427071178529754958e-02,2.482721479220895838e-02,4.588457050534063691e-02,2.173952068934565870e-02,7.270442509649044371e-02,6.611614756305538021e-02,2.527600753971815870e-02,6.363881159680459532e-02,1.272776231936091906e-01,6.322592226909613811e-02,1.083206175388205794e-01,6.774975316398887393e-02,1.597702181132753044e-02,5.545283188223678467e-02,1.567184274302127131e-02,1.125572210753074225e-02,2.292433354276994864e-02,1.355354097477784805e-02,2.396553271699129392e-02,9.514406247195045241e-03,6.947311731442419938e-03,1.926218472309487381e-02,1.191993537384435954e-02,2.005205995871106595e-02,1.183017682434251913e-02,2.019567363791401060e-02,6.265146755228435428e-03,4.003231307782066650e-03,1.581545642222421597e-02,2.313975406157436562e-02,2.762768153666636875e-02,1.330221703617269491e-02,3.672919845615294637e-02,4.897226460820393312e-02,5.451934296741764441e-02,1.297908625796607117e-02,5.821739520689345887e-02,3.613679202944080487e-02,4.985189839332196393e-02,3.938605152140741555e-02,7.487658199443497642e-02,2.497082847141190304e-02,2.685575801095054296e-02,2.035723902701732507e-02,1.130957723723184649e-02,2.012386679831253827e-02,2.313975406157436562e-02,4.173772551835562561e-02,2.631720671393950398e-02,6.577506507494838839e-02,8.275738264069652794e-02,2.579660712682883134e-02,5.629656224755408278e-02,1.412261017861951296e-01,6.473386590072705005e-02,1.018400502647877209e-01,6.026389013553540980e-02,1.728749663405439521e-02,5.577596266044340667e-02
1.531280854501391314e-02,2.567094515752625303e-02,1.694641414594739992e-02,9.173323759088053420e-03,4.247374562427071176e-02,4.344313795889058472e-02,5.363970918229961360e-02,7.826945516560452482e-03,5.482452203572390353e-02,3.705232923435957532e-02,3.760883224127098412e-02,3.053585854052598414e-02,8.232654160308769398e-02,2.208060317745265400e-02,1.791580648056727287e-02,0.000000000000000000e+00,1.315860335696975199e-02,2.493492505161116687e-02,2.513239386051521404e-02,4.635131496275020357e-02,2.143434162103940305e-02,7.361996230140921416e-02,6.722915357687819782e-02,2.556323489812404801e-02,6.555964455614397834e-02,1.301319450677677070e-01,6.397989408491158714e-02,1.113724082218831291e-01,6.940131047482273052e-02,1.664123507764114426e-02,5.642222421685665762e-02,1.628220087963378609e-02,1.141728749663405498e-02,2.335517458037878261e-02,1.360739610447895230e-02,2.489902163181043071e-02,9.675971636298357978e-03,7.126828830446099890e-03,1.987254285970738860e-02,1.202764563324656630e-02,2.066241809532358073e-02,1.197379050354546205e-02,2.116506597253388355e-02,6.534422403733955789e-03,4.075038147383538110e-03,1.576160129252311345e-02,2.349878825958172379e-02,2.818418454357777408e-02,1.360739610447895230e-02,3.760883224127098412e-02,5.001346378242527840e-02,5.627861053765371296e-02,1.285342428866349460e-02,5.985100080782694565e-02,3.726774975316399230e-02,5.087514585764293940e-02,4.028363701642581618e-02,7.747957992998832921e-02,2.574275199712772536e-02,2.649672381294318133e-02,2.084193519432725808e-02,1.165065972533883831e-02,2.039314244681805777e-02,2.362445022888430210e-02,4.245579391437034195e-02,2.538371779912036719e-02,6.643927834126200915e-02,8.383448523471860592e-02,2.577865541692846152e-02,5.753523023067947523e-02,1.420877838614127975e-01,6.579301678484875127e-02,1.046584687191454976e-01,6.159231666816264439e-02,1.779014451126469804e-02,5.676330670496364944e-02
1.082488106992191002e-02,1.811327528947132351e-02,1.186608024414325530e-02,6.516470693833587707e-03,3.005116237321604766e-02,3.053585854052598414e-02,3.777039763037429165e-02,5.493223229512611376e-03,3.848846602638901493e-02,2.583251054662956750e-02,2.649672381294318133e-02,2.141638991113903670e-02,5.791221613858719974e-02,1.577955300242347980e-02,1.245848667085539853e-02,1.315860335696975199e-02,0.000000000000000000e+00,1.764653083206175338e-02,1.764653083206175338e-02,3.261825688896867470e-02,1.491787092720581707e-02,5.204200700116685951e-02,4.730275558746970671e-02,1.789785477066690653e-02,4.613589444394578659e-02,9.133829997307243986e-02,4.511264697962481113e-02,7.902342698141998079e-02,4.897226460820393312e-02,1.197379050354546205e-02,3.974508571941477719e-02,1.125572210753074225e-02,8.132124584866708139e-03,1.640786284893636093e-02,9.532357957095413323e-03,1.768243425186248954e-02,6.749842922538371905e-03,5.008527062202674900e-03,1.364329952427968846e-02,8.473207072973699960e-03,1.454088501929808736e-02,8.293689973970020876e-03,1.515124315591060040e-02,4.559734314693474587e-03,2.818418454357777582e-03,1.105825329862669335e-02,1.656942823803967194e-02,1.976483260030518010e-02,9.514406247195045241e-03,2.685575801095054296e-02,3.496993088591688476e-02,3.990665110851808473e-02,8.957903240283636437e-03,4.211471142626335012e-02,2.640696526344134265e-02,3.584956467103491556e-02,2.829189480297998258e-02,5.455524638721838404e-02,1.847230948747868168e-02,1.831074409837537068e-02,1.461269185889955968e-02,8.239834844268916630e-03,1.445112646979624868e-02,1.655147652813930559e-02,2.983574185441163415e-02,1.762857912216138703e-02,4.683601113006014005e-02,5.866618795440265571e-02,1.787990306076653671e-02,4.060676779463243818e-02,9.943452113813840143e-02,4.627950812314873125e-02,7.385333453011398708e-02,4.320976573018579792e-02,1.265595547975944743e-02,3.997845794811955705e-02
2.066241809532358073e-02,3.482631720671394010e-02,2.274481644376626782e-02,1.247643838075576661e-02,5.771474732968315258e-02,5.886365676330670288e-02,7.284803877569338837e-02,1.057355713131675860e-02,7.448164437662686821e-02,5.017502917152858594e-02,5.107261466654698656e-02,4.141459474014899667e-02,1.121263800376985920e-01,3.001525895341531150e-02,2.427071178529754958e-02,2.493492505161116687e-02,1.764653083206175338e-02,0.000000000000000000e+00,3.398258684139664199e-02,6.290279149088950916e-02,2.899201148909433604e-02,9.999102414504981717e-02,9.115878287406875558e-02,3.462884839780989293e-02,8.848397809891392352e-02,1.758549501840050155e-01,8.665290368907638263e-02,1.513867695898034327e-01,9.412081500762947694e-02,2.256529934476258700e-02,7.615115339736110156e-02,2.202674804775154802e-02,1.560003590341980072e-02,3.143344403554438476e-02,1.850821290727941784e-02,3.378511803249259482e-02,1.308679651736827966e-02,9.693923346198726060e-03,2.689166143075127913e-02,1.630015258953415244e-02,2.782515034557041592e-02,1.624629745983304993e-02,2.897405977919396969e-02,8.939951530383268355e-03,5.565030069114082836e-03,2.141638991113903670e-02,3.179247823355174640e-02,3.789605959967686649e-02,1.858001974688089017e-02,5.139574544475361551e-02,6.749842922538372425e-02,7.670765640427250343e-02,1.761062741226101722e-02,8.080064626155641916e-02,5.103671124674625387e-02,6.945516560452383303e-02,5.477066690602280102e-02,1.048200341082488052e-01,3.516739969482093192e-02,3.597522664033749040e-02,2.816623283367740774e-02,1.577955300242347980e-02,2.773539179606857724e-02,3.186428507315321873e-02,5.733776142177542112e-02,3.461089668790952312e-02,8.981240463154115117e-02,1.134548065703258196e-01,3.491607575621578224e-02,7.791042096759716318e-02,1.924243784220447118e-01,8.887891571672201785e-02,1.416030876941028749e-01,8.313436854860425940e-02,2.400143613679203008e-02,7.658199443496993553e-02
2.098554887353020273e-02,3.484426891661430992e-02,2.306794722197289330e-02,1.251234180055650277e-02,5.764294049008168025e-02,5.900727044250964753e-02,7.238129431828381477e-02,1.064536397091822920e-02,7.414056188851987639e-02,4.999551207252490859e-02,5.137779373485324569e-02,4.164796696885378346e-02,1.111569877030787190e-01,3.001525895341531150e-02,2.482721479220895838e-02,2.513239386051521404e-02,1.764653083206175338e-02,3.398258684139664199e-02,0.000000000000000000e+00,6.317206713939502172e-02,2.947670765640427251e-02,1.006372857014630612e-01,9.245130598689525747e-02,3.468270352751099544e-02,8.830446099991023923e-02,1.762498878018131099e-01,8.720940669598779837e-02,1.506327977739879698e-01,9.370792567992100586e-02,2.272686473386590147e-02,7.685127008347544808e-02,2.184723094874786720e-02,1.568979445292164113e-02,3.191814020285432124e-02,1.868773000628309866e-02,3.362355264338928035e-02,1.321245848667085623e-02,9.711875056099094142e-03,2.678395117134907064e-02,1.649762139843819961e-02,2.834574993268108856e-02,1.642581455883673075e-02,2.865092900098734421e-02,8.832241270981061598e-03,5.547078359213714754e-03,2.166771384974418985e-02,3.173862310385064389e-02,3.827304550758459795e-02,1.850821290727941784e-02,5.119827663584956140e-02,6.789336684319181858e-02,7.588187774885557513e-02,1.741315860335697005e-02,8.062112916255273487e-02,5.082129072794183688e-02,6.895251772731351980e-02,5.507584597432905321e-02,1.045148550399425530e-01,3.498788259581725457e-02,3.635221254824522186e-02,2.822008796337851025e-02,1.576160129252311345e-02,2.771744008616820742e-02,3.207970559195763571e-02,5.757113365048020792e-02,3.496993088591688476e-02,9.067408670675881910e-02,1.134368548604254567e-01,3.509559285521945959e-02,7.785656583789606067e-02,1.932142536576609004e-01,8.968674266223858327e-02,1.418005565030069082e-01,8.322412709810610154e-02,2.412709810609460492e-02,7.760524189929091099e-02
3.841665918678754260e-02,6.446459025222152361e-02,4.288663495197917591e-02,2.260120276456332317e-02,1.053047302755587417e-01,1.104030158872632561e-01,1.325733776142177522e-01,1.987254285970738860e-02,1.384794901714388182e-01,9.211022349878826565e-02,9.451575262543757128e-02,7.539718158154563865e-02,2.056368369087155645e-01,5.556054214163898969e-02,4.588457050534063691e-02,4.635131496275020357e-02,3.261825688896867470e-02,6.290279149088950916e-02,6.317206713939502172e-02,0.000000000000000000e+00,5.439368099811506957e-02,1.885109056637644664e-01,1.713490709990126426e-01,6.417736289381563430e-02,1.642940490081680194e-01,3.274391885827124815e-01,1.643120007180683961e-01,2.796696885378332498e-01,1.756574813751009823e-01,4.243784220446997907e-02,1.422134458307153793e-01,3.963737546001256523e-02,2.879454268019028887e-02,5.864823624450228590e-02,3.403644197109774450e-02,6.222062651467552552e-02,2.412709810609460492e-02,1.800556503006911502e-02,4.796696885378332054e-02,3.062561709002782628e-02,5.214971726056907148e-02,2.979983843461089799e-02,5.311910959518894443e-02,1.588726326182568829e-02,1.042994345211381395e-02,3.943990665110851807e-02,5.907907728211111986e-02,7.103491607575621036e-02,3.360560093348891747e-02,9.363611884031954047e-02,1.259132932411812233e-01,1.393232205367561372e-01,3.286958082757382438e-02,1.502019567363791497e-01,9.322322951261106938e-02,1.277084642312180107e-01,1.000269275648505568e-01,1.930526882685575929e-01,6.487747957992999470e-02,6.721120186697783494e-02,5.225742751997127650e-02,2.913562516829728069e-02,5.153935912395656016e-02,5.920473925141369470e-02,1.092182030338389731e-01,6.442868683242078398e-02,1.704694372138946257e-01,2.131406516470693846e-01,6.546988600664213620e-02,1.451575262543757239e-01,3.583699847410465877e-01,1.699129342069832238e-01,2.638183286958082907e-01,1.570954133381204654e-01,4.493312988062112684e-02,1.429135625168297397e-01
1.814917870927205967e-02,2.994345211381383917e-02,1.978278431020554645e-02,1.093259132932411851e-02,5.001346378242527840e-02,5.092900098734404191e-02,6.279508123148730414e-02,9.245130598689525747e-03,6.326182568889686386e-02,4.319181402028543504e-02,4.434072345390898534e-02,3.558028902252939607e-02,9.622116506597253038e-02,2.604793106543398101e-02,2.173952068934565870e-02,2.143434162103940305e-02,1.491787092720581707e-02,2.899201148909433604e-02,2.947670765640427251e-02,5.439368099811506957e-02,0.000000000000000000e+00,8.627591778116865118e-02,7.893366843191813864e-02,3.003321066331568132e-02,7.618705681716184119e-02,1.518535140472130063e-01,7.532537474194417326e-02,1.296472489004577566e-01,8.094425994075936381e-02,1.947760524189929079e-02,6.609819585315501733e-02,1.893905394488825181e-02,1.339197558567453532e-02,2.717888878915716844e-02,1.628220087963378609e-02,2.875863926038955271e-02,1.136343236693295074e-02,8.311641683870388958e-03,2.330131945067767663e-02,1.425365766089219978e-02,2.387577416748945178e-02,1.428956108069293594e-02,2.423480836549681341e-02,7.575621577955300202e-03,4.739251413697154539e-03,1.892110223498788199e-02,2.773539179606857724e-02,3.274391885827124954e-02,1.601292523112826660e-02,4.412530293510456836e-02,5.785836100888609723e-02,6.559554797594470410e-02,1.538461538461538547e-02,6.940131047482273052e-02,4.358675163809352937e-02,5.974329054842474063e-02,4.723094874786823438e-02,8.957903240283636437e-02,2.996140382371420899e-02,3.218741585135984073e-02,2.436047033479938825e-02,1.346378242527600765e-02,2.396553271699129392e-02,2.748406785746342409e-02,4.918768512700835011e-02,3.127187864644107029e-02,7.801813122699936820e-02,9.819585315501301592e-02,3.055381025042635396e-02,6.703168476797415065e-02,1.682613768961493672e-01,7.676151153397360594e-02,1.215869311551925347e-01,7.160937079256798898e-02,2.066241809532358073e-02,6.654698860066421418e-02
