0.000000000000000000e+00,1.878597408100568522e-02,1.214732158621420303e-02,5.985380839718917011e-03,2.872629683251527385e-02,3.962004308061725655e-02,3.328154242734560064e-02,7.344892121896959974e-03,4.493449627458596940e-02,2.240545216992125346e-02,2.826724107489671234e-02,2.312934778770436850e-02,5.455701119389808756e-02,1.675553515307743810e-02,1.435432042091881744e-02,1.131749002436526798e-02,7.468484056640418110e-03,2.076344503690101886e-02,1.670256718104452809e-02,4.532292806949397845e-02,1.786786256576856566e-02,6.071895194039337446e-02,4.544652000423744093e-02,2.247607613263180246e-02,5.125534093717998285e-02,8.875666513648081124e-02,5.362124368798333596e-02,7.450828065962780689e-02,6.326141459797308964e-02,1.122921007097708174e-02,3.222218298668737962e-02,9.975634732864861395e-03,7.874571842226067014e-03,1.541367986157703325e-02,9.887354779476676889e-03,1.702037501324199162e-02,5.667573007521451746e-03,6.673964476146756683e-03,1.075249832268088644e-02,9.039867226950104584e-03,1.317136904551714435e-02,8.086443730357710524e-03,1.364808079381334138e-02,3.866661958402485815e-03,3.672446060948479987e-03,1.285356121331967909e-02,1.696740704120908161e-02,1.792083053780147567e-02,1.066421836929270020e-02,2.404745930294148806e-02,3.702461245100462789e-02,3.675977259084007437e-02,9.816730816766127896e-03,4.758289487623150460e-02,2.461245100462586960e-02,4.438716056357921991e-02,2.953847240368656993e-02,5.226173240580529039e-02,1.749708676153818865e-02,1.850347823016349619e-02,1.746177478018291762e-02,9.234083124404110846e-03,1.691443906917617160e-02,1.931565380133479226e-02,4.165048200854550020e-02,2.058688513012464985e-02,5.439810727779935406e-02,5.471591510999682106e-02,2.062219711147992435e-02,3.931989123909742506e-02,1.200254246265757968e-01,5.367421166001624250e-02,7.242487375966664975e-02,6.560966135809880029e-02,8.492531515943360296e-03,3.248702284685194008e-02
1.878597408100568522e-02,0.000000000000000000e+00,2.180514848688159743e-02,1.064656237861506469e-02,5.249126028461457288e-02,7.129489035629789362e-02,6.015396023870899639e-02,1.299480913874077534e-02,8.118224513577457224e-02,4.044987464246618813e-02,5.132596489989053185e-02,4.131501818567039769e-02,9.749638052191109128e-02,3.141000741551608355e-02,2.523041067834316115e-02,2.069282107419047334e-02,1.336558494297115061e-02,3.675977259084007437e-02,3.040361594689077948e-02,8.137646103322856983e-02,3.171015925703591504e-02,1.093612062572831001e-01,8.128818107984038532e-02,3.954941911790670755e-02,9.191708746777781103e-02,1.571559730216462447e-01,9.677248490412797277e-02,1.343267770754617008e-01,1.129100603834881228e-01,2.065750909283519884e-02,5.729368974893181421e-02,1.777958261238038115e-02,1.414244853278717393e-02,2.733147356898195726e-02,1.755005473357110213e-02,3.179843921042409954e-02,1.022281860235177767e-02,1.198841767011546953e-02,1.920971785726897224e-02,1.610226349800487206e-02,2.364137151735584003e-02,1.454853631837282370e-02,2.547759454783007915e-02,7.133020233765316465e-03,6.532716550725661299e-03,2.254670009534234798e-02,3.017408806808150046e-02,3.195734312652282610e-02,1.906846993184787425e-02,4.405169674070412433e-02,6.629824499452664777e-02,6.633355697588191879e-02,1.702037501324199162e-02,8.563155478653906860e-02,4.488152830255305592e-02,8.010522970443871571e-02,5.247360429393693043e-02,9.343550266605459009e-02,3.245171086549666212e-02,3.261061478159539562e-02,3.132172746212789904e-02,1.673787916239980259e-02,3.003284014266040594e-02,3.465870970020128172e-02,7.493202443589110084e-02,3.654790070270842739e-02,9.784950033546382930e-02,9.694904481090434178e-02,3.571806914085949580e-02,7.067693068258060207e-02,2.127899996468801957e-01,9.675482891345033032e-02,1.306543310145132364e-01,1.162646986122391340e-01,1.544899184293230775e-02,5.807055333874783926e-02
1.214732158621420303e-02,2.180514848688159743e-02,0.000000000000000000e+00,6.850524382923125696e-03,3.407606200783926120e-02,4.601151170592181899e-02,3.933754722977506058e-02,8.245347646456442289e-03,5.323281189307531996e-02,2.625445813764610420e-02,3.338747837141142066e-02,2.706663370881740027e-02,6.364984639288109869e-02,2.037501324199300981e-02,1.636710335816942558e-02,1.333027296161587612e-02,8.563155478653907554e-03,2.402980331226385255e-02,1.970408559624280478e-02,5.256188424732511494e-02,2.007486140047318179e-02,7.101239450545569765e-02,5.282672410748966846e-02,2.609555422154737070e-02,6.017161622938663190e-02,1.025813058370705216e-01,6.285532681238743813e-02,8.723824993820403217e-02,7.336064126558140830e-02,1.311840107348423261e-02,3.695398848829407890e-02,1.174123380062855326e-02,9.340019068469932600e-03,1.820332638864366817e-02,1.168826582859564325e-02,2.088703697164447787e-02,6.709276457502030312e-03,7.892227832903704263e-03,1.262403333451040006e-02,1.054062643454924293e-02,1.534305589886648599e-02,9.551890956601574376e-03,1.686147109714326159e-02,4.678837529573784057e-03,4.272749743988135153e-03,1.470744023447155546e-02,1.963346163353225579e-02,2.116953282248667037e-02,1.246512941841166656e-02,2.844380098167308135e-02,4.322186517885518581e-02,4.308061725343408782e-02,1.087609025742434371e-02,5.653448214979342468e-02,2.884988876725872939e-02,5.226173240580529039e-02,3.421730993326035225e-02,6.107207175394611248e-02,2.116953282248667037e-02,2.122250079451958038e-02,2.056922913944701434e-02,1.092905822945725546e-02,1.938627776404534125e-02,2.259966806737526146e-02,4.924255799992937471e-02,2.309403580634909400e-02,6.364984639288109869e-02,6.290829478442035161e-02,2.364137151735584003e-02,4.579963981779017895e-02,1.387584307355485824e-01,6.313782266322963410e-02,8.474875525265722354e-02,7.563826406299657690e-02,9.746106854055580637e-03,3.713054839507044791e-02
5.985380839718917011e-03,1.064656237861506469e-02,6.850524382923125696e-03,0.000000000000000000e+00,1.633179137681415455e-02,2.226420424450015895e-02,1.894487799710441872e-02,4.078533846534128891e-03,2.521275468766552563e-02,1.262403333451040006e-02,1.592570359122850304e-02,1.304777711077368535e-02,3.093329566721988652e-02,9.816730816766127896e-03,7.980507786291888769e-03,6.373812634626928667e-03,4.202125781277587895e-03,1.158232988452982150e-02,9.410643031180479859e-03,2.505385077156679213e-02,9.957978742187224147e-03,3.397012606377344118e-02,2.551290652918535365e-02,1.258872135315512557e-02,2.888520074861400388e-02,4.956036583212684171e-02,3.008580811469331595e-02,4.203891380345350925e-02,3.506479748578692629e-02,6.409124615982203163e-03,1.797379850983438568e-02,5.720540979554362623e-03,4.484621632119778663e-03,8.722059394752639319e-03,5.649917016843815365e-03,9.975634732864861395e-03,3.125110349941735265e-03,3.725414032981390431e-03,6.144284755817648776e-03,5.155549277869981087e-03,7.397860093929869985e-03,4.590557576185599550e-03,8.051131749002436028e-03,2.259966806737526146e-03,2.048094918605883070e-03,7.256612168508774600e-03,9.340019068469932600e-03,1.002860270489777141e-02,6.056004802429464269e-03,1.385995268194498316e-02,2.071047706486810885e-02,2.081641300893393234e-02,5.402733147356898226e-03,2.660757795119884223e-02,1.391292065397789490e-02,2.514213072495497664e-02,1.666725519968925359e-02,2.934425650623256540e-02,1.016985063031886766e-02,1.029344256506232493e-02,9.799074826088492382e-03,5.261485221935802842e-03,9.428299021858117107e-03,1.087609025742434371e-02,2.332356368515837303e-02,1.163529785656273151e-02,3.012112009604859045e-02,3.040361594689077948e-02,1.151170592181927251e-02,2.191108443094742092e-02,6.705745259366503730e-02,2.989159221723930795e-02,4.082065044669656168e-02,3.642430876796497186e-02,4.661181538896147676e-03,1.806207846322257018e-02
2.872629683251527385e-02,5.249126028461457288e-02,3.407606200783926120e-02,1.633179137681415455e-02,0.000000000000000000e+00,1.096083901267700111e-01,9.334722271266640559e-02,2.000423743776263280e-02,1.256753416434196191e-01,6.356156643949291418e-02,8.012288569511635816e-02,6.525654154454606226e-02,1.512765281259931538e-01,4.834210247536989413e-02,3.912567534164342054e-02,3.183375119177937057e-02,2.078110102757865785e-02,5.632261026166178464e-02,4.705321515590239756e-02,1.238567746036230155e-01,4.911896606518591918e-02,1.677495674282283855e-01,1.249867580069917716e-01,6.156643949291994850e-02,1.415657332532928303e-01,2.425933119107313019e-01,1.497581129277163747e-01,2.069811787139376469e-01,1.732229245382958527e-01,3.169250326635827258e-02,8.815636145344114827e-02,2.796708923337688432e-02,2.171686853349341292e-02,4.248031357039443179e-02,2.731381757830431828e-02,4.945442988806102169e-02,1.587273561919559303e-02,1.868003813693986520e-02,3.012112009604859045e-02,2.478901091140223861e-02,3.630071683322150938e-02,2.268794802076344597e-02,3.960238708993961410e-02,1.119389808962180898e-02,1.004625869557540865e-02,3.439386984003672126e-02,4.611744764998763901e-02,4.987817366432430177e-02,2.955612839436420891e-02,6.850524382923126043e-02,1.023164659769059681e-01,1.028108337158798041e-01,2.606024224019209620e-02,1.326494579610862090e-01,7.069458667325823065e-02,1.249867580069917716e-01,8.227691655778805735e-02,1.448320915286556709e-01,4.994879762703485077e-02,5.039019739397577330e-02,4.837741445672516516e-02,2.630742610967901421e-02,4.634697552879692151e-02,5.355061972527278696e-02,1.148875313393834530e-01,5.688760196334616270e-02,1.488929693845121582e-01,1.484692256082488782e-01,5.559871464387866613e-02,1.082488788445919725e-01,3.277304989582965344e-01,1.486810974963805321e-01,2.011193898089621845e-01,1.797909530703767911e-01,2.342949962922419652e-02,8.916275292206646275e-02
3.962004308061725655e-02,7.129489035629789362e-02,4.601151170592181899e-02,2.226420424450015895e-02,1.096083901267700111e-01,0.000000000000000000e+00,1.266640771213672911e-01,2.791412126134397431e-02,1.723754369857692648e-01,8.497828313146650603e-02,1.071895194039337584e-01,8.686747413397365170e-02,2.058158833292136058e-01,6.504466965641442222e-02,5.339171580917405346e-02,4.368092093647374385e-02,2.807302517744270781e-02,7.740386313076026703e-02,6.380875030897983913e-02,1.717221653306967022e-01,6.709276457502030833e-02,2.314876937744976826e-01,1.729404286874536567e-01,8.356580387725555392e-02,1.966171121861647608e-01,3.317207528514424797e-01,2.057982273385359773e-01,2.821956990006709298e-01,2.400861612345068785e-01,4.355732900173028832e-02,1.218263356756947580e-01,3.861365161199194901e-02,2.925597655284438089e-02,5.708181786080016723e-02,3.672446060948479640e-02,6.649246089198064535e-02,2.154030862671704391e-02,2.484197888343514862e-02,4.122673823228221318e-02,3.358169426886542519e-02,4.986051767364666626e-02,3.059783184434478748e-02,5.340937179985168898e-02,1.525477594547830149e-02,1.375401673787916314e-02,4.800663865249479162e-02,6.412655814117730613e-02,6.841696387584307593e-02,4.036159468907800363e-02,9.290582294572548305e-02,1.408418376355097257e-01,1.401532539990818782e-01,3.610650093576750486e-02,1.831455912991278023e-01,9.350612662876514602e-02,1.691443906917617090e-01,1.108443094742045942e-01,1.974292877573360638e-01,6.779900420212578438e-02,6.889367562413926949e-02,6.635121296655954737e-02,3.511776545781983977e-02,6.370281436491401217e-02,7.316642536812741071e-02,1.581976764716268302e-01,7.692715138246407347e-02,2.068046188071612779e-01,2.078110102757865785e-01,7.556764010028602097e-02,1.501995126946572834e-01,4.471732758925103246e-01,2.046858999258448497e-01,2.752215826830043399e-01,2.471309015148840105e-01,3.225749496804265759e-02,1.230799110138069835e-01
3.328154242734560064e-02,6.015396023870899639e-02,3.933754722977506058e-02,1.894487799710441872e-02,9.334722271266640559e-02,1.266640771213672911e-01,0.000000000000000000e+00,2.335887566651364752e-02,1.451852113422084090e-01,7.254846569441011916e-02,9.191708746777781103e-02,7.503796037995691393e-02,1.755535153077439070e-01,5.529856280235884158e-02,4.504043221865178942e-02,3.619478088915568936e-02,2.401214732158621357e-02,6.536247748861188922e-02,5.399201949221370950e-02,1.423779088244641333e-01,5.632261026166178464e-02,1.930152900879268385e-01,1.445672516684911313e-01,7.171863413256117370e-02,1.627176100851018825e-01,2.809774356439139753e-01,1.722165330696705521e-01,2.375790105582824274e-01,1.996009746106854055e-01,3.577103711289240234e-02,1.016102263498004921e-01,3.315795049260213817e-02,2.524806666902080013e-02,4.934849394399519473e-02,3.202796708923337510e-02,5.671104205656979369e-02,1.866238214626222622e-02,2.127546876655249039e-02,3.615946890780041834e-02,2.895582471132455288e-02,4.189766587803241821e-02,2.657226596984356773e-02,4.551714396694798298e-02,1.310074508280659709e-02,1.154701790317454700e-02,4.066174653059783511e-02,5.295031604223313093e-02,5.784102545993855676e-02,3.451746177478018374e-02,7.943430205868851068e-02,1.179243617359369972e-01,1.198488647197994278e-01,3.089798368586461549e-02,1.529891592217239304e-01,8.077615735018892074e-02,1.444083477523923909e-01,9.599562131431194079e-02,1.687029909248208004e-01,5.764680956248455224e-02,5.807055333874783926e-02,5.529856280235884158e-02,2.983862424520639794e-02,5.388608354814788948e-02,6.199018326918323551e-02,1.322963381475334710e-01,6.635121296655954737e-02,1.705039019739397477e-01,1.725873088739009187e-01,6.492107772167096669e-02,1.253575338112221382e-01,3.819167343479642485e-01,1.708923337688477706e-01,2.316819096719516802e-01,2.075285144249443825e-01,2.621914615629082970e-02,1.021928740421625126e-01
7.344892121896959974e-03,1.299480913874077534e-02,8.245347646456442289e-03,4.078533846534128891e-03,2.000423743776263280e-02,2.791412126134397431e-02,2.335887566651364752e-02,0.000000000000000000e+00,3.171015925703591504e-02,1.569617571241922402e-02,1.989830149369681278e-02,1.601398354461668755e-02,3.788975599420883744e-02,1.175888979130619051e-02,9.816730816766127896e-03,7.945195804936614273e-03,5.279141212613440090e-03,1.428369645820827018e-02,1.154701790317454700e-02,3.146297538754899703e-02,1.235919347434584481e-02,4.235672163565097625e-02,3.169250326635827258e-02,1.534305589886648599e-02,3.573572513153713132e-02,6.100144779123556349e-02,3.764257212472191944e-02,5.178502065750908989e-02,4.406935273138175985e-02,7.962851795614251521e-03,2.261732405805289697e-02,7.027084289699494710e-03,5.385077156679260978e-03,1.041703449980578393e-02,6.762244429534941190e-03,1.195310568876019677e-02,3.954941911790670755e-03,4.484621632119778663e-03,7.698011935449698001e-03,6.197252727850559653e-03,9.145803171015926339e-03,5.685228998199088994e-03,9.587202937956848872e-03,2.842614499099544497e-03,2.507150676224442851e-03,8.880963310851371084e-03,1.168826582859564325e-02,1.251809739044457831e-02,7.450828065962780862e-03,1.712631095730781511e-02,2.595430629612627618e-02,2.591899431477100169e-02,6.779900420212578438e-03,3.331685440870087167e-02,1.728521487340654514e-02,3.109219958331862002e-02,2.063985310215756333e-02,3.667149263745188986e-02,1.234153748366820930e-02,1.278293725060913183e-02,1.211200960485892854e-02,6.373812634626928667e-03,1.182951375401673777e-02,1.338324093364878786e-02,2.888520074861400388e-02,1.444260037430700194e-02,3.790741198488647296e-02,3.857833963063667798e-02,1.391292065397789490e-02,2.771990536388996632e-02,8.277128429676189336e-02,3.739538825523500143e-02,5.070800522617324030e-02,4.581729580846781447e-02,5.932412867686006133e-03,2.270560401144108148e-02
4.493449627458596940e-02,8.118224513577457224e-02,5.323281189307531996e-02,2.521275468766552563e-02,1.256753416434196191e-01,1.723754369857692648e-01,1.451852113422084090e-01,3.171015925703591504e-02,0.000000000000000000e+00,9.724919665242416633e-02,1.234330308273597215e-01,9.961509940322751944e-02,2.351601398354461747e-01,7.479077651047000286e-02,6.054239203361700544e-02,4.975458172958084624e-02,3.211624704262155960e-02,8.843885730428334424e-02,7.293689748931812822e-02,1.955224407641512896e-01,7.546170415622020788e-02,2.646279882764221991e-01,1.972703838412373234e-01,9.551890956601574723e-02,2.235248419788834484e-01,3.795155196158056521e-01,2.359546594159398214e-01,3.220276139694198125e-01,2.733147356898195657e-01,4.887178219569900117e-02,1.375225113881139993e-01,4.398107277799357534e-02,3.363466224089833867e-02,6.560966135809880029e-02,4.221547371022987827e-02,7.646809562484550848e-02,2.461245100462586960e-02,2.851442494438363034e-02,4.715915109996821758e-02,3.831349977047212446e-02,5.618136233624068665e-02,3.485292559765528625e-02,6.172534340901868199e-02,1.751474275221582763e-02,1.550195981496521776e-02,5.462763515660863656e-02,7.290158550796285719e-02,7.897524630106995958e-02,4.604682368727709002e-02,1.060595360005649884e-01,1.604046753063314290e-01,1.602457713902327163e-01,4.138564214838094668e-02,2.092411455206751592e-01,1.071012394505455739e-01,1.937744976870652280e-01,1.267170450934001769e-01,2.264380804406935233e-01,7.775698294431300506e-02,7.837494261803029660e-02,7.602669585790458595e-02,4.023800275433454809e-02,7.270736961050884573e-02,8.376001977470956539e-02,1.809209364737455472e-01,8.722059394752638972e-02,2.354602916769659993e-01,2.362194992761043888e-01,8.647904233906564264e-02,1.709982697129135976e-01,5.124121614463787999e-01,2.344009322363077852e-01,3.145414739221017442e-01,2.812422755040785427e-01,3.642430876796497186e-02,1.392704544652000331e-01
2.240545216992125346e-02,4.044987464246618813e-02,2.625445813764610420e-02,1.262403333451040006e-02,6.356156643949291418e-02,8.497828313146650603e-02,7.254846569441011916e-02,1.569617571241922402e-02,9.724919665242416633e-02,0.000000000000000000e+00,6.214908718528196901e-02,5.026660545923231777e-02,1.164942264910484165e-01,3.771319608743246843e-02,3.008580811469331595e-02,2.463010699530350511e-02,1.592570359122850304e-02,4.369857692715137937e-02,3.628306084254387387e-02,9.664889296938451724e-02,3.773085207811010394e-02,1.309897948373883181e-01,9.731982061513470839e-02,4.730039902538931557e-02,1.098379180055792936e-01,1.880892686888661347e-01,1.164059465376602320e-01,1.602457713902327163e-01,1.347505208517249808e-01,2.471838694869168962e-02,6.827571595042197794e-02,2.154030862671704391e-02,1.680850312511035158e-02,3.255764680956248214e-02,2.111656485045376036e-02,3.849005967724849347e-02,1.223560153960238754e-02,1.433666443024118019e-02,2.348246760125710653e-02,1.945690172675588678e-02,2.826724107489671234e-02,1.770895864966983216e-02,3.079204774179879200e-02,8.704403404075002071e-03,7.715667926127335249e-03,2.717256965288322376e-02,3.550619725272784882e-02,3.875489953741304699e-02,2.279388396482926599e-02,5.360358769730569350e-02,7.897524630106995958e-02,7.989335781630707567e-02,2.035735725131537083e-02,1.023517779582612391e-01,5.446873124050990306e-02,9.664889296938451724e-02,6.373812634626928320e-02,1.127511564673893824e-01,3.907270736961050706e-02,3.875489953741304699e-02,3.734242028320208795e-02,2.007486140047318179e-02,3.594759701966877136e-02,4.143861012041385322e-02,8.960415268900738528e-02,4.405169674070412433e-02,1.163882905469825896e-01,1.155937709664889290e-01,4.263921748649316529e-02,8.434266746707157203e-02,2.546876655249126209e-01,1.153995550690349176e-01,1.564850453758960536e-01,1.395352943253646005e-01,1.825629436067657818e-02,6.914085949362618055e-02
2.826724107489671234e-02,5.132596489989053185e-02,3.338747837141142066e-02,1.592570359122850304e-02,8.012288569511635816e-02,1.071895194039337584e-01,9.191708746777781103e-02,1.989830149369681278e-02,1.234330308273597215e-01,6.214908718528196901e-02,0.000000000000000000e+00,6.384406229033511015e-02,1.482573537201172242e-01,4.788304671775133609e-02,3.849005967724849347e-02,3.107454359264098451e-02,2.037501324199300981e-02,5.542215473710229712e-02,4.609979165931000350e-02,1.213672799180762069e-01,4.835975846604752965e-02,1.651188248172605066e-01,1.235742787527808195e-01,6.022458420141953844e-02,1.389349906423249514e-01,2.382852501853879035e-01,1.466330025777746460e-01,2.036088844945089793e-01,1.698859423002224700e-01,3.123344750873971454e-02,8.674388219923019616e-02,2.754334545711359730e-02,2.141671669197358491e-02,4.173876196193368471e-02,2.687241781136339575e-02,4.883647021434373015e-02,1.555492778699812777e-02,1.827395035135421369e-02,2.955612839436420891e-02,2.425933119107313157e-02,3.552385324340548434e-02,2.221123627246724894e-02,3.917864331367632708e-02,1.089374624810198096e-02,9.975634732864861395e-03,3.400543804512871221e-02,4.553479995762562543e-02,4.883647021434373015e-02,2.918535259013383190e-02,6.769306825805995742e-02,1.007274268159186470e-01,1.010982026201490136e-01,2.581305837070518167e-02,1.310957307814541450e-01,6.891133161481691194e-02,1.224266393587344209e-01,8.063490942476782275e-02,1.422190049083654206e-01,4.957802182280447723e-02,4.950739786009392823e-02,4.798898266181715611e-02,2.563649846392881265e-02,4.578198382711253650e-02,5.245594830325929492e-02,1.137045799639817834e-01,5.556340266252339510e-02,1.476393940463999466e-01,1.462798827642219079e-01,5.423920336170062750e-02,1.073837353013877560e-01,3.224513577456831204e-01,1.468448744659062721e-01,1.978883435149546288e-01,1.771072424873759710e-01,2.307637981567145849e-02,8.729121791023694565e-02
2.312934778770436850e-02,4.131501818567039769e-02,2.706663370881740027e-02,1.304777711077368535e-02,6.525654154454606226e-02,8.686747413397365170e-02,7.503796037995691393e-02,1.601398354461668755e-02,9.961509940322751944e-02,5.026660545923231777e-02,6.384406229033511015e-02,0.000000000000000000e+00,1.207493202443589153e-01,3.859599562131431350e-02,3.142766340619371906e-02,2.508916275292206663e-02,1.647303930223524907e-02,4.498746424661887594e-02,3.721882834845863242e-02,9.883823581341148745e-02,3.909036336028814257e-02,1.337617853737773088e-01,9.995056322610261501e-02,4.896006214908718568e-02,1.119213249055404508e-01,1.942335534446837930e-01,1.184010734842332047e-01,1.649775768918393948e-01,1.375754793601468851e-01,2.505385077156679213e-02,7.039443483173840610e-02,2.228186023517779446e-02,1.774427063102510665e-02,3.435855785868145024e-02,2.221123627246724894e-02,3.935520322045270303e-02,1.267700130654331007e-02,1.491931212260319897e-02,2.434761114446131608e-02,2.046329319538119432e-02,2.955612839436420891e-02,1.855644620219640620e-02,3.153359935025954602e-02,8.933931282884282829e-03,8.086443730357710524e-03,2.828489706557434785e-02,3.649493273067552085e-02,3.997316289416999457e-02,2.380027543345457006e-02,5.512200289558247257e-02,8.091740527561001872e-02,8.224160457643278632e-02,2.113422084113139587e-02,1.048589286344856764e-01,5.605777040149723112e-02,9.947385147780642145e-02,6.612168508775027875e-02,1.161411066774956785e-01,4.027331473568981912e-02,4.039690667043327466e-02,3.810162788234047748e-02,2.063985310215756333e-02,3.679508457219534540e-02,4.274515343055898531e-02,9.216427133726473597e-02,4.587026378050072101e-02,1.186835693350753868e-01,1.188071612698188562e-01,4.463434443306613791e-02,8.626717045093400260e-02,2.638511246866061533e-01,1.176418658850948151e-01,1.607754511105618234e-01,1.437727320879974569e-01,1.848582223948585720e-02,7.108301846816625358e-02
5.455701119389808756e-02,9.749638052191109128e-02,6.364984639288109869e-02,3.093329566721988652e-02,1.512765281259931538e-01,2.058158833292136058e-01,1.755535153077439070e-01,3.788975599420883744e-02,2.351601398354461747e-01,1.164942264910484165e-01,1.482573537201172242e-01,1.207493202443589153e-01,0.000000000000000000e+00,8.932165683816518931e-02,7.334298527490377972e-02,5.921819273279423784e-02,3.866661958402486249e-02,1.067128076556375510e-01,8.737949786362513016e-02,2.342773403015643296e-01,9.147568770083688849e-02,3.152477135492072202e-01,2.345598361524064979e-01,1.167060983791800566e-01,2.651223560153960213e-01,4.564426709982697394e-01,2.795473003990253669e-01,3.852184046046823740e-01,3.264592676295066664e-01,5.828242522687947930e-02,1.656661605282672423e-01,5.323281189307531996e-02,4.092658639076238863e-02,8.001694975105053120e-02,5.166142872276563436e-02,9.138740774744870399e-02,2.997987217062749246e-02,3.453511776545781925e-02,5.789399343197147024e-02,4.726508704403403760e-02,6.878773968007344253e-02,4.278046541191426327e-02,7.291924149864048577e-02,2.115187683180903139e-02,1.882128606236095972e-02,6.645714891062537433e-02,8.642607436703272916e-02,9.415939828383770860e-02,5.596949044810904661e-02,1.274939086832162227e-01,1.909671951693209524e-01,1.929799781065715536e-01,5.042550937533105126e-02,2.481372929835093111e-01,1.295420036018221088e-01,2.326176771778664387e-01,1.548253822521981626e-01,2.728909919135562578e-01,9.269395105759384301e-02,9.460079805077863113e-02,8.953352872629682935e-02,4.820085454994879615e-02,8.723824993820403217e-02,1.008686747413397311e-01,2.147145026307425986e-01,1.073307673293548564e-01,2.776051414244853355e-01,2.817719552244076220e-01,1.059889120378544464e-01,2.035029485504431523e-01,6.190543451393057950e-01,2.767046858999258618e-01,3.773261767717786541e-01,3.369998940640559493e-01,4.304530527207881679e-02,1.667961439316359984e-01
1.675553515307743810e-02,3.141000741551608355e-02,2.037501324199300981e-02,9.816730816766127896e-03,4.834210247536989413e-02,6.504466965641442222e-02,5.529856280235884158e-02,1.175888979130619051e-02,7.479077651047000286e-02,3.771319608743246843e-02,4.788304671775133609e-02,3.859599562131431350e-02,8.932165683816518931e-02,0.000000000000000000e+00,2.328825170380310200e-02,1.908612592252551324e-02,1.232388149299057205e-02,3.345810233412196966e-02,2.821427310286380233e-02,7.424344079946325337e-02,2.918535259013383190e-02,1.000035311981355285e-01,7.411984886471979783e-02,3.630071683322150938e-02,8.430735548571630100e-02,1.437727320879974569e-01,8.898619301529009373e-02,1.239450545570112000e-01,1.032345774921430842e-01,1.912143790388078773e-02,5.249126028461457288e-02,1.626116741410360556e-02,1.299480913874077534e-02,2.512447473427734113e-02,1.603163953529432653e-02,2.941488046894311092e-02,9.551890956601574376e-03,1.128217804300999348e-02,1.749708676153818865e-02,1.447791235566227644e-02,2.152265263603940840e-02,1.338324093364878786e-02,2.367668349871111105e-02,6.585684522758572176e-03,6.126628765140012395e-03,1.977470955895335378e-02,2.770224937321233080e-02,2.948550443165365992e-02,1.755005473357110213e-02,4.044987464246618813e-02,6.110738373530139045e-02,6.068363995903810343e-02,1.516649599209011698e-02,7.915180620784632859e-02,4.214484974751933621e-02,7.390797697658815779e-02,4.821851054062643166e-02,8.547265087044034204e-02,2.990924820791694694e-02,2.999752816130513144e-02,2.902644867403509840e-02,1.569617571241922402e-02,2.745506550372541280e-02,3.179843921042409954e-02,6.884070765210635601e-02,3.326388643666795819e-02,8.955118471697447180e-02,8.760902574243441265e-02,3.266358275362830910e-02,6.426780606659839024e-02,1.937391857057099431e-01,8.882728909919135329e-02,1.199548006638652548e-01,1.065539037395388244e-01,1.416010452346481117e-02,5.300328401426603747e-02
1.435432042091881744e-02,2.523041067834316115e-02,1.636710335816942558e-02,7.980507786291888769e-03,3.912567534164342054e-02,5.339171580917405346e-02,4.504043221865178942e-02,9.816730816766127896e-03,6.054239203361700544e-02,3.008580811469331595e-02,3.849005967724849347e-02,3.142766340619371906e-02,7.334298527490377972e-02,2.328825170380310200e-02,0.000000000000000000e+00,1.559023976835340226e-02,9.905010770154314137e-03,2.764928140117942079e-02,2.274091599279635598e-02,6.142519156749885051e-02,2.420636321904022156e-02,8.234754052049859940e-02,6.137222359546594397e-02,3.020940004943677495e-02,6.907023553091563850e-02,1.185952893816872022e-01,7.219534588085738114e-02,1.005332109184646355e-01,8.492531515943359255e-02,1.527243193615593700e-02,4.345139305766446830e-02,1.336558494297115061e-02,1.068187435997033745e-02,2.101062890638793687e-02,1.338324093364878786e-02,2.360605953600056553e-02,7.662699954094424372e-03,9.128147180338289091e-03,1.446025636498463919e-02,1.214732158621420303e-02,1.800911049118966017e-02,1.101733818284543996e-02,1.850347823016349619e-02,5.332109184646350100e-03,4.943677389738338444e-03,1.717927892934072512e-02,2.284685193686217600e-02,2.429464317242840607e-02,1.446025636498463919e-02,3.280483067904940014e-02,4.973692573890321073e-02,4.954270984144920620e-02,1.287121720399731634e-02,6.460326988947349969e-02,3.377591016631942972e-02,5.992443235989971390e-02,4.009675482891345011e-02,7.012959497157385258e-02,2.381793142413220904e-02,2.471838694869168962e-02,2.371199548006638555e-02,1.253575338112221556e-02,2.267029203008580698e-02,2.606024224019209620e-02,5.686994597266852719e-02,2.773756135456760530e-02,7.387266499523288676e-02,7.360782513506833324e-02,2.747272149440305178e-02,5.275610014477912640e-02,1.603693633249761719e-01,7.223065786221265216e-02,9.830855609308238041e-02,8.840354532292807321e-02,1.158232988452982150e-02,4.422825664748049335e-02
1.131749002436526798e-02,2.069282107419047334e-02,1.333027296161587612e-02,6.373812634626928667e-03,3.183375119177937057e-02,4.368092093647374385e-02,3.619478088915568936e-02,7.945195804936614273e-03,4.975458172958084624e-02,2.463010699530350511e-02,3.107454359264098451e-02,2.508916275292206663e-02,5.921819273279423784e-02,1.908612592252551324e-02,1.559023976835340226e-02,0.000000000000000000e+00,8.086443730357710524e-03,2.217592429111197444e-02,1.852113422084113170e-02,5.017832550584413326e-02,1.943924573607825126e-02,6.703979660298739485e-02,4.998410960839012873e-02,2.392386736819802906e-02,5.648151417776051120e-02,9.534234965923937821e-02,5.964193650905752486e-02,8.241816448320915534e-02,6.970585119531057250e-02,1.278293725060913183e-02,3.495886154172110627e-02,1.084077827606907095e-02,8.686747413397366557e-03,1.652600727426815908e-02,1.054062643454924293e-02,1.924502983862424674e-02,6.108972774462375147e-03,7.433172075285144481e-03,1.158232988452982150e-02,9.534234965923937127e-03,1.435432042091881744e-02,8.704403404075002071e-03,1.557258377767576502e-02,4.378685688053956908e-03,3.919629930435397126e-03,1.359511282178042964e-02,1.869769412761750071e-02,1.981002154030862827e-02,1.161764186588509426e-02,2.673116988594230123e-02,4.090893040008474618e-02,4.023800275433454809e-02,1.032875454641759942e-02,5.252657226596984391e-02,2.717256965288322376e-02,4.853631837282389866e-02,3.156891133161481705e-02,5.644620219640524017e-02,1.986298951234153828e-02,2.021610932589427631e-02,1.950986969878880026e-02,1.024047459302941492e-02,1.830926233270948819e-02,2.113422084113139587e-02,4.636463151947455702e-02,2.206998834704615442e-02,6.078957590310392345e-02,5.994208835057734941e-02,2.152265263603940840e-02,4.295702531869063229e-02,1.287827960026837193e-01,5.965959249973516038e-02,7.992866979766234670e-02,7.163035417917298919e-02,9.481266993891027117e-03,3.580634909424768031e-02
7.468484056640418110e-03,1.336558494297115061e-02,8.563155478653907554e-03,4.202125781277587895e-03,2.078110102757865785e-02,2.807302517744270781e-02,2.401214732158621357e-02,5.279141212613440090e-03,3.211624704262155960e-02,1.592570359122850304e-02,2.037501324199300981e-02,1.647303930223524907e-02,3.866661958402486249e-02,1.232388149299057205e-02,9.905010770154314137e-03,8.086443730357710524e-03,0.000000000000000000e+00,1.444260037430700194e-02,1.197076167943783402e-02,3.195734312652282610e-02,1.248278540908930381e-02,4.336311310427628379e-02,3.220452699600974411e-02,1.566086373106394952e-02,3.628306084254387387e-02,6.230799110138069558e-02,3.817225184505102648e-02,5.284438009816731091e-02,4.451075249832268238e-02,8.068787739680073276e-03,2.268794802076344597e-02,7.168332215120590094e-03,5.455701119389809103e-03,1.071718634132561195e-02,6.938804336311310203e-03,1.251809739044457831e-02,4.025565874501218014e-03,4.608213566863236799e-03,7.768635898160246127e-03,6.426780606659839544e-03,9.304707087114658104e-03,5.826476923620184378e-03,9.975634732864861395e-03,2.860270489777181312e-03,2.524806666902079666e-03,9.057523217627741832e-03,1.170592181927327877e-02,1.271231328789858457e-02,7.592075991383876246e-03,1.749708676153818865e-02,2.600727426815918619e-02,2.643101804442247321e-02,6.779900420212578438e-03,3.377591016631942972e-02,1.767364666831455766e-02,3.167484727568063707e-02,2.104594088774321137e-02,3.746601221794555042e-02,1.271231328789858457e-02,1.278293725060913183e-02,1.220028955824711304e-02,6.479748578692750421e-03,1.191779370740492228e-02,1.364808079381334138e-02,2.922066457148910640e-02,1.458384829972809819e-02,3.822521981708393995e-02,3.836646774250503100e-02,1.424838447685299568e-02,2.786115328931106430e-02,8.423673152300575895e-02,3.790741198488647296e-02,5.173205268547618335e-02,4.604682368727709002e-02,5.967724849041279762e-03,2.284685193686217600e-02
2.076344503690101886e-02,3.675977259084007437e-02,2.402980331226385255e-02,1.158232988452982150e-02,5.632261026166178464e-02,7.740386313076026703e-02,6.536247748861188922e-02,1.428369645820827018e-02,8.843885730428334424e-02,4.369857692715137937e-02,5.542215473710229712e-02,4.498746424661887594e-02,1.067128076556375510e-01,3.345810233412196966e-02,2.764928140117942079e-02,2.217592429111197444e-02,1.444260037430700194e-02,0.000000000000000000e+00,3.296373459514813364e-02,8.895088103393480883e-02,3.434090186800381472e-02,1.196016808503125167e-01,8.889791306190190923e-02,4.369857692715137937e-02,1.002683710583000820e-01,1.720399731628941831e-01,1.053356403827818838e-01,1.459620749320244271e-01,1.233977188460044505e-01,2.199936438433560543e-02,6.259048695222288461e-02,1.968642960556516927e-02,1.550195981496521776e-02,3.008580811469331595e-02,1.926268582930188225e-02,3.418199795190508122e-02,1.112327412691126172e-02,1.301246512941841085e-02,2.141671669197358491e-02,1.776192662170274217e-02,2.598961827748155068e-02,1.603163953529432653e-02,2.749037748508068729e-02,7.786291888837882508e-03,7.115364243087679216e-03,2.501853879021151764e-02,3.282248666972703566e-02,3.538260531798439329e-02,2.090469296232211685e-02,4.760055086690914011e-02,7.200112998340336967e-02,7.244252975034429221e-02,1.885659804371623421e-02,9.341784667537696152e-02,4.804195063385006265e-02,8.706169003142766316e-02,5.734665772096472075e-02,1.024047459302941526e-01,3.502948550443165526e-02,3.575338112221476683e-02,3.412902997987216774e-02,1.799145450051202466e-02,3.285779865108231362e-02,3.785444401285355948e-02,8.157067693068258130e-02,3.999081888484763009e-02,1.066245277022493665e-01,1.066068717115717379e-01,3.972597902468307657e-02,7.689183940110880244e-02,2.335357886931035687e-01,1.051061125039726013e-01,1.422366608990430492e-01,1.273350047671174823e-01,1.642007133020233905e-02,6.334969455136127414e-02
1.670256718104452809e-02,3.040361594689077948e-02,1.970408559624280478e-02,9.410643031180479859e-03,4.705321515590239756e-02,6.380875030897983913e-02,5.399201949221370950e-02,1.154701790317454700e-02,7.293689748931812822e-02,3.628306084254387387e-02,4.609979165931000350e-02,3.721882834845863242e-02,8.737949786362513016e-02,2.821427310286380233e-02,2.274091599279635598e-02,1.852113422084113170e-02,1.197076167943783402e-02,3.296373459514813364e-02,0.000000000000000000e+00,7.276033758254175920e-02,2.840848900031780686e-02,9.832621208376002286e-02,7.330767329354849482e-02,3.552385324340548434e-02,8.287722024082770644e-02,1.405769977753451860e-01,8.684981814329602312e-02,1.204668243935167193e-01,1.013100745082806536e-01,1.845051025813058271e-02,5.141424485327871635e-02,1.613757547936014655e-02,1.271231328789858457e-02,2.477135492072460310e-02,1.574914368445213403e-02,2.869098485115999936e-02,9.163459161693561852e-03,1.082312228539143370e-02,1.721459091069599961e-02,1.426604046753063293e-02,2.124015678519721589e-02,1.306543310145132260e-02,2.297044387160563500e-02,6.426780606659839544e-03,5.932412867686006133e-03,1.995126946572972279e-02,2.736678555033722829e-02,2.895582471132455288e-02,1.733818284543945862e-02,3.946113916451852305e-02,5.980084042515625836e-02,5.957131254634697587e-02,1.507821603870193074e-02,7.796885483244464510e-02,4.013206681026872114e-02,7.210706592746919663e-02,4.698259119319184857e-02,8.376001977470956539e-02,2.911472862742328638e-02,2.930894452487729090e-02,2.851442494438363034e-02,1.509587202937956799e-02,2.680179384865284675e-02,3.100391962993043551e-02,6.806384406229033790e-02,3.238108690278611312e-02,8.852713725767152875e-02,8.699106606871712111e-02,3.201031109855573958e-02,6.343797450474945865e-02,1.899608037006956518e-01,8.741480984498040119e-02,1.172887460715420771e-01,1.049295525971962323e-01,1.370104876584625139e-02,5.199689254564073687e-02
4.532292806949397845e-02,8.137646103322856983e-02,5.256188424732511494e-02,2.505385077156679213e-02,1.238567746036230155e-01,1.717221653306967022e-01,1.423779088244641333e-01,3.146297538754899703e-02,1.955224407641512896e-01,9.664889296938451724e-02,1.213672799180762069e-01,9.883823581341148745e-02,2.342773403015643296e-01,7.424344079946325337e-02,6.142519156749885051e-02,5.017832550584413326e-02,3.195734312652282610e-02,8.895088103393480883e-02,7.276033758254175920e-02,0.000000000000000000e+00,7.662699954094424892e-02,2.652636039408171054e-01,1.970231999717504123e-01,9.523641371517356513e-02,2.233659380627847080e-01,3.776969525760090485e-01,2.344185882269854138e-01,3.228751015219463727e-01,2.746389349906423472e-01,5.023129347787704674e-02,1.394646703626540585e-01,4.260390550513789426e-02,3.393481408241816322e-02,6.585684522758572523e-02,4.193297785938768923e-02,7.510858434266746986e-02,2.410042727497439807e-02,2.904410466471273738e-02,4.528761608813870743e-02,3.808397189166284197e-02,5.755852960909636773e-02,3.434090186800381472e-02,6.008333627599844740e-02,1.703803100391963060e-02,1.560789575903103951e-02,5.425685935237826302e-02,7.411984886471979783e-02,7.796885483244464510e-02,4.567604788304671648e-02,1.046117447649987653e-01,1.608990430453052789e-01,1.579504926021399192e-01,4.106783431618347968e-02,2.073342985274903849e-01,1.064126558141177264e-01,1.909318831879656675e-01,1.252339418764786827e-01,2.234895299975281635e-01,7.698011935449698695e-02,7.961086196546487970e-02,7.615028779264804148e-02,4.000847487552526560e-02,7.228362583424556564e-02,8.374236378403192294e-02,1.833221512059041713e-01,8.769730569582259716e-02,2.401214732158621357e-01,2.369080829125322085e-01,8.596701860941417805e-02,1.700978141883540962e-01,5.097637628447332370e-01,2.344009322363077852e-01,3.145061619407464870e-01,2.839612980684346200e-01,3.774850806878773946e-02,1.421836929270101357e-01
1.786786256576856566e-02,3.171015925703591504e-02,2.007486140047318179e-02,9.957978742187224147e-03,4.911896606518591918e-02,6.709276457502030833e-02,5.632261026166178464e-02,1.235919347434584481e-02,7.546170415622020788e-02,3.773085207811010394e-02,4.835975846604752965e-02,3.909036336028814257e-02,9.147568770083688849e-02,2.918535259013383190e-02,2.420636321904022156e-02,1.943924573607825126e-02,1.248278540908930381e-02,3.434090186800381472e-02,2.840848900031780686e-02,7.662699954094424892e-02,0.000000000000000000e+00,1.027225537624916196e-01,7.664465553162187750e-02,3.736007627387973040e-02,8.619654648822346055e-02,1.476217380557223180e-01,9.041632826017867441e-02,1.257459656061301612e-01,1.062537518980189999e-01,1.952752568946643577e-02,5.462763515660863656e-02,1.686147109714326159e-02,1.317136904551714435e-02,2.574243440799463267e-02,1.649069529291288458e-02,2.953847240368656993e-02,9.569546947279211624e-03,1.124686606165471899e-02,1.815035841661075469e-02,1.518415198276775249e-02,2.252904410466471247e-02,1.377167272855679865e-02,2.334121967583601201e-02,6.762244429534941190e-03,6.126628765140012395e-03,2.152265263603940840e-02,2.840848900031780686e-02,2.997987217062749246e-02,1.816801440728839367e-02,4.150923408312440221e-02,6.225502312934778903e-02,6.218439916663724004e-02,1.622585543274833106e-02,7.991101380698470424e-02,4.242734559836152525e-02,7.510858434266746986e-02,5.007238956177831324e-02,8.790917758395423720e-02,2.997987217062749246e-02,3.114516755535153003e-02,2.953847240368656993e-02,1.569617571241922402e-02,2.839083300964017134e-02,3.246936685617429763e-02,7.032381086902786405e-02,3.494120555104347076e-02,9.177583954235672692e-02,9.228786327200819151e-02,3.381122214767470768e-02,6.603340513436209425e-02,1.995833186200077769e-01,8.978071259578375429e-02,1.229386630883858855e-01,1.105618136233624121e-01,1.451322433701754920e-02,5.549277869981284611e-02
