0.000000000000000000e+00,1.824371219883002410e-02,1.196417357966751520e-02,9.088805896156262193e-03,3.114981657137191537e-02,4.035429817893380205e-02,4.501437683841755938e-02,7.915523680470635398e-03,4.595630763129193025e-02,2.739861850150378253e-02,3.286842714082691824e-02,1.761575833691377338e-02,6.297716230954820971e-02,1.817761179231252439e-02,1.444293882407376821e-02,1.452556433222064285e-02,9.468883233631887261e-03,1.938394421125689757e-02,1.796278547113064686e-02,3.590904584063191879e-02,1.921869319496314829e-02,6.036619625210695034e-02,4.422117196020755592e-02,2.111907988234127537e-02,4.615460885084442938e-02,9.424265459232573916e-02,6.051492216677132469e-02,8.508774828965198767e-02,5.549129127144131896e-02,1.707042998314439730e-02,4.607198334269755474e-02,1.345143272631126735e-02,1.100571768516376420e-02,1.822718709720064917e-02,1.036123872161813855e-02,2.052417622368377451e-02,7.783322867435635110e-03,4.511352744819380374e-03,1.416201209637439271e-02,1.148494563241563883e-02,1.351753313282876706e-02,1.207984929107313969e-02,1.075784116072313855e-02,4.990580692071255875e-03,3.321545427504379085e-03,7.105793700631258744e-03,2.037545030901940016e-02,1.945004461777440075e-02,8.642628152163135680e-03,2.465545163102753068e-02,3.734672968238754442e-02,3.914796575998942540e-02,1.029513831510063711e-02,4.777406881052318616e-02,2.992695905079816379e-02,4.238688567934692508e-02,3.334765508807879114e-02,6.343986515517070768e-02,2.156525762633440188e-02,1.994579766665564857e-02,1.508741778761939385e-02,1.079089136398188840e-02,1.477344085666126849e-02,2.063985193508940247e-02,3.235614899031628855e-02,2.168093333774002637e-02,5.699507551971444430e-02,5.448326007204944144e-02,1.750008262550814542e-02,4.174240671580130291e-02,1.221205010410814085e-01,5.830055854843507052e-02,8.490597217172884958e-02,5.083121261195756163e-02,1.452556433222064285e-02,4.405592094391380664e-02
1.824371219883002410e-02,0.000000000000000000e+00,1.906996728029877394e-02,1.401328618171001836e-02,4.932742836368443629e-02,6.527415143603133851e-02,7.145453944541758917e-02,1.242687642529001490e-02,7.547013914135572432e-02,4.349406748851505217e-02,5.162441749016756509e-02,2.716726707869253354e-02,1.011336219717751256e-01,2.913375417258816033e-02,2.273853984202002868e-02,2.339954390719502925e-02,1.498826717784314429e-02,3.080278943715503842e-02,2.898502825792378598e-02,5.806920712562382153e-02,3.045576230293816147e-02,9.748157451168325272e-02,7.031430743299071917e-02,3.318240407178504187e-02,7.390025448656509233e-02,1.510559539941170593e-01,9.754767491820075243e-02,1.376045212678057850e-01,8.943385001817760749e-02,2.852232541230128454e-02,7.408203060448821653e-02,2.049112602042502465e-02,1.745050732062002063e-02,2.843969990415440990e-02,1.578147205605314601e-02,3.257097531149816261e-02,1.222857520573751577e-02,7.039693294113759034e-03,2.173050864262815116e-02,1.816108669068314599e-02,2.161483293122252666e-02,1.900386687378127423e-02,1.776448425157814773e-02,7.932048782100010326e-03,5.354132927917506883e-03,1.118749380308688840e-02,3.285190203919754331e-02,3.114981657137191537e-02,1.373235945401064285e-02,3.876788842251379513e-02,5.920943913805069847e-02,6.148990316290445235e-02,1.659120203589252093e-02,7.697392338962884273e-02,4.802194533496381007e-02,6.687708629408070649e-02,5.139306606735631611e-02,1.004065175000826288e-01,3.501669035264566576e-02,3.177777043328816609e-02,2.439105000495753184e-02,1.750008262550814542e-02,2.348216941534190388e-02,3.333112998644941621e-02,5.233499686023068698e-02,3.389298344184817069e-02,9.262319463264699626e-02,8.753346333079949082e-02,2.718379218032190847e-02,6.687708629408070649e-02,1.945004461777439797e-01,9.356512542552136713e-02,1.366460653733020392e-01,8.140265062630135107e-02,2.458935122451003097e-02,7.099183659979509120e-02
1.196417357966751520e-02,1.906996728029877394e-02,0.000000000000000000e+00,9.204481607561886686e-03,3.186039594143504072e-02,4.213900915490630117e-02,4.607198334269755474e-02,8.064249595135009746e-03,4.784016921704068587e-02,2.782827114386753412e-02,3.357900651089004013e-02,1.758270813365502352e-02,6.449747165945070304e-02,1.882209075585815003e-02,1.485606636480814313e-02,1.510394288924876878e-02,9.617609148296261609e-03,2.032587500413127538e-02,1.868988994282314714e-02,3.775985722312192455e-02,1.956572032918002524e-02,6.274581088673694684e-02,4.555970519218693199e-02,2.130085600026440304e-02,4.741051657467693081e-02,9.700234656443136594e-02,6.264666027696069728e-02,8.796311597316323894e-02,5.752387877185444892e-02,1.789668506461314715e-02,4.846812307895693311e-02,1.335228211653501605e-02,1.135274481938063941e-02,1.916911789007502351e-02,1.031166341673001204e-02,2.105297947582377566e-02,7.915523680470635398e-03,4.544402948078131096e-03,1.417853719800376763e-02,1.199722378292626505e-02,1.429421290940939213e-02,1.262517764484251577e-02,1.131969461612188955e-02,5.089731301847506308e-03,3.486796443798129228e-03,7.452820834848133957e-03,2.097035396767690102e-02,2.006147337806127653e-02,8.692203457051260462e-03,2.501900386687378255e-02,3.820603496711504760e-02,3.989159533331129714e-02,1.079089136398188840e-02,4.950920448160756049e-02,3.080278943715503842e-02,4.271738771193443057e-02,3.331460488482004129e-02,6.492712430181445116e-02,2.252371352083815462e-02,2.092077866278877624e-02,1.558317083650064515e-02,1.133621971775126448e-02,1.523614370228376820e-02,2.135043130515252782e-02,3.400865915325379518e-02,2.224278679313877738e-02,5.949036586575007224e-02,5.651584757246257140e-02,1.786363486135439729e-02,4.322966586244505333e-02,1.263509270582014177e-01,6.021747033744257599e-02,8.789701556664573923e-02,5.302905112866444087e-02,1.521961860065439327e-02,4.618765905410318617e-02
9.088805896156262193e-03,1.401328618171001836e-02,9.204481607561886686e-03,0.000000000000000000e+00,2.429189939518127880e-02,3.124896718114816493e-02,3.542981789338004589e-02,6.180388009386257597e-03,3.556201870641504531e-02,2.115213008560002522e-02,2.538255610272003096e-02,1.369930925075189126e-02,4.901345143272631266e-02,1.416201209637439271e-02,1.127011931123376477e-02,1.140232012426876419e-02,7.320620021813134537e-03,1.517004329576626849e-02,1.386456026704564228e-02,2.794394685527315861e-02,1.502131738110189414e-02,4.679908781439005849e-02,3.417391016954754446e-02,1.640942591796939673e-02,3.574379482433816951e-02,7.401593019797071682e-02,4.722874045675380661e-02,6.624913243216445924e-02,4.332881647222130289e-02,1.325313150675876649e-02,3.589252073900254386e-02,1.062564034768813913e-02,8.758303863568760173e-03,1.414548699474501778e-02,8.196450408170010901e-03,1.583104736094127080e-02,6.031662094721882382e-03,3.420696037280629084e-03,1.095614238027563941e-02,8.873979574974386400e-03,1.046038933139438812e-02,9.270582014079386396e-03,8.427801830981259887e-03,3.982549492679380090e-03,2.511815447665003299e-03,5.453283537693756448e-03,1.589714776745877051e-02,1.515351819413689356e-02,6.775291668043758458e-03,1.923521829659252322e-02,2.933205539214066293e-02,3.080278943715503842e-02,8.146875103281884384e-03,3.718147866609379515e-02,2.333344350067752954e-02,3.318240407178504187e-02,2.612618567604190617e-02,4.960835509138381005e-02,1.685560366196251977e-02,1.541791982020689414e-02,1.181544766500313912e-02,8.477377135869386404e-03,1.169977195359751462e-02,1.614502429189939442e-02,2.501900386687378255e-02,1.705390488151502237e-02,4.438642297650130519e-02,4.241993588260567494e-02,1.351753313282876706e-02,3.242224939683378826e-02,9.549856231615824753e-02,4.537792907426380778e-02,6.621608222890570938e-02,3.944541758931817410e-02,1.133621971775126448e-02,3.440526159235879344e-02
3.114981657137191537e-02,4.932742836368443629e-02,3.186039594143504072e-02,2.429189939518127880e-02,0.000000000000000000e+00,1.081402650626301365e-01,1.211289949433188989e-01,2.136695640678190275e-02,1.243679148626763986e-01,7.368542816538321827e-02,8.776481475361073981e-02,4.683213801764880835e-02,1.694153419043527009e-01,4.899692633109693773e-02,3.830518557689129716e-02,3.929669167465379975e-02,2.551475691575503038e-02,5.187229401460818901e-02,4.843507287569818326e-02,9.653964371880886797e-02,5.139306606735631611e-02,1.621112469841689552e-01,1.184023531744720220e-01,5.628449614965132242e-02,1.238391116105364009e-01,2.541725881614171900e-01,1.635158806226658379e-01,2.305086426281521550e-01,1.492547179165151783e-01,4.693128862742505791e-02,1.239382622203126505e-01,3.567769441782066980e-02,2.984433354265128568e-02,4.810457084311068471e-02,2.744819380639191078e-02,5.524341474700069504e-02,2.103645437419440073e-02,1.193112337640876534e-02,3.771028191823379977e-02,3.048881250619691480e-02,3.604124665366691821e-02,3.209174736424628971e-02,2.964603232309878655e-02,1.364973394586376648e-02,8.807879168456886690e-03,1.882209075585815003e-02,5.471461149486069042e-02,5.185576891297881408e-02,2.321776778927190504e-02,6.636480814357008373e-02,1.001751660772713798e-01,1.053805730905245097e-01,2.797699705853190846e-02,1.284000396602439087e-01,8.115477410186072715e-02,1.144363287834220116e-01,8.890504676603760981e-02,1.706547245265558344e-01,5.887893710546319992e-02,5.327692765310506479e-02,4.073437551640942539e-02,2.938163069702878771e-02,4.018904716264005278e-02,5.562349208447631838e-02,8.698813497703010433e-02,5.803615692236507168e-02,1.539974220841458241e-01,1.464785008427801904e-01,4.610503354595630460e-02,1.124202663846382705e-01,3.283041940707935313e-01,1.563770367187758137e-01,2.291370591929140499e-01,1.360842119179032916e-01,4.005684634960505336e-02,1.186006543940245211e-01
4.035429817893380205e-02,6.527415143603133851e-02,4.213900915490630117e-02,3.124896718114816493e-02,1.081402650626301365e-01,0.000000000000000000e+00,1.569554152758039500e-01,2.734904319661565775e-02,1.638959579601414474e-01,9.465578213306011235e-02,1.128664441286313935e-01,5.947384076412069731e-02,2.193872492315827871e-01,6.342334005354133275e-02,5.010410814026506482e-02,5.152526688039131553e-02,3.278580163268004360e-02,6.838087054235383877e-02,6.353901576494695724e-02,1.273589582575932744e-01,6.644743365171695837e-02,2.133721122384902580e-01,1.543940245232508224e-01,7.272697227087947247e-02,1.620451465776514555e-01,3.316587897015566555e-01,2.129424595961265099e-01,2.981789338004428580e-01,1.952275506494365043e-01,6.127507684172257829e-02,1.629870773705258402e-01,4.569190600522193141e-02,3.847043659318504644e-02,6.368774167961133159e-02,3.519846647056879690e-02,7.137191393727071453e-02,2.701854116402815920e-02,1.531876921043064457e-02,4.818719635125755935e-02,4.020557226426942771e-02,4.785669431867006079e-02,4.210595895164755131e-02,3.837128598340879687e-02,1.730178140595564629e-02,1.168324685196813970e-02,2.475460224080378024e-02,7.135538883564133961e-02,6.838087054235383877e-02,3.005915986383316321e-02,8.495554747661697437e-02,1.303500016525101501e-01,1.350927058201407960e-01,3.676835112535942196e-02,1.679446078593383462e-01,1.041742406715801261e-01,1.462801996232276913e-01,1.132795716693657667e-01,2.197342763657996467e-01,7.664342135704134418e-02,6.980202928248008254e-02,5.316125194169944029e-02,3.812340945896817296e-02,5.160789238853819016e-02,7.284264798228509696e-02,1.147007304094920244e-01,7.474303466966321363e-02,2.021185180288858907e-01,1.917407542056383529e-01,6.011831972766632642e-02,1.463463000297451910e-01,4.274382787454142907e-01,2.043989820537396307e-01,2.989556135770234935e-01,1.795287041015302121e-01,5.263244868955944261e-02,1.560134844829295653e-01
4.501437683841755938e-02,7.145453944541758917e-02,4.607198334269755474e-02,3.542981789338004589e-02,1.211289949433188989e-01,1.569554152758039500e-01,0.000000000000000000e+00,3.098456555507816262e-02,1.802062332683345980e-01,1.066199557127276293e-01,1.272598076478170248e-01,6.813299401791321486e-02,2.461083385662821699e-01,7.079353538024259207e-02,5.525993984863006997e-02,5.740820306044882443e-02,3.695012724328254616e-02,7.626334401956572084e-02,6.991770499388570703e-02,1.402485375285058011e-01,7.485871038106883812e-02,2.351521961860065513e-01,1.719932577585352174e-01,8.150180123607760063e-02,1.807350365204745957e-01,3.689063687741679365e-01,2.373830849059721804e-01,3.344350067752916433e-01,2.174372872393165179e-01,6.770334137554945286e-02,1.802062332683345980e-01,5.302905112866444087e-02,4.332881647222130289e-02,7.013253131506758109e-02,4.035429817893380205e-02,8.008064249595135686e-02,3.060448821760253929e-02,1.728525630432627136e-02,5.592094391380506707e-02,4.443599828138942998e-02,5.245067257163631841e-02,4.684866311927818328e-02,4.344449218362692738e-02,2.004494827643190161e-02,1.280695376276564171e-02,2.733251809498628282e-02,7.979971576825196922e-02,7.547013914135572432e-02,3.409128466140066982e-02,9.670489473510261724e-02,1.455696202531645556e-01,1.539478467792576855e-01,4.083352612618567495e-02,1.867832237168258469e-01,1.178900750239613993e-01,1.663416730012889644e-01,1.291932445384539052e-01,2.487027795220940474e-01,8.591400337112073404e-02,7.695739828799946780e-02,5.919291403642132354e-02,4.248603628912317465e-02,5.831708365006444544e-02,8.044419473179760527e-02,1.252933205539213946e-01,8.487292196847009973e-02,2.230392966916746600e-01,2.126450077667977612e-01,6.722411342829757996e-02,1.631027530819314508e-01,4.782694913573718454e-01,2.264269425256965340e-01,3.340549294378160616e-01,1.978385167068777428e-01,5.775523019466569791e-02,1.723402848927520770e-01
7.915523680470635398e-03,1.242687642529001490e-02,8.064249595135009746e-03,6.180388009386257597e-03,2.136695640678190275e-02,2.734904319661565775e-02,3.098456555507816262e-02,0.000000000000000000e+00,3.184387083980566580e-02,1.862378953630564743e-02,2.229236209802690216e-02,1.207984929107313969e-02,4.301483954126317927e-02,1.260865254321314084e-02,9.915060977625012040e-03,9.948111180883761895e-03,6.444789635456258173e-03,1.325313150675876649e-02,1.231120071388439041e-02,2.472155203754503039e-02,1.303830518557689069e-02,4.142842978484317928e-02,3.050533760782628973e-02,1.442641372244439328e-02,3.176124533165879116e-02,6.519152592788445000e-02,4.180850712231880262e-02,5.866411078428132586e-02,3.807383415408004818e-02,1.196417357966751520e-02,3.134811779092441103e-02,9.039230591268135676e-03,7.601546749512509173e-03,1.212942459596126447e-02,6.973592887596258456e-03,1.422811250289189242e-02,5.469808639323132243e-03,3.024093598175628655e-03,9.485408335261262189e-03,7.766797765806259315e-03,9.072280794526885531e-03,7.981624086988135108e-03,7.502396139736259607e-03,3.453746240539379373e-03,2.214363618336252868e-03,4.676603761113130517e-03,1.396371087682189184e-02,1.320355620187064170e-02,5.899461281686882094e-03,1.690517896685064456e-02,2.579568364345440762e-02,2.682023994447566007e-02,7.072743497372508889e-03,3.301715305549129259e-02,2.054070132531314943e-02,2.905112866444128569e-02,2.280464024853752839e-02,4.331229137059192796e-02,1.508741778761939385e-02,1.363320884423439155e-02,1.049343953465313797e-02,7.419770631589384102e-03,1.027861321347126218e-02,1.412896189311564285e-02,2.220973658988002752e-02,1.455861453547939270e-02,3.951151799583567381e-02,3.731367947912879457e-02,1.156757114056251520e-02,2.860495092044815918e-02,8.341871302508510611e-02,4.005684634960505336e-02,5.826750834517632066e-02,3.485143933635191649e-02,1.004726179066001319e-02,3.000958455894503843e-02
4.595630763129193025e-02,7.547013914135572432e-02,4.784016921704068587e-02,3.556201870641504531e-02,1.243679148626763986e-01,1.638959579601414474e-01,1.802062332683345980e-01,3.184387083980566580e-02,0.000000000000000000e+00,1.086029679082526345e-01,1.296724724857057920e-01,6.917407542056383529e-02,2.532637075718015551e-01,7.342102653931321943e-02,5.793700631258882211e-02,5.887893710546319992e-02,3.771028191823379977e-02,7.836203192649635052e-02,7.271044716925009754e-02,1.473212810258782979e-01,7.682519747496446838e-02,2.470998446640446933e-01,1.796774300161946003e-01,8.411276729351885306e-02,1.882209075585814795e-01,3.840929371715636198e-01,2.471494199689328042e-01,3.443665928545460719e-01,2.256667878507452873e-01,7.130581353075321482e-02,1.860395941435039890e-01,5.233499686023068698e-02,4.357669299666192680e-02,7.140496414052946439e-02,4.008989655286380321e-02,8.219585550451134759e-02,3.110024126648379059e-02,1.756618303202564860e-02,5.499553822256007113e-02,4.565885580196318155e-02,5.438410946227319187e-02,4.779059391215256108e-02,4.392372013087880722e-02,1.976402154873252437e-02,1.350100803119939213e-02,2.766302012757378484e-02,8.302211058598010784e-02,7.860990845093697443e-02,3.466966321842879228e-02,9.701887166606074087e-02,1.506758766566414498e-01,1.549393528770201811e-01,4.213900915490630117e-02,1.960207555276465008e-01,1.196913111015632802e-01,1.689526390587302029e-01,1.313415077502726735e-01,2.537264104174240531e-01,8.816141719271573807e-02,8.093994778067885310e-02,6.178735499223320105e-02,4.387414482599068244e-02,5.947384076412069731e-02,8.366658954952573002e-02,1.323495389496645303e-01,8.507122318802261274e-02,2.350199953729715519e-01,2.217668638662127767e-01,6.881052318471758689e-02,1.684899362131077050e-01,4.915887232706481202e-01,2.372178338896784311e-01,3.443500677529166554e-01,2.071090987209571466e-01,6.117592623194632873e-02,1.784876226988796055e-01
2.739861850150378253e-02,4.349406748851505217e-02,2.782827114386753412e-02,2.115213008560002522e-02,7.368542816538321827e-02,9.465578213306011235e-02,1.066199557127276293e-01,1.862378953630564743e-02,1.086029679082526345e-01,0.000000000000000000e+00,7.718874971081071679e-02,4.085005122781504988e-02,1.490729417985920680e-01,4.346101728525630231e-02,3.339723039296691592e-02,3.455398750702316779e-02,2.227583699639752723e-02,4.577453151336880605e-02,4.276696301682255535e-02,8.545130052549823607e-02,4.493175133027067780e-02,1.428429784843176786e-01,1.041081402650626264e-01,4.871599960339756397e-02,1.091152460587632572e-01,2.218825395776184151e-01,1.430247546022408167e-01,2.030769739233896365e-01,1.303830518557689000e-01,4.098225204085004930e-02,1.088177942294345085e-01,3.081931453878441335e-02,2.604356016789503153e-02,4.260171200052880608e-02,2.369699573652377794e-02,4.912912714413193715e-02,1.842548831675314830e-02,1.064216544931751406e-02,3.313282876689691708e-02,2.720031728195128340e-02,3.171167002677066638e-02,2.840664970089566005e-02,2.650626301351753297e-02,1.196417357966751520e-02,7.849423273953133953e-03,1.673992795055689528e-02,4.793931982681693543e-02,4.532835376937568300e-02,2.016062398783752610e-02,5.848233466635819472e-02,8.637670621674323201e-02,9.230921770168885876e-02,2.435799980169878198e-02,1.124533165878970203e-01,7.165284066497008830e-02,9.984466404468388123e-02,7.733747562547509113e-02,1.499652972865783140e-01,5.241762236837756855e-02,4.635291007039693545e-02,3.566116931619129488e-02,2.591135935486003211e-02,3.498364014938691591e-02,4.823677165614568413e-02,7.618071851141884621e-02,5.083121261195756163e-02,1.347291535842945476e-01,1.280530125260270213e-01,3.982549492679379743e-02,9.825825428826387431e-02,2.873054169283141279e-01,1.364642892553789288e-01,2.027299467891727491e-01,1.191625078494232687e-01,3.542981789338004589e-02,1.038437386389926276e-01
3.286842714082691824e-02,5.162441749016756509e-02,3.357900651089004013e-02,2.538255610272003096e-02,8.776481475361073981e-02,1.128664441286313935e-01,1.272598076478170248e-01,2.229236209802690216e-02,1.296724724857057920e-01,7.718874971081071679e-02,0.000000000000000000e+00,4.936047856694318614e-02,1.775622170076346096e-01,5.174009320157318959e-02,4.033777307730442713e-02,4.098225204085004930e-02,2.667151402981128225e-02,5.443368476716131665e-02,5.088078791684568641e-02,1.011831972766632504e-01,5.408665763294444317e-02,1.699441451564926986e-01,1.241365634398651496e-01,5.892851241035132470e-02,1.296889975873351530e-01,2.659880358264203326e-01,1.711504775754370822e-01,2.417952870410152999e-01,1.557490828568595664e-01,4.917870244902006194e-02,1.306970287867270375e-01,3.714842846283504529e-02,3.116634167300129030e-02,5.116171464454506712e-02,2.848927520904253469e-02,5.811878243051194631e-02,2.204448557358627825e-02,1.247645173017814142e-02,3.901576494695442598e-02,3.220742307565191420e-02,3.797468354430379861e-02,3.374425752718378940e-02,3.101761575833691248e-02,1.417853719800376763e-02,9.287107115708761323e-03,2.004494827643190161e-02,5.730905245067257486e-02,5.430148395412631723e-02,2.387877185444690561e-02,6.938890174174570935e-02,1.047195690253495126e-01,1.101893776646726414e-01,2.943120600191691250e-02,1.343986515517070490e-01,8.459199524077072596e-02,1.189972568331295194e-01,9.344944971411574264e-02,1.780083947516277187e-01,6.201870641504445003e-02,5.606966982846944836e-02,4.245298608586442479e-02,3.072016392900816378e-02,4.177545691906005276e-02,5.808573222725319646e-02,9.171431404303136137e-02,6.106025052054070423e-02,1.614006676141058194e-01,1.534190435271176878e-01,4.828634696103380891e-02,1.177578742109263998e-01,3.442839673463991557e-01,1.640116336715470857e-01,2.403245529960009175e-01,1.428925537892058173e-01,4.185808242720692740e-02,1.246323164887464113e-01
1.761575833691377338e-02,2.716726707869253354e-02,1.758270813365502352e-02,1.369930925075189126e-02,4.683213801764880835e-02,5.947384076412069731e-02,6.813299401791321486e-02,1.207984929107313969e-02,6.917407542056383529e-02,4.085005122781504988e-02,4.936047856694318614e-02,0.000000000000000000e+00,9.457315662491323771e-02,2.761344482268566006e-02,2.161483293122252666e-02,2.156525762633440188e-02,1.409591168985689300e-02,2.900155335955316091e-02,2.678718974121691021e-02,5.378920580361569448e-02,2.890240274977691134e-02,9.019400469312886803e-02,6.664573487126945750e-02,3.157946921373566695e-02,6.925670092871070993e-02,1.422315497240307924e-01,9.126813629903823832e-02,1.287305416928314072e-01,8.265855835013385944e-02,2.574610833856628284e-02,6.890967379449383645e-02,2.011104868294940132e-02,1.677297815381564514e-02,2.706811646891628398e-02,1.555012063324189529e-02,3.111676636811316551e-02,1.188154807152064056e-02,6.593515550120633388e-03,2.093730376441815116e-02,1.725220610106752150e-02,2.014409888620815117e-02,1.784710975972502237e-02,1.622764980004626906e-02,7.518921241365634535e-03,4.891430082295006310e-03,1.046038933139438812e-02,3.015831047360941278e-02,2.901807846118253584e-02,1.272432825461876534e-02,3.714842846283504529e-02,5.600356942195194171e-02,5.881283669894570021e-02,1.543444492183626907e-02,7.193376739266946207e-02,4.491522622864130287e-02,6.413391942360445463e-02,5.074858710381068699e-02,9.498628416564762478e-02,3.278580163268004360e-02,3.000958455894503843e-02,2.272201474039065375e-02,1.631027530819314370e-02,2.252371352083815462e-02,3.108371616485441219e-02,4.855074858710380775e-02,3.262055061638628739e-02,8.598010377763823375e-02,8.136960042304260121e-02,2.574610833856628284e-02,6.221700763459695610e-02,1.831972766632514737e-01,8.728558680635885303e-02,1.278712364081039110e-01,7.555276464950259896e-02,2.191228476055127883e-02,6.616650692401758460e-02
6.297716230954820971e-02,1.011336219717751256e-01,6.449747165945070304e-02,4.901345143272631266e-02,1.694153419043527009e-01,2.193872492315827871e-01,2.461083385662821699e-01,4.301483954126317927e-02,2.532637075718015551e-01,1.490729417985920680e-01,1.775622170076346096e-01,9.457315662491323771e-02,0.000000000000000000e+00,9.928281058928511982e-02,7.723832501569884157e-02,8.024589351224510614e-02,5.160789238853819016e-02,1.067191063225038788e-01,9.794427735730575069e-02,1.966156591863039982e-01,1.042403410780976258e-01,3.301219552500248011e-01,2.404898040122946667e-01,1.137257494133588898e-01,2.529662557424728342e-01,5.149056416696963234e-01,3.319562415308854320e-01,4.681726542618236953e-01,3.042271209967941092e-01,9.533331129986449826e-02,2.521565257626334211e-01,7.261129655947383410e-02,5.985391810159632758e-02,9.786165184915887605e-02,5.530951515351819475e-02,1.116931619129457598e-01,4.251908649238193144e-02,2.414317348051690446e-02,7.669299666192946896e-02,6.191955580526820047e-02,7.322272531976072030e-02,6.537330204580758808e-02,6.056449747165944947e-02,2.766302012757378484e-02,1.806193608090689642e-02,3.848696169481442136e-02,1.115444359982813854e-01,1.057606504280001330e-01,4.722874045675380661e-02,1.342499256370426608e-01,2.020028423174802523e-01,2.129589846977558987e-01,5.699507551971444430e-02,2.611792312522722148e-01,1.639290081634001972e-01,2.307730442542221538e-01,1.789503255445021035e-01,3.461182536272597865e-01,1.201540139471857782e-01,1.076775622170076385e-01,8.295601017946260813e-02,5.958951647552632180e-02,8.092342267904947817e-02,1.128499190270020186e-01,1.764219849952077257e-01,1.179231252272201491e-01,3.135472783157616239e-01,2.977492811580791376e-01,9.354860032389199220e-02,2.279968271804871660e-01,6.673662293023101544e-01,3.173480516905178850e-01,4.670324222493968391e-01,2.761674984301153435e-01,8.163400204911260005e-02,2.410186072644346644e-01
1.817761179231252439e-02,2.913375417258816033e-02,1.882209075585815003e-02,1.416201209637439271e-02,4.899692633109693773e-02,6.342334005354133275e-02,7.079353538024259207e-02,1.260865254321314084e-02,7.342102653931321943e-02,4.346101728525630231e-02,5.174009320157318959e-02,2.761344482268566006e-02,9.928281058928511982e-02,0.000000000000000000e+00,2.272201474039065375e-02,2.313514228112503041e-02,1.502131738110189414e-02,3.030703638827378713e-02,2.880325214000066178e-02,5.701160062134381923e-02,2.989390884753941394e-02,9.553161251941699739e-02,6.968635357107445805e-02,3.296757775060316781e-02,7.279307267739697218e-02,1.487754899692633193e-01,9.649006841392074318e-02,1.361998876293089300e-01,8.781439005849886459e-02,2.809267276993753643e-02,7.267739696599134769e-02,2.032587500413127538e-02,1.730178140595564629e-02,2.817529827808441106e-02,1.576494695442377109e-02,3.268665102290379404e-02,1.245992662854876476e-02,6.990117989225633384e-03,2.168093333774002637e-02,1.784710975972502237e-02,2.108602967908252551e-02,1.870641504445252207e-02,1.735135671084377107e-02,7.965098985358760181e-03,5.155831708365006018e-03,1.102224278679313912e-02,3.230657368542816377e-02,3.075321413226691364e-02,1.355058333608751692e-02,3.881746372740192685e-02,5.851538486961695151e-02,6.104372541891132931e-02,1.637637571471064687e-02,7.522226261691510041e-02,4.775754370889381123e-02,6.725716363155632982e-02,5.212017053904881292e-02,9.948111180883761895e-02,3.466966321842879228e-02,3.146379350233004246e-02,2.415969858214627938e-02,1.740093201573189585e-02,2.369699573652377794e-02,3.309977856363816723e-02,5.157484218527944031e-02,3.376078262881316433e-02,9.123508609577948847e-02,8.642628152163135680e-02,2.710116667217503383e-02,6.631523283868195895e-02,1.924348084740721276e-01,9.250751892124137177e-02,1.343325511451895493e-01,7.966751495521696980e-02,2.361437022837690330e-02,6.950457745315133384e-02
1.444293882407376821e-02,2.273853984202002868e-02,1.485606636480814313e-02,1.127011931123376477e-02,3.830518557689129716e-02,5.010410814026506482e-02,5.525993984863006997e-02,9.915060977625012040e-03,5.793700631258882211e-02,3.339723039296691592e-02,4.033777307730442713e-02,2.161483293122252666e-02,7.723832501569884157e-02,2.272201474039065375e-02,0.000000000000000000e+00,1.797931057276002179e-02,1.155104603893314028e-02,2.402749776911127996e-02,2.242456291106190158e-02,4.521267805797005851e-02,2.366394553326502809e-02,7.565191525927884852e-02,5.537561556003569446e-02,2.629143669233565891e-02,5.706117592623194401e-02,1.178735499223320243e-01,7.580064117394322287e-02,1.050004957530488864e-01,6.881052318471758689e-02,2.135043130515252782e-02,5.711075123112006879e-02,1.619459959678751920e-02,1.363320884423439155e-02,2.242456291106190158e-02,1.257560233995439099e-02,2.543213140760815574e-02,9.782860164590012619e-03,5.453283537693756448e-03,1.685560366196251977e-02,1.412896189311564285e-02,1.675645305218627021e-02,1.467429024688501893e-02,1.318703110024126678e-02,6.015136993092507454e-03,4.081700102455630523e-03,8.692203457051260462e-03,2.526688039131440647e-02,2.424232409029315402e-02,1.050996463628251290e-02,3.012526027035066292e-02,4.660078659483755936e-02,4.780711901378193601e-02,1.285652906765376649e-02,5.993654360974320222e-02,3.673530092210067211e-02,5.215322074230756277e-02,4.121360346366129829e-02,7.788280397924447762e-02,2.677066463958753181e-02,2.516772978153815690e-02,1.893776646726377452e-02,1.341838252305251750e-02,1.844201341838252323e-02,2.579568364345440762e-02,4.091615163433254959e-02,2.644016260700003326e-02,7.185114188452258743e-02,6.783554218858446616e-02,2.166440823611065145e-02,5.170704299831443973e-02,1.514856066364808074e-01,7.314009981161384566e-02,1.052483722774895103e-01,6.381994249264633101e-02,1.816108669068314599e-02,5.511121393396569562e-02
1.452556433222064285e-02,2.339954390719502925e-02,1.510394288924876878e-02,1.140232012426876419e-02,3.929669167465379975e-02,5.152526688039131553e-02,5.740820306044882443e-02,9.948111180883761895e-03,5.887893710546319992e-02,3.455398750702316779e-02,4.098225204085004930e-02,2.156525762633440188e-02,8.024589351224510614e-02,2.313514228112503041e-02,1.797931057276002179e-02,0.000000000000000000e+00,1.198069868129689013e-02,2.445715041147503155e-02,2.288726575668440302e-02,4.582410681825693083e-02,2.381267144792940590e-02,7.670952176355884389e-02,5.580526820239944258e-02,2.610966057441253124e-02,5.869716098754007572e-02,1.193608090689757678e-01,7.695739828799946780e-02,1.084707670952176350e-01,7.047955844928446845e-02,2.197838516706877854e-02,5.841623425984069501e-02,1.667382754403939557e-02,1.411243679148626792e-02,2.285421555342565317e-02,1.277390355950689012e-02,2.620881118418878428e-02,9.865485672736887257e-03,5.651584757246257314e-03,1.774795914994877280e-02,1.464124004362626907e-02,1.705390488151502237e-02,1.520309349902501835e-02,1.414548699474501778e-02,6.444789635456258173e-03,4.197375813861255016e-03,8.873979574974386400e-03,2.594440955811878197e-02,2.460587632613940590e-02,1.087351687212876304e-02,3.103414085996628741e-02,4.684866311927818328e-02,4.937700366857256107e-02,1.325313150675876649e-02,6.036619625210695034e-02,3.813993456059754789e-02,5.347522887265756392e-02,4.085005122781504988e-02,8.016326800409823150e-02,2.805962256667878657e-02,2.501900386687378255e-02,1.916911789007502351e-02,1.389761047030439213e-02,1.875599034934064685e-02,2.609313547278315631e-02,4.139537958158442943e-02,2.715074197706315862e-02,7.266087186436197276e-02,6.905839970915821080e-02,2.168093333774002637e-02,5.306210133192319073e-02,1.546419010476914324e-01,7.343755164094259436e-02,1.086029679082526345e-01,6.469577287900320217e-02,1.887166606074627481e-02,5.588789371054631722e-02
9.468883233631887261e-03,1.498826717784314429e-02,9.617609148296261609e-03,7.320620021813134537e-03,2.551475691575503038e-02,3.278580163268004360e-02,3.695012724328254616e-02,6.444789635456258173e-03,3.771028191823379977e-02,2.227583699639752723e-02,2.667151402981128225e-02,1.409591168985689300e-02,5.160789238853819016e-02,1.502131738110189414e-02,1.155104603893314028e-02,1.198069868129689013e-02,0.000000000000000000e+00,1.578147205605314601e-02,1.475691575503189357e-02,2.957993191658128684e-02,1.555012063324189529e-02,4.952572958323693542e-02,3.610734706018441792e-02,1.692170406848001948e-02,3.792510823941567383e-02,7.700697359288759258e-02,4.932742836368443629e-02,7.021515682321446961e-02,4.504742704167630923e-02,1.424463760452126734e-02,3.756155600356941848e-02,1.075784116072313855e-02,9.022705489638760748e-03,1.474039065340251864e-02,8.196450408170010901e-03,1.697127937336814774e-02,6.362164127309382668e-03,3.668572561721254732e-03,1.150147073404501376e-02,9.452358132002512334e-03,1.097266748190501434e-02,9.848960571107512330e-03,9.138381201044386976e-03,4.114750305714380378e-03,2.710116667217503297e-03,5.767260468651881807e-03,1.672340284892752035e-02,1.571537164953564630e-02,7.006643090855009179e-03,2.034240010576065030e-02,3.004263476220378828e-02,3.205869716098753985e-02,8.593052847275010897e-03,3.908186535347192569e-02,2.462240142776878082e-02,3.447136199887629315e-02,2.663846382655253239e-02,5.195491952275506364e-02,1.822718709720064917e-02,1.614502429189939442e-02,1.229467561225501548e-02,8.940079981491886110e-03,1.209637439270251462e-02,1.660772713752189586e-02,2.648973791188815805e-02,1.756618303202564860e-02,4.683213801764880835e-02,4.443599828138942998e-02,1.384803516541626735e-02,3.412433486465941967e-02,9.953068711372574373e-02,4.724526555838318154e-02,7.033083253462009410e-02,4.154410549624880378e-02,1.217899990084939099e-02,3.599167134877879343e-02
1.938394421125689757e-02,3.080278943715503842e-02,2.032587500413127538e-02,1.517004329576626849e-02,5.187229401460818901e-02,6.838087054235383877e-02,7.626334401956572084e-02,1.325313150675876649e-02,7.836203192649635052e-02,4.577453151336880605e-02,5.443368476716131665e-02,2.900155335955316091e-02,1.067191063225038788e-01,3.030703638827378713e-02,2.402749776911127996e-02,2.445715041147503155e-02,1.578147205605314601e-02,0.000000000000000000e+00,3.017483557523878770e-02,6.129160194335195322e-02,3.205869716098753985e-02,1.020590276630201215e-01,7.449515814522258972e-02,3.496711504775754098e-02,7.748620154013946548e-02,1.582113229996364445e-01,1.021086029679082463e-01,1.438344845820801743e-01,9.391215255973824061e-02,2.872062663185378714e-02,7.822983111346135110e-02,2.268896453713190389e-02,1.888819116237564974e-02,3.096804045344878770e-02,1.720263079617939672e-02,3.432263608421191881e-02,1.302178008394751577e-02,7.535446342995009462e-03,2.392834715933503040e-02,1.953267012592127538e-02,2.298641636646065259e-02,2.044155071553689987e-02,1.850811382490002294e-02,8.642628152163135680e-03,5.668109858875632241e-03,1.189807317315001549e-02,3.450441220213504301e-02,3.296757775060316781e-02,1.454208943385001777e-02,4.131275407343755479e-02,6.276233598836632177e-02,6.586905509468883591e-02,1.773143404831939787e-02,8.100604818719635281e-02,5.038503486796443859e-02,7.076048517698384221e-02,5.473113659649006535e-02,1.067356314241332538e-01,3.661962521069504761e-02,3.352943120600191534e-02,2.551475691575503038e-02,1.845853852001189815e-02,2.505205407013253241e-02,3.491753974286941620e-02,5.496248801930132127e-02,3.671877582047129718e-02,9.675447003999074203e-02,9.240836831146512220e-02,2.916680437584691019e-02,7.062828436394884279e-02,2.073404501437683956e-01,9.825825428826387431e-02,1.443963380374789218e-01,8.619493009882010781e-02,2.449020061473378140e-02,7.454473345011071450e-02
1.796278547113064686e-02,2.898502825792378598e-02,1.868988994282314714e-02,1.386456026704564228e-02,4.843507287569818326e-02,6.353901576494695724e-02,6.991770499388570703e-02,1.231120071388439041e-02,7.271044716925009754e-02,4.276696301682255535e-02,5.088078791684568641e-02,2.678718974121691021e-02,9.794427735730575069e-02,2.880325214000066178e-02,2.242456291106190158e-02,2.288726575668440302e-02,1.475691575503189357e-02,3.017483557523878770e-02,0.000000000000000000e+00,5.709422612949069387e-02,2.959645701821066177e-02,9.520111048682949884e-02,6.912450011567571051e-02,3.220742307565191420e-02,7.201639290081633671e-02,1.470238291965495492e-01,9.533331129986449826e-02,1.339359487060845511e-01,8.649238192814885651e-02,2.758039461942691020e-02,7.249562084806820961e-02,2.002842317480252668e-02,1.710348018640314716e-02,2.834054929437816034e-02,1.541791982020689414e-02,3.209174736424628971e-02,1.209637439270251462e-02,6.907492481078758746e-03,2.126780579700565318e-02,1.783058465809564744e-02,2.116865518722940015e-02,1.868988994282314714e-02,1.721915589780877165e-02,7.783322867435635110e-03,5.205407013253131668e-03,1.103876788842251405e-02,3.186039594143504072e-02,3.029051128664441220e-02,1.318703110024126678e-02,3.782595762963942426e-02,5.757345407674257370e-02,6.016789503255445121e-02,1.621112469841689413e-02,7.479260997455133841e-02,4.701391413557193255e-02,6.510890041973757536e-02,5.076511220544006192e-02,9.787817695078825098e-02,3.422348547443566924e-02,3.138116799418316089e-02,2.377962124467065605e-02,1.716958059292064687e-02,2.300294146809002752e-02,3.227352348216941391e-02,5.160789238853819016e-02,3.339723039296691592e-02,9.011137918498199340e-02,8.521994910268698709e-02,2.662193872492315747e-02,6.548897775721321257e-02,1.902039197541064985e-01,9.135076180718511296e-02,1.329774928115807775e-01,7.989886637802821878e-02,2.343259411045377910e-02,6.948805235152195892e-02
3.590904584063191879e-02,5.806920712562382153e-02,3.775985722312192455e-02,2.794394685527315861e-02,9.653964371880886797e-02,1.273589582575932744e-01,1.402485375285058011e-01,2.472155203754503039e-02,1.473212810258782979e-01,8.545130052549823607e-02,1.011831972766632504e-01,5.377268070198631955e-02,1.966156591863039982e-01,5.701160062134381923e-02,4.521267805797005851e-02,4.582410681825693083e-02,2.957993191658128684e-02,6.129160194335195322e-02,5.709422612949069387e-02,0.000000000000000000e+00,5.972171728856132122e-02,1.912780513600158550e-01,1.393892322437783049e-01,6.491059920018507623e-02,1.452060680173183072e-01,2.974022540238622225e-01,1.918729550186733523e-01,2.665994645867071910e-01,1.741415209703539579e-01,5.411970783620319303e-02,1.454374194401295561e-01,4.080047592292692510e-02,3.452093730376441794e-02,5.702812572297319416e-02,3.141421819744191768e-02,6.444789635456257826e-02,2.430842449681065373e-02,1.386456026704564228e-02,4.289916382985755477e-02,3.618997256833129256e-02,4.253561159401130637e-02,3.761113130845755020e-02,3.395908384836567040e-02,1.550054532835376878e-02,1.054301483954126276e-02,2.182965925240440072e-02,6.433222064315695377e-02,6.119245133357570365e-02,2.652278811514690790e-02,7.606504280001322171e-02,1.169811944343457644e-01,1.204845159797732768e-01,3.278580163268004360e-02,1.517334831609214452e-01,9.351555012063324235e-02,1.315232838681957839e-01,1.019598770532438720e-01,1.966982846944508589e-01,6.809994381465446500e-02,6.297716230954820971e-02,4.790626962355818558e-02,3.433916118584129373e-02,4.651816108669068472e-02,6.496017450507320101e-02,1.035132366064051290e-01,6.694318670059820620e-02,1.823544964801533663e-01,1.717784314373533294e-01,5.364047988895132013e-02,1.308457547013914257e-01,3.829857553623954858e-01,1.838913309316852207e-01,2.682850249529034614e-01,1.610371153782595710e-01,4.658426149320818443e-02,1.383977261460158092e-01
1.921869319496314829e-02,3.045576230293816147e-02,1.956572032918002524e-02,1.502131738110189414e-02,5.139306606735631611e-02,6.644743365171695837e-02,7.485871038106883812e-02,1.303830518557689069e-02,7.682519747496446838e-02,4.493175133027067780e-02,5.408665763294444317e-02,2.890240274977691134e-02,1.042403410780976258e-01,2.989390884753941394e-02,2.366394553326502809e-02,2.381267144792940590e-02,1.555012063324189529e-02,3.205869716098753985e-02,2.959645701821066177e-02,5.972171728856132122e-02,0.000000000000000000e+00,1.000760154674951302e-01,7.343755164094259436e-02,3.468618832005816721e-02,7.657732095052384447e-02,1.566249132432164515e-01,1.002743166870476293e-01,1.415044452523382956e-01,9.197871566910136021e-02,2.855537561556003440e-02,7.624681891793634592e-02,2.222626169150940245e-02,1.827676240208877395e-02,2.981128333939253583e-02,1.700432957662689759e-02,3.385993323858941390e-02,1.300525498231814084e-02,7.320620021813134537e-03,2.344911921208315403e-02,1.890471626400502467e-02,2.224278679313877738e-02,1.992927256502627364e-02,1.824371219883002410e-02,8.345176322834385249e-03,5.453283537693756448e-03,1.169977195359751462e-02,3.356248140926066520e-02,3.192649634795254043e-02,1.431073801103876705e-02,4.098225204085004930e-02,6.163862907756882670e-02,6.510890041973757536e-02,1.713653038966189701e-02,7.956836434544072023e-02,4.947615427834881063e-02,6.988465479062695718e-02,5.484681230789569678e-02,1.054136232937832596e-01,3.630564827973691705e-02,3.300062795386191766e-02,2.505205407013253241e-02,1.784710975972502237e-02,2.452325081799253126e-02,3.399213405162442025e-02,5.337607826288131435e-02,3.562811911293254502e-02,9.439138050699011351e-02,9.007832898172324354e-02,2.850580031067190961e-02,6.900882440427008602e-02,2.020524176223683910e-01,9.635786760088574376e-02,1.410913177116039363e-01,8.431106851307135219e-02,2.424232409029315402e-02,7.295832369369072146e-02
