0.000000000000000000e+00,1.734724896139426542e-02,1.278751646570067818e-02,7.761677981558415089e-03,3.218157868071739452e-02,4.330732597020974656e-02,4.415847603607254979e-02,4.093626507244907918e-03,4.725909413314419161e-02,2.364981254433073249e-02,3.094538453744046999e-02,1.821866450501570533e-02,5.913466409970614956e-02,1.900901813760259504e-02,1.888742527105076452e-02,1.592866551828959337e-02,1.067990677880231026e-02,2.186645050157057582e-02,1.813760259398115166e-02,3.955821258486168918e-02,2.004255750329313884e-02,6.152599047522545189e-02,4.734015604417873835e-02,2.160299929070827810e-02,4.869794305400750034e-02,1.023406626811227127e-01,5.907386766643023951e-02,8.655385550714357612e-02,6.918634106799068095e-02,1.765123112777383652e-02,4.498936062417671633e-02,1.282804742121795502e-02,1.001114601276725108e-02,1.517884284121998224e-02,9.524774546559935939e-03,2.279866247846792926e-02,6.343094538453743908e-03,6.201236194143276703e-03,1.290910933225250870e-02,9.099199513628534325e-03,1.213902117742425742e-02,9.200526902421724690e-03,1.592866551828959337e-02,5.654068294660046304e-03,3.931502685175803161e-03,8.085925625696625471e-03,1.649609889553146219e-02,2.192724693484648935e-02,1.163238423345830386e-02,2.837166886209342362e-02,4.128077819434593232e-02,4.517174992400446037e-02,8.653359002938494290e-03,5.346033032728746831e-02,2.873644746174891171e-02,4.742121795521329203e-02,3.179653460330326975e-02,6.468740500557300377e-02,2.600060796433275798e-02,1.540176309656500139e-02,1.771202756104975004e-02,8.653359002938494290e-03,2.040733610294862693e-02,2.547370554260816600e-02,4.109838889451818827e-02,2.056945992501773082e-02,6.766643023609281160e-02,5.706758536832505502e-02,1.821866450501570533e-02,4.683351910021278652e-02,1.138109230925119092e-01,6.369439659539972987e-02,8.590536021886716056e-02,6.101935353125950007e-02,1.396291417570169266e-02,4.738068699969601866e-02
1.734724896139426542e-02,0.000000000000000000e+00,1.951565508156854686e-02,1.147026041138919823e-02,4.804944776573107784e-02,6.570067889350492130e-02,6.614651940419495613e-02,6.079643327591447918e-03,7.094943763299220441e-02,3.550511703313405376e-02,4.622555476745364433e-02,2.673016516364373416e-02,8.726314722869592255e-02,2.843246529536933714e-02,2.810821765123112936e-02,2.423751139933123799e-02,1.615158577363461426e-02,3.291113588002837070e-02,2.737866045192015318e-02,6.039112372074171425e-02,2.940520822778397089e-02,9.277535717904548951e-02,7.107103049954402452e-02,3.100618097071638352e-02,7.248961394264870350e-02,1.521329415340966773e-01,8.997872124835343266e-02,1.290505623670077928e-01,1.044888033235383540e-01,2.699361637450602841e-02,6.748404093626507450e-02,1.860370858242983011e-02,1.475326780828858063e-02,2.225149457898470060e-02,1.418583443104671181e-02,3.406626811227074503e-02,9.484243591042659099e-03,9.261323335697638215e-03,1.854291214915391658e-02,1.363866653156348141e-02,1.827946093829161886e-02,1.343601175397710068e-02,2.421724592157260131e-02,8.430438747593475141e-03,5.978315938798257553e-03,1.197689735535515179e-02,2.518998885398723159e-02,3.293140135778700739e-02,1.742831087242881910e-02,4.267909615969196768e-02,6.207315837470868403e-02,6.699766947005775242e-02,1.317256054311480469e-02,7.954200020265478344e-02,4.379369743641706170e-02,7.060492451109534606e-02,4.701590840004053057e-02,9.634208126456580978e-02,3.913263755193028409e-02,2.340662681122707492e-02,2.662883777485054379e-02,1.278751646570067818e-02,3.043874759347451470e-02,3.884892086330934968e-02,6.235687506332961844e-02,3.015503090485358029e-02,1.015300435707771759e-01,8.645252811835038576e-02,2.646671395278143643e-02,6.987536731178436988e-02,1.703516060391123688e-01,9.478163947715066706e-02,1.298814469551119732e-01,9.228898571283818131e-02,2.150167190191508773e-02,7.119262336609585851e-02
1.278751646570067818e-02,1.951565508156854686e-02,0.000000000000000000e+00,8.552031614145303925e-03,3.554564798865133407e-02,4.956935859762894026e-02,4.839396088762792925e-02,4.357077718107204775e-03,5.325767554970108758e-02,2.628432465295369239e-02,3.424865741209848907e-02,1.998176107001722532e-02,6.491032526091802812e-02,2.117742425777687648e-02,2.107609686898368612e-02,1.795521329415341108e-02,1.189583544432059985e-02,2.437936974364170520e-02,2.030600871415543657e-02,4.511095349072854338e-02,2.164353024622555494e-02,6.983483635626709651e-02,5.291316242780423618e-02,2.302158273381295014e-02,5.408856013780524719e-02,1.130408349376836596e-01,6.738271354747188413e-02,9.603809909818623869e-02,7.842739892592967554e-02,2.002229202553450216e-02,5.001519910831898202e-02,1.367919748708075825e-02,1.092309251190596783e-02,1.637450602897963167e-02,1.049751747897456622e-02,2.518998885398723159e-02,6.951058871212888700e-03,6.890262437936974307e-03,1.376025939811531019e-02,1.015300435707771828e-02,1.373999392035667177e-02,1.015300435707771828e-02,1.821866450501570533e-02,6.160705238626000731e-03,4.579997973452223925e-03,8.937075691559428700e-03,1.886715979329212783e-02,2.490627216536629718e-02,1.280778194345931660e-02,3.141149052588914498e-02,4.636741311176410807e-02,4.979227885297395767e-02,9.747694801904955089e-03,5.933731887729253029e-02,3.256662275813152624e-02,5.220387070625189668e-02,3.516060391123720930e-02,7.169926031006181033e-02,2.920255345019758669e-02,1.742831087242881910e-02,1.977910629243084459e-02,9.484243591042659099e-03,2.285945891174384278e-02,2.924308440571486353e-02,4.691458101124734020e-02,2.219069814570878360e-02,7.640085115006586824e-02,6.432262640591751568e-02,1.992096463674131179e-02,5.232546357280373067e-02,1.267605633802816878e-01,7.054412807781942907e-02,9.646367413111764377e-02,6.892288985712838323e-02,1.621238220691052778e-02,5.309555172763198022e-02
7.761677981558415089e-03,1.147026041138919823e-02,8.552031614145303925e-03,0.000000000000000000e+00,2.146114094639781089e-02,2.849326172864525414e-02,2.985104873847400919e-02,2.695308541898875157e-03,3.143175600364778860e-02,1.596919647380687021e-02,2.040733610294862693e-02,1.224034856621744778e-02,3.961900901813759923e-02,1.272672003242476466e-02,1.219981761070017268e-02,1.065964130104367184e-02,7.153713648799270297e-03,1.479379876380585747e-02,1.201742831087242863e-02,2.610193535312594834e-02,1.288884385449387028e-02,4.053095551727631946e-02,3.122910122606140440e-02,1.412503799777079828e-02,3.254635728037288261e-02,6.805147431350694331e-02,3.890971729658526668e-02,5.826324855608470965e-02,4.608369642314317366e-02,1.181477353328604790e-02,3.027662377140541081e-02,8.491235180869388666e-03,6.484952882764211113e-03,9.788225757422231929e-03,6.160705238626000731e-03,1.507751545242679014e-02,4.154422940520823178e-03,4.012564596210355973e-03,8.410173269834836721e-03,5.937784983280980713e-03,8.025129192420711946e-03,6.059377849832809498e-03,1.063937582328503342e-02,3.769378863106697536e-03,2.573715675347046372e-03,5.228493261728645557e-03,1.092309251190596783e-02,1.455061303070219816e-02,7.721147026041139116e-03,1.898875265984395488e-02,2.752051879623062039e-02,3.003343803830175324e-02,5.674333772418684724e-03,3.512007295571992899e-02,1.939406221501671981e-02,3.133042861485459823e-02,2.117742425777687648e-02,4.302360928158881215e-02,1.744857635018745579e-02,1.017326983483635670e-02,1.187556996656196143e-02,5.694599250177323144e-03,1.367919748708075825e-02,1.706353227277333101e-02,2.683149255243692452e-02,1.317256054311480469e-02,4.460431654676259156e-02,3.785591245313608272e-02,1.195663187759651511e-02,3.126963218157868124e-02,7.561049751747897507e-02,4.156449488296686673e-02,5.755395683453237710e-02,4.036883169520721210e-02,9.301854291214915055e-03,3.147228695916506197e-02
3.218157868071739452e-02,4.804944776573107784e-02,3.554564798865133407e-02,2.146114094639781089e-02,0.000000000000000000e+00,1.193231330428614900e-01,1.235383524166582259e-01,1.128787111156145592e-02,1.308947208430438769e-01,6.679501469247137169e-02,8.578376735231532657e-02,5.033944675245718980e-02,1.634208126456581089e-01,5.269024217245921876e-02,5.058263248556084390e-02,4.438139629141756720e-02,3.025635829364677412e-02,6.112068092005269043e-02,5.062316344107812421e-02,1.092917215523356023e-01,5.378457797142567609e-02,1.699057655284223201e-01,1.292734826223528311e-01,5.838484142263653670e-02,1.351099402168406127e-01,2.810213800790353766e-01,1.620427601580707311e-01,2.406322829060695001e-01,1.920154017630965604e-01,4.936670382004255953e-02,1.249366703820042612e-01,3.534299321106495334e-02,2.701388185226466856e-02,4.057148647279359283e-02,2.583848414226365409e-02,6.332961799574425565e-02,1.761070017225655968e-02,1.694193940622150049e-02,3.534299321106495334e-02,2.468335191002127976e-02,3.327591447968385879e-02,2.518998885398723159e-02,4.442192724693484751e-02,1.592866551828959337e-02,1.076096868983686221e-02,2.160299929070827810e-02,4.539467017934947779e-02,6.045192015401763125e-02,3.218157868071739452e-02,7.964332759144797380e-02,1.138919850035464559e-01,1.256864930590738672e-01,2.387273279967575337e-02,1.476542709494376437e-01,8.118350390110447290e-02,1.316040125645962233e-01,8.728341270645455230e-02,1.789644340865335914e-01,7.283412706454554797e-02,4.223325564900192591e-02,4.890059783159388107e-02,2.387273279967575337e-02,5.611510791366906142e-02,7.153713648799270297e-02,1.133650825818218605e-01,5.554767453642719954e-02,1.853683250582632558e-01,1.579693991285844590e-01,4.926537643124936916e-02,1.290302968892491631e-01,3.119262336609585629e-01,1.736954098692876647e-01,2.385652041746884056e-01,1.683047927854899317e-01,3.886918634106799331e-02,1.300233052994224370e-01
4.330732597020974656e-02,6.570067889350492130e-02,4.956935859762894026e-02,2.849326172864525414e-02,1.193231330428614900e-01,0.000000000000000000e+00,1.631573614347958390e-01,1.513831188570270540e-02,1.771810720437734243e-01,8.803323538352417210e-02,1.144594183807883248e-01,6.699766947005775242e-02,2.171851251393251692e-01,7.123315432161313188e-02,7.127368527713040525e-02,6.035059276522444088e-02,3.937582328503394513e-02,8.177120275610497147e-02,6.817306718005876343e-02,1.521734724896139368e-01,7.297598540885601170e-02,2.345121086229607910e-01,1.791062924308440552e-01,7.816394771506737782e-02,1.815989461951565409e-01,3.822069105279157220e-01,2.276421116627824481e-01,3.219373796737258209e-01,2.633701489512615401e-01,6.711926233660958641e-02,1.687101023406626932e-01,4.622555476745364433e-02,3.704529334279055286e-02,5.568953288073766328e-02,3.568750633296179781e-02,8.470969703110750593e-02,2.350795420002026528e-02,2.312291012260614051e-02,4.604316546762590029e-02,3.467423244502989416e-02,4.618502381193636402e-02,3.386361333468436430e-02,6.118147735332860743e-02,2.073158374708683818e-02,1.536123214104772455e-02,3.027662377140541081e-02,6.369439659539972987e-02,8.304792785489917284e-02,4.348971527003749060e-02,1.053196879116425205e-01,1.562063025635829494e-01,1.669470057756611558e-01,3.291113588002837070e-02,1.990069915898267372e-01,1.084405714864727921e-01,1.753774445232546275e-01,1.181477353328604790e-01,2.401459114398621919e-01,9.804438139629141624e-02,5.907386766643023951e-02,6.699766947005775242e-02,3.185733103657918674e-02,7.672509879420406909e-02,9.763907184111865478e-02,1.578883372175499122e-01,7.520518796230621361e-02,2.568851960684973013e-01,2.169824703617387884e-01,6.705846590333366941e-02,1.761272672003242612e-01,4.277231735738170060e-01,2.381598946195156441e-01,3.243084405714865004e-01,2.321005167696828519e-01,5.441280778194346190e-02,1.791265579086026849e-01
4.415847603607254979e-02,6.614651940419495613e-02,4.839396088762792925e-02,2.985104873847400919e-02,1.235383524166582259e-01,1.631573614347958390e-01,0.000000000000000000e+00,1.554362144087546860e-02,1.794305400749822699e-01,9.157969399128584875e-02,1.181072043773431918e-01,6.949032323437025205e-02,2.247441483432972009e-01,7.354341878609788052e-02,6.894315533488702685e-02,6.099908805350086338e-02,4.158476036072550341e-02,8.436518390921066146e-02,6.949032323437025205e-02,1.490931198703009386e-01,7.376633904144290488e-02,2.324044989360624092e-01,1.772621339548079711e-01,8.006890262437936501e-02,1.863208025129192424e-01,3.874151383118856762e-01,2.214206099908805347e-01,3.318471982976998746e-01,2.637957239841929313e-01,6.825412909109332404e-02,1.722970919039416293e-01,4.906272165366298843e-02,3.688316952072145244e-02,5.573006383625493665e-02,3.538352416658222671e-02,8.783058060593779137e-02,2.452122808795217240e-02,2.310264464484750382e-02,4.906272165366298843e-02,3.410679906778802534e-02,4.537440470159084110e-02,3.487688722261627489e-02,6.067484040936264866e-02,2.200830884588104303e-02,1.459114398621947500e-02,2.981051778295673235e-02,6.219475124126051108e-02,8.316952072145100683e-02,4.432059985814165715e-02,1.094133144188874224e-01,1.573209038403080295e-01,1.741615158577363431e-01,3.264768466916607298e-02,2.038504407741412450e-01,1.120275610497517421e-01,1.813152295065356134e-01,1.203566724085520373e-01,2.472793596109028325e-01,1.000506636943965938e-01,5.789846995642922156e-02,6.726112068092005014e-02,3.291113588002837070e-02,7.743439051575641552e-02,9.822677069611916723e-02,1.546255952984091631e-01,7.634005471678995125e-02,2.532982065052183374e-01,2.173472489613942626e-01,6.799067788023102632e-02,1.778903637653257708e-01,4.293241463167494221e-01,2.384638767858952291e-01,3.299017124328705863e-01,2.317965346033032670e-01,5.366298510487384904e-02,1.782146114094639855e-01
4.093626507244907918e-03,6.079643327591447918e-03,4.357077718107204775e-03,2.695308541898875157e-03,1.128787111156145592e-02,1.513831188570270540e-02,1.554362144087546860e-02,0.000000000000000000e+00,1.651636437329009888e-02,8.045394670179348631e-03,1.067990677880231026e-02,6.201236194143276703e-03,2.044786705846590377e-02,6.788935049143783942e-03,6.464687405005572693e-03,5.573006383625494359e-03,3.688316952072145157e-03,7.619819637247947884e-03,6.282298105177829516e-03,1.384132130914986387e-02,6.768669571385145523e-03,2.133954807984598384e-02,1.625291316242780462e-02,7.376633904144290314e-03,1.682034653966967344e-02,3.578883372175498817e-02,2.060999088053500766e-02,3.027662377140541081e-02,2.435910426588306851e-02,6.262032627419191096e-03,1.576654169622048948e-02,4.296281284831289515e-03,3.445131218968487154e-03,5.046103961900901512e-03,3.201945485864829150e-03,7.984598236903435106e-03,2.188671597932921164e-03,2.087344209139730365e-03,4.357077718107204775e-03,3.161414530347552744e-03,4.235484851555375123e-03,3.222210963623467570e-03,5.573006383625494359e-03,1.986016820346539567e-03,1.378052487587394775e-03,2.735839497416151563e-03,5.755395683453237536e-03,7.660350592765224724e-03,4.073361029486270365e-03,9.889553146215422294e-03,1.444928564190900780e-02,1.580707265173776632e-02,3.039821663795723959e-03,1.838078832708481269e-02,9.950349579491335819e-03,1.639477150673827183e-02,1.090282703414732941e-02,2.257574222312291184e-02,9.119464991387172745e-03,5.309555172763197502e-03,6.201236194143276703e-03,2.979025230519809567e-03,7.194244604316547137e-03,8.937075691559428700e-03,1.434795825311581743e-02,6.890262437936974307e-03,2.334583037795116139e-02,1.998176107001722532e-02,6.262032627419191096e-03,1.643530246225554867e-02,3.974060188468943322e-02,2.208937075691559324e-02,3.013476542709494360e-02,2.142060999088053405e-02,4.985307528624987120e-03,1.641503698449690851e-02
4.725909413314419161e-02,7.094943763299220441e-02,5.325767554970108758e-02,3.143175600364778860e-02,1.308947208430438769e-01,1.771810720437734243e-01,1.794305400749822699e-01,1.651636437329009888e-02,0.000000000000000000e+00,9.666632890870402450e-02,1.253825108926942822e-01,7.319890566420103606e-02,2.387070625189988970e-01,7.773837268213598661e-02,7.548890465092714108e-02,6.495085621643530149e-02,4.338838788124430024e-02,9.001925220387070603e-02,7.413111764109839297e-02,1.640895734116931681e-01,7.869085013679197327e-02,2.542506839598743795e-01,1.932515959063735023e-01,8.523659945283210138e-02,1.994528321005167582e-01,4.162326476846691659e-01,2.434491843145202283e-01,3.535515249772013258e-01,2.862498733407640161e-01,7.263147228695916724e-02,1.837673523153308397e-01,5.117033134056135635e-02,3.951768162934440887e-02,5.956023913263755465e-02,3.807883270848110013e-02,9.279562265680413313e-02,2.573715675347046372e-02,2.468335191002127976e-02,5.084608369642314163e-02,3.663998378761779140e-02,4.916404904245617880e-02,3.686290404296281575e-02,6.509271456074576523e-02,2.271760056743337558e-02,1.615158577363461426e-02,3.214104772520012115e-02,6.815280170230013368e-02,9.089066774749214594e-02,4.705643935555780394e-02,1.147836660249265395e-01,1.696017833620427628e-01,1.832809808491235315e-01,3.503901104468537531e-02,2.193940622150167274e-01,1.181477353328604790e-01,1.920356672408551901e-01,1.273887931907994597e-01,2.637754585064343016e-01,1.064342891883676145e-01,6.249873340764008217e-02,7.303678184213192870e-02,3.479582531158172121e-02,8.383828148748606601e-02,1.061911034552639604e-01,1.700070929172155243e-01,8.098084912351809217e-02,2.786300537035160674e-01,2.342891883676157527e-01,7.283412706454554797e-02,1.926031006180970728e-01,4.632688215624683470e-01,2.578782044786706029e-01,3.535717904549599555e-01,2.520417468841827935e-01,5.881041645556794178e-02,1.927854899179248238e-01
2.364981254433073249e-02,3.550511703313405376e-02,2.628432465295369239e-02,1.596919647380687021e-02,6.679501469247137169e-02,8.803323538352417210e-02,9.157969399128584875e-02,8.045394670179348631e-03,9.666632890870402450e-02,0.000000000000000000e+00,6.414023710608977857e-02,3.716688620934238685e-02,1.197081771202756079e-01,3.957847806262032586e-02,3.755193028675651162e-02,3.272874658020062666e-02,2.212990171243287008e-02,4.547573209038403147e-02,3.741007194244604095e-02,8.142668963420812700e-02,3.949741615158577218e-02,1.261120680920052584e-01,9.563278954301347723e-02,4.282095450400243142e-02,9.958455770594791534e-02,2.085115006586280295e-01,1.208430438747593455e-01,1.780930185429121515e-01,1.420204681325362150e-01,3.688316952072145244e-02,9.291721552335596712e-02,2.559529840915999652e-02,1.969804438139629091e-02,2.979025230519809567e-02,1.888742527105076452e-02,4.681325362245414984e-02,1.301043672104569907e-02,1.228087952173472462e-02,2.579795318674637725e-02,1.840105380484344938e-02,2.466308643226263961e-02,1.854291214915391658e-02,3.293140135778700739e-02,1.163238423345830386e-02,7.903536325868883161e-03,1.594893099604823353e-02,3.368122403485662025e-02,4.458405106900395487e-02,2.373087445536528617e-02,5.917519505522342987e-02,8.385854696524470964e-02,9.322119768973553822e-02,1.765123112777383652e-02,1.081163238423345774e-01,6.053298206505218493e-02,9.701084203060086897e-02,6.462660857229708677e-02,1.321714459418380783e-01,5.400749822677069351e-02,3.126963218157868124e-02,3.639679805451413730e-02,1.773229303880839020e-02,4.184821157158780114e-02,5.262944573918330177e-02,8.298713142162326972e-02,4.099706150572499791e-02,1.368933022596007798e-01,1.163238423345830386e-01,3.627520518796230331e-02,9.591650623163440470e-02,2.316141453034755160e-01,1.276117134461444980e-01,1.776269125544634730e-01,1.247948120376937836e-01,2.926334988347350369e-02,9.617995744249670242e-02
3.094538453744046999e-02,4.622555476745364433e-02,3.424865741209848907e-02,2.040733610294862693e-02,8.578376735231532657e-02,1.144594183807883248e-01,1.181072043773431918e-01,1.067990677880231026e-02,1.253825108926942822e-01,6.414023710608977857e-02,0.000000000000000000e+00,4.859661566521430998e-02,1.555578072753065200e-01,5.064342891883676090e-02,4.940723477555983290e-02,4.241564494882966996e-02,2.871618198399027155e-02,5.874962002229202479e-02,4.849528827642111961e-02,1.060695105887121265e-01,5.187962306211368890e-02,1.637653257675549812e-01,1.252609180261424759e-01,5.609484243591042474e-02,1.295977302664910458e-01,2.709697031107508591e-01,1.578275407842739952e-01,2.304184821157158891e-01,1.843145202148140649e-01,4.786705846590333380e-02,1.201742831087242863e-01,3.335697639071841247e-02,2.600060796433275798e-02,3.884892086330934968e-02,2.474414834329719329e-02,6.043165467625899456e-02,1.692167392846286381e-02,1.611105481811733742e-02,3.311379065761475143e-02,2.360928158881345565e-02,3.177626912554463307e-02,2.389299827743439006e-02,4.310467119262336583e-02,1.495592258587496136e-02,1.019353531259499512e-02,2.083291113588002855e-02,4.421927246934846678e-02,5.779714256763603120e-02,3.084405714864727963e-02,7.654270949437633198e-02,1.096767656297497201e-01,1.204985307528625010e-01,2.308237916708886367e-02,1.407640085115006712e-01,7.818421319282602144e-02,1.259296787921775351e-01,8.363562670989968528e-02,1.710406322829060577e-01,7.019961495592258460e-02,4.067281386158679013e-02,4.719829769986827461e-02,2.302158273381295014e-02,5.443307325970209859e-02,6.801094335798966994e-02,1.087040226973350898e-01,5.323741007194244396e-02,1.790049650420508787e-01,1.507143580909919844e-01,4.731989056642010166e-02,1.245313608268314859e-01,3.006788935049143907e-01,1.669267402979025261e-01,2.296483939608876257e-01,1.629344411794508007e-01,3.826122200830884418e-02,1.254433073259701992e-01
1.821866450501570533e-02,2.673016516364373416e-02,1.998176107001722532e-02,1.224034856621744778e-02,5.033944675245718980e-02,6.699766947005775242e-02,6.949032323437025205e-02,6.201236194143276703e-03,7.319890566420103606e-02,3.716688620934238685e-02,4.859661566521430998e-02,0.000000000000000000e+00,9.176208329111358586e-02,2.999290708278447640e-02,2.908096058364575964e-02,2.466308643226263961e-02,1.690140845070422365e-02,3.461343601175397716e-02,2.831087242881751009e-02,6.136386665315635147e-02,3.068193332657817574e-02,9.461951565508157358e-02,7.388793190799472499e-02,3.335697639071841247e-02,7.571182490627216544e-02,1.596716992603100516e-01,9.159995946904447850e-02,1.356571081163238379e-01,1.071233154321613174e-01,2.796635930692066216e-02,7.171952578782045395e-02,1.951565508156854686e-02,1.515857736346134382e-02,2.281892795622656941e-02,1.432769277535717901e-02,3.522140034451311935e-02,9.767960279663593509e-03,9.261323335697638215e-03,1.953592055932718702e-02,1.396291417570169266e-02,1.886715979329212783e-02,1.428716181983990217e-02,2.468335191002127976e-02,8.693889958455771130e-03,5.978315938798257553e-03,1.224034856621744778e-02,2.571689127571182357e-02,3.353936569054615652e-02,1.821866450501570533e-02,4.492856419090079934e-02,6.416050258384840832e-02,7.054412807781942907e-02,1.347654270949437579e-02,8.122403485662174627e-02,4.563785591245313883e-02,7.386766643023609524e-02,5.023811936366399944e-02,1.001925220387070575e-01,4.099706150572499791e-02,2.391326375519303021e-02,2.766237714054108759e-02,1.339548079845982384e-02,3.181680008106191337e-02,3.957847806262032586e-02,6.193130003039821335e-02,3.135069409261323492e-02,1.036173877799169141e-01,8.870199614955923129e-02,2.841219981761070046e-02,7.267200324247644061e-02,1.767352315330834034e-01,9.701084203060086897e-02,1.338940115513223283e-01,9.457898469956428633e-02,2.200830884588104303e-02,7.386766643023609524e-02
5.913466409970614956e-02,8.726314722869592255e-02,6.491032526091802812e-02,3.961900901813759923e-02,1.634208126456581089e-01,2.171851251393251692e-01,2.247441483432972009e-01,2.044786705846590377e-02,2.387070625189988970e-01,1.197081771202756079e-01,1.555578072753065200e-01,9.176208329111358586e-02,0.000000000000000000e+00,9.745668254129091768e-02,9.220792380180362069e-02,8.063633600162123383e-02,5.396696727125342014e-02,1.121694193940622197e-01,9.133650825818218078e-02,1.985814165568953182e-01,9.820650521836052360e-02,3.097375620630256621e-01,2.365183909210659685e-01,1.069814570878508397e-01,2.476238727327996769e-01,5.161414530347553375e-01,2.954909311987030107e-01,4.407538757726213174e-01,3.513020569459924802e-01,9.028270341473300376e-02,2.280474212179552096e-01,6.426182997264159869e-02,4.904245617590434481e-02,7.411085216333974934e-02,4.681325362245414984e-02,1.156956125240652528e-01,3.187759651433782343e-02,3.064140237106089890e-02,6.440368831695207630e-02,4.525281183503901405e-02,6.057351302056945830e-02,4.632688215624683470e-02,8.041341574627622335e-02,2.855405816192116766e-02,1.943459317053399665e-02,4.002431857331036763e-02,8.276421116627824537e-02,1.110142871618198385e-01,5.862802715574019774e-02,1.433985206201236207e-01,2.090586685581112547e-01,2.295470665720944492e-01,4.316546762589928282e-02,2.695916506231634258e-01,1.464991387171952486e-01,2.386462660857229801e-01,1.594285135272064113e-01,3.276117134461444813e-01,1.326375519302867567e-01,7.723173573817002091e-02,8.989765933731887204e-02,4.326679501469247319e-02,1.032728746580200696e-01,1.298206505218360562e-01,2.053298206505218271e-01,1.007194244604316530e-01,3.384942750025332070e-01,2.885398723274901212e-01,9.091093322525078957e-02,2.370047623872732767e-01,5.714864727935961008e-01,3.177018948221704275e-01,4.368629040429627963e-01,3.085418988752660074e-01,7.149660553247542960e-02,2.385044077414125163e-01
1.900901813760259504e-02,2.843246529536933714e-02,2.117742425777687648e-02,1.272672003242476466e-02,5.269024217245921876e-02,7.123315432161313188e-02,7.354341878609788052e-02,6.788935049143783942e-03,7.773837268213598661e-02,3.957847806262032586e-02,5.064342891883676090e-02,2.999290708278447640e-02,9.745668254129091768e-02,0.000000000000000000e+00,3.021582733812949728e-02,2.638565204174688275e-02,1.787415138311885740e-02,3.625493971020366663e-02,3.007396899381903008e-02,6.478873239436619413e-02,3.199918938088965742e-02,1.004357077718107255e-01,7.745465599351504526e-02,3.481609078934035789e-02,8.055527409058668709e-02,1.672104569865234536e-01,9.660553247542810751e-02,1.431756003647786102e-01,1.144391529030296950e-01,2.924308440571486353e-02,7.411085216333974934e-02,2.099503495794913244e-02,1.586786908501367985e-02,2.417671496605532447e-02,1.532070118553044945e-02,3.688316952072145244e-02,1.039619009018137585e-02,1.017326983483635670e-02,2.095450400243185560e-02,1.467220589725402695e-02,1.975884081467220443e-02,1.501671901915087662e-02,2.630459013071233254e-02,9.403181680008105420e-03,6.383625493971020748e-03,1.284831289897659344e-02,2.711520924105785893e-02,3.607255041037592258e-02,1.900901813760259504e-02,4.713750126659235762e-02,6.821359813557605067e-02,7.447563076299523743e-02,1.420609990880535023e-02,8.742527105076501603e-02,4.819130611004154158e-02,7.800182389299828434e-02,5.234572905056236736e-02,1.066977403992299123e-01,4.296281284831290209e-02,2.537237815381497563e-02,2.926334988347350369e-02,1.416556895328807339e-02,3.343803830175296615e-02,4.247644138210558001e-02,6.695713851454047905e-02,3.291113588002837070e-02,1.102239335292329453e-01,9.427500253318471524e-02,2.944573918330124773e-02,7.694801904954909344e-02,1.857736346134360172e-01,1.037187151687101044e-01,1.415138311885702771e-01,1.003749113385348085e-01,2.302158273381295014e-02,7.757624886006687925e-02
1.888742527105076452e-02,2.810821765123112936e-02,2.107609686898368612e-02,1.219981761070017268e-02,5.058263248556084390e-02,7.127368527713040525e-02,6.894315533488702685e-02,6.464687405005572693e-03,7.548890465092714108e-02,3.755193028675651162e-02,4.940723477555983290e-02,2.908096058364575964e-02,9.220792380180362069e-02,3.021582733812949728e-02,0.000000000000000000e+00,2.567636032019455020e-02,1.682034653966967344e-02,3.481609078934035789e-02,2.897963319485256928e-02,6.507244908298713548e-02,3.187759651433782343e-02,1.001519910831897842e-01,7.729253217144593791e-02,3.406626811227074503e-02,7.662377140541087872e-02,1.644543520113486701e-01,9.778093018542911852e-02,1.366501165264971118e-01,1.120680920052690294e-01,2.849326172864525414e-02,7.228695916506232277e-02,1.953592055932718702e-02,1.609078934035869726e-02,2.423751139933123799e-02,1.534096666328908787e-02,3.574830276623771480e-02,9.950349579491335819e-03,9.869287668456783874e-03,1.947512412605127002e-02,1.483432971932313257e-02,1.996149559225858863e-02,1.446955111966764622e-02,2.581821866450501740e-02,8.856013780524875020e-03,6.606545749316039898e-03,1.319282602087344138e-02,2.721653662985104929e-02,3.542405512209950008e-02,1.850238119363663974e-02,4.478670584659033560e-02,6.685581112574728868e-02,7.052386260006079932e-02,1.418583443104671181e-02,8.404093626507244674e-02,4.616475833417772734e-02,7.469855101834026179e-02,5.112980038504407604e-02,1.016313709595703663e-01,4.115918532779410527e-02,2.521025433174587174e-02,2.857432363967980435e-02,1.371972844259803509e-02,3.297193231330428770e-02,4.101732698348363459e-02,6.728138615867869377e-02,3.238423345830378219e-02,1.096970311075083637e-01,9.255243692370047903e-02,2.908096058364575964e-02,7.528624987334076035e-02,1.844969095146418159e-01,1.020772114702604150e-01,1.373188772925321710e-01,9.889553146215422641e-02,2.283919343398520610e-02,7.682642618299725945e-02
1.592866551828959337e-02,2.423751139933123799e-02,1.795521329415341108e-02,1.065964130104367184e-02,4.438139629141756720e-02,6.035059276522444088e-02,6.099908805350086338e-02,5.573006383625494359e-03,6.495085621643530149e-02,3.272874658020062666e-02,4.241564494882966996e-02,2.466308643226263961e-02,8.063633600162123383e-02,2.638565204174688275e-02,2.567636032019455020e-02,0.000000000000000000e+00,1.499645354139223820e-02,3.001317256054311308e-02,2.529131624278042195e-02,5.485864829263349673e-02,2.687202350795420136e-02,8.489208633093525691e-02,6.491032526091802812e-02,2.861485459519708119e-02,6.695713851454047905e-02,1.397304691458101100e-01,8.213598135576045955e-02,1.188975580099300849e-01,9.648393960887627352e-02,2.460228999898672608e-02,6.142466308643226153e-02,1.742831087242881910e-02,1.351707366501165263e-02,2.048839801398318061e-02,1.301043672104569907e-02,3.153308339244097896e-02,8.734420913973046235e-03,8.572297091903942345e-03,1.740804539467017895e-02,1.250379977707974551e-02,1.677981558415239660e-02,1.254433073259702061e-02,2.235282196777789096e-02,7.964332759144796686e-03,5.552740905866855939e-03,1.108521633397507346e-02,2.304184821157158683e-02,3.060087141554362206e-02,1.605025838484142389e-02,3.947715067382713550e-02,5.739183301246326974e-02,6.201236194143276703e-02,1.199716283311379021e-02,7.386766643023609524e-02,4.028776978417265842e-02,6.515351099402168222e-02,4.357077718107204428e-02,8.892491640490424176e-02,3.593069206606545885e-02,2.164353024622555494e-02,2.444016617691762219e-02,1.177424257776877106e-02,2.802715574019657568e-02,3.599148849934136890e-02,5.789846995642922156e-02,2.764211166278245091e-02,9.334279055628735833e-02,7.976492045799979391e-02,2.437936974364170520e-02,6.428209545040024231e-02,1.560441787415138282e-01,8.742527105076501603e-02,1.190191508764819189e-01,8.477049346438342292e-02,1.945485864829263334e-02,6.507244908298713548e-02
1.067990677880231026e-02,1.615158577363461426e-02,1.189583544432059985e-02,7.153713648799270297e-03,3.025635829364677412e-02,3.937582328503394513e-02,4.158476036072550341e-02,3.688316952072145157e-03,4.338838788124430024e-02,2.212990171243287008e-02,2.871618198399027155e-02,1.690140845070422365e-02,5.396696727125342014e-02,1.787415138311885740e-02,1.682034653966967344e-02,1.499645354139223820e-02,0.000000000000000000e+00,2.032627419191407325e-02,1.704326679501469086e-02,3.619414327692775657e-02,1.789441686087749409e-02,5.652041746884182982e-02,4.310467119262336583e-02,1.921167291518897577e-02,4.484750227986624566e-02,9.364677272266694330e-02,5.410882561556388387e-02,8.012969905765528200e-02,6.337014895126152902e-02,1.659742628432465256e-02,4.166582227176005709e-02,1.171344614449285580e-02,8.916810213800790280e-03,1.361840105380484299e-02,8.552031614145303925e-03,2.131928260208734369e-02,5.897254027763704741e-03,5.633802816901408751e-03,1.165264971121694228e-02,8.308845881041646356e-03,1.108521633397507346e-02,8.369642314317559881e-03,1.493565710811632467e-02,5.370351606039112762e-03,3.546458607761677952e-03,7.295571993109737502e-03,1.530043570777181103e-02,2.022494680312088289e-02,1.086229607863005431e-02,2.693281994123011489e-02,3.815989461951565381e-02,4.223325564900192591e-02,7.883270848110244741e-03,4.926537643124936916e-02,2.729759854088560297e-02,4.413821055831391310e-02,2.918228797243895001e-02,5.990475225453439911e-02,2.444016617691762219e-02,1.432769277535717901e-02,1.635424055122099499e-02,7.863005370351606321e-03,1.872530144898166063e-02,2.405512209950349742e-02,3.771405410882561898e-02,1.862397406018847026e-02,6.189076907488093998e-02,5.260918026142466508e-02,1.621238220691052778e-02,4.278042354848515805e-02,1.040834937683655925e-01,5.753369135677373347e-02,8.045394670179349672e-02,5.629749721349680547e-02,1.303070219880433749e-02,4.306414023710609246e-02
2.186645050157057582e-02,3.291113588002837070e-02,2.437936974364170520e-02,1.479379876380585747e-02,6.112068092005269043e-02,8.177120275610497147e-02,8.436518390921066146e-02,7.619819637247947884e-03,9.001925220387070603e-02,4.547573209038403147e-02,5.874962002229202479e-02,3.461343601175397716e-02,1.121694193940622197e-01,3.625493971020366663e-02,3.481609078934035789e-02,3.001317256054311308e-02,2.032627419191407325e-02,0.000000000000000000e+00,3.441078123416759643e-02,7.532678082885803372e-02,3.676157665416962539e-02,1.169115411895835510e-01,8.892491640490424176e-02,3.996352214003445064e-02,9.279562265680413313e-02,1.932110649508562150e-01,1.118857027054412784e-01,1.658932009322119649e-01,1.323335697639071717e-01,3.394467524571891798e-02,8.582429830783261382e-02,2.409565305502077079e-02,1.829972641605025901e-02,2.766237714054108759e-02,1.748910730570473263e-02,4.308440571486472914e-02,1.203769378863106705e-02,1.140946397811328471e-02,2.391326375519303021e-02,1.686087749518695028e-02,2.267706961191610221e-02,1.718512513932515806e-02,3.029688924916404749e-02,1.067990677880231026e-02,7.356368426385651894e-03,1.471273685277130379e-02,3.133042861485459823e-02,4.172661870503597409e-02,2.192724693484648935e-02,5.400749822677069351e-02,7.875164657006789026e-02,8.560137805248758947e-02,1.629344411794508146e-02,1.009423447157766773e-01,5.532475428108217519e-02,8.987739385956024230e-02,6.002634512108622616e-02,1.225048130509676786e-01,4.977201337521532098e-02,2.904042962812848280e-02,3.380281690140844730e-02,1.635424055122099499e-02,3.892998277434390336e-02,4.896139426486979113e-02,7.751545242679096226e-02,3.769378863106697536e-02,1.276927753571790447e-01,1.079542000202654839e-01,3.384334785692572761e-02,8.896544736042151513e-02,2.142668963420812644e-01,1.190799473097578220e-01,1.638869186341067874e-01,1.158172053906170867e-01,2.697335089674739173e-02,8.947208430438748084e-02
1.813760259398115166e-02,2.737866045192015318e-02,2.030600871415543657e-02,1.201742831087242863e-02,5.062316344107812421e-02,6.817306718005876343e-02,6.949032323437025205e-02,6.282298105177829516e-03,7.413111764109839297e-02,3.741007194244604095e-02,4.849528827642111961e-02,2.831087242881751009e-02,9.133650825818218078e-02,3.007396899381903008e-02,2.897963319485256928e-02,2.529131624278042195e-02,1.704326679501469086e-02,3.441078123416759643e-02,0.000000000000000000e+00,6.255952984091600610e-02,3.013476542709494360e-02,9.660553247542810751e-02,7.425271050765021308e-02,3.266795014692471660e-02,7.599554159489309291e-02,1.586786908501368054e-01,9.342385246732191895e-02,1.352517985611510765e-01,1.085621643530246261e-01,2.820954504002431973e-02,7.054412807781942907e-02,1.969804438139629091e-02,1.536123214104772455e-02,2.296078630053703662e-02,1.459114398621947500e-02,3.586989563278954185e-02,9.970615057249974239e-03,9.585570979835849464e-03,1.965751342587901407e-02,1.410477252001215986e-02,1.882662883777485099e-02,1.410477252001215986e-02,2.567636032019455020e-02,8.856013780524875020e-03,6.140439760867362311e-03,1.246326882156246867e-02,2.620326274191914218e-02,3.443104671192623312e-02,1.825919546053298217e-02,4.505015705745262639e-02,6.503191812746984823e-02,7.105076502178539477e-02,1.359813557604620457e-02,8.329111358800284082e-02,4.582024521228088287e-02,7.392846286351201224e-02,4.920457999797345217e-02,1.014287161819839855e-01,4.142263653865639605e-02,2.427804235484851483e-02,2.780423548485155480e-02,1.333468436518390858e-02,3.181680008106191337e-02,4.063228290606950982e-02,6.513324551626305248e-02,3.143175600364778860e-02,1.062316344107812338e-01,8.959367717093930095e-02,2.766237714054108759e-02,7.293545445333873833e-02,1.770392136994629606e-01,9.879420407336103604e-02,1.356976390718411252e-01,9.666632890870402450e-02,2.255547674536427169e-02,7.392846286351201224e-02
3.955821258486168918e-02,6.039112372074171425e-02,4.511095349072854338e-02,2.610193535312594834e-02,1.092917215523356023e-01,1.521734724896139368e-01,1.490931198703009386e-01,1.384132130914986387e-02,1.640895734116931681e-01,8.142668963420812700e-02,1.060695105887121265e-01,6.136386665315635147e-02,1.985814165568953182e-01,6.478873239436619413e-02,6.507244908298713548e-02,5.485864829263349673e-02,3.619414327692775657e-02,7.532678082885803372e-02,6.255952984091600610e-02,0.000000000000000000e+00,6.651129800385044422e-02,2.166987536731178332e-01,1.645151484446245871e-01,7.131421623264767862e-02,1.669672712534197856e-01,3.516263045901307227e-01,2.113284020670787300e-01,2.952680109433579725e-01,2.429222818927956329e-01,6.158678690850136889e-02,1.553754179754787690e-01,4.199006991589826487e-02,3.337724186847704916e-02,5.025838484142263612e-02,3.224237511399331152e-02,7.682642618299725945e-02,2.150167190191508773e-02,2.089370756915594207e-02,4.164555679400142041e-02,3.108724288175093720e-02,4.213192826020873555e-02,3.076299523761272595e-02,5.538555071435809218e-02,1.880636336001621084e-02,1.384132130914986387e-02,2.691255446347147473e-02,5.864829263349883443e-02,7.599554159489309291e-02,3.974060188468943322e-02,9.624075387577261942e-02,1.426486979430540147e-01,1.521734724896139368e-01,3.029688924916404749e-02,1.815584152396392814e-01,9.986827439456885669e-02,1.611105481811733742e-01,1.072246428209545077e-01,2.189279562265680490e-01,8.902624379369743213e-02,5.339953389401155132e-02,6.172864525281183262e-02,2.960786300537035162e-02,7.119262336609585851e-02,8.904650927145607575e-02,1.455263957847806322e-01,6.799067788023102632e-02,2.374506028979633254e-01,1.973046914581011169e-01,6.132333569763907116e-02,1.624278042354848628e-01,3.929476137399939284e-01,2.187253014489816683e-01,2.967068598642212951e-01,2.142871618198398942e-01,5.031918127469855312e-02,1.639477150673827044e-01
2.004255750329313884e-02,2.940520822778397089e-02,2.164353024622555494e-02,1.288884385449387028e-02,5.378457797142567609e-02,7.297598540885601170e-02,7.376633904144290488e-02,6.768669571385145523e-03,7.869085013679197327e-02,3.949741615158577218e-02,5.187962306211368890e-02,3.068193332657817574e-02,9.820650521836052360e-02,3.199918938088965742e-02,3.187759651433782343e-02,2.687202350795420136e-02,1.789441686087749409e-02,3.676157665416962539e-02,3.013476542709494360e-02,6.651129800385044422e-02,0.000000000000000000e+00,1.035971223021582704e-01,7.974465498024116417e-02,3.601175397710001252e-02,8.114297294558718565e-02,1.728442598034248545e-01,9.966561961698247596e-02,1.445131218968487286e-01,1.162022494680312046e-01,2.968892491640490530e-02,7.556996656196170170e-02,2.093423852467321891e-02,1.680008106191103329e-02,2.541290910933225247e-02,1.596919647380687021e-02,3.791670888641199971e-02,1.049751747897456622e-02,1.025433174587090865e-02,2.095450400243185560e-02,1.536123214104772455e-02,2.065052183605228450e-02,1.538149761880636297e-02,2.681122707467828437e-02,9.463978113284020680e-03,6.667342182591954290e-03,1.373999392035667177e-02,2.784476644036883164e-02,3.678184213192826207e-02,1.953592055932718702e-02,4.742121795521329203e-02,6.951058871212888179e-02,7.506332961799574988e-02,1.459114398621947500e-02,8.843854493869693356e-02,4.831289897659337557e-02,7.899483230317154436e-02,5.368325058263248573e-02,1.074272975985408884e-01,4.338838788124430024e-02,2.622352821967777886e-02,2.983078326071537251e-02,1.432769277535717901e-02,3.430945384537440607e-02,4.257776877089877732e-02,6.857837673523153876e-02,3.392440976796028129e-02,1.132434897152700404e-01,9.589624075387577495e-02,3.033742020468132433e-02,7.865031918127469990e-02,1.916506231634410862e-01,1.063126963218157806e-01,1.439456885196068459e-01,1.023609281588813424e-01,2.332556490019252124e-02,7.952173472489613981e-02
