0.000000000000000000e+00,1.785244380427405964e-02,1.077517554672243610e-02,6.883370497070758452e-03,2.330928077780701491e-02,3.455535088569727104e-02,3.678517513122723376e-02,5.678434414082516972e-03,4.495658075149232269e-02,2.239519133554007321e-02,3.217317839978948296e-02,1.912662908743404180e-02,5.350193205268478913e-02,1.366979211390108480e-02,1.322659723280196140e-02,1.034583050565766014e-02,7.437364098444663139e-03,1.793554284448014777e-02,2.027616581028489004e-02,3.231167680013295740e-02,1.603811475977452369e-02,5.397282661385260916e-02,4.325305042726756283e-02,1.722920100272841773e-02,4.334999930750799840e-02,8.469177181003559318e-02,4.958242732296441746e-02,7.093888065592841852e-02,5.110590972674265708e-02,1.221555891029458586e-02,3.599573424926941906e-02,1.571956843898452902e-02,1.047047906596678887e-02,1.498552691716410756e-02,8.240654820436824415e-03,1.376674099414151690e-02,6.246277855490769103e-03,4.985942412365136980e-03,1.448693267592759265e-02,9.542539783665498002e-03,1.203551098984806736e-02,8.600750661329861421e-03,1.192471226957328607e-02,4.819744331952965921e-03,2.839217207041258486e-03,1.366979211390108480e-02,1.731230004293450239e-02,1.927897732781186368e-02,9.279392823012894836e-03,2.581610182402393344e-02,3.314266720219381790e-02,3.988753929892109584e-02,9.542539783665498002e-03,4.571832195338143556e-02,2.240904117557442066e-02,3.929199617744415229e-02,2.573300278381784531e-02,5.250474357021176625e-02,1.391908923451934052e-02,1.674445660152625373e-02,1.707685276235059585e-02,7.880558979543785675e-03,1.515172499757627862e-02,2.107945653227705218e-02,3.160533495838122736e-02,2.034541501045663073e-02,5.629959973962300745e-02,5.502541445646302876e-02,1.631511156046147604e-02,4.085702810132543078e-02,1.086104455493539095e-01,5.232469564976524601e-02,7.152057393737101809e-02,4.832209187983878967e-02,1.220170907026023842e-02,3.663282689084940841e-02
1.785244380427405964e-02,0.000000000000000000e+00,2.084400925169314217e-02,1.326814675290500373e-02,4.443028683018711289e-02,6.690857720593326730e-02,7.127127681675277104e-02,1.083057490685982588e-02,8.732324141656164218e-02,4.287910474634017838e-02,6.203343351384291854e-02,3.666052657091810330e-02,1.038045510574352875e-01,2.630084622522609744e-02,2.530365774275307109e-02,1.981912108915142093e-02,1.432073459551542159e-02,3.479079816628118105e-02,3.907039873689458626e-02,6.293367311607550585e-02,3.048349791559907401e-02,1.047463401797709276e-01,8.345913604697866028e-02,3.287952024154121300e-02,8.408237884852430566e-02,1.631095660845117146e-01,9.595169175796020022e-02,1.370441671398695271e-01,9.978809744747448029e-02,2.353087821835657747e-02,6.915225129149758787e-02,3.035884935528994702e-02,2.040081437059402050e-02,2.940321039291996300e-02,1.589961635943104926e-02,2.689638934670304446e-02,1.213245987008850120e-02,9.694888024043321617e-03,2.814287494979432827e-02,1.862803484619752689e-02,2.346162901818484026e-02,1.652285916097669116e-02,2.375247565890614004e-02,9.611788983837236955e-03,5.526086173704693356e-03,2.634239574532913977e-02,3.408445632452945101e-02,3.760231569325374335e-02,1.808789108485796965e-02,5.012257108430397817e-02,6.377851335817071032e-02,7.725440771159093611e-02,1.876653324654100133e-02,8.826503053889728223e-02,4.351619738792016773e-02,7.606332146863703514e-02,4.954087780286137860e-02,1.010207332105314132e-01,2.728418486766477982e-02,3.301801864188468744e-02,3.322576624239990256e-02,1.534562275805714457e-02,2.944475991302300533e-02,4.073237954101630032e-02,6.188108527346509319e-02,3.954129329806240628e-02,1.093998864313117242e-01,1.068930653850947987e-01,3.114829023724775825e-02,7.976122875780784771e-02,2.124149966067891970e-01,1.014223785715274995e-01,1.381660041826516805e-01,9.398501447308284240e-02,2.348932869825353514e-02,7.081423209561929499e-02
1.077517554672243610e-02,2.084400925169314217e-02,0.000000000000000000e+00,8.005207539852914403e-03,2.678559062642826491e-02,4.044153290029500053e-02,4.247745938534409904e-02,6.592523856349459532e-03,5.272634101076132535e-02,2.563605390357741320e-02,3.754691633311635357e-02,2.211819453485312087e-02,6.264282647535421300e-02,1.581651731922496459e-02,1.571956843898452902e-02,1.198011162971067758e-02,8.573050981261166534e-03,2.092710829189922683e-02,2.383557469911222471e-02,3.782391313380330244e-02,1.847568660581970154e-02,6.334916831710593610e-02,5.074581388584961661e-02,2.015151724997576305e-02,5.055191612536875240e-02,9.898480672548232162e-02,5.811392878412253993e-02,8.279434372532996911e-02,6.017755494924033333e-02,1.427918507541237926e-02,4.228356162486323483e-02,1.812944060496101198e-02,1.225710843039762819e-02,1.790784316441144941e-02,9.777987064249408014e-03,1.610736395994626091e-02,7.174217137792058240e-03,5.913881694666426984e-03,1.668905724138886049e-02,1.117682090771851544e-02,1.433458443554976904e-02,1.002728418486766547e-02,1.405758763486281669e-02,5.526086173704693356e-03,3.476309848621248269e-03,1.630126172042712859e-02,2.051161309086880005e-02,2.339237981801310304e-02,1.077517554672243610e-02,2.984640527401908466e-02,3.877955209617328647e-02,4.664626123568272470e-02,1.139841834826807801e-02,5.364043045302827051e-02,2.595460022436740788e-02,4.559367339307231204e-02,3.017880143484342678e-02,6.087004695095771939e-02,1.620431284018669649e-02,2.042851405066271539e-02,1.994376964946054792e-02,9.237843302909850771e-03,1.779704444413666986e-02,2.497126158192872897e-02,3.805936041438721246e-02,2.387712421921526704e-02,6.664543024528066240e-02,6.549589352242982110e-02,1.936207636801794835e-02,4.798969571901444409e-02,1.285957647189175101e-01,6.207498303394595740e-02,8.322368876639474333e-02,5.682589366092821725e-02,1.427918507541237926e-02,4.311455202692408839e-02
6.883370497070758452e-03,1.326814675290500373e-02,8.005207539852914403e-03,0.000000000000000000e+00,1.729845020290015495e-02,2.541445646302785064e-02,2.717338614738999680e-02,4.099552650166890175e-03,3.305956816198772630e-02,1.667520740135451304e-02,2.401562261955874494e-02,1.436228411561846392e-02,3.976289073861197232e-02,1.017963242524548909e-02,9.681038184008974173e-03,7.603562178856834199e-03,5.470686813567303582e-03,1.337894547317978501e-02,1.504092627730149734e-02,2.390482389928396192e-02,1.175851418916111502e-02,3.965209201833718583e-02,3.203467999944600852e-02,1.275570267163414311e-02,3.196543079927426784e-02,6.251817791504507560e-02,3.674362561112419490e-02,5.260169245045219488e-02,3.787931249394069222e-02,8.988546182291595049e-03,2.682714014653130724e-02,1.162001578881763884e-02,7.922108499646829741e-03,1.157846626871459651e-02,6.204728335387725904e-03,1.033198066562331270e-02,4.598146891403404220e-03,3.725606969239505292e-03,1.065052698641330738e-02,7.146517457723363352e-03,9.196293782806808439e-03,6.357076575765549520e-03,9.113194742600723777e-03,3.670207609102115083e-03,2.188274725426921259e-03,1.022118194534853142e-02,1.303269947232109545e-02,1.440383363572150799e-02,6.966469537276844849e-03,1.972217220891098535e-02,2.458346606096699707e-02,2.979100591388169489e-02,7.174217137792058240e-03,3.411215600459814590e-02,1.666135756132016560e-02,2.947245959309170021e-02,1.944517540822403648e-02,3.864105369582981203e-02,1.058127778624156842e-02,1.276955251166849055e-02,1.276955251166849055e-02,5.900031854632078673e-03,1.130146946802764417e-02,1.583036715925931204e-02,2.364167693863136049e-02,1.537332243812583946e-02,4.160491946318019968e-02,4.098167666163456124e-02,1.216015955015719609e-02,3.038654903535864191e-02,8.156170796227303621e-02,3.848870545545198668e-02,5.297563813137957933e-02,3.533094192762073482e-02,9.016245862360289937e-03,2.735343406783651704e-02
2.330928077780701491e-02,4.443028683018711289e-02,2.678559062642826491e-02,1.729845020290015495e-02,0.000000000000000000e+00,8.559201141226818743e-02,9.189368862789634718e-02,1.382214035427890841e-02,1.113388640361203802e-01,5.654889686024126144e-02,8.082766644045261129e-02,4.807279475922052875e-02,1.337202055316261129e-01,3.443070232538814057e-02,3.278257136130077742e-02,2.589920086423001810e-02,1.887733196681578435e-02,4.503967979169840735e-02,5.033031868481919330e-02,8.041217123942218103e-02,4.016453609960805166e-02,1.342880489730343685e-01,1.074055094663656645e-01,4.323920058723321885e-02,1.081118513081173876e-01,2.102544215614309542e-01,1.238314197471019201e-01,1.778180962009888733e-01,1.278063238369596955e-01,3.070509535614863658e-02,9.003781006329376890e-02,3.947204409789067253e-02,2.599614974447045021e-02,3.779621345373460756e-02,2.067781117128097285e-02,3.477694832624683013e-02,1.565031923881279180e-02,1.235405731063806203e-02,3.589878536902899042e-02,2.373862581887179260e-02,3.017880143484342678e-02,2.125950445272357242e-02,3.010955223467168956e-02,1.225710843039762819e-02,7.118817777654668465e-03,3.456920072573161501e-02,4.341924850767973909e-02,4.823899283963270501e-02,2.301843413708571512e-02,6.553744304253285302e-02,8.203260252344085623e-02,1.002728418486766443e-01,2.360012741852831469e-02,1.140811323629212087e-01,5.660429622037865122e-02,9.829231472376494250e-02,6.483110120078112992e-02,1.310194867249283301e-01,3.527554256748334505e-02,4.190961594393585038e-02,4.258825810561887859e-02,1.998531916956359025e-02,3.792086201404373802e-02,5.272634101076132535e-02,7.935958339681176144e-02,5.114745924684569595e-02,1.396063875462238424e-01,1.368087198592856379e-01,4.109247538190934079e-02,1.027381133747905240e-01,2.729803470769912588e-01,1.302300458429705154e-01,1.804357159674805644e-01,1.202304613381715431e-01,3.074664487625167891e-02,9.161669182720939830e-02
3.455535088569727104e-02,6.690857720593326730e-02,4.044153290029500053e-02,2.541445646302785064e-02,8.559201141226818743e-02,0.000000000000000000e+00,1.368641192194230138e-01,2.065011149121227796e-02,1.675553647355373099e-01,8.229574948409346113e-02,1.189839757350802663e-01,7.088348129579102874e-02,1.991606996939185303e-01,5.053806628533440148e-02,4.875143692090356390e-02,3.825325817486808361e-02,2.704873758708086981e-02,6.690857720593326730e-02,7.542622882705704579e-02,1.207706050995110969e-01,5.865407254546210064e-02,2.016536709001011118e-01,1.610736395994626369e-01,6.347381687741505962e-02,1.617799814412143600e-01,3.150007617412018956e-01,1.847153165380939766e-01,2.634793568134288222e-01,1.926512748777751693e-01,4.505352963173275133e-02,1.334570585709735080e-01,5.929116518704208999e-02,3.936124537761588604e-02,5.682589366092821725e-02,3.118983975735080405e-02,5.146600556763569062e-02,2.326773125770397257e-02,1.864188468623187434e-02,5.390357741368087541e-02,3.596803456920072417e-02,4.510892899187014110e-02,3.191003143913687806e-02,4.509507915183579713e-02,1.830948852540753222e-02,1.069207650651634971e-02,5.127210780715482641e-02,6.519119704167417040e-02,7.261471130008448349e-02,3.459690040580030990e-02,9.657493455950583172e-02,1.233882248660028019e-01,1.486780327687215186e-01,3.567718792847942438e-02,1.713086713848455123e-01,8.314058972618866561e-02,1.463097101228480745e-01,9.560544575710150372e-02,1.936761630403168732e-01,5.233854548979958998e-02,6.329376895696854632e-02,6.366771463789593077e-02,2.934781103278256975e-02,5.653504702020691747e-02,7.854244283478525879e-02,1.187346786144620053e-01,7.550932786726313739e-02,2.105868177222553206e-01,2.061825685913327710e-01,6.050995111006467891e-02,1.533592787003310032e-01,4.083209838926360469e-01,1.955597412849881533e-01,2.654875836184091842e-01,1.805188150076866560e-01,4.512277883190449201e-02,1.368087198592856379e-01
3.678517513122723376e-02,7.127127681675277104e-02,4.247745938534409904e-02,2.717338614738999680e-02,9.189368862789634718e-02,1.368641192194230138e-01,0.000000000000000000e+00,2.203509549464703621e-02,1.779981441214353866e-01,8.830658005900031415e-02,1.281248701577496762e-01,7.552317770729748136e-02,2.127750924476822236e-01,5.431907261471129872e-02,5.170145284821960063e-02,4.092627730149716453e-02,2.940321039291996300e-02,7.132667617689016082e-02,7.987202747808262726e-02,1.284018669584366390e-01,6.296137279614420768e-02,2.142985748514604771e-01,1.708100771436089904e-01,6.769801808789108200e-02,1.722920100272841981e-01,3.340996911485672460e-01,1.963768818470146560e-01,2.816364970984585048e-01,2.039665941858371523e-01,4.833594171987313365e-02,1.421132085924407540e-01,6.309987119648767517e-02,4.181266706369541480e-02,6.039915238978989936e-02,3.300416880185033652e-02,5.519161253687519808e-02,2.495741174189438152e-02,1.976372172901403115e-02,5.818317798429428062e-02,3.830865753500547338e-02,4.830824203980443876e-02,3.429220392504466614e-02,4.868218772073182321e-02,1.977757156904837860e-02,1.142611802833677290e-02,5.444372117502042918e-02,6.955389665249366027e-02,7.693586139080094144e-02,3.707602177194853355e-02,1.037907012174009436e-01,1.307701896043100831e-01,1.594255086353752737e-01,3.810090993449025826e-02,1.811836073293353333e-01,8.931761838150768795e-02,1.565585917482653078e-01,1.024472667340692172e-01,2.078999487555918679e-01,5.613340165921083813e-02,6.703322576624240470e-02,6.791961552844064109e-02,3.141143719790036315e-02,6.024680414941207401e-02,8.374998268769995313e-02,1.258673462321510117e-01,8.134011052172347711e-02,2.228993255127903195e-01,2.182596291012838807e-01,6.447100535988808945e-02,1.629433680040995591e-01,4.350373253188925537e-01,2.065288145921914675e-01,2.835754747032671608e-01,1.913909394346495207e-01,4.825284267966704899e-02,1.452294226001689670e-01
5.678434414082516972e-03,1.083057490685982588e-02,6.592523856349459532e-03,4.099552650166890175e-03,1.382214035427890841e-02,2.065011149121227796e-02,2.203509549464703621e-02,0.000000000000000000e+00,2.695178870684043770e-02,1.339279531321413245e-02,1.925127764774316880e-02,1.155076658864590163e-02,3.215932855975513205e-02,8.171405620265085462e-03,8.019057379887261847e-03,6.177028655319031017e-03,4.390399290888189962e-03,1.076132570668808693e-02,1.222940875032893331e-02,1.963907316870490069e-02,9.667188343974626730e-03,3.267177264102599787e-02,2.606539894464219090e-02,1.041507970582939736e-02,2.619004750495131789e-02,5.087046244615874707e-02,2.990180463415647444e-02,4.247745938534409904e-02,3.118983975735080405e-02,7.298865698101186968e-03,2.164729997368530431e-02,9.376341703253326942e-03,6.398626095868592718e-03,9.196293782806808439e-03,4.972092572330789537e-03,8.282204340539866746e-03,3.739456809273852735e-03,3.033114967522125300e-03,8.753098901707685037e-03,5.789233134357298256e-03,7.395814578341619941e-03,5.152140492777308040e-03,7.340415218204230166e-03,2.922316247247344449e-03,1.758929684362145517e-03,8.351453540711603965e-03,1.048432890600113632e-02,1.185546306940154886e-02,5.636884893979474641e-03,1.566416907884713924e-02,1.979142140908272604e-02,2.404332229962743983e-02,5.886182014597731230e-03,2.750578230821433892e-02,1.346204451338586967e-02,2.375247565890614004e-02,1.562261955874409691e-02,3.128678863759123269e-02,8.531501461158124203e-03,1.029043114552026864e-02,1.024888162541722630e-02,4.778194811849922723e-03,9.182443942772460996e-03,1.276955251166849055e-02,1.927897732781186368e-02,1.247870587094719076e-02,3.412600584463249681e-02,3.336426464274337700e-02,9.764137224215060570e-03,2.466656510117308174e-02,6.606373696383806282e-02,3.157763527831253247e-02,4.279600570613409372e-02,2.920931263243909531e-02,7.312715538135534411e-03,2.218744373502486156e-02
4.495658075149232269e-02,8.732324141656164218e-02,5.272634101076132535e-02,3.305956816198772630e-02,1.113388640361203802e-01,1.675553647355373099e-01,1.779981441214353866e-01,2.695178870684043770e-02,0.000000000000000000e+00,1.079041037076021725e-01,1.553398058252427050e-01,9.208758638837721833e-02,2.594352035233993270e-01,6.622993504425023215e-02,6.362616511779288497e-02,5.021951996454440681e-02,3.580183648878855485e-02,8.729554173649294035e-02,9.862471088458928115e-02,1.577635278312535527e-01,7.643726714956441959e-02,2.637148040940127114e-01,2.095619295597135889e-01,8.266969516502084558e-02,2.104206196418431374e-01,4.095674694957273099e-01,2.411118651579574335e-01,3.439746270930570948e-01,2.511945487029624835e-01,5.923576582690470022e-02,1.744110355525393674e-01,7.624336938908356232e-02,5.073196404581527263e-02,7.357035026245446752e-02,4.021993545974544143e-02,6.736562192706674335e-02,3.027575031508386236e-02,2.429261942024569729e-02,6.967854521280279767e-02,4.650776283533925026e-02,5.844632494494688552e-02,4.120327410218412034e-02,5.854327382518732109e-02,2.360012741852831469e-02,1.394678891458803714e-02,6.683932800576153355e-02,8.488566957051646433e-02,9.507915183579629392e-02,4.476268299101145154e-02,1.247593590294032162e-01,1.603811475977452439e-01,1.933022173593894888e-01,4.653546251540794515e-02,2.228162264725842279e-01,1.087350941096630330e-01,1.904353004722795506e-01,1.243300139883384281e-01,2.527734304668781129e-01,6.780881680816586154e-02,8.253119676467736421e-02,8.304364084594823003e-02,3.847485561541764271e-02,7.391659626331316402e-02,1.025996149744470426e-01,1.555475534257579340e-01,9.812611664335277317e-02,2.748362256415938232e-01,2.681052033849009031e-01,7.895793803581568904e-02,1.999501405758763450e-01,5.305319723557192502e-01,2.554049000734041619e-01,3.466337963796518040e-01,2.354334307438749052e-01,5.931886486711078488e-02,1.777903965209201853e-01
2.239519133554007321e-02,4.287910474634017838e-02,2.563605390357741320e-02,1.667520740135451304e-02,5.654889686024126144e-02,8.229574948409346113e-02,8.830658005900031415e-02,1.339279531321413245e-02,1.079041037076021725e-01,0.000000000000000000e+00,7.762835339251832056e-02,4.557982355303796113e-02,1.281525698378183642e-01,3.326731576250294142e-02,3.152223591817514270e-02,2.462501558107003941e-02,1.800479204465188499e-02,4.321150090716452397e-02,4.848828996025095900e-02,7.782225115299917784e-02,3.810090993449025826e-02,1.295514036812874803e-01,1.031951580959239861e-01,4.118942426214976943e-02,1.037907012174009436e-01,2.015290223397919744e-01,1.186515795742559137e-01,1.707962273035746326e-01,1.229865795050067157e-01,2.968020719360691534e-02,8.620140437377948883e-02,3.749151697297896380e-02,2.491586222179133919e-02,3.607883328947550372e-02,1.950057476836142625e-02,3.366896112349902076e-02,1.509632563743888711e-02,1.189701258950459119e-02,3.451380136559422523e-02,2.297688461698267279e-02,2.915391327230170554e-02,2.052546293090314750e-02,2.908466407212996832e-02,1.180006370926415735e-02,6.800271456864672923e-03,3.300416880185033652e-02,4.195116546403888924e-02,4.639696411506447071e-02,2.218744373502486156e-02,6.275362519562899255e-02,7.815464731382353036e-02,9.628408791878453887e-02,2.272758749636441533e-02,1.088874423500408584e-01,5.455451989529520873e-02,9.387421575280804897e-02,6.182568591332770341e-02,1.260889436727005708e-01,3.405675664446075612e-02,4.039998338019196167e-02,4.088472778139412567e-02,1.911277924739969089e-02,3.623118152985332907e-02,5.070426436574657775e-02,7.624336938908356232e-02,4.905613340165920766e-02,1.345788956137556613e-01,1.312687838455465772e-01,3.916734761713502183e-02,9.881860864507015230e-02,2.621220724900627519e-01,1.245793111089566890e-01,1.731783997894824345e-01,1.158954614074207412e-01,2.940321039291996300e-02,8.820963117875987858e-02
3.217317839978948296e-02,6.203343351384291854e-02,3.754691633311635357e-02,2.401562261955874494e-02,8.082766644045261129e-02,1.189839757350802663e-01,1.281248701577496762e-01,1.925127764774316880e-02,1.553398058252427050e-01,7.762835339251832056e-02,0.000000000000000000e+00,6.639613312466241535e-02,1.860172015013226710e-01,4.779579795853357987e-02,4.541362547262579180e-02,3.577413680871985996e-02,2.576070246388654367e-02,6.246277855490769276e-02,6.992784233342104472e-02,1.121975541182499286e-01,5.501156461642867784e-02,1.872498372643796039e-01,1.491212276498206368e-01,5.933271470714513579e-02,1.506031605334958445e-01,2.921069761644253249e-01,1.712117225046050628e-01,2.462778554907690820e-01,1.785659875628436422e-01,4.232511114496627369e-02,1.245239117488192993e-01,5.488691605611955432e-02,3.639737961026549840e-02,5.318338573189479446e-02,2.889076631164910064e-02,4.886223564117834345e-02,2.193814661440660410e-02,1.731230004293450239e-02,4.981787460354832747e-02,3.336426464274337700e-02,4.228356162486323483e-02,2.965250751353821698e-02,4.264365746575626837e-02,1.707685276235059585e-02,9.985734664764621404e-03,4.765729955819010544e-02,6.088389679099206336e-02,6.764261872775369222e-02,3.225627743999556762e-02,9.110424774593853248e-02,1.142750301234020799e-01,1.387892469841973397e-01,3.341966400288076677e-02,1.588022658338296145e-01,7.832084539423569969e-02,1.363378252981178040e-01,8.980236278270986583e-02,1.811974571693696912e-01,4.933313020234616347e-02,5.886182014597731577e-02,5.954046230766034398e-02,2.763043086852346938e-02,5.287868925113915070e-02,7.362574962259185729e-02,1.106879215545060469e-01,7.100812985610016614e-02,1.954212428846446858e-01,1.912385911942716954e-01,5.635499909976039723e-02,1.429857485146046603e-01,3.802750578230821299e-01,1.809758597288201321e-01,2.483830311759899212e-01,1.673753168150907966e-01,4.242206002520670927e-02,1.270307327950362108e-01
1.912662908743404180e-02,3.666052657091810330e-02,2.211819453485312087e-02,1.436228411561846392e-02,4.807279475922052875e-02,7.088348129579102874e-02,7.552317770729748136e-02,1.155076658864590163e-02,9.208758638837721833e-02,4.557982355303796113e-02,6.639613312466241535e-02,0.000000000000000000e+00,1.101477777931664931e-01,2.823982383003476385e-02,2.700718806697782748e-02,2.091325845186487939e-02,1.520712435771366840e-02,3.697907289170809797e-02,4.152182042297411502e-02,6.638228328462805750e-02,3.301801864188468744e-02,1.099815797127543238e-01,8.904062158082073908e-02,3.530324224755203993e-02,8.894367270058030350e-02,1.736215946705815527e-01,1.018240239325235857e-01,1.457834162015428647e-01,1.052864839411104814e-01,2.498511142196307641e-02,7.379194770300402662e-02,3.239477584033904206e-02,2.178579837402877875e-02,3.177153303879340362e-02,1.710455244241929074e-02,2.854452031079041108e-02,1.286650139190892266e-02,1.019348226527983653e-02,3.010955223467168956e-02,2.002686868966663605e-02,2.546985582316524388e-02,1.788014348434275452e-02,2.510975998227220340e-02,1.019348226527983653e-02,5.941581374735121872e-03,2.848912095065302130e-02,3.578798664875420393e-02,3.972134121850892652e-02,1.929282716784621113e-02,5.438832181488303941e-02,6.773956760799412780e-02,8.273894436519257933e-02,1.970832236887663791e-02,9.377726687256762728e-02,4.607841779427447604e-02,8.118776228134565176e-02,5.357118125285652982e-02,1.077102059471213152e-01,2.929241167264517998e-02,3.487389720648726571e-02,3.502624544686509106e-02,1.620431284018669649e-02,3.094054263673254659e-02,4.330844978740495260e-02,6.526044624184590415e-02,4.261595778568757348e-02,1.147874742046729318e-01,1.134994390814786092e-01,3.376591000373945634e-02,8.405467916845560383e-02,2.260847887206902662e-01,1.065468193842361161e-01,1.473761478054928520e-01,9.887400800520754207e-02,2.474966414137916640e-02,7.595252274836225559e-02
5.350193205268478913e-02,1.038045510574352875e-01,6.264282647535421300e-02,3.976289073861197232e-02,1.337202055316261129e-01,1.991606996939185303e-01,2.127750924476822236e-01,3.215932855975513205e-02,2.594352035233993270e-01,1.281525698378183642e-01,1.860172015013226710e-01,1.101477777931664931e-01,0.000000000000000000e+00,7.924878467653698189e-02,7.531543010678226624e-02,5.959586166779773375e-02,4.271290666592800905e-02,1.042615957785687636e-01,1.166987521294128999e-01,1.872913867844826497e-01,9.131199534645374760e-02,3.131725828566679914e-01,2.493802196584629371e-01,9.865241056465798297e-02,2.512776477431685751e-01,4.875974682492417167e-01,2.864839411104802003e-01,4.104815589379942620e-01,2.982978546597787051e-01,7.067573369527581362e-02,2.078583992354888221e-01,9.193523814799939298e-02,6.073154855061423801e-02,8.854202733958423110e-02,4.834979155990748456e-02,8.060606899990305219e-02,3.628658088999071885e-02,2.900156503192388019e-02,8.415162804869603941e-02,5.577330581831779766e-02,7.042643657465756657e-02,4.972092572330789884e-02,7.095273049596277637e-02,2.861376951096214830e-02,1.681370580169799095e-02,7.952578147722394464e-02,1.012284808110466283e-01,1.132501419608603482e-01,5.391742725371521938e-02,1.508801573341827795e-01,1.907261471130008434e-01,2.315554755342575655e-01,5.596720357879866187e-02,2.646011938562109478e-01,1.297037519216653056e-01,2.281345650457737295e-01,1.495367228508510671e-01,3.023143082697394846e-01,8.185255460299432906e-02,9.840311344403972205e-02,9.904020608561971140e-02,4.581527083362187114e-02,8.802958325831336528e-02,1.227234325443541108e-01,1.848815146185061598e-01,1.183330332534659191e-01,3.264130299295043280e-01,3.200836530338074803e-01,9.417891223356369967e-02,2.378571527498857252e-01,6.354306607758680725e-01,3.024389568300486220e-01,4.133484758251042002e-01,2.795451712532720512e-01,7.073113305541320339e-02,2.122349486863426837e-01
1.366979211390108480e-02,2.630084622522609744e-02,1.581651731922496459e-02,1.017963242524548909e-02,3.443070232538814057e-02,5.053806628533440148e-02,5.431907261471129872e-02,8.171405620265085462e-03,6.622993504425023215e-02,3.326731576250294142e-02,4.779579795853357987e-02,2.823982383003476385e-02,7.924878467653698189e-02,0.000000000000000000e+00,1.926512748777751624e-02,1.531792307798844968e-02,1.107987202747808334e-02,2.652244366577566001e-02,3.006800271456864723e-02,4.765729955819010544e-02,2.325388141766962513e-02,7.959503067739567839e-02,6.332146863703724815e-02,2.523440854258133387e-02,6.383391271830810010e-02,1.236513718266554068e-01,7.290555794080579022e-02,1.052172347409387476e-01,7.571707546777835252e-02,1.840643740564796432e-02,5.348808221265044516e-02,2.300458429705136768e-02,1.526252371785105817e-02,2.240904117557442066e-02,1.220170907026023842e-02,2.063626165117793052e-02,9.307092503081589724e-03,7.395814578341619941e-03,2.089940861183053195e-02,1.386368987438195075e-02,1.789399332437710197e-02,1.254795507111892798e-02,1.832333836544187966e-02,7.201916817860753994e-03,4.334999930750800187e-03,2.010996772987272072e-02,2.587150118416132322e-02,2.898771519188953275e-02,1.368364195393543224e-02,3.861335401576111714e-02,4.843289060011356922e-02,5.891721950611470554e-02,1.434843427558411648e-02,6.725482320679196380e-02,3.339196432281207189e-02,5.823857734443167039e-02,3.822555849479938178e-02,7.704666011107572099e-02,2.106560669224270474e-02,2.515130950237524921e-02,2.544215614309654552e-02,1.196626178967632841e-02,2.253368973588355112e-02,3.181308255889644249e-02,4.720025483705662939e-02,3.017880143484342678e-02,8.286359292550171673e-02,8.145090924199825666e-02,2.404332229962743983e-02,6.075924823068293290e-02,1.611705884797030586e-01,7.724055787155657826e-02,1.062836724235835112e-01,7.111892857637494569e-02,1.828178884533883733e-02,5.401437613395565496e-02
1.322659723280196140e-02,2.530365774275307109e-02,1.571956843898452902e-02,9.681038184008974173e-03,3.278257136130077742e-02,4.875143692090356390e-02,5.170145284821960063e-02,8.019057379887261847e-03,6.362616511779288497e-02,3.152223591817514270e-02,4.541362547262579180e-02,2.700718806697782748e-02,7.531543010678226624e-02,1.926512748777751624e-02,0.000000000000000000e+00,1.454233203606498416e-02,1.035968034569200759e-02,2.533135742282176597e-02,2.894616567178649041e-02,4.585682035372491694e-02,2.246444053571181390e-02,7.647881666966746539e-02,6.190878495353378808e-02,2.456961622093264963e-02,6.139634087226292225e-02,1.204520587787211022e-01,7.037103721452017679e-02,1.005082891292605612e-01,7.242081353960361234e-02,1.728460036286580750e-02,5.103666052657091640e-02,2.200739581457834132e-02,1.468083043640846033e-02,2.141185269310139430e-02,1.155076658864590163e-02,1.940362588812099068e-02,8.656150021467251196e-03,7.021868897414234624e-03,2.004071852970098350e-02,1.339279531321413245e-02,1.732614988296885331e-02,1.199396146974502503e-02,1.679985596166364351e-02,6.744872096727283148e-03,4.127252330235585930e-03,1.968062268880794302e-02,2.476351398141351384e-02,2.825367367006911129e-02,1.301884963228674627e-02,3.628658088999071885e-02,4.699250723654142120e-02,5.649349750010387167e-02,1.368364195393543224e-02,6.491420024098722152e-02,3.189618159910252715e-02,5.521931221694389297e-02,3.696522305167375400e-02,7.361189978255751332e-02,1.974987188897968371e-02,2.477736382144786129e-02,2.415412101990221938e-02,1.110757170754677822e-02,2.134260349292965708e-02,3.027575031508386236e-02,4.582912067365622205e-02,2.907081423209562088e-02,8.023212331897566774e-02,7.916568563633090416e-02,2.333698045787571326e-02,5.805852942398515015e-02,1.561569463872692354e-01,7.526003074664487646e-02,1.010899824107031608e-01,6.906915225129149627e-02,1.722920100272841773e-02,5.251859341024611022e-02
1.034583050565766014e-02,1.981912108915142093e-02,1.198011162971067758e-02,7.603562178856834199e-03,2.589920086423001810e-02,3.825325817486808361e-02,4.092627730149716453e-02,6.177028655319031017e-03,5.021951996454440681e-02,2.462501558107003941e-02,3.577413680871985996e-02,2.091325845186487939e-02,5.959586166779773375e-02,1.531792307798844968e-02,1.454233203606498416e-02,0.000000000000000000e+00,8.212955140368129528e-03,1.981912108915142093e-02,2.257523925598659345e-02,3.609268312950985463e-02,1.753389748348406496e-02,6.006675622896555378e-02,4.804509507915183386e-02,1.898813068709056390e-02,4.840519092004487434e-02,9.359721895212110010e-02,5.506696397656606762e-02,7.913798595626220234e-02,5.725523870199299148e-02,1.368364195393543224e-02,3.976289073861197232e-02,1.756159716355275985e-02,1.162001578881763884e-02,1.673060676149190629e-02,9.154744262703766108e-03,1.551182083846931563e-02,6.994169217345539737e-03,5.470686813567303582e-03,1.589961635943104926e-02,1.059512762627591587e-02,1.343434483331717479e-02,9.417891223356371008e-03,1.350359403348891374e-02,5.415287453429912939e-03,3.143913687796906151e-03,1.535947259809149201e-02,1.948672492832707881e-02,2.185504757420051944e-02,1.024888162541722630e-02,2.883536695151171086e-02,3.663282689084940841e-02,4.443028683018711289e-02,1.067822666648200226e-02,5.084276276609005218e-02,2.483276318158525106e-02,4.364084594822929819e-02,2.830907303020650106e-02,5.804467958395080618e-02,1.571956843898452902e-02,1.875268340650665388e-02,1.904353004722795367e-02,8.794648421810727368e-03,1.693835436200711794e-02,2.375247565890614004e-02,3.563563840837638552e-02,2.263063861612398323e-02,6.275362519562899255e-02,6.145174023240031896e-02,1.799094220461753754e-02,4.611996731437752184e-02,1.214492472611941321e-01,5.840477542484383972e-02,7.995512651828871886e-02,5.431907261471129872e-02,1.373904131407282202e-02,4.098167666163456124e-02
7.437364098444663139e-03,1.432073459551542159e-02,8.573050981261166534e-03,5.470686813567303582e-03,1.887733196681578435e-02,2.704873758708086981e-02,2.940321039291996300e-02,4.390399290888189962e-03,3.580183648878855485e-02,1.800479204465188499e-02,2.576070246388654367e-02,1.520712435771366840e-02,4.271290666592800905e-02,1.107987202747808334e-02,1.035968034569200759e-02,8.212955140368129528e-03,0.000000000000000000e+00,1.432073459551542159e-02,1.617661316011800160e-02,2.577455230392089111e-02,1.267260363142805671e-02,4.343309834771408307e-02,3.429220392504466614e-02,1.372519147403847457e-02,3.466614960597205058e-02,6.708862512637979447e-02,3.947204409789067253e-02,5.739373710233646592e-02,4.085702810132543078e-02,9.958034984695926517e-03,2.883536695151171086e-02,1.247870587094719076e-02,8.199105300333780350e-03,1.182776338933285397e-02,6.454025456005983361e-03,1.112142154758112567e-02,4.972092572330789537e-03,3.919504729720371672e-03,1.131531930806199161e-02,7.492763458582053782e-03,9.473290583493760783e-03,6.620223536418154420e-03,9.625638823871584399e-03,3.905654889686024228e-03,2.243674085564311901e-03,1.106602218744373589e-02,1.390523939448499308e-02,1.555337035857235796e-02,7.340415218204230166e-03,2.071936069138401518e-02,2.592690054429871299e-02,3.202083015941165761e-02,7.506613298616401225e-03,3.630043073002506976e-02,1.804634156475492732e-02,3.113444039721341081e-02,2.052546293090314750e-02,4.207581402434801970e-02,1.132916914809633906e-02,1.339279531321413245e-02,1.362824259379804247e-02,6.426325775937287606e-03,1.217400939019154353e-02,1.689680484190407561e-02,2.560835422350871832e-02,1.630126172042712859e-02,4.513662867193883599e-02,4.372394498843538285e-02,1.300499979225239883e-02,3.332271512264033120e-02,8.721244269628686263e-02,4.174341786352367412e-02,5.787848150353863685e-02,3.857180449565807828e-02,9.902635624558536742e-03,2.912621359223301065e-02
1.793554284448014777e-02,3.479079816628118105e-02,2.092710829189922683e-02,1.337894547317978501e-02,4.503967979169840735e-02,6.690857720593326730e-02,7.132667617689016082e-02,1.076132570668808693e-02,8.729554173649294035e-02,4.321150090716452397e-02,6.246277855490769276e-02,3.697907289170809797e-02,1.042615957785687636e-01,2.652244366577566001e-02,2.533135742282176597e-02,1.981912108915142093e-02,1.432073459551542159e-02,0.000000000000000000e+00,3.920889713723806763e-02,6.311372103652203303e-02,3.059429663587385703e-02,1.053003337811448253e-01,8.370843316759690733e-02,3.319806656233120767e-02,8.422087724886777316e-02,1.636081603257482364e-01,9.602094095813193397e-02,1.384430009833386432e-01,1.001620431284018647e-01,2.390482389928396192e-02,6.966469537276843982e-02,3.074664487625167891e-02,2.030386549035358493e-02,2.943091007298865788e-02,1.602426491974017625e-02,2.688253950666869702e-02,1.217400939019154353e-02,9.736437544146365683e-03,2.812902510975998083e-02,1.858648532609448456e-02,2.357242773845961981e-02,1.660595820118277582e-02,2.353087821835657747e-02,9.500990263562455670e-03,5.539936013739041668e-03,2.657784302591304978e-02,3.407060648449510704e-02,3.786546265390634824e-02,1.796324252454884265e-02,5.048266692519701171e-02,6.412475935902940682e-02,7.750370483220918316e-02,1.862803484619752689e-02,8.870822541999640043e-02,4.369624530836668796e-02,7.634031826932398401e-02,5.009487140423528329e-02,1.017270750522831502e-01,2.736728390787086448e-02,3.286567040150686209e-02,3.318421672229685676e-02,1.544257163829757841e-02,2.956940847333213232e-02,4.113402490201237965e-02,6.222733127432378275e-02,3.954129329806240628e-02,1.097322825921360628e-01,1.069900142653352343e-01,3.139758735786601918e-02,8.027367283907871354e-02,2.130659390884035165e-01,1.017547747323518381e-01,1.395648380261207966e-01,9.423431159370108945e-02,2.384942453914657215e-02,7.138207553702755059e-02
2.027616581028489004e-02,3.907039873689458626e-02,2.383557469911222471e-02,1.504092627730149734e-02,5.033031868481919330e-02,7.542622882705704579e-02,7.987202747808262726e-02,1.222940875032893331e-02,9.862471088458928115e-02,4.848828996025095900e-02,6.992784233342104472e-02,4.152182042297411502e-02,1.166987521294128999e-01,3.006800271456864723e-02,2.894616567178649041e-02,2.257523925598659345e-02,1.617661316011800160e-02,3.920889713723806763e-02,0.000000000000000000e+00,7.085578161572234079e-02,3.452765120562857615e-02,1.181945348531224516e-01,9.441435951414761663e-02,3.742226777280722311e-02,9.455285791449108412e-02,1.842998213370635463e-01,1.086519950694569414e-01,1.547996620639031651e-01,1.126684486794177487e-01,2.685483982660000213e-02,7.870864091519742811e-02,3.375206016370511236e-02,2.269988781629572044e-02,3.310111768209077210e-02,1.806019140478927476e-02,3.035884935528994702e-02,1.350359403348891374e-02,1.085827458692852077e-02,3.059429663587385703e-02,2.074706037145271006e-02,2.637009542539783813e-02,1.844798692575100665e-02,2.634239574532913977e-02,1.033198066562331270e-02,6.343226735731202076e-03,3.028960015511820980e-02,3.829480769497112247e-02,4.323920058723321885e-02,2.005456836973533094e-02,5.613340165921083813e-02,7.182527041812666879e-02,8.692159605556555590e-02,2.103790701217400985e-02,1.001897428084705666e-01,4.893148484135008414e-02,8.519036605127210116e-02,5.621650069941692279e-02,1.133055413209977380e-01,3.058044679583950959e-02,3.729761921249809264e-02,3.743611761284157402e-02,1.745079844327798030e-02,3.330886528260598722e-02,4.666011107571707561e-02,7.081423209561929499e-02,4.418098970956885196e-02,1.241084165477888690e-01,1.210060523800950139e-01,3.571873744858247018e-02,9.014860878356854845e-02,2.386742933119122556e-01,1.155215157264933568e-01,1.562677451075440149e-01,1.065468193842361161e-01,2.681329030649695980e-02,8.025982299904435568e-02
3.231167680013295740e-02,6.293367311607550585e-02,3.782391313380330244e-02,2.390482389928396192e-02,8.041217123942218103e-02,1.207706050995110969e-01,1.284018669584366390e-01,1.963907316870490069e-02,1.577635278312535527e-01,7.782225115299917784e-02,1.121975541182499286e-01,6.638228328462805750e-02,1.872913867844826497e-01,4.765729955819010544e-02,4.585682035372491694e-02,3.609268312950985463e-02,2.577455230392089111e-02,6.311372103652203303e-02,7.085578161572234079e-02,0.000000000000000000e+00,5.488691605611955432e-02,1.892996135894630394e-01,1.511710039749041001e-01,5.945736326745425931e-02,1.525144384582358126e-01,2.955140368128748030e-01,1.732337991496198104e-01,2.479675359749594910e-01,1.808650610085453525e-01,4.276830602606539883e-02,1.255349500713266730e-01,5.485921637605085943e-02,3.653587801060897977e-02,5.323878509203218423e-02,2.894616567178649041e-02,4.876528676093790787e-02,2.200739581457834132e-02,1.749234796338102263e-02,4.985942412365137327e-02,3.359971192332728701e-02,4.211736354445105857e-02,2.958325831336647976e-02,4.240821018517235835e-02,1.696605404207581283e-02,1.004113402490201291e-02,4.767114939822444941e-02,6.125784247191944781e-02,6.839051008960846112e-02,3.227012728002991854e-02,9.032865670401506175e-02,1.156738639668711821e-01,1.390662437848842747e-01,3.391825824411728169e-02,1.602703488774704643e-01,7.857014251485394674e-02,1.374319626608312694e-01,8.960846502222899468e-02,1.819868980513275059e-01,4.898688420148747391e-02,5.947121310748861023e-02,6.001135686882816400e-02,2.769968006869520660e-02,5.333573397227261981e-02,7.426284226417184664e-02,1.122945029984903642e-01,7.075883273548190522e-02,1.985374568923728988e-01,1.936069138401451395e-01,5.654889686024126144e-02,1.439275376369403003e-01,3.823386839881999233e-01,1.840228245363766113e-01,2.500311621400772566e-01,1.702283838621664047e-01,4.280985554616844463e-02,1.283741672783679233e-01
1.603811475977452369e-02,3.048349791559907401e-02,1.847568660581970154e-02,1.175851418916111502e-02,4.016453609960805166e-02,5.865407254546210064e-02,6.296137279614420768e-02,9.667188343974626730e-03,7.643726714956441959e-02,3.810090993449025826e-02,5.501156461642867784e-02,3.301801864188468744e-02,9.131199534645374760e-02,2.325388141766962513e-02,2.246444053571181390e-02,1.753389748348406496e-02,1.267260363142805671e-02,3.059429663587385703e-02,3.452765120562857615e-02,5.488691605611955432e-02,0.000000000000000000e+00,9.186598894782765923e-02,7.384734706314141639e-02,2.966635735357256790e-02,7.422129274406880084e-02,1.445923299585889776e-01,8.442862484938298828e-02,1.210199022201293578e-01,8.722629253632120661e-02,2.076091021148705751e-02,6.128554215198814270e-02,2.693793886680608679e-02,1.803249172472057987e-02,2.591305070426436555e-02,1.419608603520629286e-02,2.344777917815049281e-02,1.062282730634461249e-02,8.531501461158124203e-03,2.487431270168829686e-02,1.635666108056451837e-02,2.084400925169314217e-02,1.477777931664889244e-02,2.053931277093749494e-02,8.379153220780300587e-03,4.958242732296442093e-03,2.389097405924961448e-02,2.969405703364126278e-02,3.315651704222816187e-02,1.607966427987756602e-02,4.463803443070232801e-02,5.613340165921083813e-02,6.854285832998628647e-02,1.631511156046147604e-02,7.793304987327395739e-02,3.815630929462764803e-02,6.713017464648282639e-02,4.449953603035884664e-02,8.971926374250377423e-02,2.401562261955874494e-02,2.855837015082475852e-02,2.912621359223301065e-02,1.350359403348891374e-02,2.594075038433306044e-02,3.587108568896029553e-02,5.424982341453956497e-02,3.519244352727726038e-02,9.571624447737628327e-02,9.383266623270501705e-02,2.792127750924476917e-02,6.992784233342104472e-02,1.869312909435895953e-01,8.883287398030552395e-02,1.223079373433236805e-01,8.221265044388736953e-02,2.076091021148705751e-02,6.283672423583507027e-02
