0.000000000000000000e+00,1.740534475445053991e-02,1.236983620913780640e-02,7.060658721145030882e-03,2.759951286928202796e-02,3.639796937644531466e-02,3.917570914464772042e-02,1.009838398489347477e-02,4.150189515742806062e-02,2.553331235204772676e-02,3.296342414581081293e-02,2.064832172520901510e-02,5.675893871184028994e-02,1.695379099902847436e-02,1.314979269577591994e-02,1.236983620913780640e-02,9.195276474049341939e-03,1.788426540414060975e-02,1.611910072385435225e-02,3.845048644654561198e-02,2.059358793667300652e-02,5.867462131060056929e-02,5.455590372326596382e-02,2.093567411502305492e-02,4.102297450773798732e-02,9.156962822074136976e-02,6.154814520874098832e-02,7.766724593259534404e-02,5.903039093608462157e-02,1.287612375309588053e-02,3.843680299941161504e-02,1.558544628562827557e-02,1.068677221165556003e-02,1.561281317989627986e-02,1.004365019635746620e-02,1.652960413787441310e-02,6.527004282918953335e-03,4.337652741478633701e-03,1.424446846649607933e-02,7.977449679123164994e-03,1.293085754163188737e-02,9.332110945389361645e-03,1.223300173779778670e-02,4.282918952942625125e-03,2.066200517234301638e-03,1.346451197985796579e-02,1.725482683597651806e-02,2.331659391633940370e-02,8.360586198875219824e-03,2.679218948837591013e-02,3.632955214077530220e-02,4.199449925425213087e-02,9.619463335203404936e-03,5.179184740219756194e-02,3.081512294577249886e-02,3.687689002613538103e-02,2.906364171262024176e-02,5.964614605711470591e-02,1.949891216595284540e-02,1.830845226529467448e-02,1.408026710088805533e-02,1.117937630847963201e-02,1.495600771746418388e-02,2.222191814561924605e-02,3.259397107319275677e-02,2.189351541440319807e-02,5.153186190665152294e-02,6.128815971319494932e-02,2.059358793667300652e-02,4.371861359313638368e-02,1.185260190747253056e-01,5.956404537431069651e-02,7.933662648294358133e-02,4.952039517795323031e-02,1.371081402827000265e-02,4.002408286695584294e-02
1.740534475445053991e-02,0.000000000000000000e+00,1.990941557997290626e-02,1.135726112122165815e-02,4.385544806447640165e-02,5.960509571571270121e-02,6.220495067117308430e-02,1.611910072385435225e-02,6.758254539483586620e-02,4.100929106060399038e-02,5.250338665316566650e-02,3.207400008210068570e-02,9.184329716342140570e-02,2.707954187818995342e-02,2.148301200038313721e-02,2.021045141692094996e-02,1.503810840026819501e-02,2.920047618396026320e-02,2.598486610746979231e-02,6.256072029665712964e-02,3.340129445409887460e-02,9.672828779026011736e-02,8.808034920157085945e-02,3.371601373818092218e-02,6.630998481137367895e-02,1.473159918446655114e-01,1.005870198820486838e-01,1.258329798442823777e-01,9.530520928832390826e-02,2.112724237489908494e-02,6.195864862276104917e-02,2.528701030363569163e-02,1.673485584488444353e-02,2.460283794693559137e-02,1.609173382958634796e-02,2.628590194441783601e-02,1.067308876452155789e-02,6.841723567000999179e-03,2.279662292524732917e-02,1.280770651742586981e-02,2.023781831118895425e-02,1.473707256332015131e-02,1.944417837741684030e-02,6.759622884196987182e-03,3.366127994964491447e-03,2.171563060166117193e-02,2.861208795719817621e-02,3.767052995990750192e-02,1.334136095565194823e-02,4.230921853833417845e-02,5.905775783035262239e-02,6.622788412856966955e-02,1.514757597734021216e-02,8.429003434545230544e-02,4.838466906583106103e-02,5.897565714754861299e-02,4.559324585049465833e-02,9.497680655710787068e-02,3.103405809991652969e-02,2.936467754956828893e-02,2.291977394945334673e-02,1.781584816847060077e-02,2.428811866285354726e-02,3.630218524650730139e-02,5.407698307357589745e-02,3.476963916749907513e-02,8.493315636075039754e-02,1.004501854107086589e-01,3.281290622733679108e-02,7.033291826877026420e-02,1.911440730148739053e-01,9.711142431001218434e-02,1.285286189296807602e-01,8.166281249572392154e-02,2.249558708829928547e-02,6.421641739987136999e-02
1.236983620913780640e-02,1.990941557997290626e-02,0.000000000000000000e+00,8.155334491865191132e-03,3.133509393686457339e-02,4.193976546571612229e-02,4.426595147849646250e-02,1.132989422695365386e-02,4.748156155498692993e-02,2.926889341963027219e-02,3.731476033442344964e-02,2.316607599786538185e-02,6.472270494382945105e-02,1.945786182455084071e-02,1.512020908307220787e-02,1.412131744229006176e-02,1.057730463458354461e-02,2.038833622966297610e-02,1.839055294809868388e-02,4.427963492563046638e-02,2.345342838767942514e-02,6.751412815916585375e-02,6.221863411830708124e-02,2.400076627303950397e-02,4.655108714987479801e-02,1.041720830311572144e-01,7.079815547132634057e-02,8.931185944363104201e-02,6.743202747636184435e-02,1.492864082319617959e-02,4.396491564154841880e-02,1.761059646146057034e-02,1.224668518493178884e-02,1.777479782706859607e-02,1.141199490975766673e-02,1.889684049205675800e-02,7.607996606505110573e-03,4.926040968240718958e-03,1.594121591111232611e-02,9.044758555575320089e-03,1.468233877478414447e-02,1.054993774031554032e-02,1.403921675948604890e-02,4.871307179704711249e-03,2.353552907048343627e-03,1.557176283849427342e-02,1.985468179143689768e-02,2.669640535843789686e-02,9.701564018007416065e-03,3.011726714193839818e-02,4.157031239309806614e-02,4.748156155498692993e-02,1.068677221165556003e-02,5.929037643163065363e-02,3.474227227323107431e-02,4.180293099437610432e-02,3.278553933306878332e-02,6.743202747636184435e-02,2.223560159275324646e-02,2.083988998508504165e-02,1.613278417098835613e-02,1.271192238748785654e-02,1.717272615317250867e-02,2.575224750619176106e-02,3.795788234972154174e-02,2.476703931254361710e-02,5.931774332589866139e-02,7.016871690316224541e-02,2.338501115200941269e-02,4.994458203910729505e-02,1.352335080253417310e-01,6.830776809293796770e-02,9.077598828696925581e-02,5.718312557299434773e-02,1.574964765123629956e-02,4.588059824030869815e-02
7.060658721145030882e-03,1.135726112122165815e-02,8.155334491865191132e-03,0.000000000000000000e+00,1.811688400541864447e-02,2.423338487431753868e-02,2.583434818899577046e-02,6.595421518588963188e-03,2.743531150367400570e-02,1.689905721049246579e-02,2.175668094306317663e-02,1.347819542699196793e-02,3.762947961850549722e-02,1.116569286134562987e-02,8.620571694421258827e-03,8.223751727535200118e-03,6.102817421764891205e-03,1.191828245371574085e-02,1.063203842311955145e-02,2.539647788070770879e-02,1.347819542699196793e-02,3.866942160068964629e-02,3.567274667834320623e-02,1.383396505247602021e-02,2.699744119538594056e-02,5.972824673991872224e-02,4.051668696377991319e-02,5.136766054104349721e-02,3.897045743763768999e-02,8.524787564483243818e-03,2.527332685650169122e-02,1.044047016324352491e-02,6.978558038341018885e-03,1.018048466769748590e-02,6.650155307124970896e-03,1.089202391866559046e-02,4.310285847210629413e-03,2.873523898140419464e-03,9.373161286791368077e-03,5.309177487992775522e-03,8.497420670215241265e-03,6.157551210300898914e-03,8.114284150463184700e-03,2.873523898140419464e-03,1.395711607668203734e-03,8.880557189967296094e-03,1.143936180402566928e-02,1.535282768435024085e-02,5.596529877806817078e-03,1.754217922579056135e-02,2.395971593163749927e-02,2.765424665781803654e-02,6.280702234506917343e-03,3.455070401335504776e-02,2.033360244112696752e-02,2.419233453291553052e-02,1.903367496339677944e-02,3.935359395738974309e-02,1.284875685882787624e-02,1.200038313651975198e-02,9.291060603987356947e-03,7.443795240897086579e-03,9.811031595079433218e-03,1.473707256332015131e-02,2.155142923605314620e-02,1.423078501936207718e-02,3.411283370506697915e-02,4.037985249243989522e-02,1.369713058113600050e-02,2.891312379414621991e-02,7.822826726508942674e-02,3.898414088477169387e-02,5.244865286462965792e-02,3.270343865026477392e-02,8.948974425637306815e-03,2.640905296862385704e-02
2.759951286928202796e-02,4.385544806447640165e-02,3.133509393686457339e-02,1.811688400541864447e-02,0.000000000000000000e+00,9.328005911249162563e-02,1.000670488909566058e-01,2.542384477497571307e-02,1.058961973700414672e-01,6.566686279607558685e-02,8.441318536965831953e-02,5.199709910920759237e-02,1.456466112943172742e-01,4.310285847210629240e-02,3.292237380440880823e-02,3.221083455344070368e-02,2.352184562334943413e-02,4.603111615878272000e-02,4.103665795487199119e-02,9.850713591768038568e-02,5.240760252322765322e-02,1.501758322956719127e-01,1.379017802164721473e-01,5.313282522132975472e-02,1.051162408834033501e-01,2.314965586130457997e-01,1.570449227569409301e-01,1.988889040927190321e-01,1.503810840026819640e-01,3.312762551141883866e-02,9.764507874823825928e-02,4.021565112683186949e-02,2.691534051258193116e-02,3.890204020196767754e-02,2.531437719790369592e-02,4.247341990394220418e-02,1.692642410476047007e-02,1.102885839000561016e-02,3.642533627071331548e-02,2.060727138380700693e-02,3.253923728465674819e-02,2.382288146029747783e-02,3.133509393686457339e-02,1.104254183713961231e-02,5.391278170796787519e-03,3.429071851780900876e-02,4.419753424282645005e-02,5.933142677303266527e-02,2.152406234178514191e-02,6.875932184836003325e-02,9.276008812139954762e-02,1.072782255305756577e-01,2.411023385011152112e-02,1.333862426622514641e-01,7.825563415935742062e-02,9.440210177747977716e-02,7.274120496435461380e-02,1.523104500485762403e-01,4.990353169770528341e-02,4.612690028872073328e-02,3.619271766943528423e-02,2.848893693299215865e-02,3.812208371532956747e-02,5.705997454878833364e-02,8.289432273778410409e-02,5.534954365703807777e-02,1.323189337857993142e-01,1.561144483518288051e-01,5.214761702768161422e-02,1.121358492631463755e-01,3.010768872894459824e-01,1.516262776918761435e-01,2.040886140036397844e-01,1.265445190952504684e-01,3.557696254840519295e-02,1.015174942871608227e-01
3.639796937644531466e-02,5.960509571571270121e-02,4.193976546571612229e-02,2.423338487431753868e-02,9.328005911249162563e-02,0.000000000000000000e+00,1.325789192813453532e-01,3.356549581970690033e-02,1.424857350063628014e-01,8.708145756078870814e-02,1.107948714440141758e-01,6.802041570312393481e-02,1.943186327499623611e-01,5.766204622268442104e-02,4.475855557532053275e-02,4.287023987082826115e-02,3.163612977381261709e-02,6.156182865587498526e-02,5.489798990161601222e-02,1.332220412966434453e-01,6.911509147384409246e-02,2.038970457437637718e-01,1.856433272670051093e-01,7.111287475540838121e-02,1.403921675948605063e-01,3.096427251953312032e-01,2.125586677795870405e-01,2.667724853245029282e-01,2.031034058099916439e-01,4.440278594983648047e-02,1.307727042596570910e-01,5.335176037547378902e-02,3.593273217388924523e-02,5.203814945060959707e-02,3.405809991653097057e-02,5.656737045196425645e-02,2.279662292524732917e-02,1.454550430344412303e-02,4.760471257919295096e-02,2.759951286928202796e-02,4.337652741478633528e-02,3.145824496107059443e-02,4.189871512431411760e-02,1.460023809198013160e-02,7.156442851083045023e-03,4.574376376896868018e-02,5.985139776412473633e-02,7.970607955556163748e-02,2.877628932280620194e-02,8.947606080923906080e-02,1.252309081703862903e-01,1.410489730572925815e-01,3.182769803368864364e-02,1.795131429509722043e-01,1.032416086260450755e-01,1.244920020251501780e-01,9.564729546667397053e-02,2.002982991475212304e-01,6.630998481137367895e-02,6.223231756544108512e-02,4.832993527729505939e-02,3.795788234972154174e-02,5.140871088244550885e-02,7.727042596570928013e-02,1.135999781064845893e-01,7.246753602167457786e-02,1.791710567726221559e-01,2.112313734075888516e-01,6.945717765219414086e-02,1.496421778574458517e-01,4.036343235587909195e-01,2.050601387501539419e-01,2.705080663920854667e-01,1.716588442960550742e-01,4.754997879065694238e-02,1.367386872100819772e-01
3.917570914464772042e-02,6.220495067117308430e-02,4.426595147849646250e-02,2.583434818899577046e-02,1.000670488909566058e-01,1.325789192813453532e-01,0.000000000000000000e+00,3.631586869364130526e-02,1.511473570421860702e-01,9.269167088572953517e-02,1.196617451868474680e-01,7.356221179239473551e-02,2.070989723731202492e-01,6.131552660746295014e-02,4.675633885688482844e-02,4.575744721610267712e-02,3.315499240568683947e-02,6.533846006485953539e-02,5.782624758829243983e-02,1.401048152050464457e-01,7.426006759622884312e-02,2.139817462815232496e-01,1.961932650073206497e-01,7.542316060261901323e-02,1.491632572077557783e-01,3.287858677357999859e-01,2.231907062027065902e-01,2.832610391209753331e-01,2.149259041337693854e-01,4.713947537663688153e-02,1.385722691260382333e-01,5.770309656408642573e-02,3.825891818666958544e-02,5.534954365703807777e-02,3.630218524650730139e-02,6.035768530808281046e-02,2.404181661444150866e-02,1.570859730983429486e-02,5.250338665316566650e-02,2.965202993938232875e-02,4.667423817408081210e-02,3.418125094073699161e-02,4.473118868105253193e-02,1.583174833404031243e-02,7.717464183577126859e-03,4.884990626838713046e-02,6.260177063805913433e-02,8.413951642697828359e-02,3.073302226296848599e-02,9.779559666671228113e-02,1.320452648431192921e-01,1.528714713810703230e-01,3.438650264774702203e-02,1.904735841053078194e-01,1.110001231510241992e-01,1.333178254265814655e-01,1.029542562362310287e-01,2.168142198382616570e-01,7.096235683693435936e-02,6.565317934894158991e-02,5.124450951683748312e-02,4.062615454085193034e-02,5.426855133345192400e-02,8.097864013902382474e-02,1.174176598568711372e-01,7.862508723197547678e-02,1.879147794912494340e-01,2.221097138791204295e-01,7.435585172616684946e-02,1.596447777124013201e-01,4.288255497324885979e-01,2.150627386051094103e-01,2.890217703643901959e-01,1.795405098452402259e-01,5.036876890026135284e-02,1.444151010522570777e-01
1.009838398489347477e-02,1.611910072385435225e-02,1.132989422695365386e-02,6.595421518588963188e-03,2.542384477497571307e-02,3.356549581970690033e-02,3.631586869364130526e-02,0.000000000000000000e+00,3.843680299941161504e-02,2.363131320042145128e-02,3.034988574321642943e-02,1.878737291498474432e-02,5.276337214871170550e-02,1.564018007416428241e-02,1.223300173779778670e-02,1.157619627536569072e-02,8.552154458751248106e-03,1.662538826781242637e-02,1.483285669325816632e-02,3.580958114968323114e-02,1.899262462199477128e-02,5.472010508887398955e-02,5.034140200599335202e-02,1.914314254046879660e-02,3.803998303252555113e-02,8.429003434545230544e-02,5.707365799592233058e-02,7.215281673759253722e-02,5.456958717039996770e-02,1.186354866517973228e-02,3.534434394712716171e-02,1.464128843338213803e-02,9.769981253677426786e-03,1.421710157222807504e-02,9.277377156853354803e-03,1.543492836715425372e-02,6.212284998836906623e-03,3.940832774592574993e-03,1.316347614290992209e-02,7.553262817969102864e-03,1.182249832377772585e-02,8.470053775947236976e-03,1.128884388555164743e-02,3.995566563128583569e-03,1.943049493028283642e-03,1.243825344480781539e-02,1.602331659391633897e-02,2.138722787044512394e-02,7.813248313515141000e-03,2.476703931254361710e-02,3.370233029104691830e-02,3.883362296629767202e-02,8.702672377225269956e-03,4.852150353717108594e-02,2.844788659159015395e-02,3.403073302226296976e-02,2.658693778136588318e-02,5.492535679588401998e-02,1.798004953407862649e-02,1.672117239775043965e-02,1.304032511870390453e-02,1.033100258617150775e-02,1.383396505247602021e-02,2.073042240801302796e-02,3.050040366169045475e-02,1.996414936850891483e-02,4.812468357028502897e-02,5.696419041885031342e-02,1.882842325638674902e-02,4.055773730518192483e-02,1.093307426006759620e-01,5.493904024301802386e-02,7.338432697965271978e-02,4.612690028872073328e-02,1.273928928175585909e-02,3.679478934333137163e-02
4.150189515742806062e-02,6.758254539483586620e-02,4.748156155498692993e-02,2.743531150367400570e-02,1.058961973700414672e-01,1.424857350063628014e-01,1.511473570421860702e-01,3.843680299941161504e-02,0.000000000000000000e+00,9.919130827438048248e-02,1.266266197780544778e-01,7.701044047016324112e-02,2.210697718969362735e-01,6.518794214638551354e-02,5.092979023275543554e-02,4.894569039832514373e-02,3.612430043376527178e-02,7.030555137450227032e-02,6.227336790684308981e-02,1.524062341785142605e-01,7.850193620776946268e-02,2.322901985468179276e-01,2.118471285286189221e-01,8.002079883964367812e-02,1.598637128665453266e-01,3.524855981718914566e-01,2.425254170030514134e-01,3.040872456589264194e-01,2.323859826767559200e-01,5.068348818434340042e-02,1.488485379236737238e-01,6.060398735649484558e-02,4.065352143511993810e-02,5.918090885455864342e-02,3.861468781215363771e-02,6.466797115529343554e-02,2.601223300173779659e-02,1.662538826781242637e-02,5.451485338186395913e-02,3.138982772540058197e-02,4.950671173081922644e-02,3.571379701974521093e-02,4.770049670913096423e-02,1.661170482067842596e-02,8.155334491865191132e-03,5.165501293085754397e-02,6.733624334642383802e-02,9.087177241690726215e-02,3.274448899166677862e-02,1.022837673266649289e-01,1.420752315923427544e-01,1.614783596283575762e-01,3.635691903504330996e-02,2.050875056444219358e-01,1.179513142950972260e-01,1.419110302267347079e-01,1.084686854312338355e-01,2.296356098028215220e-01,7.520422544847497892e-02,7.038765205730627972e-02,5.502114092582203325e-02,4.315759226064230097e-02,5.829148479084850926e-02,8.782036370602482045e-02,1.289391223437008349e-01,8.218278348681599954e-02,2.039244126380317657e-01,2.392961234794269421e-01,7.826931760649143144e-02,1.703862837125928731e-01,4.580123424693148815e-01,2.323175654410859214e-01,3.093006390169811826e-01,1.948796540824564438e-01,5.447380304046195443e-02,1.552523911823866787e-01
2.553331235204772676e-02,4.100929106060399038e-02,2.926889341963027219e-02,1.689905721049246579e-02,6.566686279607558685e-02,8.708145756078870814e-02,9.269167088572953517e-02,2.363131320042145128e-02,9.919130827438048248e-02,0.000000000000000000e+00,7.878928859758350944e-02,4.748156155498692993e-02,1.347272204813836638e-01,4.061247109371792646e-02,3.103405809991652969e-02,2.974781406932034203e-02,2.216718435708323748e-02,4.284287297656025340e-02,3.872415538922565487e-02,9.277377156853354456e-02,4.861728766710909921e-02,1.410216061630245876e-01,1.293085754163188772e-01,4.920567589387118274e-02,9.733035946415620476e-02,2.152543068649854230e-01,1.473296752917995223e-01,1.858075286326131281e-01,1.410216061630245876e-01,3.110247533558654215e-02,9.088545586404127297e-02,3.646638661211532711e-02,2.501334136095565222e-02,3.626113490510529669e-02,2.346711183481342555e-02,3.995566563128583049e-02,1.590016556971032141e-02,1.023521845623349448e-02,3.311394206428483478e-02,1.914314254046879660e-02,3.017200093047440676e-02,2.174299749592917275e-02,2.940572789097029363e-02,1.030363569190350347e-02,4.843940285436706961e-03,3.174559735088463425e-02,4.128296000328402632e-02,5.537691055130608553e-02,2.003256660417892382e-02,6.365539606737728728e-02,8.608256592000657070e-02,9.960181168840054333e-02,2.220823469848524218e-02,1.246151530493561921e-01,7.300119045990065281e-02,8.745091063340676429e-02,6.751412815916585375e-02,1.410216061630245876e-01,4.638688578426677228e-02,4.315759226064230097e-02,3.363391305537691278e-02,2.655957088709787889e-02,3.549486186560118356e-02,5.365279621242183272e-02,7.858403689057347208e-02,5.118977572830147454e-02,1.236573117499760593e-01,1.455781940586472478e-01,4.804258288748101263e-02,1.040489320069511864e-01,2.794023070291867805e-01,1.416373612840546858e-01,1.902409655040297742e-01,1.186902204403333244e-01,3.368864684391292136e-02,9.530520928832390826e-02
3.296342414581081293e-02,5.250338665316566650e-02,3.731476033442344964e-02,2.175668094306317663e-02,8.441318536965831953e-02,1.107948714440141758e-01,1.196617451868474680e-01,3.034988574321642943e-02,1.266129363309204947e-01,7.878928859758350944e-02,0.000000000000000000e+00,6.205443275269906245e-02,1.739166130731653881e-01,5.209288323914560564e-02,3.984619805421382027e-02,3.819050095099957298e-02,2.846157003872415436e-02,5.499377403155403243e-02,4.908252486966516864e-02,1.186218032046633120e-01,6.269755476799715455e-02,1.801836318605383180e-01,1.659391633940422162e-01,6.321752575908923255e-02,1.251624909347162640e-01,2.762961645297683511e-01,1.885031677180115106e-01,2.389540373010768937e-01,1.806625525102283636e-01,3.985988150134781721e-02,1.168019047358410528e-01,4.802889944034700875e-02,3.207400008210068570e-02,4.666055472694681516e-02,3.037725263748443372e-02,5.154554535378552682e-02,2.049780380673499325e-02,1.310874235437391351e-02,4.297970744790027831e-02,2.463020484120359566e-02,3.887467330769967672e-02,2.799633283616808840e-02,3.797156579685554562e-02,1.330031061424994179e-02,6.321752575908922908e-03,4.080403935359395995e-02,5.270863836017569692e-02,7.071605478852233118e-02,2.568383027052174861e-02,8.169017938999192929e-02,1.110411734924262178e-01,1.287065037424227898e-01,2.848893693299215865e-02,1.601510652563593873e-01,9.401896525772772406e-02,1.126558202542384535e-01,8.712250790219072671e-02,1.817845951752165290e-01,5.960509571571270121e-02,5.491167334875001610e-02,4.337652741478633528e-02,3.423598472927300018e-02,4.557956240336065445e-02,6.848565290567999730e-02,1.001354661266266183e-01,6.583106416168360564e-02,1.585364184945471377e-01,1.865738016721172343e-01,6.186286449282302896e-02,1.340293646775495562e-01,3.588210341949343851e-01,1.809088545586404195e-01,2.443042651304716817e-01,1.523104500485762403e-01,4.326705983771431813e-02,1.219605643053598004e-01
2.064832172520901510e-02,3.207400008210068570e-02,2.316607599786538185e-02,1.347819542699196793e-02,5.199709910920759237e-02,6.802041570312393481e-02,7.356221179239473551e-02,1.878737291498474432e-02,7.701044047016324112e-02,4.748156155498692993e-02,6.205443275269906245e-02,0.000000000000000000e+00,1.064435352554015390e-01,3.203294974069867407e-02,2.443863658132756911e-02,2.290609050231934285e-02,1.720009304744050949e-02,3.325077653562485275e-02,3.037725263748443372e-02,7.155074506369644982e-02,3.899782433190569081e-02,1.085644695611718558e-01,1.022427169852629242e-01,3.916202569751371654e-02,7.632626811346314433e-02,1.705504850782008919e-01,1.143525676988546985e-01,1.457560788713892774e-01,1.099054473803040416e-01,2.439758623992556094e-02,7.181073055924248882e-02,2.950151202090830690e-02,1.984099834430289727e-02,2.917310928969225892e-02,1.881473980925274861e-02,3.140351117253458585e-02,1.247930378620982182e-02,8.059550361927176124e-03,2.669640535843789686e-02,1.495600771746418388e-02,2.401444972017350438e-02,1.751481233152255707e-02,2.324817668066939472e-02,8.100600703329182556e-03,3.831365197520559575e-03,2.539647788070770879e-02,3.210136697636868652e-02,4.325337639058031425e-02,1.588648212257632100e-02,5.060138750153939102e-02,6.740466058209383660e-02,7.906295754026354539e-02,1.754217922579056135e-02,9.689248915586815003e-02,5.755257864561240388e-02,6.884142253116405652e-02,5.470642164173998567e-02,1.120947989217443708e-01,3.678110589619736776e-02,3.353812892543889951e-02,2.635431918008784846e-02,2.073042240801302796e-02,2.781844802342606227e-02,4.137874413322203959e-02,6.061767080362884946e-02,4.128296000328402632e-02,9.589359751508599872e-02,1.137504960249586111e-01,3.821786784526758074e-02,8.155334491865190438e-02,2.205224340115762016e-01,1.103433176885921102e-01,1.499568971415279062e-01,9.278745501566754150e-02,2.610801713167581334e-02,7.493055650579494298e-02
5.675893871184028994e-02,9.184329716342140570e-02,6.472270494382945105e-02,3.762947961850549722e-02,1.456466112943172742e-01,1.943186327499623611e-01,2.070989723731202492e-01,5.276337214871170550e-02,2.210697718969362735e-01,1.347272204813836638e-01,1.739166130731653881e-01,1.064435352554015390e-01,0.000000000000000000e+00,8.957184493917708101e-02,6.893720666110206285e-02,6.654260341265171019e-02,4.883622282125313352e-02,9.552414444246794256e-02,8.481000533654438345e-02,2.054980090584420105e-01,1.077024123917297294e-01,3.147056006349119306e-01,2.869418864000218838e-01,1.097412460146960228e-01,2.172931404879517303e-01,4.784690959346478700e-01,3.270480699497817501e-01,4.135958730723444110e-01,3.147877013177159400e-01,6.918350870951410492e-02,2.023371327704875378e-01,8.299010686772211043e-02,5.547269468124409880e-02,8.040393535939574510e-02,5.269495491304169305e-02,8.832665124998290151e-02,3.533066049999315783e-02,2.263242155963930344e-02,7.528632613127898832e-02,4.288392331796225809e-02,6.743202747636184435e-02,4.928777657667519907e-02,6.547529453619956030e-02,2.283767326664933386e-02,1.102885839000561016e-02,7.098972373120236712e-02,9.161067856214337446e-02,1.236299448557080516e-01,4.484065625812454908e-02,1.411310737400966187e-01,1.925671515168101144e-01,2.216718435708323609e-01,4.983511446203527789e-02,2.779655450801165606e-01,1.606984031417194592e-01,1.938670789945403095e-01,1.491495737606217675e-01,3.145961330578399551e-01,1.032142417317770677e-01,9.551046099533394562e-02,7.462952066884689928e-02,5.900302404181661381e-02,7.930925958867557357e-02,1.189502059358793634e-01,1.737524117075573693e-01,1.136273450007525831e-01,2.754751577017282016e-01,3.258849769433915800e-01,1.078939806516057559e-01,2.325638674894979496e-01,6.243620092773771724e-01,3.148971688947879710e-01,4.217922579056115895e-01,2.636937097193525203e-01,7.415060001915682597e-02,2.109166541235067971e-01
1.695379099902847436e-02,2.707954187818995342e-02,1.945786182455084071e-02,1.116569286134562987e-02,4.310285847210629240e-02,5.766204622268442104e-02,6.131552660746295014e-02,1.564018007416428241e-02,6.518794214638551354e-02,4.061247109371792646e-02,5.209288323914560564e-02,3.203294974069867407e-02,8.957184493917708101e-02,0.000000000000000000e+00,2.057990448953900611e-02,1.969048042582887542e-02,1.470970566905214702e-02,2.848893693299215865e-02,2.554699579918173064e-02,6.052188667369083619e-02,3.232030213051272083e-02,9.221275023603946186e-02,8.483737223081239121e-02,3.284027312160479189e-02,6.449008634255141981e-02,1.419657640152707234e-01,9.689248915586815003e-02,1.224805352964518784e-01,9.237695160164748065e-02,2.042938657106498426e-02,6.016611704820678391e-02,2.465757173547159994e-02,1.644750345507040024e-02,2.389129869596748681e-02,1.561281317989627986e-02,2.599854955460379619e-02,1.050888739891353389e-02,6.759622884196987182e-03,2.213981746281523319e-02,1.261613825754984153e-02,2.001888315704492341e-02,1.450445396204211833e-02,1.944417837741684030e-02,6.841723567000999179e-03,3.311394206428483304e-03,2.108619203349708024e-02,2.725742669093197956e-02,3.658953763632134121e-02,1.320452648431192852e-02,4.183029788864410514e-02,5.710102489019033833e-02,6.587211450308562422e-02,1.479180635185615988e-02,8.208699935687797933e-02,4.871307179704711249e-02,5.819570066091049598e-02,4.512800864793858890e-02,9.369056252651167260e-02,3.065092158016447660e-02,2.837946935592014497e-02,2.219455125135124177e-02,1.772006403853258749e-02,2.342606149341142086e-02,3.541276118279716723e-02,5.142239432957950579e-02,3.396231578659295730e-02,8.118389184603384823e-02,9.582518027941598626e-02,3.229293523624471307e-02,6.875932184836003325e-02,1.847949535446969938e-01,9.304744051121358051e-02,1.254361598773963138e-01,7.836510173642943777e-02,2.198929954434121134e-02,6.284807268647117640e-02
1.314979269577591994e-02,2.148301200038313721e-02,1.512020908307220787e-02,8.620571694421258827e-03,3.292237380440880823e-02,4.475855557532053275e-02,4.675633885688482844e-02,1.223300173779778670e-02,5.092979023275543554e-02,3.103405809991652969e-02,3.984619805421382027e-02,2.443863658132756911e-02,6.893720666110206285e-02,2.057990448953900611e-02,0.000000000000000000e+00,1.503810840026819501e-02,1.146672869829367357e-02,2.183878162586718949e-02,1.973153076723088012e-02,4.734472708364691196e-02,2.499965791382164834e-02,7.248121946880858868e-02,6.711730819227980371e-02,2.545121166924371736e-02,4.964354620215925135e-02,1.113285258822402507e-01,7.591576469944308347e-02,9.526415894692190356e-02,7.204334916052052007e-02,1.605068348818434326e-02,4.700264090529686356e-02,1.860948810224271818e-02,1.279402307029186767e-02,1.873263912644873574e-02,1.205511692505576056e-02,2.003256660417892382e-02,8.141651044731188988e-03,5.131292675250749384e-03,1.683063997482245680e-02,9.537362652399392071e-03,1.538019457861824514e-02,1.101517494287160802e-02,1.480548979899016203e-02,5.131292675250749384e-03,2.421970142718353480e-03,1.626961864232837410e-02,2.141459476471312823e-02,2.844788659159015395e-02,1.018048466769748590e-02,3.181401458655464670e-02,4.463540455111451866e-02,5.008141651044731302e-02,1.145304525115967142e-02,6.360066227884128565e-02,3.697267415607340124e-02,4.452593697404250150e-02,3.476963916749907513e-02,7.144127748662443267e-02,2.345342838767942514e-02,2.218086780421723789e-02,1.715904270603850479e-02,1.346451197985796579e-02,1.819898468822265733e-02,2.754477908074602285e-02,4.100929106060399038e-02,2.629958539155183989e-02,6.373749675018131056e-02,7.572419643956705693e-02,2.471230552400760852e-02,5.279073904297970632e-02,1.444972017350610871e-01,7.294645667136465117e-02,9.689248915586815003e-02,6.186286449282302896e-02,1.699484134043048253e-02,4.889095660978913516e-02
1.236983620913780640e-02,2.021045141692094996e-02,1.412131744229006176e-02,8.223751727535200118e-03,3.221083455344070368e-02,4.287023987082826115e-02,4.575744721610267712e-02,1.157619627536569072e-02,4.894569039832514373e-02,2.974781406932034203e-02,3.819050095099957298e-02,2.290609050231934285e-02,6.654260341265171019e-02,1.969048042582887542e-02,1.503810840026819501e-02,0.000000000000000000e+00,1.075518944732557075e-02,2.105882513922907595e-02,1.863685499651072247e-02,4.541536103775262873e-02,2.356289596475143883e-02,6.964874591207016741e-02,6.314910852341922010e-02,2.402813316730750826e-02,4.820678425308903836e-02,1.060056649471134704e-01,7.242648568027257316e-02,9.148752753793736037e-02,6.923824249805010655e-02,1.521599321301022115e-02,4.451225352690849763e-02,1.832213571242867489e-02,1.216458450212777598e-02,1.747376199012055237e-02,1.145304525115967142e-02,1.922524322327280599e-02,7.731147630711129003e-03,4.912357521106716814e-03,1.639276966653439166e-02,9.468945416729383086e-03,1.455918775057812517e-02,1.061835497598555104e-02,1.439498638497010118e-02,4.980774756776727534e-03,2.435653589852355624e-03,1.547597870855626015e-02,2.053885414813699795e-02,2.699744119538594056e-02,9.797348147945431074e-03,3.106142499418453398e-02,4.259657092814821827e-02,4.831625183016105551e-02,1.091939081293359474e-02,6.130184316032895320e-02,3.516645913438513210e-02,4.306180813070428770e-02,3.233398557764671777e-02,6.862248737702002221e-02,2.286504016091733815e-02,2.122302650483709821e-02,1.665275516208043066e-02,1.299927477730189809e-02,1.772006403853258749e-02,2.624485160301583131e-02,3.839575265800960341e-02,2.493124067815163936e-02,6.161656244441099384e-02,7.205703260765451701e-02,2.334396081060740799e-02,5.154554535378552682e-02,1.375596940381220712e-01,7.001819898468822356e-02,9.276008812139954762e-02,5.841463581505453029e-02,1.644750345507040024e-02,4.652372025560679025e-02
9.195276474049341939e-03,1.503810840026819501e-02,1.057730463458354461e-02,6.102817421764891205e-03,2.352184562334943413e-02,3.163612977381261709e-02,3.315499240568683947e-02,8.552154458751248106e-03,3.612430043376527178e-02,2.216718435708323748e-02,2.846157003872415436e-02,1.720009304744050949e-02,4.883622282125313352e-02,1.470970566905214702e-02,1.146672869829367357e-02,1.075518944732557075e-02,0.000000000000000000e+00,1.547597870855626015e-02,1.412131744229006176e-02,3.381179786811893545e-02,1.770638059139858361e-02,5.162764603658953622e-02,4.718052571803888623e-02,1.782953161560460464e-02,3.524855981718914844e-02,7.806406589948139407e-02,5.385804791943186315e-02,6.785621433751590215e-02,5.121714262256947536e-02,1.142567835689166887e-02,3.296342414581081293e-02,1.299927477730189809e-02,9.017391661307315801e-03,1.319084303717792638e-02,8.442686881679232688e-03,1.435393604356809648e-02,5.829148479084850926e-03,3.708214173314541579e-03,1.169934729957170828e-02,6.704889095660978605e-03,1.074150600019156861e-02,7.690097289309122570e-03,1.063203842311955145e-02,3.667163831912535581e-03,1.710430891750249795e-03,1.143936180402566928e-02,1.499705805886619031e-02,2.022413486405495384e-02,7.197493192485050588e-03,2.275557258384532100e-02,3.141719461966858973e-02,3.585063149108523584e-02,8.004816573391169282e-03,4.538799414348462791e-02,2.632695228581984417e-02,3.167718011521462179e-02,2.450705381699757809e-02,5.084768954995142615e-02,1.665275516208043066e-02,1.568123041556629058e-02,1.216458450212777598e-02,9.646830229471409224e-03,1.297190788303389380e-02,1.970416387296287583e-02,2.900890792408423666e-02,1.847265363090269674e-02,4.503222451800057563e-02,5.318755900986576329e-02,1.728219373024452235e-02,3.750632859429947619e-02,1.010659405317387571e-01,5.162764603658953622e-02,6.919719215664810186e-02,4.341757775618833998e-02,1.234246931486980212e-02,3.452333711908704000e-02
1.788426540414060975e-02,2.920047618396026320e-02,2.038833622966297610e-02,1.191828245371574085e-02,4.603111615878272000e-02,6.156182865587498526e-02,6.533846006485953539e-02,1.662538826781242637e-02,7.030555137450227032e-02,4.284287297656025340e-02,5.499377403155403243e-02,3.325077653562485275e-02,9.552414444246794256e-02,2.848893693299215865e-02,2.183878162586718949e-02,2.105882513922907595e-02,1.547597870855626015e-02,0.000000000000000000e+00,2.688797361831392688e-02,6.533846006485953539e-02,3.404441646939697363e-02,1.003544012807706526e-01,9.083072207550525745e-02,3.456438746048904470e-02,6.896457355537007061e-02,1.518725797402881716e-01,1.039257809827451723e-01,1.313747759335531784e-01,9.972496271260655742e-02,2.197561609720720746e-02,6.390169811578932935e-02,2.605328334313980476e-02,1.750112888438855666e-02,2.524595996223368694e-02,1.657065447927641780e-02,2.784581491769406655e-02,1.117937630847963201e-02,7.101709062547036447e-03,2.334396081060740799e-02,1.349187887412597008e-02,2.100409135069306737e-02,1.527072700154622972e-02,2.070305551374502367e-02,7.183809745351048444e-03,3.475595572036507298e-03,2.229033538128925504e-02,2.935099410243428505e-02,3.890204020196767754e-02,1.408026710088805533e-02,4.467645489251652335e-02,6.119237558325693604e-02,6.959401212353416577e-02,1.569491386270029099e-02,8.865505398119893909e-02,5.060138750153939102e-02,6.157551210300898914e-02,4.696159056389485886e-02,9.884922209603043408e-02,3.268975520313077004e-02,3.048672021455645087e-02,2.379551456602947354e-02,1.867790533791272717e-02,2.531437719790369592e-02,3.775263064271151131e-02,5.562321259971812065e-02,3.567274667834320623e-02,8.799824851876685006e-02,1.036521120400651363e-01,3.377074752671693075e-02,7.358957868666274327e-02,1.976984441920608682e-01,1.003270343865026448e-01,1.334820267921894843e-01,8.408478263844228195e-02,2.361762975328744740e-02,6.685732269673376471e-02
1.611910072385435225e-02,2.598486610746979231e-02,1.839055294809868388e-02,1.063203842311955145e-02,4.103665795487199119e-02,5.489798990161601222e-02,5.782624758829243983e-02,1.483285669325816632e-02,6.227336790684308981e-02,3.872415538922565487e-02,4.908252486966516864e-02,3.037725263748443372e-02,8.481000533654438345e-02,2.554699579918173064e-02,1.973153076723088012e-02,1.863685499651072247e-02,1.412131744229006176e-02,2.688797361831392688e-02,0.000000000000000000e+00,5.840095236792052641e-02,3.062355468589647231e-02,8.872347121686895155e-02,8.193648143840395748e-02,3.126667670119456788e-02,6.124710937179294462e-02,1.362050327718558884e-01,9.319795842968760236e-02,1.169934729957170794e-01,8.862768708693094522e-02,1.964943008442686725e-02,5.771678001122042961e-02,2.289240705518534244e-02,1.594121591111232611e-02,2.316607599786538185e-02,1.491495737606217745e-02,2.505439170235765692e-02,1.005733364349146834e-02,6.431220152980939193e-03,2.071673896087902408e-02,1.184986521804573013e-02,1.911577564620079231e-02,1.371081402827000265e-02,1.855475431370670961e-02,6.431220152980939193e-03,3.065092158016447313e-03,2.003256660417892382e-02,2.597118266033579190e-02,3.502962466304511413e-02,1.265718859895184796e-02,3.949042842872976800e-02,5.450116993472995525e-02,6.227336790684308981e-02,1.384764849961002235e-02,7.799564866381138162e-02,4.582586445177268958e-02,5.473378853600799343e-02,4.280182263515824870e-02,8.849085261559092030e-02,2.922784307822826749e-02,2.716164256099396629e-02,2.118197616343509351e-02,1.665275516208043066e-02,2.245453674689727730e-02,3.374338063244892993e-02,4.986248135630327871e-02,3.201926629356467713e-02,7.809143279374940183e-02,9.161067856214337446e-02,3.029515195468042432e-02,6.539319385339555091e-02,1.762975328744817438e-01,8.964026217484709347e-02,1.196480617397134710e-01,7.509475787140296177e-02,2.109987548063108065e-02,6.015243360107278003e-02
3.845048644654561198e-02,6.256072029665712964e-02,4.427963492563046638e-02,2.539647788070770879e-02,9.850713591768038568e-02,1.332220412966434453e-01,1.401048152050464457e-01,3.580958114968323114e-02,1.524062341785142605e-01,9.277377156853354456e-02,1.186218032046633120e-01,7.155074506369644982e-02,2.054980090584420105e-01,6.052188667369083619e-02,4.734472708364691196e-02,4.541536103775262873e-02,3.381179786811893545e-02,6.533846006485953539e-02,5.840095236792052641e-02,0.000000000000000000e+00,7.342537732105472448e-02,2.161437309286955433e-01,1.976984441920608682e-01,7.480740548158891501e-02,1.486296027695296895e-01,3.280059112491618967e-01,2.261463307836510117e-01,2.831926218853053623e-01,2.158837454331495320e-01,4.726262640084290256e-02,1.382986001833581835e-01,5.607476635514018620e-02,3.780736443124751989e-02,5.517165884429605510e-02,3.594641562102324911e-02,5.981034742272273164e-02,2.409655040297751724e-02,1.558544628562827557e-02,5.053297026586937857e-02,2.906364171262024176e-02,4.601743271164871613e-02,3.314130895855283560e-02,4.453962042117650538e-02,1.546229526142225801e-02,7.539579370835100720e-03,4.767312981486296342e-02,6.312174162915121234e-02,8.478263844227637569e-02,3.034988574321642943e-02,9.531889273545791907e-02,1.323873510214693405e-01,1.501074150600019141e-01,3.379811442098493157e-02,1.904872675524418024e-01,1.102749004529220977e-01,1.326062861756133471e-01,1.013806598158207978e-01,2.132017897948851326e-01,6.996346519615220805e-02,6.583106416168360564e-02,5.113504193976546597e-02,4.010618354975985234e-02,5.417276720351391073e-02,8.192279799126996054e-02,1.209343057703096552e-01,7.662730395041118803e-02,1.902272820568957634e-01,2.228896703657585465e-01,7.304224080130265750e-02,1.587553536486911721e-01,4.264035795897702652e-01,2.171289391223437115e-01,2.875850084153199759e-01,1.821950985892366037e-01,5.075190542001341287e-02,1.447571872306071261e-01
2.059358793667300652e-02,3.340129445409887460e-02,2.345342838767942514e-02,1.347819542699196793e-02,5.240760252322765322e-02,6.911509147384409246e-02,7.426006759622884312e-02,1.899262462199477128e-02,7.850193620776946268e-02,4.861728766710909921e-02,6.269755476799715455e-02,3.899782433190569081e-02,1.077024123917297294e-01,3.232030213051272083e-02,2.499965791382164834e-02,2.356289596475143883e-02,1.770638059139858361e-02,3.404441646939697363e-02,3.062355468589647231e-02,7.342537732105472448e-02,0.000000000000000000e+00,1.122453168402183926e-01,1.035426444629931192e-01,3.973673047714180312e-02,7.774934661539935343e-02,1.732187572693312805e-01,1.174587101982731557e-01,1.480138476484996191e-01,1.117527127433943224e-01,2.497229101955364752e-02,7.306960769557066526e-02,2.989833198779436388e-02,1.999151626277691912e-02,2.914574239542425463e-02,1.876000602071674003e-02,3.147192840820459830e-02,1.261613825754984153e-02,8.182701386133195420e-03,2.716164256099396629e-02,1.505179184740219715e-02,2.408286695584351683e-02,1.746007854298654849e-02,2.330291046920540329e-02,8.223751727535200118e-03,3.845048644654561285e-03,2.565646337625374432e-02,3.305920827574882620e-02,4.391018185301241022e-02,1.594121591111232611e-02,5.106662470409545351e-02,6.895089010823607367e-02,7.961029542562361727e-02,1.789794885127461363e-02,9.882185520176242632e-02,5.837358547365252559e-02,6.985399761908020477e-02,5.487062300734801140e-02,1.129021223026504817e-01,3.679478934333137163e-02,3.442755298914902673e-02,2.668272191130389645e-02,2.114092582203308535e-02,2.828368522598212823e-02,4.239131922113818784e-02,6.245125271958511942e-02,4.163872962876807859e-02,9.815136629219632647e-02,1.168292716301090606e-01,3.864205470642163853e-02,8.282590550211409164e-02,2.243674826562307711e-01,1.129842229854544911e-01,1.524199176256482435e-01,9.505890723991188007e-02,2.669640535843789686e-02,7.573787988670105387e-02
