0.000000000000000000e+00,1.876144221021893224e-02,1.255806212458202877e-02,6.400072624937588363e-03,2.727974218147156266e-02,3.230296703130437069e-02,3.566187039474679604e-02,6.430333015599230990e-03,4.413477978000696078e-02,2.060732604057918457e-02,3.128924394413931664e-02,1.732407365379087100e-02,5.383323498706368143e-02,1.547818982343062040e-02,1.762667756040730421e-02,1.210415626465737721e-02,9.244549347132070827e-03,1.733920384912169058e-02,1.449472712692720898e-02,3.389163754104065202e-02,1.517558591681418545e-02,5.862950690693417150e-02,4.959678029443360253e-02,1.732407365379087100e-02,4.203168262902273744e-02,8.492578639190231926e-02,5.284977229056027348e-02,6.454541328128546307e-02,4.457355544460078756e-02,1.202850528800326890e-02,3.706897856051321466e-02,1.283040564053681935e-02,7.156582391478674005e-03,1.656756388724978449e-02,9.350460714447823493e-03,1.662808466857306974e-02,5.870515788358827633e-03,5.068615435825276315e-03,1.181668255337176357e-02,9.274809737793715189e-03,1.160485981874025997e-02,8.820903877869063631e-03,1.037931399694370059e-02,4.523928403915694271e-03,2.889867308186948574e-03,9.925408137019049032e-03,1.865553084290318131e-02,2.379979725538256680e-02,7.731529814049899543e-03,2.564568108574281566e-02,3.461788691692009590e-02,3.871816985157278124e-02,1.027340262962794792e-02,3.891486239087346699e-02,2.499508268651748355e-02,3.720515031849061516e-02,2.249860045693189911e-02,5.225969467265822316e-02,2.016855037598535433e-02,1.331457189112311354e-02,1.481246122887446524e-02,9.607674035071792767e-03,1.802006263900866878e-02,2.150000756509766464e-02,3.018473968498933471e-02,2.237755889428532513e-02,5.519495256683763784e-02,5.800916889837047508e-02,1.705173013783608041e-02,3.864251887491867293e-02,1.087255836472848930e-01,5.036842025630550862e-02,6.614921398635256744e-02,4.906722345785483747e-02,1.160485981874025997e-02,3.479944926088995860e-02
1.876144221021893224e-02,0.000000000000000000e+00,2.696200807952430639e-02,1.334483228178475790e-02,5.794864811704718982e-02,6.693598414355529658e-02,7.648313739730379368e-02,1.261858290590531576e-02,9.315661265186933604e-02,4.346905118545080215e-02,6.552887597778887796e-02,3.522309473015296927e-02,1.143237559196889214e-01,3.316538816516121507e-02,3.629733859864130857e-02,2.470760897523186991e-02,1.972977471139152408e-02,3.640324996595706297e-02,3.068403613090645021e-02,7.121782942217784462e-02,3.080507769355302419e-02,1.230992692115655263e-01,1.031425415702116738e-01,3.430015281497283963e-02,8.857216346663035478e-02,1.743452407970586815e-01,1.111010243142239035e-01,1.370341791112523189e-01,9.348947694914741535e-02,2.514638463982570016e-02,7.757251146112296991e-02,2.718896100948663130e-02,1.520584630747582981e-02,3.498101160485982131e-02,1.989620686003056374e-02,3.640324996595706297e-02,1.236136958528134648e-02,1.057600653624438287e-02,2.420831252931475441e-02,2.009289939933124602e-02,2.501021288184830313e-02,1.839831752227921377e-02,2.212034557366135759e-02,1.006157989499644433e-02,6.157989499644440402e-03,2.116714326781958880e-02,3.930824746947483156e-02,5.114006021817741471e-02,1.576566353471623230e-02,5.440818240963490870e-02,7.271571875992918765e-02,8.200565869305372069e-02,2.183287186237574395e-02,8.135506029382839899e-02,5.392401615904861278e-02,7.848032318097226956e-02,4.619248634499871498e-02,1.106925090402917089e-01,4.306053591151861454e-02,2.750669511143388757e-02,3.159184785075574986e-02,1.989620686003056374e-02,3.782548832705430464e-02,4.611683536834460667e-02,6.369812234275944174e-02,4.570832009441241905e-02,1.170471910792368342e-01,1.215257288971600680e-01,3.517770414416050012e-02,8.143071127048250035e-02,2.284205589094155109e-01,1.071520433328794208e-01,1.402720409120481737e-01,1.033241039141815365e-01,2.508586385850241490e-02,7.291241129922987341e-02
1.255806212458202877e-02,2.696200807952430639e-02,0.000000000000000000e+00,9.229419151801249513e-03,3.930824746947483156e-02,4.483076876522475857e-02,5.127623197615481521e-02,8.291347041290303768e-03,6.171606675442180279e-02,2.935257894179413990e-02,4.477024798390147331e-02,2.416292194332228874e-02,7.713373579652912926e-02,2.271042319156340444e-02,2.452604663126201068e-02,1.659782427791142712e-02,1.332970208645393659e-02,2.469247877990104686e-02,2.094019033785726042e-02,4.841662505862950883e-02,2.077375818921822423e-02,8.338250646815850708e-02,6.979559106108060296e-02,2.334589139545791697e-02,5.965836018943004859e-02,1.168656287352669715e-01,7.474316493425929575e-02,9.247575386198235436e-02,6.257848788827863329e-02,1.699120935651279168e-02,5.306159502519177534e-02,1.752076619309155328e-02,1.028853282495877097e-02,2.401161999001407213e-02,1.331457189112311354e-02,2.479839014721680127e-02,8.427518799267699062e-03,7.247363563463604490e-03,1.567488236273130442e-02,1.372308716505530116e-02,1.726355287246758227e-02,1.255806212458202877e-02,1.514532552615254282e-02,6.657285945561556770e-03,4.266715083291724997e-03,1.455524790825049597e-02,2.616010772699075421e-02,3.472379828423585030e-02,1.059113673157520419e-02,3.693280680253582110e-02,4.896131209053909000e-02,5.522521295749928394e-02,1.485785181486692919e-02,5.442331260496573175e-02,3.672098406790431924e-02,5.321289697849999195e-02,3.154645726476328765e-02,7.466751395760519439e-02,2.918614679315510024e-02,1.862527045224153868e-02,2.139409619778191371e-02,1.351126443042379756e-02,2.552463952309624168e-02,3.166749882740986510e-02,4.319670766949601504e-02,3.077481730289138157e-02,7.916118197085923736e-02,8.220235123235440644e-02,2.376953686472092417e-02,5.496799963687531293e-02,1.538892167097877239e-01,7.253415641595932495e-02,9.535049097483848379e-02,6.931142481049430704e-02,1.688529798919704075e-02,4.959678029443360253e-02
6.400072624937588363e-03,1.334483228178475790e-02,9.229419151801249513e-03,0.000000000000000000e+00,1.963899353940659273e-02,2.245320987093943343e-02,2.550950932776542210e-02,4.191064106637616693e-03,3.101690042818452953e-02,1.473681025222035694e-02,2.233216830829285945e-02,1.228571860862723818e-02,3.858199809359538768e-02,1.131738610745464807e-02,1.230084880395805949e-02,8.382128213275233386e-03,6.611895359569091961e-03,1.240676017127381042e-02,1.050035555959027457e-02,2.392083881802914078e-02,1.054574614558274025e-02,4.138108422979740880e-02,3.479944926088995860e-02,1.186207313936422925e-02,2.979135460638797014e-02,5.875054846958074201e-02,3.740184285779129397e-02,4.640430907963021684e-02,3.145567609277835630e-02,8.609081143237560033e-03,2.668966456356951580e-02,9.032726612500567229e-03,5.250177779795137285e-03,1.207389587399573284e-02,6.838848289531417740e-03,1.217980724131148551e-02,4.100282934652686208e-03,3.661507270058856397e-03,8.034133720666334494e-03,6.808587898869774245e-03,8.609081143237560033e-03,6.309291452952657878e-03,7.595358056072504249e-03,3.358903363442421880e-03,2.133357541645862498e-03,7.247363563463604490e-03,1.311787935182243126e-02,1.736946423978333667e-02,5.386349537772532579e-03,1.879170260088057834e-02,2.442013526394625628e-02,2.790008019003525214e-02,7.383535321440999784e-03,2.720409120481745435e-02,1.836805713161756767e-02,2.679557593088526674e-02,1.611365802732513119e-02,3.758340520176115668e-02,1.461576868957378296e-02,9.426111691101931797e-03,1.075756888021424384e-02,6.793457703538952931e-03,1.283040564053681935e-02,1.581105412070869798e-02,2.156052834642095337e-02,1.565975216740048137e-02,3.903590395352003750e-02,4.085152739321864374e-02,1.208902606932655416e-02,2.747643472077224494e-02,7.726990755450652282e-02,3.597960449669405231e-02,4.740290197146445478e-02,3.454223594026598759e-02,8.382128213275233386e-03,2.478325995188597822e-02
2.727974218147156266e-02,5.794864811704718982e-02,3.930824746947483156e-02,1.963899353940659273e-02,0.000000000000000000e+00,9.628856308534942954e-02,1.100873012270588425e-01,1.812597400632442318e-02,1.331154585205694962e-01,6.369812234275944174e-02,9.622804230402615122e-02,5.228995506331986926e-02,1.655999878958437366e-01,4.834097408197540052e-02,5.233534564931233146e-02,3.617629703599473806e-02,2.871711073789962737e-02,5.316750639250752974e-02,4.522415384382612313e-02,1.032181925468657752e-01,4.480050837456311247e-02,1.790507315449442471e-01,1.490778145945864108e-01,5.030789947498222336e-02,1.286066603119846163e-01,2.518874918675200192e-01,1.609247575386198170e-01,1.999152709061473854e-01,1.357783728987941307e-01,3.712949934183649991e-02,1.139606312317491960e-01,3.874843024223442733e-02,2.213547576899217717e-02,5.135188295280892351e-02,2.904997503517770321e-02,5.307672522052259839e-02,1.789902107636209480e-02,1.569001255806212400e-02,3.473892847956667335e-02,2.894406366786195228e-02,3.661507270058856484e-02,2.685609671220855546e-02,3.259044074258998780e-02,1.454011771291967466e-02,8.987336026508101552e-03,3.080507769355302419e-02,5.655667014661159425e-02,7.466751395760519439e-02,2.302815729351066071e-02,8.006899369070855088e-02,1.046555611032938399e-01,1.194528921368374907e-01,3.180367058538725866e-02,1.173951855718457365e-01,7.922170275218252955e-02,1.156400829134704156e-01,6.852465465329157790e-02,1.603044195300561414e-01,6.283570120890261124e-02,4.024631957998577730e-02,4.613196556367542972e-02,2.917101659782427719e-02,5.502852041819859819e-02,6.826744133266759995e-02,9.238497268999742995e-02,6.699650492487857489e-02,1.684747250086998660e-01,1.763121661900655113e-01,5.141240373413220877e-02,1.181668255337176426e-01,3.306098981737854436e-01,1.550542417502610015e-01,2.043635483334089731e-01,1.487298201019775223e-01,3.637298957529541688e-02,1.060777994643910815e-01
3.230296703130437069e-02,6.693598414355529658e-02,4.483076876522475857e-02,2.245320987093943343e-02,9.628856308534942954e-02,0.000000000000000000e+00,1.269574690209250567e-01,2.133357541645862498e-02,1.540405186630959544e-01,7.236772426732028529e-02,1.097241765391191171e-01,5.980966214273826520e-02,1.904740290197146357e-01,5.555807725477735631e-02,6.106546835519646721e-02,4.197116184769945219e-02,3.284765406321395881e-02,6.142859304313618568e-02,5.177552842207192724e-02,1.196949752621306318e-01,5.168474725008699588e-02,2.080099254081370086e-01,1.740275066951114391e-01,5.850846534428759405e-02,1.489719032272706634e-01,2.938737839105503014e-01,1.867217405776708528e-01,2.295099329732346871e-01,1.573086408545534276e-01,4.265202063758643386e-02,1.310123613695852729e-01,4.470972720257818805e-02,2.563055089041199608e-02,5.896237120421224387e-02,3.336208070446189389e-02,6.033921897931702333e-02,2.054680525925589585e-02,1.779310970904634387e-02,3.992858547803852104e-02,3.358903363442421880e-02,4.195603165236862914e-02,3.066890593557562716e-02,3.719002012315979211e-02,1.646165251993403356e-02,1.030366302028959229e-02,3.551056844143857943e-02,6.633077633032243015e-02,8.621185299502216737e-02,2.650810221959965657e-02,9.146203077481730725e-02,1.214046873345134836e-01,1.372157414552221955e-01,3.626707820797966247e-02,1.361414975867338562e-01,8.893528815457008019e-02,1.325859016839907312e-01,7.814745888369419025e-02,1.842857791294085501e-01,7.245850543930522358e-02,4.673717337690829615e-02,5.277412131390616518e-02,3.315025796983039202e-02,6.363760156143616342e-02,7.798102673505515059e-02,1.077875115367739334e-01,7.646800720197297063e-02,1.976911321925166054e-01,2.057706564991753917e-01,5.935575628281360844e-02,1.372006112598913585e-01,3.821584736658950043e-01,1.802308867807483339e-01,2.359100055981722677e-01,1.743755011877203276e-01,4.166855794108301897e-02,1.221158065150621114e-01
3.566187039474679604e-02,7.648313739730379368e-02,5.127623197615481521e-02,2.550950932776542210e-02,1.100873012270588425e-01,1.269574690209250567e-01,0.000000000000000000e+00,2.402675018534489171e-02,1.763272963853963482e-01,8.329172529617356879e-02,1.263220008170305442e-01,6.799509781671281283e-02,2.168610896766677287e-01,6.338038824081218547e-02,6.858517543461485622e-02,4.772063607341171104e-02,3.776496754573101244e-02,6.953837774045662501e-02,5.884132964156567336e-02,1.347343894209674375e-01,5.891698061821978166e-02,2.346541993857140795e-01,1.958603785574871692e-01,6.587687047039776644e-02,1.697910520024813463e-01,3.314723193076422603e-01,2.118681252174965668e-01,2.621003737158246749e-01,1.783850029503880885e-01,4.868896857458429595e-02,1.482910444373836956e-01,5.194196057071096689e-02,2.912562601183181152e-02,6.708728609686351319e-02,3.843069614028717107e-02,6.955350793578744806e-02,2.358797452075106146e-02,2.069810721256411593e-02,4.669178279091583395e-02,3.808270164767826871e-02,4.773576626874252715e-02,3.517770414416050012e-02,4.262176024692478776e-02,1.924560846080522816e-02,1.174103157671765527e-02,4.007988743134673765e-02,7.442543083231203949e-02,9.792262418107818001e-02,3.026039066164344302e-02,1.049884254005719192e-01,1.375486057525002748e-01,1.579743694491095862e-01,4.189551087104534388e-02,1.547062472576520853e-01,1.034754058674897531e-01,1.514532552615254213e-01,8.938919401449473001e-02,2.111872664276095712e-01,8.250495513897083966e-02,5.251690799328219417e-02,6.053591151861770214e-02,3.815835262433237701e-02,7.229207329066618393e-02,8.908659010787829680e-02,1.201791415127169277e-01,8.789130467674337310e-02,2.203107742120950785e-01,2.317794622728579501e-01,6.760171273811145520e-02,1.558561421027945537e-01,4.342063456039217395e-01,2.035313875902138026e-01,2.677136761835595125e-01,1.952854311349159488e-01,4.726673021348705428e-02,1.389557139182666934e-01
6.430333015599230990e-03,1.261858290590531576e-02,8.291347041290303768e-03,4.191064106637616693e-03,1.812597400632442318e-02,2.133357541645862498e-02,2.402675018534489171e-02,0.000000000000000000e+00,2.930718835580167422e-02,1.358691540707790586e-02,2.059219584524836152e-02,1.134764649811629070e-02,3.600986488735569840e-02,1.037931399694370059e-02,1.145355786543204336e-02,7.958482744012224455e-03,6.233640476298548706e-03,1.154433903741697298e-02,9.668194816395079758e-03,2.236242869895450208e-02,1.000105911367315734e-02,3.888460200021182089e-02,3.286278425854477492e-02,1.125686532613136108e-02,2.809677272933593442e-02,5.608763409135612138e-02,3.534413629279953978e-02,4.336313981813505469e-02,2.967031304374139616e-02,8.124914892651264112e-03,2.458656741258529593e-02,8.518299971252628680e-03,4.781141724539663546e-03,1.090887083352246045e-02,6.188249890306083897e-03,1.119634454480807409e-02,3.858199809359538681e-03,3.298382582119135324e-03,7.761790204711543038e-03,6.233640476298548706e-03,7.776920400042364352e-03,5.809995007035540643e-03,6.959889852177991720e-03,3.086559847487630858e-03,1.906404611683536936e-03,6.763197312877309436e-03,1.251267153858956309e-02,1.597748626934773764e-02,5.068615435825276315e-03,1.741485482577580235e-02,2.280120436354833233e-02,2.608445675033664590e-02,6.763197312877309436e-03,2.558516030441953040e-02,1.665834505923471584e-02,2.481352034254762084e-02,1.484272161953610787e-02,3.482970965155160470e-02,1.366256638373201417e-02,8.775513291876597954e-03,9.758975988380009375e-03,6.294161257621835696e-03,1.192259392068751624e-02,1.437368556428063500e-02,1.977516529738398976e-02,1.484272161953610787e-02,3.672098406790431924e-02,3.880895102355771259e-02,1.124173513080053803e-02,2.582724342971267836e-02,7.244337524397440053e-02,3.369494500173997320e-02,4.424069114732271518e-02,3.262070113325162696e-02,7.837441181365652210e-03,2.305841768417230334e-02
4.413477978000696078e-02,9.315661265186933604e-02,6.171606675442180279e-02,3.101690042818452953e-02,1.331154585205694962e-01,1.540405186630959544e-01,1.763272963853963482e-01,2.930718835580167422e-02,0.000000000000000000e+00,1.002526742620247213e-01,1.515742968241720057e-01,8.102219599655031967e-02,2.627661023103808335e-01,7.692191306189763433e-02,8.357919900745919284e-02,5.788812733572390457e-02,4.561753892242748770e-02,8.454753150863177080e-02,7.100600668754633582e-02,1.645257440273553973e-01,7.142965215680933955e-02,2.871257167930038046e-01,2.390873466176448303e-01,7.938813490082156921e-02,2.069356815396486693e-01,4.045057721695187181e-01,2.572889716006233618e-01,3.169019412040609551e-01,2.164223140120739020e-01,5.928010530615950013e-02,1.799282828741319007e-01,6.248770671629370888e-02,3.502640219085228351e-02,8.085576384791128002e-02,4.578397107106652736e-02,8.429031818800780673e-02,2.842963702661401373e-02,2.440500506861543670e-02,5.576989998940886512e-02,4.634378829830693158e-02,5.744935167113007085e-02,4.215272419166931489e-02,5.138214334347056267e-02,2.302815729351066071e-02,1.414673263431830835e-02,4.902183287186237526e-02,9.114429667287005099e-02,1.188476843236046243e-01,3.635785937996459383e-02,1.262009592543839875e-01,1.680510795394368484e-01,1.904891592150454727e-01,5.024737869365893811e-02,1.884314526500537046e-01,1.236136958528134544e-01,1.819254686578003766e-01,1.065922261056390236e-01,2.550799630823233910e-01,1.000711119180548586e-01,6.377377331941355698e-02,7.247363563463604663e-02,4.601092400102885227e-02,8.781565370008927174e-02,1.073487358721801066e-01,1.471865401782337102e-01,1.053666802838424676e-01,2.710423191563403056e-01,2.836457718669148087e-01,8.093141482456538138e-02,1.899898627691283537e-01,5.263946257546184837e-01,2.480898128394837532e-01,3.262977925045012495e-01,2.398287261888550903e-01,5.806968967969376727e-02,1.678392568048053535e-01
2.060732604057918457e-02,4.346905118545080215e-02,2.935257894179413990e-02,1.473681025222035694e-02,6.369812234275944174e-02,7.236772426732028529e-02,8.329172529617356879e-02,1.358691540707790586e-02,1.002526742620247213e-01,0.000000000000000000e+00,7.253415641595932495e-02,3.918720590682825411e-02,1.245215075726627679e-01,3.664533309125021093e-02,3.930824746947483156e-02,2.721922140014827740e-02,2.151513776042848769e-02,3.994371567336934409e-02,3.402780929901805251e-02,7.733042833582981501e-02,3.367981480640915015e-02,1.341745721937270264e-01,1.126745646286293617e-01,3.773470715506937329e-02,9.728715597718366748e-02,1.896721286671810836e-01,1.206935681539648697e-01,1.501823188537363962e-01,1.016143918417986708e-01,2.786981979937360951e-02,8.516786951719546028e-02,2.888354288653866356e-02,1.653730349658814186e-02,3.844582633561799412e-02,2.180261147171410133e-02,3.994371567336934409e-02,1.343561345376968752e-02,1.172590138138683395e-02,2.591802460169760625e-02,2.193878322969149489e-02,2.750669511143388757e-02,2.016855037598535433e-02,2.428396350596886272e-02,1.086348024752999478e-02,6.748067117546487255e-03,2.320971963748051994e-02,4.245532809828574811e-02,5.573963959874721902e-02,1.735433404445251362e-02,6.056617190927934824e-02,7.849545337630309261e-02,8.997927163239677339e-02,2.358797452075106146e-02,8.851164268530706258e-02,5.955244882211429419e-02,8.659010787829270195e-02,5.168474725008699588e-02,1.208448701072730863e-01,4.755420392477267139e-02,3.021500007565097734e-02,3.436067359629612489e-02,2.186313225303738658e-02,4.122978227648919219e-02,5.085258650689180454e-02,6.919038324784773653e-02,5.032302967031304641e-02,1.262160894497147967e-01,1.327674640279606078e-01,3.871816985157278124e-02,8.858729366196117783e-02,2.490732755359871820e-01,1.171984930325450508e-01,1.534807014358555433e-01,1.115246697834869072e-01,2.737052335345649401e-02,7.941839529148321530e-02
3.128924394413931664e-02,6.552887597778887796e-02,4.477024798390147331e-02,2.233216830829285945e-02,9.622804230402615122e-02,1.097241765391191171e-01,1.263220008170305442e-01,2.059219584524836152e-02,1.515742968241720057e-01,7.253415641595932495e-02,0.000000000000000000e+00,5.952218843145264809e-02,1.889610094866324697e-01,5.557320745010817936e-02,5.959783940810675640e-02,4.163829755042137287e-02,3.281739367255231271e-02,6.071747386258756485e-02,5.160909627343288758e-02,1.176977894784621698e-01,5.083745631156098149e-02,2.042576369660932256e-01,1.706080825503457354e-01,5.723752893649856899e-02,1.469141966622789230e-01,2.871105865976729676e-01,1.841344771761003474e-01,2.282541267607764712e-01,1.543582527650431968e-01,4.234941673096999371e-02,1.300894194544051641e-01,4.368087392008231096e-02,2.511612424916405753e-02,5.826638221899444608e-02,3.292330503986806711e-02,6.071747386258756485e-02,2.044089389194014492e-02,1.783850029503880955e-02,3.888460200021182089e-02,3.293843523519888322e-02,4.163829755042137287e-02,3.029065105230508564e-02,3.725054090448307736e-02,1.649191291059567618e-02,1.033392341095123491e-02,3.479944926088995860e-02,6.480262660190942714e-02,8.469883346193998741e-02,2.638706065695308259e-02,9.108377589154675880e-02,1.192108090115443358e-01,1.358237634847865860e-01,3.597960449669405231e-02,1.343712647330277121e-01,8.981283948375773374e-02,1.319958240660887017e-01,7.767842282843871737e-02,1.816833855325072355e-01,7.201972977471139681e-02,4.634378829830693158e-02,5.245638721195890891e-02,3.307460699317628372e-02,6.288109179489506650e-02,7.793563614906268144e-02,1.065317053243157314e-01,7.584766919340928115e-02,1.939237135551419855e-01,2.019124566898158613e-01,5.835716339097937744e-02,1.350521235229146799e-01,3.762879578775362166e-01,1.787329974429969770e-01,2.329747477039928460e-01,1.701844370810827178e-01,4.169881833174466507e-02,1.206027869819799314e-01
1.732407365379087100e-02,3.522309473015296927e-02,2.416292194332228874e-02,1.228571860862723818e-02,5.228995506331986926e-02,5.980966214273826520e-02,6.799509781671281283e-02,1.134764649811629070e-02,8.102219599655031967e-02,3.918720590682825411e-02,5.952218843145264809e-02,0.000000000000000000e+00,1.022195996550315511e-01,3.032091144296672827e-02,3.266609171924409610e-02,2.237755889428532513e-02,1.744511521643744498e-02,3.278713328189066661e-02,2.821781429198250840e-02,6.339551843614300852e-02,2.802112175268182612e-02,1.099359992737506259e-01,9.326252401918508350e-02,3.204575371068040662e-02,7.914605177552842818e-02,1.569001255806212469e-01,9.934486254217542167e-02,1.237347374154600388e-01,8.341276685882015318e-02,2.283146475420997842e-02,7.127835020350112294e-02,2.360310471608188451e-02,1.375334755571694378e-02,3.233322742196601679e-02,1.805032302967031141e-02,3.262070113325162696e-02,1.110556337282314274e-02,9.668194816395079758e-03,2.124279424447369710e-02,1.803519283433949183e-02,2.316432905148805427e-02,1.687016779386621770e-02,1.972977471139152408e-02,8.820903877869063631e-03,5.583042077073214864e-03,1.921534807014358553e-02,3.507179277684474572e-02,4.584449185238981261e-02,1.447959693159638767e-02,4.959678029443360253e-02,6.433359054665395427e-02,7.344196813580863847e-02,1.915482728882030028e-02,7.274597915059083375e-02,4.865870818392265679e-02,7.179277684474906496e-02,4.372626450607477316e-02,9.870939433828090914e-02,3.876356043756525038e-02,2.520690542114898541e-02,2.827833507330579713e-02,1.811084381099360013e-02,3.378572617372490455e-02,4.203168262902273744e-02,5.720726854583692983e-02,4.194090145703781303e-02,1.041713948527075440e-01,1.094064424371718608e-01,3.263583132858245001e-02,7.264006778327508629e-02,2.059976094291377235e-01,9.631882347601107563e-02,1.258680949571059082e-01,9.185541585341866488e-02,2.218086635498464285e-02,6.605843281436762915e-02
5.383323498706368143e-02,1.143237559196889214e-01,7.713373579652912926e-02,3.858199809359538768e-02,1.655999878958437366e-01,1.904740290197146357e-01,2.168610896766677287e-01,3.600986488735569840e-02,2.627661023103808335e-01,1.245215075726627679e-01,1.889610094866324697e-01,1.022195996550315511e-01,0.000000000000000000e+00,9.522944941219191328e-02,1.035207964534822084e-01,7.153556352412510089e-02,5.649614936528830900e-02,1.047463422752787782e-01,8.840573131799131512e-02,2.029413099723117453e-01,8.829981995067556766e-02,3.529420664820782649e-01,2.950539391463543604e-01,9.919356058886720506e-02,2.544444948784289062e-01,4.973749111101024578e-01,3.182485285885040538e-01,3.921444025842373837e-01,2.672597703236349043e-01,7.294267168989151950e-02,2.235788964035525794e-01,7.657391856928873197e-02,4.345392099011997911e-02,1.007519707079418403e-01,5.704083639719789017e-02,1.037780097741061863e-01,3.523822492548378538e-02,3.069916632623727326e-02,6.891803973189293553e-02,5.723752893649856899e-02,7.179277684474906496e-02,5.274386092324451908e-02,6.369812234275944174e-02,2.852041819859894509e-02,1.774771912305387819e-02,6.065695308126427959e-02,1.115851905648101855e-01,1.470352382249254797e-01,4.536032560180351669e-02,1.568244746039671456e-01,2.063304737264158029e-01,2.352745373942777551e-01,6.247257652096288583e-02,2.315071187569031630e-01,1.542674715930582585e-01,2.263023315631004784e-01,1.343410043423660660e-01,3.162059522188431226e-01,1.235985656574826314e-01,7.897961962688938853e-02,9.072065120360703339e-02,5.713161756918282153e-02,1.084532401313300920e-01,1.333424114505318281e-01,1.813051306492366732e-01,1.317083503548030776e-01,3.319564855582285423e-01,3.480398831948920413e-01,1.012663973491897823e-01,2.336858668845414877e-01,6.511884768432359971e-01,3.056450758779296062e-01,4.026598883391584449e-01,2.940402160591893410e-01,7.123295961750866767e-02,2.086302634167007120e-01
1.547818982343062040e-02,3.316538816516121507e-02,2.271042319156340444e-02,1.131738610745464807e-02,4.834097408197540052e-02,5.555807725477735631e-02,6.338038824081218547e-02,1.037931399694370059e-02,7.692191306189763433e-02,3.664533309125021093e-02,5.557320745010817936e-02,3.032091144296672827e-02,9.522944941219191328e-02,0.000000000000000000e+00,3.033604163829755132e-02,2.080401857987986686e-02,1.644652232460321051e-02,3.063864554491398454e-02,2.600880577368253760e-02,5.949192804079100894e-02,2.561542069508117303e-02,1.030063698122342802e-01,8.566716596311257925e-02,2.918614679315510024e-02,7.369918145643260254e-02,1.444631050186857835e-01,9.268757659661386317e-02,1.145053182636587841e-01,7.752712087513050077e-02,2.106123190050383440e-02,6.575582890775119593e-02,2.230190791763121683e-02,1.278501505454435368e-02,2.971570362973385837e-02,1.687016779386621770e-02,3.019986988032015429e-02,1.037931399694370059e-02,9.214288956470428199e-03,1.979029549271480934e-02,1.683990740320457508e-02,2.133357541645862498e-02,1.556897099541555002e-02,1.868579123356482394e-02,8.442648994598520376e-03,5.235047584464315104e-03,1.752076619309155328e-02,3.240887839862012509e-02,4.293949434887204403e-02,1.326918130513064960e-02,4.585962204772063566e-02,6.033921897931702333e-02,6.855491504395322400e-02,1.847396849893332207e-02,6.769249391009637962e-02,4.572345028974324210e-02,6.678468219024707997e-02,3.955033059476797952e-02,9.224880093202003639e-02,3.582830254338583570e-02,2.337615178611955960e-02,2.665940417290787318e-02,1.670373564522718152e-02,3.172801960873315036e-02,3.936876825079811681e-02,5.328854795515410026e-02,3.841556594495634802e-02,9.696942187523641121e-02,1.012058765678664901e-01,2.968544323907221574e-02,6.832796211399089215e-02,1.900655137457824551e-01,8.934380342850226087e-02,1.170169306885751881e-01,8.518299971252628333e-02,2.063758643124082720e-02,6.106546835519646721e-02
1.762667756040730421e-02,3.629733859864130857e-02,2.452604663126201068e-02,1.230084880395805949e-02,5.233534564931233146e-02,6.106546835519646721e-02,6.858517543461485622e-02,1.145355786543204336e-02,8.357919900745919284e-02,3.930824746947483156e-02,5.959783940810675640e-02,3.266609171924409610e-02,1.035207964534822084e-01,3.033604163829755132e-02,0.000000000000000000e+00,2.264990241024011572e-02,1.762667756040730421e-02,3.304434660251463762e-02,2.811190292466675747e-02,6.468158503926285663e-02,2.799086136202018349e-02,1.124324815033362068e-01,9.410981495771110483e-02,3.198523292935712137e-02,8.015977486269347529e-02,1.590788737082595716e-01,1.011604859818740210e-01,1.242642942520387900e-01,8.515273932186465111e-02,2.274068358222504707e-02,7.105139727353880497e-02,2.414779174799146569e-02,1.410134204832584441e-02,3.239374820328930205e-02,1.814110420165524276e-02,3.296869562586052932e-02,1.115095395881560841e-02,9.849757160364940728e-03,2.159078873708259599e-02,1.848909869426414165e-02,2.301302709817983766e-02,1.683990740320457508e-02,1.997185783668467204e-02,9.047856807831388543e-03,5.583042077073214864e-03,1.945743119543673350e-02,3.557108922276186469e-02,4.647996005628432514e-02,1.438881575961145631e-02,4.940008775513291678e-02,6.568017793109709457e-02,7.422873829301136761e-02,1.988107666469974069e-02,7.307884344786891306e-02,4.870409876991511899e-02,7.150530313346345479e-02,4.298488493486450623e-02,1.001165025040473278e-01,3.885434160955018174e-02,2.508586385850241490e-02,2.871711073789962737e-02,1.792928146702374090e-02,3.449684535427352539e-02,4.194090145703781303e-02,5.793351792171636677e-02,4.166855794108301897e-02,1.059264975110828649e-01,1.104504259149985679e-01,3.246939917994341035e-02,7.412282692569560627e-02,2.082368783380993404e-01,9.696942187523641121e-02,1.271390313648949333e-01,9.383747144175631771e-02,2.210521537833053454e-02,6.666364062760049558e-02
1.210415626465737721e-02,2.470760897523186991e-02,1.659782427791142712e-02,8.382128213275233386e-03,3.617629703599473806e-02,4.197116184769945219e-02,4.772063607341171104e-02,7.958482744012224455e-03,5.788812733572390457e-02,2.721922140014827740e-02,4.163829755042137287e-02,2.237755889428532513e-02,7.153556352412510089e-02,2.080401857987986686e-02,2.264990241024011572e-02,0.000000000000000000e+00,1.240676017127381042e-02,2.271042319156340444e-02,1.954821236742166485e-02,4.446764407728504009e-02,1.918508767948194291e-02,7.705808481987502789e-02,6.468158503926285663e-02,2.184800205770656353e-02,5.575476979407804207e-02,1.095577443904800774e-01,6.971994008442648771e-02,8.666575885494681719e-02,5.885645983689649641e-02,1.603800705067102289e-02,4.861331759793018764e-02,1.638600154327992525e-02,9.486632472425218787e-03,2.168156990906752735e-02,1.233110919461970212e-02,2.257425143358600741e-02,7.686139228057433867e-03,6.642155750230735456e-03,1.487298201019775223e-02,1.230084880395805949e-02,1.532688787012240379e-02,1.121147474013889540e-02,1.399543068101009174e-02,6.157989499644440402e-03,3.827939418697895186e-03,1.308761896116078863e-02,2.470760897523186991e-02,3.171288941340232731e-02,1.000105911367315734e-02,3.414885086166462302e-02,4.490641974187886687e-02,5.120058099950070690e-02,1.348100403976215320e-02,5.070128455358358793e-02,3.354364304843175659e-02,4.983886341972675049e-02,2.918614679315510024e-02,6.857004523928403317e-02,2.721922140014827740e-02,1.750563599776073023e-02,1.972977471139152408e-02,1.248241114792792046e-02,2.373927647405928154e-02,2.914075620716263457e-02,4.038249133796317086e-02,2.852041819859894509e-02,7.360840028444767813e-02,7.675548091325859468e-02,2.210521537833053454e-02,5.106440924152330640e-02,1.424507890396864984e-01,6.749580137079569386e-02,8.787617448141255005e-02,6.489340777389436543e-02,1.576566353471623230e-02,4.533006521114187753e-02
9.244549347132070827e-03,1.972977471139152408e-02,1.332970208645393659e-02,6.611895359569091961e-03,2.871711073789962737e-02,3.284765406321395881e-02,3.776496754573101244e-02,6.233640476298548706e-03,4.561753892242748770e-02,2.151513776042848769e-02,3.281739367255231271e-02,1.744511521643744498e-02,5.649614936528830900e-02,1.644652232460321051e-02,1.762667756040730421e-02,1.240676017127381042e-02,0.000000000000000000e+00,1.803519283433949183e-02,1.523610669813747244e-02,3.485997004221324386e-02,1.517558591681418545e-02,6.053591151861770214e-02,5.082232611623015844e-02,1.676425642655046677e-02,4.428608173331517739e-02,8.562177537712012398e-02,5.492260905088284378e-02,6.832796211399089215e-02,4.602605419635967532e-02,1.286066603119846198e-02,3.817348281966320006e-02,1.322379071913818392e-02,7.353274930779356289e-03,1.697607916118197210e-02,9.713585402387545434e-03,1.795954185768538353e-02,6.052078132328688603e-03,5.159396607810206800e-03,1.186207313936422925e-02,9.789236379041653738e-03,1.205876567866491153e-02,8.866294463861529307e-03,1.112069356815396405e-02,4.902183287186237526e-03,2.995778675502700807e-03,1.039444419227452190e-02,1.938178021878262519e-02,2.519177522581816583e-02,7.792050595373186533e-03,2.735539315812567096e-02,3.572239117607008130e-02,4.083639719788782763e-02,1.075756888021424384e-02,4.018579879866249205e-02,2.675018534489280106e-02,3.900564356285839834e-02,2.284659494954079800e-02,5.468052592558970276e-02,2.159078873708259599e-02,1.358691540707790586e-02,1.558410119074637307e-02,9.940538332349870346e-03,1.859501006157989605e-02,2.280120436354833233e-02,3.121359296748521181e-02,2.264990241024011572e-02,5.735857049914514644e-02,5.994583390071565876e-02,1.718790189581347397e-02,4.018579879866249205e-02,1.117970132994416943e-01,5.303133463453012925e-02,6.947785695913334669e-02,5.079206572556851929e-02,1.260345271057449271e-02,3.578291195739336655e-02
1.733920384912169058e-02,3.640324996595706297e-02,2.469247877990104686e-02,1.240676017127381042e-02,5.316750639250752974e-02,6.142859304313618568e-02,6.953837774045662501e-02,1.154433903741697298e-02,8.454753150863177080e-02,3.994371567336934409e-02,6.071747386258756485e-02,3.278713328189066661e-02,1.047463422752787782e-01,3.063864554491398454e-02,3.304434660251463762e-02,2.271042319156340444e-02,1.803519283433949183e-02,0.000000000000000000e+00,2.847502761260647941e-02,6.530192304782654611e-02,2.820268409665168882e-02,1.129166477539225028e-01,9.476041335693644041e-02,3.169775921807150426e-02,8.109784697320442104e-02,1.589880925362746333e-01,1.022044694597007281e-01,1.266094745283161682e-01,8.607568123704477381e-02,2.346693295810448748e-02,7.159608430544837920e-02,2.413266155266064611e-02,1.393490989968680475e-02,3.209114429667286883e-02,1.802006263900866878e-02,3.316538816516121507e-02,1.127199552146218239e-02,9.698455207056722385e-03,2.198417381568396056e-02,1.814110420165524276e-02,2.289198553553326368e-02,1.670373564522718152e-02,2.060732604057918457e-02,9.078117198493032905e-03,5.643562858396501854e-03,1.938178021878262519e-02,3.587369312937829791e-02,4.696412630687062106e-02,1.455524790825049597e-02,4.997503517770414405e-02,6.605843281436762915e-02,7.510628962219902116e-02,1.986594646936892111e-02,7.404717594904150491e-02,4.930930658314798543e-02,7.245850543930522358e-02,4.295462454420286708e-02,1.011756161772048440e-01,3.965624196208373392e-02,2.535820737445720549e-02,2.903484483984688364e-02,1.839831752227921377e-02,3.473892847956667335e-02,4.275793200490218132e-02,5.847820495362594795e-02,4.185012028505288167e-02,1.071217829422177886e-01,1.116003207601410085e-01,3.231809722663519374e-02,7.478855552025176490e-02,2.085092218540541276e-01,9.855809238497269253e-02,1.292572587112099658e-01,9.462424159895904685e-02,2.313406866082641164e-02,6.687546336223200438e-02
1.449472712692720898e-02,3.068403613090645021e-02,2.094019033785726042e-02,1.050035555959027457e-02,4.522415384382612313e-02,5.177552842207192724e-02,5.884132964156567336e-02,9.668194816395079758e-03,7.100600668754633582e-02,3.402780929901805251e-02,5.160909627343288758e-02,2.821781429198250840e-02,8.840573131799131512e-02,2.600880577368253760e-02,2.811190292466675747e-02,1.954821236742166485e-02,1.523610669813747244e-02,2.847502761260647941e-02,0.000000000000000000e+00,5.539164510613832360e-02,2.370901608339763544e-02,9.578926663943231057e-02,8.043211837864826241e-02,2.714357042349416563e-02,6.866082641126897146e-02,1.349764725462605786e-01,8.659010787829270195e-02,1.069402205982479259e-01,7.280649993191412594e-02,1.976003510205316671e-02,6.111085894118892942e-02,1.991133705536138332e-02,1.165025040473272565e-02,2.729487237680238571e-02,1.514532552615254282e-02,2.827833507330579713e-02,9.562283449079327091e-03,8.366998017944412072e-03,1.777797951371552082e-02,1.541766904210733341e-02,1.953308217209084180e-02,1.414673263431830835e-02,1.727868306779840532e-02,7.655878837395790372e-03,4.887053091855416212e-03,1.615904861331759687e-02,3.036630202895919395e-02,3.955033059476797952e-02,1.234623938995052343e-02,4.231915634030835455e-02,5.575476979407804207e-02,6.283570120890261124e-02,1.683990740320457508e-02,6.286596159956424346e-02,4.204681282435356049e-02,6.164041577776768754e-02,3.634272918463377078e-02,8.488039580590985012e-02,3.343773168111600219e-02,2.177235108105245523e-02,2.472273917056269296e-02,1.553871060475390739e-02,2.942822991844824820e-02,3.646377074728034823e-02,5.051972220961372523e-02,3.537439668346118588e-02,9.174950448610291742e-02,9.474528316160561736e-02,2.738565354878731359e-02,6.295674277154918175e-02,1.764483379480429048e-01,8.406336525804547488e-02,1.090735781398937815e-01,8.019003525335512139e-02,1.951795197676001875e-02,5.649614936528830900e-02
3.389163754104065202e-02,7.121782942217784462e-02,4.841662505862950883e-02,2.392083881802914078e-02,1.032181925468657752e-01,1.196949752621306318e-01,1.347343894209674375e-01,2.236242869895450208e-02,1.645257440273553973e-01,7.733042833582981501e-02,1.176977894784621698e-01,6.339551843614300852e-02,2.029413099723117453e-01,5.949192804079100894e-02,6.468158503926285663e-02,4.446764407728504009e-02,3.485997004221324386e-02,6.530192304782654611e-02,5.539164510613832360e-02,0.000000000000000000e+00,5.442331260496573175e-02,2.219750956984854751e-01,1.860560119831146941e-01,6.161015538710604839e-02,1.580802808164253337e-01,3.111373367830178593e-01,1.993554536789070020e-01,2.453663776799358542e-01,1.678089964141437074e-01,4.533006521114187753e-02,1.399543068101009313e-01,4.652535064227679429e-02,2.705278925150923774e-02,6.303239374820328311e-02,3.504153238618310656e-02,6.453028308595464002e-02,2.187826244836820963e-02,1.873118181955728961e-02,4.150212579244397931e-02,3.555595902743104164e-02,4.464920642125489586e-02,3.252991996126670254e-02,3.997397606403098325e-02,1.738459443511415625e-02,1.104504259149985575e-02,3.793139969437005210e-02,7.094548590622304363e-02,9.179489507209538657e-02,2.796060097135854086e-02,9.648525562465011529e-02,1.292421285158791289e-01,1.447959693159638628e-01,3.859712828892621073e-02,1.445387559953399126e-01,9.521431921686109023e-02,1.408923789206118771e-01,8.247469474830920744e-02,1.955577746508707360e-01,7.711860560119830621e-02,4.988425400571921270e-02,5.660206073260405646e-02,3.525335512081460843e-02,6.797996762138198978e-02,8.360945939812082506e-02,1.175616177204847762e-01,8.041698818331745324e-02,2.145764301817136566e-01,2.199173891334937070e-01,6.251796710695535497e-02,1.453103959572118187e-01,4.052925423267214611e-01,1.939539739458036316e-01,2.519631428441740928e-01,1.870697350702797690e-01,4.557214833643502550e-02,1.305433253143298000e-01
1.517558591681418545e-02,3.080507769355302419e-02,2.077375818921822423e-02,1.054574614558274025e-02,4.480050837456311247e-02,5.168474725008699588e-02,5.891698061821978166e-02,1.000105911367315734e-02,7.142965215680933955e-02,3.367981480640915015e-02,5.083745631156098149e-02,2.802112175268182612e-02,8.829981995067556766e-02,2.561542069508117303e-02,2.799086136202018349e-02,1.918508767948194291e-02,1.517558591681418545e-02,2.820268409665168882e-02,2.370901608339763544e-02,5.442331260496573175e-02,0.000000000000000000e+00,9.433676788767343668e-02,7.972099919809964852e-02,2.731000257213320528e-02,6.861543582527650231e-02,1.357481125081324846e-01,8.540995264248861518e-02,1.056995445811205470e-01,7.197433918871892766e-02,1.953308217209084180e-02,5.993070370538483571e-02,2.131844522112780541e-02,1.189233353002587187e-02,2.721922140014827740e-02,1.562949177673883874e-02,2.790008019003525214e-02,9.622804230402614081e-03,8.366998017944412072e-03,1.920021787481276249e-02,1.555384080008472870e-02,1.935151982812098256e-02,1.450985732225803029e-02,1.703659994250525736e-02,7.837441181365652210e-03,4.690360552554733060e-03,1.655243369191896144e-02,2.992752636436536370e-02,3.903590395352003750e-02,1.243702056193545478e-02,4.269741122357889607e-02,5.592120194271708172e-02,6.416715839801491461e-02,1.694581877052032601e-02,6.236666515364713143e-02,4.174420891773712727e-02,6.080825503457249620e-02,3.681176523988924365e-02,8.598490006505983552e-02,3.311999757916874593e-02,2.121253385381205100e-02,2.425370311530722009e-02,1.555384080008472870e-02,2.918614679315510024e-02,3.526848531614543147e-02,4.805350037068978342e-02,3.599473469202487536e-02,8.801234623938994361e-02,9.312635226120768994e-02,2.770338765073456985e-02,6.288109179489506650e-02,1.770081551752833160e-01,8.164253400511400915e-02,1.077421209507814781e-01,7.882831767358117192e-02,1.871605162422647003e-02,5.661719092793487951e-02
