0.000000000000000000e+00,1.956035385152193190e-02,1.674842470392643931e-02,8.271587200591120487e-03,3.316844892346216406e-02,3.715030479669957642e-02,4.187106175981609307e-02,4.823382114488619296e-03,4.907534738613739123e-02,2.473266148067568282e-02,2.984339401900617736e-02,1.914985324603353870e-02,5.722378440508199549e-02,1.504484719114960664e-02,1.722050040023808889e-02,1.286919398206112439e-02,7.286385747418977661e-03,1.709735021859157267e-02,1.730260052133576754e-02,3.306582377209006662e-02,1.841095215615443093e-02,5.324192853184458313e-02,4.425196527164877713e-02,2.261858336241046041e-02,4.016748424703926734e-02,9.014593296525112709e-02,5.611543277026333904e-02,7.592208698507829645e-02,5.106627532275610087e-02,1.397754561687978431e-02,3.366104965004823590e-02,1.385439543523326635e-02,6.609059748363128872e-03,1.754890088462880346e-02,1.180189240779130205e-02,1.849305227725210957e-02,8.764187927177192333e-03,5.562283204367726198e-03,1.334126967837277571e-02,9.133638472116746218e-03,1.522957246361938445e-02,1.061144065187496176e-02,1.389544549578210567e-02,4.926007265860716730e-03,3.673980419121118321e-03,9.831489501447014667e-03,2.224913281747090479e-02,2.029925494140103967e-02,9.995689743642371949e-03,3.119804601711787667e-02,3.232692268221095538e-02,4.283573818271382144e-02,7.142710535498040039e-03,5.157940107961659498e-02,2.618993863015947957e-02,3.932595800578805867e-02,3.158802159233185108e-02,5.781901028304016477e-02,2.011452966893126013e-02,1.510642228197286649e-02,1.861620245889862579e-02,8.928388169372549615e-03,1.865725251944746685e-02,2.333695942201514592e-02,3.294267359044354693e-02,1.689209991584737433e-02,5.669013361794708605e-02,6.155456579298454467e-02,1.960140391207076949e-02,4.431354036247203698e-02,1.185525748650479300e-01,5.330350362266784298e-02,7.536791116766897169e-02,4.224051230475565216e-02,1.114509143900987292e-02,3.963383345990435097e-02
1.956035385152193190e-02,0.000000000000000000e+00,3.041809486668992785e-02,1.502432216087518785e-02,6.042568912789146596e-02,6.793785020832905641e-02,7.709201371072021969e-02,8.723137866628353013e-03,9.026908314689764679e-02,4.482666611933252415e-02,5.463763059050512350e-02,3.413312534635988549e-02,1.046366043389913986e-01,2.752406559799675662e-02,3.076702038135506120e-02,2.378851008805238018e-02,1.321811949672625774e-02,3.152644650150859124e-02,3.132119619876439637e-02,6.050778924898914113e-02,3.304529874181564436e-02,9.753494386404219785e-02,7.961659243447384571e-02,4.045483467088113738e-02,7.395168407873402294e-02,1.642823423164549157e-01,1.024609511299029163e-01,1.390365550789187388e-01,9.396358859629318216e-02,2.549208760082921285e-02,6.112354015722173267e-02,2.528683729808501451e-02,1.213029289218201662e-02,3.181379692535046821e-02,2.132550645512202095e-02,3.407155025553662564e-02,1.600952361404733154e-02,1.001621477391679074e-02,2.446583608710822810e-02,1.668684961310317946e-02,2.791404117321073103e-02,1.947825373042425326e-02,2.555366269165246923e-02,9.113113441842327425e-03,6.814310051107325475e-03,1.777467621764742059e-02,4.102953551856489134e-02,3.780710576548100554e-02,1.832885203505675228e-02,5.650540834547730651e-02,5.909156216005418544e-02,7.836456558773424730e-02,1.309496931507973978e-02,9.505141520083741635e-02,4.755649514583033810e-02,7.124238008251061738e-02,5.679275876931918349e-02,1.056423308224379576e-01,3.680137928203443959e-02,2.715461505305720447e-02,3.405102522526221032e-02,1.635844912871246490e-02,3.450257589129943764e-02,4.330781387902547103e-02,6.054883930953797871e-02,3.070544529053180483e-02,1.046776543995402431e-01,1.118203649350382745e-01,3.526200201145296420e-02,8.197697091603210751e-02,2.170316701217134270e-01,9.753494386404219785e-02,1.385029042917838293e-01,7.721516389236673938e-02,2.062765542579175423e-02,7.247388189897580046e-02
1.674842470392643931e-02,3.041809486668992785e-02,0.000000000000000000e+00,1.315654440590299790e-02,5.123047556495145816e-02,5.851686131237043842e-02,6.545432154512427492e-02,7.409535929065495623e-03,7.641468771166437524e-02,3.827918146179265513e-02,4.687916914677449365e-02,2.875556741446193623e-02,8.909915642125572355e-02,2.323433427064304849e-02,2.680568953839206764e-02,2.079185566798711152e-02,1.104246628763777376e-02,2.721619014388046084e-02,2.647728905400135307e-02,5.192832659428172487e-02,2.869399232363867638e-02,8.376264854990661535e-02,6.865622626793374539e-02,3.501570164815993175e-02,6.237556700396133108e-02,1.404322571375792861e-01,8.827815521027893020e-02,1.189630754705363197e-01,7.891874140514357205e-02,2.120235627347550472e-02,5.235935223004453687e-02,2.140760657621969959e-02,1.034461525830750531e-02,2.789351614293631224e-02,1.824675191395907364e-02,2.963814371626198249e-02,1.369019519303790906e-02,8.723137866628353013e-03,2.044293015332197469e-02,1.428542107099608008e-02,2.452741117793148795e-02,1.658422446173108203e-02,2.192073233308019023e-02,7.655836292358531546e-03,6.013833870404958724e-03,1.557849797828451781e-02,3.526200201145296420e-02,3.279899837852260497e-02,1.594794852322407169e-02,4.772069538802569538e-02,5.051209950534676918e-02,6.568009687814289899e-02,1.120666652983313104e-02,7.998604297941339092e-02,4.051640976170439723e-02,6.095933991502637539e-02,4.850064653845364421e-02,9.028960817717206211e-02,3.123909607766671426e-02,2.411691057244309475e-02,2.928921820159684566e-02,1.410069579852630227e-02,2.875556741446193623e-02,3.760185546273681068e-02,5.182570144290962744e-02,2.672358941729438900e-02,9.010488290470228256e-02,9.624186695675375491e-02,3.076702038135506120e-02,6.906672687342213512e-02,1.878861271320375059e-01,8.446049957923687512e-02,1.175468483816013571e-01,6.516697112128240488e-02,1.705630015804273161e-02,6.212926664066829169e-02
8.271587200591120487e-03,1.502432216087518785e-02,1.315654440590299790e-02,0.000000000000000000e+00,2.590258820631760259e-02,2.930974323187126793e-02,3.333264916565752134e-02,3.653455388846698661e-03,3.827918146179265513e-02,1.931405348822889598e-02,2.339853451283840577e-02,1.469592167648447328e-02,4.538084193674185585e-02,1.171979228669362341e-02,1.313601937562857910e-02,1.026251513720982667e-02,5.705958416288663820e-03,1.342336979947045435e-02,1.327969458754951586e-02,2.514316208616407602e-02,1.436752119209375872e-02,4.092691036719279390e-02,3.400997516471336579e-02,1.746680076353112482e-02,3.146487141068533139e-02,6.988772808439892847e-02,4.324623878820221118e-02,6.005623858295190687e-02,3.944910818743457837e-02,1.057039059132612244e-02,2.612836353933621972e-02,1.114509143900987292e-02,5.336507871349109935e-03,1.381334537468442702e-02,9.256788653763264180e-03,1.465487161593563396e-02,6.814310051107325475e-03,4.289731327353708129e-03,1.067301574269821987e-02,7.163235565772459700e-03,1.229449313437737390e-02,8.517887563884156410e-03,1.100141622708893444e-02,3.961330842962993565e-03,2.894029268693171231e-03,7.594261201535272565e-03,1.761047597545206331e-02,1.615319882596827003e-02,7.922661685925987129e-03,2.401428542107099731e-02,2.551261263110363164e-02,3.339422425648078119e-02,5.644383325465404840e-03,4.051640976170439723e-02,2.046345518359639695e-02,3.078754541162948347e-02,2.479423657149894267e-02,4.572976745140699267e-02,1.566059809938219818e-02,1.178136737751688153e-02,1.453172143428911600e-02,7.040085384125941738e-03,1.461382155538679464e-02,1.875987767081956428e-02,2.532788735863385557e-02,1.327969458754951586e-02,4.400566490835573774e-02,4.817224605406292964e-02,1.512694731224728528e-02,3.503622667843435401e-02,9.349151289998153258e-02,4.100901048829046908e-02,5.931733749307280257e-02,3.263479813632724769e-02,8.415262412512058976e-03,3.101332074464809713e-02
3.316844892346216406e-02,6.042568912789146596e-02,5.123047556495145816e-02,2.590258820631760259e-02,0.000000000000000000e+00,1.143449436587919005e-01,1.324274953305556168e-01,1.477802179758215192e-02,1.516799737279612426e-01,7.760513946758071380e-02,9.349151289998153258e-02,5.861948646374253585e-02,1.799839904763859411e-01,4.726914472198846806e-02,5.217462695757476426e-02,4.051640976170439723e-02,2.298803390735001256e-02,5.330350362266784298e-02,5.297510313827712841e-02,1.001416227088934990e-01,5.705958416288663820e-02,1.624145645614827327e-01,1.350752242359557487e-01,6.925145214589191467e-02,1.254079349767040774e-01,2.769852835532932156e-01,1.715276780033250514e-01,2.380082510621703284e-01,1.574475072350731697e-01,4.293836333408591888e-02,1.038771782188378789e-01,4.396461484780690016e-02,2.077133063771268925e-02,5.463763059050512350e-02,3.698610455450421913e-02,5.894788694813325042e-02,2.758564068882001646e-02,1.707682518831715388e-02,4.254838775887194446e-02,2.857084214199216016e-02,4.788489563022105266e-02,3.337369922620635893e-02,4.419039018082551729e-02,1.594794852322407169e-02,1.151454198394942681e-02,3.013074444284805434e-02,6.996982820549660365e-02,6.303236797274275327e-02,3.160854662260626641e-02,9.755546889431661317e-02,1.004905482235586289e-01,1.347057736910161896e-01,2.257753330186161936e-02,1.609572874119989394e-01,8.288007224810656215e-02,1.228628312226760499e-01,9.868434555940970576e-02,1.811744422323022796e-01,6.323761827548696202e-02,4.603764290552328498e-02,5.747008476837503488e-02,2.828349171815028318e-02,5.837318610044949646e-02,7.335645820077583978e-02,1.008394737382237588e-01,5.274932780525851128e-02,1.751606083618973408e-01,1.891792040393259489e-01,6.038463906734262143e-02,1.383592290798628943e-01,3.678701176084234747e-01,1.634202910449292778e-01,2.360994232466492870e-01,1.304981424847601601e-01,3.450257589129943764e-02,1.234785821309086484e-01
3.715030479669957642e-02,6.793785020832905641e-02,5.851686131237043842e-02,2.930974323187126793e-02,1.143449436587919005e-01,0.000000000000000000e+00,1.478212680363703568e-01,1.664579955255433841e-02,1.717534533363436755e-01,8.433734939759035543e-02,1.031998522197820206e-01,6.485909566716610564e-02,2.003037704480614134e-01,5.174360132181195226e-02,5.890683688758440589e-02,4.531926684591859600e-02,2.489686172287104010e-02,6.042568912789146596e-02,5.960468791691467955e-02,1.144680938404384202e-01,6.317604318466370217e-02,1.847868475606001537e-01,1.528499004536031658e-01,7.739988916483651893e-02,1.409453828944397802e-01,3.133556371995648848e-01,1.946183370620471753e-01,2.660454424170275445e-01,1.770078610865951085e-01,4.718704460089078595e-02,1.161921963834896682e-01,4.928059768888159303e-02,2.380903511832679897e-02,6.180086615627757712e-02,4.156318630569980077e-02,6.529012130292892457e-02,3.113647092629461682e-02,1.892407791301492156e-02,4.663286878348145426e-02,3.238849777303421523e-02,5.391925453090043452e-02,3.760185546273681068e-02,4.889062211366761862e-02,1.758995094517764451e-02,1.301286919398206114e-02,3.380472486196917092e-02,7.840561564828307795e-02,7.243283183842695594e-02,3.540567722337390616e-02,1.069148826994519852e-01,1.141807434165965363e-01,1.483754438537796816e-01,2.487633669259662131e-02,1.816465179286139431e-01,8.948913199646969796e-02,1.364298762340674376e-01,1.088031854846985835e-01,2.024588986268754665e-01,6.960037766055704456e-02,5.229777713922127702e-02,6.520802118183124940e-02,3.115699595656903562e-02,6.551589663594753477e-02,8.335214794441821173e-02,1.149812195972989004e-01,5.818846082797972386e-02,1.985386178444613070e-01,2.154922928511319447e-01,6.732209930009647181e-02,1.564417807516265968e-01,4.145645614827281888e-01,1.854436485293815828e-01,2.637261139960181411e-01,1.471028919767656540e-01,3.844338170398801241e-02,1.382155538679419593e-01
4.187106175981609307e-02,7.709201371072021969e-02,6.545432154512427492e-02,3.333264916565752134e-02,1.324274953305556168e-01,1.478212680363703568e-01,0.000000000000000000e+00,1.886250282219166172e-02,1.949467375464378760e-01,9.829436998419573135e-02,1.197019765604154240e-01,7.477268528971080241e-02,2.309476406477699584e-01,6.003571355267749154e-02,6.598797233225918435e-02,5.188727653373288728e-02,2.928921820159684566e-02,6.826625069271977098e-02,6.736314936064530245e-02,1.276451632766158195e-01,7.251493195952464499e-02,2.076106812257547951e-01,1.719792286693622996e-01,8.797027975616264484e-02,1.608751872909012504e-01,3.538104718704460083e-01,2.189815479977832990e-01,3.053508753925411878e-01,2.015763223250754410e-01,5.443238028776092169e-02,1.319964696947928118e-01,5.716220931425873564e-02,2.686726462921532749e-02,6.978510293302682410e-02,4.737176987336056549e-02,7.526528601629686732e-02,3.542620225364832148e-02,2.187968227253135264e-02,5.523285646846329278e-02,3.647297879764372502e-02,6.151351573243570708e-02,4.297941339463475646e-02,5.666960858767266379e-02,2.060713039551733197e-02,1.461382155538679464e-02,3.793025594712752524e-02,8.938650684509759359e-02,8.134069497752509370e-02,4.051640976170439723e-02,1.242380082510621681e-01,1.289382401839042624e-01,1.727181297592413900e-01,2.881714250528519608e-02,2.070359803780710550e-01,1.049239547628332686e-01,1.573243570534266500e-01,1.262494612179553000e-01,2.324459678578025823e-01,8.080704419039018427e-02,5.876316167566347087e-02,7.366433365489213902e-02,3.581617782886229590e-02,7.497793559245499728e-02,9.433303914123272738e-02,1.285893146692391464e-01,6.709632396707784774e-02,2.234149545370579526e-01,2.413948810574495507e-01,7.692781346852486934e-02,1.780751626608649274e-01,4.721577964327497434e-01,2.082264321339873936e-01,3.017384700642433693e-01,1.665400956466410731e-01,4.390303975698364031e-02,1.574680322653475850e-01
4.823382114488619296e-03,8.723137866628353013e-03,7.409535929065495623e-03,3.653455388846698661e-03,1.477802179758215192e-02,1.664579955255433841e-02,1.886250282219166172e-02,0.000000000000000000e+00,2.181810718170809280e-02,1.098089119681451564e-02,1.323864452700067654e-02,8.497362533609737617e-03,2.559471275220131029e-02,6.711684899735227174e-03,7.614786231809692225e-03,5.788058537386342461e-03,3.284004843907144776e-03,7.614786231809692225e-03,7.614786231809692225e-03,1.461382155538679464e-02,8.230537140042281166e-03,2.372693499722912033e-02,1.966297900289402933e-02,9.913589622544693308e-03,1.795940149011719666e-02,4.016748424703926734e-02,2.493791178341988116e-02,3.403050019498778805e-02,2.263910839268487921e-02,6.095933991502637365e-03,1.488064694895424936e-02,6.301184294246833968e-03,3.037704480614108853e-03,7.881611625377147809e-03,5.295457810800270615e-03,8.292112230865541014e-03,3.940805812688573904e-03,2.524578723753617346e-03,6.116459021777057026e-03,4.084481024609511526e-03,6.896410172205004116e-03,4.823382114488619296e-03,6.239609203423574987e-03,2.278278360460581856e-03,1.621477391679152728e-03,4.330781387902547450e-03,9.995689743642371949e-03,9.031013320744648784e-03,4.474456599823485071e-03,1.395702058660536551e-02,1.436752119209375872e-02,1.925247839740563613e-02,3.201904722809466135e-03,2.311118408899653226e-02,1.167874222614478409e-02,1.765152603600090436e-02,1.416227088934956212e-02,2.602573838796412228e-02,8.969438229921388936e-03,6.691159869460807513e-03,8.230537140042281166e-03,3.961330842962993565e-03,8.435787442786477769e-03,1.057039059132612244e-02,1.473697173703331260e-02,7.594261201535272565e-03,2.508158699534081965e-02,2.752406559799675662e-02,8.702612836353934220e-03,2.001190451755916269e-02,5.307772828964922585e-02,2.374746002750353913e-02,3.370209971059707349e-02,1.882145276164282413e-02,4.905482235586297070e-03,1.763100100572648210e-02
4.907534738613739123e-02,9.026908314689764679e-02,7.641468771166437524e-02,3.827918146179265513e-02,1.516799737279612426e-01,1.717534533363436755e-01,1.949467375464378760e-01,2.181810718170809280e-02,0.000000000000000000e+00,1.122719156010755087e-01,1.374561277477884258e-01,8.528150079021366847e-02,2.647523655097391293e-01,6.898462675232445995e-02,7.770776461895281817e-02,5.966626300773793939e-02,3.312739886291331953e-02,7.930871698035754647e-02,7.910346667761335160e-02,1.511668479711007484e-01,8.275692206646004245e-02,2.450688614765706708e-01,2.013300219617824016e-01,1.020504505244145266e-01,1.874140514357258702e-01,4.149955871184909939e-01,2.577943802467108636e-01,3.529484205989203982e-01,2.373104000328400409e-01,6.412019457728700134e-02,1.536503766343055299e-01,6.461279530387308012e-02,3.072597032080622362e-02,8.068389400874366457e-02,5.420660495474231150e-02,8.638985242503233186e-02,4.084481024609511179e-02,2.510211202561523844e-02,6.217031670121713621e-02,4.252786272859752220e-02,7.064715420455244810e-02,4.930112271915600836e-02,6.492067075798936548e-02,2.313170911927095105e-02,1.732312555161018980e-02,4.441616551384413442e-02,1.030151269473122411e-01,9.550296586687465061e-02,4.650971860183493456e-02,1.423000348925514691e-01,1.500995463968309296e-01,1.975534163912891772e-01,3.265532316660166995e-02,2.424827076619938127e-01,1.195993514090433335e-01,1.811744422323022796e-01,1.425668602861189238e-01,2.677695449600788202e-01,9.203423575049772543e-02,6.830730075326861550e-02,8.622565218283696764e-02,4.125531085158350847e-02,8.712875351491143616e-02,1.099731122103405068e-01,1.528499004536031658e-01,7.622996243919459569e-02,2.640955645409576724e-01,2.842716693007122375e-01,8.909915642125572355e-02,2.074259559532850294e-01,5.452474292399581701e-01,2.461156380205660743e-01,3.502596416329714080e-01,1.964655897867449430e-01,5.211305186675150442e-02,1.821596436854744372e-01
2.473266148067568282e-02,4.482666611933252415e-02,3.827918146179265513e-02,1.931405348822889598e-02,7.760513946758071380e-02,8.433734939759035543e-02,9.829436998419573135e-02,1.098089119681451564e-02,1.122719156010755087e-01,0.000000000000000000e+00,6.962090269083147376e-02,4.297941339463475646e-02,1.332279715112579810e-01,3.583670285913671816e-02,3.829970649206707739e-02,3.039756983641550905e-02,1.672789967365201705e-02,3.944910818743457837e-02,3.891545740029966199e-02,7.448533486586893237e-02,4.236366248640216492e-02,1.209540034071550224e-01,9.936167155846555021e-02,5.141520083742123770e-02,9.301943720366986912e-02,2.054350280166663267e-01,1.271525625500297685e-01,1.766999856324787954e-01,1.167463722008989929e-01,3.224482256111328021e-02,7.680466328687834965e-02,3.208062231891792293e-02,1.506537222142402717e-02,4.022905933786252025e-02,2.701093984113626598e-02,4.468299090741158913e-02,2.034030500194987726e-02,1.266394367931692778e-02,3.136224625931323395e-02,2.101763100100572518e-02,3.538515219309948390e-02,2.450688614765706916e-02,3.316844892346216406e-02,1.176084234724246273e-02,8.517887563884156410e-03,2.249543318076394072e-02,5.176412635208636759e-02,4.712546951006752610e-02,2.356273475503376305e-02,7.243283183842695594e-02,7.372590874571539887e-02,9.973112210340510930e-02,1.662527452227991961e-02,1.178547238357176563e-01,6.192401633792409682e-02,9.086430902485581607e-02,7.243283183842695594e-02,1.337410972681184751e-01,4.765912029720243553e-02,3.396892510416452821e-02,4.277416309189056159e-02,2.130498142484760216e-02,4.328728884875104876e-02,5.418607992446788924e-02,7.503951068327825713e-02,3.918228279386712365e-02,1.301286919398206010e-01,1.387697296853512841e-01,4.464194084686275155e-02,1.025430512510005915e-01,2.723671517415487964e-01,1.214055540731922567e-01,1.763715851480880947e-01,9.706286816773054826e-02,2.606678844851295987e-02,9.152110999363724519e-02
2.984339401900617736e-02,5.463763059050512350e-02,4.687916914677449365e-02,2.339853451283840577e-02,9.349151289998153258e-02,1.031998522197820206e-01,1.197019765604154240e-01,1.323864452700067654e-02,1.374561277477884258e-01,6.962090269083147376e-02,0.000000000000000000e+00,5.248250241169105657e-02,1.623529894706594590e-01,4.254838775887194446e-02,4.698179429814659108e-02,3.669875413066234215e-02,2.048398021387081575e-02,4.815172102378850738e-02,4.745386999445824067e-02,9.057695860101393215e-02,5.100470023193284103e-02,1.474723425217052131e-01,1.218776297695039063e-01,6.217031670121713621e-02,1.135444674780895363e-01,2.507748198928593242e-01,1.551281788140637385e-01,2.158001683052482578e-01,1.426284353769421698e-01,3.866915703700662954e-02,9.338888774860942821e-02,3.996223394429506554e-02,1.884197779191724292e-02,4.930112271915600836e-02,3.331212413538309908e-02,5.330350362266784298e-02,2.479423657149894267e-02,1.537324767554032121e-02,3.848443176453685000e-02,2.551261263110363164e-02,4.312308860655569148e-02,3.008969438229921328e-02,4.012643418649042282e-02,1.442909628291701683e-02,1.044724040967960448e-02,2.694936475031300613e-02,6.317604318466370217e-02,5.775743519221691186e-02,2.863241723281542001e-02,8.772397939286960544e-02,9.086430902485581607e-02,1.213234539520945815e-01,2.011452966893126013e-02,1.462203156749656285e-01,7.419798444202704846e-02,1.106504382093963651e-01,8.819605508918125503e-02,1.630918905605385771e-01,5.687485889041686560e-02,4.170686151762073579e-02,5.213357689702591974e-02,2.543051251000595300e-02,5.283142792635619339e-02,6.658319821021735363e-02,9.226001108351634949e-02,4.714599454034194836e-02,1.601568112312965753e-01,1.708503520042692070e-01,5.424765501529114908e-02,1.261673610968576109e-01,3.327312657786170025e-01,1.485806941565238903e-01,2.134603148539644113e-01,1.187578251677921248e-01,3.162907165288068867e-02,1.109377886332382351e-01
1.914985324603353870e-02,3.413312534635988549e-02,2.875556741446193623e-02,1.469592167648447328e-02,5.861948646374253585e-02,6.485909566716610564e-02,7.477268528971080241e-02,8.497362533609737617e-03,8.528150079021366847e-02,4.297941339463475646e-02,5.248250241169105657e-02,0.000000000000000000e+00,1.010036739804191230e-01,2.664148929619671036e-02,2.982286898873175857e-02,2.237228299911742449e-02,1.274604380041460643e-02,2.982286898873175857e-02,2.996654420065269706e-02,5.662855852712382621e-02,3.271689825742492980e-02,9.164426017528376489e-02,7.696886352907369999e-02,3.930543297551363641e-02,7.072925432565013715e-02,1.578990579011104178e-01,9.650869235032122351e-02,1.332895466020812270e-01,8.854498060384638491e-02,2.417848566326635459e-02,5.861948646374253585e-02,2.499948687424314100e-02,1.178136737751688153e-02,3.099279571437367833e-02,2.105868106155456623e-02,3.302477371154122210e-02,1.572217319020545456e-02,9.667289259251657385e-03,2.403481045134541610e-02,1.635844912871246490e-02,2.709303996223394462e-02,1.892407791301492156e-02,2.434268590546171188e-02,8.805237987726031654e-03,6.362759385070092949e-03,1.734365058188460859e-02,3.897703249112292184e-02,3.538515219309948390e-02,1.771310112682416074e-02,5.474025574187722093e-02,5.613595780053775436e-02,7.545001128876664687e-02,1.262289361876808846e-02,9.014593296525112709e-02,4.605816793579770724e-02,6.894357669177561543e-02,5.593070749779355949e-02,1.023993760390796565e-01,3.517990189035528903e-02,2.606678844851295987e-02,3.212167237946676052e-02,1.568112312965661698e-02,3.286057346934586482e-02,4.109111060938815119e-02,5.732640955645409292e-02,2.972024383735966113e-02,9.767861907596313287e-02,1.076743088196055048e-01,3.429732558855524277e-02,7.756408940703186927e-02,2.076106812257547951e-01,9.205476078077215463e-02,1.323248701791835125e-01,7.352065844297120401e-02,1.919090330658237628e-02,6.937460232753843437e-02
5.722378440508199549e-02,1.046366043389913986e-01,8.909915642125572355e-02,4.538084193674185585e-02,1.799839904763859411e-01,2.003037704480614134e-01,2.309476406477699584e-01,2.559471275220131029e-02,2.647523655097391293e-01,1.332279715112579810e-01,1.623529894706594590e-01,1.010036739804191230e-01,0.000000000000000000e+00,8.140227006834835355e-02,9.000225775333019207e-02,7.056505408345477293e-02,3.940805812688573384e-02,9.285523696147451878e-02,9.156216005418607584e-02,1.737854313335112089e-01,9.858172040803760139e-02,2.825475667576609617e-01,2.336364196137189209e-01,1.192093758338293591e-01,2.192073233308019231e-01,4.815787853287083475e-01,2.969356129800291288e-01,4.133125346359886043e-01,2.740296791937767984e-01,7.411588432092937329e-02,1.793682395681533703e-01,7.735883910428767440e-02,3.616510334352743272e-02,9.486668992836765069e-02,6.424334475893352103e-02,1.022967508877075660e-01,4.798752078159315010e-02,2.951499353461546279e-02,7.430060959339915283e-02,4.952689805217462549e-02,8.333162291414379641e-02,5.837318610044949646e-02,7.666098807495741463e-02,2.772931590074095495e-02,1.986822930563822420e-02,5.186675150345846502e-02,1.209950534677038669e-01,1.107325383304940403e-01,5.494550604462141580e-02,1.679973727961248664e-01,1.746885326655856774e-01,2.334722193715235705e-01,3.877178218837872697e-02,2.812339648200981035e-01,1.420126844687095991e-01,2.125572135218899428e-01,1.706861517620738566e-01,3.149771145912440007e-01,1.091110609388148828e-01,7.990394285831571575e-02,1.002442478602655895e-01,4.864432175037457923e-02,1.018452002216703317e-01,1.284661644875926267e-01,1.753658586646415218e-01,9.080273393403255622e-02,3.040783235155271602e-01,3.288725600870261445e-01,1.045339791876193081e-01,2.416411814207425901e-01,6.418587467416514425e-01,2.827117669998563398e-01,4.097411793682395609e-01,2.260011083516348107e-01,5.997413846185423170e-02,2.135218899447876573e-01
1.504484719114960664e-02,2.752406559799675662e-02,2.323433427064304849e-02,1.171979228669362341e-02,4.726914472198846806e-02,5.174360132181195226e-02,6.003571355267749154e-02,6.711684899735227174e-03,6.898462675232445995e-02,3.583670285913671816e-02,4.254838775887194446e-02,2.664148929619671036e-02,8.140227006834835355e-02,0.000000000000000000e+00,2.372693499722912033e-02,1.873935264054514549e-02,1.044724040967960448e-02,2.401428542107099731e-02,2.395271033024773746e-02,4.558609223948605071e-02,2.600521335768970349e-02,7.403378419983169811e-02,6.100038997557521298e-02,3.138277128958764928e-02,5.666960858767266379e-02,1.252232097042343117e-01,7.803616510334353273e-02,1.082284846370148435e-01,7.163235565772459179e-02,1.951930379097309085e-02,4.675601896512797395e-02,1.988875433591264646e-02,9.338888774860942821e-03,2.436321093573613067e-02,1.666632458282876067e-02,2.670306438701997021e-02,1.245869337657273118e-02,7.881611625377147809e-03,1.941667863960099341e-02,1.270499373986576711e-02,2.161285687896389793e-02,1.502432216087518785e-02,2.029925494140103967e-02,7.368485868516656302e-03,5.233882719977011634e-03,1.350546992056813299e-02,3.185484698589930580e-02,2.830401674842470544e-02,1.436752119209375872e-02,4.425196527164877713e-02,4.554504217893721313e-02,6.112354015722173267e-02,1.028304016748424719e-02,7.247388189897580046e-02,3.801235606822520041e-02,5.578703228587262447e-02,4.441616551384413442e-02,8.179224564356232796e-02,2.889924262638287472e-02,2.097658094045688759e-02,2.610783850906180092e-02,1.297181913343322182e-02,2.655938917509903172e-02,3.312739886291331953e-02,4.601711787524886271e-02,2.403481045134541610e-02,7.992446788859013107e-02,8.501467539664621376e-02,2.733934032552698054e-02,6.284764270027298760e-02,1.666837708585620081e-01,7.452638492641776302e-02,1.070996079719217647e-01,5.929681246279838031e-02,1.576322325075429562e-02,5.591018246751913723e-02
1.722050040023808889e-02,3.076702038135506120e-02,2.680568953839206764e-02,1.313601937562857910e-02,5.217462695757476426e-02,5.890683688758440589e-02,6.598797233225918435e-02,7.614786231809692225e-03,7.770776461895281817e-02,3.829970649206707739e-02,4.698179429814659108e-02,2.982286898873175857e-02,9.000225775333019207e-02,2.372693499722912033e-02,0.000000000000000000e+00,2.034030500194987726e-02,1.139139180230290885e-02,2.713409002278278220e-02,2.715461505305720447e-02,5.260565259333757626e-02,2.937131832269452431e-02,8.446049957923687512e-02,7.033927875043616273e-02,3.520042692062971129e-02,6.329919336631022186e-02,1.433057613759980420e-01,8.918125654235339872e-02,1.192914759549270343e-01,8.035549352435295001e-02,2.171548203033599536e-02,5.311877835019806343e-02,2.151023172759179702e-02,1.052934053077728312e-02,2.772931590074095495e-02,1.836990209560558987e-02,2.922764311077358929e-02,1.391597052605652619e-02,8.702612836353934220e-03,2.044293015332197469e-02,1.463434658566121344e-02,2.405533548161983490e-02,1.656369943145665977e-02,2.159233184868947567e-02,7.594261201535272565e-03,5.870158658484021102e-03,1.561954803883335713e-02,3.532357710227622405e-02,3.224482256111328021e-02,1.588637343240081184e-02,4.829539623570944934e-02,5.084049998973748374e-02,6.676792348268713317e-02,1.124771659038197036e-02,8.129964491697624918e-02,4.045483467088113738e-02,6.112354015722173267e-02,4.965004823382114518e-02,9.135690975144188097e-02,3.132119619876439637e-02,2.434268590546171188e-02,2.928921820159684566e-02,1.381334537468442702e-02,2.945341844379220295e-02,3.721187988752283626e-02,5.260565259333757626e-02,2.664148929619671036e-02,9.006383284415345192e-02,9.829436998419573135e-02,3.047966995751318769e-02,6.972352784220356425e-02,1.884813530099956891e-01,8.491205024527410938e-02,1.182241743806572154e-01,6.609059748363128872e-02,1.726155046078692995e-02,6.278606760944972776e-02
1.286919398206112439e-02,2.378851008805238018e-02,2.079185566798711152e-02,1.026251513720982667e-02,4.051640976170439723e-02,4.531926684591859600e-02,5.188727653373288728e-02,5.788058537386342461e-03,5.966626300773793939e-02,3.039756983641550905e-02,3.669875413066234215e-02,2.237228299911742449e-02,7.056505408345477293e-02,1.873935264054514549e-02,2.034030500194987726e-02,0.000000000000000000e+00,8.702612836353934220e-03,2.105868106155456623e-02,2.046345518359639695e-02,3.992118388374622795e-02,2.235175796884300570e-02,6.448964512222656043e-02,5.295457810800270615e-02,2.688778965948974628e-02,4.901377229531413832e-02,1.088442355452474281e-01,6.818415057162209580e-02,9.388148847519550699e-02,6.188296627737525923e-02,1.683052482502411795e-02,4.041378461033229980e-02,1.697420003694505297e-02,8.025286837298084563e-03,2.140760657621969959e-02,1.432647113154491940e-02,2.382956014860121777e-02,1.075511586379589851e-02,6.732209930009646834e-03,1.646107428008456233e-02,1.114509143900987292e-02,1.906775312493586005e-02,1.301286919398206114e-02,1.783625130847068044e-02,6.219084173149155327e-03,4.659181872293262014e-03,1.192504258943782001e-02,2.752406559799675662e-02,2.557418772192689149e-02,1.247921840684714997e-02,3.788920588657868072e-02,3.934648303606248093e-02,5.233882719977012155e-02,8.784712957451612861e-03,6.243714209478459093e-02,3.230639765193654006e-02,4.767964532747685780e-02,3.793025594712752524e-02,7.091397959811990281e-02,2.530736232835943331e-02,1.845200221670326851e-02,2.298803390735001256e-02,1.132981671147964900e-02,2.292645881652675272e-02,2.912501795940149185e-02,4.045483467088113738e-02,2.079185566798711152e-02,7.011350341741753867e-02,7.428008456312473751e-02,2.362430984585702290e-02,5.424765501529114908e-02,1.456045647667330301e-01,6.522854621210566473e-02,9.308101229449312897e-02,5.114837544385378298e-02,1.373124525358674838e-02,4.856222162927690406e-02
7.286385747418977661e-03,1.321811949672625774e-02,1.104246628763777376e-02,5.705958416288663820e-03,2.298803390735001256e-02,2.489686172287104010e-02,2.928921820159684566e-02,3.284004843907144776e-03,3.312739886291331953e-02,1.672789967365201705e-02,2.048398021387081575e-02,1.274604380041460643e-02,3.940805812688573384e-02,1.044724040967960448e-02,1.139139180230290885e-02,8.702612836353934220e-03,0.000000000000000000e+00,1.151454198394942681e-02,1.155559204449826613e-02,2.169495700006157657e-02,1.252026846739598930e-02,3.548777734447158133e-02,2.955604359516430385e-02,1.500379713060076732e-02,2.766774080991769511e-02,6.063093943063566083e-02,3.712977976642515415e-02,5.205147677592824457e-02,3.458467601239711975e-02,9.420988895958621462e-03,2.276225857433139543e-02,9.605714168428399272e-03,4.556556720921163713e-03,1.176084234724246273e-02,8.004761807023665771e-03,1.284866895178670386e-02,5.993308840130539064e-03,3.673980419121118321e-03,9.297838714312103500e-03,6.219084173149155327e-03,1.028304016748424719e-02,7.286385747418977661e-03,9.605714168428399272e-03,3.427680055828082398e-03,2.463003632930358365e-03,6.547484657539869891e-03,1.533219761499148188e-02,1.362862010221465095e-02,6.896410172205004116e-03,2.140760657621969959e-02,2.190020730280577144e-02,2.976129389790849872e-02,4.926007265860716730e-03,3.548777734447158133e-02,1.800045155066603772e-02,2.690831468976416854e-02,2.155128178814063808e-02,3.963383345990435097e-02,1.381334537468442702e-02,9.975164713367951422e-03,1.256131852794482862e-02,6.157509082325896346e-03,1.288971901233554318e-02,1.584532337185197426e-02,2.190020730280577144e-02,1.145296689312616696e-02,3.817655631042055769e-02,4.123478582130908621e-02,1.303339422425647993e-02,3.031546971531783041e-02,8.031444346380410548e-02,3.544672728392274375e-02,5.188727653373288728e-02,2.871451735391309865e-02,7.614786231809692225e-03,2.705198990168510356e-02
1.709735021859157267e-02,3.152644650150859124e-02,2.721619014388046084e-02,1.342336979947045435e-02,5.330350362266784298e-02,6.042568912789146596e-02,6.826625069271977098e-02,7.614786231809692225e-03,7.930871698035754647e-02,3.944910818743457837e-02,4.815172102378850738e-02,2.982286898873175857e-02,9.285523696147451878e-02,2.401428542107099731e-02,2.713409002278278220e-02,2.105868106155456623e-02,1.151454198394942681e-02,0.000000000000000000e+00,2.754459062827117541e-02,5.307772828964922585e-02,2.930974323187126793e-02,8.602040188009277277e-02,7.031875372016173353e-02,3.571355267749019846e-02,6.481804560661727499e-02,1.442088627080724828e-01,9.033065823772090663e-02,1.232117567373411937e-01,8.232589643069723739e-02,2.226965784774532706e-02,5.361137907678413528e-02,2.243385808994068434e-02,1.081669095461915836e-02,2.834506680897354303e-02,1.898565300383818141e-02,3.031546971531783041e-02,1.412122082880072280e-02,8.846288048274870974e-03,2.169495700006157657e-02,1.467539664621005276e-02,2.485581166232220252e-02,1.724102543051251116e-02,2.276225857433139543e-02,8.066336897846923884e-03,6.136984052051476686e-03,1.557849797828451781e-02,3.620615340407627031e-02,3.351737443812729395e-02,1.621477391679152641e-02,4.975267338519324262e-02,5.237987726031895913e-02,6.890252663122678478e-02,1.153506701422384560e-02,8.361897333798568033e-02,4.178896163871841790e-02,6.299131791219392262e-02,5.016317399068163929e-02,9.379938835409781794e-02,3.251164795468073493e-02,2.413743560271751354e-02,3.029494468504341162e-02,1.449067137374027668e-02,3.025389462449457056e-02,3.844338170398801241e-02,5.295457810800270615e-02,2.711356499250836341e-02,9.232158617433960934e-02,9.860224543831201671e-02,3.121857104739229546e-02,7.198128117238973556e-02,1.920527082777447048e-01,8.565095133515321368e-02,1.219186798300527508e-01,6.779417499640812139e-02,1.789782639929394029e-02,6.366864391124976708e-02
1.730260052133576754e-02,3.132119619876439637e-02,2.647728905400135307e-02,1.327969458754951586e-02,5.297510313827712841e-02,5.960468791691467955e-02,6.736314936064530245e-02,7.614786231809692225e-03,7.910346667761335160e-02,3.891545740029966199e-02,4.745386999445824067e-02,2.996654420065269706e-02,9.156216005418607584e-02,2.395271033024773746e-02,2.715461505305720447e-02,2.046345518359639695e-02,1.155559204449826613e-02,2.754459062827117541e-02,0.000000000000000000e+00,5.260565259333757626e-02,2.910449292912706959e-02,8.519940066911599330e-02,7.040085384125942258e-02,3.591880298023439333e-02,6.516697112128240488e-02,1.445988382832864572e-01,8.920178157262781404e-02,1.217134295273085559e-01,8.234642146097165272e-02,2.233123293856858343e-02,5.379610434925391482e-02,2.249543318076394072e-02,1.071406580324705919e-02,2.805771638513166952e-02,1.890355288274050277e-02,2.953551856488988159e-02,1.422384598017282023e-02,8.702612836353934220e-03,2.151023172759179702e-02,1.471644670675889208e-02,2.436321093573613067e-02,1.713840027914041025e-02,2.231070790829416464e-02,7.943186716200405922e-03,6.013833870404958724e-03,1.557849797828451781e-02,3.585722788941113348e-02,3.288109849962028708e-02,1.607109870487059139e-02,4.926007265860717077e-02,5.196937665483056246e-02,6.822520063217092645e-02,1.135034174175406953e-02,8.359844830771125113e-02,4.166581145707189821e-02,6.253976724615668836e-02,5.028632417232815205e-02,9.297838714312103847e-02,3.177274686480162369e-02,2.391166026969889641e-02,2.998706923092711585e-02,1.408017076825188348e-02,3.015126947312247313e-02,3.799183103795077815e-02,5.305720325937481052e-02,2.678516450811764885e-02,9.156216005418607584e-02,9.895117095297716048e-02,3.117752098684345441e-02,7.194023111184089103e-02,1.891586790090515335e-01,8.521992569939040862e-02,1.214466041337411012e-01,6.826625069271977098e-02,1.808255167176371636e-02,6.327866833603579266e-02
3.306582377209006662e-02,6.050778924898914113e-02,5.192832659428172487e-02,2.514316208616407602e-02,1.001416227088934990e-01,1.144680938404384202e-01,1.276451632766158195e-01,1.461382155538679464e-02,1.511668479711007484e-01,7.448533486586893237e-02,9.057695860101393215e-02,5.662855852712382621e-02,1.737854313335112089e-01,4.558609223948605071e-02,5.260565259333757626e-02,3.992118388374622795e-02,2.169495700006157657e-02,5.307772828964922585e-02,5.260565259333757626e-02,0.000000000000000000e+00,5.556125695285400734e-02,1.639334168017897719e-01,1.347878738121138786e-01,6.775312493585927687e-02,1.236017323125551542e-01,2.763490076147862573e-01,1.736828061821391322e-01,2.319123170706676729e-01,1.563391556002545202e-01,4.224051230475565216e-02,1.023378009482563966e-01,4.150161121487654092e-02,2.021715482030336103e-02,5.361137907678413528e-02,3.569302764721577620e-02,5.693643398124012545e-02,2.674411444756881126e-02,1.676894973420085810e-02,3.957225836908109112e-02,2.807824141540608831e-02,4.661234375320703893e-02,3.199852219782024082e-02,4.250733769832310688e-02,1.490117197922866989e-02,1.147349192340058749e-02,3.011021941257363208e-02,6.820467560189651113e-02,6.346339360850557221e-02,3.074649535108064241e-02,9.355308799080479243e-02,9.907432113462368017e-02,1.288561400628066012e-01,2.177705712115925521e-02,1.581658832946778726e-01,7.852876582992959764e-02,1.188399252888898000e-01,9.425093902013505220e-02,1.760842347242462247e-01,6.130826542969151222e-02,4.648919357156051924e-02,5.738798464727735277e-02,2.738039038607581813e-02,5.726483446563084001e-02,7.265860717144558001e-02,1.024199010693540718e-01,5.149730095851891287e-02,1.763305350875392641e-01,1.895281295539910926e-01,5.888631185730999057e-02,1.358757004166581128e-01,3.632725108269534431e-01,1.655548941934689433e-01,2.296135136799326848e-01,1.291640155169228865e-01,3.446152583075060005e-02,1.212208288007224771e-01
1.841095215615443093e-02,3.304529874181564436e-02,2.869399232363867638e-02,1.436752119209375872e-02,5.705958416288663820e-02,6.317604318466370217e-02,7.251493195952464499e-02,8.230537140042281166e-03,8.275692206646004245e-02,4.236366248640216492e-02,5.100470023193284103e-02,3.271689825742492980e-02,9.858172040803760139e-02,2.600521335768970349e-02,2.937131832269452431e-02,2.235175796884300570e-02,1.252026846739598930e-02,2.930974323187126793e-02,2.910449292912706959e-02,5.556125695285400734e-02,0.000000000000000000e+00,8.987910757168367237e-02,7.530633607684571185e-02,3.815603128014613543e-02,6.865622626793374539e-02,1.534246013012869059e-01,9.517456538248393605e-02,1.304570924242113295e-01,8.649247757640442236e-02,2.362430984585702290e-02,5.722378440508199549e-02,2.401428542107099731e-02,1.149401695367500628e-02,3.011021941257363208e-02,2.027872991112661741e-02,3.214219740974118278e-02,1.512694731224728528e-02,9.441513926233041989e-03,2.274173354405697664e-02,1.574269822047987683e-02,2.639518893290367443e-02,1.828780197450791123e-02,2.387061020915005882e-02,8.456312473060898297e-03,6.301184294246833968e-03,1.689209991584737433e-02,3.856653188563453211e-02,3.448205086102502231e-02,1.740522567270786844e-02,5.324192853184458313e-02,5.486340592352374063e-02,7.354118347324561933e-02,1.252026846739598930e-02,8.762135424149750107e-02,4.474456599823484898e-02,6.674739845241271785e-02,5.480183083270048078e-02,9.938219658873996554e-02,3.460520104267153507e-02,2.616941359988506077e-02,3.150592147123416897e-02,1.516799737279612460e-02,3.191642207672256565e-02,3.996223394429506554e-02,5.599228258861681934e-02,2.916606801995032944e-02,9.642659222922353446e-02,1.052934053077728277e-01,3.325054904455983923e-02,7.557316147041316656e-02,2.043472014121220925e-01,9.031013320744647743e-02,1.286303647297879771e-01,7.138605529443155240e-02,1.873935264054514549e-02,6.816362554134766660e-02
