0.000000000000000000e+00,1.524090462143559525e-02,1.194963399978149314e-02,6.705451764448814439e-03,2.107232601332896180e-02,2.769583743035070392e-02,3.359554244509996984e-02,8.890527695837429842e-03,3.587621544848683397e-02,1.970665355621107825e-02,2.531956735496558586e-02,1.760351797224953690e-02,5.095323937506828632e-02,1.339724680432645074e-02,1.638806948541461986e-02,1.499508357915437483e-02,1.274172402490986525e-02,2.153665464874904290e-02,1.595105429913689504e-02,3.858024691358024477e-02,1.924232492079099716e-02,6.200152955315197528e-02,4.987435813394515416e-02,1.630612913798754407e-02,3.867584398557850217e-02,9.058505408062930697e-02,5.730361630066644479e-02,7.489347754834480009e-02,4.503987763574784225e-02,1.281000764776575943e-02,3.825248552387195550e-02,1.685239812083469749e-02,1.173112640664263073e-02,1.901016060308095834e-02,9.546050475254015330e-03,1.421665027859718086e-02,4.615972905058450364e-03,3.100076477657598591e-03,1.633344258712990382e-02,1.214082814377799580e-02,1.121217087293783533e-02,8.576423030700316974e-03,1.072052878837539622e-02,3.933136676499508592e-03,3.468808041079427494e-03,9.764558068392876003e-03,1.817710040423904660e-02,1.978859390363815057e-02,9.245602534688080604e-03,2.395389489784769885e-02,3.182016825084671430e-02,3.705069376160821659e-02,1.153993226264612634e-02,3.711897738446411077e-02,2.346225281328526147e-02,2.934830110346334578e-02,2.148202775046433033e-02,5.050256746421938336e-02,1.666120397683819657e-02,1.808150333224079614e-02,1.541844204086091977e-02,9.737244619250519720e-03,1.972031028078225640e-02,1.954277286135693362e-02,2.866546487490440401e-02,1.929695181907571319e-02,5.296077788703157374e-02,5.623839178411450118e-02,1.117120069922429744e-02,4.034196438326231871e-02,1.060171528460614049e-01,5.219600131104555618e-02,6.900742925816671924e-02,5.174532940019666016e-02,1.059761826723478600e-02,3.031792854801704240e-02
1.524090462143559525e-02,0.000000000000000000e+00,1.974762372992461615e-02,1.123948432208019162e-02,3.418278160166066115e-02,4.565443024145088985e-02,5.367092756473287180e-02,1.403911285917185635e-02,5.958428930405331586e-02,3.186113842456025219e-02,4.068338249754178959e-02,2.658964274008521894e-02,8.136676499508357918e-02,2.200098328416912399e-02,2.536053752867912028e-02,2.419971594012891927e-02,2.049874358133945210e-02,3.515240904621435430e-02,2.631650824866164223e-02,6.327160493827160836e-02,2.951218179831749042e-02,1.012919261444335250e-01,7.916803233912378390e-02,2.508740303725554358e-02,6.400906806511526270e-02,1.464683710258931626e-01,9.345296624057686241e-02,1.212307440183546386e-01,7.407407407407406996e-02,2.032120616191412585e-02,6.226100732000437038e-02,2.664426963836993498e-02,1.914672784879274670e-02,3.060471976401180072e-02,1.517262099857970108e-02,2.324374522014640079e-02,7.661422484431333786e-03,4.834480498197312771e-03,2.571561236752977278e-02,1.997978804763465496e-02,1.838195127280672914e-02,1.387523216431770998e-02,1.678411449797880331e-02,6.350376925598164544e-03,5.367092756473287180e-03,1.483120288430023019e-02,2.999016715830874966e-02,3.209330274227029101e-02,1.464000874030372580e-02,3.883972468043264681e-02,5.219600131104555618e-02,6.021249863432754507e-02,1.809516005681197429e-02,6.064951382060526641e-02,3.699606686332349709e-02,4.692450562657052293e-02,3.277613897082923972e-02,8.174915328307658102e-02,2.649404566808696501e-02,2.915710695946684139e-02,2.552441822353326839e-02,1.566426308314214019e-02,3.222986998798207936e-02,3.109636184857423810e-02,4.730689391456353171e-02,2.985359991259696130e-02,8.868676936523543775e-02,9.165027859718125058e-02,1.712553261225827766e-02,6.581175570851087453e-02,1.721566699442805548e-01,8.560034961214901816e-02,1.117120069922429848e-01,8.486288648530536383e-02,1.719381623511417184e-02,5.002458210422812412e-02
1.194963399978149314e-02,1.974762372992461615e-02,0.000000000000000000e+00,8.576423030700316974e-03,2.657598601551404080e-02,3.531628974106849894e-02,4.169398011580902758e-02,1.074784223751775424e-02,4.573637058887796564e-02,2.459576095269310619e-02,3.150606358570960663e-02,2.093575876761717344e-02,6.331257511198513932e-02,1.709821916311591791e-02,1.976128045449579429e-02,1.862777231508794956e-02,1.588277067628100087e-02,2.706762810007647818e-02,2.032120616191412585e-02,4.908226810881678032e-02,2.312083469900579058e-02,7.832131541571069056e-02,6.156451436687424700e-02,1.950180268764339572e-02,4.917786518081503078e-02,1.133917841144979760e-01,7.251720747295968550e-02,9.414945919370698579e-02,5.726264612695291384e-02,1.589642740085217901e-02,4.801704359226482977e-02,2.038948978477002003e-02,1.494045668086966053e-02,2.398120834699005860e-02,1.196329072435267128e-02,1.804053315852725825e-02,5.817764667322189269e-03,3.837539604501256398e-03,1.977493717906697243e-02,1.539112859171856175e-02,1.431224735059543306e-02,1.082978258494482655e-02,1.324702283404348251e-02,4.875450671910848931e-03,4.206271167923085301e-03,1.163552933464437854e-02,2.321643177100404104e-02,2.480061182126078873e-02,1.148530536436141204e-02,3.011307767944935987e-02,4.023271058669288663e-02,4.665137113514694622e-02,1.405276958374303449e-02,4.695181907571287921e-02,2.855621107833497194e-02,3.635420080847809321e-02,2.560635857096034071e-02,6.316235114170216935e-02,2.086747514476127927e-02,2.231508794930623860e-02,1.935157871736042923e-02,1.193597727521031326e-02,2.492352234240139894e-02,2.425434283841363531e-02,3.627226046105102436e-02,2.314814814814814686e-02,6.788757784333004919e-02,7.082377362613351268e-02,1.336993335518409272e-02,5.093958265049710471e-02,1.328526166284278442e-01,6.645362176335627147e-02,8.640609636184858056e-02,6.537474052223314624e-02,1.349284387632470293e-02,3.867584398557850217e-02
6.705451764448814439e-03,1.123948432208019162e-02,8.576423030700316974e-03,0.000000000000000000e+00,1.514530754943734306e-02,2.006172839506172728e-02,2.381732765213591049e-02,6.172839506172839164e-03,2.612531410466513784e-02,1.425762045231071702e-02,1.793127936195782965e-02,1.193597727521031326e-02,3.642248443133398739e-02,9.750901343821697861e-03,1.111657380093958314e-02,1.069321533923303820e-02,9.136348738118650267e-03,1.547306893914563580e-02,1.152627553807494820e-02,2.768218070577952578e-02,1.317873921118758833e-02,4.412487708947886167e-02,3.483830438107723970e-02,1.104829017808368896e-02,2.832404676062493312e-02,6.421391893368294523e-02,4.080629301868239633e-02,5.379383808587348548e-02,3.270785534797334554e-02,9.027094941549218196e-03,2.745001638806948696e-02,1.190866382606795525e-02,8.398885611274992460e-03,1.356112749918059711e-02,6.678138315306457289e-03,1.032448377581120930e-02,3.304927346225281122e-03,2.171419206817436828e-03,1.136239484322080183e-02,8.767617174696821364e-03,8.030154047853163557e-03,6.049928985032229818e-03,7.497541789577187414e-03,2.840598710805200457e-03,2.417240249098656386e-03,6.596197967879384103e-03,1.313776903747405217e-02,1.398448596088714031e-02,6.473287446738773890e-03,1.739866710368185437e-02,2.276575986015514155e-02,2.673986671036818544e-02,8.002840598710805539e-03,2.650770239265814315e-02,1.652463673112640821e-02,2.074456462362067252e-02,1.466732218944608382e-02,3.614934993991041068e-02,1.177209658035616689e-02,1.291926144433519150e-02,1.119851414836665546e-02,6.882989183874139820e-03,1.394351578717360415e-02,1.368403802032120559e-02,2.063531082705124045e-02,1.343821697803998690e-02,3.856659018900907010e-02,4.024636731126406824e-02,7.579482137004260600e-03,2.873374849776029819e-02,7.563094067518846830e-02,3.747405222331476327e-02,4.936905932481153864e-02,3.694143996503878452e-02,7.688735933573691804e-03,2.193269966131322982e-02
2.107232601332896180e-02,3.418278160166066115e-02,2.657598601551404080e-02,1.514530754943734306e-02,0.000000000000000000e+00,6.104555883316944986e-02,7.382825303179285648e-02,1.907844422593685252e-02,8.020594340653337817e-02,4.434338468261771887e-02,5.589697366983502336e-02,3.705069376160821659e-02,1.126133508139407907e-01,3.011307767944935987e-02,3.438763247022834368e-02,3.294001966568338435e-02,2.824210641319785733e-02,4.766196875341418421e-02,3.545285698678028730e-02,8.520430459958483471e-02,4.099748716267890419e-02,1.362667977712225531e-01,1.073828253031792884e-01,3.373210969081175820e-02,8.618758876870971641e-02,1.974079536763902465e-01,1.258057467496995485e-01,1.659428602643941986e-01,9.996722386102917246e-02,2.777777777777777624e-02,8.479460286244946965e-02,3.692778324046760291e-02,2.634382169780399852e-02,4.240412979351032563e-02,2.108598273790014341e-02,3.180651152627553963e-02,1.048836447066535567e-02,6.746421938162351466e-03,3.576696165191740190e-02,2.738173276521359278e-02,2.510105976182672519e-02,1.898284715393859859e-02,2.358516333442587168e-02,8.876870971266251700e-03,7.442914891292472246e-03,2.040314650934119817e-02,3.991860592155577203e-02,4.327816016606576832e-02,2.047143013219709234e-02,5.383480825958702337e-02,7.022287774500163282e-02,8.265049710477438694e-02,2.475964164754725083e-02,8.132579482137004823e-02,5.151316508248661441e-02,6.406369496339997527e-02,4.551786299573910149e-02,1.116983502676718032e-01,3.692778324046760291e-02,3.937233693870861861e-02,3.426472194908773000e-02,2.150934119960668661e-02,4.360592155577406454e-02,4.217196547580028682e-02,6.261608215885501594e-02,4.180323391237845271e-02,1.177482792527040356e-01,1.232519392548891007e-01,2.331202884300229497e-02,8.886430678466077093e-02,2.320140937397574543e-01,1.151125314104665120e-01,1.526275538074948201e-01,1.137605156779198101e-01,2.343493936414290518e-02,6.769638369933354827e-02
2.769583743035070392e-02,4.565443024145088985e-02,3.531628974106849894e-02,2.006172839506172728e-02,6.104555883316944986e-02,0.000000000000000000e+00,9.694908773079864706e-02,2.549710477439090864e-02,1.070004370151862727e-01,5.713973560581230016e-02,7.325467059980333984e-02,4.839943188025783855e-02,1.475062820933027430e-01,3.985032229869987785e-02,4.609144542772861119e-02,4.422047416147711213e-02,3.715994755817764866e-02,6.406369496339997527e-02,4.725226701627881915e-02,1.149623074401835421e-01,5.367092756473287180e-02,1.836010051349284411e-01,1.444744892385010360e-01,4.569540041516442774e-02,1.156997705670272103e-01,2.648994865071561122e-01,1.691658472631923926e-01,2.203102807822571729e-01,1.344367966786845781e-01,3.736479842674533119e-02,1.124221566699442759e-01,4.823555118540369391e-02,3.471539385993663296e-02,5.540533158527258945e-02,2.732710586692887675e-02,4.218562220037146149e-02,1.376597836774827964e-02,8.863214246695071824e-03,4.662405768600458994e-02,3.598546924505626604e-02,3.302196001311045320e-02,2.484158199497432662e-02,3.108270512400305996e-02,1.151261881350377006e-02,9.901125314104664357e-03,2.716322517207472864e-02,5.379383808587348548e-02,5.778160166065771097e-02,2.668523981208346940e-02,7.031847481699989022e-02,9.424505626570522931e-02,1.086938708620124594e-01,3.310390036053752899e-02,1.101551403911285865e-01,6.697257729706107554e-02,8.491751338359007639e-02,5.970719982519392260e-02,1.478613569321533816e-01,4.874084999453730943e-02,5.279689719217742910e-02,4.614607232601333070e-02,2.835136020976728941e-02,5.862831858407079738e-02,5.653883972468043417e-02,8.497214028187478896e-02,5.414891292472413103e-02,1.584999453731017194e-01,1.659155468152518353e-01,3.134218289085545506e-02,1.190046979132524801e-01,3.106495138206052387e-01,1.540615098874685840e-01,2.019829564077351702e-01,1.532284496886266723e-01,3.109636184857423810e-02,9.007975527149568451e-02
3.359554244509996984e-02,5.367092756473287180e-02,4.169398011580902758e-02,2.381732765213591049e-02,7.382825303179285648e-02,9.694908773079864706e-02,0.000000000000000000e+00,3.034524199715940215e-02,1.263247022834043387e-01,6.934884737244619013e-02,8.794930623839178341e-02,5.868294548235550995e-02,1.762946574893477503e-01,4.745711788484650168e-02,5.499562984813722438e-02,5.207309078990494944e-02,4.443898175461597627e-02,7.528952256090899742e-02,5.588331694526384869e-02,1.350923194581011566e-01,6.511526275538075115e-02,2.159810990931934904e-01,1.709002512837320964e-01,5.443570414071888935e-02,1.360482901780836751e-01,3.129575002731345146e-01,1.993472085654976467e-01,2.617720965803561617e-01,1.583360646782475678e-01,4.417950398776357424e-02,1.336310499289850295e-01,5.812301977493718186e-02,4.127062165410248090e-02,6.637168141592920956e-02,3.284442259368513389e-02,5.029771659565170083e-02,1.644269638369933242e-02,1.065224516551950204e-02,5.627936195782803214e-02,4.299136895007101694e-02,3.956353108270512647e-02,2.981262973888342688e-02,3.735114170217414958e-02,1.388888888888888812e-02,1.186769365235441909e-02,3.261225827597508814e-02,6.324429148912924514e-02,6.814705561018245816e-02,3.217524308969736679e-02,8.437124440074292298e-02,1.111520812848246498e-01,1.300120179176226243e-01,3.934502348956626233e-02,1.292472413416366206e-01,8.117557085108707826e-02,1.013055828690046928e-01,7.205287883753960787e-02,1.762810007647765687e-01,5.806839287665246235e-02,6.235660439200262084e-02,5.418988309843766893e-02,3.386867693652354655e-02,6.907571288102261342e-02,6.706817436905931906e-02,9.947558177646673161e-02,6.570250191194143552e-02,1.861821260788812382e-01,1.951409373975745709e-01,3.732382825303179330e-02,1.404047853162897486e-01,3.669971594012891858e-01,1.816754069703922225e-01,2.408363378127389987e-01,1.803370479624167022e-01,3.692778324046760291e-02,1.064131978586255883e-01
8.890527695837429842e-03,1.403911285917185635e-02,1.074784223751775424e-02,6.172839506172839164e-03,1.907844422593685252e-02,2.549710477439090864e-02,3.034524199715940215e-02,0.000000000000000000e+00,3.268054189883098232e-02,1.778105539167485968e-02,2.265650606358570948e-02,1.545941221457445593e-02,4.606413197858625491e-02,1.237299246148803634e-02,1.454441166830547361e-02,1.357478422375177525e-02,1.144433519064787415e-02,1.958374303507046804e-02,1.447612804544957943e-02,3.522069266907024848e-02,1.716650278597181209e-02,5.653883972468043417e-02,4.495793728832076647e-02,1.464000874030372580e-02,3.550748388506500680e-02,8.248661640992024924e-02,5.197749371790669898e-02,6.814705561018245816e-02,4.136621872610073136e-02,1.147164863979023217e-02,3.486561783021960292e-02,1.529553151972030955e-02,1.076149896208893238e-02,1.708456243854473977e-02,8.330601988419098283e-03,1.311045558833169415e-02,4.329181689063694646e-03,2.704031465093412103e-03,1.483120288430023019e-02,1.117120069922429744e-02,1.044739429695181951e-02,7.784333005571943999e-03,9.696274445536981826e-03,3.632688735933573866e-03,3.059106303944061998e-03,8.631049928985033010e-03,1.657926362941112078e-02,1.776739866710368154e-02,8.412542335846170602e-03,2.200098328416912399e-02,2.911613678575330350e-02,3.401890090680650958e-02,1.025620015295531512e-02,3.403255763137769119e-02,2.097672894133071134e-02,2.656232929094285919e-02,1.898284715393859859e-02,4.613241560144214909e-02,1.519993444772205909e-02,1.631978586255872221e-02,1.417568010488364470e-02,8.808587348410357523e-03,1.813613023052551218e-02,1.750792090025128298e-02,2.615262755380749413e-02,1.720747295968534998e-02,4.868622309625259686e-02,5.102152299792418050e-02,9.928438763247022375e-03,3.695509668960996613e-02,9.640281874795149364e-02,4.744346116027532007e-02,6.295750027313448682e-02,4.744346116027532007e-02,9.627990822681087649e-03,2.787337484977603017e-02
3.587621544848683397e-02,5.958428930405331586e-02,4.573637058887796564e-02,2.612531410466513784e-02,8.020594340653337817e-02,1.070004370151862727e-01,1.263247022834043387e-01,3.268054189883098232e-02,0.000000000000000000e+00,7.512564186605484584e-02,9.511908663826068588e-02,6.238391784114497712e-02,1.917540697039221975e-01,5.186823992133726691e-02,5.910630394406205662e-02,5.723533267781055062e-02,4.819458101169015601e-02,8.284169124877088786e-02,6.108652900688298776e-02,1.488446411012782633e-01,6.964929531301213006e-02,2.382279034196438383e-01,1.855539167486070229e-01,5.831421391893368278e-02,1.500191194143996598e-01,3.422648312028843121e-01,2.190402053971375607e-01,2.859991259696274546e-01,1.744236862230962581e-01,4.823555118540369391e-02,1.456353108270512509e-01,6.219272369714847620e-02,4.461651917404129558e-02,7.164317710040424281e-02,3.542554353763793101e-02,5.500928657270839905e-02,1.789030918824429175e-02,1.133508139407844381e-02,6.008958811318693138e-02,4.677428165628755297e-02,4.269092100950507701e-02,3.221621326341090469e-02,4.016442696383699246e-02,1.489948650715612437e-02,1.276903747405222327e-02,3.483830438107723970e-02,6.963563858844094845e-02,7.467496995520594982e-02,3.453785644051130671e-02,9.156833824975417480e-02,1.218726100732000495e-01,1.415929203539822989e-01,4.244509996722386352e-02,1.423167267562547855e-01,8.726647000983284164e-02,1.096361848574237963e-01,7.665519501802688096e-02,1.918360100513492872e-01,6.306675406970392583e-02,6.805145853818420076e-02,5.942040860919917122e-02,3.705069376160821659e-02,7.576750792090025666e-02,7.274937179066973125e-02,1.098410357259914788e-01,7.019556429585928348e-02,2.064760187916530043e-01,2.139325904075166651e-01,4.006882989183874200e-02,1.535425543537637938e-01,4.010706872063803941e-01,1.995520594340653431e-01,2.628646345460504685e-01,1.981590735278050963e-01,4.071069594668414587e-02,1.164918605921555772e-01
1.970665355621107825e-02,3.186113842456025219e-02,2.459576095269310619e-02,1.425762045231071702e-02,4.434338468261771887e-02,5.713973560581230016e-02,6.934884737244619013e-02,1.778105539167485968e-02,7.512564186605484584e-02,0.000000000000000000e+00,5.220965803561673779e-02,3.386867693652354655e-02,1.046787938380858707e-01,2.847427073090789962e-02,3.188845187370260847e-02,3.108270512400305996e-02,2.619359772752103202e-02,4.457554900032776463e-02,3.325412433082049896e-02,7.994646563968098307e-02,3.838905276958374385e-02,1.279088823336611003e-01,1.008139407844422658e-01,3.153337703485196292e-02,8.084780946137878899e-02,1.844067518846279896e-01,1.176663389052769598e-01,1.555227794165847388e-01,9.357587676171746915e-02,2.600240358352452763e-02,7.896318147055610137e-02,3.405987108052004747e-02,2.451382060526603388e-02,3.916748607014093608e-02,1.925598164536217530e-02,3.016770457773407590e-02,9.860155140391128198e-03,6.254779853599912350e-03,3.304927346225281642e-02,2.548344804981973050e-02,2.323008849557522265e-02,1.745329400196656694e-02,2.231508794930623860e-02,8.303288539276740265e-03,6.910302633016496970e-03,1.895553370479624231e-02,3.739211187588768748e-02,4.012345679012345456e-02,1.901016060308095834e-02,5.027040314650934455e-02,6.510160603080956954e-02,7.741997159401289852e-02,2.313449142357696872e-02,7.654594122145744195e-02,4.842674532940019483e-02,5.961160275319567214e-02,4.183054736152081593e-02,1.047743909100841281e-01,3.457882661422484460e-02,3.640882770676281271e-02,3.207964601769911633e-02,2.013001201791762146e-02,4.105211406096361676e-02,3.956353108270512647e-02,5.888779635092319248e-02,3.875778433300557102e-02,1.106331257511198457e-01,1.148257401944717537e-01,2.155031137332022451e-02,8.304654211733858427e-02,2.158035616737681572e-01,1.072735715066098494e-01,1.436960559379438507e-01,1.066726756254779834e-01,2.186441603845733564e-02,6.291653009942095587e-02
2.531956735496558586e-02,4.068338249754178959e-02,3.150606358570960663e-02,1.793127936195782965e-02,5.589697366983502336e-02,7.325467059980333984e-02,8.794930623839178341e-02,2.265650606358570948e-02,9.511908663826068588e-02,5.220965803561673779e-02,0.000000000000000000e+00,4.387905604719764124e-02,1.334398557849885147e-01,3.623129028733748647e-02,4.133890527695837508e-02,3.959084453184748276e-02,3.334972140281874942e-02,5.698951163552933713e-02,4.207636840380202942e-02,1.018928220255653910e-01,4.902764121053206775e-02,1.633071124221566750e-01,1.290014202993554071e-01,4.050584507811646334e-02,1.025346880804107880e-01,2.363842456025346817e-01,1.505244182235332684e-01,1.978176554135256116e-01,1.191822353326778133e-01,3.315852725882224156e-02,1.011417021741505551e-01,4.368786190320113338e-02,3.143777996285371246e-02,5.069376160821588428e-02,2.501911941439964940e-02,3.830711242215666806e-02,1.238664918605921622e-02,7.975527149568447521e-03,4.204905495465967313e-02,3.270785534797334554e-02,2.990822681088167734e-02,2.246531191958920509e-02,2.839233038348082730e-02,1.050202119523653381e-02,8.876870971266251700e-03,2.444553698241013970e-02,4.775756582541243467e-02,5.134928438763246977e-02,2.429531301212716973e-02,6.362667977712226086e-02,8.340161695618922288e-02,9.838304381077242478e-02,2.958046542117338459e-02,9.778214792964055879e-02,6.110018573145416937e-02,7.619086638260678945e-02,5.376652463673112919e-02,1.329345569758549062e-01,4.407025019119414216e-02,4.692450562657052293e-02,4.090189009068065373e-02,2.568829891838741303e-02,5.240085217961323871e-02,5.032503004479405712e-02,7.546705998033431673e-02,4.931443242652681913e-02,1.411012782694198719e-01,1.474243417458756811e-01,2.769583743035070392e-02,1.062220037146290874e-01,2.763438216978040263e-01,1.377280673003386802e-01,1.821533923303834679e-01,1.360209767289413396e-01,2.813285261662842873e-02,8.049273462252813649e-02
1.760351797224953690e-02,2.658964274008521894e-02,2.093575876761717344e-02,1.193597727521031326e-02,3.705069376160821659e-02,4.839943188025783855e-02,5.868294548235550995e-02,1.545941221457445593e-02,6.238391784114497712e-02,3.386867693652354655e-02,4.387905604719764124e-02,0.000000000000000000e+00,8.827706762810007268e-02,2.361247678356822796e-02,2.892494264175680257e-02,2.555173167267562467e-02,2.191904293674205167e-02,3.661367857533049525e-02,2.792800174806074620e-02,6.706817436905931906e-02,3.399158745766415329e-02,1.065361083797661951e-01,8.693870862012455236e-02,2.888397246804326468e-02,6.721839833934228903e-02,1.588140500382388409e-01,9.917513383590079168e-02,1.299983611930514704e-01,7.837594231399541700e-02,2.186441603845733564e-02,6.604392002622090641e-02,2.914345023489566325e-02,2.055337047962416813e-02,3.294001966568338435e-02,1.629247241341636593e-02,2.474598492297607269e-02,8.057467496995519840e-03,5.394406205615645197e-03,2.811919589205725059e-02,2.089478859390363902e-02,1.989784770020758264e-02,1.476291926144433601e-02,1.843657817109144517e-02,6.828362285589424652e-03,5.913361739320441464e-03,1.779471211624603783e-02,3.227084016169561725e-02,3.449688626679776882e-02,1.604665137113514550e-02,4.203539823008849846e-02,5.525510761498961948e-02,6.459630722167594707e-02,1.991150442477876079e-02,6.460996394624712869e-02,4.043756145526056917e-02,5.130831421391893188e-02,3.833442587129902435e-02,8.777176881896646410e-02,2.897956954004151514e-02,3.186113842456025219e-02,2.649404566808696501e-02,1.642903965912815428e-02,3.375942313995411448e-02,3.431934884737244951e-02,5.033868676936523873e-02,3.366382606795586402e-02,9.207363705888779726e-02,9.876543209876542662e-02,1.977493717906697243e-02,7.014093739757457091e-02,1.868922757565825432e-01,9.199169671146072147e-02,1.192232055063913443e-01,8.926035179722495438e-02,1.824538402709494078e-02,5.305637495902982420e-02
5.095323937506828632e-02,8.136676499508357918e-02,6.331257511198513932e-02,3.642248443133398739e-02,1.126133508139407907e-01,1.475062820933027430e-01,1.762946574893477503e-01,4.606413197858625491e-02,1.917540697039221975e-01,1.046787938380858707e-01,1.334398557849885147e-01,8.827706762810007268e-02,0.000000000000000000e+00,7.269474489238500481e-02,8.300557194362503943e-02,7.926362941112204130e-02,6.735496558505407738e-02,1.147574565716158596e-01,8.469900579045121225e-02,2.050693761608215759e-01,9.850595433191303152e-02,3.284988528351360237e-01,2.595050803015404584e-01,8.235004916420846088e-02,2.067764667322189442e-01,4.745711788484650029e-01,3.029334644378892105e-01,3.983666557412869902e-01,2.409046214355948790e-01,6.740959248333878995e-02,2.032666885174259919e-01,8.841363487381186104e-02,6.288921665027859265e-02,1.009641647547252219e-01,4.979241778651807837e-02,7.672347864088277514e-02,2.515568666011143775e-02,1.607396482027750526e-02,8.558669288757783655e-02,6.552496449251611621e-02,5.989839396919043046e-02,4.520375833060198689e-02,5.707145198295640598e-02,2.122254998361193176e-02,1.799956298481372383e-02,4.957391019337922117e-02,9.577460941767726443e-02,1.038320769146727912e-01,4.900032776138971147e-02,1.282776138970829205e-01,1.679913689500710239e-01,1.978995957609527012e-01,6.011690156232928767e-02,1.961105648421282710e-01,1.231699989074620388e-01,1.540615098874685840e-01,1.089533486288648545e-01,2.676444881459630887e-01,8.870042608980661936e-02,9.444990713427291185e-02,8.274609417677264434e-02,5.152682180705779602e-02,1.053616300666448125e-01,1.022205834152736803e-01,1.510980006555227850e-01,9.966677592046323253e-02,2.822844968862667780e-01,2.965967442368622198e-01,5.656615317382279046e-02,2.135228886703813000e-01,5.570031683601005534e-01,2.748006118212608095e-01,3.653993226264612426e-01,2.736807604064241395e-01,5.626570523325685746e-02,1.620097235878946718e-01
1.339724680432645074e-02,2.200098328416912399e-02,1.709821916311591791e-02,9.750901343821697861e-03,3.011307767944935987e-02,3.985032229869987785e-02,4.745711788484650168e-02,1.237299246148803634e-02,5.186823992133726691e-02,2.847427073090789962e-02,3.623129028733748647e-02,2.361247678356822796e-02,7.269474489238500481e-02,0.000000000000000000e+00,2.232874467387741674e-02,2.168687861903201286e-02,1.825904075166611892e-02,3.102807822571834392e-02,2.299792417786518037e-02,5.539167486070140783e-02,2.650770239265814315e-02,8.850923194581011844e-02,7.004534032557631351e-02,2.175516224188790704e-02,5.577406314869441661e-02,1.274718671473833720e-01,8.181743690593247520e-02,1.078198404894570028e-01,6.493772533595541796e-02,1.821807057795258450e-02,5.499562984813722438e-02,2.369441713099530375e-02,1.709821916311591791e-02,2.736807604064241117e-02,1.347918715175352306e-02,2.033486288648530399e-02,6.773735387304708616e-03,4.424778761061946841e-03,2.303889435157871826e-02,1.753523434939364273e-02,1.612859171856222129e-02,1.225008194034742787e-02,1.541844204086091977e-02,5.804107942751010260e-03,4.916420845624385090e-03,1.294657489347754778e-02,2.566098546924505674e-02,2.795531519720310248e-02,1.326067955861466238e-02,3.459248333879602622e-02,4.559980334316617728e-02,5.338413634873812041e-02,1.618321861684693386e-02,5.309734513274336209e-02,3.344531847481699988e-02,4.155741287009723922e-02,2.923904730689391371e-02,7.236698350267671553e-02,2.395389489784769885e-02,2.544247787610619607e-02,2.239702829673331091e-02,1.403911285917185635e-02,2.858352452747732822e-02,2.743635966349830535e-02,4.076532284496886538e-02,2.683546378236643590e-02,7.610892603517972754e-02,7.985086856768272567e-02,1.494045668086966053e-02,5.768600458865945357e-02,1.497596416475472647e-01,7.441549218835354085e-02,9.886102917076368402e-02,7.404676062493172062e-02,1.515896427400852120e-02,4.381077242434174707e-02
1.638806948541461986e-02,2.536053752867912028e-02,1.976128045449579429e-02,1.111657380093958314e-02,3.438763247022834368e-02,4.609144542772861119e-02,5.499562984813722438e-02,1.454441166830547361e-02,5.910630394406205662e-02,3.188845187370260847e-02,4.133890527695837508e-02,2.892494264175680257e-02,8.300557194362503943e-02,2.232874467387741674e-02,0.000000000000000000e+00,2.475964164754725083e-02,2.071725117447831277e-02,3.552114060963618147e-02,2.641210532065989269e-02,6.422757565825412684e-02,3.143777996285371246e-02,1.025483448049819696e-01,8.236370588877962862e-02,2.709494154921883446e-02,6.366764995083579182e-02,1.502103135583961468e-01,9.506445973997595944e-02,1.226783568228995980e-01,7.448377581120943502e-02,2.084016169561892298e-02,6.309406751884627518e-02,2.731344914235769861e-02,1.980225062820932871e-02,3.194307877198732798e-02,1.570523325685567462e-02,2.350322298699879936e-02,7.593138861575439609e-03,5.066644815907352453e-03,2.653501584180050291e-02,2.018463891620233749e-02,1.895553370479624231e-02,1.410739648202775053e-02,1.761717469682071505e-02,6.405003823882879713e-03,5.612913798754506738e-03,1.604665137113514550e-02,3.023598820058997008e-02,3.268054189883098232e-02,1.519993444772205909e-02,3.971375505298808950e-02,5.266032994646564075e-02,6.119578280345241983e-02,1.890090680651152627e-02,6.155085764230307233e-02,3.793838085873484089e-02,4.845405877854255111e-02,3.545285698678028730e-02,8.282803452419972012e-02,2.747732983721184324e-02,2.983994318802578316e-02,2.549710477439090864e-02,1.573254670599803437e-02,3.278979569540041439e-02,3.239375068283623094e-02,4.808532721512072394e-02,3.109636184857423810e-02,8.794930623839178341e-02,9.335736916857860501e-02,1.840926472194908889e-02,6.676772642849339301e-02,1.760078662733529919e-01,8.688408172183983980e-02,1.127908882333661100e-01,8.570960340871845717e-02,1.716650278597181209e-02,5.046159729050584547e-02
1.499508357915437483e-02,2.419971594012891927e-02,1.862777231508794956e-02,1.069321533923303820e-02,3.294001966568338435e-02,4.422047416147711213e-02,5.207309078990494944e-02,1.357478422375177525e-02,5.723533267781055062e-02,3.108270512400305996e-02,3.959084453184748276e-02,2.555173167267562467e-02,7.926362941112204130e-02,2.168687861903201286e-02,2.475964164754725083e-02,0.000000000000000000e+00,2.007538511963290889e-02,3.425106522451655533e-02,2.519665683382497565e-02,6.175570851087075486e-02,2.932098765432098603e-02,9.862886485305363826e-02,7.752922539058232365e-02,2.417240249098656299e-02,6.186496230744018693e-02,1.412651589642739958e-01,9.036654648749044283e-02,1.187315634218289034e-01,7.199825193925489530e-02,2.006172839506172728e-02,6.037637932918168970e-02,2.582486616409920138e-02,1.854583196766087724e-02,2.966240576860046038e-02,1.454441166830547361e-02,2.291598383043810805e-02,7.360974543865399060e-03,4.725226701627881568e-03,2.504643286354200915e-02,1.925598164536217530e-02,1.765814487053424947e-02,1.320605266032994635e-02,1.704359226483120188e-02,6.241123129028733341e-03,5.285152409046213993e-03,1.440784442259368525e-02,2.874740522233147633e-02,3.075494373429476722e-02,1.431224735059543306e-02,3.762427619359772629e-02,4.995629848137222995e-02,5.821861684693543232e-02,1.784933901453075386e-02,5.879219927892494202e-02,3.649076805418988156e-02,4.543592264831202571e-02,3.153337703485196292e-02,7.948213700426089157e-02,2.622091117666338830e-02,2.817382279034196316e-02,2.490986561783022080e-02,1.536381514257620373e-02,3.172457117884846384e-02,3.048180924287119051e-02,4.596853490658800445e-02,2.953949524745985017e-02,8.547743909100841142e-02,8.839997814924067943e-02,1.641538293455697614e-02,6.383153064568994339e-02,1.648230088495575285e-01,8.241833278706435506e-02,1.092401398448596128e-01,8.214519829564077835e-02,1.672948759969409074e-02,4.792144652026657931e-02
1.274172402490986525e-02,2.049874358133945210e-02,1.588277067628100087e-02,9.136348738118650267e-03,2.824210641319785733e-02,3.715994755817764866e-02,4.443898175461597627e-02,1.144433519064787415e-02,4.819458101169015601e-02,2.619359772752103202e-02,3.334972140281874942e-02,2.191904293674205167e-02,6.735496558505407738e-02,1.825904075166611892e-02,2.071725117447831277e-02,2.007538511963290889e-02,0.000000000000000000e+00,2.866546487490440401e-02,2.129083360646782594e-02,5.181361302305255434e-02,2.473232819840489455e-02,8.290997487162679591e-02,6.522451655195017628e-02,2.044411668305473606e-02,5.205943406533376783e-02,1.191002949852507375e-01,7.621817983174915268e-02,1.002403583524527492e-01,6.052660329946465967e-02,1.681142794712116306e-02,5.072107505735824057e-02,2.190538621217087353e-02,1.581448705342510669e-02,2.519665683382497565e-02,1.227739538948978415e-02,1.932426526821806947e-02,6.282093302742270367e-03,3.974106850213044752e-03,2.124986343275428805e-02,1.637441276084343825e-02,1.502239702829673285e-02,1.126679777122254963e-02,1.438053097345132723e-02,5.285152409046213993e-03,4.438435485633125850e-03,1.223642521577624799e-02,2.410411886813066881e-02,2.604337375723806552e-02,1.219545504206271183e-02,3.220255653883972308e-02,4.214465202665792359e-02,4.968316398994865324e-02,1.502239702829673285e-02,4.939637277395389492e-02,3.079591390800830164e-02,3.841636621872610013e-02,2.689009068065115193e-02,6.743690593248115317e-02,2.230143122473506045e-02,2.365344695728176586e-02,2.071725117447831277e-02,1.296023161804872766e-02,2.660329946465639708e-02,2.564732874467387860e-02,3.821151535015841760e-02,2.486889544411668290e-02,7.145198295640774189e-02,7.451108926035179825e-02,1.399814268545832019e-02,5.375286791215994758e-02,1.393122473505954417e-01,6.940347427073090270e-02,9.233311482574019236e-02,6.889817546159729411e-02,1.410739648202775053e-02,4.058778542554353913e-02
2.153665464874904290e-02,3.515240904621435430e-02,2.706762810007647818e-02,1.547306893914563580e-02,4.766196875341418421e-02,6.406369496339997527e-02,7.528952256090899742e-02,1.958374303507046804e-02,8.284169124877088786e-02,4.457554900032776463e-02,5.698951163552933713e-02,3.661367857533049525e-02,1.147574565716158596e-01,3.102807822571834392e-02,3.552114060963618147e-02,3.425106522451655533e-02,2.866546487490440401e-02,0.000000000000000000e+00,3.634054408390691854e-02,8.891893368294548350e-02,4.180323391237845271e-02,1.426035179722495438e-01,1.115890964711023642e-01,3.492024472850431549e-02,8.908281437779963507e-02,2.041953457882661471e-01,1.309953020867475060e-01,1.708729378345897609e-01,1.038730470883863222e-01,2.891128591718562096e-02,8.728012673440402325e-02,3.752867912159947583e-02,2.699934447722058400e-02,4.322353326778105576e-02,2.115426636075603758e-02,3.294001966568338435e-02,1.073418551294657436e-02,6.828362285589424652e-03,3.657270840161695735e-02,2.811919589205725059e-02,2.568829891838741303e-02,1.931060854364689133e-02,2.455479077897956830e-02,9.068065115262756090e-03,7.675079209002512795e-03,2.079919152190538509e-02,4.097017371353654791e-02,4.452092210204304512e-02,2.078553479733420695e-02,5.454495793728832143e-02,7.243526712553260971e-02,8.427564732874467945e-02,2.582486616409920138e-02,8.480825958702065126e-02,5.235988200589970776e-02,6.575712881022616196e-02,4.551786299573910149e-02,1.144296951819075703e-01,3.796569430787719718e-02,4.068338249754178959e-02,3.572599147820387094e-02,2.206926690702501817e-02,4.576368403802032192e-02,4.390636949633999753e-02,6.549765104337375299e-02,4.226756254779853728e-02,1.228149240686113863e-01,1.280044794056593438e-01,2.389926799956298628e-02,9.222386102917076722e-02,2.389380530973451433e-01,1.182672347864088258e-01,1.569430787719873210e-01,1.182945482355511890e-01,2.403583524527477464e-02,6.940347427073090270e-02
1.595105429913689504e-02,2.631650824866164223e-02,2.032120616191412585e-02,1.152627553807494820e-02,3.545285698678028730e-02,4.725226701627881915e-02,5.588331694526384869e-02,1.447612804544957943e-02,6.108652900688298776e-02,3.325412433082049896e-02,4.207636840380202942e-02,2.792800174806074620e-02,8.469900579045121225e-02,2.299792417786518037e-02,2.641210532065989269e-02,2.519665683382497565e-02,2.129083360646782594e-02,3.634054408390691854e-02,0.000000000000000000e+00,6.562056156451437361e-02,3.087785425543537743e-02,1.048563312575112039e-01,8.265049710477438694e-02,2.589314978695509556e-02,6.601660657707855706e-02,1.517808368840817268e-01,9.670326668851741969e-02,1.263656724571178835e-01,7.647765759860154777e-02,2.127717688189664433e-02,6.445973997596415872e-02,2.750464328635419953e-02,1.999344477220583310e-02,3.194307877198732798e-02,1.592374084999453876e-02,2.451382060526603388e-02,7.879930077570195326e-03,5.066644815907352453e-03,2.635747842237517666e-02,2.058068392876652442e-02,1.913307112422156508e-02,1.444881459630722141e-02,1.786299573910193547e-02,6.527914345023489925e-03,5.640227247896864755e-03,1.533650169343384745e-02,3.094613787829127161e-02,3.300830328853927853e-02,1.543209876543209791e-02,4.058778542554353913e-02,5.387577843330055433e-02,6.273899267999563656e-02,1.861411559051677142e-02,6.312138096798863840e-02,3.858024691358024477e-02,4.857696929968316479e-02,3.381405003823882705e-02,8.498579700644597057e-02,2.800994209548781852e-02,2.990822681088167734e-02,2.617994100294985388e-02,1.610127826941986154e-02,3.340434830110346198e-02,3.214792964055501051e-02,4.867256637168141525e-02,3.083688408172183953e-02,9.129520375833059809e-02,9.447722058341527507e-02,1.765814487053424947e-02,6.833824975417895908e-02,1.771413744127608436e-01,8.889162023380312028e-02,1.164235769692996830e-01,8.773079864525291927e-02,1.814978695509669032e-02,5.160876215448487181e-02
3.858024691358024477e-02,6.327160493827160836e-02,4.908226810881678032e-02,2.768218070577952578e-02,8.520430459958483471e-02,1.149623074401835421e-01,1.350923194581011566e-01,3.522069266907024848e-02,1.488446411012782633e-01,7.994646563968098307e-02,1.018928220255653910e-01,6.706817436905931906e-02,2.050693761608215759e-01,5.539167486070140783e-02,6.422757565825412684e-02,6.175570851087075486e-02,5.181361302305255434e-02,8.891893368294548350e-02,6.562056156451437361e-02,0.000000000000000000e+00,7.501638806948542071e-02,2.544930623839178341e-01,2.004807167049054983e-01,6.309406751884627518e-02,1.594832295422266011e-01,3.672702938927127625e-01,2.348546924505626465e-01,3.049956298481372174e-01,1.856358570960340848e-01,5.147219490877307652e-02,1.558232273571506510e-01,6.699989074620342488e-02,4.785316289741068513e-02,7.702392658144870119e-02,3.811591827816016714e-02,5.877854255435376041e-02,1.890090680651152627e-02,1.226373866491860601e-02,6.474653119195891704e-02,4.981973123566044159e-02,4.561346006773735196e-02,3.441494591937069997e-02,4.337375723806402572e-02,1.592374084999453876e-02,1.365672457117884930e-02,3.737845515131650587e-02,7.485250737463126913e-02,8.002840598710805886e-02,3.680487271932699617e-02,9.759095378564405787e-02,1.301349284387632588e-01,1.507429258166721187e-01,4.581831093630503449e-02,1.524500163880694870e-01,9.335736916857860501e-02,1.181716377144105823e-01,8.243198951163552279e-02,2.055746749699552123e-01,6.755981645362175991e-02,7.280399868895444382e-02,6.372227684912050438e-02,3.945427728613569440e-02,8.132579482137004823e-02,7.892221129684257042e-02,1.189500710149677676e-01,7.543974653119195350e-02,2.206653556211078393e-01,2.292827488255216872e-01,4.301868239921337322e-02,1.650278597181251972e-01,4.292308532721512138e-01,2.145334862886485172e-01,2.813831530645690138e-01,2.129493062383917834e-01,4.329181689063694993e-02,1.243035070468698766e-01
1.924232492079099716e-02,2.951218179831749042e-02,2.312083469900579058e-02,1.317873921118758833e-02,4.099748716267890419e-02,5.367092756473287180e-02,6.511526275538075115e-02,1.716650278597181209e-02,6.964929531301213006e-02,3.838905276958374385e-02,4.902764121053206775e-02,3.399158745766415329e-02,9.850595433191303152e-02,2.650770239265814315e-02,3.143777996285371246e-02,2.932098765432098603e-02,2.473232819840489455e-02,4.180323391237845271e-02,3.087785425543537743e-02,7.501638806948542071e-02,0.000000000000000000e+00,1.199606686332349986e-01,9.648475909537856943e-02,3.162897410685021338e-02,7.557631377690374186e-02,1.756254779853599901e-01,1.104829017808368896e-01,1.454031465093411912e-01,8.779908226810881344e-02,2.460941767726428434e-02,7.414235769692996414e-02,3.248934775483448140e-02,2.287501365672457015e-02,3.675024582104228360e-02,1.801321970938490197e-02,2.785971812520485202e-02,9.027094941549218196e-03,5.940675188462799482e-03,3.151972031028078131e-02,2.359882005899704982e-02,2.194635638588440796e-02,1.638806948541461986e-02,2.073090789904949091e-02,7.675079209002512795e-03,6.582541243308205094e-03,1.901016060308095834e-02,3.550748388506500680e-02,3.810226155358898553e-02,1.802687643395608011e-02,4.697913252485523550e-02,6.163279798973014117e-02,7.229869987982082136e-02,2.223314760187916628e-02,7.205287883753960787e-02,4.549054954659674521e-02,5.673003386867693509e-02,4.148912924724134504e-02,9.808259587020648484e-02,3.228449688626679887e-02,3.509778214792964174e-02,3.014039112859171962e-02,1.890090680651152627e-02,3.840270949415491852e-02,3.769255981645362047e-02,5.569212280126734083e-02,3.733748497760297491e-02,1.030673003386867737e-01,1.090079755271495671e-01,2.157762482246258079e-02,7.823937506828362864e-02,2.057248989402381822e-01,1.015240904621435569e-01,1.341090352889763027e-01,1.002540150770239308e-01,2.038948978477002003e-02,5.894242324920791198e-02
