0.000000000000000000e+00,1.997890426257988364e-02,1.571322206365948979e-02,9.694732270273623970e-03,3.496308245951480070e-02,4.087299125147359630e-02,4.794626791586523856e-02,9.570639697214122082e-03,5.342185270211578102e-02,2.695911149717689428e-02,4.270335670410126128e-02,2.137494570949928507e-02,6.401625612707079194e-02,1.276602345349630782e-02,1.945151082707699888e-02,1.606998821120556031e-02,8.624433827635415856e-03,2.027362412359620322e-02,2.236768629397530711e-02,4.388223614816653267e-02,1.574424520692436699e-02,7.475026369671775028e-02,5.816839362164174382e-02,2.140596885276416228e-02,4.720171247750822030e-02,1.132034497735310563e-01,5.705156046410621989e-02,8.895886331203077535e-02,5.934727306570701522e-02,1.506173605509710314e-02,4.659676118384314947e-02,1.952906868523918843e-02,1.191288701371222974e-02,1.870695538871998409e-02,1.220760687472854759e-02,1.808649252342247465e-02,9.151827263138300611e-03,7.988459390705466082e-03,1.883104796177948598e-02,1.095116957250108665e-02,1.541850220264317194e-02,1.233169944778804948e-02,1.416206490041570926e-02,5.398026928088353778e-03,4.296705342185270192e-03,1.703170565241670167e-02,2.312775330396475704e-02,1.878451324688217364e-02,1.115282000372277635e-02,3.021654153998883097e-02,3.936836880312713505e-02,4.856673078116274800e-02,1.413104175715083378e-02,5.304957498293726842e-02,3.004591425203201674e-02,5.002481851461190038e-02,3.693305205683439923e-02,5.835453248123100012e-02,2.153006142582366417e-02,1.858286281566048220e-02,2.005646212074207319e-02,1.140100514984178186e-02,1.800893466526028511e-02,2.590432462617112477e-02,4.005087795495439890e-02,2.630762548861450764e-02,6.831296146925606994e-02,5.781162747409567676e-02,2.190233914500217330e-02,4.786871005770304555e-02,1.293199726996339394e-01,5.523670658311100046e-02,8.155984364335794323e-02,5.216541539988831661e-02,1.441025004653471477e-02,4.473537258795061422e-02
1.997890426257988364e-02,0.000000000000000000e+00,2.179375814357510655e-02,1.318483588757212929e-02,4.768257119811379618e-02,5.706707203573865850e-02,6.553639014704970567e-02,1.289011602655581144e-02,7.475026369671775028e-02,3.780170006825091245e-02,5.857169448408512669e-02,2.902215052429112097e-02,8.838493516163058172e-02,1.788484209220078322e-02,2.692808835391201708e-02,2.225910529254824036e-02,1.208351430166904571e-02,2.798287522491779006e-02,3.122479369609728814e-02,6.162747409567537193e-02,2.142148042439660088e-02,1.046875969473227003e-01,8.076875349010362304e-02,2.892908109449649282e-02,6.583111000806601831e-02,1.567599429174164061e-01,8.030340634113047882e-02,1.239374573431780147e-01,8.300241980517465701e-02,2.145250356766147462e-02,6.474529999379537160e-02,2.644722963330644813e-02,1.616305764100018499e-02,2.550102376372774191e-02,1.664391636160575741e-02,2.486504932679779040e-02,1.273500031023143235e-02,1.090463485760377257e-02,2.526835018924117326e-02,1.475150462244834669e-02,2.111124899174784270e-02,1.661289321834088367e-02,1.993236954768257130e-02,7.336973382143078572e-03,5.894397220326363061e-03,2.343798473661351522e-02,3.260532357138425097e-02,2.627660234534963044e-02,1.509275919836197861e-02,4.130731525718185637e-02,5.478687100577030178e-02,6.632748030030402586e-02,1.966867282993112892e-02,7.324564124837128209e-02,4.146243097350623547e-02,6.929019048209963949e-02,4.960600608053607891e-02,8.016380219643853833e-02,2.981324067754544810e-02,2.669541477942545191e-02,2.812247936960973055e-02,1.583731463671899167e-02,2.514425761618167138e-02,3.648321647949370056e-02,5.576410001861388521e-02,3.646770490786126195e-02,9.618725569274678977e-02,8.090835763479556353e-02,2.972017124775082342e-02,6.669975801948253846e-02,1.786777936340510076e-01,7.692188372525904372e-02,1.142737482161692575e-01,7.400570825836073896e-02,2.069243655767202469e-02,6.255816839362164650e-02
1.571322206365948979e-02,2.179375814357510655e-02,0.000000000000000000e+00,1.036172985046844922e-02,3.696407520009927644e-02,4.378916671837190799e-02,5.053670037848234653e-02,1.003598684618725589e-02,5.702053732084134963e-02,2.851026866042067481e-02,4.506111559223180407e-02,2.242973258050505805e-02,6.792517217844512567e-02,1.385183346776695454e-02,2.090959856052615126e-02,1.700068250915182794e-02,9.229385121300490158e-03,2.137494570949928507e-02,2.413600546007321421e-02,4.744989762362722407e-02,1.659738164670844507e-02,8.089284606316311799e-02,6.265123782341626424e-02,2.269342929825650043e-02,5.066079295154184842e-02,1.214866290252528402e-01,6.144133523608612257e-02,9.491530681888689369e-02,6.370602469442203375e-02,1.636470807222187643e-02,4.974561022522801940e-02,2.008748526400695039e-02,1.256437302227461639e-02,2.021157783706645228e-02,1.301420859961531333e-02,1.940497611217968654e-02,9.818824843333125857e-03,8.422783396413724422e-03,1.926537196748774605e-02,1.164919029596078737e-02,1.659738164670844507e-02,1.295216231308556239e-02,1.517031705652416643e-02,5.584165787677607476e-03,4.606936774834025777e-03,1.861388595892535941e-02,2.512874604454923277e-02,2.038220512502326651e-02,1.168021343922566284e-02,3.179872184649748523e-02,4.250170627287956637e-02,5.055221195011478513e-02,1.520134019978904190e-02,5.604330830799776619e-02,3.173667555996773776e-02,5.292548240987776653e-02,3.898057951231619078e-02,6.125519637649686627e-02,2.303468387417013236e-02,2.064590184277470888e-02,2.179375814357510655e-02,1.216107215983123352e-02,1.935844139728237420e-02,2.778122479369609862e-02,4.318421542470683022e-02,2.798287522491779006e-02,7.428491654774461994e-02,6.322516597381647174e-02,2.328286902028913613e-02,5.129676738847180339e-02,1.386579388223614928e-01,5.916113420611776585e-02,8.751628715021406157e-02,5.702053732084134963e-02,1.580629149345411794e-02,4.844263820810324611e-02
9.694732270273623970e-03,1.318483588757212929e-02,1.036172985046844922e-02,0.000000000000000000e+00,2.339145002171619941e-02,2.675746106595520285e-02,3.207793013588136621e-02,6.390767512564373212e-03,3.511819817583917286e-02,1.797791152199540790e-02,2.847924551715579761e-02,1.405348389898864597e-02,4.301358813675001252e-02,8.748526400694917743e-03,1.289011602655581144e-02,1.074951914127939522e-02,5.847862505429049854e-03,1.340199789042625760e-02,1.462741204938884480e-02,2.928584724204256334e-02,1.062542656821989159e-02,4.960600608053607891e-02,3.851523236334305350e-02,1.392939132592914235e-02,3.145746727058385678e-02,7.484333312651238190e-02,3.708816777315877833e-02,5.920766892101507473e-02,3.876341750946205728e-02,1.002047527455481729e-02,3.065086554569709104e-02,1.307625488614506427e-02,7.972947819073029213e-03,1.264193088043680593e-02,8.128063535397406572e-03,1.236272259105292495e-02,6.111559223180492231e-03,5.227399640131537815e-03,1.253334987900974092e-02,7.274927095613327628e-03,1.039275299373332469e-02,8.174598250294720647e-03,9.741266985170938045e-03,3.691754048520195890e-03,2.869640752000992851e-03,1.154060929453372235e-02,1.524787491468635597e-02,1.237823416268536356e-02,7.507600670099894534e-03,2.067692498603958609e-02,2.570267419494943334e-02,3.262083514301668957e-02,9.648197555376309895e-03,3.522677917726624308e-02,2.016504312216913647e-02,3.381522615871439957e-02,2.489607247006266760e-02,3.846869764844573769e-02,1.439473847490227790e-02,1.262641930880436733e-02,1.307625488614506427e-02,7.445554383570143590e-03,1.171123658249053831e-02,1.727989079853570892e-02,2.646274120493888327e-02,1.790035366383321835e-02,4.515418502202642875e-02,3.867034807966743259e-02,1.451883104796177978e-02,3.142644412731897957e-02,8.653905813737047814e-02,3.632810076316932146e-02,5.429050071353229423e-02,3.412545759136315776e-02,9.694732270273623970e-03,2.981324067754544810e-02
3.496308245951480070e-02,4.768257119811379618e-02,3.696407520009927644e-02,2.339145002171619941e-02,0.000000000000000000e+00,9.576844325867096830e-02,1.143668176459638891e-01,2.252280201029968273e-02,1.260315195135571220e-01,6.491592728175218929e-02,1.018644909102190271e-01,5.075386238133648004e-02,1.535335360178693431e-01,3.102314326487559670e-02,4.571260160079419071e-02,3.845318607681330603e-02,2.090959856052615126e-02,4.807036048892474045e-02,5.266178569212632415e-02,1.046410622324253914e-01,3.750698020723459980e-02,1.774368679034559748e-01,1.367810386548365120e-01,5.007135322950921619e-02,1.122727554755847817e-01,2.676211453744493651e-01,1.333064466091704314e-01,2.125550660792951407e-01,1.390612396848048549e-01,3.623503133337469678e-02,1.104423900229571237e-01,4.650369175404851785e-02,2.841719923062604666e-02,4.498355773406961799e-02,2.931687038530744055e-02,4.411490972265309785e-02,2.222808214928336662e-02,1.883104796177948598e-02,4.436309486877210162e-02,2.598188248433331432e-02,3.697958677173171504e-02,2.908419681082087191e-02,3.446671216727678622e-02,1.301420859961531333e-02,1.037724142210088782e-02,4.136936154371161078e-02,5.487994043556493340e-02,4.430104858224235415e-02,2.647825277657132187e-02,7.276478252776572009e-02,9.192157349382638898e-02,1.159800210957374206e-01,3.400136501830365587e-02,1.261245889433517398e-01,7.282682881429546062e-02,1.203697958677173163e-01,8.861760873611713996e-02,1.384407768195073662e-01,5.154495253459080717e-02,4.445616429856673324e-02,4.729478190730284498e-02,2.695911149717689428e-02,4.239312527145250309e-02,6.182912452689706684e-02,9.507042253521126585e-02,6.375255940931935650e-02,1.624992244214183701e-01,1.374480362350313234e-01,5.149841781969349136e-02,1.132344729167959335e-01,3.081683936216417230e-01,1.303127132841099545e-01,1.950735248495377439e-01,1.232394366197183122e-01,3.491654774461748489e-02,1.066420549730098671e-01
4.087299125147359630e-02,5.706707203573865850e-02,4.378916671837190799e-02,2.675746106595520285e-02,9.576844325867096830e-02,0.000000000000000000e+00,1.325929143140782973e-01,2.632313706024694278e-02,1.494229695352733145e-01,7.552584227833963881e-02,1.174536204008190116e-01,5.861822919898244250e-02,1.773593100452937887e-01,3.617298504684494931e-02,5.466277843271079989e-02,4.481293044611280030e-02,2.435316746292734424e-02,5.644660917044114906e-02,6.254265682198920095e-02,1.233014829062480666e-01,4.337035428429608652e-02,2.108022584848296965e-01,1.627163864242724967e-01,5.871129862877706718e-02,1.330117267481541188e-01,3.161413414407147626e-01,1.605447663957312032e-01,2.489297015573617988e-01,1.663460941862629494e-01,4.248619470124712777e-02,1.306694794316560215e-01,5.332878327232114940e-02,3.274492771607619146e-02,5.202581125519637611e-02,3.400136501830365587e-02,5.058323509337966234e-02,2.565613948005211753e-02,2.187131600173729609e-02,5.072283923807160283e-02,3.012347211019420629e-02,4.268784513246882267e-02,3.355152944096295720e-02,4.008190109821926916e-02,1.484457405224297311e-02,1.180430601228516473e-02,4.789973320096792275e-02,6.525718185766582469e-02,5.252218154743438366e-02,3.069740026059440338e-02,8.370044052863435946e-02,1.108146677421356363e-01,1.335856548985543124e-01,3.957001923434882301e-02,1.472203263634671577e-01,8.284730408885028485e-02,1.391387975429670409e-01,1.008717503257429982e-01,1.606223242538934171e-01,6.063473351119935684e-02,5.368554941986722340e-02,5.680337531798721612e-02,3.170565241670286055e-02,5.038158466215796744e-02,7.293540981572252391e-02,1.118229198982440969e-01,7.375752311224173519e-02,1.928088353912018327e-01,1.638021964385431573e-01,6.057268722466960242e-02,1.342681640503815832e-01,3.602407395917354149e-01,1.536731401625612836e-01,2.291679592976360313e-01,1.480114165167214779e-01,4.116771111248991588e-02,1.258764037972327221e-01
4.794626791586523856e-02,6.553639014704970567e-02,5.053670037848234653e-02,3.207793013588136621e-02,1.143668176459638891e-01,1.325929143140782973e-01,0.000000000000000000e+00,3.108518955140534765e-02,1.735589749953465322e-01,8.889681702550102094e-02,1.396817025501023712e-01,6.955388719985108881e-02,2.099336104734131625e-01,4.278091456226344735e-02,6.237202953403239020e-02,5.287894769498045766e-02,2.858782651858286436e-02,6.631196872867159420e-02,7.229943537879257587e-02,1.438853384624930176e-01,5.112614010051498570e-02,2.443382763541601943e-01,1.884190606192219508e-01,6.887137804802383190e-02,1.549450890364211797e-01,3.683222684122355317e-01,1.847273065707017436e-01,2.917726624061550145e-01,1.929019048209964504e-01,4.954395979400633143e-02,1.514549854191226674e-01,6.392318669727617420e-02,3.873239436619718007e-02,6.127070794812930488e-02,3.991127381026245841e-02,6.043308307997766193e-02,3.058881925916734010e-02,2.587330148290624757e-02,6.139480052118880676e-02,3.558354532481231014e-02,5.044363094868772185e-02,4.015945895638146218e-02,4.737233976546503800e-02,1.785381894893590601e-02,1.406899547062108284e-02,5.630700502574920857e-02,7.513805298752869455e-02,6.060371036793447963e-02,3.634361233480176007e-02,9.983247502636967419e-02,1.267140286653843650e-01,1.600483961034931957e-01,4.667431904200533554e-02,1.736055097102438549e-01,9.946019730719116159e-02,1.646553328783272319e-01,1.208351430166904467e-01,1.909009120804119886e-01,7.087237078860830763e-02,6.060371036793447963e-02,6.471427685053049439e-02,3.716572563132096441e-02,5.804430104858224193e-02,8.497238940249425554e-02,1.303747595706397089e-01,8.697338214307873128e-02,2.227616802134392282e-01,1.885121300490165686e-01,7.087237078860830763e-02,1.555965750449835594e-01,4.221008872618973728e-01,1.790655829248619380e-01,2.686293975305578119e-01,1.695104547992802579e-01,4.766705962648135758e-02,1.459328659179748022e-01
9.570639697214122082e-03,1.289011602655581144e-02,1.003598684618725589e-02,6.390767512564373212e-03,2.252280201029968273e-02,2.632313706024694278e-02,3.108518955140534765e-02,0.000000000000000000e+00,3.431159645095240712e-02,1.727989079853570892e-02,2.778122479369609862e-02,1.360364832164794903e-02,4.119873425575479309e-02,8.453806539678599893e-03,1.268846559533412001e-02,1.042377613699820016e-02,5.630700502574920684e-03,1.302972017124775020e-02,1.434820376000496382e-02,2.852578023205310995e-02,1.025314884904138420e-02,4.856673078116274800e-02,3.770863063845628776e-02,1.365018303654526310e-02,3.038716882794564866e-02,7.310603710367934160e-02,3.651423962275857776e-02,5.723769932369547619e-02,3.786374635478066686e-02,9.601662840478997554e-03,2.962710181795619527e-02,1.254886145064217952e-02,7.817832102748650119e-03,1.222311844636098446e-02,7.895389960910839666e-03,1.205249115840417024e-02,6.002978221753428080e-03,5.211888068499100080e-03,1.222311844636098446e-02,7.104299807656511666e-03,1.023763727740894733e-02,7.988459390705466082e-03,9.384500837624867517e-03,3.645219333622882682e-03,2.869640752000992851e-03,1.116833157535521495e-02,1.484457405224297311e-02,1.209902587330148258e-02,7.274927095613327628e-03,1.996339269094744850e-02,2.498914189985729228e-02,3.186076813302723965e-02,9.431035552522181592e-03,3.421852702115778244e-02,1.951355711360674983e-02,3.257430042811937376e-02,2.402742445864615092e-02,3.758453806539678588e-02,1.386734503939939141e-02,1.223863001799342307e-02,1.271948873859899548e-02,7.243903952348452156e-03,1.138549357820934499e-02,1.684556679282744884e-02,2.584227833964137383e-02,1.727989079853570892e-02,4.397530557796115736e-02,3.806539678600235482e-02,1.420859961531302333e-02,3.074393497549171572e-02,8.456908854005087961e-02,3.518024446236892727e-02,5.263076254886145389e-02,3.341192529627101671e-02,9.229385121300490158e-03,2.872743066327480138e-02
5.342185270211578102e-02,7.475026369671775028e-02,5.702053732084134963e-02,3.511819817583917286e-02,1.260315195135571220e-01,1.494229695352733145e-01,1.735434634237141005e-01,3.431159645095240712e-02,0.000000000000000000e+00,9.989452131289942860e-02,1.544332071725507127e-01,7.738723087423217406e-02,2.332940373518644916e-01,4.748092076689210128e-02,7.084134764534343043e-02,5.878885648693925325e-02,3.204690699261648901e-02,7.419184711794998832e-02,8.188558664763913308e-02,1.615685301234721094e-01,5.688093317614940914e-02,2.759508593410684441e-01,2.119190916423651927e-01,7.658062914934540832e-02,1.742104610039089119e-01,4.149810758826084078e-01,2.105540733387106789e-01,3.266271638642427311e-01,2.182323012967673781e-01,5.584165787677607823e-02,1.717130979710864425e-01,6.964695662964572043e-02,4.268784513246882267e-02,6.823540361109386998e-02,4.445616429856673324e-02,6.634299187193647140e-02,3.376869144381709070e-02,2.874294223490723998e-02,6.598622572439039047e-02,3.946143823292175973e-02,5.542284544270025676e-02,4.360302785878265169e-02,5.239808897437488178e-02,1.940497611217968654e-02,1.555810634733511243e-02,6.269777253831358699e-02,8.582552584227834402e-02,6.890240119128869523e-02,4.026803995780852546e-02,1.090928832909350416e-01,1.447539864739095239e-01,1.746758081528820561e-01,5.176211453744493374e-02,1.939411801203697883e-01,1.093100452937891681e-01,1.824005708258360781e-01,1.321120555934727214e-01,2.115623254948191256e-01,7.932617732828689538e-02,6.967797977291059763e-02,7.461065955202580979e-02,4.188124340758205694e-02,6.640503815846621194e-02,9.592355897499534045e-02,1.466929329279642591e-01,9.660606812682261124e-02,2.531798721846497680e-01,2.130359247999007166e-01,7.851957560340012965e-02,1.759167338834770611e-01,4.716603586275361359e-01,2.023174288018862177e-01,3.015914872494881438e-01,1.938170875473103072e-01,5.443010485822423472e-02,1.644847055903704280e-01
2.695911149717689428e-02,3.780170006825091245e-02,2.851026866042067481e-02,1.797791152199540790e-02,6.491592728175218929e-02,7.552584227833963881e-02,8.889681702550102094e-02,1.727989079853570892e-02,9.989452131289942860e-02,0.000000000000000000e+00,7.931066575665446372e-02,3.964757709251101603e-02,1.187100577030464760e-01,2.449277160761928473e-02,3.581621889929887531e-02,3.035614568468077146e-02,1.627163864242725175e-02,3.770863063845628776e-02,4.166408140472793037e-02,8.239746851150958618e-02,2.894459266612893142e-02,1.398057951231618801e-01,1.073245641248371240e-01,3.910467208537569267e-02,8.844698144816032226e-02,2.094682633244400460e-01,1.061922193956691685e-01,1.670130917664577885e-01,1.101476701619408111e-01,2.882050009306942953e-02,8.715952100266799452e-02,3.545945275175280825e-02,2.185580443010485749e-02,3.428057330768753685e-02,2.238319786560774224e-02,3.406341130483340335e-02,1.737296022833033360e-02,1.462741204938884480e-02,3.387727244524415399e-02,1.997890426257988364e-02,2.806043308307997614e-02,2.229012843581311756e-02,2.691257678227958194e-02,9.942917416392629479e-03,7.802320531116212383e-03,3.169014084507042195e-02,4.346342371409071120e-02,3.448222373890922482e-02,2.052180926971520700e-02,5.616740088105726808e-02,7.219085437736551258e-02,8.936216417447415128e-02,2.624557920208475670e-02,9.770738971272568962e-02,5.663274803003040536e-02,9.282124464850778633e-02,6.745982502947198145e-02,1.078519575603400088e-01,4.081094496494384882e-02,3.476143202829310580e-02,3.756902649376434727e-02,2.146801513929391322e-02,3.367562201402245908e-02,4.852019606626543219e-02,7.402121982999317062e-02,4.937333250604951373e-02,1.275826766768008991e-01,1.068437054042315620e-01,3.966308866414344769e-02,8.959483774896072339e-02,2.382112055593472721e-01,1.025625116336787296e-01,1.535645591611342065e-01,9.789352857231495286e-02,2.771917850716634768e-02,8.320407023639635191e-02
4.270335670410126128e-02,5.857169448408512669e-02,4.506111559223180407e-02,2.847924551715579761e-02,1.018644909102190271e-01,1.174536204008190116e-01,1.396817025501023712e-01,2.778122479369609862e-02,1.544332071725507127e-01,7.931066575665446372e-02,0.000000000000000000e+00,6.186014767016194404e-02,1.862939753055779524e-01,3.820500093069429531e-02,5.640007445554383325e-02,4.689148104485946211e-02,2.547000062046286470e-02,5.869578705714462857e-02,6.415586027176273243e-02,1.277843271080225940e-01,4.582118260222125400e-02,2.175653037165725667e-01,1.686262952162313200e-01,6.119315008996711880e-02,1.376807098095179094e-01,3.280076937395297043e-01,1.642520320158838421e-01,2.598963827014953432e-01,1.710926351057889261e-01,4.425451386734503834e-02,1.352143699199603033e-01,5.638456288391139465e-02,3.471489731339578999e-02,5.472482471924055430e-02,3.559905689644474874e-02,5.393373456598622717e-02,2.712973878513370851e-02,2.301917230253769375e-02,5.390271142272134997e-02,3.161258298690823587e-02,4.496804616243717939e-02,3.533536017869330637e-02,4.220698641186324679e-02,1.588384935161630748e-02,1.251783830737730405e-02,5.041260780542284464e-02,6.759942917416392194e-02,5.411987342557547653e-02,3.238816156853012440e-02,8.891232859713346648e-02,1.128777067692498665e-01,1.411863249984488533e-01,4.166408140472793037e-02,1.532233045852205711e-01,8.827635416020351844e-02,1.460104237761369883e-01,1.076037724142210050e-01,1.686262952162313200e-01,6.347335111993547552e-02,5.480238257740274038e-02,5.816839362164174382e-02,3.300862443382763384e-02,5.218092697152075521e-02,7.543277284854502107e-02,1.163833219581807965e-01,7.774399702177824112e-02,1.991685797605013408e-01,1.688434572190854466e-01,6.296146925606502243e-02,1.390767512564373143e-01,3.765278898057951018e-01,1.594589563814605704e-01,2.388161568530123569e-01,1.516721474219767940e-01,4.274989141899857015e-02,1.301420859961531229e-01
2.137494570949928507e-02,2.902215052429112097e-02,2.242973258050505805e-02,1.405348389898864597e-02,5.075386238133648004e-02,5.861822919898244250e-02,6.955388719985108881e-02,1.360364832164794903e-02,7.738723087423217406e-02,3.964757709251101603e-02,6.186014767016194404e-02,0.000000000000000000e+00,9.289880250666997241e-02,1.873797853198486130e-02,2.806043308307997614e-02,2.337593845008376081e-02,1.267295402370168141e-02,2.942545138673450383e-02,3.213997642241112063e-02,6.359744369299497047e-02,2.273996401315381277e-02,1.081466774213563353e-01,8.325060495129366078e-02,3.097660854997828436e-02,6.863870447353725979e-02,1.640658931562946066e-01,8.242849165477446338e-02,1.294440652726934204e-01,8.562387541105664912e-02,2.194887385989948564e-02,6.764596388906124469e-02,2.829310665756654478e-02,1.731091394180058265e-02,2.733138921635539995e-02,1.786933052056834462e-02,2.627660234534963044e-02,1.337097474716138212e-02,1.149407457963640827e-02,2.694359992554445568e-02,1.580629149345411794e-02,2.235217472234286851e-02,1.776074951914127786e-02,2.058385555624495794e-02,7.755785816218899176e-03,6.204628652975119514e-03,2.495811875659241855e-02,3.341192529627101671e-02,2.705218092697152243e-02,1.611652292610287265e-02,4.417695600918285226e-02,5.660172488676552816e-02,7.057765092759198111e-02,2.039771669665570511e-02,7.715455729974561583e-02,4.389774771979897128e-02,7.290438667245764670e-02,5.348389898864552849e-02,8.450704225352112520e-02,3.147297884221629538e-02,2.702115778370664523e-02,2.900663895265868236e-02,1.658187007507600647e-02,2.607495191412793900e-02,3.781721163988335105e-02,5.734628032512253948e-02,3.867034807966743259e-02,9.883973444189365909e-02,8.311100080660172029e-02,3.148849041384873398e-02,6.966246820127815209e-02,1.864646025935347839e-01,7.951231618787615862e-02,1.188651734193708481e-01,7.524663398895575783e-02,2.109573742011540756e-02,6.483836942359000322e-02
6.401625612707079194e-02,8.838493516163058172e-02,6.792517217844512567e-02,4.301358813675001252e-02,1.535335360178693431e-01,1.773593100452937887e-01,2.099336104734131625e-01,4.119873425575479309e-02,2.332940373518644916e-01,1.187100577030464760e-01,1.862939753055779524e-01,9.289880250666997241e-02,0.000000000000000000e+00,5.726872246696035340e-02,8.402618353291554931e-02,7.071725507228392160e-02,3.823602407395917252e-02,8.852453930632252221e-02,9.707141527579574158e-02,1.929794626791586643e-01,6.853012347211019650e-02,3.290159458956381511e-01,2.528851523236334553e-01,9.193708506545883452e-02,2.076223863001799286e-01,4.934075820562139336e-01,2.488366321275671533e-01,3.907209778494756813e-01,2.591828504064031535e-01,6.676180430601227900e-02,2.036824471055407315e-01,8.455357696841843407e-02,5.162251039275299325e-02,8.200967922069864191e-02,5.323571384252652472e-02,8.047403362908729652e-02,4.077992182167897162e-02,3.438915430911460014e-02,8.115654278091456730e-02,4.744989762362722407e-02,6.736675559967736371e-02,5.342185270211578102e-02,6.372153626605447929e-02,2.376372774089470855e-02,1.867593224545511035e-02,7.546379599180988440e-02,1.011974933300242019e-01,8.137370478376869387e-02,4.875286964075200430e-02,1.328876341750946100e-01,1.700378482347831566e-01,2.126326239374573546e-01,6.220140224607557250e-02,2.312930446112800020e-01,1.326239374573431884e-01,2.193956691692002248e-01,1.609325556865421614e-01,2.540795433393311376e-01,9.534963082459514683e-02,8.200967922069864191e-02,8.759384500837624765e-02,4.983867965502264408e-02,7.850406403176769798e-02,1.140410746416826993e-01,1.746913197245144878e-01,1.162282062418564244e-01,2.995594713656387631e-01,2.531178258981199858e-01,9.446547124154619501e-02,2.089408698889371474e-01,5.657690637215362361e-01,2.392504808587206100e-01,3.600235775888813161e-01,2.280511261401005074e-01,6.434199913135198179e-02,1.960042191474840323e-01
1.276602345349630782e-02,1.788484209220078322e-02,1.385183346776695454e-02,8.748526400694917743e-03,3.102314326487559670e-02,3.617298504684494931e-02,4.278091456226344735e-02,8.453806539678599893e-03,4.748092076689210128e-02,2.449277160761928473e-02,3.820500093069429531e-02,1.873797853198486130e-02,5.728423403859279200e-02,0.000000000000000000e+00,1.726437922690327031e-02,1.439473847490227790e-02,7.910901532543276535e-03,1.790035366383321835e-02,1.994788111931500990e-02,3.949246137618663693e-02,1.394490289756158095e-02,6.699447788049885111e-02,5.163802196438543185e-02,1.850530495749829266e-02,4.220698641186324679e-02,9.964633616678042483e-02,5.019544580256871807e-02,8.011726748154122946e-02,5.222746168641807102e-02,1.377427560960476499e-02,4.127629211391697917e-02,1.715579822547620356e-02,1.056338028169014065e-02,1.651982378854625552e-02,1.073400756964695661e-02,1.634919650058944129e-02,8.345225538251534875e-03,7.057765092759198458e-03,1.648880064528137832e-02,9.570639697214122082e-03,1.360364832164794903e-02,1.070298442638208114e-02,1.316932431593969069e-02,4.917168207482782230e-03,3.831358193212136380e-03,1.515480548489172956e-02,2.063039027114227375e-02,1.655084693181113273e-02,9.880871129862878535e-03,2.737792393125271576e-02,3.446671216727678622e-02,4.338586585592852513e-02,1.284358131165849737e-02,4.712415461934603422e-02,2.722280821492833666e-02,4.503009244896692687e-02,3.241918471179500161e-02,5.152944096295836857e-02,1.945151082707699888e-02,1.684556679282744884e-02,1.776074951914127786e-02,1.012905627598188231e-02,1.594589563814605843e-02,2.314326487559719564e-02,3.564559161134206455e-02,2.379475088415958228e-02,6.097598808711298529e-02,5.151392939132592996e-02,1.904820996463361601e-02,4.245517155798225750e-02,1.152975119439101637e-01,4.903207793013587834e-02,7.302847924551715553e-02,4.620897189303220520e-02,1.315381274430725382e-02,3.966308866414344769e-02
1.945151082707699888e-02,2.692808835391201708e-02,2.090959856052615126e-02,1.289011602655581144e-02,4.571260160079419071e-02,5.466277843271079989e-02,6.237202953403239020e-02,1.268846559533412001e-02,7.084134764534343043e-02,3.581621889929887531e-02,5.640007445554383325e-02,2.806043308307997614e-02,8.402618353291554931e-02,1.726437922690327031e-02,0.000000000000000000e+00,2.117329527827759364e-02,1.168021343922566284e-02,2.669541477942545191e-02,3.023205311162126957e-02,5.895948377489607095e-02,2.078550598746664937e-02,9.975491716820748811e-02,7.828690202891357142e-02,2.816901408450704289e-02,6.285288825463795914e-02,1.498883166842464587e-01,7.609977042873984632e-02,1.179810138363218963e-01,7.872122603462182455e-02,1.999441583421232224e-02,6.248061053545945348e-02,2.495811875659241855e-02,1.579077992182167933e-02,2.488056089843022900e-02,1.597691878141093216e-02,2.394986660048396138e-02,1.213004901656635805e-02,1.057889185332257925e-02,2.388782031395421043e-02,1.447229633306446571e-02,2.076999441583421077e-02,1.603896506794068311e-02,1.872246696035242269e-02,6.964695662964571175e-03,5.878885648693925325e-03,2.314326487559719564e-02,3.111621269467022485e-02,2.559409319352236659e-02,1.456536576285909212e-02,4.011292424148414637e-02,5.266178569212632415e-02,6.330272383197865782e-02,1.921883725259043371e-02,6.964695662964572043e-02,3.960104237761370022e-02,6.640503815846621194e-02,4.886145064217906758e-02,7.633244400322640455e-02,2.860333809021529949e-02,2.635416020351181998e-02,2.699013464044176802e-02,1.510827076999441548e-02,2.388782031395421043e-02,3.474592045666066720e-02,5.323571384252652472e-02,3.567661475460693482e-02,9.144071477322082697e-02,7.965192033256809911e-02,2.911521995408574912e-02,6.401625612707079194e-02,1.722404914065893133e-01,7.278029409939815175e-02,1.080225848482968265e-01,7.034497735310542288e-02,1.965316125829869032e-02,6.020040950549109676e-02
1.606998821120556031e-02,2.225910529254824036e-02,1.700068250915182794e-02,1.074951914127939522e-02,3.845318607681330603e-02,4.481293044611280030e-02,5.287894769498045766e-02,1.042377613699820016e-02,5.878885648693925325e-02,3.035614568468077146e-02,4.689148104485946211e-02,2.337593845008376081e-02,7.071725507228392160e-02,1.439473847490227790e-02,2.117329527827759364e-02,0.000000000000000000e+00,9.694732270273623970e-03,2.219705900601848941e-02,2.453930632251659708e-02,4.884593907054662898e-02,1.714028665384376843e-02,8.287832723211516206e-02,6.386114041074641978e-02,2.315877644722963424e-02,5.225848482968294129e-02,1.239219457715455691e-01,6.305453868585965405e-02,9.938263944902897551e-02,6.542780914562262851e-02,1.701619408078426654e-02,5.120369795867717178e-02,2.146801513929391322e-02,1.306074331451262567e-02,2.035118198175839277e-02,1.337097474716138212e-02,2.016504312216913647e-02,1.036172985046844922e-02,8.608922256002978987e-03,2.042873983992058232e-02,1.186635229881491567e-02,1.664391636160575741e-02,1.313830117267481522e-02,1.608549978283799545e-02,6.034001365018303552e-03,4.684494632996215324e-03,1.873797853198486130e-02,2.581125519637649662e-02,2.035118198175839277e-02,1.213004901656635805e-02,3.362908729912515021e-02,4.301358813675001252e-02,5.359247999007259178e-02,1.571322206365948979e-02,5.827697462306880710e-02,3.322578643668176734e-02,5.556244958739219725e-02,4.000434324005708309e-02,6.390767512564372865e-02,2.405844760191102466e-02,2.073897127256933703e-02,2.222808214928336662e-02,1.257988459390705499e-02,1.993236954768257130e-02,2.872743066327480138e-02,4.427002543897747694e-02,2.911521995408574912e-02,7.585158528262082867e-02,6.361295526462741601e-02,2.371719302599739274e-02,5.287894769498045766e-02,1.416826952906868609e-01,6.092945337221566948e-02,9.054104361853942962e-02,5.812185890674442801e-02,1.633368492895700269e-02,4.940435564931439094e-02
8.624433827635415856e-03,1.208351430166904571e-02,9.229385121300490158e-03,5.847862505429049854e-03,2.090959856052615126e-02,2.435316746292734424e-02,2.858782651858286436e-02,5.630700502574920684e-03,3.204690699261648901e-02,1.627163864242725175e-02,2.547000062046286470e-02,1.267295402370168141e-02,3.823602407395917252e-02,7.910901532543276535e-03,1.168021343922566284e-02,9.694732270273623970e-03,0.000000000000000000e+00,1.189737544207979114e-02,1.335546317552894525e-02,2.674194949432276425e-02,9.322454551095116573e-03,4.512316187876155849e-02,3.473040888502822859e-02,1.244028044921511450e-02,2.838617608736117293e-02,6.704101259539615998e-02,3.414096916299559636e-02,5.367003784823478479e-02,3.535087175032574497e-02,9.275919836197804233e-03,2.782775950859341096e-02,1.135447043494446778e-02,7.042253521126760722e-03,1.105975057392814993e-02,7.166346094186262609e-03,1.101321585903083759e-02,5.599677359310045212e-03,4.700006204628653060e-03,1.088912328597133397e-02,6.390767512564373212e-03,9.120804119873425139e-03,7.150834522553824874e-03,8.733014829062480874e-03,3.226406899547062078e-03,2.559409319352236832e-03,1.023763727740894733e-02,1.396041446919401956e-02,1.116833157535521495e-02,6.592417943786064646e-03,1.830365452627660122e-02,2.318979959049450798e-02,2.885152323633430674e-02,8.639945399267854459e-03,3.144195569895141817e-02,1.822609666811441168e-02,3.007693739529689048e-02,2.177824657194266794e-02,3.451324688217410203e-02,1.307625488614506427e-02,1.147856300800397140e-02,1.202146801513929476e-02,6.840603089905069288e-03,1.071849599801451801e-02,1.560464106223242477e-02,2.394986660048396138e-02,1.596140720977849356e-02,4.104361853943041399e-02,3.490103617298504629e-02,1.276602345349630782e-02,2.860333809021529949e-02,7.704597629831855254e-02,3.307067072035738825e-02,4.901656635850344668e-02,3.137990941242166376e-02,8.934665260284172308e-03,2.678848420922007659e-02
2.027362412359620322e-02,2.798287522491779006e-02,2.137494570949928507e-02,1.340199789042625760e-02,4.807036048892474045e-02,5.644660917044114906e-02,6.631196872867159420e-02,1.302972017124775020e-02,7.419184711794998832e-02,3.770863063845628776e-02,5.869578705714462857e-02,2.942545138673450383e-02,8.852453930632252221e-02,1.790035366383321835e-02,2.669541477942545191e-02,2.219705900601848941e-02,1.189737544207979114e-02,0.000000000000000000e+00,3.069740026059440338e-02,6.089843022895079921e-02,2.157659614072097651e-02,1.042067382267171244e-01,7.974498976236271686e-02,2.922380095551281240e-02,6.535025128746044243e-02,1.566203387727244656e-01,7.927964261338958651e-02,1.241391077743996957e-01,8.236644536824470897e-02,2.108022584848296896e-02,6.420239498666005518e-02,2.703666935533908383e-02,1.641124278711919224e-02,2.574920890984674568e-02,1.693863622262207699e-02,2.514425761618167138e-02,1.284358131165849737e-02,1.093565800086864805e-02,2.570267419494943334e-02,1.490662033877272405e-02,2.109573742011540756e-02,1.664391636160575741e-02,2.005646212074207319e-02,7.554135384997207742e-03,5.847862505429049854e-03,2.370168145436495760e-02,3.231060371036793138e-02,2.571818576658186847e-02,1.523236334305391737e-02,4.208289383880374490e-02,5.419743128373766955e-02,6.727368616988273209e-02,1.960662654340137798e-02,7.338524539306322259e-02,4.172612769125767784e-02,6.960042191474839768e-02,5.045914252032016045e-02,8.002419805174659784e-02,3.013898368182664142e-02,2.605944034249550040e-02,2.787429422349072330e-02,1.574424520692436699e-02,2.481851461190047806e-02,3.604889247378544048e-02,5.537631072780294095e-02,3.640565862133151448e-02,9.491530681888689369e-02,7.972947819073028519e-02,2.985977539244276391e-02,6.623441087050939424e-02,1.784606316311968810e-01,7.641000186138859063e-02,1.135602159210771234e-01,7.267171309797108847e-02,2.025811255196376462e-02,6.168952038220512635e-02
2.236768629397530711e-02,3.122479369609728814e-02,2.413600546007321421e-02,1.462741204938884480e-02,5.266178569212632415e-02,6.254265682198920095e-02,7.229943537879257587e-02,1.434820376000496382e-02,8.188558664763913308e-02,4.166408140472793037e-02,6.415586027176273243e-02,3.213997642241112063e-02,9.707141527579574158e-02,1.994788111931500990e-02,3.023205311162126957e-02,2.453930632251659708e-02,1.335546317552894525e-02,3.069740026059440338e-02,0.000000000000000000e+00,6.812682260966680670e-02,2.393435502885152277e-02,1.157628590928832940e-01,8.970341875038778667e-02,3.227958056710306112e-02,7.268722466960352013e-02,1.731091394180058196e-01,8.836942358999813618e-02,1.368585965129986981e-01,9.106843705404231437e-02,2.363963516783520666e-02,7.172550722839238224e-02,2.858782651858286436e-02,1.790035366383321835e-02,2.835515294409629572e-02,1.836570081280635217e-02,2.767264379226903187e-02,1.408450704225352144e-02,1.208351430166904571e-02,2.726934292982564900e-02,1.648880064528137832e-02,2.329838059192157473e-02,1.831916609790903983e-02,2.197989700316435938e-02,7.988459390705466082e-03,6.514860085623875099e-03,2.636967177514425859e-02,3.618849661847738097e-02,2.905317366755599817e-02,1.675249736303282416e-02,4.566606688589688184e-02,6.060371036793447963e-02,7.234597009368989862e-02,2.182478128683998375e-02,8.025687162623316995e-02,4.568157845752931351e-02,7.574300428119376538e-02,5.511261401005149857e-02,8.798163429918719192e-02,3.342743686790345531e-02,2.962710181795619527e-02,3.137990941242166376e-02,1.754358751628715130e-02,2.793634051002047425e-02,3.977166966557051792e-02,6.181361295526462823e-02,4.043866724576534316e-02,1.060991499658745368e-01,9.001365018303654486e-02,3.297760129056275663e-02,7.389712725693367568e-02,1.972606564497114967e-01,8.483278525780231505e-02,1.256902649376434866e-01,8.185456350437426976e-02,2.289507972947819187e-02,6.922814419556989896e-02
4.388223614816653267e-02,6.162747409567537193e-02,4.744989762362722407e-02,2.928584724204256334e-02,1.046410622324253914e-01,1.233014829062480666e-01,1.438853384624930176e-01,2.852578023205310995e-02,1.615685301234721094e-01,8.239746851150958618e-02,1.277843271080225940e-01,6.359744369299497047e-02,1.929794626791586643e-01,3.949246137618663693e-02,5.895948377489607095e-02,4.884593907054662898e-02,2.674194949432276425e-02,6.089843022895079921e-02,6.812682260966680670e-02,0.000000000000000000e+00,4.709313147608115702e-02,2.286095427188682694e-01,1.762114537444934015e-01,6.305453868585965405e-02,1.436991996029037544e-01,3.409133213377179561e-01,1.734503939939194550e-01,2.704287398399206066e-01,1.790810944964943974e-01,4.650369175404851785e-02,1.407364894211081408e-01,5.729974561022523061e-02,3.533536017869330637e-02,5.599677359310045038e-02,3.632810076316932146e-02,5.536079915617050234e-02,2.812247936960973055e-02,2.374821616926226994e-02,5.466277843271079989e-02,3.255878885648694210e-02,4.591425203201588562e-02,3.628156604827201259e-02,4.374263200347459218e-02,1.605447663957312171e-02,1.298318545635043786e-02,5.176211453744493374e-02,7.088788236024073930e-02,5.691195631941428634e-02,3.316374015015201293e-02,9.102190233914500550e-02,1.186324998448842899e-01,1.446609170441149061e-01,4.332381956939877071e-02,1.592573059502388755e-01,9.075820562139355618e-02,1.510827076999441687e-01,1.093255568654215998e-01,1.741173915741142941e-01,6.566048272010920062e-02,5.796674319042005585e-02,6.145684680771856118e-02,3.452875845380654063e-02,5.475584786250543151e-02,7.884531860768133338e-02,1.221691381770800972e-01,8.000868648011416617e-02,2.094527517528075866e-01,1.764906620338772825e-01,6.497797356828194371e-02,1.451727989079853454e-01,3.895265868337779991e-01,1.668424644785009570e-01,2.485264006949184090e-01,1.602500465347148906e-01,4.498355773406961799e-02,1.360830179313768096e-01
1.574424520692436699e-02,2.142148042439660088e-02,1.659738164670844507e-02,1.062542656821989159e-02,3.750698020723459980e-02,4.337035428429608652e-02,5.112614010051498570e-02,1.025314884904138420e-02,5.688093317614940914e-02,2.894459266612893142e-02,4.582118260222125400e-02,2.273996401315381277e-02,6.853012347211019650e-02,1.394490289756158095e-02,2.078550598746664937e-02,1.714028665384376843e-02,9.322454551095116573e-03,2.157659614072097651e-02,2.393435502885152277e-02,4.709313147608115702e-02,0.000000000000000000e+00,7.982254762052491681e-02,6.251163367872432375e-02,2.267791772662406183e-02,5.061425823664453955e-02,1.207420735868958289e-01,6.027796736365328284e-02,9.567537382887633668e-02,6.291493454116771356e-02,1.617856921263262360e-02,4.991623751318483709e-02,2.061487869950983515e-02,1.278153502512874642e-02,2.007197369237451179e-02,1.292113916982068691e-02,1.956009182850406564e-02,9.896382701495315404e-03,8.469318111311038497e-03,1.980827697462306941e-02,1.174225972575541378e-02,1.661289321834088367e-02,1.304523174288018880e-02,1.530992120121610692e-02,5.770304647266861174e-03,4.637959918098902116e-03,1.872246696035242269e-02,2.480300304026803945e-02,1.999441583421232224e-02,1.197493330024198069e-02,3.262083514301668957e-02,4.171061611962523924e-02,5.180864925234224955e-02,1.524787491468635597e-02,5.635353974064652438e-02,3.212446485077868202e-02,5.379413042129428668e-02,3.964757709251101603e-02,6.217037910281069529e-02,2.326735744865669753e-02,2.025811255196376462e-02,2.145250356766147462e-02,1.217658373146367212e-02,1.917230253769311790e-02,2.770366693553390908e-02,4.270335670410126128e-02,2.849475708878823621e-02,7.309052553204690994e-02,6.252714525035676929e-02,2.334491530681888707e-02,5.109511695725010849e-02,1.387354966805236789e-01,5.874232177204194438e-02,8.734565986225724388e-02,5.585716944840850989e-02,1.569771049202705118e-02,4.799280263076254743e-02
