0.000000000000000000e+00,1.730861985805829187e-02,1.171363605043753905e-02,7.662096051815613616e-03,2.747881209949700268e-02,3.461723971611658374e-02,3.336319162130503557e-02,8.075518500654585777e-03,4.375387583545786718e-02,2.503961965134706910e-02,3.016605801695031869e-02,2.042306897264521345e-02,5.505408943705643321e-02,1.605457176324674370e-02,1.947219734031557792e-02,1.369806380486460369e-02,1.007372700337628296e-02,2.031282298628815652e-02,1.890718666023565031e-02,3.224695100943981291e-02,2.151174808792117449e-02,5.696961345001033683e-02,5.421346379108385460e-02,2.320678012816096078e-02,4.813615379315096948e-02,1.074484944532488051e-01,5.312478467580789704e-02,7.278991249224832372e-02,5.384138358712878270e-02,1.627506373596086103e-02,4.692344794322331897e-02,1.576517604905946363e-02,7.662096051815613616e-03,1.734996210294218952e-02,1.096947564252739003e-02,1.925170536760146059e-02,7.882588024529731813e-03,4.037759250327292888e-03,1.513126162750637327e-02,1.208571625439261270e-02,1.407014400881967907e-02,9.991042513608489398e-03,1.105216013229518360e-02,4.547646937228691164e-03,3.803486529318542142e-03,9.384689588644664140e-03,1.952732033349410812e-02,2.344105284916971066e-02,8.075518500654585777e-03,2.301384965203610508e-02,3.745607386481086126e-02,4.007441604079101799e-02,1.070764142492937332e-02,4.903190243230207135e-02,2.585268380073037914e-02,4.046027699304072245e-02,2.381313305312478604e-02,6.074553848273961387e-02,2.120857162543926186e-02,1.638530972231792143e-02,1.606835251154137625e-02,9.150416867635912527e-03,1.704678564046027689e-02,1.710190863363880709e-02,3.027630400330737909e-02,2.013367325845793337e-02,5.809963481017019205e-02,5.159512161510369788e-02,1.514504237580100582e-02,4.429132501894852969e-02,1.195204299593467939e-01,4.615172603872390311e-02,8.047957004065320330e-02,4.673051746709846327e-02,1.287121890718665937e-02,4.334045338661889069e-02
1.730861985805829187e-02,0.000000000000000000e+00,1.568249155929166833e-02,1.034934196926893049e-02,3.831048025907806548e-02,4.735065114035692108e-02,4.670295597050919817e-02,1.081788741128643372e-02,6.060773099979328837e-02,3.511334665472334859e-02,4.178322882932543336e-02,2.729966237166678300e-02,7.612485357954937304e-02,2.277957693102735520e-02,2.572865706607868966e-02,1.901743264659271071e-02,1.426307448494453303e-02,2.825053400399641854e-02,2.570109556948942456e-02,4.463584372631433650e-02,2.885688692896024379e-02,7.893612623165438547e-02,7.387859160752428822e-02,3.074484944532488231e-02,6.701577895679734775e-02,1.466271618548887212e-01,7.422311031489009503e-02,1.005994625508165041e-01,7.463653276372907153e-02,2.254530421001860532e-02,6.450768276717425143e-02,2.144284434644801174e-02,1.054227244539378446e-02,2.326190312133948751e-02,1.480052366843519554e-02,2.678977468476538212e-02,1.073520292151863842e-02,5.443395576379797367e-03,2.036794597946668672e-02,1.644043271549645163e-02,1.875559842899469573e-02,1.329842210432026495e-02,1.554468407634534630e-02,6.435609453593329685e-03,5.195342107076414070e-03,1.271963067594570305e-02,2.714807414042582495e-02,3.195755529525252936e-02,1.105216013229518360e-02,3.224695100943981291e-02,5.180183283952318612e-02,5.571556535519878867e-02,1.460759319231034331e-02,6.787018535106456585e-02,3.595397230069592720e-02,5.611520705574312567e-02,3.139254461517260175e-02,8.356645765865086672e-02,2.938055536415627375e-02,2.193895128505478007e-02,2.250396196513470767e-02,1.278853441741886580e-02,2.327568386963412006e-02,2.385447529800868022e-02,4.186591331909322866e-02,2.696892441259560527e-02,8.068628126507269849e-02,7.046096603045545748e-02,2.016123475504719847e-02,6.161372562530145064e-02,1.631778405567422263e-01,6.387376834562116801e-02,1.109763660166747101e-01,6.472817473988837222e-02,1.803899951767381007e-02,5.873354923172328240e-02
1.171363605043753905e-02,1.568249155929166833e-02,0.000000000000000000e+00,6.780128160959139963e-03,2.463997795080272862e-02,3.111692964927995422e-02,2.984910080617377351e-02,7.138427616619582791e-03,3.923379039481843938e-02,2.236615448218838217e-02,2.696892441259560527e-02,1.798387652449527987e-02,4.896299869082890860e-02,1.458003169572107821e-02,1.729483910976365932e-02,1.231998897540136431e-02,9.067732377868118962e-03,1.831461448356645760e-02,1.666092468821056896e-02,2.938055536415627375e-02,1.890718666023565031e-02,5.158134086680906533e-02,4.860469923516846924e-02,2.050575346241300875e-02,4.320264590367257213e-02,9.618962309653414366e-02,4.809481154826707183e-02,6.537586990973609513e-02,4.853579549369530649e-02,1.481430441672982809e-02,4.211396678839660762e-02,1.365672155998070778e-02,6.766347412664507413e-03,1.535175360022049233e-02,9.674085302831944219e-03,1.723971611658512912e-02,6.931716392200096277e-03,3.555433060015158846e-03,1.307793013160614588e-02,1.073520292151863842e-02,1.256804244470474674e-02,8.874801901743264998e-03,1.008750775167091551e-02,4.092882243505822221e-03,3.376283332184937432e-03,8.530283194377454720e-03,1.755667332736167430e-02,2.085027216977881903e-02,7.193550609798112123e-03,2.068490319024323190e-02,3.351477985254599362e-02,3.592641080410666210e-02,9.646523806242679119e-03,4.400192930476124614e-02,2.290360366567904468e-02,3.614690277682078290e-02,2.090539516295734923e-02,5.430992902914628245e-02,1.912767863294976764e-02,1.493833115138151930e-02,1.442844346448012190e-02,8.254668228484807191e-03,1.531041135533659468e-02,1.539309584510438998e-02,2.763040033073796073e-02,1.794253427961138223e-02,5.271136222696892748e-02,4.686832495004478877e-02,1.357403707021291248e-02,3.975745883001446934e-02,1.072004409839454331e-01,4.174188658444153571e-02,7.222490181216839611e-02,4.211396678839660762e-02,1.172741679873217160e-02,3.882036794597946983e-02
7.662096051815613616e-03,1.034934196926893049e-02,6.780128160959139963e-03,0.000000000000000000e+00,1.663336319162130386e-02,2.053331495900227385e-02,2.025769999310962632e-02,4.713015916764280028e-03,2.611451801832839412e-02,1.511748087921174072e-02,1.819058774891476465e-02,1.190656652656239302e-02,3.318404189347481242e-02,9.701646799421209319e-03,1.117618686694687481e-02,8.061737752359953227e-03,6.159994487700682156e-03,1.215461999586577545e-02,1.117618686694687481e-02,1.922414387101219549e-02,1.249913870323158573e-02,3.374905257355474697e-02,3.195755529525252936e-02,1.346379108385585381e-02,2.865017570454075554e-02,6.295045820988079410e-02,3.173706332253841550e-02,4.342313787638668598e-02,3.246744298215393371e-02,9.577620064769516370e-03,2.782333080686281296e-02,9.494935575001722805e-03,4.644112175291118146e-03,1.037690346585819559e-02,6.559636188245021766e-03,1.157582856749121529e-02,4.657892923585750695e-03,2.411630951560669780e-03,9.040170881278853862e-03,7.276235099565906556e-03,8.309791221663335656e-03,5.815475780334871878e-03,6.890374147316199495e-03,2.852614896988906606e-03,2.273823468614345582e-03,5.498518569558326699e-03,1.163095156066974376e-02,1.384965203610556000e-02,4.878384896299868892e-03,1.395989802246262040e-02,2.228346999242058687e-02,2.429545924343691835e-02,6.421828705298698002e-03,2.907737890167436112e-02,1.544821883828291845e-02,2.426789774684765325e-02,1.412526700199820927e-02,3.665679046372218031e-02,1.267828843106180714e-02,9.867015778956798183e-03,9.453593330117825155e-03,5.457176324674429917e-03,1.008750775167091551e-02,1.028043822779576948e-02,1.783228829325432530e-02,1.196168951974092148e-02,3.413491352580445143e-02,3.059326121408392427e-02,8.861021153448632448e-03,2.669330944670295427e-02,7.062633500999104808e-02,2.692758216771170762e-02,4.810859229656170438e-02,2.754771584097016543e-02,7.620753806931715967e-03,2.530145386894508408e-02
2.747881209949700268e-02,3.831048025907806548e-02,2.463997795080272862e-02,1.663336319162130386e-02,0.000000000000000000e+00,7.477434024667539703e-02,7.473299800179149244e-02,1.725349686487976167e-02,9.603803486529317868e-02,5.606008406256459548e-02,6.664369875284227585e-02,4.360228760421690913e-02,1.221525528836215763e-01,3.599531454557982485e-02,4.040515399986219225e-02,2.998690828912009901e-02,2.276579618273272265e-02,4.521463515468889666e-02,4.080479570040652926e-02,7.022669330944669719e-02,4.601391855577757761e-02,1.245228415902983471e-01,1.158685316612692029e-01,4.872872596982016219e-02,1.065114035692138056e-01,2.304692344794322389e-01,1.170398952663129627e-01,1.597188727347894910e-01,1.190105422724453965e-01,3.540274236891063214e-02,1.017983876524495290e-01,3.515468889960724624e-02,1.701922414387101179e-02,3.726314338868600556e-02,2.378557155653552094e-02,4.280300420312822818e-02,1.728105836146902677e-02,8.723213670502308684e-03,3.319782264176944497e-02,2.622476400468545452e-02,2.972507407152208403e-02,2.105698339419830381e-02,2.469510094398125882e-02,1.037690346585819559e-02,8.171983738717011891e-03,2.005098876869014154e-02,4.313374216219940938e-02,5.060290773789016816e-02,1.766691931371873470e-02,5.167780610487149318e-02,8.189898711500034900e-02,8.942327568386963799e-02,2.326190312133948751e-02,1.082753393509267581e-01,5.717632467442981814e-02,8.918900296286087770e-02,5.083718045889892151e-02,1.337008199545235421e-01,4.641356025632192156e-02,3.468614345758974649e-02,3.532005787914283684e-02,2.000964652380624390e-02,3.691862468132019875e-02,3.789705781023909592e-02,6.519672018190587892e-02,4.291325018948528858e-02,1.265761730861985901e-01,1.102597671053538175e-01,3.168194032935988530e-02,9.809136636119340780e-02,2.579067043340453336e-01,9.938675670088885361e-02,1.755667332736167707e-01,1.015503341831461431e-01,2.859505271136222535e-02,9.226210983256390163e-02
3.461723971611658374e-02,4.735065114035692108e-02,3.111692964927995422e-02,2.053331495900227385e-02,7.477434024667539703e-02,0.000000000000000000e+00,9.117343071728795101e-02,2.124991387032315951e-02,1.200027561496589262e-01,6.767725487493971015e-02,8.090677323778680541e-02,5.359333011782539680e-02,1.495486804933507941e-01,4.445669399848412029e-02,5.104389168331840282e-02,3.755253910287328911e-02,2.752015434438090033e-02,5.582581134155584907e-02,5.036863501688141481e-02,8.794873561634396208e-02,5.640460276993040922e-02,1.571143113071039876e-01,1.457314132157376263e-01,6.195824433266726439e-02,1.324467718597119870e-01,2.915317301729483668e-01,1.463515468889960702e-01,1.981671604768139028e-01,1.474953489974505649e-01,4.496658168538551770e-02,1.273341142424033734e-01,4.277544270653896308e-02,2.086405291807345158e-02,4.598635705918831251e-02,2.925652862950458080e-02,5.258733549231723453e-02,2.119479087714462931e-02,1.062495693516157975e-02,4.028112726521049930e-02,3.257768896851098717e-02,3.738717012333769851e-02,2.662440570522979499e-02,3.056569971749465917e-02,1.260938468958864439e-02,1.023909598291187183e-02,2.546682284848067121e-02,5.329015365534348764e-02,6.323985392406807071e-02,2.181492455040308712e-02,6.286777372011299880e-02,1.021980293529938660e-01,1.090057190105422763e-01,2.903603665679046347e-02,1.342107076414249256e-01,6.966168262936676958e-02,1.096258526838007341e-01,6.193068283607799929e-02,1.632743057948046472e-01,5.794804657892923400e-02,4.365741059739543933e-02,4.440157100530559009e-02,2.476400468545442157e-02,4.613794529042927056e-02,4.674429821539309582e-02,8.271205126438366251e-02,5.312478467580789704e-02,1.601460759319230931e-01,1.404258251223041432e-01,4.055674223110315030e-02,1.209811892785778303e-01,3.242334458761110816e-01,1.272238682560463130e-01,2.183146144835664548e-01,1.284227933576793101e-01,3.563701508991938549e-02,1.166953765589471559e-01
3.336319162130503557e-02,4.670295597050919817e-02,2.984910080617377351e-02,2.025769999310962632e-02,7.473299800179149244e-02,9.117343071728795101e-02,0.000000000000000000e+00,2.115344863226073166e-02,1.169020877833666372e-01,6.836629228967132377e-02,8.104458072073313091e-02,5.315234617239716214e-02,1.488734238269137922e-01,4.411217529111830654e-02,4.879762971129332494e-02,3.656032522565975246e-02,2.783711155515744551e-02,5.498518569558327046e-02,4.988630882656928250e-02,8.493075173981946835e-02,5.604630331426996293e-02,1.510507820574657212e-01,1.408943705643216360e-01,5.961551712257975866e-02,1.299937986632674070e-01,2.810307999724385164e-01,1.420106111761868795e-01,1.944877006821470466e-01,1.449045683180596733e-01,4.310618066561014428e-02,1.240405153999862148e-01,4.302349617584234898e-02,2.068490319024323190e-02,4.515951216151037340e-02,2.888444842554950889e-02,5.247708950596017413e-02,2.122235237373389441e-02,1.066629918004547567e-02,4.085991869358505946e-02,3.198511679184179446e-02,3.588506855922276445e-02,2.560463033142699671e-02,3.017983876524495124e-02,1.278853441741886580e-02,9.908358023840694098e-03,2.428167849514228580e-02,5.244952800937090903e-02,6.154482188382829483e-02,2.170467856404602672e-02,6.312960793771102419e-02,9.953834493212981860e-02,1.094604837042651435e-01,2.826431475229105109e-02,1.316061462137393945e-01,6.995107834355406007e-02,1.084958313236408789e-01,6.187555984289946909e-02,1.626403913732515638e-01,5.679046372218011368e-02,4.186591331909322866e-02,4.305105767243161408e-02,2.446082822297250894e-02,4.495280093709088515e-02,4.584854957624198701e-02,7.883966099359195068e-02,5.227037828154068588e-02,1.532970440294907921e-01,1.338937504306483839e-01,3.825535726589953528e-02,1.196168951974092148e-01,3.136222696892441153e-01,1.202370288706676726e-01,2.137807482946323945e-01,1.231861090057190106e-01,3.478260869565217434e-02,1.117756494177633841e-01
8.075518500654585777e-03,1.081788741128643372e-02,7.138427616619582791e-03,4.713015916764280028e-03,1.725349686487976167e-02,2.124991387032315951e-02,2.115344863226073166e-02,0.000000000000000000e+00,2.728588162337215045e-02,1.558602632122924221e-02,1.876937917728932828e-02,1.247157720664232063e-02,3.449321298146489079e-02,1.030799972438503458e-02,1.174119754702680415e-02,8.475160201198924520e-03,6.325363467236271020e-03,1.266450768276717459e-02,1.171363605043753905e-02,2.009233101357403573e-02,1.317439536966857373e-02,3.533383862743746939e-02,3.333563012471577047e-02,1.408392475711431162e-02,2.993178529594156881e-02,6.627161854888720394e-02,3.303245366223386131e-02,4.533866188934058961e-02,3.362502583890305402e-02,1.007372700337628296e-02,2.895335216702266817e-02,9.660304554537311669e-03,4.850823399710604659e-03,1.063873768345621230e-02,6.669882174602081298e-03,1.227864673051746666e-02,4.892165644594501442e-03,2.466753944739199546e-03,9.150416867635912527e-03,7.524288568869289852e-03,8.557844690966719819e-03,6.022187004754358391e-03,7.097085371735685141e-03,2.949080135051333155e-03,2.328946461792875348e-03,5.856818025218769527e-03,1.226486598222283411e-02,1.444222421277475445e-02,5.057534624130090306e-03,1.452490870254254801e-02,2.315165713498243058e-02,2.530145386894508408e-02,6.669882174602081298e-03,3.042789223454833714e-02,1.598566802177358095e-02,2.531523461723971663e-02,1.455247019913181311e-02,3.802108454489078887e-02,1.342244883897195616e-02,1.007372700337628296e-02,1.000482326190312195e-02,5.650106800799283013e-03,1.061117618686694720e-02,1.063873768345621230e-02,1.875559842899469573e-02,1.236133122028526196e-02,3.585750706263349935e-02,3.190243230207399916e-02,9.081513126162749777e-03,2.772686556880038511e-02,7.365809963481016742e-02,2.831943774546957782e-02,5.014814304416730095e-02,2.876042169089781594e-02,8.089299248949218327e-03,2.667952869840832519e-02
4.375387583545786718e-02,6.060773099979328837e-02,3.923379039481843938e-02,2.611451801832839412e-02,9.603803486529317868e-02,1.200027561496589262e-01,1.168883070350719977e-01,2.728588162337215045e-02,0.000000000000000000e+00,8.655688003858609536e-02,1.035347619375732164e-01,6.836629228967132377e-02,1.915661820436849738e-01,5.701095569489423448e-02,6.479707848136154191e-02,4.780541583407978828e-02,3.533383862743746939e-02,7.148074140425825229e-02,6.412182181492455391e-02,1.117205264245848539e-01,7.190794460139185440e-02,1.995038930613932393e-01,1.846620271480741426e-01,7.793013160614621626e-02,1.690070970853717325e-01,3.706470061324330101e-01,1.863294976917246604e-01,2.522703782815406970e-01,1.885481981671604801e-01,5.676290222559084858e-02,1.620615999448770106e-01,5.436505202232481265e-02,2.655550196375663224e-02,5.858196100048232435e-02,3.726314338868600556e-02,6.730517467098463824e-02,2.698270516089023782e-02,1.362916006339144268e-02,5.131950664921105382e-02,4.167298284296837296e-02,4.728174739888375833e-02,3.351477985254599362e-02,3.894439468063115584e-02,1.608213325983600880e-02,1.300902639013298487e-02,3.164059808447598765e-02,6.815958106525184246e-02,8.063115827189416829e-02,2.768552332391648746e-02,8.034176255770687780e-02,1.300764831530352161e-01,1.394887342382691298e-01,3.675325570178460816e-02,1.718183697374767449e-01,8.903741473161992659e-02,1.398332529456349504e-01,7.925308344243092717e-02,2.092744436022876131e-01,7.365809963481016742e-02,5.526080066147592146e-02,5.647350651140357197e-02,3.165437883277062020e-02,5.898160270102666830e-02,5.986357059188313762e-02,1.048163715289740228e-01,6.689175222214566174e-02,2.037208020395507579e-01,1.764900434093571169e-01,5.065803073106869836e-02,1.551023220560876492e-01,4.112037483635361257e-01,1.606697443671191439e-01,2.780403775925032739e-01,1.623647764073589128e-01,4.542134637910838491e-02,1.474815682491559254e-01
2.503961965134706910e-02,3.511334665472334859e-02,2.236615448218838217e-02,1.511748087921174072e-02,5.606008406256459548e-02,6.767725487493971015e-02,6.836629228967132377e-02,1.558602632122924221e-02,8.655688003858609536e-02,0.000000000000000000e+00,6.110383793840005323e-02,3.937159787776476488e-02,1.098325639082202154e-01,3.319782264176944497e-02,3.643629849100805951e-02,2.771308482050575256e-02,2.050575346241300875e-02,4.087369944187969201e-02,3.716667815062357771e-02,6.399779508027285402e-02,4.179700957762006591e-02,1.133466547233514810e-01,1.055605319368841666e-01,4.422242127747536694e-02,9.740232894646179418e-02,2.106249569351615891e-01,1.061531041135533593e-01,1.450148143044167337e-01,1.077792324123199863e-01,3.264659270998414992e-02,9.275821677117067343e-02,3.113071039757458677e-02,1.515882312409563837e-02,3.334941087301040302e-02,2.104320264590367126e-02,3.928891338799696958e-02,1.571005305588093343e-02,7.772342038172673148e-03,2.968373182663818638e-02,2.377179080824088839e-02,2.691380141941707507e-02,1.898987115000344561e-02,2.251774271342934022e-02,9.439812581823192605e-03,7.386481085922965220e-03,1.845242196651278310e-02,3.945428236753256018e-02,4.595879556259904741e-02,1.617859849789843665e-02,4.740577413353545128e-02,7.327223868256046990e-02,8.177496038034864911e-02,2.104320264590367126e-02,9.698890649762281768e-02,5.239440501619237883e-02,8.115482670709019131e-02,4.604148005236684271e-02,1.211741197547026860e-01,4.269275821677116778e-02,3.137876386687796920e-02,3.253634672362708952e-02,1.838351822503962035e-02,3.384551781161716788e-02,3.450699372975952334e-02,5.956039412940122846e-02,3.941294012264866253e-02,1.152483979880107451e-01,1.009715427547715899e-01,2.888444842554950889e-02,8.956108316681596349e-02,2.348790739337145994e-01,9.037414731619926311e-02,1.601185144353338419e-01,9.253772479845655263e-02,2.608695652173912902e-02,8.424171432508785473e-02
3.016605801695031869e-02,4.178322882932543336e-02,2.696892441259560527e-02,1.819058774891476465e-02,6.664369875284227585e-02,8.090677323778680541e-02,8.104458072073313091e-02,1.876937917728932828e-02,1.035347619375732164e-01,6.110383793840005323e-02,0.000000000000000000e+00,4.764004685454420462e-02,1.313305312478467712e-01,3.916488665334527663e-02,4.445669399848412029e-02,3.277061944463584287e-02,2.461241645421346352e-02,4.896299869082890860e-02,4.453937848825190865e-02,7.675876800110245646e-02,5.053400399641700541e-02,1.349824295459243484e-01,1.271687452628677828e-01,5.323503066216495744e-02,1.158409701646799378e-01,2.504926617515331189e-01,1.270584992765107224e-01,1.727278991249224793e-01,1.285468200923310100e-01,3.832426100737269803e-02,1.105629435678357336e-01,3.744229311651622871e-02,1.809412251085234027e-02,4.054296148280851775e-02,2.568731482119479201e-02,4.648246399779507737e-02,1.890718666023565031e-02,9.522497071590987905e-03,3.552676910356232509e-02,2.840212223523737312e-02,3.260525046510025227e-02,2.287604216908978305e-02,2.698270516089023782e-02,1.123130986012540501e-02,9.026390132984221312e-03,2.196651278164404170e-02,4.684076345345552367e-02,5.501274719217253556e-02,1.912767863294976764e-02,5.601874181768069783e-02,8.917522221456625209e-02,9.698890649762281768e-02,2.517742713429339113e-02,1.167642803004203117e-01,6.231654378832770375e-02,9.682353751808722708e-02,5.552263487907393297e-02,1.452766485220147452e-01,5.050644249982774031e-02,3.826913801419416783e-02,3.843450699372975843e-02,2.187004754358161732e-02,3.995038930613932504e-02,4.101150692482601751e-02,7.174257562185626380e-02,4.707503617446427008e-02,1.378488251912078910e-01,1.212292427478812162e-01,3.490663543030386728e-02,1.064287190794460103e-01,2.801901743264659239e-01,1.085785158134086742e-01,1.910011713636050323e-01,1.111555157445049263e-01,3.111692964927995422e-02,1.006545855439950343e-01
2.042306897264521345e-02,2.729966237166678300e-02,1.798387652449527987e-02,1.190656652656239302e-02,4.360228760421690913e-02,5.359333011782539680e-02,5.315234617239716214e-02,1.247157720664232063e-02,6.836629228967132377e-02,3.937159787776476488e-02,4.764004685454420462e-02,0.000000000000000000e+00,8.652931854199683026e-02,2.585268380073037914e-02,2.964238958175428873e-02,2.148418659133190939e-02,1.598566802177358095e-02,3.191621305036863171e-02,2.943567835733480395e-02,5.039619651347067991e-02,3.352856060084062617e-02,8.870667677254874539e-02,8.432439881485565003e-02,3.578860332116033660e-02,7.571143113071039654e-02,1.671053538207124545e-01,8.315303520981189023e-02,1.143113071039757456e-01,8.454489078756977083e-02,2.557706883483773161e-02,7.335492317232825132e-02,2.483290842692758085e-02,1.214083924757114290e-02,2.683111692964927977e-02,1.689519740921932231e-02,3.066216495555708701e-02,1.241645421346379043e-02,6.132432991111417056e-03,2.363398332529456289e-02,1.885206366705712011e-02,2.174602080892992437e-02,1.536553434851512488e-02,1.776338455178116255e-02,7.427823330806862870e-03,5.884379521808033760e-03,1.486942740990835829e-02,3.092399917315510199e-02,3.642251774271342696e-02,1.276097292082960070e-02,3.661544821883828266e-02,5.808585406187555950e-02,6.357059188313925191e-02,1.686763591263005721e-02,7.630400330737958925e-02,4.070833046234410835e-02,6.380486460414799832e-02,3.687728243643630111e-02,9.537655894715083016e-02,3.351477985254599362e-02,2.543926135189140611e-02,2.524633087576655388e-02,1.426307448494453303e-02,2.658306346034589734e-02,2.684489767794391232e-02,4.706125542616964447e-02,3.139254461517260175e-02,9.055329704402949320e-02,8.054847378212637299e-02,2.320678012816096078e-02,6.973058637083993927e-02,1.859574174877695885e-01,7.152208364914214300e-02,1.260938468958864578e-01,7.272100875077516791e-02,2.031282298628815652e-02,6.726383242610073365e-02
5.505408943705643321e-02,7.612485357954937304e-02,4.896299869082890860e-02,3.318404189347481242e-02,1.221525528836215763e-01,1.495486804933507941e-01,1.488734238269137922e-01,3.449321298146489079e-02,1.915661820436849738e-01,1.098325639082202154e-01,1.313305312478467712e-01,8.652931854199683026e-02,0.000000000000000000e+00,7.190794460139185440e-02,8.010748983669813139e-02,5.983600909529387252e-02,4.466340522290360160e-02,8.989182112588713081e-02,8.100323847584924020e-02,1.390753117894301671e-01,9.095293874457383021e-02,2.477365120926066366e-01,2.299180045476469370e-01,9.765038241576518008e-02,2.121270584992765162e-01,4.613656721559980523e-01,2.320264590367256963e-01,3.168331840418934786e-01,2.370426514159718889e-01,7.073658099634810847e-02,2.029215186384620562e-01,6.970302487425067417e-02,3.365258733549231912e-02,7.385103011093502312e-02,4.706125542616964447e-02,8.531661269206917975e-02,3.435540549851857223e-02,1.729483910976365932e-02,6.603734582787845753e-02,5.238062426789774628e-02,5.921587542203541471e-02,4.219665127816440292e-02,4.918349066354302940e-02,2.061599944877006915e-02,1.626128298766623195e-02,4.010197753738028309e-02,8.538551643354233556e-02,1.006545855439950343e-01,3.541652311720526469e-02,1.021842486046992404e-01,1.621718459312340710e-01,1.772755460621511792e-01,4.615172603872390311e-02,2.146764969337835172e-01,1.125198098256735280e-01,1.764900434093571169e-01,1.009439812581823248e-01,2.642182870529869998e-01,9.284090126093846873e-02,6.887617997657272118e-02,7.024047405774133668e-02,3.957830910218424619e-02,7.382346861434575802e-02,7.487080548473781794e-02,1.295803762144284443e-01,8.480672500516778234e-02,2.516915868531661160e-01,2.203403844828774327e-01,6.318473093088954051e-02,1.952869840832357207e-01,5.144353338386273844e-01,1.980155722455729239e-01,3.493833115138151868e-01,2.016950320402397800e-01,5.703851719148349958e-02,1.844001929304761311e-01
1.605457176324674370e-02,2.277957693102735520e-02,1.458003169572107821e-02,9.701646799421209319e-03,3.599531454557982485e-02,4.445669399848412029e-02,4.411217529111830654e-02,1.030799972438503458e-02,5.701095569489423448e-02,3.319782264176944497e-02,3.916488665334527663e-02,2.585268380073037914e-02,7.190794460139185440e-02,0.000000000000000000e+00,2.401984427754427082e-02,1.787363053813821948e-02,1.342244883897195616e-02,2.687245917453317742e-02,2.413009026390133122e-02,4.135602563219183125e-02,2.720319713360435515e-02,7.404396058705987882e-02,6.879349548680493975e-02,2.895335216702266817e-02,6.314338868600564980e-02,1.368428305656997079e-01,6.941362916006339756e-02,9.424653758699097494e-02,7.017157031626816699e-02,2.079514917660028883e-02,6.033211603390063738e-02,2.069868393853786098e-02,9.935919520429959198e-03,2.189760904017088242e-02,1.405636326052504652e-02,2.490181216840074360e-02,1.025287673120650438e-02,5.181561358781781521e-03,1.966512781644043362e-02,1.548956108316681610e-02,1.747398883759388247e-02,1.243023496175842298e-02,1.459381244401571076e-02,6.118652242816785373e-03,4.878384896299868892e-03,1.167229380555364140e-02,2.539791910700751193e-02,2.991800454764693626e-02,1.036312271756356304e-02,3.029008475160201164e-02,4.846689175222214374e-02,5.249087025425480668e-02,1.375318679804313389e-02,6.399779508027285402e-02,3.380417556673327023e-02,5.280782746503134839e-02,2.989044305105767116e-02,7.841245779645834857e-02,2.739612760972920738e-02,2.054709570729690640e-02,2.105698339419830381e-02,1.190656652656239302e-02,2.184248604699235222e-02,2.237993523048301472e-02,3.864121821814924668e-02,2.531523461723971663e-02,7.528422793357679443e-02,6.540343140632536023e-02,1.878315992558396083e-02,5.800316957210776420e-02,1.527182526011162389e-01,5.914697168056225196e-02,1.034796389443946862e-01,6.008406256459725842e-02,1.679873217115689446e-02,5.448907875697650560e-02
1.947219734031557792e-02,2.572865706607868966e-02,1.729483910976365932e-02,1.117618686694687481e-02,4.040515399986219225e-02,5.104389168331840282e-02,4.879762971129332494e-02,1.174119754702680415e-02,6.479707848136154191e-02,3.643629849100805951e-02,4.445669399848412029e-02,2.964238958175428873e-02,8.010748983669813139e-02,2.401984427754427082e-02,0.000000000000000000e+00,2.027148074140425887e-02,1.467649693378350433e-02,3.006959277888789431e-02,2.775442706538965021e-02,4.798456556191001143e-02,3.119961413904774952e-02,8.472404051539998704e-02,8.013505133328739649e-02,3.406600978433128868e-02,7.121890718666024078e-02,1.591400813064149378e-01,7.912905670777922729e-02,1.067318955419279264e-01,7.961138289809135959e-02,2.381313305312478604e-02,6.912423344587610707e-02,2.247640046854544257e-02,1.112106387376834635e-02,2.535657686212361428e-02,1.591676428030042167e-02,2.833321849376421037e-02,1.147936332942878744e-02,5.843037276924136977e-03,2.145662509474264429e-02,1.780472679666506020e-02,2.068490319024323190e-02,1.453868945083718056e-02,1.648177496038034928e-02,6.628539929718183649e-03,5.581203059326121131e-03,1.393233652587335530e-02,2.903603665679046347e-02,3.461723971611658374e-02,1.165851305725900885e-02,3.394198304967959573e-02,5.535726589953834237e-02,5.891269895955350555e-02,1.565493006270240323e-02,7.234892854682009600e-02,3.778681182388203552e-02,5.940880589816027041e-02,3.430028250534004203e-02,8.895473024185213129e-02,3.142010611176186685e-02,2.426789774684765325e-02,2.392337903948184297e-02,1.357403707021291248e-02,2.546682284848067121e-02,2.541169985530214448e-02,4.561427685523324060e-02,2.906359815337972857e-02,8.699786398401433696e-02,7.680011024598636105e-02,2.222834699924206014e-02,6.567904637221801123e-02,1.767794391235444074e-01,6.920691793564390237e-02,1.185006545855439991e-01,6.942740990835802317e-02,1.910011713636050601e-02,6.402535657686211912e-02
1.369806380486460369e-02,1.901743264659271071e-02,1.231998897540136431e-02,8.061737752359953227e-03,2.998690828912009901e-02,3.755253910287328911e-02,3.656032522565975246e-02,8.475160201198924520e-03,4.780541583407978828e-02,2.771308482050575256e-02,3.277061944463584287e-02,2.148418659133190939e-02,5.983600909529387252e-02,1.787363053813821948e-02,2.027148074140425887e-02,0.000000000000000000e+00,1.123130986012540501e-02,2.226968924412595432e-02,2.007855026527940318e-02,3.515468889960724624e-02,2.275201543443809010e-02,6.259215875422034780e-02,5.796182732722386655e-02,2.435058223661544854e-02,5.335905739681665039e-02,1.161579273754564934e-01,5.852683800730379415e-02,7.929442568731481789e-02,5.881623372149107770e-02,1.805278026596844262e-02,5.080961896230965641e-02,1.685385516433542466e-02,8.282229725074072291e-03,1.797009577620064733e-02,1.139667883966099388e-02,2.101564114931440616e-02,8.392475711431130955e-03,4.216908978157514302e-03,1.584786053882725892e-02,1.271963067594570305e-02,1.455247019913181311e-02,1.025287673120650438e-02,1.220974298904430565e-02,5.071315372424722856e-03,4.023978502032660338e-03,9.963481017019224298e-03,2.151174808792117449e-02,2.508096189623096675e-02,8.778336663680837149e-03,2.538413835871287938e-02,4.068076896575484325e-02,4.398814855646661359e-02,1.150692482601805254e-02,5.349686487976296895e-02,2.844346448012127077e-02,4.420864052918073439e-02,2.481912767863294830e-02,6.581685385516433673e-02,2.326190312133948751e-02,1.715703162681733729e-02,1.812168400744160537e-02,9.963481017019224298e-03,1.847998346310204473e-02,1.887962516364638521e-02,3.303245366223386131e-02,2.115344863226073166e-02,6.432853303934403522e-02,5.523323916488665636e-02,1.582029904223799383e-02,4.870116447323089709e-02,1.287121890718666006e-01,5.061668848618480071e-02,8.753531316750499947e-02,5.115413766967546322e-02,1.435953972300695915e-02,4.628953352167022861e-02
1.007372700337628296e-02,1.426307448494453303e-02,9.067732377868118962e-03,6.159994487700682156e-03,2.276579618273272265e-02,2.752015434438090033e-02,2.783711155515744551e-02,6.325363467236271020e-03,3.533383862743746939e-02,2.050575346241300875e-02,2.461241645421346352e-02,1.598566802177358095e-02,4.466340522290360160e-02,1.342244883897195616e-02,1.467649693378350433e-02,1.123130986012540501e-02,0.000000000000000000e+00,1.653689795355887948e-02,1.518638462068490347e-02,2.597671053538207209e-02,1.686763591263005721e-02,4.608282229725074036e-02,4.291325018948528858e-02,1.794253427961138223e-02,3.961965134706814384e-02,8.527527044718528904e-02,4.311996141390477683e-02,5.866464549025011965e-02,4.372631433886860208e-02,1.327086060773099985e-02,3.741473161992696361e-02,1.280231516571349835e-02,6.077309997932887724e-03,1.338110659408805851e-02,8.461379452904291970e-03,1.593054502859505422e-02,6.394267208709432902e-03,3.100668366292289469e-03,1.205815475780334933e-02,9.687866051126576769e-03,1.094191414593812493e-02,7.717219044994142949e-03,9.191759112519810176e-03,3.872390270791704024e-03,3.031764624819127587e-03,7.524288568869289852e-03,1.590298353200578912e-02,1.864535244263763533e-02,6.573416936539654316e-03,1.923792461930682804e-02,2.994556604423620136e-02,3.314269964859092171e-02,8.544063942672087270e-03,3.956452835388961364e-02,2.127747536691242461e-02,3.277061944463584287e-02,1.859022944945910513e-02,4.904568318059670390e-02,1.721215461999586749e-02,1.276097292082960070e-02,1.325707985943636730e-02,7.455384827396127970e-03,1.364294081168607523e-02,1.384965203610556000e-02,2.422655550196375560e-02,1.591676428030042167e-02,4.684076345345552367e-02,4.116309515606697556e-02,1.172741679873217160e-02,3.635361400124026421e-02,9.537655894715083016e-02,3.697374767449872202e-02,6.507269344725417903e-02,3.777303107558740297e-02,1.068007992834010822e-02,3.413491352580445143e-02
2.031282298628815652e-02,2.825053400399641854e-02,1.831461448356645760e-02,1.215461999586577545e-02,4.521463515468889666e-02,5.582581134155584907e-02,5.498518569558327046e-02,1.266450768276717459e-02,7.148074140425825229e-02,4.087369944187969201e-02,4.896299869082890860e-02,3.191621305036863171e-02,8.989182112588713081e-02,2.687245917453317742e-02,3.006959277888789431e-02,2.226968924412595432e-02,1.653689795355887948e-02,0.000000000000000000e+00,3.000068903741473156e-02,5.231172052642458353e-02,3.368014883208158422e-02,9.300627024047405933e-02,8.593674636532763755e-02,3.607799903534762015e-02,7.893612623165438547e-02,1.718597119823606356e-01,8.681871425618410687e-02,1.182526011162406132e-01,8.803142010611175738e-02,2.669330944670295427e-02,7.549093915799627574e-02,2.542548060359677703e-02,1.251291945152621828e-02,2.716185488872045750e-02,1.712947013022807219e-02,3.159925583959209000e-02,1.259560394129401184e-02,6.380486460414800352e-03,2.407496727072280102e-02,1.933438985736925589e-02,2.185626679528698477e-02,1.554468407634534630e-02,1.824571074209329485e-02,7.565630813753186634e-03,6.008406256459725842e-03,1.489698890649762339e-02,3.188865155377937355e-02,3.745607386481086126e-02,1.306414938331151333e-02,3.799352304830152377e-02,6.053882725832012562e-02,6.576173086198580653e-02,1.714325087852270474e-02,8.013505133328739649e-02,4.203128229862881232e-02,6.563770412733412052e-02,3.715289740232894516e-02,9.861503479638944469e-02,3.467236270929511394e-02,2.576999931096258384e-02,2.645903672569420439e-02,1.481430441672982809e-02,2.749259284779163523e-02,2.801626128298766519e-02,4.886653345276648769e-02,3.142010611176186685e-02,9.482532901536552816e-02,8.232619031213395111e-02,2.349617584234824086e-02,7.276235099565905862e-02,1.915386205470956948e-01,7.474677875008613193e-02,1.304485633569902880e-01,7.564252738923724073e-02,2.137394060497484899e-02,6.900020671122442106e-02
1.890718666023565031e-02,2.570109556948942456e-02,1.666092468821056896e-02,1.117618686694687481e-02,4.080479570040652926e-02,5.036863501688141481e-02,4.988630882656928250e-02,1.171363605043753905e-02,6.412182181492455391e-02,3.716667815062357771e-02,4.453937848825190865e-02,2.943567835733480395e-02,8.100323847584924020e-02,2.413009026390133122e-02,2.775442706538965021e-02,2.007855026527940318e-02,1.518638462068490347e-02,3.000068903741473156e-02,0.000000000000000000e+00,4.773651209260662553e-02,3.125473713222628319e-02,8.359401915524013182e-02,7.959760214979673398e-02,3.336319162130503557e-02,7.087438847929442010e-02,1.553503755253910212e-01,7.867429201405636008e-02,1.066216495555708660e-01,7.957004065320746888e-02,2.381313305312478604e-02,6.844897677943911907e-02,2.290360366567904468e-02,1.132777509818783113e-02,2.506718114793633420e-02,1.588920278371115657e-02,2.858127196306759626e-02,1.157582856749121529e-02,5.856818025218769527e-03,2.199407427823330680e-02,1.766691931371873470e-02,2.028526148969889142e-02,1.424929373664990048e-02,1.674360917797836426e-02,6.931716392200096277e-03,5.581203059326121131e-03,1.378074829463239899e-02,2.866395645283538809e-02,3.417625577068834908e-02,1.183766278508923027e-02,3.447943223317025824e-02,5.523323916488665636e-02,5.962929787087439121e-02,1.572383380417556598e-02,7.225246330875766121e-02,3.828291876248880038e-02,5.946392889133880061e-02,3.438296699510783733e-02,8.958864466340522859e-02,3.113071039757458677e-02,2.403362502583890337e-02,2.363398332529456289e-02,1.361537931509681013e-02,2.476400468545442157e-02,2.521876937917728878e-02,4.452559773995728304e-02,2.927030937779921335e-02,8.487562874664093815e-02,7.569765038241577093e-02,2.166333631916212907e-02,6.537586990973609513e-02,1.739268242265555042e-01,6.744298215393096374e-02,1.182663818645352388e-01,6.873837249362640955e-02,1.905877489147660836e-02,6.248191276786329434e-02
3.224695100943981291e-02,4.463584372631433650e-02,2.938055536415627375e-02,1.922414387101219549e-02,7.022669330944669719e-02,8.794873561634396208e-02,8.493075173981946835e-02,2.009233101357403573e-02,1.117205264245848539e-01,6.399779508027285402e-02,7.675876800110245646e-02,5.039619651347067991e-02,1.390890925377248066e-01,4.135602563219183125e-02,4.798456556191001143e-02,3.515468889960724624e-02,2.597671053538207209e-02,5.231172052642458353e-02,4.773651209260662553e-02,0.000000000000000000e+00,5.319368841728105979e-02,1.462964238958175400e-01,1.374078412457796494e-01,5.717632467442981814e-02,1.232274512506029013e-01,2.699648590918486968e-01,1.374078412457796494e-01,1.842899469441190707e-01,1.376283332184937702e-01,4.156273685661131256e-02,1.183904085991869387e-01,3.898573692551505349e-02,1.894852890511954796e-02,4.298215393095845133e-02,2.716185488872045750e-02,4.886653345276648769e-02,1.976159305450285800e-02,9.963481017019224298e-03,3.683594019155240346e-02,3.046923447943223479e-02,3.500310066836629513e-02,2.466753944739199372e-02,2.863639495624612299e-02,1.165851305725900885e-02,9.701646799421209319e-03,2.362020257699993034e-02,4.974850134362295700e-02,5.954661338110659591e-02,2.013367325845793337e-02,5.898160270102666830e-02,9.587266588575760196e-02,1.019499758836904801e-01,2.687245917453317742e-02,1.256804244470474674e-01,6.583063460345896234e-02,1.024598635705918775e-01,5.870598773513401730e-02,1.540549851856955754e-01,5.363467236270929445e-02,4.139736787707572196e-02,4.116309515606697556e-02,2.356507958382140014e-02,4.295459243436918623e-02,4.372631433886860208e-02,7.900502997312754128e-02,4.991387032315854760e-02,1.496589264797078545e-01,1.314545579824984434e-01,3.807620753806931907e-02,1.130296975125749392e-01,3.020877833666368306e-01,1.194790877144628893e-01,2.049335078894783946e-01,1.205677668297388538e-01,3.350099910425136107e-02,1.085647350651140347e-01
2.151174808792117449e-02,2.885688692896024379e-02,1.890718666023565031e-02,1.249913870323158573e-02,4.601391855577757761e-02,5.640460276993040922e-02,5.604630331426996293e-02,1.317439536966857373e-02,7.190794460139185440e-02,4.179700957762006591e-02,5.053400399641700541e-02,3.352856060084062617e-02,9.095293874457383021e-02,2.720319713360435515e-02,3.119961413904774952e-02,2.275201543443809010e-02,1.686763591263005721e-02,3.368014883208158422e-02,3.125473713222628319e-02,5.319368841728105979e-02,0.000000000000000000e+00,9.375043064838420315e-02,8.884448425549507089e-02,3.769034658581960767e-02,8.002480534693033609e-02,1.760077172190449846e-01,8.772824364362985516e-02,1.201819058774891424e-01,8.888582650037897548e-02,2.676221318817611702e-02,7.728243643629849335e-02,2.585268380073037914e-02,1.267828843106180714e-02,2.838834148694274057e-02,1.795631502790601478e-02,3.228829325432371056e-02,1.305036863501688078e-02,6.614759181423551099e-03,2.470888169227589137e-02,1.987183904085991840e-02,2.284848067250051795e-02,1.612347550471990645e-02,1.867291393922690043e-02,7.730999793288775498e-03,6.242678977468476588e-03,1.543443808998828590e-02,3.253634672362708952e-02,3.835182250396196313e-02,1.338110659408805851e-02,3.862743746985461413e-02,6.115896093157858343e-02,6.726383242610073365e-02,1.755667332736167430e-02,8.036932405429614290e-02,4.294081168607455368e-02,6.697443671191345704e-02,3.895817542892578839e-02,1.005994625508165041e-01,3.533383862743746939e-02,2.663818645352442754e-02,2.676221318817611702e-02,1.508991938262247562e-02,2.811272652105009304e-02,2.834699924205884292e-02,4.963825535726589661e-02,3.260525046510025227e-02,9.551436643009715566e-02,8.439330255632880584e-02,2.429545924343691835e-02,7.368566113139943252e-02,1.955625990491283717e-01,7.514642045063046893e-02,1.327499483221938892e-01,7.680011024598636105e-02,2.142906359815337919e-02,7.079170398952662480e-02
