0.000000000000000000e+00,2.113374267276617313e-02,1.438486023899392986e-02,7.096762971595554394e-03,3.023081873684576801e-02,4.051068862952462296e-02,4.729435911707919465e-02,1.014071767754952912e-02,5.240820302308187711e-02,2.918717712337583203e-02,3.426623297559618087e-02,2.219477831312727245e-02,6.467099198135360660e-02,1.768972534831538684e-02,1.541110782557269902e-02,1.555026004070202313e-02,9.775443112835052045e-03,1.972482649458176182e-02,1.852463863909133493e-02,3.524029848150145305e-02,1.958567427945243772e-02,5.656537545007044726e-02,6.251413264684907434e-02,2.421248543250247715e-02,4.896418569863109083e-02,9.100554869457827545e-02,6.223582821659042613e-02,8.491763928267033468e-02,6.247934459306674071e-02,1.424570802386460576e-02,4.251100172200866084e-02,1.621123306256631522e-02,1.492407507262006293e-02,1.610686890121932127e-02,9.966777408637873120e-03,1.833330434328851385e-02,6.053121358125619286e-03,6.505366057295924355e-03,1.534153171800803524e-02,1.074950861874032423e-02,1.601989876676349414e-02,9.688472978379224915e-03,1.436746621210276305e-02,4.296324642117896851e-03,4.348506722791393823e-03,1.273242768433320050e-02,1.932476387608495286e-02,2.017707119375206429e-02,1.074950861874032423e-02,2.821311161747055984e-02,4.033674836061296870e-02,4.952079455914838724e-02,1.040162808091701224e-02,5.524342940634185961e-02,2.937851141917865311e-02,3.442277921761666831e-02,2.659546711659216064e-02,6.247934459306674071e-02,1.568941225583134896e-02,1.755057313318606274e-02,1.525456158355220811e-02,1.252369936163921262e-02,1.967264441390826485e-02,1.871597293489415600e-02,3.715364143952966380e-02,2.289053938877389643e-02,6.030509123167104163e-02,6.394044285192465593e-02,1.572420030961367912e-02,4.395470595397540231e-02,1.206623645440155906e-01,6.707136769233444651e-02,8.119531752796090018e-02,5.738289471395522506e-02,1.219321285070706744e-02,4.353724930858743347e-02
2.113374267276617313e-02,0.000000000000000000e+00,2.790001913342958148e-02,1.415873788940877689e-02,6.112261049555582637e-02,8.074307282879059078e-02,9.644987911151310656e-02,1.887251917691464692e-02,1.063644744394774827e-01,5.884399297281313335e-02,6.773234071419874380e-02,4.122384373206240682e-02,1.301595032265919771e-01,3.623175801429789206e-02,2.824789967125289347e-02,3.184846323772416721e-02,2.005531300551390700e-02,4.044111252195995571e-02,3.637091022942721269e-02,7.122854011932303053e-02,3.727539962776782456e-02,1.149919117774956118e-01,1.200361795759336270e-01,4.388512984641074199e-02,1.005896575116105168e-01,1.788627785218555866e-01,1.238454714650988886e-01,1.731227496477709682e-01,1.262632412029708884e-01,2.916978309648466869e-02,8.469151693308517304e-02,3.311822720077925442e-02,3.049172914021324940e-02,3.111791410829521307e-02,1.960306830634360106e-02,3.783200848828512097e-02,1.231497103894522646e-02,1.274982171122436558e-02,3.136143048477153111e-02,2.235132455514776337e-02,3.210937364109164860e-02,1.958567427945243772e-02,2.969160390321963494e-02,8.870953714494441908e-03,8.662225391800455754e-03,2.506479275016959204e-02,3.941486493538119001e-02,3.958880520429284428e-02,2.195126193665095440e-02,5.818301995094884299e-02,8.027343410272912150e-02,1.018768155015567639e-01,1.984658468281991911e-02,1.117392287488476466e-01,5.917447948374528199e-02,6.903689273103616464e-02,4.852933502635194823e-02,1.266980918752500518e-01,3.243986015202379725e-02,3.270077055539127864e-02,3.043954705953975243e-02,2.556921953001339495e-02,3.934528882781652970e-02,3.718842949331199743e-02,7.442904106729748837e-02,4.444173870692803840e-02,1.227496477709554557e-01,1.231323163625610978e-01,2.857838618218503865e-02,8.942269224748221335e-02,2.367327059887634477e-01,1.318641178619262277e-01,1.656085300307874320e-01,1.161051294985302046e-01,2.522133899219008296e-02,8.790941190795080462e-02
1.438486023899392986e-02,2.790001913342958148e-02,0.000000000000000000e+00,9.253622306100085793e-03,3.964098728496634472e-02,5.289523577603451321e-02,6.192273573254944430e-02,1.271503365744203369e-02,6.914125689238315164e-02,3.833643526812892388e-02,4.470264911029552674e-02,2.783044302586491769e-02,8.490024525577916092e-02,2.363848254509401392e-02,1.955088622567010409e-02,2.049016367779304612e-02,1.295855003391835174e-02,2.602146422918369742e-02,2.436903167452296806e-02,4.632029361117392247e-02,2.503000469638726189e-02,7.463776938999147625e-02,8.058652658677009639e-02,3.030039484441042832e-02,6.460141587378893935e-02,1.181750186985789097e-01,8.149101598511071520e-02,1.126263241202970916e-01,8.256944565236297440e-02,1.915082360717329513e-02,5.593919048198848359e-02,2.090762032318101843e-02,1.970743246769059501e-02,2.085543824250752146e-02,1.294115600702718666e-02,2.438642570141413488e-02,7.931676262371501612e-03,8.349132907759475655e-03,1.970743246769059501e-02,1.421091997008227387e-02,2.092501435007218524e-02,1.281939781878902763e-02,1.923779374162912573e-02,5.583482632064149138e-03,5.618270685846480164e-03,1.685481205753944223e-02,2.553443147623106133e-02,2.663025517037449427e-02,1.428049607764693592e-02,3.725800560087665775e-02,5.301699396427266703e-02,6.529717694943557027e-02,1.327164251795933357e-02,7.340279348071872267e-02,3.807552486476144249e-02,4.543319823972447741e-02,3.313562122767042123e-02,8.267380981370997528e-02,2.102937851141917919e-02,2.249047677027708747e-02,2.010749508618740397e-02,1.657650762728079055e-02,2.591710006783670348e-02,2.489085248125793431e-02,4.913812596754274509e-02,2.937851141917865311e-02,8.036040423718494863e-02,8.284775008262162954e-02,1.969003844079942819e-02,5.825259605851350331e-02,1.562505435633403383e-01,8.806595814997129901e-02,1.085387278008731748e-01,7.635977805221687287e-02,1.676784192308361163e-02,5.746986484841105219e-02
7.096762971595554394e-03,1.415873788940877689e-02,9.253622306100085793e-03,0.000000000000000000e+00,2.010749508618740397e-02,2.650849698213633351e-02,3.172670504948600645e-02,6.348819815275434306e-03,3.456193143274599588e-02,1.942912803743194680e-02,2.250787079716825081e-02,1.391522151293245885e-02,4.298064044807013012e-02,1.193230244733958431e-02,9.357986467447078002e-03,1.043641613469934414e-02,6.540154111078255381e-03,1.325424849106816676e-02,1.203666660868657652e-02,2.323841992659720496e-02,1.255848741542154451e-02,3.751891600424413914e-02,3.976274547320449854e-02,1.471534674992607504e-02,3.294428693186759322e-02,5.882659894592197347e-02,4.044111252195995571e-02,5.672192169209093471e-02,4.146736010853872834e-02,9.514532709467568919e-03,2.803917134855890558e-02,1.097563096832547720e-02,1.005374754309370199e-02,1.048859821537284111e-02,6.592336191751752353e-03,1.231497103894522646e-02,4.035414238750412858e-03,4.191960480770902907e-03,1.027986989267885322e-02,7.340279348071872441e-03,1.067993251117566218e-02,6.435789949731262304e-03,9.671078951488059836e-03,2.904802490824650620e-03,2.870014437042319594e-03,8.383920961541805814e-03,1.283679184568019271e-02,1.309770224904767758e-02,7.235915186724878496e-03,1.909864152649980162e-02,2.631716268633351244e-02,3.350089579238489657e-02,6.592336191751752353e-03,3.642309231010071313e-02,1.962046233323476788e-02,2.283835730810039946e-02,1.636777930458680613e-02,4.179784661947087698e-02,1.059296237671983505e-02,1.078429667252265613e-02,9.931989354855542962e-03,8.436103042215302786e-03,1.297594406080951855e-02,1.219321285070706744e-02,2.419509140561131380e-02,1.481971091127306898e-02,3.958880520429284428e-02,4.059765876398045009e-02,9.601502843923396049e-03,2.929154128472282598e-02,7.787305839174826771e-02,4.355464333547859335e-02,5.430415195421892105e-02,3.786679654206745460e-02,8.244768746412481711e-03,2.892626672000835064e-02
3.023081873684576801e-02,6.112261049555582637e-02,3.964098728496634472e-02,2.010749508618740397e-02,0.000000000000000000e+00,1.143135447287401546e-01,1.371692960637317105e-01,2.666504322415682443e-02,1.483884434085335213e-01,8.352611713137708671e-02,9.604981649301630453e-02,5.976587639804491203e-02,1.852985684715868497e-01,5.089492268355046839e-02,3.986710963455149248e-02,4.470264911029552674e-02,2.838705188638221757e-02,5.691325598789375578e-02,5.122540919448261704e-02,9.923292341409960249e-02,5.313875215251082779e-02,1.605468682054582430e-01,1.701483710493816304e-01,6.369692647544833441e-02,1.422483519159520593e-01,2.546137656328816834e-01,1.746186359604111893e-01,2.456906298377137254e-01,1.782365935537736368e-01,4.162390635055921578e-02,1.208884868936007384e-01,4.760745160112017649e-02,4.298064044807013012e-02,4.419822233045172383e-02,2.810874745612356590e-02,5.320832826007548810e-02,1.742881494494790545e-02,1.802021185924753549e-02,4.491137743298951462e-02,3.137882451166269793e-02,4.524186394392165633e-02,2.793480718721191164e-02,4.214572715729418551e-02,1.271503365744203369e-02,1.229757701205406138e-02,3.614478787984206493e-02,5.545215772903584750e-02,5.599137256266198404e-02,3.144840061922735824e-02,8.253465759858064077e-02,1.132525090883790553e-01,1.447530917882799140e-01,2.866535631664086578e-02,1.567549703431841412e-01,8.380442156163572798e-02,9.860673844601763882e-02,7.075890139326154737e-02,1.801325424849106738e-01,4.578107877754779287e-02,4.618114139604459489e-02,4.287627628672313618e-02,3.604042371849507098e-02,5.527821746012419324e-02,5.240820302308187711e-02,1.031813675183941847e-01,6.407959506705397656e-02,1.709484962863752622e-01,1.742881494494790406e-01,4.132820789340940076e-02,1.257066323424536058e-01,3.351133220851959527e-01,1.851420222295663554e-01,2.332539006105303347e-01,1.623906350559218004e-01,3.555339096554243489e-02,1.240715938146840364e-01
4.051068862952462296e-02,8.074307282879059078e-02,5.289523577603451321e-02,2.650849698213633351e-02,1.143135447287401546e-01,0.000000000000000000e+00,1.799064201353255399e-01,3.590127150336574341e-02,1.998399749526012792e-01,1.108173453236158679e-01,1.270459724130733603e-01,7.876015376319771277e-02,2.452209911116522700e-01,6.818458541336905321e-02,5.435633403489241455e-02,5.933102572576576944e-02,3.725800560087665775e-02,7.533353046563809330e-02,6.865422413943052249e-02,1.341949174653424004e-01,7.100241776973786889e-02,2.160512080151675840e-01,2.294098206675827534e-01,8.450018263728235890e-02,1.884816753926701616e-01,3.392009184046198556e-01,2.336017811483536433e-01,3.260162460211163404e-01,2.384895027047711780e-01,5.513906524499486567e-02,1.598858951835939457e-01,6.227061627037275282e-02,5.750465290219338582e-02,5.959193612913325777e-02,3.727539962776782456e-02,7.077629542015272113e-02,2.325581395348837177e-02,2.424727348628481077e-02,5.826999008540467012e-02,4.165869440434154941e-02,6.023551512410638131e-02,3.675357882103285484e-02,5.616531283157363830e-02,1.659390165417195737e-02,1.626341514323981219e-02,4.764223965490250318e-02,7.401158442190951259e-02,7.510740811605294553e-02,4.157172426988572228e-02,1.091301247151728049e-01,1.522673114052634225e-01,1.903602302969160387e-01,3.779722043450279428e-02,2.110243342436207425e-01,1.102259484093162378e-01,1.301768972534831648e-01,9.253622306100085793e-02,2.375154371988659197e-01,6.133133881824981426e-02,6.343601607208085302e-02,5.773077525177854052e-02,4.776399784314066393e-02,7.411594858325651347e-02,7.070671931258805387e-02,1.402306447965768477e-01,8.432624236837070464e-02,2.314971038945226323e-01,2.353759718912525334e-01,5.489554886851855109e-02,1.676784192308361232e-01,4.480005566088605118e-01,2.498304082378111357e-01,3.111791410829521376e-01,2.181210972152163030e-01,4.718999495573220071e-02,1.653650136543111104e-01
4.729435911707919465e-02,9.644987911151310656e-02,6.192273573254944430e-02,3.172670504948600645e-02,1.371692960637317105e-01,1.799064201353255399e-01,0.000000000000000000e+00,4.193699883460019762e-02,2.347671809500617435e-01,1.308552643022386219e-01,1.506148788506027070e-01,9.311022594840931421e-02,2.901497625715329098e-01,8.060392061366127014e-02,6.230540432415508645e-02,7.072411333947922762e-02,4.452870884138386554e-02,9.008366526934651064e-02,8.002991772625279998e-02,1.563375136977961655e-01,8.335217686246543245e-02,2.536397001269763973e-01,2.670331008331738865e-01,9.898940703762328097e-02,2.246786453531857131e-01,3.996103737976379189e-01,2.741820458854429265e-01,3.856429702040319318e-01,2.804265015393713756e-01,6.447965768555077859e-02,1.891078603607521114e-01,7.472473952444730338e-02,6.771494668730758393e-02,6.926301508062131240e-02,4.418082830356055701e-02,8.390878572298272886e-02,2.748256248804160570e-02,2.831747577881755379e-02,7.103720582352020252e-02,4.981649301629820226e-02,7.135029830756117741e-02,4.400688803464890275e-02,6.580160372927935930e-02,2.012488911307856732e-02,1.937694595675844983e-02,5.651319336939694682e-02,8.724843888608652120e-02,8.728322693986885483e-02,4.936424831712789979e-02,1.294463481240542002e-01,1.772103459671948711e-01,2.280356925431806792e-01,4.478961924475135387e-02,2.458645701066253797e-01,1.318989059157085475e-01,1.534501052338626825e-01,1.099998260597310901e-01,2.821485102015967583e-01,7.181993703362266057e-02,7.215042354455479534e-02,6.705397366544328663e-02,5.668713363830860802e-02,8.690055834826321268e-02,8.178671444226053022e-02,1.624776051903776275e-01,1.003113530813518617e-01,2.685811692264876149e-01,2.728948878954967072e-01,6.418395922840096357e-02,1.978396618601172274e-01,5.275434415821607104e-01,2.903063088135534042e-01,3.649614722304360681e-01,2.548746760362491370e-01,5.515645927188603248e-02,1.946913429928162631e-01
1.014071767754952912e-02,1.887251917691464692e-02,1.271503365744203369e-02,6.348819815275434306e-03,2.666504322415682443e-02,3.590127150336574341e-02,4.193699883460019762e-02,0.000000000000000000e+00,4.689429649858238569e-02,2.616061644431302152e-02,3.043954705953975243e-02,1.934215790297611967e-02,5.760901706354037977e-02,1.600250473987232733e-02,1.341079473308865767e-02,1.410655580873527992e-02,8.697013445582787647e-03,1.775930145588005063e-02,1.622862708945748203e-02,3.157015880746551900e-02,1.748099702562140242e-02,5.065140630707415381e-02,5.541736967525352081e-02,2.102937851141917919e-02,4.385034179262840837e-02,7.980379537666765222e-02,5.499991302986554503e-02,7.648153624045503363e-02,5.590440242820615691e-02,1.264545754987737164e-02,3.791897862274094810e-02,1.438486023899392986e-02,1.367170513645614080e-02,1.457619453479675094e-02,8.975317875841435852e-03,1.638517333147796948e-02,5.496512497608321141e-03,5.844393035431633132e-03,1.363691708267381064e-02,9.758049085943886966e-03,1.462837661547024791e-02,8.714407472473952726e-03,1.318467238350350471e-02,3.791897862274095244e-03,3.913656050512253834e-03,1.160181593640743740e-02,1.735923883738324167e-02,1.775930145588005063e-02,9.618896870814562863e-03,2.529091509975474328e-02,3.604042371849507098e-02,4.454610286827503235e-02,9.114470090970759955e-03,4.910333791376041146e-02,2.612582839053069136e-02,3.031778887130159514e-02,2.309926771146788085e-02,5.576525021307682933e-02,1.429789010453810100e-02,1.548068393313736107e-02,1.354994694821798178e-02,1.116696526412829828e-02,1.775930145588005063e-02,1.645474943904263326e-02,3.320519733523508155e-02,2.017707119375206429e-02,5.386930128193977846e-02,5.663495155763510758e-02,1.374128124402080285e-02,3.946704701605468352e-02,1.070950235689064334e-01,5.988763458628307279e-02,7.277660851263675901e-02,5.124280322137377691e-02,1.090605486076081515e-02,3.894522620931972073e-02
5.240820302308187711e-02,1.063644744394774827e-01,6.914125689238315164e-02,3.456193143274599588e-02,1.483884434085335213e-01,1.998399749526012792e-01,2.347671809500617435e-01,4.689429649858238569e-02,0.000000000000000000e+00,1.443704231966742579e-01,1.661999269450870620e-01,1.009549320763249852e-01,3.210937364109164860e-01,8.895305352142074407e-02,7.025447461341775834e-02,7.844706127915673788e-02,4.917291402132507872e-02,9.982432032839923253e-02,8.931832808613522634e-02,1.760275521385956110e-01,9.248404098032735055e-02,2.846010679932511334e-01,2.995077490389800312e-01,1.081560592092675327e-01,2.485258562209737287e-01,4.419474352507348769e-01,3.065001478492285769e-01,4.272320885008088487e-01,3.128141796107216654e-01,7.209824146388130184e-02,2.084848063175105681e-01,8.069089074811709728e-02,7.481170965890313052e-02,7.682941677827834215e-02,4.844236489189612110e-02,9.237967681898036354e-02,3.035257692508392530e-02,3.150058269990085175e-02,7.587274529926422983e-02,5.482597276095389077e-02,7.903845819345636792e-02,4.835539475744029397e-02,7.298533683533074690e-02,2.146422918369831831e-02,2.148162321058948512e-02,6.206188794767876493e-02,9.698909394513924309e-02,9.811970569306499579e-02,5.407802960463376635e-02,1.420396235932580853e-01,2.002052495173157476e-01,2.502478648831991115e-01,4.924249012888973903e-02,2.774869109947644130e-01,1.443878172235654178e-01,1.696091562157555077e-01,1.188359917204431931e-01,3.120836304812927287e-01,7.996034161868814660e-02,8.225635316832199950e-02,7.559444086900558857e-02,6.232279835104625326e-02,9.714564018715972360e-02,9.208397836183054852e-02,1.849332939068723813e-01,1.097389156563636087e-01,3.048825033483501534e-01,3.069697865752900601e-01,7.101981179662904264e-02,2.202779565497208214e-01,5.845784557582925922e-01,3.268859473656746117e-01,4.084465394583500220e-01,2.877667808874432298e-01,6.277504305021655573e-02,2.171296376824198571e-01
2.918717712337583203e-02,5.884399297281313335e-02,3.833643526812892388e-02,1.942912803743194680e-02,8.352611713137708671e-02,1.108173453236158679e-01,1.308552643022386219e-01,2.616061644431302152e-02,1.443704231966742579e-01,0.000000000000000000e+00,9.328416621732096847e-02,5.743507679462872551e-02,1.774016802629976852e-01,5.016437355412151772e-02,3.903219634377554786e-02,4.367640152371675411e-02,2.708249986954479674e-02,5.489554886851855109e-02,4.992085717764519620e-02,9.744133864430953862e-02,5.155589570541475875e-02,1.566332121549459944e-01,1.654345897618757777e-01,6.084430606529717817e-02,1.373954184133168721e-01,2.428032213737802425e-01,1.684611504409385951e-01,2.369066462576751020e-01,1.730531735402063009e-01,4.009323198413664718e-02,1.156007027186864017e-01,4.484180132542484737e-02,4.188481675392670411e-02,4.329373293211111196e-02,2.671722530483032140e-02,5.228644483484371636e-02,1.706354038023342665e-02,1.775930145588005063e-02,4.242403158755283371e-02,3.054391122088674637e-02,4.435476857247221127e-02,2.676940738550381838e-02,4.125863178584474045e-02,1.224539493138056441e-02,1.186272633977492053e-02,3.457932545963716270e-02,5.359099685168113025e-02,5.379972517437511814e-02,2.990033222591362283e-02,7.989076551112347935e-02,1.086083039084378421e-01,1.394131255326920837e-01,2.732601624602111479e-02,1.509453653615348556e-01,8.194326068428102461e-02,9.403210937364109290e-02,6.764537057974291667e-02,1.730183854864239534e-01,4.456349689516619916e-02,4.506792367501000207e-02,4.138038997408290121e-02,3.471847767476648333e-02,5.373014906681045783e-02,5.025134368857734485e-02,1.013549946948218011e-01,6.089648814597067167e-02,1.661477448644135546e-01,1.680784818493329391e-01,3.911916647823137499e-02,1.210972152162947263e-01,3.226244107773390546e-01,1.808456975874484784e-01,2.261571376389348020e-01,1.571202449078986374e-01,3.437059713694317481e-02,1.192012662851576754e-01
3.426623297559618087e-02,6.773234071419874380e-02,4.470264911029552674e-02,2.250787079716825081e-02,9.604981649301630453e-02,1.270459724130733603e-01,1.506148788506027070e-01,3.043954705953975243e-02,1.661999269450870620e-01,9.328416621732096847e-02,0.000000000000000000e+00,6.689742742342279225e-02,2.046233323476717991e-01,5.705240820302308336e-02,4.612895931537110139e-02,5.004261536588335696e-02,3.146579464611852506e-02,6.331425788384269226e-02,5.826999008540467012e-02,1.122958376093649430e-01,6.014854498965055418e-02,1.803412708076046755e-01,1.927606060078968786e-01,7.147205649579933817e-02,1.573115792037014515e-01,2.827399071158964161e-01,1.958393487676332034e-01,2.732253744064288559e-01,1.994747003878868108e-01,4.647683985319440991e-02,1.345775860569480564e-01,5.122540919448261704e-02,4.786836200448765788e-02,4.999043328520985652e-02,3.104833800073054928e-02,5.922666156441877550e-02,1.951609817188777393e-02,2.028143535509905823e-02,4.800751421961698545e-02,3.449235532518133557e-02,5.054704214572715987e-02,3.047433511332208605e-02,4.712041884816754039e-02,1.386303943225896187e-02,1.358473500200031367e-02,4.012802003791898081e-02,6.211407002835226537e-02,6.343601607208085302e-02,3.457932545963716270e-02,9.114470090970760996e-02,1.273242768433320016e-01,1.593466803499678230e-01,3.198761545285348784e-02,1.760275521385956110e-01,9.321459010975631509e-02,1.094432171992137937e-01,7.884712389765353990e-02,1.995442764954514503e-01,5.136456140961193767e-02,5.331269242142248205e-02,4.854672905324311505e-02,4.018020211859247431e-02,6.228801029726391963e-02,5.938320780643926988e-02,1.179315023221025882e-01,7.101981179662904264e-02,1.938738237289314714e-01,1.975961454836409059e-01,4.625071750360926215e-02,1.404915551999443291e-01,3.745107929936859481e-01,2.107286357864709136e-01,2.619540449809535376e-01,1.830373449757353443e-01,4.011062601102781400e-02,1.382825137847663033e-01
2.219477831312727245e-02,4.122384373206240682e-02,2.783044302586491769e-02,1.391522151293245885e-02,5.976587639804491203e-02,7.876015376319771277e-02,9.311022594840931421e-02,1.934215790297611967e-02,1.009549320763249852e-01,5.743507679462872551e-02,6.689742742342279225e-02,0.000000000000000000e+00,1.257588144231270855e-01,3.562296707310709520e-02,2.953505766119914402e-02,3.036997095197509211e-02,1.923779374162912573e-02,3.847558748325825145e-02,3.614478787984206493e-02,6.828894957471604021e-02,3.807552486476144249e-02,1.093910351185403002e-01,1.209580630011654057e-01,4.692908455236471932e-02,9.591066427788697002e-02,1.759405820041397839e-01,1.195665408498721577e-01,1.675566610425979763e-01,1.216712181037031826e-01,2.831747577881755379e-02,8.319563062044493806e-02,3.176149310326834008e-02,2.965681584943730478e-02,3.148318867300969187e-02,1.935955192986728302e-02,3.675357882103285484e-02,1.193230244733958431e-02,1.255848741542154451e-02,2.988293819902245602e-02,2.123810683411316708e-02,3.132664243098919749e-02,1.892470125758814389e-02,2.896105477379068080e-02,8.644831364909290675e-03,8.470891095997634679e-03,2.543006731488406738e-02,3.783200848828512097e-02,3.882346802108155998e-02,2.122071280722200026e-02,5.618270685846480511e-02,7.726426745055747780e-02,9.801534153171800878e-02,2.005531300551390700e-02,1.065732027621714706e-01,5.790471552069019479e-02,6.731488406881076803e-02,5.172983597432641301e-02,1.221756448835469855e-01,3.150058269990085175e-02,3.367483606129655083e-02,2.939590544606981992e-02,2.454297194343462579e-02,3.814510097232610281e-02,3.586648344958340978e-02,7.140248038823468479e-02,4.438955662625454490e-02,1.162268876867683653e-01,1.221582508566558256e-01,2.995251430658711633e-02,8.578734062722860598e-02,2.335322050407890038e-01,1.299159868501156834e-01,1.594510445113148100e-01,1.110434676732010295e-01,2.391678697535266560e-02,8.418709015324137013e-02
6.467099198135360660e-02,1.301595032265919771e-01,8.490024525577916092e-02,4.298064044807013012e-02,1.852985684715868497e-01,2.452209911116522700e-01,2.901671565984241252e-01,5.760901706354037977e-02,3.210937364109164860e-01,1.774016802629976852e-01,2.046233323476717991e-01,1.257588144231270855e-01,0.000000000000000000e+00,1.097737037101459423e-01,8.585691673479327324e-02,9.578890608964880926e-02,6.046163747369153602e-02,1.219321285070706778e-01,1.093214590109756329e-01,2.144161694873980284e-01,1.138265119757875116e-01,3.462454992955419364e-01,3.657615974674296999e-01,1.342818875997982275e-01,3.038388617348802279e-01,5.423283644396513781e-01,3.746325511819241227e-01,5.239776660694717147e-01,3.825468334174044749e-01,8.836165660712111403e-02,2.566140787253657352e-01,1.000678367048755402e-01,9.138821728618391760e-02,9.403210937364109290e-02,5.953975404845975733e-02,1.137917239220051779e-01,3.718842949331199743e-02,3.856255761771407858e-02,9.448435407281140230e-02,6.700179158476979313e-02,9.639769703083961305e-02,5.927884364509227594e-02,8.975317875841436199e-02,2.701292376198013642e-02,2.631716268633351244e-02,7.642935415978152625e-02,1.186620514515315389e-01,1.197926631994573055e-01,6.668869910072880436e-02,1.746708180410846967e-01,2.432032839922770584e-01,3.077177297316101567e-01,6.075733593084135103e-02,3.364874502095980269e-01,1.779235010697326480e-01,2.085891704788575551e-01,1.483188673009688541e-01,3.838513854342418541e-01,9.771964307456819376e-02,9.991129046285505966e-02,9.241446487276269717e-02,7.644674818667270000e-02,1.186098693708580454e-01,1.126263241202970916e-01,2.231827590405454642e-01,1.360560783426971176e-01,3.674140300220903876e-01,3.749978257466385911e-01,8.768328955836565686e-02,2.694334765441547264e-01,7.173470630185594388e-01,3.983753978883651237e-01,4.999391209058809404e-01,3.495503644048633674e-01,7.675984067071367489e-02,2.653980623054043031e-01
1.768972534831538684e-02,3.623175801429789206e-02,2.363848254509401392e-02,1.193230244733958431e-02,5.089492268355046839e-02,6.818458541336905321e-02,8.060392061366127014e-02,1.600250473987232733e-02,8.895305352142074407e-02,5.016437355412151772e-02,5.705240820302308336e-02,3.562296707310709520e-02,1.097737037101459423e-01,0.000000000000000000e+00,2.377763476022333802e-02,2.680419543928614853e-02,1.685481205753944223e-02,3.348350176549372975e-02,3.070045746290723729e-02,6.014854498965055418e-02,3.167452296881251295e-02,9.608460454679862428e-02,1.013028126141483076e-01,3.757109808491763958e-02,8.422187820702370376e-02,1.494842671026769543e-01,1.043641613469934448e-01,1.460750378320084808e-01,1.067297490041919650e-01,2.468212415856394989e-02,7.121114609243185678e-02,2.795220121410307845e-02,2.570837174514271906e-02,2.643892087457167320e-02,1.668087178862778450e-02,3.122227826964220354e-02,1.052338626915517127e-02,1.097563096832547720e-02,2.633455671322467925e-02,1.843766850463550780e-02,2.697813570819780626e-02,1.641996138526030311e-02,2.549964342244873117e-02,7.496825590092362490e-03,7.340279348071872441e-03,2.095980240385451540e-02,3.322259136212624836e-02,3.325737941590857505e-02,1.855942669287366856e-02,4.908594388686925158e-02,6.778452279487223731e-02,8.578734062722860598e-02,1.687220608443060557e-02,9.368422883581778438e-02,5.046007201127133274e-02,5.840914230053399769e-02,4.178045259257971017e-02,1.069906594075594464e-01,2.743038040736810873e-02,2.765650275695326343e-02,2.562140161068688846e-02,2.160338139882764241e-02,3.332695552347324230e-02,3.148318867300969187e-02,6.211407002835226537e-02,3.762328016559113308e-02,1.021377259049242453e-01,1.031639734915030110e-01,2.416030335182898364e-02,7.491607382025013140e-02,1.985180289088726846e-01,1.114783183454801652e-01,1.386999704301542791e-01,9.641509105773077293e-02,2.118592475343967010e-02,7.338539945382754892e-02
1.541110782557269902e-02,2.824789967125289347e-02,1.955088622567010409e-02,9.357986467447078002e-03,3.986710963455149248e-02,5.435633403489241455e-02,6.230540432415508645e-02,1.341079473308865767e-02,7.025447461341775834e-02,3.903219634377554786e-02,4.612895931537110139e-02,2.953505766119914402e-02,8.585691673479327324e-02,2.377763476022333802e-02,0.000000000000000000e+00,2.076846810805169433e-02,1.313249030283000773e-02,2.623019255187768531e-02,2.532570315353707691e-02,4.781617992381416438e-02,2.628237463255118228e-02,7.635977805221687287e-02,8.437842444904419814e-02,3.264858847471778514e-02,6.514063070741507588e-02,1.221756448835469855e-01,8.383920961541806161e-02,1.140700283522638331e-01,8.422187820702370376e-02,1.953349219877894075e-02,5.719156041815240399e-02,2.108156059209267616e-02,1.993355481727574624e-02,2.174253361395696652e-02,1.311509627593884265e-02,2.457775999721695595e-02,8.070828477500825715e-03,8.662225391800455754e-03,1.995094884416691305e-02,1.407176775495294976e-02,2.122071280722200026e-02,1.273242768433320050e-02,1.963785636012593122e-02,5.653058739628811190e-03,5.774816927866970213e-03,1.727226870292741454e-02,2.614322241742185818e-02,2.743038040736810873e-02,1.443704231966742683e-02,3.757109808491763958e-02,5.395627141639561253e-02,6.543632916456489090e-02,1.379346332469429982e-02,7.458558730931798275e-02,3.913656050512254181e-02,4.618114139604459489e-02,3.551860291176010126e-02,8.317823659355377819e-02,2.141204710302482134e-02,2.386460489467916862e-02,2.085543824250752146e-02,1.683741803064827541e-02,2.663025517037449427e-02,2.563879563757805527e-02,5.070358838774764731e-02,3.042215303264858908e-02,8.223895914143082575e-02,8.634394948774590239e-02,2.118592475343967010e-02,5.959193612913325777e-02,1.620079664643161443e-01,9.119688299038110346e-02,1.103129185437720650e-01,7.782087631107477421e-02,1.688960011132177239e-02,5.814823189716651630e-02
1.555026004070202313e-02,3.184846323772416721e-02,2.049016367779304612e-02,1.043641613469934414e-02,4.470264911029552674e-02,5.933102572576576944e-02,7.072411333947922762e-02,1.410655580873527992e-02,7.844706127915673788e-02,4.367640152371675411e-02,5.004261536588335696e-02,3.036997095197509211e-02,9.578890608964880926e-02,2.680419543928614853e-02,2.076846810805169433e-02,0.000000000000000000e+00,1.469795272303490996e-02,2.967420987632846813e-02,2.657807308970099730e-02,5.258214329199353138e-02,2.767389678384442678e-02,8.476109304064984029e-02,8.919656989789706558e-02,3.191803934528882752e-02,7.439425301351515474e-02,1.303160494686124715e-01,9.074463829121079406e-02,1.279330677845227915e-01,9.326677219042980860e-02,2.139465307613365452e-02,6.211407002835226537e-02,2.457775999721695595e-02,2.278617522742690249e-02,2.339496616861769587e-02,1.461098258857908110e-02,2.796959524099424180e-02,9.184046198535423741e-03,9.497138682576403840e-03,2.329060200727070193e-02,1.654171957349846039e-02,2.396896905602615910e-02,1.448922440034092207e-02,2.221217234001843926e-02,6.574942164860587274e-03,6.418395922840096357e-03,1.847245655841783796e-02,2.897844880068184414e-02,2.897844880068184414e-02,1.622862708945748203e-02,4.308500460941712407e-02,5.950496599467743064e-02,7.545528865387625406e-02,1.476752883059957201e-02,8.192586665738985086e-02,4.376337165817258124e-02,5.033831382303317198e-02,3.543163277730427413e-02,9.333634829799446198e-02,2.405593919048198970e-02,2.412551529804665001e-02,2.240350663582126034e-02,1.875076098867648963e-02,2.910020698892000490e-02,2.709989389643596355e-02,5.484336678784505065e-02,3.261380042093545151e-02,9.030978761893165840e-02,9.086639647944895481e-02,2.085543824250752146e-02,6.567984554104121242e-02,1.737837226696352377e-01,9.747612669809187225e-02,1.217581882381590097e-01,8.559600633142579185e-02,1.838548642396201083e-02,6.453183976622427209e-02
9.775443112835052045e-03,2.005531300551390700e-02,1.295855003391835174e-02,6.540154111078255381e-03,2.838705188638221757e-02,3.725800560087665775e-02,4.452870884138386554e-02,8.697013445582787647e-03,4.917291402132507872e-02,2.708249986954479674e-02,3.146579464611852506e-02,1.923779374162912573e-02,6.046163747369153602e-02,1.685481205753944223e-02,1.313249030283000773e-02,1.469795272303490996e-02,0.000000000000000000e+00,1.857682071976483190e-02,1.692438816510410254e-02,3.280513471673827258e-02,1.722008662225391756e-02,5.310396409872849416e-02,5.580003826685916296e-02,2.035101146266372202e-02,4.658120401454140386e-02,8.239550538345132014e-02,5.719156041815240399e-02,8.060392061366127014e-02,5.851350646188099164e-02,1.375867527091196967e-02,3.906698439755788149e-02,1.506322728774938703e-02,1.381085735158546490e-02,1.424570802386460576e-02,8.870953714494441908e-03,1.763754326764189334e-02,5.705240820302308162e-03,5.826999008540467186e-03,1.422831399697343895e-02,1.008853559687603214e-02,1.452401245412325397e-02,8.923135795167938880e-03,1.382825137847663172e-02,4.122384373206240855e-03,3.983232158076916753e-03,1.153223982884277535e-02,1.828112226261501688e-02,1.819415212815918975e-02,1.014071767754952912e-02,2.701292376198013642e-02,3.708406533196500349e-02,4.712041884816754039e-02,9.201440225426588820e-03,5.152110765163243206e-02,2.736080429980344841e-02,3.186585726461533402e-02,2.257744690473291460e-02,5.886138699970430016e-02,1.506322728774938703e-02,1.513280339531404908e-02,1.421091997008227387e-02,1.174096815153676150e-02,1.814197004748569278e-02,1.716790454158042059e-02,3.423144492181384724e-02,2.057713381224887325e-02,5.668713363830860802e-02,5.693065001478492260e-02,1.309770224904767758e-02,4.117166165138891332e-02,1.088692143118053235e-01,6.086170009218834498e-02,7.712511523542815717e-02,5.374754309370162464e-02,1.201927258179541144e-02,4.047590057574228933e-02
1.972482649458176182e-02,4.044111252195995571e-02,2.602146422918369742e-02,1.325424849106816676e-02,5.691325598789375578e-02,7.533353046563809330e-02,9.008366526934651064e-02,1.775930145588005063e-02,9.982432032839923253e-02,5.489554886851855109e-02,6.331425788384269226e-02,3.847558748325825145e-02,1.219321285070706778e-01,3.348350176549372975e-02,2.623019255187768531e-02,2.967420987632846813e-02,1.857682071976483190e-02,0.000000000000000000e+00,3.355307787305839007e-02,6.654954688559948373e-02,3.501417613191629835e-02,1.075472682680767428e-01,1.124871719051677710e-01,4.073681097910977073e-02,9.431041380389973416e-02,1.665652015098015304e-01,1.154789445304482409e-01,1.620601485449896517e-01,1.186272633977492191e-01,2.718686403089179068e-02,7.893409403210936703e-02,3.127446035031570398e-02,2.856099215529387184e-02,2.911760101581117172e-02,1.852463863909133493e-02,3.494460002435163803e-02,1.153223982884277535e-02,1.188012036666608734e-02,2.955245168809031084e-02,2.082065018872519130e-02,3.016124262928110422e-02,1.845506253152667461e-02,2.774347289140909056e-02,8.296950827085978683e-03,8.192586665738984739e-03,2.342975422240002950e-02,3.670139674035936134e-02,3.673618479414169496e-02,2.052495173157537628e-02,5.385190725504861858e-02,7.536831851942042693e-02,9.547581360560783437e-02,1.871597293489415600e-02,1.042597971856464439e-01,5.508688316432137216e-02,6.378389660990416155e-02,4.515489380946582920e-02,1.183837470212728976e-01,3.016124262928110422e-02,3.052651719399558303e-02,2.842183994016454773e-02,2.379502878711450484e-02,3.687533700927101560e-02,3.454453740585482907e-02,6.938477326885947316e-02,4.160651232366804897e-02,1.142787566749578210e-01,1.150440938581691053e-01,2.678680141239498519e-02,8.366526934650640734e-02,2.213563862169730945e-01,1.228192238785201229e-01,1.535370753683185097e-01,1.084517576664173477e-01,2.336017811483536571e-02,8.230853524899549301e-02
1.852463863909133493e-02,3.637091022942721269e-02,2.436903167452296806e-02,1.203666660868657652e-02,5.122540919448261704e-02,6.865422413943052249e-02,8.002991772625279998e-02,1.622862708945748203e-02,8.931832808613522634e-02,4.992085717764519620e-02,5.826999008540467012e-02,3.614478787984206493e-02,1.093214590109756329e-01,3.070045746290723729e-02,2.532570315353707691e-02,2.657807308970099730e-02,1.692438816510410254e-02,3.355307787305839007e-02,0.000000000000000000e+00,6.058339566192969677e-02,3.230070793689446967e-02,9.735436850985371149e-02,1.042076151049729504e-01,3.885825607486389360e-02,8.383920961541806161e-02,1.529630724809100673e-01,1.063644744394774827e-01,1.462489781009201351e-01,1.072341757840357679e-01,2.515176288462541918e-02,7.242872797481345049e-02,2.666504322415682443e-02,2.555182550312222814e-02,2.694334765441547264e-02,1.648953749282496342e-02,3.197022142596232797e-02,1.021029378511419117e-02,1.088866083386964834e-02,2.518655093840774933e-02,1.817675810126802294e-02,2.701292376198013642e-02,1.641996138526030311e-02,2.513436885773425236e-02,7.235915186724878496e-03,7.201127132942547471e-03,2.163816945260997257e-02,3.337913760414673581e-02,3.487502391678697772e-02,1.864639682732949569e-02,4.858151710702544868e-02,6.776712876798107743e-02,8.413490807256787662e-02,1.687220608443060557e-02,9.488441669130820433e-02,5.014697952723035090e-02,5.938320780643926988e-02,4.238924353377050008e-02,1.072167817571445941e-01,2.753474456871510267e-02,2.899584282757301096e-02,2.623019255187768531e-02,2.165556347950113938e-02,3.353568384616722325e-02,3.237028404445912999e-02,6.394044285192465593e-02,3.784940251517628779e-02,1.049033761806195814e-01,1.065905967890626305e-01,2.473430623923744687e-02,7.547268268076742781e-02,2.013706493190238478e-01,1.147136073472369566e-01,1.421265937277139124e-01,9.898940703762328097e-02,2.210780817867144532e-02,7.434207093284166123e-02
3.524029848150145305e-02,7.122854011932303053e-02,4.632029361117392247e-02,2.323841992659720496e-02,9.923292341409960249e-02,1.341949174653424004e-01,1.563375136977961655e-01,3.157015880746551900e-02,1.760275521385956110e-01,9.744133864430953862e-02,1.122958376093649430e-01,6.828894957471604021e-02,2.144161694873980284e-01,6.014854498965055418e-02,4.781617992381416438e-02,5.258214329199353138e-02,3.280513471673827258e-02,6.654954688559948373e-02,6.058339566192969677e-02,0.000000000000000000e+00,6.218364613591692569e-02,1.905689586196100127e-01,2.009879807274181918e-01,7.282879059331025251e-02,1.654171957349846178e-01,2.959071854725087158e-01,2.059104903376180740e-01,2.861143483327825421e-01,2.095458419578716536e-01,4.821624254231097334e-02,1.398305821780800595e-01,5.386930128193977846e-02,5.019916160790384441e-02,5.237341496929954349e-02,3.237028404445912999e-02,6.239237445861091358e-02,2.033361743577255520e-02,2.125550086100433042e-02,5.023394966168617803e-02,3.659703257901236739e-02,5.310396409872849416e-02,3.195282739907116115e-02,4.929467220956323253e-02,1.431528413142926781e-02,1.435007218521159797e-02,4.131081386651824089e-02,6.543632916456489090e-02,6.614948426710268170e-02,3.595345358403924385e-02,9.511053904089335209e-02,1.336035205510427704e-01,1.660955627837400750e-01,3.313562122767042123e-02,1.853681445791515170e-01,9.789358334347984802e-02,1.140526343253726732e-01,8.044737437164077576e-02,2.080673496721225924e-01,5.378233114748395133e-02,5.590440242820615691e-02,5.096449879111512871e-02,4.221530326485884582e-02,6.547111721834722453e-02,6.246195056617557390e-02,1.250630533474804684e-01,7.336800542693638905e-02,2.051103651006244422e-01,2.066410394670470108e-01,4.734654119775269510e-02,1.478318345480162110e-01,3.920613661268720351e-01,2.212868101094084272e-01,2.752952636064775471e-01,1.935607312448905104e-01,4.218051521107651913e-02,1.456053991059470254e-01
1.958567427945243772e-02,3.727539962776782456e-02,2.503000469638726189e-02,1.255848741542154451e-02,5.313875215251082779e-02,7.100241776973786889e-02,8.335217686246543245e-02,1.748099702562140242e-02,9.248404098032735055e-02,5.155589570541475875e-02,6.014854498965055418e-02,3.807552486476144249e-02,1.138265119757875116e-01,3.167452296881251295e-02,2.628237463255118228e-02,2.767389678384442678e-02,1.722008662225391756e-02,3.501417613191629835e-02,3.230070793689446967e-02,6.218364613591692569e-02,0.000000000000000000e+00,9.980692630150805877e-02,1.087822441773494964e-01,4.127602581273590726e-02,8.688316432137203893e-02,1.580073402793480686e-01,1.085387278008731748e-01,1.507018489850585341e-01,1.104172827051190658e-01,2.536049120731940706e-02,7.467255744377380988e-02,2.873493242420552610e-02,2.687377154685081232e-02,2.840444591327338092e-02,1.760275521385955971e-02,3.275295263606477214e-02,1.083647875319615310e-02,1.135829955993111935e-02,2.720425805778295750e-02,1.920300568784679210e-02,2.842183994016454773e-02,1.715051051468925725e-02,2.586491798716320650e-02,7.601189751439355567e-03,7.635977805221686593e-03,2.256005287784174779e-02,3.430102102937851449e-02,3.510114626637212548e-02,1.901167139204397102e-02,5.028613174235967154e-02,7.070671931258805387e-02,8.860517298359743554e-02,1.810718199370336262e-02,9.728479240228905811e-02,5.183420013567340695e-02,6.044424344680036920e-02,4.539841018594215072e-02,1.103651006244455585e-01,2.828268772503522363e-02,3.026560679062809817e-02,2.682158946617731535e-02,2.214259623245377548e-02,3.471847767476648333e-02,3.275295263606477214e-02,6.519281278808856939e-02,3.939747090849002320e-02,1.062079281974569883e-01,1.113043780765685109e-01,2.689116557374197566e-02,7.790784644553060134e-02,2.104329373293211125e-01,1.174096815153676254e-01,1.436224800403541335e-01,1.008331738880868245e-01,2.167295750639230620e-02,7.675984067071367489e-02
