0.000000000000000000e+00,1.902091946272999740e-02,1.114285207331570764e-02,7.168331588566155890e-03,2.780389999822566183e-02,3.685303145903937039e-02,3.988715200766514840e-02,7.718376834223460159e-03,4.272609521105768388e-02,2.523110772015117395e-02,2.991536400574885957e-02,2.012100995404460593e-02,5.237850210259231004e-02,1.701591582533401939e-02,1.527706311325609072e-02,1.272201423020280671e-02,7.753863624265867026e-03,1.536578008836210658e-02,1.770790823116094939e-02,2.943629234017636903e-02,1.667879131993115632e-02,4.820880427260951923e-02,5.243173228765592164e-02,2.010326655902340207e-02,3.749179367980269573e-02,9.178658244468496097e-02,5.404638123458542498e-02,7.329796483259107265e-02,5.605138487198140645e-02,1.408825564683546631e-02,4.503273656381411721e-02,1.410599904185666845e-02,9.545946521407406432e-03,1.628843662946468165e-02,7.328022143756986358e-03,1.965968168349331927e-02,6.866693873205698823e-03,4.861690235809719950e-03,1.146223318369736857e-02,8.374882450007984161e-03,1.431891978211110965e-02,9.191078620983339498e-03,1.179935768910023164e-02,3.530935609219468078e-03,3.530935609219468078e-03,7.789350414308273893e-03,1.339626324100853458e-02,2.430845117904860062e-02,8.623289980304831362e-03,2.567469259568125675e-02,3.639170318848808372e-02,3.814829929558721799e-02,8.889440905622882430e-03,4.473109884845366535e-02,2.948952252523998063e-02,3.798860874039639013e-02,3.209780159335687277e-02,5.129615500629890190e-02,1.967742507851452313e-02,1.508188576802285338e-02,1.646587057967671686e-02,8.392625845029188028e-03,1.705140261537642712e-02,2.083074575489273980e-02,3.005731116591848703e-02,1.847087421707269486e-02,4.599087989495909828e-02,5.727567912844443859e-02,1.511737255806525938e-02,3.985166521762274067e-02,1.079508153090012190e-01,4.975247963945421403e-02,7.386575347326956864e-02,4.806685711243989523e-02,1.313011231569048351e-02,4.382618570237228894e-02
1.902091946272999740e-02,0.000000000000000000e+00,2.104366649514718274e-02,1.385759151155982125e-02,5.386894728437339325e-02,7.152362533047072757e-02,7.705956457708618146e-02,1.449635373232314312e-02,8.341169999467698548e-02,4.861690235809720123e-02,5.780798097908054073e-02,3.800635213541759400e-02,1.008357139054986834e-01,3.373019393530757998e-02,2.877978672439184676e-02,2.459234549938785208e-02,1.508188576802285338e-02,2.954275271030358876e-02,3.388988449049841478e-02,5.819833566954701193e-02,3.179616387799641397e-02,9.405773700739900045e-02,1.010131478557107082e-01,3.832573324579924973e-02,7.246402526659451171e-02,1.759612484252736919e-01,1.059280682765840476e-01,1.415390620841391889e-01,1.091218793804006465e-01,2.721836796252594809e-02,8.546993381713656468e-02,2.711190759239872836e-02,1.852410440213630646e-02,3.039443567132135010e-02,1.383984811653861911e-02,3.869834454124452400e-02,1.328980287088131484e-02,9.403999361237778964e-03,2.232119093667382301e-02,1.605777249418903832e-02,2.723611135754715196e-02,1.756596107099132192e-02,2.343902482300963541e-02,6.990897638354122423e-03,6.724746713036072222e-03,1.467378768253517658e-02,2.595858691602051169e-02,4.613282705512872922e-02,1.674976490001596832e-02,4.973473624443301017e-02,6.937667453290512209e-02,7.418513458365123825e-02,1.659007434482514046e-02,8.669422807359959682e-02,5.736439610355045099e-02,7.336893841267588812e-02,6.055820720736705687e-02,9.961141964903565127e-02,3.914192941677460680e-02,2.766195283805603436e-02,3.239943930871733158e-02,1.635941020954949365e-02,3.328660905977749718e-02,4.057914441349207840e-02,5.743536968363526646e-02,3.459962029134654865e-02,8.932025053673769976e-02,1.099203321563547997e-01,2.874429993434943903e-02,7.794673432814634706e-02,2.067637821820827171e-01,9.561915576926488525e-02,1.439166770169804377e-01,9.262052201068152191e-02,2.571017938572366449e-02,8.438758672084316348e-02
1.114285207331570764e-02,2.104366649514718274e-02,0.000000000000000000e+00,7.949040969499103493e-03,3.112191486719068784e-02,4.143082737450983627e-02,4.405684983764793228e-02,8.357139054986782029e-03,4.842172501286395869e-02,2.773292641814084636e-02,3.312691850458666931e-02,2.189534945616494407e-02,5.805638850937738099e-02,1.932255717809045620e-02,1.687396866516439192e-02,1.419471601696268605e-02,8.658776770347239096e-03,1.717560638052485072e-02,1.955322131336609953e-02,3.362373356518036371e-02,1.813374971166983179e-02,5.456093969020032325e-02,5.867740733511950246e-02,2.226796075161021141e-02,4.199861601518834614e-02,1.028052307528522502e-01,6.082435813268510794e-02,8.188576802285349454e-02,6.290033535016589794e-02,1.577387817384978339e-02,4.973473624443301017e-02,1.543675366844692032e-02,1.057506343263720124e-02,1.788534218137298459e-02,8.055501339626324961e-03,2.184211927110133247e-02,7.594173069075036558e-03,5.482709061551837085e-03,1.265104065011799298e-02,9.350769176174169098e-03,1.595131212406181859e-02,1.023793892723433643e-02,1.339626324100853458e-02,3.974520484749551746e-03,3.956777089728348747e-03,8.641033375326035229e-03,1.490445181781081992e-02,2.695221703720790049e-02,9.599176706471016299e-03,2.840717542894657596e-02,4.047268404336485520e-02,4.256640465586685601e-02,9.705637076598236032e-03,5.044447204528114403e-02,3.291399776433222985e-02,4.203410280523075387e-02,3.495448819177061212e-02,5.748859986869887806e-02,2.237442112173743461e-02,1.621746304937986966e-02,1.843538742703028713e-02,9.545946521407406432e-03,1.914512322787842100e-02,2.345676821803083928e-02,3.325112226973508944e-02,1.999680618889618233e-02,5.168650969676538004e-02,6.373427491616245888e-02,1.678525169005837606e-02,4.505047995883532108e-02,1.203711918238435791e-01,5.574974715662094765e-02,8.319877925442253908e-02,5.420607178977625284e-02,1.485122163274721005e-02,4.900725704856367243e-02
7.168331588566155890e-03,1.385759151155982125e-02,7.949040969499103493e-03,0.000000000000000000e+00,2.084848914991394367e-02,2.716513777746233996e-02,3.002182437587607930e-02,5.624656221721464552e-03,3.190262424812363717e-02,1.877251193243315019e-02,2.223247396156780714e-02,1.470927447257758258e-02,3.910644262673219906e-02,1.286396139037243418e-02,1.061055022267960724e-02,9.315282386131763098e-03,5.855320356997107886e-03,1.147997657871857244e-02,1.263329725509679084e-02,2.178888908603772087e-02,1.218971237956670631e-02,3.539807306730069492e-02,3.827250306073563813e-02,1.467378768253517658e-02,2.782164339324686222e-02,6.717649355027591196e-02,4.027750669813161960e-02,5.404638123458542498e-02,4.137759718944623161e-02,1.041537287744636990e-02,3.271882041909898731e-02,1.075249738284923470e-02,7.008641033375326290e-03,1.153320676378218231e-02,5.323018506361007485e-03,1.467378768253517658e-02,5.021380791000550417e-03,3.495448819177061212e-03,8.853954115580474696e-03,6.192444862399971821e-03,1.029116911229794630e-02,6.742490108057276089e-03,8.942671090686492297e-03,2.767969623307723909e-03,2.501818697989673275e-03,5.429478876488227218e-03,9.900814421831473366e-03,1.738852712077929019e-02,6.405365602654412155e-03,1.921609680796323646e-02,2.675703969197466142e-02,2.879753011941304716e-02,6.405365602654412155e-03,3.321563547969268171e-02,2.201955322131336767e-02,2.838943203392537210e-02,2.347451161305203968e-02,3.836122003584165746e-02,1.490445181781081992e-02,1.029116911229794630e-02,1.226068595965152004e-02,6.174701467378767954e-03,1.258006707003318098e-02,1.527706311325609072e-02,2.157596834578328140e-02,1.337851984598733071e-02,3.397860146560442718e-02,4.151954434961585561e-02,1.098316151812487804e-02,2.956049610532479263e-02,7.863872673397327706e-02,3.609006547312762492e-02,5.498678117070920218e-02,3.536258627725828718e-02,9.687893681577032165e-03,3.216877517344168824e-02
2.780389999822566183e-02,5.386894728437339325e-02,3.112191486719068784e-02,2.084848914991394367e-02,0.000000000000000000e+00,1.062829361770081110e-01,1.173370712752177941e-01,2.166468532088929727e-02,1.240618179882538724e-01,7.335119501765467731e-02,8.671197146862080762e-02,5.725793573342323473e-02,1.523625330470732286e-01,5.040898525523873630e-02,4.180343866995511054e-02,3.628524281836086746e-02,2.288897957735232941e-02,4.439397434305079881e-02,5.000088716975106123e-02,8.534573005198814455e-02,4.776521939707943643e-02,1.385581717205770225e-01,1.499316879291683613e-01,5.695629801806277592e-02,1.083589133944889010e-01,2.603310917510956446e-01,1.570645327276921077e-01,2.114835252577228208e-01,1.618729927784382239e-01,4.080980854876772174e-02,1.272378856970492744e-01,4.217604996540037787e-02,2.732482833265317129e-02,4.506822335385652495e-02,2.081300235987153940e-02,5.812736208946219646e-02,2.001454958391738620e-02,1.392856509164463498e-02,3.529161269717347865e-02,2.441491154917582035e-02,4.040171046328004667e-02,2.659734913678383356e-02,3.481254103160098812e-02,1.087670114799765830e-02,9.883071026810269499e-03,2.106140989016838314e-02,3.832573324579924973e-02,6.774428219095442183e-02,2.526659451019358169e-02,7.493035717454177291e-02,1.038343476640820467e-01,1.126173281995777042e-01,2.476977944959988728e-02,1.293493497045724860e-01,8.625064319806952096e-02,1.100622793165244306e-01,9.136074096417608204e-02,1.507301407051225284e-01,5.834028282971663593e-02,3.986940861264394453e-02,4.788942316222786350e-02,2.416650401887897315e-02,4.859915896307599736e-02,5.926293937081920926e-02,8.346493017974059014e-02,5.227204173246508684e-02,1.314785571071168668e-01,1.619439663585230393e-01,4.279706879114249934e-02,1.151368902925885840e-01,3.054880320800582028e-01,1.406518923330790094e-01,2.144289288312425656e-01,1.369435227736475191e-01,3.807732571550240253e-02,1.245231462588051591e-01
3.685303145903937039e-02,7.152362533047072757e-02,4.143082737450983627e-02,2.716513777746233996e-02,1.062829361770081110e-01,0.000000000000000000e+00,1.516882840362674956e-01,2.837168863890416823e-02,1.632214908000496900e-01,9.544172181905286045e-02,1.120672829539204052e-01,7.420287797867243518e-02,1.981227488067566767e-01,6.632481058925815409e-02,5.585620752674817086e-02,4.780070618712184416e-02,2.963146968540960463e-02,5.826930924963182740e-02,6.572153515853723649e-02,1.133802941854894497e-01,6.183573164889370061e-02,1.839102893947728024e-01,1.976259337461629961e-01,7.487712698947816825e-02,1.427101261555386025e-01,3.444525275466207570e-01,2.057346652708529344e-01,2.775954151067265285e-01,2.123352082187405787e-01,5.301726432335562844e-02,1.675863659752657164e-01,5.395766425947940564e-02,3.610780886814882878e-02,5.944037332103124793e-02,2.760872265299242276e-02,7.576429674053833385e-02,2.602956049610532369e-02,1.847087421707269486e-02,4.373746872726627655e-02,3.186713745808122944e-02,5.303500771837683231e-02,3.428023918096488598e-02,4.593764970989549362e-02,1.378661793147500925e-02,1.318334250075409511e-02,2.812328110860732103e-02,5.060416260047197190e-02,9.036711084298869323e-02,3.273656381412019117e-02,9.773061977678809686e-02,1.381678170301105513e-01,1.455845561489735318e-01,3.241718270373853544e-02,1.715253996699728500e-01,1.114462641281782906e-01,1.441650845472772779e-01,1.177274259656842792e-01,1.957628772689366248e-01,7.698859099700136599e-02,5.356730956901293444e-02,6.316648627548394901e-02,3.179616387799641397e-02,6.440852392696819195e-02,7.917102858460937920e-02,1.117301584485175386e-01,6.707003318014868876e-02,1.754466899696587867e-01,2.144644156212849873e-01,5.622881882219343819e-02,1.519721783566067574e-01,4.020653311804680552e-01,1.870153835234833750e-01,2.819425468869213303e-01,1.819940027324828402e-01,5.079933994570521444e-02,1.654039283876576893e-01
3.988715200766514840e-02,7.705956457708618146e-02,4.405684983764793228e-02,3.002182437587607930e-02,1.173370712752177941e-01,1.516882840362674956e-01,0.000000000000000000e+00,3.122837523731790757e-02,1.769903653365034746e-01,1.052715626607995114e-01,1.245231462588051591e-01,8.236483968842597814e-02,2.175340229599531661e-01,7.265920261182774731e-02,5.965329406128568740e-02,5.200589080714704271e-02,3.286076757926861824e-02,6.362781454603523568e-02,7.111552724498305944e-02,1.222874784861335412e-01,6.863145194201458743e-02,1.986905374474352004e-01,2.140208307457548975e-01,8.179705104774748214e-02,1.554321403857414075e-01,3.734097482212246355e-01,2.246668677584769125e-01,3.026668322716868920e-01,2.307173654607072577e-01,5.812736208946219646e-02,1.821359498926524711e-01,6.007913554179456633e-02,3.912418602175340293e-02,6.424883337177735021e-02,2.956049610532479263e-02,8.334072641459217001e-02,2.867332635426462356e-02,1.992583260881137033e-02,5.049770223034475564e-02,3.491900140172820438e-02,5.780798097908054073e-02,3.823701627069323733e-02,4.966376266434819470e-02,1.552547064355293792e-02,1.407051225181426245e-02,2.989762061072765570e-02,5.518195851594243778e-02,9.604499724977377806e-02,3.626749942333966359e-02,1.073652832733015122e-01,1.484412427473872920e-01,1.615003814829929496e-01,3.539807306730069492e-02,1.847264855657481386e-01,1.238666406430206368e-01,1.573129402579889757e-01,1.316737344523501163e-01,2.158661438279600442e-01,8.348267357476180095e-02,5.676112067282954032e-02,6.836530101669653636e-02,3.459962029134654865e-02,6.964282545822317316e-02,8.458276406607639908e-02,1.191646409624017439e-01,7.475292322432974812e-02,1.883106513600312226e-01,2.308060824358132701e-01,6.126794300821519074e-02,1.646941925868095624e-01,4.367891552369630448e-01,2.009084618250856213e-01,3.075462659025177681e-01,1.962064621444667145e-01,5.411735481467024045e-02,1.775758973722031953e-01
7.718376834223460159e-03,1.449635373232314312e-02,8.357139054986782029e-03,5.624656221721464552e-03,2.166468532088929727e-02,2.837168863890416823e-02,3.122837523731790757e-02,0.000000000000000000e+00,3.318014868965028091e-02,1.934030057311166007e-02,2.295995315743714488e-02,1.538352348338331045e-02,4.034848027821643507e-02,1.328980287088131484e-02,1.162192373888819817e-02,9.723380471619439899e-03,6.068241097251548220e-03,1.185258787416384324e-02,1.341400663602973845e-02,2.280026260224631354e-02,1.298816515552085778e-02,3.719015596444223692e-02,4.038396706825884280e-02,1.536578008836210658e-02,2.883301690945545490e-02,6.957185187813835769e-02,4.185666885501872214e-02,5.642399616742667379e-02,4.304547632143934655e-02,1.082347096293404844e-02,3.408506183573165038e-02,1.082347096293404844e-02,7.416739118863003091e-03,1.218971237956670631e-02,5.464965666530634085e-03,1.541901027342571645e-02,5.323018506361007485e-03,3.743856349473908413e-03,9.084618250856118030e-03,6.423108997675615155e-03,1.085895775297645444e-02,7.044127823417733157e-03,9.191078620983339498e-03,2.821199808371333776e-03,2.679252648201706742e-03,5.873063752018310886e-03,1.016696534714952443e-02,1.836441384694547513e-02,6.760233503078479089e-03,1.983711563370535447e-02,2.764420944303483049e-02,2.996859419081247117e-02,6.653773132951258489e-03,3.447541652619812158e-02,2.267605883709788994e-02,2.897496406962508236e-02,2.446814173423942848e-02,4.002909916783477240e-02,1.548998385351053018e-02,1.105413509820969177e-02,1.256232367501197711e-02,6.387622207633208288e-03,1.305913873560567151e-02,1.591582533401941085e-02,2.251636828190705861e-02,1.414148583189907618e-02,3.506094856189783532e-02,4.361326496211784948e-02,1.156869355382458830e-02,3.074930357174541704e-02,8.195674160293831001e-02,3.763374083997231972e-02,5.759506023882609432e-02,3.676431448393335799e-02,1.009599176706471070e-02,3.328660905977749718e-02
4.272609521105768388e-02,8.341169999467698548e-02,4.842172501286395869e-02,3.190262424812363717e-02,1.240618179882538724e-01,1.632214908000496900e-01,1.769903653365034746e-01,3.318014868965028091e-02,0.000000000000000000e+00,1.115882112883479077e-01,1.308930250714171739e-01,8.703135257900246335e-02,2.306996220656860608e-01,7.737894568746783719e-02,6.499405596266789875e-02,5.608687166202381419e-02,3.456413350130414092e-02,6.822335385652690543e-02,7.666920988661971026e-02,1.334125871644280537e-01,7.196721020600081731e-02,2.155112759275359668e-01,2.312674107063645568e-01,8.740396387444773763e-02,1.675508791852232948e-01,4.022959953157437263e-01,2.420908816692985965e-01,3.241363402473429467e-01,2.495076207881616048e-01,6.180024485885129287e-02,1.950176546780461040e-01,6.291807874518710875e-02,4.169697829982788734e-02,6.907503681754466329e-02,3.188488085310243331e-02,8.823790344044429856e-02,3.055412622651218144e-02,2.168242871591050114e-02,5.127841161127770497e-02,3.706595219929380985e-02,6.162281090863926114e-02,4.024201990808921187e-02,5.294629074327081991e-02,1.612874607427385032e-02,1.540126687840451432e-02,3.248815628382334397e-02,5.919196579073440073e-02,1.059990418566688491e-01,3.795312195035398239e-02,1.135044979506378698e-01,1.618729927784382239e-01,1.697688035628737158e-01,3.754502386486630039e-02,2.019198353412942071e-01,1.312124061817988296e-01,1.680299508507957784e-01,1.378839227097712894e-01,2.296705051544562504e-01,8.921379016661047656e-02,6.188896183395731221e-02,7.384801007824837171e-02,3.745630688976028799e-02,7.532071186500824411e-02,9.253180503557550951e-02,1.305026703809507027e-01,7.773381358789190065e-02,2.048829823098351766e-01,2.503770471442005596e-01,6.584573892368565662e-02,1.783388633581149407e-01,4.692773115207863888e-01,2.190422115367554323e-01,3.301690945545520672e-01,2.136837062403520171e-01,5.889032807537394193e-02,1.929061906705228924e-01
2.523110772015117395e-02,4.861690235809720123e-02,2.773292641814084636e-02,1.877251193243315019e-02,7.335119501765467731e-02,9.544172181905286045e-02,1.052715626607995114e-01,1.934030057311166007e-02,1.115882112883479077e-01,0.000000000000000000e+00,7.805319469827357026e-02,5.113646445110807404e-02,1.357724587022480778e-01,4.600862328998030215e-02,3.818378608562962573e-02,3.291399776433222985e-02,2.035167408932024927e-02,4.011781614294079173e-02,4.513919693394134042e-02,7.750314945261625732e-02,4.290352916126971561e-02,1.262619989708830825e-01,1.352224134565907787e-01,5.142035877144732897e-02,9.805000088716975259e-02,2.356145424865593863e-01,1.411841941837151115e-01,1.901027342571727785e-01,1.457974768892279782e-01,3.683528806401816652e-02,1.145691016519100741e-01,3.662236732376372705e-02,2.432619457406980101e-02,4.034848027821643507e-02,1.848861761209389873e-02,5.230752852250749457e-02,1.776113841622456099e-02,1.256232367501197711e-02,3.066058659663940117e-02,2.171791550595290887e-02,3.624975602831845972e-02,2.377614932841249848e-02,3.168970350786919771e-02,9.545946521407406432e-03,8.942671090686492297e-03,1.923384020298444033e-02,3.461736368636775252e-02,6.100179208289713967e-02,2.235667772671623074e-02,6.762007842580598782e-02,9.320605404638122871e-02,1.004808460050746061e-01,2.244539470182224661e-02,1.162902109689668007e-01,7.755637963767987586e-02,9.893717063822991820e-02,8.181479444276867907e-02,1.342642701254458115e-01,5.312372469348285164e-02,3.676431448393335799e-02,4.338260082684220614e-02,2.216150038148299167e-02,4.414556681275395161e-02,5.413509820969144432e-02,7.558686279032629518e-02,4.710871378129491416e-02,1.194485352827410057e-01,1.469685409606274196e-01,3.830798985077804586e-02,1.041537287744637025e-01,2.765130680104331273e-01,1.274330630422825239e-01,1.944853528274100019e-01,1.234762859525541656e-01,3.458187689632534478e-02,1.128125055448109398e-01
2.991536400574885957e-02,5.780798097908054073e-02,3.312691850458666931e-02,2.223247396156780714e-02,8.671197146862080762e-02,1.120672829539204052e-01,1.245231462588051591e-01,2.295995315743714488e-02,1.308930250714171739e-01,7.805319469827357026e-02,0.000000000000000000e+00,6.087758831774871954e-02,1.602760872265299175e-01,5.422381518479745671e-02,4.540534785925939149e-02,3.919515960183821840e-02,2.420199080892137741e-02,4.710871378129491416e-02,5.337213222377969885e-02,9.111233343387924177e-02,5.113646445110807404e-02,1.490977483631718004e-01,1.594244042655121596e-01,6.070015436753668781e-02,1.157579091183306985e-01,2.787664791781259699e-01,1.664507886939086967e-01,2.251281960290281992e-01,1.715076562749516531e-01,4.316968008658776668e-02,1.357902020972693025e-01,4.359552156709664561e-02,2.936531876009155703e-02,4.826203445767313083e-02,2.217924377650419554e-02,6.238577689455100661e-02,2.134530421050763807e-02,1.506414237300164952e-02,3.580617115278837692e-02,2.576340957078727609e-02,4.309870650650295121e-02,2.794584715839528583e-02,3.734984651963306479e-02,1.128479923348533510e-02,1.066378040774321710e-02,2.317287389769158434e-02,4.084529533881012947e-02,7.216238755123405291e-02,2.665057932184744169e-02,8.034209265600880667e-02,1.102574566617576662e-01,1.186323391117656417e-01,2.624248123635976662e-02,1.371919303039443594e-01,9.173335225962135631e-02,1.172838410901541895e-01,9.684345002572791739e-02,1.582710835891339429e-01,6.268741460991146541e-02,4.340034422186341001e-02,5.143810216646853284e-02,2.586986994091449582e-02,5.209460778225305511e-02,6.394719565641690529e-02,9.001224294256462977e-02,5.576749055164215152e-02,1.411132206036302961e-01,1.731223052218811564e-01,4.545857804432300309e-02,1.230681878670664836e-01,3.267801061055022327e-01,1.508011142852073438e-01,2.288365655884596894e-01,1.461878315796944494e-01,4.084529533881012947e-02,1.332174098191948042e-01
2.012100995404460593e-02,3.800635213541759400e-02,2.189534945616494407e-02,1.470927447257758258e-02,5.725793573342323473e-02,7.420287797867243518e-02,8.236483968842597814e-02,1.538352348338331045e-02,8.703135257900246335e-02,5.113646445110807404e-02,6.087758831774871954e-02,0.000000000000000000e+00,1.064426267321989389e-01,3.559325041253393745e-02,3.016377153604570677e-02,2.572792278074486835e-02,1.602228570414663059e-02,3.140580918752994277e-02,3.525612590713107092e-02,5.983072801149771913e-02,3.406731844071044651e-02,9.833389520750900059e-02,1.051473588956510913e-01,4.096949910395854960e-02,7.663372309657730252e-02,1.858088326620415676e-01,1.096719246260579456e-01,1.489025710179385786e-01,1.129189659149381630e-01,2.869106974928582743e-02,9.052680139817952110e-02,2.872655653932823516e-02,1.939353075817526820e-02,3.202682801327205731e-02,1.465604428751397272e-02,4.077432175872531400e-02,1.396405188168704271e-02,9.971788001916287100e-03,2.368743235330648261e-02,1.696268564027040779e-02,2.862009616920101543e-02,1.871928174736954206e-02,2.445039833921822461e-02,7.434482513884206958e-03,7.026384428396529290e-03,1.518834613815007312e-02,2.723611135754715196e-02,4.774747600205823256e-02,1.761919125605493353e-02,5.275111339803757737e-02,7.273017619191256278e-02,7.851452296882485693e-02,1.767242144111854513e-02,9.006547312762823443e-02,6.029205628204900580e-02,7.741443247751024492e-02,6.520697670292233128e-02,1.048812079703330402e-01,4.095175570893734573e-02,2.938306215511276090e-02,3.360599017015915985e-02,1.712237619546123912e-02,3.468833726645256105e-02,4.203410280523075387e-02,5.977749782643410753e-02,3.742082009971788026e-02,9.331251441650845191e-02,1.145158714668464695e-01,3.025248851115172263e-02,8.137120956723858933e-02,2.171968984545502857e-01,9.975336680920526833e-02,1.512092123706950120e-01,9.661278589045227405e-02,2.677478308699586529e-02,8.850405436576234963e-02
5.237850210259231004e-02,1.008357139054986834e-01,5.805638850937738099e-02,3.910644262673219906e-02,1.523625330470732286e-01,1.981227488067566767e-01,2.175340229599531661e-01,4.034848027821643507e-02,2.306996220656860608e-01,1.357724587022480778e-01,1.602760872265299175e-01,1.064426267321989389e-01,0.000000000000000000e+00,9.412871058748381592e-02,7.830160222857041052e-02,6.777976898099682956e-02,4.240671410067602121e-02,8.316329246438013134e-02,9.274472577582994204e-02,1.595308646356393967e-01,8.830887702052911403e-02,2.592132578647598495e-01,2.788551961532319545e-01,1.069394417927926333e-01,2.023989070068666907e-01,4.879256196880711327e-01,2.918965914938164152e-01,3.941340336059901972e-01,3.015667417803722383e-01,7.581752692560193851e-02,2.377260064940825701e-01,7.721925513227700932e-02,5.101226068595965391e-02,8.428112635071594028e-02,3.859188417111730079e-02,1.078620983338952066e-01,3.726112954452705239e-02,2.602956049610532369e-02,6.435529374190457341e-02,4.538760446423818762e-02,7.540942884011427039e-02,4.941535513405134750e-02,6.472790503734984768e-02,1.990808921379016647e-02,1.855959119217871073e-02,3.946131052715626947e-02,7.175428946574637090e-02,1.270427083518160249e-01,4.673610248584963989e-02,1.389307830160222967e-01,1.938998207917102812e-01,2.088042726095211132e-01,4.622154403023474856e-02,2.417537571638957439e-01,1.592114835252577132e-01,2.042264766940506404e-01,1.698752639330009528e-01,2.795826753491013061e-01,1.085895775297645444e-01,7.491261377952057599e-02,8.878794868610159763e-02,4.515694032896254428e-02,9.114782022392164951e-02,1.111801132028602396e-01,1.564435139019499932e-01,9.639986515019784152e-02,2.463670398694086106e-01,3.027023190617292858e-01,8.030660586596639894e-02,2.151031778420482987e-01,5.710356819673876316e-01,2.631877783495094048e-01,4.007700633439202353e-01,2.568356429319185730e-01,7.127521780017388731e-02,2.326159087279760229e-01
1.701591582533401939e-02,3.373019393530757998e-02,1.932255717809045620e-02,1.286396139037243418e-02,5.040898525523873630e-02,6.632481058925815409e-02,7.265920261182774731e-02,1.328980287088131484e-02,7.737894568746783719e-02,4.600862328998030215e-02,5.422381518479745671e-02,3.559325041253393745e-02,9.412871058748381592e-02,0.000000000000000000e+00,2.595858691602051169e-02,2.271154562714029768e-02,1.428343299206870191e-02,2.757323586295001849e-02,3.131709221242392344e-02,5.378023030926737391e-02,2.961372629038840423e-02,8.683617523376922775e-02,9.345446157667808285e-02,3.529161269717347865e-02,6.777976898099682956e-02,1.614826380879717527e-01,9.870650650295427486e-02,1.316205042672864978e-01,1.017406270515800459e-01,2.578115296580847648e-02,7.911779839954577453e-02,2.579889636082968035e-02,1.664330452988874859e-02,2.755549246792881463e-02,1.288170478539363804e-02,3.582391454780958079e-02,1.243811990986355351e-02,8.729750350432051095e-03,2.143402118561365394e-02,1.483347823772600618e-02,2.482300963466349542e-02,1.632392341950708939e-02,2.178888908603772087e-02,6.618286342908852489e-03,6.174701467378767954e-03,1.288170478539363804e-02,2.407778704377295381e-02,4.228251033552760108e-02,1.550772724853173405e-02,4.682481946095565922e-02,6.495856917262549102e-02,6.955410848311716077e-02,1.527706311325609072e-02,8.101634166681452587e-02,5.425930197483986445e-02,6.884437268226901996e-02,5.638850937738426605e-02,9.333025781152966271e-02,3.653365034865771466e-02,2.496495679483312288e-02,3.037669227630014623e-02,1.529480650827729458e-02,3.050089604144856983e-02,3.747405028478149186e-02,5.252044926276193404e-02,3.223974875352649677e-02,8.257776042868042454e-02,1.015277063113256134e-01,2.659734913678383356e-02,7.210915736617044824e-02,1.898898135169183321e-01,8.834436381057150789e-02,1.337497116698309063e-01,8.557639418726378788e-02,2.398907006866693795e-02,7.787576074806153159e-02
1.527706311325609072e-02,2.877978672439184676e-02,1.687396866516439192e-02,1.061055022267960724e-02,4.180343866995511054e-02,5.585620752674817086e-02,5.965329406128568740e-02,1.162192373888819817e-02,6.499405596266789875e-02,3.818378608562962573e-02,4.540534785925939149e-02,3.016377153604570677e-02,7.830160222857041052e-02,2.595858691602051169e-02,0.000000000000000000e+00,1.939353075817526820e-02,1.190581805922745311e-02,2.319061729271278821e-02,2.707642080235632409e-02,4.528114409411096442e-02,2.530208130023598595e-02,7.409641760854522585e-02,8.035983605103000360e-02,3.042992246136375784e-02,5.690306783299916432e-02,1.386468886956830349e-01,8.280842456395606788e-02,1.113398037580510674e-01,8.525701307688213215e-02,2.168242871591050114e-02,6.769105200589080329e-02,2.061782501463830033e-02,1.437214996717471951e-02,2.430845117904860062e-02,1.096541812310367417e-02,2.972018666051562397e-02,1.023793892723433643e-02,7.505456093969019825e-03,1.701591582533401939e-02,1.220745577458791017e-02,2.129207402544402994e-02,1.368015756134778778e-02,1.825795347681825539e-02,5.269788321297396751e-03,5.323018506361007485e-03,1.208325200943948657e-02,2.010326655902340207e-02,3.674657108891215412e-02,1.302365194556326378e-02,3.903546904664738360e-02,5.468514345534874338e-02,5.731116591848684633e-02,1.341400663602973845e-02,6.781525577103923730e-02,4.478432903351727001e-02,5.773700739899572526e-02,4.778296279210064029e-02,7.721925513227700932e-02,3.032346209123653810e-02,2.267605883709788994e-02,2.535531148529959755e-02,1.288170478539363804e-02,2.601181710108411982e-02,3.208005819833566891e-02,4.586667612981067815e-02,2.801682073848010129e-02,7.035256125907131397e-02,8.712006955410848963e-02,2.278251920722510968e-02,6.091307510779112727e-02,1.635941020954949643e-01,7.583527032062314932e-02,1.126528149896201120e-01,7.333345162263348038e-02,2.038716087936265700e-02,6.611188984900370769e-02
1.272201423020280671e-02,2.459234549938785208e-02,1.419471601696268605e-02,9.315282386131763098e-03,3.628524281836086746e-02,4.780070618712184416e-02,5.200589080714704271e-02,9.723380471619439899e-03,5.608687166202381419e-02,3.291399776433222985e-02,3.919515960183821840e-02,2.572792278074486835e-02,6.777976898099682956e-02,2.271154562714029768e-02,1.939353075817526820e-02,0.000000000000000000e+00,1.025568232225554030e-02,1.987260242374775873e-02,2.295995315743714488e-02,3.912418602175340293e-02,2.141627779059245354e-02,6.345038059582321088e-02,6.809915009137848529e-02,2.579889636082968035e-02,4.895402686350006083e-02,1.186500825067868525e-01,7.120424422008907184e-02,9.553043879415887285e-02,7.308504409233662624e-02,1.836441384694547513e-02,5.763054702886850206e-02,1.820472329175464379e-02,1.242037651484234964e-02,2.042264766940506474e-02,9.333025781152965231e-03,2.602956049610532369e-02,8.942671090686492297e-03,6.316648627548395421e-03,1.504639897798044738e-02,1.069926719778562484e-02,1.811600631664862793e-02,1.187033126918504537e-02,1.582710835891339499e-02,4.684256285597686482e-03,4.577795915470465882e-03,9.829840841746659633e-03,1.735304033073688246e-02,3.099771110204226424e-02,1.116059546833691150e-02,3.357050338011675211e-02,4.710871378129491416e-02,4.968150605936939856e-02,1.123156904842172524e-02,5.849997338490747073e-02,3.878706151635053639e-02,4.977022303447541790e-02,4.080980854876772174e-02,6.687485583491545316e-02,2.645540197661420609e-02,1.886122890753916953e-02,2.191309285118614447e-02,1.107187849323089564e-02,2.225021735658901101e-02,2.737805851771677942e-02,3.884029170141414800e-02,2.336805124292481994e-02,6.036302986213382127e-02,7.400770063343919958e-02,1.928707038804804846e-02,5.252044926276193404e-02,1.388952962259798751e-01,6.447949750705299354e-02,9.691442360581273285e-02,6.279387498003867474e-02,1.726432335563086659e-02,5.676112067282954032e-02
7.753863624265867026e-03,1.508188576802285338e-02,8.658776770347239096e-03,5.855320356997107886e-03,2.288897957735232941e-02,2.963146968540960463e-02,3.286076757926861824e-02,6.068241097251548220e-03,3.456413350130414092e-02,2.035167408932024927e-02,2.420199080892137741e-02,1.602228570414663059e-02,4.240671410067602121e-02,1.428343299206870191e-02,1.190581805922745311e-02,1.025568232225554030e-02,0.000000000000000000e+00,1.240263311982114577e-02,1.408825564683546631e-02,2.411327383381536155e-02,1.339626324100853458e-02,3.939033694707145400e-02,4.217604996540037787e-02,1.611100267925264992e-02,3.066058659663940117e-02,7.331570822761226958e-02,4.402136304760553148e-02,5.935165634592522860e-02,4.544083464930179922e-02,1.151546336876097844e-02,3.546904664738551038e-02,1.144448978867616470e-02,7.523199488990223692e-03,1.249135009492716337e-02,5.784346776912294152e-03,1.632392341950708939e-02,5.553682641636650819e-03,3.903546904664738446e-03,9.563689916428610299e-03,6.795720293120885956e-03,1.121382565340052137e-02,7.398995723841800091e-03,9.794354051704253633e-03,2.963146968540960810e-03,2.767969623307723909e-03,5.819833566954701019e-03,1.080572756791284457e-02,1.894994588264518540e-02,6.990897638354122423e-03,2.083074575489273980e-02,2.913465462481591370e-02,3.140580918752994277e-02,6.990897638354122423e-03,3.632072960840327519e-02,2.427296438900619288e-02,3.085576394187263677e-02,2.540854167036320568e-02,4.199861601518834614e-02,1.643038378963430912e-02,1.126705583846413124e-02,1.348498021611455218e-02,6.848950478184495823e-03,1.369790095636899165e-02,1.678525169005837606e-02,2.366968895828527875e-02,1.462055749747156672e-02,3.719015596444223692e-02,4.565375538955623869e-02,1.197679163931226684e-02,3.255912986390815944e-02,8.578931492751823429e-02,3.974520484749551746e-02,6.041626004719743287e-02,3.876931812132933253e-02,1.082347096293404844e-02,3.493674479674940825e-02
1.536578008836210658e-02,2.954275271030358876e-02,1.717560638052485072e-02,1.147997657871857244e-02,4.439397434305079881e-02,5.826930924963182740e-02,6.362781454603523568e-02,1.185258787416384324e-02,6.822335385652690543e-02,4.011781614294079173e-02,4.710871378129491416e-02,3.140580918752994277e-02,8.316329246438013134e-02,2.757323586295001849e-02,2.319061729271278821e-02,1.987260242374775873e-02,1.240263311982114577e-02,0.000000000000000000e+00,2.746677549282279529e-02,4.710871378129491416e-02,2.581663975585088422e-02,7.643854575134406693e-02,8.213417555315033480e-02,3.193811103816604491e-02,5.977749782643410753e-02,1.445731826327649461e-01,8.630387338313312562e-02,1.159885732536063419e-01,8.923153356163168737e-02,2.256959846697067021e-02,7.029933107400769543e-02,2.258734186199187408e-02,1.483347823772600618e-02,2.446814173423942848e-02,1.140900299863375870e-02,3.128160542238151570e-02,1.075249738284923470e-02,7.647403254138647292e-03,1.880799872247555793e-02,1.309462552564807751e-02,2.164694192586809687e-02,1.431891978211110965e-02,1.912737983285722060e-02,5.802090171933498020e-03,5.411735481467024218e-03,1.149771997373977457e-02,2.118561365531680674e-02,3.756276725988750426e-02,1.353821040117816205e-02,4.066786138859809774e-02,5.759506023882609432e-02,6.078887134264270020e-02,1.371564435139019551e-02,7.163008570059795077e-02,4.687804964601927082e-02,6.077112794762149633e-02,4.987668340460263416e-02,8.174382086268386360e-02,3.188488085310243331e-02,2.256959846697067021e-02,2.618925105129615502e-02,1.339626324100853458e-02,2.684575666708068076e-02,3.280753739420500664e-02,4.691353643606167856e-02,2.824748487375574463e-02,7.356411575790912372e-02,8.947994109192852763e-02,2.379389272343370235e-02,6.375201831118365581e-02,1.685267659113894867e-01,7.821288525346439813e-02,1.171418939299845585e-01,7.619013822104721279e-02,2.097269291506236727e-02,6.896857644741745397e-02
1.770790823116094939e-02,3.388988449049841478e-02,1.955322131336609953e-02,1.263329725509679084e-02,5.000088716975106123e-02,6.572153515853723649e-02,7.111552724498305944e-02,1.341400663602973845e-02,7.666920988661971026e-02,4.513919693394134042e-02,5.337213222377969885e-02,3.525612590713107092e-02,9.274472577582994204e-02,3.131709221242392344e-02,2.707642080235632409e-02,2.295995315743714488e-02,1.408825564683546631e-02,2.746677549282279529e-02,0.000000000000000000e+00,5.374474351922496618e-02,2.959598289536720037e-02,8.770560158980819643e-02,9.423517095761102524e-02,3.577068436274596919e-02,6.760233503078479089e-02,1.638070228357493829e-01,9.748221224649124272e-02,1.309994854415443832e-01,1.005873063752018293e-01,2.514239074504515808e-02,7.954363988005465347e-02,2.485849642470590315e-02,1.698042903529161166e-02,2.830071505881935623e-02,1.300590855054205991e-02,3.561099380755513438e-02,1.222519916960911231e-02,8.782980535495660962e-03,2.028070050923543727e-02,1.481573484270480232e-02,2.514239074504515808e-02,1.611100267925264992e-02,2.171791550595290887e-02,6.352135417590801421e-03,6.263418442484784687e-03,1.368015756134778778e-02,2.388260969853971821e-02,4.276158200110009161e-02,1.536578008836210658e-02,4.631026100534076095e-02,6.513600312283752969e-02,6.817012367146330076e-02,1.556095743359534392e-02,8.057275679128445001e-02,5.310598129846164778e-02,6.847176138682375957e-02,5.592718110683297938e-02,9.183981262974857951e-02,3.639170318848808372e-02,2.610053407619013915e-02,3.002182437587607930e-02,1.524157632321368298e-02,3.048315264642736597e-02,3.774020121009954293e-02,5.367376993914015765e-02,3.234620912365371997e-02,8.332298301957095921e-02,1.021664685320889249e-01,2.657960574176262969e-02,7.207367057612804051e-02,1.913447719086570076e-01,8.940896751184371216e-02,1.332528966092371980e-01,8.680068844372682002e-02,2.400681346368814181e-02,7.821288525346439813e-02
2.943629234017636903e-02,5.819833566954701193e-02,3.362373356518036371e-02,2.178888908603772087e-02,8.534573005198814455e-02,1.133802941854894497e-01,1.222874784861335412e-01,2.280026260224631354e-02,1.334125871644280537e-01,7.750314945261625732e-02,9.111233343387924177e-02,5.983072801149771913e-02,1.595308646356393967e-01,5.378023030926737391e-02,4.528114409411096442e-02,3.912418602175340293e-02,2.411327383381536155e-02,4.710871378129491416e-02,5.374474351922496618e-02,0.000000000000000000e+00,4.989442679962383803e-02,1.497010237938927180e-01,1.606841853120176133e-01,6.016785251690058567e-02,1.159530864635639341e-01,2.781454603523837998e-01,1.686332262815166960e-01,2.248265583136677404e-01,1.734416863322628122e-01,4.297450274135453108e-02,1.351514398765059632e-01,4.283255558118490708e-02,2.892173388456147076e-02,4.742809489167657683e-02,2.196632303624975607e-02,6.128568640323639460e-02,2.099043631008357114e-02,1.499316879291683752e-02,3.530935609219468252e-02,2.544402846040561342e-02,4.240671410067602121e-02,2.757323586295001849e-02,3.706595219929380985e-02,1.105413509820969177e-02,1.057506343263720124e-02,2.253411167692826247e-02,4.128888021434021227e-02,7.303181390727302158e-02,2.618925105129615502e-02,7.870970031405809253e-02,1.120850263489416021e-01,1.173725580652602019e-01,2.606504728614773142e-02,1.392679075214251494e-01,9.169786546957894857e-02,1.164676449191788393e-01,9.485618978335315366e-02,1.585549779094732048e-01,6.236803349952980274e-02,4.327614045671498988e-02,5.189943043701981951e-02,2.606504728614773142e-02,5.236075870757110617e-02,6.449724090207420435e-02,9.113007682890043870e-02,5.406412462960662885e-02,1.428875601057506273e-01,1.736013768874536400e-01,4.522791390904735975e-02,1.239198708280842415e-01,3.250589967884455200e-01,1.519012047765219420e-01,2.284462108979932182e-01,1.481573484270480301e-01,4.088078212885253720e-02,1.333238701893220135e-01
1.667879131993115632e-02,3.179616387799641397e-02,1.813374971166983179e-02,1.218971237956670631e-02,4.776521939707943643e-02,6.183573164889370061e-02,6.863145194201458743e-02,1.298816515552085778e-02,7.196721020600081731e-02,4.290352916126971561e-02,5.113646445110807404e-02,3.406731844071044651e-02,8.830887702052911403e-02,2.961372629038840423e-02,2.530208130023598595e-02,2.141627779059245354e-02,1.339626324100853458e-02,2.581663975585088422e-02,2.959598289536720037e-02,4.987668340460263416e-02,0.000000000000000000e+00,8.211643215812913787e-02,8.850405436576234963e-02,3.380116751539239545e-02,6.357458436097163101e-02,1.534981103284302484e-01,9.189304281481218417e-02,1.239198708280842415e-01,9.402225021735659272e-02,2.388260969853971821e-02,7.487712698947816825e-02,2.372291914334888688e-02,1.611100267925264992e-02,2.677478308699586529e-02,1.204776521939707884e-02,3.413829202079526198e-02,1.158643694884579217e-02,8.179705104774746827e-03,1.980162884366294673e-02,1.403502546177185471e-02,2.377614932841249848e-02,1.550772724853173405e-02,2.033393069429904887e-02,6.174701467378767954e-03,5.802090171933498020e-03,1.295267836547845004e-02,2.246313809684345048e-02,3.970971805745310973e-02,1.478024805266239632e-02,4.403910644262673535e-02,6.048723362728224140e-02,6.549087102326159315e-02,1.478024805266239632e-02,7.482389680441456359e-02,5.056867581042956417e-02,6.424883337177735021e-02,5.415284160471264818e-02,8.735073368938413296e-02,3.394311467556201944e-02,2.436168136411220875e-02,2.808779431856491329e-02,1.419471601696268605e-02,2.869106974928582743e-02,3.500771837683422372e-02,4.971699284941180630e-02,3.142355258255114664e-02,7.739668908248904799e-02,9.565464255930729298e-02,2.503593037491793835e-02,6.749587466065756769e-02,1.806632481058925710e-01,8.311006227931652668e-02,1.259071310704590330e-01,8.069696055643287014e-02,2.230344754165261914e-02,7.285437995706098291e-02
