0.000000000000000000e+00,1.470811450775629144e-02,1.384293130141768698e-02,8.105400564645882586e-03,2.768586260283537395e-02,3.607965756959412296e-02,3.765823745484350726e-02,5.388421723687805871e-03,4.363862663549983312e-02,2.965908745939710434e-02,3.146534713578822556e-02,2.014207218967244487e-02,5.198688564403023543e-02,1.700009107191645732e-02,1.161166934822865059e-02,1.335721441364864405e-02,9.228620867611791317e-03,1.833581251328132017e-02,1.523936735375368105e-02,3.340821468686439727e-02,1.781973832002671509e-02,6.218694028718010913e-02,4.957347985792780881e-02,2.106797000698218056e-02,4.565738745028991019e-02,9.445675601833580792e-02,5.954585470993594559e-02,7.666737500379466885e-02,5.265474636471266512e-02,1.355453689930481709e-02,3.773413071855741957e-02,1.363043016301873113e-02,1.027594790686378601e-02,2.012689353692966379e-02,1.105005919674569709e-02,1.835099116602410471e-02,8.788439938071096816e-03,5.342885765459457446e-03,1.476882911872742093e-02,1.164202665371421620e-02,1.520901004826811544e-02,1.111077380771682659e-02,1.627151574026289294e-02,4.841990224947633446e-03,3.612519352782247225e-03,1.469293585501350863e-02,2.140190036732339540e-02,2.369387693148356303e-02,1.179381318114204255e-02,2.918854922437084595e-02,3.551804741811116772e-02,4.641632008742904020e-02,8.955405118241704238e-03,4.013235785191706512e-02,2.818675814334719795e-02,3.624662274976472864e-02,3.000819647248110372e-02,6.264229986946358297e-02,1.686348319723141378e-02,1.830545520779575455e-02,1.830545520779575455e-02,7.164324094593364084e-03,1.417686166175890182e-02,1.687866184997419486e-02,2.829300871254667588e-02,2.633496250872772657e-02,5.115205974317719312e-02,6.065389636015907499e-02,1.968671260738896756e-02,3.712698460884612112e-02,1.254363862663550044e-01,5.423332624996205636e-02,7.470932879997571607e-02,5.066634285540815713e-02,1.194559970856986716e-02,4.731186059925321374e-02
1.470811450775629144e-02,0.000000000000000000e+00,1.756170122339941256e-02,9.850945630065876049e-03,3.483500804468595696e-02,4.542970765914817327e-02,4.781275613976503774e-02,7.012537567165538603e-03,5.543243981664187220e-02,3.749127227467290158e-02,3.981360614431862788e-02,2.540906469141799087e-02,6.502534835008044745e-02,2.185725994960687271e-02,1.423757627273003305e-02,1.700009107191645732e-02,1.194559970856986716e-02,2.343583983485625702e-02,1.920099571961992810e-02,4.339576819161531512e-02,2.269208585045991156e-02,7.980935612155065639e-02,6.256640660574967761e-02,2.569745909353085903e-02,5.775477368628760544e-02,1.182417048662760678e-01,7.619683676876840006e-02,9.884338666099996840e-02,6.793964967669469113e-02,1.775902370905558386e-02,4.864758204061807312e-02,1.672687532254637024e-02,1.262863908199508139e-02,2.448316687410825518e-02,1.334203576090586124e-02,2.343583983485625702e-02,1.091345132206065355e-02,6.693785859567104833e-03,1.824474059682462679e-02,1.446525606387176997e-02,1.885188670653592871e-02,1.379739534318933855e-02,2.117422057618165848e-02,6.147354360826933276e-03,4.508059864606417735e-03,1.830545520779575455e-02,2.732157493700859002e-02,3.023587626362284064e-02,1.452597067484290121e-02,3.677787559576212173e-02,4.521720652074921742e-02,5.810388269937160483e-02,1.170274126468534570e-02,5.119759570140554328e-02,3.586715643119516711e-02,4.634042682371512789e-02,3.740020035821620820e-02,7.967274824686561285e-02,2.203940378252026294e-02,2.282869372514495510e-02,2.335994657114234471e-02,9.258978173097355199e-03,1.825991924956740786e-02,2.184208129686409164e-02,3.607965756959412296e-02,3.331714277040769695e-02,6.531374275219331560e-02,7.779059530676056544e-02,2.428584438845208041e-02,4.797972131993564343e-02,1.570231626240854994e-01,6.960930147840077575e-02,9.667283931878206671e-02,6.520749218299383421e-02,1.602865729637837494e-02,5.981907045930603267e-02
1.384293130141768698e-02,1.756170122339941256e-02,0.000000000000000000e+00,9.289335478582920816e-03,3.213320785647066219e-02,4.277344342916122866e-02,4.369934124647096435e-02,6.435748762939801429e-03,5.159224067271789282e-02,3.445554172611638849e-02,3.686894751221881511e-02,2.317780273822895448e-02,6.039585926353176898e-02,2.011171488418687925e-02,1.331167845542029736e-02,1.575544154700828786e-02,1.123220302965908732e-02,2.182690264412130710e-02,1.821438329133906117e-02,4.063325339242888912e-02,2.080993291035487802e-02,7.522540299323031421e-02,5.902978051668134052e-02,2.410370055553869018e-02,5.362618014025075097e-02,1.109559515497404447e-01,7.155216902947694746e-02,9.120852433138035287e-02,6.324944597917489530e-02,1.621080112929176517e-02,4.546006496463374236e-02,1.542151118666707128e-02,1.183934913937038924e-02,2.363316232051243179e-02,1.265899638748064701e-02,2.175100938040739479e-02,1.015451868492152701e-02,6.299140888254758756e-03,1.675723262803193586e-02,1.356971555204759990e-02,1.788045293099784633e-02,1.285631887313682005e-02,1.950456877447557733e-02,5.525029598372848544e-03,4.295558726207461889e-03,1.706080568288758856e-02,2.545460064964633756e-02,2.874836829483014972e-02,1.349382228833368759e-02,3.381803831091952095e-02,4.209040405573601096e-02,5.362618014025075097e-02,1.068577153091891489e-02,4.767614826507999420e-02,3.302874836829482880e-02,4.278862208190400973e-02,3.433411250417413296e-02,7.354057253878146239e-02,2.009653623144409818e-02,2.121975653441000517e-02,2.175100938040739479e-02,8.454509577729880238e-03,1.696973376643089171e-02,2.017242949515801048e-02,3.416714732400352034e-02,3.026623356910840626e-02,6.165568744118272299e-02,7.253878145775781439e-02,2.266172854497434941e-02,4.447345253635287543e-02,1.461552472602531683e-01,6.532892140493609667e-02,8.943262196047478685e-02,6.103336267872863652e-02,1.481436507695576936e-02,5.578154882972587159e-02
8.105400564645882586e-03,9.850945630065876049e-03,9.289335478582920816e-03,0.000000000000000000e+00,1.874563613733645079e-02,2.424030843022373372e-02,2.559120852433138110e-02,3.749127227467289897e-03,2.935551440454145164e-02,2.015725084241522594e-02,2.118939922892443956e-02,1.381257399593212136e-02,3.507786648857047496e-02,1.150541877902917266e-02,7.832184815275795506e-03,8.955405118241704238e-03,6.223247624540845582e-03,1.227953006891108374e-02,1.029112655960656882e-02,2.260101393400321818e-02,1.224917276342551813e-02,4.180200965362314280e-02,3.345375064509274049e-02,1.428311223095837974e-02,3.079748641510579588e-02,6.391730669985731805e-02,4.013235785191706512e-02,5.195652833854467328e-02,3.557876202908229896e-02,9.092012992926747778e-03,2.571263774627364010e-02,9.304514131325703624e-03,6.997358914422755795e-03,1.361525151027594832e-02,7.452718496706232237e-03,1.226435141616830093e-02,5.858959958714064255e-03,3.642876658267811974e-03,9.987553504750917854e-03,7.892899426246926739e-03,1.032148386509213443e-02,7.528611760420145411e-03,1.094380862754621916e-02,3.263410339698248272e-03,2.443763091587990502e-03,1.007862542120761297e-02,1.445007741112898890e-02,1.602865729637837494e-02,7.953614037218056237e-03,1.986885644030235779e-02,2.402780729182477787e-02,3.140463252481709433e-02,6.299140888254758756e-03,2.715460975683798434e-02,1.903403053944931894e-02,2.465013205427886087e-02,2.062778907744148779e-02,4.219665462493549235e-02,1.139916820982969474e-02,1.240095929085334447e-02,1.235542333262499605e-02,4.902704835918763812e-03,9.608087186181354586e-03,1.153577608451473828e-02,1.910992380316323125e-02,1.816884733311071448e-02,3.454661364257308187e-02,4.131629276585409988e-02,1.340275037187699247e-02,2.507513433107677256e-02,8.457545308278437146e-02,3.670198233204820942e-02,5.062080689717980697e-02,3.412161136577517712e-02,8.105400564645882586e-03,3.220910112018457450e-02
2.768586260283537395e-02,3.483500804468595696e-02,3.213320785647066219e-02,1.874563613733645079e-02,0.000000000000000000e+00,8.348259008530402314e-02,8.934155004401808653e-02,1.296256944233629797e-02,1.020005464314987370e-01,7.077805773959502944e-02,7.443611305060562899e-02,4.794936401445007434e-02,1.221274399684283973e-01,4.008682189368871496e-02,2.657782095261224456e-02,3.155641905224492588e-02,2.187243860234965379e-02,4.297076591481740343e-02,3.556358337633951788e-02,7.839774141647187777e-02,4.227254788864940466e-02,1.451838134847150963e-01,1.151756170122339995e-01,4.876901126256033558e-02,1.076318265990710704e-01,2.208038614492577600e-01,1.381560972648067653e-01,1.813090070125375763e-01,1.237211985064205766e-01,3.246713821681187356e-02,8.912904890561913762e-02,3.213320785647066219e-02,2.372423423696912517e-02,4.623417625451564650e-02,2.543942199690355649e-02,4.321362435870192142e-02,2.064296773018426887e-02,1.253756716553838628e-02,3.489572265565708126e-02,2.716978840958076541e-02,3.548769011262560558e-02,2.598585349564372718e-02,3.825020491181202464e-02,1.156613339000030390e-02,8.469688230472663046e-03,3.475911478097203772e-02,4.998330348198293943e-02,5.525029598372848544e-02,2.756443338089311149e-02,6.932090707628790760e-02,8.327008894690507423e-02,1.091800491788348926e-01,2.172065207492182917e-02,9.492729425336207671e-02,6.716553838681278699e-02,8.585045991317810654e-02,7.117270271090737899e-02,1.478552563674448150e-01,4.004128593546037174e-02,4.246987037430557943e-02,4.289487265110349112e-02,1.731884277951489109e-02,3.360553717252056510e-02,3.996539267174645249e-02,6.576910233447678944e-02,6.293069427157645113e-02,1.192738532527852779e-01,1.426337998239276261e-01,4.594578185240277834e-02,8.792993533893932179e-02,2.921587079930785258e-01,1.270756807625755269e-01,1.764214808293615988e-01,1.192283172945569347e-01,2.844479523997450049e-02,1.108041650223126201e-01
3.607965756959412296e-02,4.542970765914817327e-02,4.277344342916122866e-02,2.424030843022373372e-02,8.348259008530402314e-02,0.000000000000000000e+00,1.140372180565253080e-01,1.672687532254637024e-02,1.330257126377462629e-01,8.953887252967426824e-02,9.504872347530432530e-02,6.072978962387298729e-02,1.565829816945447928e-01,5.221456543517197235e-02,3.494125861388543142e-02,4.067878935065723234e-02,2.850550985094563172e-02,5.617619380103822113e-02,4.676542910051303958e-02,1.040193072462888141e-01,5.435475547190431189e-02,1.925563886949394343e-01,1.516499195531404720e-01,6.290033696609088898e-02,1.394159254424577332e-01,2.875140402537870732e-01,1.834188397437843399e-01,2.357092984426702176e-01,1.626240854861722429e-01,4.163504447345253712e-02,1.168149115084545081e-01,4.034485899031602096e-02,3.072159315139188357e-02,6.028960869433229453e-02,3.287696184086700418e-02,5.622172975926656435e-02,2.644121307792720449e-02,1.636258765671958978e-02,4.365380528824261419e-02,3.516893840502716834e-02,4.586988858868886604e-02,3.322607085395100357e-02,5.015026866215354512e-02,1.446525606387176997e-02,1.103488054400291428e-02,4.444309523086730634e-02,6.578428098721957051e-02,7.361646580249536775e-02,3.510822379405603710e-02,8.817279378282383284e-02,1.090889772623781923e-01,1.396587838863422582e-01,2.780729182477763295e-02,1.228560153000819583e-01,8.522813515072402701e-02,1.105309492729425330e-01,8.993351750098661779e-02,1.898545885067241534e-01,5.210831486597249790e-02,5.559940499681248482e-02,5.605476457909595867e-02,2.182690264412130710e-02,4.363862663549983312e-02,5.241188792082814712e-02,8.785404207522540254e-02,7.958167633040891253e-02,1.580401323578519146e-01,1.872135029294799691e-01,5.893870860022464714e-02,1.138702528763546884e-01,3.791779241674508860e-01,1.681035791263167378e-01,2.305940924683524962e-01,1.567954828329437555e-01,3.809841838438420003e-02,1.446070246804893600e-01
3.765823745484350726e-02,4.781275613976503774e-02,4.369934124647096435e-02,2.559120852433138110e-02,8.934155004401808653e-02,1.140372180565253080e-01,0.000000000000000000e+00,1.789563158374062740e-02,1.400230715521690317e-01,9.635408761118363641e-02,1.020764396952126563e-01,6.573874502899122729e-02,1.670562520870647605e-01,5.529583194195682866e-02,3.648948119364925358e-02,4.333505358064418389e-02,2.981087398682492895e-02,5.922710300233751529e-02,4.828329437479129266e-02,1.072068243222731587e-01,5.819495461582829821e-02,1.992501745545065539e-01,1.573722716371694919e-01,6.648249901338756929e-02,1.478097204092164718e-01,3.025712637746273415e-01,1.884277951489025937e-01,2.487174038432348744e-01,1.701830545520779669e-01,4.456452445280956881e-02,1.221426186211711784e-01,4.435202331441061296e-02,3.226981573115570573e-02,6.235390546735071482e-02,3.456179229531586988e-02,5.925746030782307744e-02,2.835372332351780364e-02,1.695455511368811063e-02,4.790382805622173112e-02,3.709662730336055203e-02,4.804043593090677466e-02,3.559394068182508003e-02,5.245742387905649728e-02,1.593758537992167809e-02,1.156613339000030390e-02,4.740293251570990712e-02,6.868340366109104700e-02,7.549861874260040129e-02,3.774930937130020064e-02,9.497283021159041994e-02,1.144015057223520815e-01,1.501472329316049792e-01,3.008408973619501603e-02,1.302480191858170766e-01,9.190674235754833776e-02,1.177408093257642507e-01,9.788713153820466362e-02,2.031814456148872128e-01,5.528065328921404759e-02,5.857442093439785974e-02,5.871102880908290328e-02,2.370905558422634410e-02,4.624935490725843451e-02,5.458243526304604881e-02,9.010048268115722347e-02,8.632099814820436146e-02,1.638990923165659919e-01,1.959260496038371657e-01,6.305212349351871359e-02,1.207310039160924137e-01,4.013994717828845427e-01,1.737652165993746334e-01,2.428432652317780160e-01,1.638383777055948398e-01,3.932788925654959189e-02,1.516195622476549099e-01
5.388421723687805871e-03,7.012537567165538603e-03,6.435748762939801429e-03,3.749127227467289897e-03,1.296256944233629797e-02,1.672687532254637024e-02,1.789563158374062740e-02,0.000000000000000000e+00,2.052153850824200987e-02,1.385810995416046805e-02,1.473847181324185705e-02,9.775052366351962008e-03,2.443763091587990502e-02,8.029507300931968544e-03,5.342885765459457446e-03,6.390212804711453871e-03,4.477702559120852119e-03,8.788439938071096816e-03,7.149145441850581276e-03,1.574026289426550332e-02,8.727725327099967317e-03,2.940105036276980180e-02,2.328405330742843241e-02,9.592908533438571778e-03,2.156886554749400456e-02,4.412434352326887604e-02,2.785282778300597964e-02,3.676269694301934066e-02,2.502959837284842587e-02,6.466106068425366178e-03,1.841170577699523248e-02,6.238426277283628391e-03,4.781275613976503081e-03,9.031298381955618279e-03,4.917883488661546620e-03,8.500045535958228662e-03,4.007164324094593735e-03,2.474120397073555685e-03,6.724143165052669582e-03,5.358064418202240255e-03,7.042894872651103352e-03,5.130384627060502467e-03,7.604505024134057718e-03,2.200904647703469906e-03,1.684830454448863098e-03,6.921465650708843488e-03,1.007862542120761297e-02,1.108041650223126270e-02,5.449136334658935370e-03,1.370632342673264344e-02,1.696973376643089171e-02,2.153850824200843894e-02,4.583953128320330042e-03,1.904920919219210002e-02,1.335721441364864405e-02,1.733402143225767217e-02,1.458668528581403070e-02,2.958319419568319203e-02,8.105400564645882586e-03,8.803618590813879624e-03,8.636653410643270468e-03,3.491090130839986493e-03,6.891108345223277871e-03,8.014328648189187471e-03,1.335721441364864405e-02,1.300810540056464640e-02,2.428584438845208041e-02,2.930997844631310495e-02,9.228620867611791317e-03,1.794116754196897409e-02,5.893870860022464714e-02,2.584924562095868364e-02,3.603412161136577280e-02,2.413405786102425579e-02,5.858959958714064255e-03,2.223672626817643772e-02
4.363862663549983312e-02,5.543243981664187220e-02,5.159224067271789282e-02,2.935551440454145164e-02,1.020005464314987370e-01,1.330257126377462629e-01,1.400230715521690317e-01,2.052153850824200987e-02,0.000000000000000000e+00,1.089220120822075866e-01,1.165416957590844210e-01,7.379860963540875451e-02,1.904465559636926708e-01,6.355301903403054453e-02,4.246987037430557943e-02,4.954312255244224666e-02,3.445554172611638849e-02,6.862268905011990883e-02,5.634315898120882682e-02,1.255274581828116909e-01,6.655839227710148853e-02,2.330682128654260610e-01,1.834643757020126831e-01,7.615130081054005684e-02,1.700919826356212528e-01,3.500349109013083937e-01,2.215324367809113348e-01,2.867247503111624019e-01,1.980965969460550813e-01,5.069670016089371928e-02,1.414195076045050292e-01,4.996812482924015836e-02,3.712698460884612112e-02,7.228074436113050838e-02,3.969217692237637235e-02,6.837983060623538389e-02,3.228499438389848680e-02,1.967153395464618648e-02,5.376278801493579451e-02,4.300112322030296558e-02,5.529583194195682866e-02,4.046628821225827649e-02,6.069943231838741821e-02,1.768313044534167155e-02,1.347864363559090478e-02,5.409671837527701282e-02,8.012810782914908669e-02,8.888619046173461269e-02,4.263683555447618512e-02,1.075103973771288079e-01,1.330257126377462629e-01,1.708357366200176086e-01,3.428857654594578280e-02,1.506481284721168101e-01,1.043684162593728204e-01,1.344676846483106036e-01,1.100452323851734970e-01,2.323244588810297329e-01,6.347712577031662529e-02,6.742357548344009299e-02,6.809143620412251574e-02,2.685103670198233164e-02,5.368689475122188220e-02,6.337087520111714389e-02,1.059014601863938615e-01,9.711302024832275948e-02,1.921010291126559744e-01,2.274065753923681654e-01,7.193163534804650205e-02,1.395373546643999818e-01,4.620381894903008435e-01,2.033939467532861756e-01,2.812756139765034691e-01,1.907653076712911011e-01,4.632524817097234682e-02,1.749946874715400391e-01
2.965908745939710434e-02,3.749127227467290158e-02,3.445554172611638849e-02,2.015725084241522594e-02,7.077805773959502944e-02,8.953887252967426824e-02,9.635408761118363641e-02,1.385810995416046805e-02,1.089220120822075866e-01,0.000000000000000000e+00,8.032543031480525453e-02,5.080295073009319373e-02,1.298381955617619321e-01,4.429130870343948173e-02,2.839925928174615380e-02,3.383321696366230202e-02,2.335994657114234471e-02,4.612792568531617204e-02,3.802252512067028772e-02,8.556206551106523839e-02,4.498952672960748050e-02,1.578731671776813228e-01,1.236453052427066573e-01,5.136456088157614897e-02,1.157068698582313787e-01,2.362101939831820485e-01,1.494641935581797754e-01,1.959412282565799468e-01,1.339516104550560194e-01,3.585197777845238604e-02,9.630855165295527931e-02,3.316535624297987234e-02,2.534835008044685964e-02,4.974044503809842144e-02,2.707871649312407203e-02,4.776722018153668758e-02,2.241887010108982795e-02,1.349382228833368759e-02,3.674751829027655264e-02,2.955283689019762641e-02,3.828056221729759373e-02,2.782247047752041402e-02,4.231808384687774788e-02,1.250720986005282240e-02,9.046477034698399353e-03,3.708144865061777096e-02,5.418779029173370620e-02,5.963692662639263897e-02,2.947694362648371411e-02,7.460307823077623468e-02,8.844600953219391992e-02,1.173613430071946823e-01,2.284387237788773964e-02,1.020916183479554373e-01,7.270574663792842007e-02,9.207370753771895733e-02,7.502808050757414637e-02,1.593606751464740068e-01,4.397255699584105143e-02,4.503506268783583066e-02,4.609756837983060296e-02,1.856349230442306056e-02,3.585197777845238604e-02,4.286451534561792204e-02,7.117270271090737899e-02,6.639142709693088285e-02,1.287605112170243649e-01,1.536535017151877680e-01,4.819222245833459928e-02,9.410764700525181548e-02,3.114811329346407476e-01,1.368203758234419198e-01,1.922679942928265662e-01,1.287301539115388027e-01,3.184481345435779404e-02,1.191220667253574533e-01
3.146534713578822556e-02,3.981360614431862788e-02,3.686894751221881511e-02,2.118939922892443956e-02,7.443611305060562899e-02,9.504872347530432530e-02,1.020764396952126563e-01,1.473847181324185705e-02,1.165416957590844210e-01,8.032543031480525453e-02,0.000000000000000000e+00,5.382350262590692574e-02,1.382471691812634795e-01,4.647703469840017143e-02,3.020551895813727503e-02,3.568501259828177341e-02,2.498406241462007918e-02,4.914847758112989712e-02,4.060289608694332003e-02,9.008530402841444240e-02,4.782793479250781882e-02,1.673142891836920665e-01,1.314471327524968924e-01,5.474940044321666144e-02,1.230988737439664832e-01,2.510700950183661906e-01,1.586624571203059941e-01,2.079020066178925985e-01,1.417230806593606784e-01,3.747609362193012050e-02,1.019853677787559559e-01,3.595822834765186049e-02,2.707871649312407203e-02,5.250295983728484051e-02,2.870283233660180303e-02,5.024134057861024544e-02,2.369387693148356303e-02,1.423757627273003305e-02,3.903949485443671680e-02,3.116177408093257634e-02,4.020825111563097742e-02,2.923408518259919264e-02,4.456452445280956881e-02,1.323578519170638332e-02,9.699159102638049701e-03,3.916092407637897926e-02,5.769405907531647421e-02,6.327980328466045745e-02,3.132873926110318202e-02,7.902006617892595730e-02,9.544336844661667485e-02,1.246470963237303053e-01,2.452870283233660187e-02,1.088612974712364484e-01,7.622719407425397609e-02,9.752284387237789010e-02,7.933881788652438760e-02,1.690142982908837133e-01,4.664399987857077712e-02,4.808597188913511788e-02,4.902704835918764159e-02,1.959564069093227417e-02,3.823502625906924357e-02,4.527792113172034866e-02,7.606022889408335652e-02,7.021644758811207421e-02,1.374275219331532183e-01,1.629731944992562354e-01,5.150116875626119251e-02,1.003005373243070902e-01,3.316990983880270805e-01,1.463981057041376932e-01,2.037126984608846059e-01,1.375034151968671237e-01,3.360553717252056510e-02,1.260283537233235218e-01
2.014207218967244487e-02,2.540906469141799087e-02,2.317780273822895448e-02,1.381257399593212136e-02,4.794936401445007434e-02,6.072978962387298729e-02,6.573874502899122729e-02,9.775052366351962008e-03,7.379860963540875451e-02,5.080295073009319373e-02,5.382350262590692574e-02,0.000000000000000000e+00,8.884065450350626947e-02,2.950730093196927972e-02,1.968671260738896756e-02,2.311708812725782325e-02,1.583133481072220017e-02,3.145016848304544449e-02,2.568228044078807448e-02,5.734495006223247482e-02,3.163231231595883819e-02,1.062961051577061972e-01,8.451473847181324717e-02,3.530554627971221188e-02,7.856470659664248346e-02,1.613490786557785217e-01,1.008166115175617022e-01,1.327221395828906136e-01,9.063173552715461656e-02,2.375459154245469079e-02,6.570838772350566515e-02,2.316262408548617341e-02,1.737955739048601886e-02,3.375732369994838972e-02,1.848759904070914825e-02,3.141981117755988234e-02,1.489025834066968167e-02,9.107191645669530586e-03,2.519656355301903503e-02,1.991439239853070794e-02,2.613764002307155179e-02,1.897331592847818771e-02,2.762514799186424272e-02,8.257187092073707199e-03,6.101818402598585718e-03,2.568228044078807448e-02,3.642876658267812234e-02,4.008682189368871496e-02,1.999028566224462025e-02,5.002883944021128959e-02,6.080568288758689960e-02,7.923256731732492009e-02,1.651437418414741440e-02,6.904769132691782052e-02,4.878418991530311666e-02,6.244497738380741514e-02,5.259403175374154082e-02,1.078291490847272383e-01,2.896086943322910556e-02,3.167784827418718141e-02,3.141981117755988234e-02,1.256792447102395190e-02,2.460459609605051418e-02,2.920372787711362703e-02,4.790382805622173112e-02,4.722078868279651342e-02,8.704957347985792238e-02,1.055219938678242930e-01,3.372696639446282757e-02,6.449409550408305436e-02,2.141252542424334493e-01,9.266567499468747471e-02,1.297167663398196835e-01,8.676117907774505422e-02,2.088582617406879033e-02,8.109954160468717255e-02
5.198688564403023543e-02,6.502534835008044745e-02,6.039585926353176898e-02,3.507786648857047496e-02,1.221274399684283973e-01,1.565829816945447928e-01,1.670562520870647605e-01,2.443763091587990502e-02,1.904465559636926708e-01,1.298381955617619321e-01,1.382471691812634795e-01,8.884065450350626947e-02,0.000000000000000000e+00,7.586290640842718869e-02,5.031723384232415774e-02,5.901460186393855945e-02,4.064843204517167019e-02,8.094775507725934793e-02,6.625481922224583931e-02,1.475213260071036037e-01,7.950578306669499329e-02,2.747336146443641880e-01,2.166600892504781384e-01,9.087459397103912762e-02,2.016028657296378424e-01,4.135879299353389382e-01,2.590844236665553746e-01,3.404116450623842494e-01,2.341307185574208471e-01,6.091193345678637405e-02,1.676026835858049346e-01,5.953067605719316452e-02,4.421541543972556942e-02,8.574420934397862515e-02,4.716007407182538219e-02,8.090221911903099083e-02,3.828056221729759373e-02,2.323851734920008572e-02,6.437266628214079189e-02,5.074223611912206944e-02,6.608785404207521974e-02,4.840472359673355512e-02,7.174949151513311529e-02,2.120457788166722410e-02,1.581615615797941909e-02,6.491909778088096605e-02,9.422907622719407794e-02,1.040496645517743901e-01,5.131902492334780574e-02,1.285631887313682109e-01,1.562035153759752382e-01,2.045930603199659914e-01,4.067878935065723234e-02,1.771955921192434891e-01,1.243587019216174372e-01,1.600892504781275538e-01,1.320998148204365341e-01,2.767220181536687029e-01,7.536201086791535775e-02,8.029507300931969238e-02,8.024953705109134916e-02,3.193588537081448742e-02,6.303694484077593252e-02,7.467897149449015393e-02,1.239792356030478687e-01,1.172854497434807630e-01,2.251753134391791256e-01,2.690719771713062647e-01,8.613885431529097469e-02,1.650982058832458077e-01,5.483136516802769034e-01,2.384414559363710884e-01,3.327919613855074288e-01,2.246744178986673224e-01,5.481011505418779267e-02,2.083270088946904963e-01
1.700009107191645732e-02,2.185725994960687271e-02,2.011171488418687925e-02,1.150541877902917266e-02,4.008682189368871496e-02,5.221456543517197235e-02,5.529583194195682866e-02,8.029507300931968544e-03,6.355301903403054453e-02,4.429130870343948173e-02,4.647703469840017143e-02,2.950730093196927972e-02,7.586290640842718869e-02,0.000000000000000000e+00,1.646883822591906771e-02,1.962599799641783632e-02,1.382775264867490417e-02,2.685103670198233164e-02,2.232779818463313110e-02,4.967973042712729020e-02,2.590996023192981487e-02,9.131477490057982038e-02,7.164324094593363390e-02,3.009926838893779710e-02,6.698339455389940023e-02,1.366534106432713003e-01,8.717100270180018484e-02,1.137184663489268638e-01,7.794238183418840393e-02,2.043046659178531302e-02,5.569047691326917821e-02,1.970189126013175210e-02,1.461704259129959632e-02,2.861176042014510965e-02,1.583133481072220017e-02,2.680550074375398495e-02,1.278042560942290774e-02,7.801827509790230757e-03,2.138672171458061433e-02,1.671169666980358917e-02,2.191797456057800395e-02,1.596794268540724371e-02,2.436173765216599271e-02,7.194681400078928833e-03,5.266992501745545140e-03,2.114386327069609287e-02,3.132873926110318202e-02,3.457697094805865096e-02,1.698491241917367278e-02,4.298594456756018450e-02,5.204760025500136666e-02,6.749946874715399836e-02,1.329649980267751455e-02,5.930299626605142760e-02,4.169575908442366835e-02,5.380832397316414467e-02,4.330469627515861480e-02,9.192192101029113271e-02,2.525727816399016279e-02,2.625906924501381426e-02,2.671442882729728810e-02,1.085273671108952405e-02,2.097689809052548371e-02,2.516620624753346941e-02,4.137700737682523111e-02,3.835645548101150604e-02,7.473968610546127822e-02,8.876476123979235022e-02,2.820193679608997903e-02,5.462797122127439897e-02,1.804590024589417530e-01,7.983971342703621854e-02,1.105005919674569709e-01,7.490665128563188391e-02,1.829027655505297348e-02,6.916912054886008299e-02
1.161166934822865059e-02,1.423757627273003305e-02,1.331167845542029736e-02,7.832184815275795506e-03,2.657782095261224456e-02,3.494125861388543142e-02,3.648948119364925358e-02,5.342885765459457446e-03,4.246987037430557943e-02,2.839925928174615380e-02,3.020551895813727503e-02,1.968671260738896756e-02,5.031723384232415774e-02,1.646883822591906771e-02,0.000000000000000000e+00,1.306882001153577590e-02,8.894690507270574739e-03,1.800188215294010532e-02,1.464739989678516194e-02,3.295285510458091649e-02,1.759205852888497471e-02,6.091193345678637405e-02,4.823775841656294250e-02,2.033939467532861617e-02,4.427613005069670066e-02,9.190674235754833776e-02,5.808870404662882375e-02,7.481557936917519747e-02,5.171366989466014835e-02,1.311435596976412432e-02,3.709662730336055203e-02,1.302328405330742921e-02,9.957196199265353972e-03,1.906438784493488456e-02,1.050362769800552466e-02,1.744027200145715009e-02,8.363437661273185122e-03,5.160741932546067216e-03,1.411614705078777232e-02,1.111077380771682659e-02,1.460186393855681351e-02,1.064023557269056820e-02,1.555811906135211482e-02,4.583953128320330042e-03,3.445554172611638936e-03,1.452597067484290121e-02,2.080993291035487802e-02,2.301083755805834533e-02,1.126256033514465293e-02,2.817157949060441341e-02,3.488054400291430018e-02,4.476184693846574358e-02,9.000941076470052662e-03,3.875110045232384864e-02,2.724568167329467772e-02,3.498679457211378158e-02,2.943140766825536395e-02,6.072978962387298729e-02,1.630187304574845855e-02,1.804741811116845202e-02,1.792598888922619302e-02,6.921465650708843488e-03,1.390364591238881647e-02,1.655991014237576109e-02,2.764032664460702379e-02,2.616799732855711741e-02,5.004401809295407066e-02,5.992532102850550713e-02,1.935278224704775271e-02,3.624662274976472864e-02,1.224917276342551847e-01,5.317082055796727713e-02,7.328253544215415638e-02,4.960383716341337790e-02,1.183934913937038924e-02,4.620381894903008435e-02
1.335721441364864405e-02,1.700009107191645732e-02,1.575544154700828786e-02,8.955405118241704238e-03,3.155641905224492588e-02,4.067878935065723234e-02,4.333505358064418389e-02,6.390212804711453871e-03,4.954312255244224666e-02,3.383321696366230202e-02,3.568501259828177341e-02,2.311708812725782325e-02,5.901460186393855945e-02,1.962599799641783632e-02,1.306882001153577590e-02,0.000000000000000000e+00,1.080720075286117562e-02,2.106797000698218056e-02,1.719741355757262863e-02,3.861449257763881204e-02,2.067332503566983448e-02,7.158252633496250961e-02,5.664673203606447605e-02,2.354209040405573494e-02,5.260921040648432190e-02,1.074952187243860269e-01,6.828875868977869745e-02,8.897726237819131301e-02,6.107889863695698668e-02,1.595276403266445917e-02,4.400291430132661358e-02,1.536079657569594178e-02,1.141434686257247755e-02,2.211529704623417525e-02,1.220363680519717144e-02,2.085546886858322471e-02,9.820588324580310433e-03,6.056282444370237293e-03,1.643848092043350209e-02,1.299292674782186359e-02,1.701526972465923840e-02,1.230988737439664936e-02,1.856349230442306056e-02,5.449136334658935370e-03,4.037521629580158485e-03,1.668133936431802355e-02,2.477156127622112333e-02,2.709389514586685310e-02,1.319024923347803663e-02,3.318053489572265341e-02,4.107343432196958188e-02,5.263956771196988405e-02,1.065541422543335101e-02,4.650739200388573358e-02,3.201177863452839972e-02,4.160468716796696803e-02,3.409125406028960803e-02,7.194681400078928313e-02,1.955010473270392402e-02,2.096171943778270264e-02,2.126529249263835186e-02,8.287544397559272816e-03,1.646883822591906771e-02,1.956528338544670856e-02,3.249749552229744265e-02,3.037248413830788418e-02,5.954585470993594559e-02,7.039859142102547485e-02,2.231261953189035002e-02,4.330469627515861480e-02,1.423302267690719769e-01,6.239944142557906498e-02,8.692814425791567379e-02,5.852888497616951652e-02,1.432864818918672817e-02,5.399046780607753143e-02
9.228620867611791317e-03,1.194559970856986716e-02,1.123220302965908732e-02,6.223247624540845582e-03,2.187243860234965379e-02,2.850550985094563172e-02,2.981087398682492895e-02,4.477702559120852119e-03,3.445554172611638849e-02,2.335994657114234471e-02,2.498406241462007918e-02,1.583133481072220017e-02,4.064843204517167019e-02,1.382775264867490417e-02,8.894690507270574739e-03,1.080720075286117562e-02,0.000000000000000000e+00,1.473847181324185705e-02,1.223399411068273532e-02,2.733675358975137457e-02,1.425275492547281586e-02,5.066634285540815713e-02,3.978324883883306573e-02,1.599829999089280932e-02,3.648948119364925358e-02,7.460307823077623468e-02,4.810115054187790590e-02,6.214140432895175897e-02,4.266719285996174726e-02,1.126256033514465293e-02,3.084302237333414257e-02,1.029112655960656882e-02,7.877720773504143931e-03,1.563401232506602886e-02,8.500045535958228662e-03,1.469293585501350863e-02,6.860751039737713122e-03,4.204486809750766774e-03,1.124738168240187013e-02,9.137548951155096202e-03,1.200631431954099840e-02,8.591117452414923777e-03,1.332685710816308017e-02,3.749127227467289897e-03,2.868765368385902195e-03,1.155095473725752109e-02,1.722777086305819425e-02,1.926171033059105586e-02,9.031298381955618279e-03,2.296530159982999864e-02,2.836890197626058818e-02,3.630733736073585988e-02,7.422361191220667488e-03,3.236088764761239911e-02,2.252512067028930587e-02,2.902158404420023680e-02,2.346619714034182264e-02,5.011991135666798297e-02,1.378221669044655574e-02,1.445007741112898890e-02,1.475365046598463986e-02,5.783066695000151948e-03,1.156613339000030390e-02,1.367596612124707782e-02,2.293494429434443302e-02,2.087064752132600579e-02,4.165022312619531819e-02,4.934580006678607189e-02,1.513311678455420313e-02,3.011444704168058165e-02,9.835766977323093241e-02,4.395737834309826342e-02,6.113961324792811097e-02,4.125557815488297558e-02,1.035184117057770005e-02,3.767341610758628834e-02
1.833581251328132017e-02,2.343583983485625702e-02,2.182690264412130710e-02,1.227953006891108374e-02,4.297076591481740343e-02,5.617619380103822113e-02,5.922710300233751529e-02,8.788439938071096816e-03,6.862268905011990883e-02,4.612792568531617204e-02,4.914847758112989712e-02,3.145016848304544449e-02,8.094775507725934793e-02,2.685103670198233164e-02,1.800188215294010532e-02,2.106797000698218056e-02,1.473847181324185705e-02,0.000000000000000000e+00,2.380012750068304095e-02,5.304939133602501466e-02,2.847515254546006611e-02,9.893445857745666872e-02,7.788166722321726576e-02,3.211802920372787418e-02,7.171913420964755315e-02,1.480677575058437778e-01,9.363710877022556056e-02,1.217479736498588427e-01,8.398348562581585408e-02,2.167511611669348248e-02,6.004675025044776959e-02,2.093136213229713702e-02,1.560365501958046151e-02,3.028141222185118733e-02,1.666616071157523901e-02,2.855104580917397841e-02,1.347864363559090478e-02,8.257187092073707199e-03,2.257065662851765256e-02,1.791081023648340848e-02,2.331441061291399802e-02,1.701526972465923840e-02,2.546977930238911864e-02,7.392003885735101872e-03,5.631280167572326467e-03,2.295012294708721756e-02,3.393946753286178342e-02,3.743055766370177034e-02,1.800188215294010532e-02,4.523238517349199850e-02,5.619137245378100221e-02,7.200752861176042130e-02,1.472329316049907424e-02,6.362891229774444990e-02,4.392702103761270127e-02,5.691994778543456313e-02,4.678060775325582066e-02,9.870677878631492486e-02,2.665371421632616034e-02,2.900640539145745572e-02,2.897604808597189011e-02,1.132327494611578243e-02,2.270726450320269610e-02,2.665371421632616034e-02,4.473148963298017450e-02,4.178683100088036173e-02,8.163079445068455176e-02,9.702194833186605916e-02,3.060016392944962110e-02,5.943960414073647114e-02,1.959867642148082900e-01,8.607813970431985040e-02,1.192738532527852779e-01,8.064418202240368483e-02,1.968671260738896756e-02,7.413253999574997977e-02
1.523936735375368105e-02,1.920099571961992810e-02,1.821438329133906117e-02,1.029112655960656882e-02,3.556358337633951788e-02,4.676542910051303958e-02,4.828329437479129266e-02,7.149145441850581276e-03,5.634315898120882682e-02,3.802252512067028772e-02,4.060289608694332003e-02,2.568228044078807448e-02,6.625481922224583931e-02,2.232779818463313110e-02,1.464739989678516194e-02,1.719741355757262863e-02,1.223399411068273532e-02,2.380012750068304095e-02,0.000000000000000000e+00,4.435202331441061296e-02,2.291976564160165195e-02,8.207097538022524452e-02,6.473695394796757929e-02,2.647157038341276664e-02,5.898424455845299036e-02,1.215506511642026610e-01,7.813970431984457177e-02,9.995142831122309779e-02,6.882001153577609054e-02,1.774384505631280279e-02,4.990741021826902712e-02,1.700009107191645732e-02,1.315989192799247101e-02,2.604656810661485841e-02,1.393400321787438209e-02,2.433138034668042710e-02,1.133845359885856524e-02,6.936644303451625429e-03,1.854831365168027602e-02,1.517865274278254982e-02,1.977778452384566441e-02,1.422239761998725024e-02,2.150815093652287333e-02,6.177711666312498025e-03,4.735739655748155523e-03,1.874563613733645079e-02,2.777693451929206733e-02,3.125284599738926972e-02,1.495097295164081290e-02,3.750645092741568265e-02,4.615828299080173419e-02,5.918156704410916513e-02,1.179381318114204255e-02,5.238153061534258498e-02,3.627698005525029773e-02,4.691721562794086420e-02,3.803770377341306880e-02,8.091739777177377191e-02,2.226708357366200333e-02,2.332958926565677910e-02,2.384566345891138764e-02,9.258978173097355199e-03,1.835099116602410471e-02,2.193315321332078502e-02,3.740020035821620820e-02,3.345375064509274049e-02,6.684678667921435669e-02,7.929328192829604438e-02,2.481709723444947002e-02,4.835918763850520496e-02,1.605749673658966037e-01,7.179502747336145851e-02,9.838802707871649456e-02,6.707446647035608667e-02,1.622597978203454624e-02,6.107889863695698668e-02
3.340821468686439727e-02,4.339576819161531512e-02,4.063325339242888912e-02,2.260101393400321818e-02,7.839774141647187777e-02,1.040193072462888141e-01,1.072068243222731587e-01,1.574026289426550332e-02,1.255274581828116909e-01,8.556206551106523839e-02,9.008530402841444240e-02,5.734495006223247482e-02,1.475213260071036037e-01,4.967973042712729020e-02,3.295285510458091649e-02,3.861449257763881204e-02,2.733675358975137457e-02,5.304939133602501466e-02,4.435202331441061296e-02,0.000000000000000000e+00,5.077259342460763158e-02,1.844509881302935639e-01,1.438784493488357852e-01,5.886281533651072789e-02,1.319632069457515045e-01,2.709085941531829689e-01,1.754652257065662802e-01,2.241583437054127104e-01,1.549740445038098324e-01,4.016271515740262726e-02,1.115782763121945242e-01,3.711180595610333310e-02,2.867247503111623741e-02,5.739048602046082498e-02,3.085820102607692711e-02,5.379314532042135666e-02,2.504477702559120694e-02,1.560365501958046151e-02,4.039039494854436418e-02,3.331714277040769695e-02,4.382077046841322682e-02,3.108588081721866403e-02,4.797972131993564343e-02,1.352417959381925321e-02,1.044291308703439516e-02,4.177165234813758066e-02,6.239944142557906498e-02,6.998876779697034423e-02,3.255821013326857388e-02,8.273883610090768115e-02,1.029112655960656986e-01,1.307640933790716609e-01,2.594031753741538049e-02,1.167390182447406027e-01,8.147900792325672714e-02,1.045657387450289882e-01,8.412009350050089762e-02,1.795331046416319964e-01,4.916365623387267819e-02,5.248778118454205943e-02,5.353510822379405759e-02,2.073403964664096572e-02,4.119486354391184435e-02,4.995294617649737728e-02,8.415045080598645977e-02,7.440575574512006685e-02,1.507543790413163054e-01,1.774080932576424519e-01,5.544761846938466021e-02,1.077532558210133329e-01,3.548161865152849037e-01,1.608026471570383475e-01,2.200904647703469941e-01,1.506481284721168101e-01,3.696001942867550849e-02,1.372453781002398177e-01
1.781973832002671509e-02,2.269208585045991156e-02,2.080993291035487802e-02,1.224917276342551813e-02,4.227254788864940466e-02,5.435475547190431189e-02,5.819495461582829821e-02,8.727725327099967317e-03,6.655839227710148853e-02,4.498952672960748050e-02,4.782793479250781882e-02,3.163231231595883819e-02,7.950578306669499329e-02,2.590996023192981487e-02,1.759205852888497471e-02,2.067332503566983448e-02,1.425275492547281586e-02,2.847515254546006611e-02,2.291976564160165195e-02,5.077259342460763158e-02,0.000000000000000000e+00,9.485140098964815747e-02,7.590844236665553191e-02,3.169302692692996248e-02,7.007983971342703067e-02,1.443945235420903972e-01,9.037369843052731055e-02,1.183631340882183303e-01,8.140311465954282177e-02,2.084029021584044364e-02,5.874138611456847237e-02,2.077957560486931241e-02,1.554294040860933201e-02,2.955283689019762641e-02,1.634740900397680871e-02,2.742782550620806795e-02,1.306882001153577590e-02,8.014328648189187471e-03,2.220636896269087210e-02,1.751616526517106240e-02,2.291976564160165195e-02,1.681794723900306709e-02,2.434655899942321164e-02,7.149145441850581276e-03,5.479493640144500986e-03,2.281351507240217402e-02,3.278588992441031080e-02,3.583679912570960496e-02,1.777420236179836840e-02,4.444309523086730634e-02,5.485565101241613589e-02,7.039859142102547485e-02,1.495097295164081290e-02,6.165568744118272299e-02,4.327433896967305266e-02,5.559940499681248482e-02,4.743328982119546927e-02,9.623265838924137394e-02,2.575817370450198679e-02,2.891533347500075887e-02,2.817157949060441341e-02,1.124738168240187013e-02,2.232779818463313110e-02,2.584924562095868364e-02,4.289487265110349112e-02,4.206004675025044881e-02,7.885310099875535161e-02,9.497283021159041994e-02,3.035730548556509964e-02,5.805834674114325467e-02,1.925563886949394343e-01,8.293615858656386286e-02,1.158282990801736412e-01,7.751737955739049224e-02,1.870010017910810410e-02,7.250842415227223836e-02
