0.000000000000000000e+00,1.426600369666519187e-02,7.614609637362350879e-03,6.508213365266966519e-03,2.670970765105563222e-02,2.834977741910290824e-02,3.467576081014239753e-02,5.284669252596777347e-03,3.403795590034623675e-02,2.156821909249472674e-02,2.505662145627782222e-02,1.625751698643688320e-02,4.606513419935959197e-02,1.405774086897664844e-02,1.603623773201780581e-02,1.089474917345690207e-02,7.093952568140994043e-03,1.559367922317965276e-02,1.175383333767214197e-02,2.779007106968994778e-02,1.584099133105979634e-02,5.524171504438601249e-02,3.609455132377059616e-02,1.537239996876057536e-02,3.583422278915991688e-02,8.348736104964464555e-02,4.394345664228255927e-02,6.193215838388045624e-02,4.128810558925363750e-02,9.358810819253897753e-03,3.212454117095774747e-02,1.297737745034233288e-02,9.215630125218025881e-03,1.250878608804311017e-02,7.861921745242495332e-03,1.466951292531174303e-02,5.818342748548668147e-03,4.542732928956343119e-03,1.204019472574388919e-02,8.135266706583708582e-03,8.903235883685210739e-03,7.458412516595944175e-03,1.149350480306146442e-02,5.063389998177699955e-03,2.238825397651836649e-03,8.929268737146278667e-03,1.705151901699945502e-02,1.737692968526280066e-02,9.007367297529482453e-03,2.423658657225418595e-02,3.052352068310207334e-02,3.380366021919662539e-02,7.354281102751672461e-03,3.281441178767604411e-02,2.011037929867492621e-02,3.094004633847916019e-02,2.225808970921302685e-02,4.364407882748028156e-02,1.810584958217270266e-02,1.302944315726446700e-02,1.374534662744383330e-02,5.896441308931871933e-03,1.451331580454533546e-02,1.489079217973082042e-02,2.411943873167938027e-02,1.738994611199333462e-02,4.974878296410069345e-02,4.708041548434124118e-02,1.375836305417436727e-02,3.476687579725613875e-02,9.677713274151979184e-02,4.790045036836487746e-02,6.305157108270637023e-02,4.042902142503839585e-02,1.158461979017520044e-02,3.363444667169968733e-02
1.426600369666519187e-02,0.000000000000000000e+00,1.371931377398276711e-02,1.159763621690573440e-02,4.675500481607788861e-02,4.993101293832816895e-02,6.099497565928201082e-02,9.111498711373754167e-03,6.069559784447973311e-02,3.817717960065603044e-02,4.347486527998333655e-02,2.797230104391742328e-02,8.072787858277145900e-02,2.503058860281675430e-02,2.874027022101892717e-02,1.964178793637570697e-02,1.261291750188738188e-02,2.768593965584567607e-02,2.138598911826725471e-02,5.012625933928618188e-02,2.720433186681592286e-02,9.861244891052507733e-02,6.267409470752088874e-02,2.595475490068466576e-02,6.352016244500559294e-02,1.464738499986983633e-01,7.946528518990966794e-02,1.104964465155025694e-01,7.338661390675031704e-02,1.684325618931091159e-02,5.693385051935542784e-02,2.197172832114127963e-02,1.573685991721552463e-02,2.223205685575195892e-02,1.360216593340796143e-02,2.628016556894801140e-02,1.034805925077447730e-02,7.940020305625699118e-03,2.021451071251919793e-02,1.409679014916825034e-02,1.591908989144300013e-02,1.279514747611485738e-02,2.111264415692604146e-02,8.981334444068414524e-03,3.930960872621247666e-03,1.654387837450863041e-02,3.025017572176086356e-02,3.104417775232343191e-02,1.535938354203004140e-02,4.167859839116965642e-02,5.317210319423112258e-02,5.871710098143857748e-02,1.338088667898888404e-02,5.736339260146304520e-02,3.497513862494468218e-02,5.431754874651810450e-02,3.820321245411709837e-02,7.522193007575560253e-02,3.196834405019133990e-02,2.358576523572748773e-02,2.421055371879311802e-02,1.049123994481035091e-02,2.546013068492437512e-02,2.638429698279228311e-02,4.398250592247416463e-02,3.077083279098221866e-02,8.920157238434904545e-02,8.300575326061489234e-02,2.355973238226641980e-02,6.163278056907817853e-02,1.738083461328196189e-01,8.486710228308125270e-02,1.115768099341368780e-01,7.242339832869081062e-02,2.081326634212376028e-02,5.957618514565381218e-02
7.614609637362350879e-03,1.371931377398276711e-02,0.000000000000000000e+00,6.169786270273084315e-03,2.517376929685262790e-02,2.682685549163043789e-02,3.286647749459817996e-02,4.920209304141827215e-03,3.268424752037070447e-02,2.081326634212376028e-02,2.341655168823054620e-02,1.520318642126363556e-02,4.343581599979173813e-02,1.344596881264155386e-02,1.545049852914377915e-02,1.049123994481035091e-02,6.859656886991383554e-03,1.479967719261708267e-02,1.161065264363626837e-02,2.677478978470830204e-02,1.481269361934761664e-02,5.280764324577617158e-02,3.347824955093327975e-02,1.405774086897664844e-02,3.431130086168744653e-02,7.859318459896388886e-02,4.256371540884596599e-02,5.922474162392939862e-02,3.921849373909874065e-02,9.059433004451618310e-03,3.054955353656314126e-02,1.172780048421107404e-02,8.460677374847057688e-03,1.194907973863015144e-02,7.289198969099002640e-03,1.422695441647358998e-02,5.597063494129591622e-03,4.347486527998333655e-03,1.082966703980423225e-02,7.614609637362350879e-03,8.577825215421861632e-03,6.950771874105120436e-03,1.148048837633093046e-02,4.842110743758623430e-03,2.160726837268632863e-03,8.916252310415744703e-03,1.620545127951474734e-02,1.655689480123916438e-02,8.317496680811184082e-03,2.233618826959623063e-02,2.863613880717465546e-02,3.164293338192799426e-02,7.159034701793663864e-03,3.090099705828755830e-02,1.889985161273527101e-02,2.907869731601280677e-02,2.050087210059094514e-02,4.044203785176893329e-02,1.737692968526280066e-02,1.256085179496524602e-02,1.292531174342019702e-02,5.675162054512795408e-03,1.362819878686902936e-02,1.394059302840184277e-02,2.383307734360763305e-02,1.666102621508343609e-02,4.783536823471220417e-02,4.428188373727644234e-02,1.270403248900111963e-02,3.297060890844245168e-02,9.288522114909014693e-02,4.553146070340770291e-02,6.000572722776143647e-02,3.891911592429646294e-02,1.112904485460651342e-02,3.182516335615546976e-02
6.508213365266966519e-03,1.159763621690573440e-02,6.169786270273084315e-03,0.000000000000000000e+00,2.159425194595579467e-02,2.241428682997943442e-02,2.810246531122276292e-02,4.126207273579257130e-03,2.733449613412126250e-02,1.754614323275974219e-02,2.008434644521385828e-02,1.306849243745606889e-02,3.703173404836904159e-02,1.141540624267826064e-02,1.309452529091713682e-02,8.864186603493608846e-03,5.714211334704397301e-03,1.262593392861791584e-02,9.801369328092052538e-03,2.244031968344050235e-02,1.266498320880951774e-02,4.435998229765964612e-02,2.834977741910290824e-02,1.201416187228282126e-02,2.883138520813266492e-02,6.670918699398641072e-02,3.552182854762710867e-02,5.032150574024418788e-02,3.315283888266992718e-02,7.562543930440215889e-03,2.604586988779840004e-02,1.036107567750501127e-02,7.497461796787546068e-03,1.040012495769661316e-02,6.378049097961627743e-03,1.204019472574388919e-02,4.764012183375419644e-03,3.696665191471637177e-03,9.475958659828703431e-03,6.612344779111238233e-03,7.276182542368468675e-03,5.974539869315075719e-03,9.788352901361518574e-03,4.230338687423528844e-03,1.796266888813682948e-03,7.757790331398224486e-03,1.379741233436596916e-02,1.409679014916825034e-02,7.146018275063129900e-03,1.923827870772915408e-02,2.391117590399083684e-02,2.719131544008538889e-02,6.182802697003618279e-03,2.608491916799000193e-02,1.606227058547887374e-02,2.491344076224194862e-02,1.789758675448415923e-02,3.419415302111264432e-02,1.476062791242548078e-02,1.080363418634316432e-02,1.095983130710957189e-02,4.764012183375419644e-03,1.158461979017520044e-02,1.209226043266602504e-02,1.988910004425585229e-02,1.434410225704839566e-02,4.032489001119412414e-02,3.811209746700335715e-02,1.085569989326530017e-02,2.803738317757009310e-02,7.977767943144248308e-02,3.828131101450030216e-02,5.073803139562127473e-02,3.276234608075390825e-02,9.306745112331761896e-03,2.685288834509150582e-02
2.670970765105563222e-02,4.675500481607788861e-02,2.517376929685262790e-02,2.159425194595579467e-02,0.000000000000000000e+00,9.176580845026423294e-02,1.137245203446749786e-01,1.683023976258037763e-02,1.115898263608674085e-01,7.259261187618774869e-02,8.150886418660349686e-02,5.300288964673417758e-02,1.513159607424569841e-01,4.685913622992216032e-02,5.230000260328534351e-02,3.591232134954312066e-02,2.362481451591908962e-02,5.127170489157316380e-02,3.951787155390102529e-02,9.120610210085126901e-02,5.127170489157316380e-02,1.800041652565537720e-01,1.154817379532970673e-01,4.860333741181371153e-02,1.177986619113321060e-01,2.708458074089500900e-01,1.451591908989144364e-01,2.067529221878010026e-01,1.347460495144872927e-01,3.192929476999974148e-02,1.052768593965584532e-01,4.229037044750474927e-02,2.995079790695858238e-02,4.122302345560097114e-02,2.549917996511597701e-02,4.933225730872360659e-02,1.957670580272303715e-02,1.496889074011402421e-02,3.877593523026058586e-02,2.647541196990602086e-02,2.902663160909067092e-02,2.383307734360763305e-02,4.001249576966131594e-02,1.715565043084372326e-02,7.185067555254731793e-03,3.086194777809595641e-02,5.629604560955926706e-02,5.728529404107984141e-02,2.874027022101892717e-02,7.920495665529898865e-02,9.725874053054955892e-02,1.112513992658735323e-01,2.501757217608622033e-02,1.068648634576835899e-01,6.642282560591467044e-02,1.019316377268112417e-01,7.257959544945721819e-02,1.408117043709160854e-01,6.050035144352172711e-02,4.281102751672610784e-02,4.463332725900085590e-02,1.983703433733371643e-02,4.743185900606565475e-02,4.935829016218467452e-02,7.985577799182567993e-02,5.771483612318746570e-02,1.627834326920573893e-01,1.544268867310545912e-01,4.377424309478562120e-02,1.146747194960039545e-01,3.222867258480202057e-01,1.552339051883477039e-01,2.076380392054773261e-01,1.327024705177934638e-01,3.808606461354228923e-02,1.094681488037903827e-01
2.834977741910290824e-02,4.993101293832816895e-02,2.682685549163043789e-02,2.241428682997943442e-02,9.176580845026423294e-02,0.000000000000000000e+00,1.195688959466847112e-01,1.798870174159789698e-02,1.182412204201702538e-01,7.423268164423502125e-02,8.525759508499726469e-02,5.462994298805091964e-02,1.585921432848254597e-01,4.916304376122666853e-02,5.572332283341577264e-02,3.826829458776976473e-02,2.452294796032592969e-02,5.423945018613490071e-02,4.137922057636737871e-02,9.751906906516023821e-02,5.327623460807539429e-02,1.919922942753755357e-01,1.233566761252700844e-01,5.129773774503423173e-02,1.246973680785150862e-01,2.872074558092312380e-01,1.545310181448988629e-01,2.164761929555098496e-01,1.435191211308671499e-01,3.325697029651419889e-02,1.110821857183765943e-01,4.304532319787571920e-02,3.062765209694634505e-02,4.282404394345664528e-02,2.642334626298388500e-02,5.120662275792049745e-02,2.027959284617186775e-02,1.551558066279644897e-02,3.954390440736209322e-02,2.767292322911514210e-02,3.104417775232343191e-02,2.509567073646942412e-02,4.105380990810402614e-02,1.735089683180173273e-02,7.666675344284486736e-03,3.181214692942493233e-02,5.906854450316299104e-02,6.078671283159347433e-02,3.004191289407232013e-02,8.253716189831566963e-02,1.043526930986905521e-01,1.157811157680993380e-01,2.566839351261291854e-02,1.125270090854658539e-01,6.853148673626116572e-02,1.062661078280790344e-01,7.470127300653424396e-02,1.483482154478952542e-01,6.290839038867050703e-02,4.557050998359930133e-02,4.762710540702366074e-02,2.050087210059094514e-02,5.016530861947778031e-02,5.161013198656704687e-02,8.533569364538047541e-02,5.966730013276755340e-02,1.741337568010829784e-01,1.622888084762970917e-01,4.622133132012599954e-02,1.207533907791633054e-01,3.377892900840860912e-01,1.657381615598885749e-01,2.189883633145029151e-01,1.408637700778382351e-01,4.068934995964907514e-02,1.166792492125061781e-01
3.467576081014239753e-02,6.099497565928201082e-02,3.286647749459817996e-02,2.810246531122276292e-02,1.137245203446749786e-01,1.195688959466847112e-01,0.000000000000000000e+00,2.206284330825501738e-02,1.451461744721838920e-01,9.300236898966496302e-02,1.054070236638637997e-01,6.851847030953062134e-02,1.954676802124280799e-01,6.074766355140186896e-02,6.812797750761460935e-02,4.661182412204201847e-02,3.043240569598833559e-02,6.624059563168718801e-02,5.133678702522583709e-02,1.185666310884335994e-01,6.653997344648947265e-02,2.346080753911436168e-01,1.503787780178585387e-01,6.324681748366438316e-02,1.532684247520370580e-01,3.520813266342123771e-01,1.888032697263947179e-01,2.674875693124723619e-01,1.753312680602920892e-01,4.097571134772082235e-02,1.370109077656001817e-01,5.453882800093718536e-02,3.873688595006898744e-02,5.377085882383567800e-02,3.321792101632260047e-02,6.394970452711321030e-02,2.529091713742743358e-02,1.947257438887876543e-02,5.033452216697472531e-02,3.459766224975919374e-02,3.803399890662015337e-02,3.110925988597610173e-02,5.159711555983651637e-02,2.212792544190768720e-02,9.488975086559237396e-03,4.005154504985291436e-02,7.287897326425948896e-02,7.446697732538463954e-02,3.748730898393772687e-02,1.020878348475776493e-01,1.268711113425142478e-01,1.437794496654778431e-01,3.246296826595163054e-02,1.383385832921146530e-01,8.564808788691329056e-02,1.316351235258896857e-01,9.377033816676645650e-02,1.826595163095826868e-01,7.809856038320360516e-02,5.595761851456538399e-02,5.806627964491187927e-02,2.548616353838544304e-02,6.146356702158123353e-02,6.375445812615521124e-02,1.042876109650378719e-01,7.496160154114492324e-02,2.120766407205893767e-01,2.003228073829172451e-01,5.702496550646916212e-02,1.485955275557753752e-01,4.185562179470491695e-01,2.023013042459584077e-01,2.693619347616692528e-01,1.726368677270715690e-01,4.930622445526253866e-02,1.424257412855023108e-01
5.284669252596777347e-03,9.111498711373754167e-03,4.920209304141827215e-03,4.126207273579257130e-03,1.683023976258037763e-02,1.798870174159789698e-02,2.206284330825501738e-02,0.000000000000000000e+00,2.176346549345273620e-02,1.378439590763543519e-02,1.573685991721552463e-02,1.021789498346913766e-02,2.924791086350974831e-02,8.929268737146278667e-03,1.032202639731340937e-02,6.898706167182984579e-03,4.581782209147945012e-03,9.931533595397392181e-03,7.523494650248613996e-03,1.793663603467576112e-02,9.970582875588994073e-03,3.532658214666909574e-02,2.277874677843438542e-02,9.528024366750839289e-03,2.293494389920079299e-02,5.327623460807539429e-02,2.823262957852810257e-02,3.968708510139796336e-02,2.629318199567854536e-02,6.039622002967745540e-03,2.042277354020774136e-02,8.018118866008902904e-03,5.766277041626532290e-03,7.940020305625699118e-03,4.946242157602895144e-03,9.306745112331761896e-03,3.722698044932705105e-03,2.850597453986931668e-03,7.380313956212740389e-03,5.128472131830369776e-03,5.649129201051727479e-03,4.620831489339546905e-03,7.575560357170749853e-03,3.254106682633483259e-03,1.431806940358732816e-03,5.779293468357066255e-03,1.093379845364850396e-02,1.116809413479811532e-02,5.610079920860125587e-03,1.521620284799416779e-02,1.929034441465128993e-02,2.125582485096191507e-02,4.790045036836487573e-03,2.080024991539322632e-02,1.274308176919272152e-02,1.973290292348944472e-02,1.392757660167130880e-02,2.742561112123500025e-02,1.155858693671413251e-02,8.369562387733319939e-03,8.721005909457735239e-03,3.774763751854840962e-03,9.280712258870693968e-03,9.515007940020305324e-03,1.555462994298805086e-02,1.099888058730117378e-02,3.185119620961653769e-02,3.000286361388071824e-02,8.551792361960793704e-03,2.227110613594356081e-02,6.230963475906594468e-02,3.048447140291047144e-02,4.027282430427198828e-02,2.591570562049306387e-02,7.432379663134876246e-03,2.139900554499778867e-02
3.403795590034623675e-02,6.069559784447973311e-02,3.268424752037070447e-02,2.733449613412126250e-02,1.115898263608674085e-01,1.182412204201702538e-01,1.451461744721838920e-01,2.176346549345273620e-02,0.000000000000000000e+00,9.093275713951005923e-02,1.026996069039127352e-01,6.605836565745971944e-02,1.924218363574831392e-01,5.992762866737823269e-02,6.726889334339937465e-02,4.655975841511988261e-02,3.009397860099445599e-02,6.604534923072917507e-02,5.028245646005258945e-02,1.190091895972717612e-01,6.432718090229870567e-02,2.347642725119100382e-01,1.491942831853799445e-01,6.185405982349725246e-02,1.520969463462890081e-01,3.486059406971598329e-01,1.879962512691016052e-01,2.629838856637076172e-01,1.738343789862806799e-01,4.066331710618800721e-02,1.350193944758285025e-01,5.291177465962044330e-02,3.752635826412933223e-02,5.222190404290213972e-02,3.228073829172415504e-02,6.305157108270637023e-02,2.492645718897248258e-02,1.909509801369328047e-02,4.831697602374196432e-02,3.372556165881342161e-02,3.714888188894384380e-02,3.028922500195246545e-02,5.050373571447166338e-02,2.141202197172832264e-02,9.384843672714965682e-03,3.876291880353005537e-02,7.179860984562518034e-02,7.377710670866634290e-02,3.658917553953088680e-02,9.995314086377007912e-02,1.269752427563585195e-01,1.410590164787962342e-01,3.152578554135318512e-02,1.378569755030848998e-01,8.402103454559654849e-02,1.290839038867050148e-01,9.043813292374977553e-02,1.799130502694400446e-01,7.684898341707234459e-02,5.521568219092494456e-02,5.809231249837294719e-02,2.497852289589461844e-02,6.151563272850336939e-02,6.254393044021555603e-02,1.044438080858042794e-01,7.203290552677478475e-02,2.115559836513680181e-01,1.976804727566188469e-01,5.555410928591882763e-02,1.479186733657876229e-01,4.116444953531356310e-01,2.016114336292401110e-01,2.666415015749876161e-01,1.721422435113112714e-01,4.929320802853200817e-02,1.405123265561138146e-01
2.156821909249472674e-02,3.817717960065603044e-02,2.081326634212376028e-02,1.754614323275974219e-02,7.259261187618774869e-02,7.423268164423502125e-02,9.300236898966496302e-02,1.378439590763543519e-02,9.093275713951005923e-02,0.000000000000000000e+00,6.702158123551922586e-02,4.305833962460624970e-02,1.229401504698930114e-01,3.911436232525446893e-02,4.221227188712154549e-02,2.931299299716241813e-02,1.931637726811235786e-02,4.197797620597193413e-02,3.258011610652643969e-02,7.467524015307318297e-02,4.188686121885819985e-02,1.470726056283029048e-01,9.365319032619165429e-02,3.930960872621248187e-02,9.660791919402285377e-02,2.203811209746700250e-01,1.190091895972717612e-01,1.690443339494442088e-01,1.091817874157186424e-01,2.620206700856480761e-02,8.512743081769193199e-02,3.363444667169968733e-02,2.430166870590685577e-02,3.336110171035847061e-02,2.051388852732147910e-02,4.119699060213990321e-02,1.616640199932314545e-02,1.214432613958816090e-02,3.087496420482649037e-02,2.168536693306953242e-02,2.353369952880535187e-02,1.912113086715434840e-02,3.312680602920885925e-02,1.407075729570718241e-02,5.779293468357066255e-03,2.517376929685262790e-02,4.590893707859318440e-02,4.653372556165881468e-02,2.337750240803894430e-02,6.447036159633456887e-02,7.792934683570666710e-02,9.088069143258792337e-02,2.011037929867492621e-02,8.635097493036211769e-02,5.397912165152422143e-02,8.287558899330955964e-02,5.856090386067216991e-02,1.138807174654413862e-01,5.004816077890297810e-02,3.464972795668132960e-02,3.619868273761486788e-02,1.617941842605367941e-02,3.878895165699112330e-02,4.006456147658344485e-02,6.588915210996276750e-02,4.663785697550308640e-02,1.330799468929789453e-01,1.249186473329341601e-01,3.541769713378283696e-02,9.364017389946112380e-02,2.615650951500794186e-01,1.272355712909692127e-01,1.700335823809647762e-01,1.086350974930362090e-01,3.148673626116158669e-02,8.886314528935516932e-02
2.505662145627782222e-02,4.347486527998333655e-02,2.341655168823054620e-02,2.008434644521385828e-02,8.150886418660349686e-02,8.525759508499726469e-02,1.054070236638637997e-01,1.573685991721552463e-02,1.026996069039127352e-01,6.702158123551922586e-02,0.000000000000000000e+00,4.930622445526253866e-02,1.394059302840184311e-01,4.348788170671387399e-02,4.885064951969385338e-02,3.330903600343633475e-02,2.195871189441074567e-02,4.764012183375419818e-02,3.656314268606981888e-02,8.497123369692552441e-02,4.804363106240074760e-02,1.672220342071694399e-01,1.074896519407492201e-01,4.528414859552755412e-02,1.092208366959102339e-01,2.519459557962148155e-01,1.346939838075651430e-01,1.910420951240465459e-01,1.250878608804311121e-01,2.936505870408455399e-02,9.754510191862129920e-02,3.841147528180564180e-02,2.756879181527087039e-02,3.826829458776976473e-02,2.359878166245802170e-02,4.584385494494051805e-02,1.804076744852003283e-02,1.384947804128810502e-02,3.511831931898055231e-02,2.453596438705646365e-02,2.699606903912737943e-02,2.202379402806341549e-02,3.665425767318356010e-02,1.558066279644911879e-02,6.573295498919636340e-03,2.846692525967771392e-02,5.218285476271054130e-02,5.312003748730898672e-02,2.651446125009762275e-02,7.326946606617551483e-02,9.028193580298336796e-02,1.027386561841043405e-01,2.292192747247025902e-02,9.898992528571057270e-02,6.126832062062322753e-02,9.406971598156874115e-02,6.700856480878869537e-02,1.302163330122614870e-01,5.590555280764324814e-02,3.996043006273918008e-02,4.143128628328951457e-02,1.826204670293911023e-02,4.415171946997110269e-02,4.559654283706036926e-02,7.451904303230677540e-02,5.331528388826699272e-02,1.517455028245645876e-01,1.429594147814541860e-01,4.067633353291854464e-02,1.064092885221149115e-01,2.978028271678858641e-01,1.450160102048785593e-01,1.928383620128602260e-01,1.231614297243120854e-01,3.578215708223778102e-02,1.015541613516257463e-01
1.625751698643688320e-02,2.797230104391742328e-02,1.520318642126363556e-02,1.306849243745606889e-02,5.300288964673417758e-02,5.462994298805091964e-02,6.851847030953062134e-02,1.021789498346913766e-02,6.605836565745971944e-02,4.305833962460624970e-02,4.930622445526253866e-02,0.000000000000000000e+00,9.032098508317497332e-02,2.828469528545023842e-02,3.170801551558066061e-02,2.147710410538099246e-02,1.405774086897664844e-02,3.053653710983260730e-02,2.389815947726030287e-02,5.404420378517689472e-02,3.136958842058677754e-02,1.074896519407492201e-01,6.928643948663212870e-02,2.941712441100668984e-02,7.043188503891911756e-02,1.629266133860932386e-01,8.624684351651784597e-02,1.233046104183479486e-01,8.016817223335849507e-02,1.856142451774138794e-02,6.297347252232317338e-02,2.513472001666102601e-02,1.815791528909483851e-02,2.519980215031369583e-02,1.552859708952698294e-02,2.992476505349751445e-02,1.172780048421107404e-02,8.955301590607346596e-03,2.300002603285345934e-02,1.611433629240100959e-02,1.762424179314294598e-02,1.438315153723999755e-02,2.387212662379923495e-02,1.026996069039127352e-02,4.256371540884596773e-03,1.878270377216046533e-02,3.355634811131648354e-02,3.423320230130424274e-02,1.754614323275974219e-02,4.735376044568245096e-02,5.749355686876838484e-02,6.664410486033374437e-02,1.479967719261708267e-02,6.328586676385598853e-02,3.924452659255980858e-02,6.099497565928201082e-02,4.391742378882149134e-02,8.360450889021946164e-02,3.635487985838127545e-02,2.591570562049306387e-02,2.642334626298388500e-02,1.172780048421107404e-02,2.814151459141436482e-02,2.949522297138989363e-02,4.813474604951448882e-02,3.484497435763934253e-02,9.750605263842969384e-02,9.232551479967719688e-02,2.665764194413349636e-02,6.780256683935126372e-02,1.928383620128602260e-01,9.323666467081456743e-02,1.241116288756410613e-01,7.949131804337072893e-02,2.288287819227865713e-02,6.565485642881316308e-02
4.606513419935959197e-02,8.072787858277145900e-02,4.343581599979173813e-02,3.703173404836904159e-02,1.513159607424569841e-01,1.585921432848254597e-01,1.954676802124280799e-01,2.923489443677921434e-02,1.924218363574831392e-01,1.229401504698930114e-01,1.394059302840184311e-01,9.032098508317497332e-02,0.000000000000000000e+00,8.072787858277145900e-02,8.999557441491161380e-02,6.159373128888657317e-02,4.037695571811626000e-02,8.812120896571473683e-02,6.760732043839325078e-02,1.576028948533048646e-01,8.796501184494832926e-02,3.110795824330304660e-01,1.994376903652409216e-01,8.379975529117746069e-02,2.031864212636347033e-01,4.669512925311743445e-01,2.501887381875927407e-01,3.535521828547626977e-01,2.323562335667612444e-01,5.452581157420664792e-02,1.813448572097987599e-01,7.186369197927784669e-02,5.088121208965714487e-02,7.052300002603285878e-02,4.350089813344440448e-02,8.468487230885377026e-02,3.340015099055007597e-02,2.568140993934345251e-02,6.651394059302839779e-02,4.567464139744357304e-02,4.997006221851977431e-02,4.104079348137349564e-02,6.798479681357873228e-02,2.909171374274334074e-02,1.246973680785150827e-02,5.249524900424335644e-02,9.667300132767552012e-02,9.850831749668080561e-02,4.937130658891521195e-02,1.354489365579361060e-01,1.679119048238877365e-01,1.904693723479030654e-01,4.257673183557649649e-02,1.836227318876421932e-01,1.133600603962200276e-01,1.740947075208913730e-01,1.236690703668028996e-01,2.425741285502303890e-01,1.036237732017806501e-01,7.373805742847473754e-02,7.701819696456928266e-02,3.375159451227448953e-02,8.169109416083096542e-02,8.439851092078202999e-02,1.378699919298154164e-01,9.830005466899226219e-02,2.806081274568505424e-01,2.652487439148205062e-01,7.530002863613881325e-02,1.976544399031577859e-01,5.523260354567464114e-01,2.674224871788196678e-01,3.574961601541145062e-01,2.287116340822117622e-01,6.564184000208263259e-02,1.887772368729336292e-01
1.405774086897664844e-02,2.503058860281675430e-02,1.344596881264155386e-02,1.141540624267826064e-02,4.685913622992216032e-02,4.916304376122666853e-02,6.074766355140186896e-02,8.929268737146278667e-03,5.992762866737823269e-02,3.911436232525446893e-02,4.348788170671387399e-02,2.828469528545023842e-02,8.072787858277145900e-02,0.000000000000000000e+00,2.781610392315101571e-02,1.925129513445968804e-02,1.274308176919272152e-02,2.741259469450446629e-02,2.121677557077031318e-02,4.903287949392132888e-02,2.700908546585791339e-02,9.658188634056179278e-02,6.150261630177283889e-02,2.596777132741519625e-02,6.301252180251477875e-02,1.441048603337411749e-01,7.782521542186239538e-02,1.107697914768437791e-01,7.213703694061905647e-02,1.719469971103532516e-02,5.617889776898445792e-02,2.251841824382370613e-02,1.588004061125139824e-02,2.184156405383593999e-02,1.357613307994689350e-02,2.585062348684039404e-02,1.043917423788821505e-02,8.070184572931038761e-03,2.069611850154895460e-02,1.394059302840184277e-02,1.539843282222164329e-02,1.271704891573165359e-02,2.155520266576419278e-02,9.202613698487491917e-03,3.878895165699112243e-03,1.625751698643688320e-02,3.032827428214406734e-02,3.079686564444328659e-02,1.516413714107203367e-02,4.213417332673834170e-02,5.237810116366854729e-02,5.917267591700726276e-02,1.335485382552781611e-02,5.722021190742717506e-02,3.565199281493244138e-02,5.460391013458985171e-02,3.834639314815296851e-02,7.530002863613881325e-02,3.230677114518522297e-02,2.280477963189545335e-02,2.392419233072137080e-02,1.064743706557675848e-02,2.535599927108010340e-02,2.664462551740296239e-02,4.256371540884596599e-02,3.047145497617993748e-02,8.724910837476895775e-02,8.209460338947752178e-02,2.320828886054200277e-02,6.160674771561711061e-02,1.717257178559341846e-01,8.304480254080649770e-02,1.107567750501132486e-01,7.105667352198474784e-02,2.037070783328560550e-02,5.818342748548668147e-02
1.603623773201780581e-02,2.874027022101892717e-02,1.545049852914377915e-02,1.309452529091713682e-02,5.230000260328534351e-02,5.572332283341577264e-02,6.812797750761460935e-02,1.032202639731340937e-02,6.726889334339937465e-02,4.221227188712154549e-02,4.885064951969385338e-02,3.170801551558066061e-02,8.999557441491161380e-02,2.781610392315101571e-02,0.000000000000000000e+00,2.177648192018327017e-02,1.379741233436596916e-02,3.070575065732954884e-02,2.432770155936792369e-02,5.580142139379897642e-02,3.077083279098221866e-02,1.100278551532033466e-01,7.030172077161377098e-02,2.940410798427615588e-02,7.066618072006872198e-02,1.648530445422122792e-01,8.862884960820555103e-02,1.229531668966235419e-01,8.226381693697445985e-02,1.844427667716658573e-02,6.367635956577200051e-02,2.439278369302059352e-02,1.781948819410095544e-02,2.538203212454117133e-02,1.541144924895217726e-02,2.929997657043188417e-02,1.146747194960039649e-02,8.942285163876812631e-03,2.227110613594356081e-02,1.597115559836513599e-02,1.832712883659178005e-02,1.451331580454533546e-02,2.354671595553588584e-02,1.000963215578059597e-02,4.399552234920469512e-03,1.919922942753755218e-02,3.376461093900502697e-02,3.479290865071720668e-02,1.737692968526280066e-02,4.635149558743133918e-02,5.947205373180954047e-02,6.564184000208263259e-02,1.496889074011402421e-02,6.366334313904147002e-02,3.848957384218884559e-02,6.008382578814464026e-02,4.318850389191158934e-02,8.348736104964464555e-02,3.565199281493244138e-02,2.703511831931898132e-02,2.695701975893577754e-02,1.159763621690573440e-02,2.818056387160596671e-02,2.952125582485096156e-02,4.961861869679535381e-02,3.489704006456147839e-02,9.990107515684794326e-02,9.334079608465883915e-02,2.683987191836097186e-02,6.811496108088407886e-02,1.961054851222242545e-01,9.462942233098170508e-02,1.238382839142998515e-01,8.096217426392106342e-02,2.310415744669773105e-02,6.694348267513601514e-02
1.089474917345690207e-02,1.964178793637570697e-02,1.049123994481035091e-02,8.864186603493608846e-03,3.591232134954312066e-02,3.826829458776976473e-02,4.661182412204201847e-02,6.898706167182984579e-03,4.655975841511988261e-02,2.931299299716241813e-02,3.330903600343633475e-02,2.147710410538099246e-02,6.159373128888657317e-02,1.925129513445968804e-02,2.177648192018327017e-02,0.000000000000000000e+00,9.710254340978314788e-03,2.111264415692604146e-02,1.632259912008955302e-02,3.833337672142243802e-02,2.056595423424361496e-02,7.505271652825866446e-02,4.775726967432900039e-02,1.998021503136959004e-02,4.866841954546637788e-02,1.121234998568193114e-01,6.092989352562934446e-02,8.473693801577590612e-02,5.629604560955926706e-02,1.308150886418660286e-02,4.322755317210319470e-02,1.659594408143076627e-02,1.184494832478587972e-02,1.685627261604144556e-02,1.037409210423554523e-02,2.004529716502225639e-02,8.018118866008902904e-03,6.143753416812016387e-03,1.534636711529950744e-02,1.067346991903782641e-02,1.214432613958816090e-02,9.749303621169916681e-03,1.627053341316741716e-02,6.833624033530315625e-03,3.032827428214406734e-03,1.258688464842631395e-02,2.307812459323666313e-02,2.380704449014656512e-02,1.168875120401947215e-02,3.203342618384401319e-02,4.065030067945747672e-02,4.499778720745580690e-02,1.007471428943326405e-02,4.395647306901309670e-02,2.680082263816936997e-02,4.144430271002004507e-02,2.898758232889906902e-02,5.748054044203785434e-02,2.469216150782287122e-02,1.793663603467576112e-02,1.865253950485512568e-02,8.044151719469970832e-03,1.957670580272303715e-02,2.021451071251919793e-02,3.367349595189128575e-02,2.345560096842214809e-02,6.824512534818941156e-02,6.307760393616744510e-02,1.809283315544216869e-02,4.704136620414963582e-02,1.324681748366438316e-01,6.501705151901700230e-02,8.562205503345221569e-02,5.543696144534402542e-02,1.604925415874833977e-02,4.538828000937182583e-02
7.093952568140994043e-03,1.261291750188738188e-02,6.859656886991383554e-03,5.714211334704397301e-03,2.362481451591908962e-02,2.452294796032592969e-02,3.043240569598833559e-02,4.581782209147945012e-03,3.009397860099445599e-02,1.931637726811235786e-02,2.195871189441074567e-02,1.405774086897664844e-02,4.037695571811626000e-02,1.274308176919272152e-02,1.379741233436596916e-02,9.710254340978314788e-03,0.000000000000000000e+00,1.378439590763543519e-02,1.060838778538515659e-02,2.475724364147554105e-02,1.357613307994689350e-02,4.862937026527477946e-02,3.096607919194022812e-02,1.296436102361179891e-02,3.194231119673027197e-02,7.268372686330148991e-02,3.920547731236821015e-02,5.550204357899669178e-02,3.595137062973472603e-02,8.642907349074531453e-03,2.790721891026475346e-02,1.090776560018743603e-02,7.783823184859292414e-03,1.077760133288209639e-02,6.651394059302840125e-03,1.331580454533621422e-02,5.284669252596777347e-03,3.956993726082315595e-03,1.006169786270273009e-02,7.002837581027256293e-03,7.614609637362350879e-03,6.195819123734152244e-03,1.059537135865462262e-02,4.516700075495275191e-03,1.913414729388488193e-03,8.044151719469970832e-03,1.508603858068882989e-02,1.537239996876057536e-02,7.627626064092884843e-03,2.102152916981230371e-02,2.612396844818160382e-02,2.966443651888683516e-02,6.560279072189102376e-03,2.859708952698305356e-02,1.767630750006508183e-02,2.720433186681592286e-02,1.908208158696274651e-02,3.770858823835680773e-02,1.611433629240100959e-02,1.135032410902559082e-02,1.198812901882175333e-02,5.297685679327311312e-03,1.292531174342019702e-02,1.315960742456980664e-02,2.168536693306953242e-02,1.516413714107203367e-02,4.385234165516882499e-02,4.102777705464295821e-02,1.157160336344466647e-02,3.095306276520969416e-02,8.540077577903314177e-02,4.217322260692994706e-02,5.589253638091271070e-02,3.591232134954312066e-02,1.042615781115768109e-02,2.905266446255173884e-02
1.559367922317965276e-02,2.768593965584567607e-02,1.479967719261708267e-02,1.262593392861791584e-02,5.127170489157316380e-02,5.423945018613490071e-02,6.624059563168718801e-02,9.931533595397392181e-03,6.604534923072917507e-02,4.197797620597193413e-02,4.764012183375419818e-02,3.053653710983260730e-02,8.812120896571473683e-02,2.741259469450446629e-02,3.070575065732954884e-02,2.111264415692604146e-02,1.378439590763543519e-02,0.000000000000000000e+00,2.305209173977559520e-02,5.460391013458985171e-02,2.946919011792882570e-02,1.071251919922942691e-01,6.824512534818941156e-02,2.834977741910290824e-02,6.903912737875197991e-02,1.589566032332803969e-01,8.610366282248196890e-02,1.208314893395465023e-01,7.977767943144248308e-02,1.862650665139405776e-02,6.159373128888657317e-02,2.388514305052976891e-02,1.720771613776585912e-02,2.395022518418243873e-02,1.476062791242548078e-02,2.863613880717465546e-02,1.131127482883398892e-02,8.747038762918803168e-03,2.193267904094967774e-02,1.526826855491630365e-02,1.689532189623304745e-02,1.381042876109650312e-02,2.320828886054200277e-02,9.840418608283654431e-03,4.230338687423528844e-03,1.770234035352614976e-02,3.308775674901726083e-02,3.372556165881342161e-02,1.670007549527503798e-02,4.566162497071304255e-02,5.807929607164240976e-02,6.432718090229870567e-02,1.444823367089266737e-02,6.297347252232317338e-02,3.848957384218884559e-02,5.940697159815687411e-02,4.163954911097805106e-02,8.231588264389659571e-02,3.513133574571108975e-02,2.526488428396636565e-02,2.637128055606174915e-02,1.144143909613932857e-02,2.788118605680368553e-02,2.885741806159373285e-02,4.735376044568245096e-02,3.307474032228672339e-02,9.664696847421445913e-02,9.050321505740244188e-02,2.555124567203811287e-02,6.737302475724364637e-02,1.878791034285267891e-01,9.231249837294665250e-02,1.218337541977976141e-01,7.863223387915549423e-02,2.266159893785957974e-02,6.426209876864602544e-02
1.175383333767214197e-02,2.138598911826725471e-02,1.161065264363626837e-02,9.801369328092052538e-03,3.951787155390102529e-02,4.137922057636737871e-02,5.133678702522583709e-02,7.523494650248613996e-03,5.028245646005258945e-02,3.258011610652643969e-02,3.656314268606981888e-02,2.389815947726030287e-02,6.760732043839325078e-02,2.121677557077031318e-02,2.432770155936792369e-02,1.632259912008955302e-02,1.060838778538515659e-02,2.305209173977559520e-02,0.000000000000000000e+00,4.148335199021165043e-02,2.336448598130841034e-02,8.152188061333402735e-02,5.176632910733345444e-02,2.169838335980006638e-02,5.328925103480592479e-02,1.219509020383724301e-01,6.639679275245359558e-02,9.282013901543748058e-02,6.082576211178507275e-02,1.413583942935985223e-02,4.756202327337099439e-02,1.818394814255590644e-02,1.339390310571941800e-02,1.893890089292687290e-02,1.145445552286986253e-02,2.257048395074584199e-02,8.786088043110405060e-03,6.742509046416577875e-03,1.668705906854450402e-02,1.193606331189961747e-02,1.341993595918048593e-02,1.077760133288209639e-02,1.831411240986124608e-02,7.666675344284486736e-03,3.280139536094551188e-03,1.442220081743159944e-02,2.519980215031369583e-02,2.603285346106786607e-02,1.301642673053393304e-02,3.497513862494468218e-02,4.376122666805508377e-02,4.926717517507094024e-02,1.125920912191185307e-02,4.761408898029313025e-02,2.924791086350974831e-02,4.507588576783901069e-02,3.225470543826308711e-02,6.224455262541327139e-02,2.737354541431286439e-02,1.977195220368104661e-02,2.003228073829172243e-02,8.838153750032540917e-03,2.109962773019550750e-02,2.188061333402754188e-02,3.730507900971025137e-02,2.635826412933121518e-02,7.425871449769609611e-02,6.923437377970999285e-02,1.977195220368104661e-02,5.119360633118996001e-02,1.460312914898602155e-01,7.071824642699085783e-02,9.321063181735350645e-02,6.060448285736599883e-02,1.737692968526280066e-02,4.952750370968161953e-02
2.779007106968994778e-02,5.012625933928618188e-02,2.677478978470830204e-02,2.244031968344050235e-02,9.120610210085126901e-02,9.751906906516023821e-02,1.185666310884335994e-01,1.793663603467576112e-02,1.190091895972717612e-01,7.467524015307318297e-02,8.497123369692552441e-02,5.404420378517689472e-02,1.576028948533048646e-01,4.903287949392132888e-02,5.580142139379897642e-02,3.833337672142243802e-02,2.475724364147554105e-02,5.460391013458985171e-02,4.148335199021165043e-02,0.000000000000000000e+00,5.224793689636320765e-02,1.934241012157342510e-01,1.225496576679769856e-01,5.076406424908234266e-02,1.246453023715929503e-01,2.863874209252076364e-01,1.550386587873896771e-01,2.149142217478457739e-01,1.424908234191549772e-01,3.298362533517298911e-02,1.105875615026162967e-01,4.251164970192383014e-02,3.069273423059901487e-02,4.307135605133678713e-02,2.652747767682815672e-02,5.136281987868690502e-02,2.025355999271079982e-02,1.565876135683232084e-02,3.863275453622471572e-02,2.741259469450446629e-02,3.064066852367687901e-02,2.488740790878088069e-02,4.098872777445135979e-02,1.737692968526280066e-02,7.705724624476088629e-03,3.153880196808372255e-02,5.918569234373780019e-02,6.039622002967745540e-02,2.984666649311431066e-02,8.102725639757374365e-02,1.042745945383073414e-01,1.148829823236924980e-01,2.570744279280452044e-02,1.128263869002681385e-01,6.841433889568634963e-02,1.059406971598156888e-01,7.380313956212740389e-02,1.470335563481113272e-01,6.250488116002395067e-02,4.585687137167104854e-02,4.766615468721526611e-02,2.040975711347720739e-02,5.015229219274724981e-02,5.134980345195636758e-02,8.627287636997890696e-02,5.865201884778590419e-02,1.749407752583760634e-01,1.620284799416863986e-01,4.584385494494051805e-02,1.206883086455106391e-01,3.363965324239189814e-01,1.665972457241038096e-01,2.182334105641319244e-01,1.415666571212870761e-01,4.083253065368495222e-02,1.156119022206024000e-01
1.584099133105979634e-02,2.720433186681592286e-02,1.481269361934761664e-02,1.266498320880951774e-02,5.127170489157316380e-02,5.327623460807539429e-02,6.653997344648947265e-02,9.970582875588994073e-03,6.432718090229870567e-02,4.188686121885819985e-02,4.804363106240074760e-02,3.136958842058677754e-02,8.796501184494832926e-02,2.700908546585791339e-02,3.077083279098221866e-02,2.056595423424361496e-02,1.357613307994689350e-02,2.946919011792882570e-02,2.336448598130841034e-02,5.224793689636320765e-02,0.000000000000000000e+00,1.042745945383073414e-01,6.720381120974669442e-02,2.872725379428839321e-02,6.833624033530315278e-02,1.580975190690651622e-01,8.330513107541717699e-02,1.191523702913076244e-01,7.785124827532345637e-02,1.783250462083148941e-02,6.133340275427589389e-02,2.445786582667326334e-02,1.768932392679561580e-02,2.430166870590685577e-02,1.498190716684455817e-02,2.861010595371358753e-02,1.122015984172025117e-02,8.655923775805065418e-03,2.270064821805118163e-02,1.565876135683232084e-02,1.715565043084372326e-02,1.405774086897664844e-02,2.275271392497331749e-02,9.866451461744722359e-03,4.191289407231926951e-03,1.826204670293911023e-02,3.269726394710124190e-02,3.313982245593939668e-02,1.711660115065212137e-02,4.575273995782677683e-02,5.620493062244552585e-02,6.452242730325670472e-02,1.446125009762320134e-02,6.112513992658735046e-02,3.820321245411709837e-02,5.887329810220498505e-02,4.303230677114518177e-02,8.179522557467523713e-02,3.479290865071720668e-02,2.514773644339155997e-02,2.562934423242131665e-02,1.141540624267826064e-02,2.721734829354645682e-02,2.832374456564184032e-02,4.658579126858095054e-02,3.420716944784317481e-02,9.433004451617942043e-02,8.961809803972613231e-02,2.595475490068466576e-02,6.557675786842995236e-02,1.873714627860359749e-01,9.025590294952229309e-02,1.203108322703251437e-01,7.736964048629370316e-02,2.201077760133288153e-02,6.374144169942468074e-02
