0.000000000000000000e+00,2.074315775454484839e-02,1.218618898581607518e-02,6.808949856828927158e-03,2.984950389558500491e-02,3.640873676499966488e-02,3.882266764333754810e-02,8.740094559499233737e-03,5.084237863754411529e-02,2.400612639009122931e-02,3.247985616301524853e-02,1.866218285942598462e-02,5.750149830192448352e-02,1.529932742891389717e-02,1.371778650862355911e-02,1.295198774721981715e-02,9.822201504961044355e-03,1.758007591396417227e-02,2.094293134447626145e-02,3.307917693280948424e-02,1.674768595591662884e-02,5.845042285409868948e-02,5.050942265432509931e-02,1.984417659985349830e-02,4.105347273090497601e-02,9.066391423053872523e-02,5.387227808483718156e-02,7.473197043350869595e-02,4.999334088033562107e-02,1.245255377239128970e-02,4.073716454684690735e-02,1.138709462609043162e-02,8.024239195578344169e-03,1.901178664180595487e-02,7.474861823266964328e-03,1.621495638276619980e-02,5.060930944929080237e-03,3.928880601984418089e-03,1.153692481853898881e-02,6.875541053472731222e-03,1.155357261769993961e-02,7.108610241726044145e-03,1.385096890191116724e-02,5.260704534860491562e-03,2.297396284211227196e-03,1.018845308650196367e-02,1.944462941999067565e-02,2.622028367849770294e-02,1.030498768062862100e-02,2.736898182060331502e-02,3.759073050542718203e-02,3.962176200306319340e-02,1.198641539588466386e-02,4.844509555836718634e-02,2.400612639009122931e-02,4.068722114936405149e-02,2.294066724379037123e-02,5.357261769994006717e-02,2.247452886728374538e-02,1.646467337018046179e-02,1.578211360458147555e-02,8.790037956982086134e-03,1.576546580542052475e-02,2.011054138642871456e-02,3.236332156888858946e-02,2.139242192182193650e-02,5.730172471199307394e-02,6.421056136378770762e-02,1.345142172204834459e-02,4.191915828727442450e-02,1.078111473663181663e-01,5.577012718918558654e-02,7.558100819071718324e-02,4.989345408536991627e-02,1.240261037490843730e-02,4.246853565958580434e-02
2.074315775454484839e-02,0.000000000000000000e+00,2.597056669108343749e-02,1.473330225744156653e-02,6.607511486981421100e-02,7.944329759605779639e-02,8.560298328560964065e-02,1.849570486781647316e-02,1.126390091229939466e-01,5.240727175867350429e-02,7.103615901977758385e-02,3.963840980222414767e-02,1.252247452886728341e-01,3.431111407071985031e-02,2.768529000466138368e-02,2.886728374508890083e-02,2.164213890923619849e-02,3.877272424585469918e-02,4.534860491443030994e-02,7.280082573083838937e-02,3.564293800359592118e-02,1.293034560831058111e-01,1.073450089898115439e-01,4.113671172670972653e-02,9.114670040620630187e-02,1.930478790703868963e-01,1.179829526536591844e-01,1.633648531664113890e-01,1.104581474329093677e-01,2.753545981221282649e-02,8.898248651528267716e-02,2.558766731038156911e-02,1.811280548711460478e-02,4.088699473929546802e-02,1.613171738696144233e-02,3.660851035493108141e-02,1.130385563028567589e-02,8.590264367050676544e-03,2.603715788772724415e-02,1.513284943730438918e-02,2.538789372045015605e-02,1.579876140374242635e-02,3.126456682426582978e-02,1.172005060930944934e-02,5.027635346607178639e-03,2.102617034028101545e-02,4.303456083105813151e-02,5.680229073716454996e-02,2.284078044882466643e-02,5.984883798361856355e-02,8.287274422321369571e-02,8.735100219750949191e-02,2.565425850702537230e-02,1.069787574082706333e-01,5.274022774189252027e-02,8.923220350269694956e-02,4.804554837850436022e-02,1.175334620763135163e-01,5.020976226942798493e-02,3.389491909169607686e-02,3.496037823799693495e-02,1.911167343677165967e-02,3.476060464806552536e-02,4.416661117400279973e-02,7.085303322900712852e-02,4.469934074715322531e-02,1.258407138576280171e-01,1.374275820736498566e-01,2.783512019710994087e-02,9.354398348538323082e-02,2.324865152826796344e-01,1.232936005860025275e-01,1.668275953918891830e-01,1.102417260438170038e-01,2.758540320969567888e-02,9.317773190384230630e-02
1.218618898581607518e-02,2.597056669108343749e-02,0.000000000000000000e+00,8.606912166211627344e-03,3.832323366850902413e-02,4.553173070520077220e-02,5.019311447026703066e-02,1.088766065126190244e-02,6.459346074448957253e-02,3.056535925950589275e-02,4.112006392754877920e-02,2.315708863288273162e-02,7.258440434174602551e-02,1.949457281747353152e-02,1.634813877605380619e-02,1.631484317773190459e-02,1.265232736232270103e-02,2.244123326896184378e-02,2.661983085836052559e-02,4.171938469734300797e-02,2.064327095957914360e-02,7.421588865951921077e-02,6.311180661916494794e-02,2.453885596324165835e-02,5.230738496370779950e-02,1.124891789305453860e-01,6.750682559765598667e-02,9.477592062329359690e-02,6.296197642671638728e-02,1.558234001465006249e-02,5.142505160817739673e-02,1.481654125324632053e-02,1.050476127056003232e-02,2.407271758673503251e-02,9.372710927615369308e-03,2.122594393021242504e-02,6.525937271092761838e-03,4.977691949124325374e-03,1.526603183059199557e-02,8.839981354464940266e-03,1.489978024905107626e-02,9.122993940201105587e-03,1.842911367117266996e-02,6.942132250116534418e-03,2.979956049810215165e-03,1.211959778917227198e-02,2.453885596324165835e-02,3.339548511686755289e-02,1.345142172204834459e-02,3.444429646400745670e-02,4.817873077179196661e-02,5.042618365852034185e-02,1.511620163814343665e-02,6.269561164014117449e-02,3.071518945195444994e-02,5.182459878804022285e-02,2.818472397948991112e-02,6.770659918758739626e-02,2.928347872411267080e-02,1.996071119398015736e-02,1.997735899314110816e-02,1.113737763867616616e-02,2.029366717719917335e-02,2.552107611373776244e-02,4.092029033761736961e-02,2.590397549443963429e-02,7.261769994006792017e-02,7.954318439102350813e-02,1.656456016514616658e-02,5.357261769994006717e-02,1.333655190783778477e-01,7.121928481054803917e-02,9.615768795365252364e-02,6.331158020909635753e-02,1.576546580542052475e-02,5.428847306386095500e-02
6.808949856828927158e-03,1.473330225744156653e-02,8.606912166211627344e-03,0.000000000000000000e+00,2.260771126057135177e-02,2.602051008856628989e-02,2.921688752746886761e-02,6.143037890390889988e-03,3.704135313311580219e-02,1.776320170473463453e-02,2.360657921022840666e-02,1.356795631617500192e-02,4.246853565958580434e-02,1.143703802357328402e-02,9.006459346074448258e-03,9.222880735166810381e-03,7.208497036691748940e-03,1.283545315309316155e-02,1.509955383898248585e-02,2.342345341945794787e-02,1.186988080175800826e-02,4.210228407804487982e-02,3.545981221282546586e-02,1.378437770526736404e-02,3.009922088299926690e-02,6.351135379902776712e-02,3.857295065592328959e-02,5.500432842778184978e-02,3.602583738429779303e-02,8.906572551108743463e-03,2.998268628887261131e-02,8.756742358660184536e-03,6.276220283678498116e-03,1.418392488513018496e-02,5.427182526470000420e-03,1.228607578078177998e-02,3.779050409535859162e-03,2.880069254844509503e-03,9.023107145235399057e-03,5.160817739894785899e-03,8.839981354464940266e-03,5.377239128987148023e-03,1.068788706133049285e-02,4.078710794432976149e-03,1.681427715256043074e-03,6.842245455150828756e-03,1.391756009855497044e-02,1.886195644935739421e-02,7.807817806485982913e-03,2.007724578810681296e-02,2.738562961976426582e-02,2.946660451488313306e-02,8.756742358660184536e-03,3.555969900779117066e-02,1.754678031564227067e-02,2.993274289138975891e-02,1.621495638276619980e-02,3.920556702403941995e-02,1.703069854165279243e-02,1.128720783112472509e-02,1.155357261769993961e-02,6.359459279483252112e-03,1.181993740427515413e-02,1.450023306918825361e-02,2.342345341945794787e-02,1.521608843310914318e-02,4.136978091496304466e-02,4.563161750016647700e-02,9.389358726776320108e-03,3.091496304188586300e-02,7.651328494373044187e-02,3.983818339215555726e-02,5.532063661183991149e-02,3.602583738429779303e-02,8.906572551108743463e-03,3.161417060664580003e-02
2.984950389558500491e-02,6.607511486981421100e-02,3.832323366850902413e-02,2.260771126057135177e-02,0.000000000000000000e+00,1.154358393820336948e-01,1.299860158487048112e-01,2.740227741892521662e-02,1.655623626556569084e-01,7.945994539521875066e-02,1.053972164879802831e-01,6.066458014250516312e-02,1.881534261170673128e-01,5.052607045348604664e-02,4.028767396950123231e-02,4.140307651328494626e-02,3.199706998734767188e-02,5.695212092961310368e-02,6.707398281947127283e-02,1.056968768728774044e-01,5.340613970833055918e-02,1.888359858826663129e-01,1.580209096357461651e-01,6.093094492908037590e-02,1.343976826263567903e-01,2.825464473596590587e-01,1.717386961443697069e-01,2.426749683691815929e-01,1.610341612838782632e-01,3.963840980222414767e-02,1.323500033295598455e-01,3.950522740893654128e-02,2.796830259039755073e-02,6.259572484517546276e-02,2.435573017247119956e-02,5.487114603449423644e-02,1.716388093494040229e-02,1.286874875141506315e-02,4.037091296530598977e-02,2.302390623959512522e-02,3.923886262236132155e-02,2.412266098421788491e-02,4.722980621961776759e-02,1.796297529466604412e-02,7.474861823266964328e-03,3.036558566957448316e-02,6.159685689551841481e-02,8.355530398881268195e-02,3.462742225477791896e-02,8.988146766997402726e-02,1.216621162682293422e-01,1.312512485849370580e-01,3.880601984417660077e-02,1.587534127988279864e-01,7.837783844975694525e-02,1.336485316641140009e-01,7.210161816607844887e-02,1.744522874076047114e-01,7.538123460078577365e-02,5.005993207697942426e-02,5.155823400146500313e-02,2.835120197109941911e-02,5.205766797629353404e-02,6.464340414197243534e-02,1.040154491576213563e-01,6.785642938003595692e-02,1.839914763268296061e-01,2.028867283745088845e-01,4.173603249650396224e-02,1.373609908770060672e-01,3.387660651261903411e-01,1.780648598255310522e-01,2.456382766198308698e-01,1.607511486981421100e-01,3.960511420390224607e-02,1.396250915628953759e-01
3.640873676499966488e-02,7.944329759605779639e-02,4.553173070520077220e-02,2.602051008856628989e-02,1.154358393820336948e-01,0.000000000000000000e+00,1.502130918292601813e-01,3.206366118399147508e-02,1.955949923420123859e-01,9.111340480788439333e-02,1.237930345608310584e-01,6.918825331291203473e-02,2.190184457614703373e-01,5.999866817606712421e-02,4.872810814410334646e-02,4.994339748285276520e-02,3.764067390291003790e-02,6.803955517080642612e-02,7.959312778850635706e-02,1.270892987946993513e-01,6.231271225943930264e-02,2.262269427981620784e-01,1.881867217153892213e-01,7.233468735433175312e-02,1.601185323300259589e-01,3.387827129253512815e-01,2.060331624159286168e-01,2.856429380035959142e-01,1.929313444762602303e-01,4.786242258773390490e-02,1.553739095691549499e-01,4.509888792701605142e-02,3.153093161084104951e-02,7.201837917027369140e-02,2.866751015515748777e-02,6.437703935539722255e-02,1.991076779649730150e-02,1.496637144569487946e-02,4.544849170939601474e-02,2.685290004661383678e-02,4.443297596057801252e-02,2.743557301724711822e-02,5.460478124791902366e-02,2.032696277552107494e-02,8.906572551108743463e-03,3.727442232136911338e-02,7.499833522008390874e-02,9.982020376906172721e-02,3.992142238796031473e-02,1.050476127056003128e-01,1.451521608843310829e-01,1.527435573017247028e-01,4.451621495638276305e-02,1.879370047279749489e-01,9.217886395418525836e-02,1.559732303389491925e-01,8.387161217287074366e-02,2.053006592528467678e-01,8.833322234800559947e-02,5.974895118865285876e-02,6.068122794166611045e-02,3.334554171938469702e-02,6.093094492908037590e-02,7.737897050009988342e-02,1.242758207364986350e-01,7.807817806485982393e-02,2.204335086901511587e-01,2.414097356329493183e-01,4.937737231138043803e-02,1.622993940201105378e-01,4.062229473263634372e-01,2.154058733435439965e-01,2.913198375174801957e-01,1.931477658653525942e-01,4.816208297263101928e-02,1.634480921622161465e-01
3.882266764333754810e-02,8.560298328560964065e-02,5.019311447026703066e-02,2.921688752746886761e-02,1.299860158487048112e-01,1.502130918292601813e-01,0.000000000000000000e+00,3.580941599520543611e-02,2.153226343477392390e-01,1.030498768062862031e-01,1.367616701072118246e-01,7.839448624891789952e-02,2.440400879003795653e-01,6.515948591596190664e-02,5.239062395951255002e-02,5.367250449490577197e-02,4.141972431244589359e-02,7.376639808217354266e-02,8.748418459079709830e-02,1.361124059399347330e-01,6.937137910368249005e-02,2.436738363188386547e-01,2.054005460478124656e-01,7.929346740360924961e-02,1.736198974495571645e-01,3.662682293400812417e-01,2.223813011919824334e-01,3.151594859159619344e-01,2.082972631018179532e-01,5.122527801824598714e-02,1.718718785376573133e-01,5.122527801824598714e-02,3.605913298261969463e-02,8.124125990544049658e-02,3.136445361923153458e-02,7.106945461809949238e-02,2.235799427315708979e-02,1.679762935339948124e-02,5.297329693014583146e-02,2.994939069055070971e-02,5.089232203502697116e-02,3.111473663181727259e-02,6.159685689551841481e-02,2.344010121861889867e-02,9.738962509156290359e-03,3.913897582739561676e-02,8.015915295997869117e-02,1.090597323033894867e-01,4.503229673037224823e-02,1.164513551308516970e-01,1.584870480122527736e-01,1.704568156089764919e-01,5.069254844509556157e-02,2.067323699806885573e-01,1.016514616767663359e-01,1.735033628554304985e-01,9.359392688286607975e-02,2.265099553838982593e-01,9.803888925883998129e-02,6.500965572351334598e-02,6.655790104548178765e-02,3.699140973563294632e-02,6.813944196577212398e-02,8.403809016448025859e-02,1.342645002330691839e-01,8.801691416394752387e-02,2.384464273823000691e-01,2.627189185589665077e-01,5.433841646134381087e-02,1.782146900179796267e-01,4.384197909036425256e-01,2.311713391489645109e-01,3.187887061330492156e-01,2.090131184657388341e-01,5.122527801824598714e-02,1.815608976493307547e-01
8.740094559499233737e-03,1.849570486781647316e-02,1.088766065126190244e-02,6.143037890390889988e-03,2.740227741892521662e-02,3.206366118399147508e-02,3.580941599520543611e-02,0.000000000000000000e+00,4.589798228674168978e-02,2.177532130252380488e-02,2.941666111740028067e-02,1.694745954584803843e-02,5.180795098887926858e-02,1.395085569687687203e-02,1.188652860091895906e-02,1.167010721182659694e-02,8.906572551108743463e-03,1.579876140374242635e-02,1.877871745355264022e-02,2.963308250649264106e-02,1.538256642471865290e-02,5.229073716454684523e-02,4.511553572617699875e-02,1.748018911899846747e-02,3.725777452220816605e-02,8.035892654991010076e-02,4.804554837850436022e-02,6.745688220017313774e-02,4.461610175134847478e-02,1.125391223280282349e-02,3.639208896583871755e-02,1.063794366384763872e-02,7.424918425784111063e-03,1.681427715256043204e-02,6.492641672770859372e-03,1.518279283478724158e-02,4.811213957514816515e-03,3.496037823799693842e-03,1.088766065126190244e-02,6.192981287873743253e-03,1.040487447559432579e-02,6.292868082839448915e-03,1.301857894386362208e-02,4.977691949124325374e-03,2.031031497636012675e-03,8.740094559499233737e-03,1.739695012319371348e-02,2.358993141106745586e-02,9.655723513351534629e-03,2.492175534394353020e-02,3.409469268162748645e-02,3.624225877339015689e-02,1.108743424119331376e-02,4.428314576812945186e-02,2.185856029832856234e-02,3.724112672304721178e-02,2.064327095957914360e-02,4.809549177598721609e-02,2.080974895118865159e-02,1.430045947925684229e-02,1.418392488513018496e-02,7.924352400612639374e-03,1.431710727841779308e-02,1.824598788040221117e-02,2.890057934341080242e-02,1.926150362922021686e-02,5.109209562495838075e-02,5.705200772457880848e-02,1.175334620763135093e-02,3.820669907438236507e-02,9.547512818805353740e-02,5.059266165012984984e-02,6.872211493640541236e-02,4.488246653792368757e-02,1.115402543783711869e-02,3.828993807018712253e-02
5.084237863754411529e-02,1.126390091229939466e-01,6.459346074448957253e-02,3.704135313311580219e-02,1.655623626556569084e-01,1.955949923420123859e-01,2.153226343477392390e-01,4.589798228674168978e-02,0.000000000000000000e+00,1.302690284344409644e-01,1.758839981354465010e-01,9.825531064793234515e-02,3.120796430711859637e-01,8.541985749483918533e-02,6.823932876073783571e-02,7.095292002397282638e-02,5.378903908903243103e-02,9.728973829659719186e-02,1.130385563028567658e-01,1.806286208963175099e-01,8.839981354464940266e-02,3.222015049610441606e-01,2.664646733701804826e-01,1.017014050742491849e-01,2.285409868815342638e-01,4.794066724379036915e-01,2.921022840780448937e-01,4.070053938869281351e-01,2.743723779716321642e-01,6.752347339681694094e-02,2.206665778784044629e-01,6.485982553106479920e-02,4.526536591862555942e-02,1.027169208230671871e-01,4.073716454684690735e-02,9.187920356928813703e-02,2.836784977026036991e-02,2.150895651594859209e-02,6.517613371512286091e-02,3.827329027102616826e-02,6.377771858560297991e-02,3.923886262236132155e-02,7.872744223213691550e-02,2.948325231404408386e-02,1.265232736232270103e-02,5.207431577545448831e-02,1.062462542451887842e-01,1.419391356462675613e-01,5.730172471199307394e-02,1.490144502896716960e-01,2.075148165412532553e-01,2.178697476193647287e-01,6.402743557301725230e-02,2.695611640141173382e-01,1.315176133715122986e-01,2.223646533928214652e-01,1.188486382100286398e-01,2.921855230738496512e-01,1.258740094559499256e-01,8.443763734434307777e-02,8.705134181261237059e-02,4.749617100619298038e-02,8.685156822268096100e-02,1.101418392488513059e-01,1.769161616834254436e-01,1.108077512152893379e-01,3.135779449956715981e-01,3.421455683558633498e-01,6.943797030032629325e-02,2.316707731237930279e-01,5.752314044083371991e-01,3.064193913564626781e-01,4.148964506892188764e-01,2.747386295531730749e-01,6.815608976493307825e-02,2.331857228474395749e-01
2.400612639009122931e-02,5.240727175867350429e-02,3.056535925950589275e-02,1.776320170473463453e-02,7.945994539521875066e-02,9.111340480788439333e-02,1.030498768062862031e-01,2.177532130252380488e-02,1.302690284344409644e-01,0.000000000000000000e+00,8.343876939468601595e-02,4.739628421122727558e-02,1.478990477458879960e-01,4.048744755943264190e-02,3.173070520077245910e-02,3.304588133448758264e-02,2.518812013051874646e-02,4.481587534127988437e-02,5.308983152427249053e-02,8.323899580475460636e-02,4.220217087301058462e-02,1.485150163148431790e-01,1.253079842844775915e-01,4.807884397682626182e-02,1.064293800359592396e-01,2.240627289072384676e-01,1.355297329693014585e-01,1.912499167610041961e-01,1.267230472131584129e-01,3.169740960245055750e-02,1.043317573416794319e-01,3.063195045614969594e-02,2.142571752014383810e-02,4.897782513151761191e-02,1.907837783844975807e-02,4.401678098155423907e-02,1.381767330358926564e-02,1.010521409069720968e-02,3.124791902510488245e-02,1.826263567956316197e-02,3.041552906705733555e-02,1.854564826529932903e-02,3.724112672304721178e-02,1.408403809016448016e-02,5.876673103815675467e-03,2.438902577079310116e-02,4.907771192648331671e-02,6.619164946394086313e-02,2.721915162815475783e-02,7.116934141306519024e-02,9.570819737630685553e-02,1.032662981953785669e-01,3.046547246454018795e-02,1.252746886861556830e-01,6.206299527202503719e-02,1.050809083039222214e-01,5.700206432709595955e-02,1.373609908770060672e-01,5.983219018445761622e-02,3.953852300725844288e-02,4.042085636278883870e-02,2.242458546980089298e-02,4.107012053006592334e-02,5.112539122328028235e-02,8.185722847439567962e-02,5.330625291336485438e-02,1.452187520809749000e-01,1.599354065392555035e-01,3.282945994539521878e-02,1.081274555503762419e-01,2.680628620896317593e-01,1.419724312445894698e-01,1.951455017646667178e-01,1.272058333888259896e-01,3.166411400412865590e-02,1.098588266631151389e-01
3.247985616301524853e-02,7.103615901977758385e-02,4.112006392754877920e-02,2.360657921022840666e-02,1.053972164879802831e-01,1.237930345608310584e-01,1.367616701072118246e-01,2.941666111740028067e-02,1.758839981354465010e-01,8.343876939468601595e-02,0.000000000000000000e+00,6.352800159818872139e-02,1.979423320237064798e-01,5.428847306386095500e-02,4.323433442098954804e-02,4.476593194379702850e-02,3.424452287407604711e-02,6.078111473663181524e-02,7.173536658453752435e-02,1.135712858760071914e-01,5.696876872877405795e-02,2.023040554038756100e-01,1.692748218685489747e-01,6.475993873609908746e-02,1.441865885329959296e-01,3.037390956915495543e-01,1.841413065192781529e-01,2.579077046014516816e-01,1.725377905040953452e-01,4.313444762602383631e-02,1.394086701738030121e-01,4.115335952587068080e-02,2.871745355264034016e-02,6.479323433442099600e-02,2.563761070786442151e-02,5.888326563228341026e-02,1.836252247452886677e-02,1.348471732037024619e-02,4.171938469734300797e-02,2.425584337750549477e-02,4.028767396950123231e-02,2.478857295065592381e-02,4.989345408536991627e-02,1.871212625690883702e-02,8.024239195578344169e-03,3.281281214623426451e-02,6.669108343876939404e-02,8.926549910101884422e-02,3.644203236332156648e-02,9.512552440567356715e-02,1.307018712126256921e-01,1.384264500233069184e-01,4.075381234600785468e-02,1.701238596257574620e-01,8.365519078377837980e-02,1.411566890857028633e-01,7.629686355463807801e-02,1.857061996404075488e-01,8.010920956249584224e-02,5.294000133182392986e-02,5.493773723113804658e-02,3.003262968635546371e-02,5.512086302190850190e-02,6.895518412465871660e-02,1.110907638010255050e-01,7.088632882732902318e-02,1.968269294799227520e-01,2.158553639208896646e-01,4.388359858826663268e-02,1.467836452021042681e-01,3.623227009389358710e-01,1.933808350536059262e-01,2.630352267430245972e-01,1.734534194579476496e-01,4.331757341679429857e-02,1.470500099886795087e-01
1.864553506026503382e-02,3.963840980222414767e-02,2.315708863288273162e-02,1.356795631617500192e-02,6.066458014250516312e-02,6.918825331291203473e-02,7.839448624891789952e-02,1.694745954584803843e-02,9.825531064793234515e-02,4.739628421122727558e-02,6.352800159818872139e-02,0.000000000000000000e+00,1.126556569221548870e-01,3.059865485782779435e-02,2.483851634813877621e-02,2.475527735233402221e-02,1.927815142838116766e-02,3.397815808750083433e-02,4.048744755943264190e-02,6.302856762336019047e-02,3.281281214623426451e-02,1.122394619431311136e-01,9.604115335952587151e-02,3.719118332556436285e-02,8.039222214823200929e-02,1.713225011653459473e-01,1.026836252247452924e-01,1.453019910767796574e-01,9.577478857295065873e-02,2.375640940267696732e-02,7.949324099354065920e-02,2.344010121861889867e-02,1.633149097689285539e-02,3.762402610374908363e-02,1.451688086834920441e-02,3.311247253113138583e-02,1.045481787307717993e-02,7.707931011520277251e-03,2.405606978757408171e-02,1.386761670107211804e-02,2.335686222281414468e-02,1.428381168009589149e-02,2.810148498368515713e-02,1.080442165545714844e-02,4.511553572617699528e-03,1.876206965439168942e-02,3.700805753479390059e-02,5.022641006858893226e-02,2.089298794699340905e-02,5.382233468735433263e-02,7.233468735433175312e-02,7.839448624891789952e-02,2.358993141106745586e-02,9.457614703336218731e-02,4.709662382633016120e-02,7.987614037424252411e-02,4.405007657987614067e-02,1.042984617433575234e-01,4.489911433708463490e-02,3.043217686621828635e-02,3.063195045614969594e-02,1.701405074249184163e-02,3.123127122594393165e-02,3.852300725844043372e-02,6.186322168209362760e-02,4.135313311580209039e-02,1.095425184790570633e-01,1.218119464606779029e-01,2.527135912632350045e-02,8.172404608110807323e-02,2.038023573283611889e-01,1.070287008057534822e-01,1.477991609509222981e-01,9.604115335952587151e-02,2.375640940267696732e-02,8.348871279216887875e-02
5.750149830192448352e-02,1.252247452886728341e-01,7.258440434174602551e-02,4.246853565958580434e-02,1.881534261170673128e-01,2.190184457614703373e-01,2.440400879003795653e-01,5.180795098887926858e-02,3.120629952720250233e-01,1.478990477458879960e-01,1.979423320237064798e-01,1.126556569221548870e-01,0.000000000000000000e+00,9.570819737630685553e-02,7.677964973030565465e-02,7.857761203968835484e-02,6.031497636012519287e-02,1.078610907638010291e-01,1.266398082173536555e-01,1.993074515549044523e-01,1.000366251581540911e-01,3.559299460611307087e-01,2.984284477592062390e-01,1.152860091895851341e-01,2.541286541919158259e-01,5.369081707398282166e-01,3.249317440234401055e-01,4.584304454951055319e-01,3.046214290470799502e-01,7.508157421588866620e-02,2.495005660251714830e-01,7.300059932076979896e-02,5.155823400146500313e-02,1.173336884863821067e-01,4.548178730771791634e-02,1.030831724046081116e-01,3.216354797895717987e-02,2.427249117666644557e-02,7.479856163015249915e-02,4.328427781847239697e-02,7.290071252580408723e-02,4.459945395218752051e-02,8.853299593793700906e-02,3.354531530931610661e-02,1.395085569687687203e-02,5.853366184990344001e-02,1.175334620763135163e-01,1.586868216021841971e-01,6.470999533861623854e-02,1.683591929146966704e-01,2.304721315842045704e-01,2.464040753812345996e-01,7.316707731237930001e-02,2.997769194912432433e-01,1.467503496037823874e-01,2.509988679496570341e-01,1.353299593793700351e-01,3.285276686422055059e-01,1.419224878471066209e-01,9.504228540986880969e-02,9.677365652260770668e-02,5.340613970833055918e-02,9.825531064793234515e-02,1.230605313977492232e-01,1.966438036891522967e-01,1.274222547779183534e-01,3.484717320370246951e-01,3.840147832456549115e-01,7.867749883465405270e-02,2.587567423586601967e-01,6.442531797296396912e-01,3.376173669840846769e-01,4.636578544316441453e-01,3.044549510554704908e-01,7.519810881001531833e-02,2.630851701405074183e-01
1.529932742891389717e-02,3.431111407071985031e-02,1.949457281747353152e-02,1.143703802357328402e-02,5.052607045348604664e-02,5.999866817606712421e-02,6.515948591596190664e-02,1.395085569687687203e-02,8.541985749483918533e-02,4.048744755943264190e-02,5.428847306386095500e-02,3.059865485782779435e-02,9.570819737630685553e-02,0.000000000000000000e+00,2.077645335286674999e-02,2.159219551175334609e-02,1.659785576346806818e-02,2.916694412998601521e-02,3.427781847239794871e-02,5.503762402610375137e-02,2.690284344409668918e-02,9.772258107478191957e-02,8.107478191383099553e-02,3.094825864020776460e-02,6.910501431710727727e-02,1.453685822734234467e-01,8.949856828927216235e-02,1.243590597323033925e-01,8.295598321901843930e-02,2.077645335286674999e-02,6.764000799094359306e-02,1.954451621495638391e-02,1.395085569687687203e-02,3.126456682426582978e-02,1.236931477658653571e-02,2.783512019710994087e-02,8.706798961177332138e-03,6.475993873609908573e-03,1.994406339481920656e-02,1.160351601518279201e-02,1.951122061663448232e-02,1.210294999001132119e-02,2.375640940267696732e-02,9.006459346074448258e-03,3.862289405340614025e-03,1.561563561297196583e-02,3.188053539322101282e-02,4.280149164280482033e-02,1.726376772990610708e-02,4.568156089764933286e-02,6.276220283678497769e-02,6.649130984883798445e-02,1.946127721915162645e-02,8.149097689285476898e-02,4.058733435439834669e-02,6.815608976493307825e-02,3.672504494905773353e-02,8.959845508423786020e-02,3.825664247186522093e-02,2.563761070786442151e-02,2.668642205500432879e-02,1.455017646667110601e-02,2.643670506759006333e-02,3.336218951854565129e-02,5.382233468735433263e-02,3.407804488246653912e-02,9.504228540986880969e-02,1.038656189651728096e-01,2.107611373776386784e-02,7.076979423320237106e-02,1.756675767463541371e-01,9.242858094159951687e-02,1.262402610374908363e-01,8.312246121062795423e-02,2.056003196377438960e-02,7.071985083571952213e-02
1.371778650862355911e-02,2.768529000466138368e-02,1.634813877605380619e-02,9.006459346074448258e-03,4.028767396950123231e-02,4.872810814410334646e-02,5.239062395951255002e-02,1.188652860091895906e-02,6.823932876073783571e-02,3.173070520077245910e-02,4.323433442098954804e-02,2.483851634813877621e-02,7.677964973030565465e-02,2.077645335286674999e-02,0.000000000000000000e+00,1.749683691815941827e-02,1.306852234134647447e-02,2.383964839848172132e-02,2.790171139375374407e-02,4.489911433708463490e-02,2.264100685889325337e-02,7.892721582206832509e-02,6.838915895318638249e-02,2.670306985416527959e-02,5.517080641939135777e-02,1.217786508623559943e-01,7.270093893587267764e-02,1.000366251581540911e-01,6.732369980688553135e-02,1.674768595591662884e-02,5.458813344875807633e-02,1.548245321968435770e-02,1.100419524538855977e-02,2.543783711793300845e-02,1.002197509489245568e-02,2.217486848238662753e-02,6.892188852633682021e-03,5.260704534860491562e-03,1.574881800625957395e-02,9.356063128454418509e-03,1.568222680961576729e-02,9.622427915029633030e-03,1.892854764600119741e-02,7.191849237530798140e-03,3.079842844775920827e-03,1.388426450023306884e-02,2.618698808017580135e-02,3.529333422121595787e-02,1.413398148764733256e-02,3.685822734234533993e-02,5.087567423586601689e-02,5.365585669574482464e-02,1.639808217353665859e-02,6.560897649330758863e-02,3.226343477392288467e-02,5.480455483785043325e-02,3.073183725111540421e-02,7.176866218285943289e-02,3.073183725111540421e-02,2.195844709329426714e-02,2.109276153692481864e-02,1.180328960511420333e-02,2.117600053272957264e-02,2.710261703402810224e-02,4.381700739162282948e-02,2.853432776186988137e-02,7.714590131184657917e-02,8.668509023107144607e-02,1.812945328627555558e-02,5.673569954052073983e-02,1.454185256709062957e-01,7.556436039155624285e-02,1.019677698608243976e-01,6.705733502031031856e-02,1.653126456682426498e-02,5.753479390024638512e-02
1.295198774721981715e-02,2.886728374508890083e-02,1.631484317773190459e-02,9.222880735166810381e-03,4.140307651328494626e-02,4.994339748285276520e-02,5.367250449490577197e-02,1.167010721182659694e-02,7.095292002397282638e-02,3.304588133448758264e-02,4.476593194379702850e-02,2.475527735233402221e-02,7.857761203968835484e-02,2.159219551175334609e-02,1.749683691815941827e-02,0.000000000000000000e+00,1.370113870946260831e-02,2.428913897582739637e-02,2.861756675767463537e-02,4.638076846240926643e-02,2.249117666644469618e-02,8.235666244922421053e-02,6.768995138842645587e-02,2.567090630618632310e-02,5.776786308849970325e-02,1.222114936405407221e-01,7.459878804022108956e-02,1.028667510155157477e-01,7.023706466005194549e-02,1.749683691815941827e-02,5.570353599254178334e-02,1.603183059199573754e-02,1.133715122860757749e-02,2.550442831457681164e-02,1.015515748818006207e-02,2.307384963707797762e-02,7.075314643404141679e-03,5.377239128987148023e-03,1.626489978024905220e-02,9.522541120063928236e-03,1.584870480122527875e-02,9.788905906639142757e-03,1.959445961243923631e-02,7.241792635013651405e-03,3.163081840580675257e-03,1.326829593127788580e-02,2.711926483318905304e-02,3.572617699940067865e-02,1.426716388093494069e-02,3.774056069787574269e-02,5.259039754944396655e-02,5.498768062862089551e-02,1.606512619031763914e-02,6.817273756409403251e-02,3.329559832190184115e-02,5.635280015981887491e-02,2.983285609642405412e-02,7.419924086035825650e-02,3.179729639741626229e-02,2.125923952853432664e-02,2.217486848238662753e-02,1.201971099420656545e-02,2.192515149497236554e-02,2.798495038955850153e-02,4.484917093960178597e-02,2.790171139375374407e-02,7.979290137843776665e-02,8.658520343610574821e-02,1.748018911899846747e-02,5.893320902976626613e-02,1.466171672104947810e-01,7.791170007325032287e-02,1.049477259106346150e-01,6.988746087767197523e-02,1.739695012319371348e-02,5.870013984151295494e-02
9.822201504961044355e-03,2.164213890923619849e-02,1.265232736232270103e-02,7.208497036691748940e-03,3.199706998734767188e-02,3.764067390291003790e-02,4.141972431244589359e-02,8.906572551108743463e-03,5.378903908903243103e-02,2.518812013051874646e-02,3.424452287407604711e-02,1.927815142838116766e-02,6.031497636012519287e-02,1.659785576346806818e-02,1.306852234134647447e-02,1.370113870946260831e-02,0.000000000000000000e+00,1.862888726110408302e-02,2.202503828993807033e-02,3.476060464806552536e-02,1.696410734500898923e-02,6.176333488712792280e-02,5.159152959978690473e-02,1.976093760404874430e-02,4.400013318239328480e-02,9.264500233069188073e-02,5.636944795897982224e-02,7.872744223213691550e-02,5.255710195112206495e-02,1.308517014050742527e-02,4.270160484783911553e-02,1.233601917826463411e-02,8.723446760338282938e-03,1.987747219817539990e-02,7.741226609842178849e-03,1.794632749550509332e-02,5.510421522274755284e-03,4.112006392754877747e-03,1.248584937071319130e-02,7.391622827462209465e-03,1.236931477658653571e-02,7.558100819071718324e-03,1.513284943730438918e-02,5.743490710528068206e-03,2.497169874142638520e-03,9.888792701604847551e-03,2.034361057468202574e-02,2.743557301724711822e-02,1.107078644203236296e-02,2.863421455683558617e-02,3.983818339215555726e-02,4.200239728307917503e-02,1.241925817406938810e-02,5.174135979223546539e-02,2.545448491709395925e-02,4.308450422854098738e-02,2.312379303456083002e-02,5.641939135646267811e-02,2.440567356995405196e-02,1.629819537857095380e-02,1.679762935339948124e-02,9.156289538523007185e-03,1.686422055004328444e-02,2.112605713524672024e-02,3.407804488246653912e-02,2.137577412266098570e-02,6.028168076180329127e-02,6.552573749750283116e-02,1.335153492708263979e-02,4.456615835386561891e-02,1.106246254245188826e-01,5.889991343144436453e-02,8.027568755410534329e-02,5.270693214357061868e-02,1.308517014050742527e-02,4.503229673037224823e-02
1.758007591396417227e-02,3.877272424585469918e-02,2.244123326896184378e-02,1.283545315309316155e-02,5.695212092961310368e-02,6.803955517080642612e-02,7.376639808217354266e-02,1.579876140374242635e-02,9.728973829659719186e-02,4.481587534127988437e-02,6.078111473663181524e-02,3.397815808750083433e-02,1.078610907638010291e-01,2.916694412998601521e-02,2.383964839848172132e-02,2.428913897582739637e-02,1.862888726110408302e-02,0.000000000000000000e+00,3.930545381900512475e-02,6.282879403342878089e-02,3.041552906705733555e-02,1.119398015582340061e-01,9.249517213824332007e-02,3.540986881534260999e-02,7.842778184723979418e-02,1.662782180195778170e-01,1.014017446893520635e-01,1.409236198974495591e-01,9.557501498301924914e-02,2.344010121861889867e-02,7.634680695212092694e-02,2.207498168742092273e-02,1.571552240793767236e-02,3.567623360191782972e-02,1.393420789771592123e-02,3.138110141839248884e-02,9.605780115868682231e-03,7.424918425784111063e-03,2.264100685889325337e-02,1.305187454218552368e-02,2.220816408070852913e-02,1.371778650862355911e-02,2.713591263235000384e-02,1.020510088566291620e-02,4.378371179330092268e-03,1.772990610641273293e-02,3.674169274821868780e-02,4.939402011054138536e-02,1.974428980488779350e-02,5.090896983418791849e-02,7.168542318705467542e-02,7.509822201504960659e-02,2.222481187986947992e-02,9.316108410468136591e-02,4.514883132449890035e-02,7.691283212359326105e-02,4.098688153426117281e-02,1.009522541120063954e-01,4.331757341679429857e-02,2.935006992075647747e-02,3.024905107544782409e-02,1.649796896850236338e-02,3.021575547712592250e-02,3.822334687354331934e-02,6.161350469467936214e-02,3.802357328361190975e-02,1.090264367050675920e-01,1.181327828461077450e-01,2.413930878337883570e-02,8.042551774655390395e-02,1.990910301658120884e-01,1.056302856762336012e-01,1.428880601984417742e-01,9.454285143504029265e-02,2.330691882533129228e-02,8.080841712725578274e-02
2.094293134447626145e-02,4.534860491443030994e-02,2.661983085836052559e-02,1.509955383898248585e-02,6.707398281947127283e-02,7.959312778850635706e-02,8.748418459079709830e-02,1.877871745355264022e-02,1.130385563028567658e-01,5.308983152427249053e-02,7.173536658453752435e-02,4.048744755943264190e-02,1.266398082173536555e-01,3.427781847239794871e-02,2.790171139375374407e-02,2.861756675767463537e-02,2.202503828993807033e-02,3.930545381900512475e-02,0.000000000000000000e+00,7.310048611573549682e-02,3.634214556835586168e-02,1.296031164680029324e-01,1.089931411067456835e-01,4.201904508224012930e-02,9.182926017180528810e-02,1.948791369780915050e-01,1.183658520343610632e-01,1.654291802623693020e-01,1.109742292068988528e-01,2.741892521808616742e-02,8.934873809682360168e-02,2.600386228940533909e-02,1.829593127788506357e-02,4.171938469734300797e-02,1.639808217353665859e-02,3.734101351801291657e-02,1.155357261769993961e-02,8.673503362855430540e-03,2.658653526003862400e-02,1.548245321968435770e-02,2.585403209695678189e-02,1.589864819870813115e-02,3.213025238063527828e-02,1.200306319504561466e-02,5.177465539055736699e-03,2.080974895118865159e-02,4.295132183525338099e-02,5.798428447759206017e-02,2.335686222281414468e-02,6.033162415928614020e-02,8.408803356196310752e-02,8.831657454884464520e-02,2.610374908437104735e-02,1.094759272824132601e-01,5.350602650329626397e-02,9.028101484983684644e-02,4.862822134913764166e-02,1.186322168209362760e-01,5.132516481321169194e-02,3.396151028833988006e-02,3.509356063128454134e-02,1.941133382166877405e-02,3.554305120863021639e-02,4.439968036225611092e-02,7.116934141306519024e-02,4.493240993540653649e-02,1.266564560165146236e-01,1.378437770526736439e-01,2.836784977026036991e-02,9.377705267363654895e-02,2.317040687221149364e-01,1.243091163348205436e-01,1.683758407138576385e-01,1.110241726043817018e-01,2.768529000466138368e-02,9.467603382832789904e-02
3.307917693280948424e-02,7.280082573083838937e-02,4.171938469734300797e-02,2.342345341945794787e-02,1.056968768728774044e-01,1.270892987946993513e-01,1.361124059399347330e-01,2.963308250649264106e-02,1.806286208963175099e-01,8.323899580475460636e-02,1.135712858760071914e-01,6.302856762336019047e-02,1.993074515549044523e-01,5.503762402610375137e-02,4.489911433708463490e-02,4.638076846240926643e-02,3.476060464806552536e-02,6.282879403342878089e-02,7.308383831657454255e-02,0.000000000000000000e+00,5.695212092961310368e-02,2.095125524405673512e-01,1.727042684957048602e-01,6.602517147233136208e-02,1.466005194113338128e-01,3.100985549710328359e-01,1.899347406272890726e-01,2.608377172537790778e-01,1.787474195911300523e-01,4.396683758407138320e-02,1.416894186588532889e-01,4.017113937537457324e-02,2.838449756942132418e-02,6.524272491176666411e-02,2.590397549443963429e-02,5.870013984151295494e-02,1.784644070053938852e-02,1.361789971365785432e-02,4.073716454684690735e-02,2.418925218086169157e-02,4.052074315775454350e-02,2.513817673303589406e-02,4.986015848704801467e-02,1.882866085103549261e-02,8.157421588865952297e-03,3.396151028833988006e-02,6.855563694479589743e-02,9.151295198774722639e-02,3.647532796164346808e-02,9.522541120063927889e-02,1.327994939069055136e-01,1.387594060065259483e-01,4.095358593593927121e-02,1.718552307384963729e-01,8.452087634014783524e-02,1.424052740227741976e-01,7.657987614037424506e-02,1.874875141506292808e-01,8.025903975494440290e-02,5.492108943197709231e-02,5.653592595058933024e-02,3.073183725111540421e-02,5.563694479589798014e-02,7.123593260970899343e-02,1.143537324365718894e-01,7.121928481054803917e-02,2.022707598055537015e-01,2.205833388825997332e-01,4.486581873876273330e-02,1.496137710594659387e-01,3.724112672304721317e-01,1.987081307851102097e-01,2.667310381567556954e-01,1.759672371312512584e-01,4.396683758407138320e-02,1.490643936871545450e-01
1.674768595591662884e-02,3.564293800359592118e-02,2.064327095957914360e-02,1.186988080175800826e-02,5.340613970833055918e-02,6.231271225943930264e-02,6.937137910368249005e-02,1.538256642471865290e-02,8.839981354464940266e-02,4.220217087301058462e-02,5.696876872877405795e-02,3.281281214623426451e-02,1.000366251581540911e-01,2.690284344409668918e-02,2.264100685889325337e-02,2.249117666644469618e-02,1.696410734500898923e-02,3.041552906705733555e-02,3.634214556835586168e-02,5.695212092961310368e-02,0.000000000000000000e+00,1.013018578943863657e-01,8.645202104281814182e-02,3.346207631351135608e-02,7.175201438369847862e-02,1.538090164480255817e-01,9.276153692481853286e-02,1.296530598654857813e-01,8.663514683358859714e-02,2.155889991343144449e-02,7.033695145501764334e-02,2.084304454951055319e-02,1.436705067590064548e-02,3.264633415462475652e-02,1.275221415728840582e-02,2.910035293334221201e-02,9.206232936005859582e-03,6.825597655989877957e-03,2.129253512685622823e-02,1.201971099420656545e-02,2.037690617300392734e-02,1.245255377239128970e-02,2.508823333555303819e-02,9.505893320902977436e-03,3.962176200306319687e-03,1.661450356262901898e-02,3.349537191183325768e-02,4.469934074715322531e-02,1.864553506026503382e-02,4.812878737430911769e-02,6.539255510421522477e-02,7.007058666844243056e-02,2.132583072517812983e-02,8.475394552840113949e-02,4.200239728307917503e-02,7.138576280215755410e-02,3.947193181061463968e-02,9.321102750216421484e-02,4.007125258040886845e-02,2.738562961976426582e-02,2.740227741892521662e-02,1.521608843310914318e-02,2.776852900046613767e-02,3.444429646400745670e-02,5.513751082106945617e-02,3.687487514150629420e-02,9.788905906639142063e-02,1.097589398681494272e-01,2.249117666644469618e-02,7.354997669308117880e-02,1.830924951721382421e-01,9.645734833854964496e-02,1.319171605513751178e-01,8.651861223946194501e-02,2.157554771259239529e-02,7.361656788972498200e-02
