0.000000000000000000e+00,8.851172552240167690e-03,5.957269302465031599e-03,3.311042456949930303e-03,1.453469424999674110e-02,1.909715432847105404e-02,2.351622280447903182e-02,4.497282077353251424e-03,2.146963356927769628e-02,1.295738662286704916e-02,1.650306988385280213e-02,8.955457354033866460e-03,2.913456650111454285e-02,9.907056170401365783e-03,7.495470128922086285e-03,7.339042926231538130e-03,6.100660904931367624e-03,1.124972299349523593e-02,9.946162971074003906e-03,1.835412511569095226e-02,6.817618917263045149e-03,3.167650854483594625e-02,2.659262445739313946e-02,9.164026957621264000e-03,2.641012605425416965e-02,5.464523613989805823e-02,3.258900056053080918e-02,4.269159073429536211e-02,3.230221735559813540e-02,7.091366521971504203e-03,2.106552996232711680e-02,9.268311759414962769e-03,5.096919687667018917e-03,9.346525360760235546e-03,6.217981306949278524e-03,9.020635355154928842e-03,3.610861262106813616e-03,2.893903249775136091e-03,8.368855343944311964e-03,5.149062088563868302e-03,7.013152920626230559e-03,4.301748073990066881e-03,6.726369715693559376e-03,2.333372440134005854e-03,2.320336839909793725e-03,5.162097688788080431e-03,8.069036538787427784e-03,1.368738023542294055e-02,5.005670486097532276e-03,1.319202742690287096e-02,1.879733552331417160e-02,2.244730358609362333e-02,5.670486097532361283e-03,2.468942682465814081e-02,1.265756781771016672e-02,2.131320636658715073e-02,1.632057148071382885e-02,2.788314887959016108e-02,9.659379766141331855e-03,1.323113422757550908e-02,8.121178939684278036e-03,4.588531278922738064e-03,9.281347359639174899e-03,1.046758698004249602e-02,1.678985308878547245e-02,1.058490738206040692e-02,3.175472214618121902e-02,3.535254780806382224e-02,8.160285740356914425e-03,2.158695397129560892e-02,6.962314079751802387e-02,3.150704574192118856e-02,3.835073585963265363e-02,2.903028169932084582e-02,6.100660904931367624e-03,2.045285675178913631e-02
8.851172552240167690e-03,0.000000000000000000e+00,1.328327662847235760e-02,7.456363328249449030e-03,3.274542776322135473e-02,4.318694354281542996e-02,5.313310651388943040e-02,1.042848017936985963e-02,4.867493123720881970e-02,2.938224290537457678e-02,3.763377784730097958e-02,2.064839075515232172e-02,6.612959993742911768e-02,2.235605438452413496e-02,1.728520589730554030e-02,1.663342588609492689e-02,1.384380743811348784e-02,2.528906443497190917e-02,2.253855278766310824e-02,4.215713112510265786e-02,1.564272026905478771e-02,7.260829324886264313e-02,6.094143104819261386e-02,2.118285036434502597e-02,5.991161863047984176e-02,1.260803253685816028e-01,7.391185327128386995e-02,9.677629606455229183e-02,7.336435806186696051e-02,1.576004067107270035e-02,4.832297003115508527e-02,2.106552996232711680e-02,1.192757420515427706e-02,2.196498637779776414e-02,1.458683665089358962e-02,2.072660435649759450e-02,8.199392541029552547e-03,6.674227314796709991e-03,1.892769152555629289e-02,1.211007260829324861e-02,1.629450028026540459e-02,9.894020570177153653e-03,1.543415066546739191e-02,5.279418090805991330e-03,5.396738492823902229e-03,1.140615019618578321e-02,1.847144551770886142e-02,3.098562173295269298e-02,1.158864859932475649e-02,2.981241771277358399e-02,4.249605673093217323e-02,5.128205128205128027e-02,1.304863582443653580e-02,5.602700976366456476e-02,2.839153728833444107e-02,4.815350722824032759e-02,3.741217264348936644e-02,6.320962548720555907e-02,2.182159477533143072e-02,3.037294852241471596e-02,1.861483712017519832e-02,1.032419537757616086e-02,2.130017076636293860e-02,2.363354320649694446e-02,3.795966785290628975e-02,2.412889601501701231e-02,7.279079165200161294e-02,8.069036538787428825e-02,1.866697952107204683e-02,4.923546204684994820e-02,1.600641351531031376e-01,7.127866202599299206e-02,8.686923989415092084e-02,6.645548994303442092e-02,1.346577503161133088e-02,4.656316400088642005e-02
5.957269302465031599e-03,1.328327662847235760e-02,0.000000000000000000e+00,4.979599285649108018e-03,2.197802197802197974e-02,2.891296129730293318e-02,3.519612060537327669e-02,7.065295321523079944e-03,3.258900056053080918e-02,1.947518673497321273e-02,2.536727803631718195e-02,1.319202742690287096e-02,4.399515075671659586e-02,1.538200826457054166e-02,1.153650619842790624e-02,1.123668739327102380e-02,9.424738962105510057e-03,1.681592428923389670e-02,1.544718626569160404e-02,2.840457288855865320e-02,1.033723097780037299e-02,4.868796683743303183e-02,4.084053550245721198e-02,1.383077183788927571e-02,4.005839948900447034e-02,8.298463102733565078e-02,4.979599285649107671e-02,6.479996871455946661e-02,4.919635524617731182e-02,1.065008538318146930e-02,3.209364775201074133e-02,1.367434463519872842e-02,7.938680536545304756e-03,1.462594345156622774e-02,9.476881363002360309e-03,1.406541264192509751e-02,5.540130095290237387e-03,4.484246477129039295e-03,1.224042861053537164e-02,7.951716136769516885e-03,1.091079738766571536e-02,6.609049313675648477e-03,1.065008538318146930e-02,3.467469659640478024e-03,3.571754461434176794e-03,8.029929738114791396e-03,1.240989141345013279e-02,2.075267555694601876e-02,7.521541329370510544e-03,1.974893433968167092e-02,2.839153728833444107e-02,3.399684538474573997e-02,8.694745349549620403e-03,3.729485224147145728e-02,1.911018992869526617e-02,3.185900694797491606e-02,2.441567921994968263e-02,4.189641912061840834e-02,1.503004705851680896e-02,2.012696674618382961e-02,1.235774901255328254e-02,6.961010519729381174e-03,1.419576864416722053e-02,1.589039667331482164e-02,2.564102564102564014e-02,1.583825427241797312e-02,4.850546843429405508e-02,5.357631692151264974e-02,1.250114061501961943e-02,3.269328536232450622e-02,1.066833522349536628e-01,4.757994081837498002e-02,5.795627859684799460e-02,4.411247115873450503e-02,9.203133758293900388e-03,3.118115573631587839e-02
3.311042456949930303e-03,7.456363328249449030e-03,4.979599285649108018e-03,0.000000000000000000e+00,1.234471341232907041e-02,1.622932227914434394e-02,2.000964634416591698e-02,3.858537666366847977e-03,1.813251991187934259e-02,1.115847379192574929e-02,1.414362624327037202e-02,7.821360134527393856e-03,2.488496082802132622e-02,8.329748543271675576e-03,6.465657711209312451e-03,6.165838906052429139e-03,5.266382490581779201e-03,9.411703361881297927e-03,8.499211346186434993e-03,1.555147106748530281e-02,5.879055701119757955e-03,2.706190606546478306e-02,2.274712239125050578e-02,7.990822937442155008e-03,2.240819678542098348e-02,4.724101521254546465e-02,2.740083167129430536e-02,3.621289742286183666e-02,2.737476047084588110e-02,5.879055701119757955e-03,1.831501831501831587e-02,7.873502535424244109e-03,4.536388878025888680e-03,8.368855343944311964e-03,5.540130095290237387e-03,7.664932931836846569e-03,3.063366052689895942e-03,2.528906443497190831e-03,7.065295321523079944e-03,4.510317677577464421e-03,6.204945706725066394e-03,3.806395265469998592e-03,5.813877699998696441e-03,1.981411234080273157e-03,2.007482434528697849e-03,4.392997275559553522e-03,6.882796918384106663e-03,1.167989780089424140e-02,4.432104076232189910e-03,1.130186539439208444e-02,1.598164587488431002e-02,1.935786633295530010e-02,4.875314483855409248e-03,2.084392475851550713e-02,1.058490738206040692e-02,1.809341311120670620e-02,1.416969744371879628e-02,2.386818401053276625e-02,8.238499341702188936e-03,1.140615019618578321e-02,6.895832518608319660e-03,3.806395265469998592e-03,7.951716136769516885e-03,8.903314953137017942e-03,1.403934144147667325e-02,9.098848956500201618e-03,2.698369246411951028e-02,3.021652131972416694e-02,7.000117320402017562e-03,1.849751671815728915e-02,6.015929503473987222e-02,2.635798365335731766e-02,3.218489695358022623e-02,2.468942682465814081e-02,4.875314483855409248e-03,1.755895350201400196e-02
1.452165864977252897e-02,3.274542776322135473e-02,2.197802197802197974e-02,1.234471341232907041e-02,0.000000000000000000e+00,7.086152281881819004e-02,8.756012670603417758e-02,1.671163948744019967e-02,8.009072777756051642e-02,4.892260764146885016e-02,6.233624027218333252e-02,3.367095537914042980e-02,1.090427958755360860e-01,3.685164183384823794e-02,2.788314887959016108e-02,2.719226206770690782e-02,2.307301239685581248e-02,4.166177831658259001e-02,3.736003024259251792e-02,6.825440277397572253e-02,2.553674083923194310e-02,1.185196772385384428e-01,9.887502770065047242e-02,3.427059298945420163e-02,9.877074289885677538e-02,2.043460691147523933e-01,1.213614380874167287e-01,1.595427111441346246e-01,1.206184088746366373e-01,2.641012605425416965e-02,7.907395096007195645e-02,3.466166099618057245e-02,1.956643593654269764e-02,3.561325981254807177e-02,2.377693480896327788e-02,3.432273539035105014e-02,1.359613103385345391e-02,1.089776178744150323e-02,3.107687093452218136e-02,1.948822233519742486e-02,2.643619725470259391e-02,1.620325107869591968e-02,2.581048844394040129e-02,8.864208152464379820e-03,8.642602948652770151e-03,1.899286952667735701e-02,3.013830771837889416e-02,5.089098327532490945e-02,1.908411872824684191e-02,4.940492484976470589e-02,7.005331560491702414e-02,8.487479305984643729e-02,2.103945876187868907e-02,9.200526638249058309e-02,4.756690521815076789e-02,7.941287656590147181e-02,6.105875145021052303e-02,1.046367629997523169e-01,3.619986182263762453e-02,4.936581804909206950e-02,3.039901972286314022e-02,1.719395669573605540e-02,3.493540860088902716e-02,3.928929907577594083e-02,6.176267386231799189e-02,3.958911788093282674e-02,1.185718196394352913e-01,1.312815298580423118e-01,3.062062492667474989e-02,8.076857898921956103e-02,2.617809237026318958e-01,1.167989780089424279e-01,1.433655312658871361e-01,1.084692294656707523e-01,2.257765958833574463e-02,7.654504451657476172e-02
1.909715432847105404e-02,4.318694354281542996e-02,2.891296129730293318e-02,1.622932227914434394e-02,7.086152281881819004e-02,0.000000000000000000e+00,1.140354307614094148e-01,2.238212558497255922e-02,1.044412289963891349e-01,6.300105588361816500e-02,8.129000299818804620e-02,4.344765554729967255e-02,1.417360812378606061e-01,4.880528723945094099e-02,3.715146063900512385e-02,3.578272261546282945e-02,2.985152451344622038e-02,5.383702892599689926e-02,4.893564324169306229e-02,9.072777756051778053e-02,3.335810097375933869e-02,1.563229178887541870e-01,1.312815298580423118e-01,4.463389516770299714e-02,1.291827982219441173e-01,2.689896106266213005e-01,1.589821803344934892e-01,2.078656811752897238e-01,1.574961219089333064e-01,3.403595218541837636e-02,1.038024845854027406e-01,4.506406997510200435e-02,2.558888324012879162e-02,4.709762361007912429e-02,3.132454733878221181e-02,4.520746157756833777e-02,1.787180790739509653e-02,1.427398224551249505e-02,4.004536388878025821e-02,2.597995124685516244e-02,3.497451540156166355e-02,2.130017076636293860e-02,3.360577737801936915e-02,1.135400779528893470e-02,1.156257739887633050e-02,2.504138803071187525e-02,3.949786867936334184e-02,6.670316634729446525e-02,2.463728442376129230e-02,6.392658349953724006e-02,9.148384237352208403e-02,1.100335014925762217e-01,2.773975727712382419e-02,1.208921564793450920e-01,6.101964464953788664e-02,1.028248145685868170e-01,7.911305776074459284e-02,1.355311355311355215e-01,4.757994081837498002e-02,6.507371631926792133e-02,3.979768748452022775e-02,2.217355598138516168e-02,4.554638718339786008e-02,5.112562407936073472e-02,8.218945941365869701e-02,5.124294448137864388e-02,1.568313062974984740e-01,1.726956317703648713e-01,4.011054188990131886e-02,1.051581870087208159e-01,3.424843246907303684e-01,1.537027622436875074e-01,1.867610444122899671e-01,1.420228644427932729e-01,2.929099370380509187e-02,1.002176945237443495e-01
2.351622280447903182e-02,5.313310651388943040e-02,3.519612060537327669e-02,2.000964634416591698e-02,8.756012670603417758e-02,1.140354307614094148e-01,0.000000000000000000e+00,2.728351126927639272e-02,1.288178014156661777e-01,7.851342015043082101e-02,1.007521541329370468e-01,5.461916493944963397e-02,1.751723958129652037e-01,5.969001342666822862e-02,4.535085318003467814e-02,4.370836755178392208e-02,3.699503343631457830e-02,6.679441554886395016e-02,6.006804583317038732e-02,1.101377862943699187e-01,4.149231551366782539e-02,1.909585076844863283e-01,1.599077079504125642e-01,5.575326215895611004e-02,1.592689635394261838e-01,3.311172812952172251e-01,1.953123981593732350e-01,2.564493632109290377e-01,1.938784821347099008e-01,4.214409552487844574e-02,1.276185261950386618e-01,5.635289976926987493e-02,3.187204254819913513e-02,5.756521059012162378e-02,3.832466465918422938e-02,5.541433655312658774e-02,2.201712877869461613e-02,1.757198910223821409e-02,5.066937807151330325e-02,3.170257974528437050e-02,4.286105353721011979e-02,2.616244964999413225e-02,4.164874271635837788e-02,1.428701784573670718e-02,1.406541264192509751e-02,3.068580292779581054e-02,4.872707363810566822e-02,8.198088981007130294e-02,3.098562173295269298e-02,7.997340737554260726e-02,1.119627703257596446e-01,1.374082619634220959e-01,3.414023698721207339e-02,1.479019201439130127e-01,7.623219011119367061e-02,1.283094130069218908e-01,9.901841930311680584e-02,1.687719161028769510e-01,5.847770260581648671e-02,7.972573097128257680e-02,4.893564324169306229e-02,2.760940127488170290e-02,5.610522336500984447e-02,6.287069988137604371e-02,9.891413450132310881e-02,6.427854470559096756e-02,1.902154784717062230e-01,2.117242188416565696e-01,4.917028404572888756e-02,1.304602870439169338e-01,4.227314796709814582e-01,1.876474652275363919e-01,2.302478067602622691e-01,1.745075802015303712e-01,3.575665141501440519e-02,1.234862409239633474e-01
4.497282077353251424e-03,1.042848017936985963e-02,7.065295321523079944e-03,3.858537666366847977e-03,1.671163948744019967e-02,2.238212558497255922e-02,2.728351126927639272e-02,0.000000000000000000e+00,2.509353043160872376e-02,1.497790465761996044e-02,1.950125793542163699e-02,1.033723097780037299e-02,3.417934378788470978e-02,1.174507580201530378e-02,8.955457354033866460e-03,8.564389347307497374e-03,7.286900525334688745e-03,1.294435102264283703e-02,1.188846740448163894e-02,2.196498637779776414e-02,7.964751736993729014e-03,3.762074224707676745e-02,3.148097454147276431e-02,1.088472618721729110e-02,3.095955053250426872e-02,6.479996871455946661e-02,3.840287826052950909e-02,4.988724205806056161e-02,3.793359665245786549e-02,8.095107739235853778e-03,2.485888962757290196e-02,1.088472618721729110e-02,6.165838906052429139e-03,1.136704339551314683e-02,7.378149726904175386e-03,1.087169058699307723e-02,4.262641273317429626e-03,3.493540860088902716e-03,9.907056170401365783e-03,6.231016907173490653e-03,8.525282546634859251e-03,5.162097688788080431e-03,8.147250140132702295e-03,2.724440446860375807e-03,2.815689648429862014e-03,6.074589704482942498e-03,9.633308565692907596e-03,1.617717987824749543e-02,5.931198102016607340e-03,1.526468786255263076e-02,2.195195077757355201e-02,2.648833965559944242e-02,6.713334115469346379e-03,2.879564089528502402e-02,1.458683665089358962e-02,2.489799642824553835e-02,1.909715432847105404e-02,3.258900056053080918e-02,1.139311459596157108e-02,1.553843546726109068e-02,9.529023763899208826e-03,5.318524891478627718e-03,1.092383298788992749e-02,1.214917940896588500e-02,1.951429353564584912e-02,1.238382021300170853e-02,3.749038624483464616e-02,4.140106631209834048e-02,9.568130564571845215e-03,2.541942043721403047e-02,8.288034622554195374e-02,3.664307223026084387e-02,4.462085956747878501e-02,3.424452178900577737e-02,6.934939319280956048e-03,2.399854001277488755e-02
2.146963356927769628e-02,4.867493123720881970e-02,3.258900056053080918e-02,1.813251991187934259e-02,8.009072777756051642e-02,1.044412289963891349e-01,1.288178014156661777e-01,2.509353043160872376e-02,0.000000000000000000e+00,7.148723162958038613e-02,9.205740878338743161e-02,4.909207044438361478e-02,1.599468147510852145e-01,5.521880254976340580e-02,4.171392071747943853e-02,4.065803709931823523e-02,3.381434698160677016e-02,6.126732105379792404e-02,5.542737215335079987e-02,1.027987433681383928e-01,3.734699464236830579e-02,1.770495222452517781e-01,1.480974541472762085e-01,5.004366926075111410e-02,1.463767549176801797e-01,3.029212780102459868e-01,1.807255615084796541e-01,2.353447264479292811e-01,1.783661178678972170e-01,3.879394626725587297e-02,1.169293340111845492e-01,5.036955926635641734e-02,2.887385449663029680e-02,5.293757251052624846e-02,3.526129860649433734e-02,5.109955287891231046e-02,2.015303794663225387e-02,1.620325107869591968e-02,4.477728677016933057e-02,2.910849530066611859e-02,3.910680067263697102e-02,2.381604160963591427e-02,3.815520185626947169e-02,1.282703062062492613e-02,1.298345782331547515e-02,2.803957608228071011e-02,4.443836116433981520e-02,7.526755569460195916e-02,2.777886407779646058e-02,7.212597604056679435e-02,1.034244521789005750e-01,1.242292701367434526e-01,3.115508453586745413e-02,1.373300483620768231e-01,6.933635759258535702e-02,1.164079100022160501e-01,8.875940192666170736e-02,1.534159790387548405e-01,5.362845932240949826e-02,7.329918006074589987e-02,4.486853597173881547e-02,2.535424243609296982e-02,5.163401248810501470e-02,5.786502939527850276e-02,9.313936360199705222e-02,5.748699698877635100e-02,1.777534446573592608e-01,1.947127605490594771e-01,4.511621237599885287e-02,1.192757420515427602e-01,3.865576890487922301e-01,1.740513341936829605e-01,2.116981476412081453e-01,1.609896627690222126e-01,3.350149257622567212e-02,1.124841943347281437e-01
1.295738662286704916e-02,2.938224290537457678e-02,1.947518673497321273e-02,1.115847379192574929e-02,4.892260764146885016e-02,6.300105588361816500e-02,7.851342015043082101e-02,1.497790465761996044e-02,7.148723162958038613e-02,0.000000000000000000e+00,5.609218776478563234e-02,3.013830771837889416e-02,9.691968766701862525e-02,3.350149257622567212e-02,2.511960163205714802e-02,2.419407401613807296e-02,2.030946514932279942e-02,3.678646383272717729e-02,3.331899417308670230e-02,6.174963826209377976e-02,2.274712239125050578e-02,1.066572810345052386e-01,8.861601032419537394e-02,3.049026892443262512e-02,8.826404911814164644e-02,1.832283967515284107e-01,1.086386922685855100e-01,1.418664372401027274e-01,1.076219154510969500e-01,2.355532960515166821e-02,7.063991761500658384e-02,3.069883852802002266e-02,1.750681110111714997e-02,3.200239855044125642e-02,2.119588596456923810e-02,3.116812013609166626e-02,1.235774901255328254e-02,9.724557767262394237e-03,2.768761487622697567e-02,1.778055870582560816e-02,2.377693480896327788e-02,1.441737384797883020e-02,2.334676000156427067e-02,7.821360134527393856e-03,7.808324534303181727e-03,1.706360069349393063e-02,2.691851446299844963e-02,4.516835477689570139e-02,1.695931589170023360e-02,4.412550675895871716e-02,6.161928225985165153e-02,7.572380170244938369e-02,1.869305072152047109e-02,8.217642381343448488e-02,4.239177192913847619e-02,7.060081081433394745e-02,5.482773454303703498e-02,9.334793320558444629e-02,3.261507176097923344e-02,4.402122195716502012e-02,2.704887046524057093e-02,1.535593706412211740e-02,3.128544053810957543e-02,3.484415939931954226e-02,5.516666014886655728e-02,3.524826300627012521e-02,1.057317534185861635e-01,1.167598712082697915e-01,2.737476047084588110e-02,7.226936764303312777e-02,2.345365192340281291e-01,1.039980185887659225e-01,1.280747722028860724e-01,9.684147406567335248e-02,2.002268194439012911e-02,6.808493997106096485e-02
1.650306988385280213e-02,3.763377784730097958e-02,2.536727803631718195e-02,1.414362624327037202e-02,6.233624027218333252e-02,8.129000299818804620e-02,1.007521541329370468e-01,1.950125793542163699e-02,9.205740878338743161e-02,5.609218776478563234e-02,0.000000000000000000e+00,3.838984266030529696e-02,1.246203381434698165e-01,4.296533833900381683e-02,3.227614615514971114e-02,3.112901333541902987e-02,2.668387365896262783e-02,4.728012201321810104e-02,4.323908594371227848e-02,7.943894776634989607e-02,2.927795810358087975e-02,1.366782683508662166e-01,1.142961427658936574e-01,3.936751267712122054e-02,1.138920391589430675e-01,2.352143704456871598e-01,1.401978804114035471e-01,1.827330439430083497e-01,1.385162879824801407e-01,3.006009411703361792e-02,9.096241836455359886e-02,3.948483307913912971e-02,2.255158838788732037e-02,4.149231551366782539e-02,2.754422327376063878e-02,4.016268429079816737e-02,1.587736107309060951e-02,1.259238981658910433e-02,3.522219180582170095e-02,2.256462398811153250e-02,3.063366052689896202e-02,1.856269471927834980e-02,3.012527211815468203e-02,1.005044777286770094e-02,1.008955457354033906e-02,2.183463037555564284e-02,3.498755100178587568e-02,5.859502300783439588e-02,2.173034557376194234e-02,5.636593536949408706e-02,8.031233298137212262e-02,9.740200487531448792e-02,2.425925201725913360e-02,1.061358570255367395e-01,5.464523613989805823e-02,9.077991996141462905e-02,6.996206640334753923e-02,1.198362728611838957e-01,4.180516991904892343e-02,5.667878977487518510e-02,3.481808819887111800e-02,1.974893433968167092e-02,4.021482669169501589e-02,4.502496317442936796e-02,7.123955522532035567e-02,4.527263957868939842e-02,1.366521971504177924e-01,1.504829689883070698e-01,3.515701380470064030e-02,9.296990079908229454e-02,3.017611095902910656e-01,1.343057891100595813e-01,1.641442780232815757e-01,1.249853349497477562e-01,2.566709684147406439e-02,8.782083871051842017e-02
8.955457354033866460e-03,2.064839075515232172e-02,1.319202742690287096e-02,7.821360134527393856e-03,3.367095537914042980e-02,4.344765554729967255e-02,5.461916493944963397e-02,1.033723097780037299e-02,4.909207044438361478e-02,3.013830771837889416e-02,3.838984266030529696e-02,0.000000000000000000e+00,6.756351596209247967e-02,2.272105119080208152e-02,1.776752310560139603e-02,1.668556828699177541e-02,1.381773623766506358e-02,2.524995763429927279e-02,2.290354959394105133e-02,4.250909233115638536e-02,1.604682387600537066e-02,7.374239046836911227e-02,6.194517226545696170e-02,2.158695397129560892e-02,6.120214305267686339e-02,1.292740474235136161e-01,7.436809927913130835e-02,9.837967489213041150e-02,7.395096007195650634e-02,1.587736107309060951e-02,4.935278244886785737e-02,2.144356236882927202e-02,1.247506941457119344e-02,2.251248158721468398e-02,1.503004705851680896e-02,2.119588596456923810e-02,8.434033345065374346e-03,6.687262915020922120e-03,1.909715432847105404e-02,1.255328301591646795e-02,1.669860388721598754e-02,1.012866137421297545e-02,1.549932866658845255e-02,5.331560491702840715e-03,5.396738492823902229e-03,1.148436379753105772e-02,1.868001512129625896e-02,3.111597773519481774e-02,1.208400140784482435e-02,3.097258613272848085e-02,4.280891113631327127e-02,5.257257570424830190e-02,1.316595622645444670e-02,5.662664737397833659e-02,2.879564089528502402e-02,4.894867884191727442e-02,3.898948027061906185e-02,6.472175511321419383e-02,2.230391198362728644e-02,3.103776413384954150e-02,1.883644232398680798e-02,1.050669378071513241e-02,2.169123877308930595e-02,2.365961440694536871e-02,3.789448985178522217e-02,2.467639122443392868e-02,7.319489525895220283e-02,8.215035261298606062e-02,1.886251352443523224e-02,5.026527446456272030e-02,1.634664268116225450e-01,7.185222843585832575e-02,8.801637271388161599e-02,6.714637675491767765e-02,1.329631222869656973e-02,4.746262041635707085e-02
2.913456650111454285e-02,6.612959993742911768e-02,4.399515075671659586e-02,2.488496082802132622e-02,1.090427958755360860e-01,1.417360812378606061e-01,1.751723958129652037e-01,3.417934378788470978e-02,1.599468147510852145e-01,9.691968766701862525e-02,1.246203381434698165e-01,6.756351596209247967e-02,0.000000000000000000e+00,7.456363328249449030e-02,5.658754057330570020e-02,5.477559214214018646e-02,4.600263319124529154e-02,8.314105823002619633e-02,7.485041648742715714e-02,1.378514723710453360e-01,5.136026488339655305e-02,2.389686233102603086e-01,1.999139650385201861e-01,6.885404038428949436e-02,1.979325538044399146e-01,4.129417439025979686e-01,2.432182289833535460e-01,3.190593510878208527e-01,2.413671737515153959e-01,5.216847209729771895e-02,1.589430735338208667e-01,6.963617639774223600e-02,3.943269067824228119e-02,7.217811844146364286e-02,4.799708002554977510e-02,6.893225398563476713e-02,2.727047566905218060e-02,2.199105757824619187e-02,6.224499107061384762e-02,3.974554508362337230e-02,5.343292531904631631e-02,3.257596496030659705e-02,5.169919048922607535e-02,1.759806030268663835e-02,1.766323830380769899e-02,3.806395265469998679e-02,6.025054423630936407e-02,1.020948209560309239e-01,3.816823745649368382e-02,9.865342249683886622e-02,1.395982428010897891e-01,1.699451201230560704e-01,4.253516353160480962e-02,1.847274907773128472e-01,9.367382321118976340e-02,1.585520055270945028e-01,1.224564285062505753e-01,2.087260307900877243e-01,7.271257805065634017e-02,9.931823810827369869e-02,6.099357344908946238e-02,3.430969979012683801e-02,6.998813760379596349e-02,7.791378254011706306e-02,1.238642733304654991e-01,7.898270175850247155e-02,2.386557689048792175e-01,2.640230469411963821e-01,6.128035665402213616e-02,1.622150091900981528e-01,5.265209286561599589e-01,2.334936712160911587e-01,2.861314249214604866e-01,2.170948861340320502e-01,4.443836116433981520e-02,1.532725874362884932e-01
9.907056170401365783e-03,2.235605438452413496e-02,1.538200826457054166e-02,8.329748543271675576e-03,3.685164183384823794e-02,4.880528723945094099e-02,5.969001342666822862e-02,1.174507580201530378e-02,5.521880254976340580e-02,3.350149257622567212e-02,4.296533833900381683e-02,2.272105119080208152e-02,7.456363328249449030e-02,0.000000000000000000e+00,1.925358153116160306e-02,1.869305072152047109e-02,1.594253907421167363e-02,2.857403569147341435e-02,2.592780884595831045e-02,4.730619321366652530e-02,1.738949069909924081e-02,8.164196420424178757e-02,6.792851276837041929e-02,2.325551079999478576e-02,6.791547716814620717e-02,1.391811035939149732e-01,8.351909063652836196e-02,1.093686858811414031e-01,8.277606142374825671e-02,1.819769791300040324e-02,5.431934613429275499e-02,2.346408040358218330e-02,1.313988502600602244e-02,2.445478602062231901e-02,1.625539347959276820e-02,2.346408040358218330e-02,9.372596561208661539e-03,7.612790530939997184e-03,2.090910275963656778e-02,1.332238342914499572e-02,1.823680471367303962e-02,1.113240259147732503e-02,1.784573670694667227e-02,5.931198102016607340e-03,6.100660904931367624e-03,1.310077822533338605e-02,2.068749755582495811e-02,3.515701380470064030e-02,1.264453221748595459e-02,3.338417217420776295e-02,4.810136482734347213e-02,5.769556659236374507e-02,1.445648064865146659e-02,6.311837628563607416e-02,3.268024976210029409e-02,5.407166973003271759e-02,4.142713751254676474e-02,7.156544523092565890e-02,2.487192522779711409e-02,3.390559618317625507e-02,2.101338756143026482e-02,1.167989780089424140e-02,2.401157561299909968e-02,2.711404846636163504e-02,4.282194673653748340e-02,2.678815846075632487e-02,8.177232020648390887e-02,8.960671594123550965e-02,2.124802836546608661e-02,5.515362454864234515e-02,1.789136130773141542e-01,8.036447538226897114e-02,9.841878169280304789e-02,7.419863647621655067e-02,1.553843546726109068e-02,5.248132650267881699e-02
7.495470128922086285e-03,1.728520589730554030e-02,1.153650619842790624e-02,6.465657711209312451e-03,2.788314887959016108e-02,3.715146063900512385e-02,4.535085318003467814e-02,8.955457354033866460e-03,4.171392071747943853e-02,2.511960163205714802e-02,3.227614615514971114e-02,1.776752310560139603e-02,5.658754057330570020e-02,1.925358153116160306e-02,0.000000000000000000e+00,1.415666184349458415e-02,1.177114700246372804e-02,2.133927756703557499e-02,1.968375633856061027e-02,3.639539582600080647e-02,1.334845462959341998e-02,6.242748947375281743e-02,5.252043330335145338e-02,1.817162671255197898e-02,5.137330048362076518e-02,1.082476242618591322e-01,6.345730189146558953e-02,8.258052742038507477e-02,6.272730827890969640e-02,1.333541902936920785e-02,4.158356471523731029e-02,1.784573670694667227e-02,1.038937337869722151e-02,1.900590512690156914e-02,1.255328301591646795e-02,1.781966550649824801e-02,7.052259721298866947e-03,5.800842099774484312e-03,1.590343227353903377e-02,1.051972938093934454e-02,1.426094664528828292e-02,8.668674149101196144e-03,1.317899182667865883e-02,4.406032875783765651e-03,4.666744880268011708e-03,9.802771368607667013e-03,1.582521867219376099e-02,2.672298045963526422e-02,9.972234171522428164e-03,2.551066963878351884e-02,3.659092982936399535e-02,4.381265235357761911e-02,1.123668739327102380e-02,4.785368842308344167e-02,2.425925201725913360e-02,4.093178470402669689e-02,3.227614615514971114e-02,5.379792212532426288e-02,1.881037112353838373e-02,2.618852085044255998e-02,1.587736107309060951e-02,8.746887750446468920e-03,1.819769791300040324e-02,2.011393114595961401e-02,3.234132415627077872e-02,2.051803475291019696e-02,6.214070626882015058e-02,6.912778798899794908e-02,1.600771707533273427e-02,4.211802432443002148e-02,1.376298671672337159e-01,6.086321744684734109e-02,7.358596326567856671e-02,5.661361177375412446e-02,1.113240259147732503e-02,4.009750628967710673e-02
7.339042926231538130e-03,1.663342588609492689e-02,1.123668739327102380e-02,6.165838906052429139e-03,2.719226206770690782e-02,3.578272261546282945e-02,4.370836755178392208e-02,8.564389347307497374e-03,4.065803709931823523e-02,2.419407401613807296e-02,3.112901333541902987e-02,1.668556828699177541e-02,5.477559214214018646e-02,1.869305072152047109e-02,1.415666184349458415e-02,0.000000000000000000e+00,1.144525699685841960e-02,2.096124516053341630e-02,1.886251352443523224e-02,3.501362220223429994e-02,1.270971021860701523e-02,6.044607823967254601e-02,5.052598646904696983e-02,1.699842269237286999e-02,4.982206405693950096e-02,1.028769569694836655e-01,6.158017545917901514e-02,8.036447538226897114e-02,6.099357344908946238e-02,1.342666823093869276e-02,3.975858068384758442e-02,1.719395669573605540e-02,9.685450966589756114e-03,1.776752310560139603e-02,1.178418260268794017e-02,1.714181429483920688e-02,6.817618917263045149e-03,5.514058894841813128e-03,1.540807946501896765e-02,9.802771368607667013e-03,1.323113422757550908e-02,8.082072139011641648e-03,1.291827982219441277e-02,4.392997275559553522e-03,4.432104076232189910e-03,9.424738962105510057e-03,1.513433186031050773e-02,2.565406124124985227e-02,9.346525360760235546e-03,2.444175042039810689e-02,3.506576460313114846e-02,4.211802432443002148e-02,1.061097858250883118e-02,4.651102159998957153e-02,2.367265000716958084e-02,3.964126028182967526e-02,3.021652131972416694e-02,5.222061449819456747e-02,1.819769791300040324e-02,2.492406762869396261e-02,1.556450666770951494e-02,8.629567348428558021e-03,1.767627390403191112e-02,1.960554273721533403e-02,3.192418494909598364e-02,1.955340033631848551e-02,6.058946984213887943e-02,6.659888154550076822e-02,1.546022186591581617e-02,4.069714389999087162e-02,1.309165330517643722e-01,5.962483542554716798e-02,7.284293405289846146e-02,5.497112614550336840e-02,1.171900460156687952e-02,3.837680706008108483e-02
6.100660904931367624e-03,1.384380743811348784e-02,9.424738962105510057e-03,5.266382490581779201e-03,2.307301239685581248e-02,2.985152451344622038e-02,3.699503343631457830e-02,7.286900525334688745e-03,3.381434698160677016e-02,2.030946514932279942e-02,2.668387365896262783e-02,1.381773623766506358e-02,4.600263319124529154e-02,1.594253907421167363e-02,1.177114700246372804e-02,1.144525699685841960e-02,0.000000000000000000e+00,1.735038389842660442e-02,1.589039667331482164e-02,2.909545970044190646e-02,1.074133458475095421e-02,5.034348806590799308e-02,4.209195312398159028e-02,1.439130264753040594e-02,4.201373952263631750e-02,8.679102629280564807e-02,5.154276328653552980e-02,6.742012435962613237e-02,5.122990888115443175e-02,1.109329579080468690e-02,3.331899417308670230e-02,1.466505025223886413e-02,8.342784143495887705e-03,1.534290146389790527e-02,1.010259017376455119e-02,1.504308265874102109e-02,5.944233702240819470e-03,4.640673679819587449e-03,1.308774262510917392e-02,8.381890944168524094e-03,1.122365179304681167e-02,6.804583317038833019e-03,1.132793659484050870e-02,3.767288464797361770e-03,3.728181664124724515e-03,8.225463741477976806e-03,1.272274581883122736e-02,2.163909637219245743e-02,8.003858537666367137e-03,2.066142635537653385e-02,2.951259890761670154e-02,3.590004301748073862e-02,8.942421753809654331e-03,3.918501427398224379e-02,2.003571754461434123e-02,3.350149257622567212e-02,2.538031363654139408e-02,4.409943555851029290e-02,1.560361346838215132e-02,2.071356875627338237e-02,1.277488821972807762e-02,7.312971725783113872e-03,1.474326385358413864e-02,1.662039028587071129e-02,2.625369885156362063e-02,1.672467508766441180e-02,5.033045246568378095e-02,5.532308735155710283e-02,1.297042222309126303e-02,3.406202338586680062e-02,1.114022395161185230e-01,4.930064004797100885e-02,6.061554104258730369e-02,4.600263319124529154e-02,9.502952563450784568e-03,3.235435975649499085e-02
1.124972299349523593e-02,2.528906443497190917e-02,1.681592428923389670e-02,9.411703361881297927e-03,4.166177831658259001e-02,5.383702892599689926e-02,6.679441554886395016e-02,1.294435102264283703e-02,6.126732105379792404e-02,3.678646383272717729e-02,4.728012201321810104e-02,2.524995763429927279e-02,8.314105823002619633e-02,2.857403569147341435e-02,2.133927756703557499e-02,2.096124516053341630e-02,1.735038389842660442e-02,0.000000000000000000e+00,2.835243048766180468e-02,5.231186369976405237e-02,1.938393753340372436e-02,9.084509796253568970e-02,7.599754930715785228e-02,2.582352404416461342e-02,7.554130329931041388e-02,1.562055974867362640e-01,9.251365479123485613e-02,1.224564285062505753e-01,9.210955118428428012e-02,2.036160755021965141e-02,6.000286783204932667e-02,2.616244964999413225e-02,1.475629945380835077e-02,2.672298045963526422e-02,1.780662990627403588e-02,2.617548525021834785e-02,1.032419537757616086e-02,8.225463741477976806e-03,2.333372440134005854e-02,1.491272665649889806e-02,1.986625474169958008e-02,1.208400140784482435e-02,1.972286313923324666e-02,6.752440916141983634e-03,6.648156114348284865e-03,1.449558744932410471e-02,2.309908359730423674e-02,3.866359026501375168e-02,1.432612464640934356e-02,3.752949304550728254e-02,5.302882171209573337e-02,6.431765150626360394e-02,1.605985947622958279e-02,7.023581400805600783e-02,3.593914981815337500e-02,6.049822064056939452e-02,4.592441958990001877e-02,7.936073416500462330e-02,2.788314887959016108e-02,3.762074224707676745e-02,2.355532960515166821e-02,1.315292062623023457e-02,2.674905166008368848e-02,2.994277371501570875e-02,4.790583082398029019e-02,2.986456011367043251e-02,9.130134397038311422e-02,1.009607237365244548e-01,2.325551079999478576e-02,6.154106865850637875e-02,1.989362950217042625e-01,8.977617874415028121e-02,1.103724270984057509e-01,8.295855982688722652e-02,1.776752310560139603e-02,5.826913300222908570e-02
9.946162971074003906e-03,2.253855278766310824e-02,1.544718626569160404e-02,8.499211346186434993e-03,3.736003024259251792e-02,4.893564324169306229e-02,6.006804583317038732e-02,1.188846740448163894e-02,5.542737215335079987e-02,3.331899417308670230e-02,4.323908594371227848e-02,2.290354959394105133e-02,7.485041648742715714e-02,2.592780884595831045e-02,1.968375633856061027e-02,1.886251352443523224e-02,1.589039667331482164e-02,2.835243048766180468e-02,0.000000000000000000e+00,4.820564962913717610e-02,1.750681110111714997e-02,8.268481222217877180e-02,6.919296599011900972e-02,2.362050760627273233e-02,6.816315357240623762e-02,1.414232268324795150e-01,8.461408105536219471e-02,1.098770742898856762e-01,8.321927183137146911e-02,1.801519950986142996e-02,5.478862774236439859e-02,2.341193800268533479e-02,1.358309543362924178e-02,2.517174403295399654e-02,1.641182068228331722e-02,2.401157561299909968e-02,9.463845762778146445e-03,7.651897331612634440e-03,2.083088915829129500e-02,1.359613103385345391e-02,1.865394392084783470e-02,1.127579419394366018e-02,1.802823511008564555e-02,5.931198102016607340e-03,6.100660904931367624e-03,1.341363263071448063e-02,2.107856556255132893e-02,3.543076140940909502e-02,1.299649342353968728e-02,3.372309778003728525e-02,4.825779203003402462e-02,5.806056339864169163e-02,1.467808585246307626e-02,6.369194269550140786e-02,3.271935656277293047e-02,5.417595453182641463e-02,4.189641912061840834e-02,7.144812482890774974e-02,2.531513563542033343e-02,3.425755738922998950e-02,2.081785355806708288e-02,1.182328940336057829e-02,2.412889601501701231e-02,2.697065686389529815e-02,4.330426394483333913e-02,2.698369246411951028e-02,8.250231381903980199e-02,9.057135035782722110e-02,2.136534876748399925e-02,5.570111975805926152e-02,1.818075163270892747e-01,8.072947218854692464e-02,9.835360369168198724e-02,7.512416409213562574e-02,1.548629306636424043e-02,5.305489291254415762e-02
1.835412511569095226e-02,4.215713112510265786e-02,2.840457288855865320e-02,1.555147106748530281e-02,6.825440277397572253e-02,9.072777756051778053e-02,1.101377862943699187e-01,2.196498637779776414e-02,1.027987433681383928e-01,6.174963826209377976e-02,7.943894776634989607e-02,4.250909233115638536e-02,1.378514723710453360e-01,4.730619321366652530e-02,3.639539582600080647e-02,3.501362220223429994e-02,2.909545970044190646e-02,5.231186369976405237e-02,4.820564962913717610e-02,0.000000000000000000e+00,3.219793255380443836e-02,1.529466974306832039e-01,1.286483386127514339e-01,4.365622515088707356e-02,1.261324677694784513e-01,2.627977005201204697e-01,1.565314874923415811e-01,2.024298358817931687e-01,1.540807946501896730e-01,3.312346016972351342e-02,1.010910797387665760e-01,4.336944194595439978e-02,2.500228123003923886e-02,4.602870439169371580e-02,3.045116212375998874e-02,4.402122195716502012e-02,1.741556189954766506e-02,1.406541264192509751e-02,3.844198506120214548e-02,2.523692203407506066e-02,3.432273539035105014e-02,2.066142635537653385e-02,3.294096176658454361e-02,1.096293978856256388e-02,1.138007899573735895e-02,2.390729081120540264e-02,3.879394626725587297e-02,6.530835712330373966e-02,2.406371801389594819e-02,6.172356706164535550e-02,8.971100074302920668e-02,1.065269250322631173e-01,2.728351126927639272e-02,1.179461108286731091e-01,5.962483542554716798e-02,1.003219793255380465e-01,7.719682452778538206e-02,1.315943842634234029e-01,4.619816719460847348e-02,6.400479710088251284e-02,3.900251587084327398e-02,2.162606077196824531e-02,4.481639357084196695e-02,4.973081485537001606e-02,8.099018419303116723e-02,4.960045885312789476e-02,1.541068658506380973e-01,1.686415601006348297e-01,3.928929907577594083e-02,1.028769569694836655e-01,3.348845697600146276e-01,1.503656485862891468e-01,1.817423383259682279e-01,1.397025276028834861e-01,2.860010689192183861e-02,9.764968127957451838e-02
6.817618917263045149e-03,1.564272026905478771e-02,1.033723097780037299e-02,5.879055701119757955e-03,2.553674083923194310e-02,3.335810097375933869e-02,4.149231551366782539e-02,7.964751736993729014e-03,3.734699464236830579e-02,2.274712239125050578e-02,2.927795810358087975e-02,1.604682387600537066e-02,5.136026488339655305e-02,1.738949069909924081e-02,1.334845462959341998e-02,1.270971021860701523e-02,1.074133458475095421e-02,1.938393753340372436e-02,1.750681110111714997e-02,3.219793255380443836e-02,0.000000000000000000e+00,5.587058256097401920e-02,4.691512520694015448e-02,1.650306988385280213e-02,4.661530640178326856e-02,9.729772007352079088e-02,5.690039497868679130e-02,7.468095368451239946e-02,5.635289976926987493e-02,1.224042861053537164e-02,3.721663864012618450e-02,1.650306988385280213e-02,9.320454160311811287e-03,1.680288868900968458e-02,1.114543819170153716e-02,1.611200187712643131e-02,6.413515310312463066e-03,5.162097688788080431e-03,1.484754865537783741e-02,9.268311759414962769e-03,1.254024741569225582e-02,7.691004132285270828e-03,1.203185900694797410e-02,4.145320871299518727e-03,4.080142870178457212e-03,8.903314953137017942e-03,1.430005344596091930e-02,2.394639761187803903e-02,9.098848956500201618e-03,2.339890240246112266e-02,3.268024976210029409e-02,4.009750628967710673e-02,1.003741217264348881e-02,4.293926713855539257e-02,2.214748478093673742e-02,3.749038624483464616e-02,2.921278010245981910e-02,4.905296364371097145e-02,1.707663629371814276e-02,2.338586680223691053e-02,1.435219584685776782e-02,8.003858537666367137e-03,1.641182068228331722e-02,1.810644871143091833e-02,2.883474769595766041e-02,1.864090832062362257e-02,5.541433655312658774e-02,6.202338586680223448e-02,1.430005344596091930e-02,3.811609505559683531e-02,1.237990953293444385e-01,5.460612933922542184e-02,6.678137994863973803e-02,5.103437487779124981e-02,1.031115977735194873e-02,3.609557702084392750e-02
