0.000000000000000000e+00,1.312641551564643246e-02,9.952470573224026992e-03,4.928386870394589614e-03,2.440269227088583473e-02,2.786372771061277828e-02,3.264856933235509712e-02,5.183578423554180761e-03,3.705062362435803530e-02,1.837379182749051057e-02,2.762448562952566147e-02,1.223324507958786604e-02,4.636511531468308356e-02,1.126032728316692794e-02,1.180260933363105717e-02,8.724361223643497740e-03,7.735493955150084429e-03,1.590162365625697946e-02,1.481705955532871925e-02,3.020830010526651468e-02,1.314236498771890679e-02,4.848639510032218269e-02,3.799164247663402300e-02,1.559858368687996356e-02,3.679543207119844589e-02,7.954001722542983210e-02,4.815145618680021639e-02,5.886950141950301335e-02,4.440333024976873127e-02,1.046285367954320755e-02,3.285591246929726872e-02,1.406743436792242188e-02,1.027146001467351376e-02,1.349325337331334397e-02,9.186895913745255285e-03,1.403553542377747321e-02,5.598264697438514424e-03,4.641296373090050657e-03,1.346135442916839529e-02,7.958786564164726032e-03,9.091199081310409255e-03,6.969919295671313589e-03,9.984369517368975669e-03,2.759258668538071366e-03,2.599763947813327550e-03,7.288908737120801222e-03,1.346135442916839529e-02,1.671504673195317245e-02,5.183578423554180761e-03,2.038342530862228413e-02,3.341414399183387229e-02,3.156400523142684211e-02,8.756260167788446416e-03,4.129318319563622663e-02,1.655555201122842907e-02,3.433921337203738738e-02,2.394015758078407718e-02,4.472231969121821804e-02,1.413123225621231924e-02,1.103703467415228547e-02,1.366869756611056169e-02,7.926887620019777356e-03,1.593352260040192814e-02,1.821429710676576719e-02,2.555105426010399056e-02,1.660340042744585035e-02,4.778461832913330487e-02,4.221825257583974172e-02,1.041500526332578454e-02,3.164375259178921207e-02,9.048135506714727327e-02,4.496156177230533485e-02,6.118217487001180455e-02,4.304762512360840732e-02,8.612714919136177372e-03,3.534403011260327243e-02
1.312641551564643246e-02,0.000000000000000000e+00,1.843758971578040792e-02,9.123098025455357932e-03,4.477016810743564279e-02,5.177198634725190679e-02,5.936393505374971957e-02,9.585632715557115477e-03,6.851893202335002098e-02,3.400427445851542108e-02,5.078311907875849435e-02,2.229736195731921167e-02,8.446840409582442866e-02,2.116494944017353191e-02,2.161153465820281339e-02,1.626846151392388751e-02,1.443427222558933340e-02,2.933107914128042434e-02,2.732144566014865078e-02,5.579125330951545392e-02,2.336597658617499754e-02,8.947653832658139517e-02,6.990653609365529708e-02,2.821461609620721719e-02,6.764171105936393757e-02,1.462885578487352067e-01,8.973172987974098458e-02,1.086159048135506705e-01,8.202813486873584969e-02,1.929886120769402566e-02,5.985836868799642579e-02,2.542345848352419585e-02,1.870873074101247341e-02,2.449838910332068076e-02,1.668314778780822377e-02,2.590194264569842600e-02,1.047880315161568189e-02,8.612714919136177372e-03,2.411560177358129317e-02,1.446617116973428208e-02,1.653960253915595299e-02,1.264793135347220057e-02,1.886822546173721679e-02,5.151679479409231217e-03,4.784841621742320569e-03,1.315831445979138113e-02,2.494497432134996223e-02,3.038374429806373414e-02,9.777026380426807536e-03,3.716226992886535740e-02,6.100673067721458509e-02,5.800822992758939561e-02,1.615681520941656887e-02,7.556859867938371667e-02,3.035184535391878546e-02,6.261762735653450540e-02,4.306357459568087992e-02,8.115091390474975241e-02,2.610928578264059413e-02,2.039937478069476021e-02,2.523206481865450379e-02,1.449807011387923075e-02,2.904398864397588279e-02,3.344604293597881750e-02,4.713068997416185180e-02,2.987336119174455185e-02,8.820058056078343423e-02,7.754633321637054155e-02,1.883632651759226811e-02,5.856646145012599919e-02,1.664965389645602645e-01,8.317649685795400205e-02,1.133050496028581433e-01,7.952406775335736644e-02,1.623656256977893883e-02,6.523334077642030382e-02
9.952470573224026992e-03,1.843758971578040792e-02,0.000000000000000000e+00,6.874222463236466692e-03,3.306325560623943338e-02,3.859772241538805132e-02,4.410029028039171711e-02,7.241060320903378207e-03,5.142109796165746788e-02,2.547130689974161713e-02,3.781619828383680354e-02,1.658745095537337774e-02,6.298446521420140998e-02,1.550288685444511753e-02,1.638010781843120961e-02,1.220134613544291736e-02,1.079779259306517039e-02,2.164343360234776206e-02,2.033557689240486285e-02,4.242559571278190639e-02,1.740087403106957073e-02,6.808829627739321211e-02,5.245781364636830507e-02,2.126064627260837794e-02,5.087881591119333691e-02,1.096845194424064529e-01,6.703563112060990925e-02,8.182079173179367115e-02,6.138951800695396921e-02,1.478516061118377058e-02,4.457877444256595073e-02,1.866088232479504866e-02,1.390793964719767850e-02,1.813454974640339376e-02,1.231299243995023773e-02,1.899582123831701150e-02,7.671696066860187076e-03,6.475485661424606500e-03,1.815049921847586983e-02,1.071804523270279697e-02,1.240868927238508376e-02,9.521834827267218124e-03,1.406743436792242188e-02,3.827873297393856369e-03,3.572681744234265655e-03,9.968420045296501331e-03,1.886822546173721679e-02,2.320648186545025415e-02,7.193211904685955192e-03,2.728954671600369863e-02,4.590258062458132948e-02,4.285623145873871526e-02,1.204185141471817225e-02,5.657277744106670170e-02,2.253660403840632848e-02,4.617372164981339150e-02,3.199464097738365098e-02,6.016140865737343996e-02,1.952215381670866640e-02,1.553478579859006621e-02,1.875657915722989469e-02,1.065424734441289961e-02,2.169128201856518681e-02,2.520016587450955511e-02,3.572681744234265655e-02,2.237710931768158509e-02,6.609461226833392156e-02,5.856646145012599919e-02,1.422692908864716527e-02,4.378130083894223035e-02,1.247408210788222976e-01,6.236243580337490905e-02,8.370282943634566042e-02,5.960317713483683638e-02,1.208969983093559526e-02,4.856614246068455265e-02
4.928386870394589614e-03,9.123098025455357932e-03,6.874222463236466692e-03,0.000000000000000000e+00,1.700213722925771054e-02,1.941050751220134776e-02,2.261635139876870190e-02,3.540782800089316978e-03,2.604548789435069678e-02,1.274362818590704660e-02,1.925101279147660091e-02,8.389422310121534901e-03,3.234552936297808295e-02,8.038533924527097724e-03,8.022584452454623385e-03,6.124597275830170190e-03,5.422820504641296703e-03,1.106893361829723414e-02,1.020766212638361640e-02,2.113305049602857977e-02,8.692462279498549063e-03,3.378098184950078381e-02,2.607738683849564545e-02,1.047880315161568189e-02,2.553510478803151448e-02,5.505757759418163089e-02,3.384477973779068116e-02,4.142077897221602134e-02,3.100577370889023507e-02,7.352706625410698575e-03,2.271204823120354793e-02,9.569683243484641139e-03,7.049666656033685280e-03,9.266643274107626976e-03,6.284091996554914440e-03,9.792975852499281875e-03,3.907620657756228494e-03,3.237742830712303250e-03,9.139047497527832270e-03,5.374972088423872821e-03,6.204344636192541881e-03,4.752942677597371893e-03,7.161312960541006516e-03,1.945835592841876861e-03,1.802290344189607383e-03,4.960285814539539158e-03,9.442087466904844698e-03,1.145172094803662000e-02,3.636479632524163442e-03,1.398768700756005019e-02,2.314268397716035680e-02,2.199432198794219750e-02,6.076748859612747175e-03,2.854955500972917656e-02,1.153146830839899169e-02,2.370091549969696038e-02,1.633225940221378833e-02,3.100577370889023507e-02,9.936521101151552654e-03,7.655746594787712737e-03,9.537784299339692462e-03,5.582315225366040086e-03,1.095728731378991377e-02,1.266388082554467491e-02,1.778366136080895832e-02,1.116463045073208017e-02,3.336629557561644754e-02,2.912373600433825621e-02,7.113464544323582633e-03,2.221761459695684171e-02,6.288876838176656048e-02,3.119716737375992713e-02,4.285623145873871526e-02,2.992120960796197660e-02,6.108647803757695852e-03,2.465788382404542414e-02
2.440269227088583473e-02,4.477016810743564279e-02,3.306325560623943338e-02,1.700213722925771054e-02,0.000000000000000000e+00,9.509075249609237612e-02,1.113113655937988389e-01,1.735302561485214945e-02,1.264793135347219988e-01,6.304826310249131427e-02,9.448467255733834780e-02,4.105394111454910983e-02,1.578997735174965666e-01,3.906025710548980540e-02,3.931544865864940175e-02,2.995310855210692527e-02,2.658776994481482775e-02,5.408465979776069105e-02,4.977830233819260236e-02,1.026508022584452506e-01,4.311142301189830467e-02,1.640403202653992198e-01,1.269577976968962463e-01,5.156464321030974213e-02,1.245972758301700234e-01,2.690835433347156247e-01,1.647261475645156181e-01,2.017608217168011808e-01,1.513445404957095841e-01,3.587036269099493080e-02,1.106893361829723449e-01,4.792816357778557218e-02,3.518453539187852558e-02,4.564738907142173313e-02,3.100577370889023507e-02,4.853424351653960050e-02,1.953810328878114247e-02,1.585377524003955471e-02,4.585473220836390473e-02,2.669941624932214638e-02,3.076653162780311826e-02,2.336597658617499754e-02,3.567896902612523180e-02,9.601582187629589815e-03,8.724361223643497740e-03,2.446649015917573208e-02,4.587068168043637734e-02,5.548821334013843976e-02,1.770391400044658489e-02,6.998628345401766704e-02,1.130977064659159786e-01,1.084883090369708758e-01,2.988931066381702792e-02,1.403713037098472116e-01,5.689176688251618846e-02,1.167341860984401347e-01,7.966761300200962681e-02,1.523972056524929009e-01,4.944336342467064299e-02,3.740151200995246727e-02,4.682765000478484457e-02,2.746499090880091809e-02,5.421225557434049269e-02,6.143736642317139396e-02,8.627069444001403409e-02,5.574340489329802917e-02,1.622220804491371349e-01,1.422373919423267075e-01,3.462630386934192200e-02,1.088072984784203695e-01,3.070113879230597642e-01,1.520622667389709415e-01,2.097515072251108503e-01,1.452358926919518900e-01,3.004880538454177130e-02,1.198443331525726463e-01
2.786372771061277828e-02,5.177198634725190679e-02,3.859772241538805132e-02,1.941050751220134776e-02,9.509075249609237612e-02,0.000000000000000000e+00,1.269577976968962463e-01,2.038342530862228413e-02,1.461928610163003572e-01,7.233085584867141038e-02,1.071485533828830244e-01,4.711474050208937919e-02,1.809786596063670261e-01,4.433953236147883392e-02,4.518485438131997906e-02,3.433921337203738738e-02,3.057513796293342620e-02,6.175635586462088072e-02,5.743404893298031944e-02,1.193020511021085223e-01,4.915627292736610143e-02,1.914415132859102475e-01,1.481705955532871821e-01,5.945963188618456907e-02,1.440237328144438333e-01,3.102012823375546180e-01,1.899263134390251628e-01,2.321764649590098706e-01,1.749019107467542911e-01,4.108584005869405503e-02,1.270534945293310680e-01,5.440364923921018475e-02,3.958658968388146376e-02,5.164439057067211208e-02,3.545567641711059453e-02,5.449934607164502731e-02,2.223356406902931431e-02,1.797505502567865038e-02,5.194743054004912625e-02,3.067083479536827223e-02,3.502504067115378567e-02,2.663561836103224903e-02,4.051165906408497885e-02,1.116463045073208017e-02,1.012791476602124471e-02,2.794347507097515171e-02,5.319148936170212810e-02,6.413282720341956233e-02,2.083001052665156907e-02,7.926887620019777703e-02,1.311046604357395673e-01,1.232575201760821720e-01,3.448275862068965469e-02,1.612651121247886676e-01,6.398928195476730196e-02,1.330345465565089813e-01,9.075249609237934223e-02,1.732431656512169460e-01,5.638138377619700964e-02,4.335066509298542148e-02,5.360617563558646437e-02,3.060703690707837488e-02,6.213914319436026484e-02,7.094325177836613427e-02,1.006730677214584257e-01,6.314395993492614989e-02,1.882835178155602973e-01,1.643433602347762201e-01,3.977798334875115582e-02,1.247408210788222976e-01,3.528182717152062442e-01,1.769753421161759654e-01,2.404542409646240608e-01,1.689527576637213369e-01,3.443491020447222994e-02,1.381383776197007973e-01
3.264856933235509712e-02,5.936393505374971957e-02,4.410029028039171711e-02,2.261635139876870190e-02,1.113113655937988389e-01,1.269577976968962463e-01,0.000000000000000000e+00,2.322243133752272676e-02,1.684902229736195689e-01,8.352738524354844096e-02,1.251395578806341613e-01,5.489808287345689097e-02,2.103097387476474400e-01,5.193148106797664670e-02,5.223452103735366087e-02,3.957064021180899116e-02,3.534403011260327243e-02,7.175667485406232726e-02,6.622220804491371626e-02,1.369740661584101515e-01,5.762544259785001149e-02,2.186991610577689871e-01,1.697980796835624751e-01,6.907716354588662455e-02,1.659383074420236748e-01,3.588471721586015684e-01,2.193690388848129058e-01,2.692270885833679128e-01,2.019522153816708798e-01,4.759322466426361281e-02,1.478037576956202637e-01,6.395738301062234288e-02,4.671600370027752247e-02,6.102268014928705769e-02,4.153242527672334344e-02,6.421257456378193229e-02,2.604548789435069678e-02,2.097355577530383638e-02,6.134166959073654446e-02,3.580656480270503345e-02,4.119748636320137714e-02,3.126096526204982795e-02,4.700309419758205709e-02,1.293502185077673866e-02,1.169096302912373680e-02,3.282401352515231657e-02,6.110242750964942765e-02,7.429264091358575572e-02,2.373281444384190905e-02,9.300137165459823607e-02,1.512647931353472142e-01,1.441513285910236419e-01,4.006507384605569738e-02,1.868002169128201995e-01,7.536125554244155200e-02,1.554116558741905629e-01,1.068295639414335446e-01,2.028772847618743880e-01,6.563207757823215360e-02,4.974640339404765715e-02,6.191585058534562758e-02,3.620530160451689017e-02,7.217136112794667047e-02,8.170914542728635599e-02,1.148202494497432141e-01,7.403744936042616631e-02,2.162110434144629834e-01,1.897189703020830120e-01,4.636511531468308356e-02,1.445500653928354917e-01,4.093750996842004386e-01,2.025742447924973599e-01,2.793869022935340785e-01,1.940412772337235525e-01,3.961848862802640897e-02,1.598775080544833915e-01
5.183578423554180761e-03,9.585632715557115477e-03,7.241060320903378207e-03,3.540782800089316978e-03,1.735302561485214945e-02,2.038342530862228413e-02,2.322243133752272676e-02,0.000000000000000000e+00,2.703435516284410922e-02,1.344540495709592096e-02,1.987304220230310531e-02,8.867906472295766784e-03,3.317490191074675548e-02,8.086382340744520739e-03,8.373472838049060563e-03,6.363839356917286132e-03,5.693961529873361321e-03,1.134007464352929963e-02,1.073399470477527130e-02,2.173913043478260809e-02,9.107148553382883593e-03,3.555137324954543709e-02,2.757663721330824019e-02,1.106893361829723414e-02,2.666751730517719771e-02,5.788063415100960091e-02,3.520048486395100512e-02,4.256914096143417370e-02,3.223388305847076779e-02,7.512201346135442825e-03,2.355737025104468960e-02,9.888672684934127904e-03,7.225110848830903869e-03,9.282592746180101315e-03,6.411687773134709147e-03,9.888672684934127904e-03,4.051165906408497538e-03,3.237742830712303250e-03,9.442087466904844698e-03,5.678012057800886983e-03,6.427637245207183485e-03,4.864588982104692261e-03,7.257009792975852545e-03,2.041532425276723541e-03,1.866088232479504953e-03,5.183578423554180761e-03,9.649430603847012830e-03,1.165906408497878639e-02,3.891671185683753722e-03,1.459376694631407678e-02,2.386041022042170376e-02,2.268014928705859926e-02,6.284091996554914440e-03,2.952247280615011640e-02,1.194615458228332622e-02,2.433889438259593738e-02,1.704998564547513529e-02,3.181919678458643153e-02,1.023956107052856508e-02,7.926887620019777356e-03,9.745127436281858860e-03,5.518517337076142733e-03,1.135602411560177397e-02,1.283932501834189263e-02,1.838974129956298317e-02,1.172286197326868548e-02,3.419566812338511314e-02,3.009665380075919605e-02,7.161312960541006516e-03,2.290344189607323999e-02,6.488245239082586491e-02,3.271236722064499447e-02,4.435548183355130653e-02,3.118121790168745452e-02,6.315990940699863117e-03,2.548725637181409320e-02
3.705062362435803530e-02,6.851893202335002098e-02,5.142109796165746788e-02,2.604548789435069678e-02,1.264793135347219988e-01,1.461928610163003572e-01,1.684902229736195689e-01,2.703435516284410922e-02,0.000000000000000000e+00,9.636671026189033706e-02,1.431146129063128047e-01,6.260167788446202586e-02,2.397046157772177721e-01,5.965102555105426113e-02,6.008166129701107000e-02,4.580688379214647998e-02,4.095824428211426033e-02,8.234712431018532952e-02,7.689240486139908848e-02,1.582825608472359646e-01,6.497814922326071441e-02,2.546652205811987812e-01,1.964177485725222549e-01,7.864684678937126916e-02,1.922868353057513857e-01,4.130275287887971158e-01,2.530862228460237784e-01,3.084308909375099716e-01,2.327665954256914194e-01,5.515327442661648039e-02,1.689687071357938164e-01,7.145363488468531310e-02,5.229831892564355822e-02,6.866247727200229523e-02,4.655650897955277562e-02,7.336757153338224757e-02,2.958627069444001376e-02,2.392420810871160111e-02,6.812019522153817119e-02,4.071900220102714352e-02,4.615777217774091890e-02,3.500909119908131306e-02,5.392516507703595113e-02,1.440237328144438472e-02,1.326996076429870150e-02,3.698682573606813795e-02,7.079970652971386003e-02,8.552106925260774539e-02,2.738524354843854813e-02,1.055695556477080632e-01,1.734664582602315763e-01,1.643274107627037683e-01,4.544004593447956847e-02,2.148393888162301868e-01,8.558486714089763581e-02,1.770391400044658559e-01,1.207215541165587436e-01,2.309324061373568548e-01,7.477112507575998934e-02,5.733835210054546994e-02,7.121439280359820323e-02,4.075090114517209566e-02,8.274586111199719318e-02,9.467606622220804680e-02,1.337682222718427905e-01,8.381447574085297558e-02,2.502631662891958153e-01,2.186353631694790967e-01,5.260135889502057238e-02,1.662253979393281955e-01,4.683881463523557609e-01,2.356693993428817524e-01,3.204727423522281682e-01,2.244569204759322423e-01,4.607802481737854200e-02,1.833072825289482899e-01
1.837379182749051057e-02,3.400427445851542108e-02,2.547130689974161713e-02,1.274362818590704660e-02,6.304826310249131427e-02,7.233085584867141038e-02,8.352738524354844096e-02,1.344540495709592096e-02,9.636671026189033706e-02,0.000000000000000000e+00,7.169287696577243685e-02,3.121311684583240320e-02,1.187757185237168639e-01,2.955437175029506508e-02,2.961816963858496243e-02,2.279179559156591789e-02,2.017608217168011600e-02,4.083064850553446562e-02,3.837442980637340711e-02,7.761013110466043197e-02,3.232957989090561035e-02,1.258253851797505596e-01,9.753102172318096896e-02,3.912405499377970275e-02,9.497910619158506096e-02,2.046955245781364729e-01,1.248684168554020923e-01,1.524450540687103395e-01,1.144534115920762957e-01,2.709815305113400657e-02,8.359118313183833138e-02,3.523238380809595033e-02,2.593384158984337468e-02,3.365338607292098910e-02,2.290344189607323999e-02,3.612555424415452021e-02,1.460971641838655112e-02,1.180260933363105717e-02,3.384477973779068116e-02,2.033557689240486285e-02,2.288749242400076392e-02,1.740087403106957073e-02,2.663561836103224903e-02,7.225110848830903869e-03,6.571182493859453397e-03,1.838974129956298317e-02,3.461035439726944940e-02,4.185141471817283021e-02,1.366869756611056169e-02,5.210692526077386616e-02,8.491498931385371707e-02,8.131040862547449233e-02,2.252065456633385587e-02,1.051070209576063091e-01,4.319117037226068156e-02,8.751475326166703594e-02,6.075153912405499568e-02,1.143098663434240353e-01,3.705062362435803530e-02,2.826246451242463847e-02,3.491339436664646356e-02,2.031962742033238678e-02,4.075090114517209566e-02,4.646081214711793306e-02,6.521739130434782428e-02,4.193116207853520017e-02,1.221410571310089649e-01,1.075632396567673676e-01,2.556700373217646663e-02,8.198028645251842494e-02,2.318096271013429521e-01,1.162557019362659150e-01,1.593033270598743223e-01,1.105776898784650297e-01,2.285559347985581524e-02,9.080034450859676698e-02
2.760853615745318887e-02,5.078311907875849435e-02,3.781619828383680354e-02,1.925101279147660091e-02,9.448467255733834780e-02,1.071485533828830244e-01,1.251395578806341613e-01,1.987304220230310531e-02,1.431146129063128047e-01,7.169287696577243685e-02,0.000000000000000000e+00,4.636511531468308356e-02,1.768477463395961569e-01,4.418003764075409401e-02,4.433953236147883392e-02,3.370123448913840691e-02,3.024019904941146336e-02,6.044849915467798152e-02,5.658872691313917430e-02,1.154422788605697220e-01,4.862994034897445000e-02,1.857635012281093623e-01,1.443427222558933409e-01,5.824747200867651242e-02,1.411049794251810208e-01,3.047784618329133499e-01,1.861143896137037734e-01,2.272002296723978354e-01,1.702765638457366948e-01,4.038406328750518415e-02,1.245813263580975438e-01,5.303199464097738125e-02,3.906025710548980540e-02,5.060767488596127489e-02,3.438706178825481213e-02,5.441959871128265736e-02,2.196242304379724883e-02,1.768796452837411229e-02,5.049602858145395279e-02,2.996905802417940134e-02,3.440301126032728474e-02,2.601358895020574810e-02,4.003317490191074524e-02,1.078184312099269432e-02,9.808925324571756213e-03,2.756068774123576412e-02,5.170818845896200944e-02,6.234648633130243645e-02,2.020798111582506468e-02,7.837570576413920020e-02,1.267664040320265473e-01,1.219815624102842250e-01,3.370123448913840691e-02,1.576605314364094568e-01,6.405307984305719238e-02,1.313279530447542254e-01,8.963603304730613508e-02,1.708347953682733122e-01,5.567960700500813181e-02,4.215445468754984437e-02,5.245781364636830507e-02,3.060703690707837488e-02,6.075153912405499568e-02,6.949184981977096776e-02,9.754697119525343463e-02,6.288876838176656048e-02,1.830520909757887005e-01,1.602921943283677209e-01,3.875721713611279123e-02,1.224600465724584447e-01,3.459759481961147132e-01,1.723180962710134378e-01,2.362754792816357807e-01,1.642317139302689188e-01,3.386072920986315377e-02,1.352834221187278751e-01
1.223324507958786604e-02,2.229736195731921167e-02,1.658745095537337774e-02,8.389422310121534901e-03,4.105394111454910983e-02,4.711474050208937919e-02,5.489808287345689097e-02,8.867906472295766784e-03,6.260167788446202586e-02,3.121311684583240320e-02,4.636511531468308356e-02,0.000000000000000000e+00,7.826405945963188504e-02,1.894797282209959022e-02,1.936265909598392301e-02,1.460971641838655112e-02,1.314236498771890679e-02,2.681106255382946849e-02,2.492902484927748963e-02,5.054387699767137754e-02,2.156368624198538864e-02,8.188458962008357545e-02,6.351079779259306834e-02,2.596574053398832335e-02,6.205939583399789489e-02,1.351877252862930257e-01,8.126256020925706758e-02,9.963635203674758856e-02,7.512201346135442825e-02,1.719353089412740607e-02,5.555201122842833711e-02,2.362116813933458695e-02,1.740087403106957073e-02,2.280774506363839396e-02,1.563048263102491398e-02,2.328622922581262411e-02,9.505885355194743785e-03,7.735493955150084429e-03,2.232926090146416034e-02,1.362084914989313868e-02,1.529554371750295114e-02,1.164311461290631206e-02,1.661934989951832642e-02,4.752942677597371893e-03,4.386104819930460377e-03,1.212159877508054567e-02,2.245685667804395505e-02,2.724169829978627735e-02,8.931704360585664138e-03,3.390857762608057852e-02,5.626973747168968754e-02,5.335098408242687495e-02,1.478516061118377058e-02,6.926855721075632355e-02,2.792752559890267564e-02,5.780088679064723095e-02,4.079874956138952041e-02,7.539315448658649721e-02,2.381256180420428248e-02,1.870873074101247341e-02,2.283964400778334264e-02,1.309451657150148378e-02,2.687486044211936584e-02,3.051134007464352885e-02,4.260103990557912584e-02,2.748094038087339416e-02,8.040128871734344984e-02,7.075185811349644915e-02,1.692238986889534058e-02,5.336693355449934756e-02,1.519984688506810511e-01,7.583973970461577174e-02,1.040224568566780472e-01,7.241060320903378034e-02,1.446617116973428208e-02,5.945963188618456907e-02
4.636511531468308356e-02,8.446840409582442866e-02,6.298446521420140998e-02,3.234552936297808295e-02,1.578997735174965666e-01,1.809786596063670261e-01,2.103097387476474400e-01,3.317490191074675548e-02,2.397046157772177721e-01,1.187757185237168639e-01,1.768477463395961569e-01,7.826405945963188504e-02,0.000000000000000000e+00,7.352706625410698749e-02,7.421289355322338577e-02,5.657277744106670170e-02,5.027273597243931552e-02,1.021563686241985375e-01,9.427732942039618314e-02,1.954767297202462673e-01,8.148585281827171178e-02,3.129605410060927184e-01,2.422884302529586253e-01,9.778621327634055838e-02,2.374716896870713578e-01,5.110051357300073871e-01,3.131678841430348692e-01,3.822769466330664390e-01,2.885737982072793528e-01,6.780120578008867749e-02,2.106765766053143585e-01,9.032186034642253336e-02,6.563207757823215360e-02,8.582410922198474568e-02,5.861430986634342394e-02,9.068869820408943794e-02,3.679543207119844589e-02,2.960222016651248983e-02,8.638234074452136313e-02,5.108615904813550851e-02,5.783278573479217616e-02,4.408434080831924451e-02,6.673259115123289509e-02,1.829404446712813714e-02,1.661934989951832642e-02,4.626941848224824100e-02,8.711601645985517228e-02,1.051229704296787748e-01,3.397237551437047587e-02,1.315831445979138148e-01,2.148872372324475977e-01,2.047752719384988429e-01,5.647708060863185220e-02,2.659095983922932227e-01,1.066860186927812704e-01,2.196242304379724952e-01,1.517273278254489821e-01,2.883186066541197357e-01,9.293757376630833178e-02,7.081565600178633957e-02,8.853551947430539359e-02,5.087881591119333691e-02,1.029378927557497853e-01,1.158569651344540513e-01,1.639605729050368499e-01,1.045168904909247465e-01,3.089412740438291505e-01,2.690516443905706656e-01,6.537688602507256419e-02,2.058757855114995705e-01,5.815815496507065196e-01,2.900889980541643820e-01,3.984178123704105179e-01,2.773613193403298149e-01,5.690771635458866107e-02,2.281731474688187822e-01
1.126032728316692794e-02,2.116494944017353191e-02,1.550288685444511753e-02,8.038533924527097724e-03,3.906025710548980540e-02,4.433953236147883392e-02,5.193148106797664670e-02,8.086382340744520739e-03,5.965102555105426113e-02,2.955437175029506508e-02,4.418003764075409401e-02,1.894797282209959022e-02,7.352706625410698749e-02,0.000000000000000000e+00,1.850138760407030528e-02,1.414718172828479358e-02,1.256818399310982888e-02,2.518421640243707904e-02,2.330217869788510018e-02,4.829500143545248370e-02,1.998468850681042394e-02,7.722734377492104785e-02,5.949153083032951428e-02,2.401990494114644714e-02,5.829532042489393717e-02,1.250917094644167227e-01,7.741873743979074685e-02,9.464416727806310159e-02,7.075185811349644915e-02,1.692238986889534058e-02,5.151679479409231738e-02,2.204217040415962225e-02,1.628441098599636358e-02,2.079811158250662040e-02,1.427477750486458828e-02,2.221761459695684171e-02,9.170946441672780947e-03,7.432453985773071134e-03,2.129254521675332662e-02,1.216944719129796869e-02,1.414718172828479358e-02,1.089348942550001642e-02,1.690644039682286451e-02,4.561549012727678966e-03,4.099014322625921421e-03,1.138792305974672264e-02,2.161153465820281339e-02,2.604548789435069678e-02,8.373472838049060563e-03,3.245717566748540506e-02,5.264920731123799713e-02,5.041628122109158283e-02,1.400363647963252453e-02,6.512169447191297478e-02,2.650802258445245432e-02,5.424415451848543790e-02,3.689112890363328845e-02,7.052856550448180495e-02,2.328622922581262411e-02,1.748062139143194416e-02,2.193052409965230015e-02,1.282337554626941829e-02,2.529586270694440114e-02,2.875689814667134470e-02,4.051165906408497885e-02,2.594979106191585075e-02,7.593543653705062124e-02,6.638170276563845618e-02,1.607706784905419545e-02,5.097451274362818641e-02,1.435133497081246545e-01,7.107084755494592898e-02,9.722798175380395480e-02,6.767361000350888278e-02,1.401958595170499887e-02,5.603049539060257073e-02
1.180260933363105717e-02,2.161153465820281339e-02,1.638010781843120961e-02,8.022584452454623385e-03,3.931544865864940175e-02,4.518485438131997906e-02,5.223452103735366087e-02,8.373472838049060563e-03,6.008166129701107000e-02,2.961816963858496243e-02,4.433953236147883392e-02,1.936265909598392301e-02,7.421289355322338577e-02,1.850138760407030528e-02,0.000000000000000000e+00,1.433857539315448737e-02,1.258413346518230322e-02,2.564675109253883659e-02,2.397205652492902586e-02,4.929981817601837568e-02,2.055886950141950359e-02,7.891798781460333811e-02,6.137356853488149661e-02,2.505662062585728433e-02,5.963507607898178853e-02,1.289674311780280025e-01,7.872659414973363912e-02,9.636671026189033706e-02,7.202781587929439622e-02,1.732112667070720077e-02,5.250566206258572982e-02,2.210596829244951961e-02,1.645985517879358304e-02,2.149988835369549128e-02,1.446617116973428208e-02,2.261635139876870190e-02,9.123098025455357932e-03,7.496251874062968487e-03,2.127659574468085055e-02,1.267983029761714925e-02,1.472136272289387149e-02,1.121247886694950319e-02,1.657150148330090167e-02,4.513700596510255084e-03,4.194711155060767450e-03,1.178665986155858283e-02,2.207406934830457093e-02,2.741714249258349681e-02,8.517018086701329607e-03,3.260072091613767931e-02,5.378161982838368382e-02,5.051197805352642539e-02,1.417908067242974225e-02,6.598296596382659251e-02,2.644422469616255697e-02,5.483428498516699362e-02,3.759290567482216627e-02,7.089540336214870953e-02,2.317458292130530548e-02,1.794315608153370170e-02,2.204217040415962225e-02,1.255223452103735281e-02,2.529586270694440114e-02,2.955437175029506508e-02,4.162812210915818600e-02,2.638042680787265962e-02,7.733899007942837689e-02,6.859867938371240481e-02,1.677884462024306980e-02,5.110210852020798111e-02,1.469584356757791255e-01,7.290503684328049350e-02,9.858368687996427182e-02,6.965134454049570767e-02,1.413123225621231924e-02,5.719480685189320263e-02
8.724361223643497740e-03,1.626846151392388751e-02,1.220134613544291736e-02,6.124597275830170190e-03,2.995310855210692527e-02,3.433921337203738738e-02,3.957064021180899116e-02,6.363839356917286132e-03,4.580688379214647998e-02,2.279179559156591789e-02,3.370123448913840691e-02,1.460971641838655112e-02,5.657277744106670170e-02,1.414718172828479358e-02,1.433857539315448737e-02,0.000000000000000000e+00,9.824874796644230551e-03,1.952215381670866640e-02,1.807075185811349641e-02,3.717821940093783001e-02,1.531149318957542547e-02,5.992216657628632315e-02,4.670005422820504987e-02,1.862898338065009998e-02,4.534434910204471897e-02,9.722798175380395480e-02,5.982646974385148059e-02,7.292098631535295916e-02,5.496188076174678833e-02,1.319021340393632981e-02,3.992152859740342313e-02,1.693833934096781318e-02,1.212159877508054567e-02,1.580592682382212996e-02,1.082969153721011907e-02,1.714568247790998132e-02,6.969919295671313589e-03,5.502567865003668394e-03,1.617276468148904148e-02,9.537784299339692462e-03,1.081374206513764473e-02,8.213978117324317180e-03,1.280742607419694395e-02,3.556732272161791317e-03,3.094197582060033772e-03,8.740310695715972078e-03,1.668314778780822377e-02,2.031962742033238678e-02,6.555233021786979059e-03,2.489712590513254095e-02,4.078280008931704087e-02,3.854987399917062657e-02,1.062234840026795094e-02,5.020893808414941123e-02,2.031962742033238678e-02,4.158027369294076125e-02,2.834221187278701190e-02,5.403681138154327324e-02,1.762416664008421494e-02,1.362084914989313868e-02,1.674694567609812113e-02,9.585632715557115477e-03,1.920316437525917963e-02,2.231331142939168774e-02,3.157995470349931472e-02,1.998468850681042394e-02,5.832721936903888238e-02,5.167628951481705729e-02,1.231299243995023773e-02,3.907620657756228494e-02,1.104341446298127555e-01,5.542441545184854240e-02,7.577594181632588133e-02,5.303199464097738125e-02,1.110083256244218282e-02,4.339851350920284623e-02
7.735493955150084429e-03,1.443427222558933340e-02,1.079779259306517039e-02,5.422820504641296703e-03,2.658776994481482775e-02,3.057513796293342620e-02,3.534403011260327243e-02,5.693961529873361321e-03,4.095824428211426033e-02,2.017608217168011600e-02,3.024019904941146336e-02,1.314236498771890679e-02,5.027273597243931552e-02,1.256818399310982888e-02,1.258413346518230322e-02,9.824874796644230551e-03,0.000000000000000000e+00,1.720948036619987867e-02,1.617276468148904148e-02,3.280806405307984397e-02,1.352515231745829265e-02,5.355832721936903962e-02,4.158027369294076125e-02,1.644390570672110696e-02,4.036811381543271154e-02,8.636639127244888359e-02,5.314364094548470335e-02,6.475485661424607020e-02,4.847044562824970315e-02,1.165906408497878639e-02,3.551947430540049189e-02,1.484895849947366793e-02,1.071804523270279697e-02,1.392388911927015284e-02,9.521834827267218124e-03,1.523174582921305378e-02,6.188395164120067543e-03,4.880538454177166599e-03,1.427477750486458828e-02,8.501068614628855269e-03,9.537784299339692462e-03,7.193211904685955192e-03,1.138792305974672264e-02,3.110147054132508110e-03,2.759258668538071366e-03,7.799291843439981782e-03,1.480111008325624491e-02,1.770391400044658489e-02,5.789658362308207351e-03,2.218571565281189303e-02,3.566301955405275920e-02,3.435516284410985999e-02,9.458036938977319036e-03,4.440333024976873127e-02,1.826214552298318847e-02,3.682733101534339110e-02,2.539155953937924717e-02,4.805575935436537383e-02,1.574212893553223261e-02,1.196210405435580056e-02,1.481705955532871925e-02,8.517018086701329607e-03,1.717758142205492999e-02,1.958595170499856375e-02,2.772018246196050750e-02,1.787935819324380435e-02,5.175603687517943419e-02,4.555169223898689057e-02,1.076589364892021998e-02,3.480174806213914146e-02,9.823279849436983291e-02,4.944336342467064299e-02,6.767361000350888278e-02,4.701904366965453663e-02,9.792975852499281875e-03,3.837442980637340711e-02
1.590162365625697946e-02,2.933107914128042434e-02,2.164343360234776206e-02,1.106893361829723414e-02,5.408465979776069105e-02,6.175635586462088072e-02,7.175667485406232726e-02,1.134007464352929963e-02,8.234712431018532952e-02,4.083064850553446562e-02,6.044849915467798152e-02,2.681106255382946849e-02,1.021563686241985375e-01,2.518421640243707904e-02,2.564675109253883659e-02,1.952215381670866640e-02,1.720948036619987867e-02,0.000000000000000000e+00,3.234552936297808295e-02,6.668474273501547034e-02,2.800727295926504906e-02,1.070847554945931340e-01,8.298510319308430305e-02,3.366933554499346171e-02,8.081597499122779305e-02,1.746148202494497426e-01,1.069890586621582845e-01,1.313758014609716362e-01,9.848799004752942232e-02,2.331812816995757279e-02,7.183642221442469722e-02,3.049539060257105624e-02,2.240900826182653377e-02,2.921943283677310224e-02,1.988899167437557791e-02,3.094197582060033772e-02,1.258413346518230322e-02,1.008006634980382170e-02,2.918753389262815356e-02,1.717758142205492999e-02,1.979329484194073188e-02,1.499250374812593697e-02,2.283964400778334264e-02,6.300041468627388778e-03,5.646113113655938306e-03,1.590162365625697946e-02,2.984146224759960317e-02,3.618935213244441756e-02,1.165906408497878639e-02,4.483396599572554014e-02,7.287313789913553441e-02,6.953969823598839251e-02,1.931481067976649826e-02,9.009856773740788916e-02,3.654024051803884954e-02,7.518581134964433255e-02,5.181983476346933154e-02,9.764266802768828413e-02,3.178729784044147938e-02,2.445054068710325601e-02,3.022424957733899076e-02,1.738492455899709813e-02,3.488149542250151836e-02,3.996937701362084788e-02,5.638138377619700964e-02,3.607770582793709546e-02,1.050432230693164048e-01,9.260263485278637241e-02,2.224951354110179039e-02,7.001818239816262612e-02,1.988101693833934092e-01,9.885482790519634078e-02,1.357459568088296153e-01,9.477176305464289630e-02,1.949025487256371772e-02,7.781747424160259663e-02
1.481705955532871925e-02,2.732144566014865078e-02,2.033557689240486285e-02,1.020766212638361640e-02,4.977830233819260236e-02,5.743404893298031944e-02,6.622220804491371626e-02,1.073399470477527130e-02,7.689240486139908848e-02,3.837442980637340711e-02,5.658872691313917430e-02,2.492902484927748963e-02,9.427732942039618314e-02,2.330217869788510018e-02,2.397205652492902586e-02,1.807075185811349641e-02,1.617276468148904148e-02,3.234552936297808295e-02,0.000000000000000000e+00,6.244218316373727901e-02,2.610928578264059413e-02,1.007209161376758366e-01,7.802481737854477517e-02,3.146830839899199261e-02,7.582379023254330608e-02,1.636415834635873423e-01,9.966825098089253376e-02,1.215987750805448409e-01,9.158186864014801476e-02,2.180292832307250545e-02,6.654119748636319609e-02,2.791157612683020303e-02,2.065456633385434962e-02,2.689080991419184191e-02,1.826214552298318847e-02,2.874094867459887209e-02,1.159526619668888904e-02,9.521834827267218124e-03,2.684296149797441716e-02,1.586972471211203078e-02,1.834189288334556189e-02,1.393983859134262718e-02,2.105330313566620981e-02,5.741809946090784336e-03,5.231426839771603776e-03,1.468946377874892281e-02,2.802322243133752167e-02,3.392452709815305112e-02,1.078184312099269432e-02,4.142077897221602134e-02,6.847108360713261010e-02,6.440396822865163129e-02,1.802290344189607166e-02,8.454815145618679861e-02,3.403617340266037322e-02,6.976299084500303671e-02,4.791221410571309958e-02,9.083224345274171219e-02,2.937892755749784562e-02,2.291939136814571606e-02,2.815081820791731637e-02,1.604516890490924677e-02,3.258477144406519976e-02,3.754505725860474152e-02,5.296819675268748390e-02,3.358958818463109175e-02,9.855178793581932661e-02,8.649398704902867829e-02,2.083001052665156907e-02,6.542473444128998894e-02,1.852052697055727448e-01,9.311301795910555124e-02,1.258413346518230114e-01,8.915754888513190146e-02,1.800695396982359905e-02,7.217136112794667047e-02
3.020830010526651468e-02,5.579125330951545392e-02,4.242559571278190639e-02,2.113305049602857977e-02,1.026508022584452506e-01,1.193020511021085223e-01,1.369740661584101515e-01,2.173913043478260809e-02,1.582825608472359646e-01,7.761013110466043197e-02,1.154422788605697220e-01,5.054387699767137754e-02,1.954767297202462673e-01,4.829500143545248370e-02,4.929981817601837568e-02,3.717821940093783001e-02,3.280806405307984397e-02,6.668474273501547034e-02,6.244218316373727901e-02,0.000000000000000000e+00,5.272895467160036709e-02,2.072474401097323671e-01,1.604357395770200090e-01,6.418067561963698708e-02,1.563367252543940711e-01,3.359915786787457392e-01,2.061788254808765708e-01,2.512839325018341730e-01,1.896870713579380530e-01,4.457877444256595073e-02,1.371495103512073710e-01,5.826342148074898503e-02,4.263293884972407105e-02,5.646113113655937960e-02,3.827873297393856455e-02,5.926823822131487701e-02,2.390825863663912851e-02,1.949025487256371772e-02,5.544036492392101501e-02,3.327059874318159804e-02,3.797569300456155039e-02,2.885259497910619073e-02,4.368560400650738779e-02,1.177071038948610850e-02,1.089348942550001642e-02,3.025614852148393943e-02,5.807202781587929297e-02,7.071995916935149007e-02,2.218571565281189303e-02,8.542537242017289589e-02,1.425404319117037355e-01,1.333535359979584611e-01,3.689112890363328845e-02,1.754441927972184012e-01,6.909311301795910409e-02,1.434974002360521750e-01,9.783406169255798313e-02,1.873265494912118301e-01,6.044849915467798152e-02,4.719448786245175609e-02,5.783278573479217616e-02,3.290376088551468653e-02,6.713132795304475875e-02,7.709974799834125314e-02,1.099078120514210971e-01,6.773740789179878707e-02,2.052856550448180217e-01,1.788095314045105022e-01,4.331876614884047627e-02,1.351717758142205461e-01,3.827713802673131660e-01,1.924303805544036461e-01,2.606781715525215981e-01,1.839771603559922086e-01,3.749720884238731677e-02,1.497336438163896777e-01
1.314236498771890679e-02,2.336597658617499754e-02,1.740087403106957073e-02,8.692462279498549063e-03,4.311142301189830467e-02,4.915627292736610143e-02,5.762544259785001149e-02,9.107148553382883593e-03,6.497814922326071441e-02,3.232957989090561035e-02,4.862994034897445000e-02,2.156368624198538864e-02,8.148585281827171178e-02,1.998468850681042394e-02,2.055886950141950359e-02,1.531149318957542547e-02,1.352515231745829265e-02,2.800727295926504906e-02,2.610928578264059413e-02,5.272895467160036709e-02,0.000000000000000000e+00,8.453220198411431907e-02,6.662094484672557992e-02,2.762448562952566147e-02,6.469105872595616591e-02,1.402915563494848417e-01,8.473954512105649761e-02,1.041660021053303076e-01,7.781747424160259663e-02,1.854923602028773003e-02,5.744999840505279204e-02,2.494497432134996223e-02,1.827809499505566454e-02,2.370091549969696038e-02,1.620466362563399015e-02,2.486522696098759228e-02,1.006411687773134736e-02,8.182079173179368503e-03,2.398800599700149846e-02,1.403553542377747321e-02,1.615681520941656887e-02,1.240868927238508376e-02,1.789530766531627695e-02,4.992184758684487834e-03,4.593447956872627642e-03,1.304666815528406076e-02,2.368496602762448430e-02,2.904398864397588279e-02,9.282592746180101315e-03,3.607770582793709546e-02,5.802417939966186822e-02,5.574340489329802917e-02,1.559858368687996356e-02,7.151743277297521739e-02,2.923538230884557831e-02,6.032090337809818681e-02,4.202685891097004967e-02,7.851925101279147445e-02,2.539155953937924717e-02,1.934670962391144694e-02,2.409965230150882057e-02,1.406743436792242188e-02,2.792752559890267564e-02,3.148425787106446522e-02,4.400459344795687455e-02,2.934702861335289695e-02,8.317649685795400205e-02,7.365466203068678219e-02,1.815049921847586983e-02,5.558391017257328925e-02,1.592395291715844319e-01,7.850330154071900879e-02,1.073877954639701482e-01,7.539315448658649721e-02,1.513604899677820602e-02,6.215509266643274439e-02
