0.000000000000000000e+00,8.572863213843949504e-03,5.878534775207279808e-03,2.939267387603639904e-03,1.251638029221216648e-02,1.894602770259512861e-02,1.612922978947497338e-02,3.588355602366110220e-03,2.139541719226482896e-02,1.154887144379263507e-02,1.412073040794581923e-02,9.834298801023844475e-03,2.486130332014745495e-02,6.870537518523508330e-03,6.699080254246629444e-03,6.282684041002780349e-03,4.849791189546005625e-03,1.049563396323466291e-02,8.474887634257161073e-03,1.647214431802873288e-02,7.519625733285978213e-03,2.950289640307153516e-02,2.153013361419666219e-02,9.773064063782102573e-03,2.286505088606664848e-02,4.945317379643123651e-02,2.728619891492045646e-02,3.203801452487967105e-02,2.788629933988953299e-02,6.147967619070946257e-03,1.810098832865908100e-02,7.078735625145432878e-03,4.617099188027383970e-03,6.711327201694977131e-03,4.947766769132794056e-03,7.446144048595887757e-03,3.318922758502443338e-03,2.976008229948685132e-03,7.017500887903690109e-03,5.780559195620491378e-03,6.086732881829204356e-03,4.764062557407565748e-03,5.952016459897370264e-03,2.498377279463093702e-03,1.567609273388607949e-03,4.151715184990141527e-03,8.695332688327435042e-03,9.626100694401919927e-03,4.102727395196747312e-03,1.209998407896831739e-02,1.698651611085936694e-02,1.726819590217138281e-02,3.796553708988034768e-03,2.206899930192399509e-02,1.262660281924730260e-02,1.737841842920652066e-02,1.484330030739838130e-02,2.581656522111863694e-02,8.009503631219917763e-03,7.433897101147539203e-03,9.920027433162283484e-03,4.114974342645095866e-03,8.768814373017524630e-03,9.368914797986601165e-03,1.687629358382423256e-02,8.781061320465874051e-03,2.874358566127392656e-02,2.559612016704836471e-02,8.793308267914221737e-03,2.151788666674831277e-02,6.009577112904608553e-02,2.635543090884596984e-02,3.374034022020011570e-02,2.535118121808139363e-02,6.662339411901583783e-03,1.870108875362815753e-02
8.572863213843949504e-03,0.000000000000000000e+00,1.701101000575606578e-02,8.695332688327435042e-03,3.681432402973559143e-02,5.599304373384933475e-02,4.777534199600749765e-02,1.039765838364787622e-02,6.347592862479027598e-02,3.365461158806167669e-02,4.166411521928159445e-02,2.795978102457962258e-02,7.326123963602072797e-02,2.062385950301887094e-02,1.914197886176870547e-02,1.901950938728521820e-02,1.440241019925783510e-02,3.113174041370188327e-02,2.437142542221351280e-02,4.885307337146216344e-02,2.168934393102519079e-02,8.765140288783020150e-02,6.263088925085422143e-02,2.783731155009613878e-02,6.754191517764197850e-02,1.434240015676092606e-01,7.987459125812891580e-02,9.482811409256243496e-02,8.316902012173466030e-02,1.835817422507440150e-02,5.277209655493367985e-02,2.061161255557052499e-02,1.372882808959866724e-02,1.911748496687200663e-02,1.430443461967104667e-02,2.236292604068436038e-02,9.956768275507330013e-03,8.707579635775782728e-03,2.083205760964079722e-02,1.688854053127258198e-02,1.756212264093174810e-02,1.372882808959866724e-02,1.813772917100412579e-02,7.446144048595887757e-03,4.494629713543899299e-03,1.187953902489804342e-02,2.620846753946578719e-02,2.762911344347421250e-02,1.212447797386501450e-02,3.551614760021064993e-02,5.016349674843545436e-02,5.059213990912764941e-02,1.113247523054878597e-02,6.454141305279659235e-02,3.727970803277283474e-02,5.051865822443755982e-02,4.216624006466387908e-02,7.589433333741564536e-02,2.412648647324654172e-02,2.151788666674831277e-02,2.962536587755501896e-02,1.225919439579684772e-02,2.589004690580872653e-02,2.740866838940394026e-02,4.996754558926187750e-02,2.527769953339130057e-02,8.481011107981335784e-02,7.530647985989491477e-02,2.504500753187268239e-02,6.446793136810649583e-02,1.772378234724994728e-01,7.797631440363489430e-02,9.978812780914357583e-02,7.557591270375858816e-02,1.971758539184108316e-02,5.448666919770247391e-02
5.878534775207279808e-03,1.701101000575606578e-02,0.000000000000000000e+00,5.817300037965537039e-03,2.499601974207928817e-02,3.752464698173980234e-02,3.227070652639829618e-02,6.931772255765250232e-03,4.249690764576929264e-02,2.271808751668646584e-02,2.800876881437301680e-02,1.911748496687200663e-02,4.929396347960270791e-02,1.390028535387554699e-02,1.307973987483619649e-02,1.265109671414399971e-02,9.711829326540360671e-03,2.086879845198584202e-02,1.686404663637588314e-02,3.350764821868149057e-02,1.463510220077645675e-02,5.944668291428361478e-02,4.272959964728791082e-02,1.888479296535338497e-02,4.537494029613119151e-02,9.619977220677745910e-02,5.402128519466523060e-02,6.405153515486265714e-02,5.587057425936585442e-02,1.257761502945390839e-02,3.573659265428091869e-02,1.375332198449536435e-02,9.001506374536146285e-03,1.288378871566262136e-02,9.491384272470086703e-03,1.516172094105544196e-02,6.735821096591674238e-03,5.890781722655628362e-03,1.397376703856563832e-02,1.131617944227401341e-02,1.202650239427822607e-02,9.405655640331647693e-03,1.235716997538363615e-02,5.057989296167930172e-03,3.184206336570609679e-03,8.291183422531933633e-03,1.752538179858670331e-02,1.942365865308072134e-02,8.168713948048448095e-03,2.382031278703783048e-02,3.366685853551002611e-02,3.385056274723525355e-02,7.384909311354144988e-03,4.372160239060414455e-02,2.517972395380451561e-02,3.427920590792744859e-02,2.859662229189374391e-02,5.091056054278471354e-02,1.626394621140680660e-02,1.464734914822480444e-02,1.985230181377291639e-02,8.168713948048448095e-03,1.728044284961973223e-02,1.882355822811164481e-02,3.382606885233855470e-02,1.731718369196477703e-02,5.751166521744455196e-02,5.104527696471654330e-02,1.705999779554946000e-02,4.290105691156479578e-02,1.183177592984948484e-01,5.275984960748533736e-02,6.688058001543115139e-02,5.084932580554296644e-02,1.355737082532178922e-02,3.681432402973559143e-02
2.939267387603639904e-03,8.695332688327435042e-03,5.817300037965537039e-03,0.000000000000000000e+00,1.272457839883409103e-02,1.911748496687200663e-02,1.638641568589029041e-02,3.600602549814458774e-03,2.119946603309125210e-02,1.165909397082777119e-02,1.442690409415453220e-02,9.883286590817238690e-03,2.513073616401112140e-02,7.103229520042129118e-03,6.490882147624704897e-03,6.454141305279659235e-03,4.935519821684445502e-03,1.060585649026980076e-02,8.254442580186888839e-03,1.639866263333863983e-02,7.531872680734326767e-03,2.957637808776162475e-02,2.137092329736813012e-02,9.650594589298617035e-03,2.320796541462040452e-02,4.908576537298078163e-02,2.711474165064357844e-02,3.255238631771031205e-02,2.826595471078833730e-02,6.233696251209386134e-03,1.800301274907229257e-02,7.262439836870660317e-03,4.666086977820778185e-03,6.674586359349932337e-03,4.960013716581141742e-03,7.776811629701296975e-03,3.441392232985928442e-03,3.049489914638776455e-03,7.286933731767356558e-03,5.964263407345718818e-03,6.209202356312689026e-03,4.788556452304262856e-03,6.331671830796173697e-03,2.645340648843275914e-03,1.555362325940259395e-03,4.176209079886838635e-03,8.928024689846056697e-03,9.613853746953572241e-03,4.274184659473626198e-03,1.233267608048693904e-02,1.693752832106597273e-02,1.762335737817349174e-02,3.857788446229777103e-03,2.188529509019876765e-02,1.314097461207794013e-02,1.739066537665487008e-02,1.476981862270828998e-02,2.590229385325707595e-02,8.315677317428630741e-03,7.433897101147539203e-03,1.014047248723255745e-02,4.200702974783534875e-03,8.977012479639449177e-03,9.454643430125041909e-03,1.664360158230561090e-02,8.940271637294404383e-03,2.826595471078833730e-02,2.596352859049881959e-02,8.572863213843949504e-03,2.199551761723390550e-02,6.087957576574038604e-02,2.650239427822615249e-02,3.437718148751423702e-02,2.544915679766818206e-02,6.784808886385068454e-03,1.894602770259512861e-02
1.251638029221216648e-02,3.681432402973559143e-02,2.499601974207928817e-02,1.272457839883409103e-02,0.000000000000000000e+00,8.142995358406916739e-02,7.005253940455341555e-02,1.544340073236745783e-02,9.161941386109512253e-02,5.013900285353875552e-02,6.155315787539955563e-02,4.174984385142003346e-02,1.069158512240823977e-01,3.028670103976583913e-02,2.783731155009613878e-02,2.749439702154237927e-02,2.095452708412428103e-02,4.505651966247412737e-02,3.568760486448752794e-02,7.104454214786964927e-02,3.201352062998297915e-02,1.272457839883409103e-01,9.176637723047530171e-02,4.091705142493233527e-02,9.852669222196366872e-02,2.083205760964079722e-01,1.163460007593107443e-01,1.384517409035797841e-01,1.213060144758918851e-01,2.673508627974477414e-02,7.650668070983307478e-02,3.056838083107785500e-02,2.021971023722337127e-02,2.810674439395980523e-02,2.096677403157263045e-02,3.304226421564424726e-02,1.476981862270828998e-02,1.290828261055931847e-02,3.102151788666674889e-02,2.481231553035406073e-02,2.584105911601533231e-02,2.035442665915520449e-02,2.689429659657330274e-02,1.119370996779052788e-02,6.576610779763143906e-03,1.752538179858670331e-02,3.792879624753529855e-02,4.078233500300050551e-02,1.792953106438220298e-02,5.240468813148322497e-02,7.296731289726035574e-02,7.426548932678529724e-02,1.633742789609689619e-02,9.373813576965940586e-02,5.578484562722741541e-02,7.447368743340722352e-02,6.249617282892239167e-02,1.111165541988659300e-01,3.547940675786560166e-02,3.126645683563371997e-02,4.341542870439542984e-02,1.808874138121073158e-02,3.802677182712208698e-02,4.036593878975665295e-02,7.220800215546274714e-02,3.779407982560346879e-02,1.228123890120387529e-01,1.101735392453430940e-01,3.670410150270045357e-02,9.394633387628133214e-02,2.580676766315995740e-01,1.136639192681224153e-01,1.457631685302438473e-01,1.097693899795476047e-01,2.903751240003429185e-02,8.002155462750909498e-02
1.894602770259512861e-02,5.599304373384933475e-02,3.752464698173980234e-02,1.911748496687200663e-02,8.142995358406916739e-02,0.000000000000000000e+00,1.055319461624190103e-01,2.280381614882490485e-02,1.391253230132389607e-01,7.378785837629971145e-02,9.157042607130172485e-02,6.165113345498634406e-02,1.611453345253695546e-01,4.563212619254650854e-02,4.192130111569691148e-02,4.157838658714315544e-02,3.160937136418747601e-02,6.816650949750774346e-02,5.402128519466523060e-02,1.071852840679460711e-01,4.746916830979878293e-02,1.926444833625218789e-01,1.378271465837140053e-01,6.141844145346772588e-02,1.484207561265354636e-01,3.152364273204903422e-01,1.755110038822823293e-01,2.089819112586187855e-01,1.824917639278409720e-01,4.050065521168848964e-02,1.155499491751680874e-01,4.547291587571797994e-02,3.013973767038565649e-02,4.206826448507709759e-02,3.133993852032380956e-02,4.936744516429279750e-02,2.204450540702729971e-02,1.904400328218191704e-02,4.564437313999485796e-02,3.738993055980796565e-02,3.899428067554162186e-02,3.021321935507574608e-02,4.005976510354793824e-02,1.643540347568368462e-02,9.920027433162283484e-03,2.645340648843275827e-02,5.745043048020281179e-02,6.143068840091606836e-02,2.661261680526129034e-02,7.829473503729195150e-02,1.102960087198265882e-01,1.113614931478329045e-01,2.429794373752342321e-02,1.421870598753260662e-01,8.205454790393494624e-02,1.114349748325229872e-01,9.270939218399813775e-02,1.672443143546470945e-01,5.313950497838413473e-02,4.733445188786694624e-02,6.538645242673263303e-02,2.684530880677990852e-02,5.709526900420070633e-02,6.052441428973828058e-02,1.096714143999608093e-01,5.578484562722741541e-02,1.864597749011059069e-01,1.662400646638825252e-01,5.497654709563641606e-02,1.412685388166999290e-01,3.896856208590008808e-01,1.716164745937075187e-01,2.194652982744051128e-01,1.657379398185002406e-01,4.359913291612065728e-02,1.201792953106438216e-01
1.612922978947497338e-02,4.777534199600749765e-02,3.227070652639829618e-02,1.638641568589029041e-02,7.005253940455341555e-02,1.055319461624190103e-01,0.000000000000000000e+00,2.015847549998163110e-02,1.189423536183606273e-01,6.482309284410860128e-02,7.962965230916194126e-02,5.380084014059495490e-02,1.382680366918545567e-01,3.922697267706024005e-02,3.610400107773137357e-02,3.562637012724578084e-02,2.722496417767871282e-02,5.831996374903555130e-02,4.614649798537714259e-02,9.144795659681824451e-02,4.132120069072783841e-02,1.645254920211137450e-01,1.186729207744969539e-01,5.285782518707211886e-02,1.277846496760682293e-01,2.700696851309811186e-01,1.502455512963393747e-01,1.791361003269935082e-01,1.568589029184475903e-01,3.468335517372295174e-02,9.933499075355467500e-02,3.996178952396114981e-02,2.611049195987899876e-02,3.622647055221486084e-02,2.707800080829853018e-02,4.261937712025277991e-02,1.904400328218191704e-02,1.661910768740891206e-02,4.039043268465335179e-02,3.205026147232802047e-02,3.331169705950792065e-02,2.619622059201744124e-02,3.462212043648120463e-02,1.443915104160287989e-02,8.511628476602207602e-03,2.270584056923811642e-02,4.882857947656546460e-02,5.263738013300185009e-02,2.315897762482701031e-02,6.757865601998701288e-02,9.437497703697353413e-02,9.611404357463902703e-02,2.133418245502308533e-02,1.217101637416873883e-01,7.206103878608256796e-02,9.611404357463902703e-02,8.082985315910008739e-02,1.441955592568552325e-01,4.568111398233989928e-02,4.028021015761821394e-02,5.583383341702080616e-02,2.351413910082911923e-02,4.918374095256757006e-02,5.201278581313607818e-02,9.348094987324409577e-02,4.881633252911711518e-02,1.585734755612163704e-01,1.424197518768446913e-01,4.751815609959217368e-02,1.212692736335468369e-01,3.330924767001824938e-01,1.469266285378369452e-01,1.885662498622218408e-01,1.421503190329810318e-01,3.735318971746292432e-02,1.033030017268195960e-01
3.588355602366110220e-03,1.039765838364787622e-02,6.931772255765250232e-03,3.600602549814458774e-03,1.544340073236745783e-02,2.280381614882490485e-02,2.015847549998163110e-02,0.000000000000000000e+00,2.570634269408349909e-02,1.410848346049747154e-02,1.747639400879330909e-02,1.184279818255299863e-02,3.044591135659436773e-02,8.646344898534040826e-03,7.825799419494690323e-03,7.838046366943039744e-03,5.952016459897370264e-03,1.282255397842087946e-02,9.883286590817238690e-03,1.993803044591135540e-02,9.099481954122934715e-03,3.574883960172926811e-02,2.602476332774055975e-02,1.163460007593107408e-02,2.807000355161476043e-02,5.906702754338481048e-02,3.277283137178058081e-02,3.926371351940528831e-02,3.420572422323735901e-02,7.568613523079372428e-03,2.170159087847354021e-02,8.585110161292297190e-03,5.792806143068839932e-03,7.997256683771570077e-03,5.915275617552325470e-03,9.405655640331647693e-03,4.176209079886838635e-03,3.600602549814458774e-03,8.805555215362571159e-03,7.066488677697084324e-03,7.335921521560750773e-03,5.792806143068839932e-03,7.617601312872766643e-03,3.147465494225564452e-03,1.861536012148971939e-03,5.045742348719581619e-03,1.060585649026980076e-02,1.135292028461905821e-02,5.057989296167930172e-03,1.496576978188186510e-02,2.045240223874199292e-02,2.123620687543629690e-02,4.751815609959218062e-03,2.652688817312284786e-02,1.573732747112781966e-02,2.100351487391767524e-02,1.775807380010532496e-02,3.173184083867096328e-02,1.011597859233586034e-02,8.928024689846056697e-03,1.238166387028033326e-02,5.070236243616278726e-03,1.092427712392686143e-02,1.123045081013557440e-02,2.028094497446511491e-02,1.078956070199502820e-02,3.458537959413616331e-02,3.110724651880518790e-02,1.033642364640613258e-02,2.678407406953816836e-02,7.311427626664053492e-02,3.181756947080940229e-02,4.178658469376508172e-02,3.100927093921839947e-02,8.144220053151752722e-03,2.263235888454802683e-02
2.139541719226482896e-02,6.347592862479027598e-02,4.249690764576929264e-02,2.119946603309125210e-02,9.163166080854347195e-02,1.391253230132389607e-01,1.189423536183606273e-01,2.570634269408349909e-02,0.000000000000000000e+00,8.292408117276768575e-02,1.028498646712306952e-01,6.872986908013177521e-02,1.820386268722520851e-01,5.147392012540874529e-02,4.766511946897235980e-02,4.726097020317685665e-02,3.556513539000404067e-02,7.749868345314930851e-02,6.157765177029625447e-02,1.220898191125861926e-01,5.283333129217542695e-02,2.199306822774423353e-01,1.557076898583028279e-01,6.870537518523507636e-02,1.675015002510624185e-01,3.555166374781085770e-01,1.991231185626982370e-01,2.368437167036116231e-01,2.072183508260566076e-01,4.599953461599696342e-02,1.309688560126388568e-01,5.056764601423095057e-02,3.381382190489020528e-02,4.695479651696814888e-02,3.509975138696679736e-02,5.539294330888026169e-02,2.464085826607717924e-02,2.123620687543629690e-02,5.064112769892104710e-02,4.156613963969480602e-02,4.337868786205038157e-02,3.363011769316497784e-02,4.510550745226752506e-02,1.841940896231614166e-02,1.118146302034218019e-02,2.953963724541657995e-02,6.516600737266235732e-02,6.966063708620626183e-02,2.974783535203850277e-02,8.770039067762359919e-02,1.250045926052931189e-01,1.248943700782579880e-01,2.745765617919733448e-02,1.618801513722704644e-01,9.186435281006209708e-02,1.257394094521940286e-01,1.039031021517886622e-01,1.889948930229140289e-01,6.001004249690764653e-02,5.312725803093579224e-02,7.375111753395466319e-02,3.056838083107785500e-02,6.397805347017256061e-02,6.847268318371646512e-02,1.262047934552312789e-01,6.181034377181487266e-02,2.140399005547867217e-01,1.873782959597320441e-01,6.203078882588514836e-02,1.594307618826007744e-01,4.375466914871468105e-01,1.950816259047432333e-01,2.479027102494703316e-01,1.885540029147735053e-01,4.962463106070812147e-02,1.347041749843851388e-01
1.154887144379263507e-02,3.365461158806167669e-02,2.271808751668646584e-02,1.165909397082777119e-02,5.013900285353875552e-02,7.378785837629971145e-02,6.482309284410860128e-02,1.410848346049747154e-02,8.292408117276768575e-02,0.000000000000000000e+00,5.658089721137006534e-02,3.822272298629566384e-02,9.768165284802762804e-02,2.844965892251356473e-02,2.531444037573634884e-02,2.495927889973423991e-02,1.923995444135549043e-02,4.117423732134765230e-02,3.254013937026196263e-02,6.476185810686686806e-02,2.946615556072649036e-02,1.160275801256536871e-01,8.375687359925539088e-02,3.732869582256622548e-02,8.989259427087797905e-02,1.909788985095464964e-01,1.062177752195265362e-01,1.265844488261300971e-01,1.104797129315518156e-01,2.467759910842222404e-02,7.012602108924351207e-02,2.727395196747210704e-02,1.835817422507440150e-02,2.584105911601533231e-02,1.899501549238852283e-02,3.076433199025142839e-02,1.360635861511518170e-02,1.168358786572446829e-02,2.802101576182136622e-02,2.302426120289517708e-02,2.377132499724443626e-02,1.871333570107650696e-02,2.481231553035406073e-02,1.027518890916439068e-02,6.062238986932507248e-03,1.626394621140680660e-02,3.419347727578900958e-02,3.715723855828934746e-02,1.644765042313203404e-02,4.836319547352822129e-02,6.564363832314795699e-02,6.825223812964618941e-02,1.490453504464012320e-02,8.527549508285059421e-02,5.151066096775378661e-02,6.804404002302426313e-02,5.729122016337427625e-02,1.012577615029453953e-01,3.288305389881571866e-02,2.882931429341236557e-02,3.964336889030409261e-02,1.648439126547707884e-02,3.464661433137790347e-02,3.682657097718393391e-02,6.580284863997648559e-02,3.475683685841304132e-02,1.111655419886593277e-01,1.007188958152180625e-01,3.361787074571662842e-02,8.552043403181756875e-02,2.361578876465041110e-01,1.034744589910964740e-01,1.341898031915545186e-01,1.003392404443192581e-01,2.653913512057119728e-02,7.328573353091741294e-02
1.412073040794581923e-02,4.166411521928159445e-02,2.800876881437301680e-02,1.442690409415453220e-02,6.155315787539955563e-02,9.157042607130172485e-02,7.962965230916194126e-02,1.747639400879330909e-02,1.028498646712306952e-01,5.658089721137006534e-02,0.000000000000000000e+00,4.715074767614171880e-02,1.205222098391975777e-01,3.458537959413616331e-02,3.115623430859858212e-02,3.119297515094362691e-02,2.388154752427957411e-02,5.077584412085287685e-02,3.986381394437436138e-02,7.971538094130038721e-02,3.609175413028302415e-02,1.432892851456774308e-01,1.032785078319228972e-01,4.595054682620356573e-02,1.115574443070064814e-01,2.359741834347788836e-01,1.312872766462959140e-01,1.561118391240983172e-01,1.362595373103253904e-01,3.028670103976583913e-02,8.616952224658004644e-02,3.416898338089231074e-02,2.258337109475463261e-02,3.179307557591270345e-02,2.356312689062251345e-02,3.769610424601668036e-02,1.674157716189239933e-02,1.445139798905122931e-02,3.454863875179111504e-02,2.833943639547842688e-02,2.933143913879465714e-02,2.296302646565343691e-02,3.039692356680097352e-02,1.252862723966051417e-02,7.446144048595887757e-03,1.988904265611796118e-02,4.274184659473626025e-02,4.584032429916843482e-02,2.020746328977502185e-02,5.912826228062655065e-02,8.182185590241632112e-02,8.417326981249922957e-02,1.845614980466118993e-02,1.057646381639376354e-01,6.312076714878817052e-02,8.370788580946199320e-02,7.022399666883029357e-02,1.252985193440535050e-01,4.016998763058307609e-02,3.552839454765899935e-02,4.901228368829069204e-02,2.041566139639694813e-02,4.302352638604827612e-02,4.549740977061467184e-02,8.154017611110431218e-02,4.272959964728791082e-02,1.383782592188896876e-01,1.244779738650141493e-01,4.121097816369270056e-02,1.058258729011793825e-01,2.912813981115207063e-01,1.282500336791054796e-01,1.654562600271882178e-01,1.235839467012847109e-01,3.268710273964214180e-02,9.024775574688008450e-02
9.834298801023844475e-03,2.795978102457962258e-02,1.911748496687200663e-02,9.883286590817238690e-03,4.174984385142003346e-02,6.165113345498634406e-02,5.380084014059495490e-02,1.184279818255299863e-02,6.872986908013177521e-02,3.822272298629566384e-02,4.715074767614171880e-02,0.000000000000000000e+00,8.150343526875926392e-02,2.315897762482701031e-02,2.165260308868014599e-02,2.072183508260565937e-02,1.608024199968157916e-02,3.430369980282414744e-02,2.717597638788531861e-02,5.364162982376642630e-02,2.502051363697598355e-02,9.605280883739727993e-02,7.043219477545221985e-02,3.173184083867096328e-02,7.518401038541143444e-02,1.608881486289542306e-01,8.855767699900800316e-02,1.051155499491751716e-01,9.133773406978309972e-02,2.012173465763658284e-02,5.866287827758931428e-02,2.352638604827746518e-02,1.563935189154103469e-02,2.220371572385582831e-02,1.641090958078698925e-02,2.531444037573634884e-02,1.137741417951575532e-02,9.822051853575496788e-03,2.378357194469278568e-02,1.942365865308072134e-02,2.017072244742997705e-02,1.579856220836956329e-02,2.031768581681015970e-02,8.609604056188994298e-03,5.106977085961324388e-03,1.372882808959866724e-02,2.859662229189374391e-02,3.104601178156344427e-02,1.390028535387554699e-02,4.052514910658518155e-02,5.514800435991329408e-02,5.749941826999620254e-02,1.236941692283198384e-02,7.121599941214652729e-02,4.279083438452965793e-02,5.694830563482052022e-02,4.897554284594565072e-02,8.509179087112536677e-02,2.685755575422825794e-02,2.426120289517837841e-02,3.298102947840250709e-02,1.347164219318334848e-02,2.914773492706942623e-02,3.059287472597455038e-02,5.424173024873549936e-02,2.942941471838144210e-02,9.243995934013447824e-02,8.367114496711694493e-02,2.855988144954869912e-02,7.126498720193991110e-02,1.985597589800742191e-01,8.581436077057792711e-02,1.117166546238350100e-01,8.289958727787098691e-02,2.177507256316362980e-02,6.173686208712478307e-02
2.486130332014745495e-02,7.326123963602072797e-02,4.929396347960270791e-02,2.513073616401112140e-02,1.069158512240823977e-01,1.611453345253695546e-01,1.382680366918545567e-01,3.044591135659436773e-02,1.820386268722520851e-01,9.768165284802762804e-02,1.205222098391975777e-01,8.150343526875926392e-02,0.000000000000000000e+00,5.966712796835389049e-02,5.523373299205173309e-02,5.435195277577063722e-02,4.143142321776296932e-02,8.925575300356386466e-02,7.075061540910927704e-02,1.396274478586212453e-01,6.291256904216624424e-02,2.518829681701835743e-01,1.811078588661776123e-01,8.052367947289137962e-02,1.947999461134312382e-01,4.133834641715552483e-01,2.298139688682595827e-01,2.733763609420352125e-01,2.392318714560395798e-01,5.324972750541927258e-02,1.519601239391081826e-01,6.047542649994488984e-02,3.983932004947766947e-02,5.513575741246494466e-02,4.118648426879600172e-02,6.454141305279659235e-02,2.889054903065410920e-02,2.508174837421772718e-02,6.111226776725901116e-02,4.880408558166876576e-02,5.083707885809461702e-02,3.970460362754583278e-02,5.257614539576010992e-02,2.178731951061197922e-02,1.305524597993949938e-02,3.462212043648120463e-02,7.475536722471923246e-02,8.032772831371780276e-02,3.511199833441514678e-02,1.029233463559207917e-01,1.443670165211320966e-01,1.466816895888699845e-01,3.222171873660489849e-02,1.859943908980686567e-01,1.087528933413346721e-01,1.462040586383843710e-01,1.232410321727309410e-01,2.200409048044774940e-01,6.955041455917113091e-02,6.129597197898423860e-02,8.500606223898693470e-02,3.554064149510734183e-02,7.485334280430602782e-02,7.917651525357304043e-02,1.430443461967104701e-01,7.355516637478108632e-02,2.431998824293044870e-01,2.167832167832167700e-01,7.263664531615494913e-02,1.854677721577896732e-01,5.087626908992933794e-01,2.240089157777424012e-01,2.876807955617062262e-01,2.171751191015639237e-01,5.716875068889079592e-02,1.573855216587265737e-01
6.870537518523508330e-03,2.062385950301887094e-02,1.390028535387554699e-02,7.103229520042129118e-03,3.028670103976583913e-02,4.563212619254650854e-02,3.922697267706024005e-02,8.646344898534040826e-03,5.147392012540874529e-02,2.844965892251356473e-02,3.458537959413616331e-02,2.315897762482701031e-02,5.966712796835389049e-02,0.000000000000000000e+00,1.512498009871039717e-02,1.541890683747076073e-02,1.186729207744969573e-02,2.510624226911442256e-02,1.984005486632456697e-02,4.007201205099628766e-02,1.775807380010532496e-02,7.136296278152670647e-02,5.127796896623516842e-02,2.249764246261619360e-02,5.501328793798145739e-02,1.150845651721308510e-01,6.500679705583382872e-02,7.778036324446131744e-02,6.823999118219783999e-02,1.508823925636535064e-02,4.243567290852755247e-02,1.675382410934074529e-02,1.109573438820373945e-02,1.544340073236745783e-02,1.147538975910254375e-02,1.860311317404136910e-02,8.389159002118722064e-03,7.274686784319008871e-03,1.737841842920652066e-02,1.391253230132389468e-02,1.451263272629297121e-02,1.152437754889593796e-02,1.541890683747076073e-02,6.417400462934613574e-03,3.735318971746292432e-03,9.724076273988708358e-03,2.132193550757473591e-02,2.276707530647986005e-02,1.010373164488751092e-02,2.919672271686282045e-02,4.065986552851701824e-02,4.138243542796957858e-02,9.209704481158070832e-03,5.213525528761955852e-02,3.159712441673912658e-02,4.168860911417829329e-02,3.413224253854726942e-02,6.174910903457313249e-02,2.018296939487832647e-02,1.759886348327679290e-02,2.439591931711021164e-02,1.022620111937099646e-02,2.132193550757473591e-02,2.276707530647986005e-02,4.041492657955004369e-02,2.134642940247143475e-02,6.846043623626811570e-02,6.203078882588514836e-02,2.010948771018823689e-02,5.255165150086341108e-02,1.437301752538179822e-01,6.383109010079238144e-02,8.193207842945146591e-02,6.161439261264129580e-02,1.631293400120020082e-02,4.456664176454018522e-02
6.699080254246629444e-03,1.914197886176870547e-02,1.307973987483619649e-02,6.490882147624704897e-03,2.783731155009613878e-02,4.192130111569691148e-02,3.610400107773137357e-02,7.825799419494690323e-03,4.766511946897235980e-02,2.531444037573634884e-02,3.115623430859858212e-02,2.165260308868014599e-02,5.523373299205173309e-02,1.512498009871039717e-02,0.000000000000000000e+00,1.398601398601398600e-02,1.071607901730493688e-02,2.323245930951710336e-02,1.886029907045668960e-02,3.678983013483889258e-02,1.642315652823533867e-02,6.564363832314795699e-02,4.761613167917896211e-02,2.151788666674831277e-02,5.065337464636938958e-02,1.094754632407872325e-01,6.061014292187671959e-02,7.111802383255973192e-02,6.210427051057523795e-02,1.372882808959866724e-02,3.981482615458097063e-02,1.536991904767736651e-02,1.033642364640613258e-02,1.473307778036324518e-02,1.089978322903016432e-02,1.636192179099359503e-02,7.360415416457447881e-03,6.527622989969749691e-03,1.540665989002241131e-02,1.265109671414399971e-02,1.333692577125151525e-02,1.031192975150943547e-02,1.342265440338995426e-02,5.670336668585355261e-03,3.404651390640882781e-03,9.062741111777889921e-03,1.958286896990924994e-02,2.133418245502308533e-02,9.136222796467979509e-03,2.693103743891835100e-02,3.778183287815511937e-02,3.819822909139897193e-02,8.315677317428630741e-03,4.907351842553243915e-02,2.792304018223457779e-02,3.845541498781428896e-02,3.307900505798929552e-02,5.730346711082262567e-02,1.769683906286358133e-02,1.623945231651011123e-02,2.217922182895913294e-02,9.026000269432843393e-03,1.952163423266750630e-02,2.080756371474409838e-02,3.759812866642989193e-02,1.931343612604558349e-02,6.435770884107136491e-02,5.636045215729978963e-02,1.932568307349393291e-02,4.808151568221620542e-02,1.332222943431349838e-01,5.843018627607068916e-02,7.458390996044235444e-02,5.648292163178327691e-02,1.470858388546654807e-02,4.112524953155426155e-02
6.282684041002780349e-03,1.901950938728521820e-02,1.265109671414399971e-02,6.454141305279659235e-03,2.749439702154237927e-02,4.157838658714315544e-02,3.562637012724578084e-02,7.838046366943039744e-03,4.726097020317685665e-02,2.495927889973423991e-02,3.119297515094362691e-02,2.072183508260565937e-02,5.435195277577063722e-02,1.541890683747076073e-02,1.398601398601398600e-02,0.000000000000000000e+00,1.064259733261484556e-02,2.308549594013692072e-02,1.799076580162394662e-02,3.647140950118182845e-02,1.601900726243983553e-02,6.526398295224915269e-02,4.669761062055282491e-02,2.068509424026061458e-02,5.033495401271233238e-02,1.060218240603529594e-01,5.932421343980012751e-02,7.077510930400597589e-02,6.233696251209386308e-02,1.364309945746022823e-02,3.876158867402299674e-02,1.551688241705754916e-02,1.042215227854457332e-02,1.426769377732600187e-02,1.071607901730493688e-02,1.677831800423744413e-02,7.507378785837629659e-03,6.564363832314795352e-03,1.570058662878277486e-02,1.268783755648904450e-02,1.315322155952628781e-02,1.025069501426769357e-02,1.379006282684041088e-02,5.707077510930400922e-03,3.367910548295837119e-03,8.866789952604313060e-03,1.949714033777081093e-02,2.058711866067382615e-02,9.136222796467979509e-03,2.642891259353605943e-02,3.743891834960136333e-02,3.772059814091337920e-02,8.376912054670372643e-03,4.789781147049097798e-02,2.797202797202797200e-02,3.756138782408484367e-02,3.118072820349527749e-02,5.671561363330190203e-02,1.811323527610743042e-02,1.614147673692332280e-02,2.231393825089096616e-02,9.160716691364676617e-03,1.939916475818402250e-02,2.053813087088043193e-02,3.725521413787613589e-02,1.886029907045668960e-02,6.329222441306504854e-02,5.631146436750639889e-02,1.848064369955788530e-02,4.793455231283602624e-02,1.321690568625769890e-01,5.825872901179381114e-02,7.425324237933694782e-02,5.622573573536795988e-02,1.464734914822480444e-02,4.063537163362031940e-02
4.849791189546005625e-03,1.440241019925783510e-02,9.711829326540360671e-03,4.935519821684445502e-03,2.095452708412428103e-02,3.160937136418747601e-02,2.722496417767871282e-02,5.952016459897370264e-03,3.556513539000404067e-02,1.923995444135549043e-02,2.388154752427957411e-02,1.608024199968157916e-02,4.143142321776296932e-02,1.186729207744969573e-02,1.071607901730493688e-02,1.064259733261484556e-02,0.000000000000000000e+00,1.740291232410321604e-02,1.375332198449536435e-02,2.743316228430063911e-02,1.238166387028033326e-02,4.946542074387958593e-02,3.547940675786560166e-02,1.578631526092121387e-02,3.814924130160557425e-02,8.114827379275715846e-02,4.521572997930265597e-02,5.383758098294000316e-02,4.694254956951979946e-02,1.045889312088961812e-02,2.958862503520997417e-02,1.157336533868933218e-02,7.825799419494690323e-03,1.089978322903016432e-02,8.070738368461661399e-03,1.287154176821427194e-02,5.694830563482052369e-03,4.960013716581141742e-03,1.180605734020795383e-02,9.760817116333753152e-03,1.003024996019742134e-02,7.862540261839736852e-03,1.044664617344127043e-02,4.261937712025277644e-03,2.596352859049881698e-03,6.870537518523508330e-03,1.467184304312150155e-02,1.579856220836956329e-02,6.919525308316901678e-03,2.026869802701676548e-02,2.810674439395980523e-02,2.886605513575741383e-02,6.356165725692870805e-03,3.627545834200825159e-02,2.157912140399005640e-02,2.865785702913548755e-02,2.407749868345315097e-02,4.310925501818671512e-02,1.383905061663380336e-02,1.216121881621005929e-02,1.682730579403083834e-02,6.968513098110295893e-03,1.478206557015663766e-02,1.555362325940259395e-02,2.773933597050935035e-02,1.450038577884462353e-02,4.723647630828015781e-02,4.260713017280443049e-02,1.412073040794581923e-02,3.643466865883678713e-02,1.002780057070775110e-01,4.392980049722606389e-02,5.681358921288869046e-02,4.249690764576929264e-02,1.130393249482566399e-02,3.100927093921839947e-02
1.049563396323466291e-02,3.113174041370188327e-02,2.086879845198584202e-02,1.060585649026980076e-02,4.505651966247412737e-02,6.816650949750774346e-02,5.831996374903555130e-02,1.282255397842087946e-02,7.749868345314930851e-02,4.117423732134765230e-02,5.077584412085287685e-02,3.430369980282414744e-02,8.925575300356386466e-02,2.510624226911442256e-02,2.323245930951710336e-02,2.308549594013692072e-02,1.740291232410321604e-02,0.000000000000000000e+00,2.982131703672859582e-02,5.993656081221755694e-02,2.641666564608771348e-02,1.073444943847745997e-01,7.678836050114508371e-02,3.415673643344396132e-02,8.238521548504035286e-02,1.748374217726231805e-01,9.764491200568257978e-02,1.158316289664801102e-01,1.017353924534309811e-01,2.237517298813270633e-02,6.391681873293081351e-02,2.540016900787478785e-02,1.681505884658248892e-02,2.355087994317416403e-02,1.751313485113835389e-02,2.728619891492045646e-02,1.229593523814189251e-02,1.072832596475328457e-02,2.554713237725497049e-02,2.077082287239905359e-02,2.164035614123179657e-02,1.675382410934074529e-02,2.236292604068436038e-02,9.270939218399814469e-03,5.596854983895263938e-03,1.467184304312150155e-02,3.181756947080940229e-02,3.414448948599561884e-02,1.496576978188186510e-02,4.347666344163717000e-02,6.119799639939745017e-02,6.182259071926322208e-02,1.367984029980527302e-02,7.889483546226103150e-02,4.577908956192668771e-02,6.187157850905661977e-02,5.169436517947901405e-02,9.266040439420474006e-02,2.942941471838144210e-02,2.655138206801954670e-02,3.639792781649173886e-02,1.500251062422691163e-02,3.181756947080940229e-02,3.375258716764846512e-02,6.117350250450075133e-02,3.100927093921839947e-02,1.039153490992370116e-01,9.250119407737621147e-02,3.054388693618115616e-02,7.827024114239525265e-02,2.165015369919047750e-01,9.561191872925672852e-02,1.219673496381026984e-01,9.203581007433897510e-02,2.410199257834984635e-02,6.683159222563775370e-02
8.474887634257161073e-03,2.437142542221351280e-02,1.686404663637588314e-02,8.254442580186888839e-03,3.568760486448752794e-02,5.402128519466523060e-02,4.614649798537714259e-02,9.883286590817238690e-03,6.157765177029625447e-02,3.254013937026196263e-02,3.986381394437436138e-02,2.717597638788531861e-02,7.075061540910927704e-02,1.984005486632456697e-02,1.886029907045668960e-02,1.799076580162394662e-02,1.375332198449536435e-02,2.982131703672859582e-02,0.000000000000000000e+00,4.753040304704052310e-02,2.074632897750235822e-02,8.499381529153858528e-02,6.078160018615360455e-02,2.668609848995137993e-02,6.479859894921190244e-02,1.383905061663380509e-01,7.789058577149644835e-02,9.182761196771704881e-02,8.000930768006074556e-02,1.801525969652064199e-02,5.131470980858020975e-02,1.947264644287411209e-02,1.290828261055931847e-02,1.826019864548761307e-02,1.352062998297674269e-02,2.135867634991978417e-02,9.491384272470086703e-03,8.242195632738539418e-03,1.948489339032246151e-02,1.606799505223322974e-02,1.693752832106597273e-02,1.315322155952628781e-02,1.746414706134495967e-02,7.152217309835523333e-03,4.384407186508762315e-03,1.153662449634428565e-02,2.488579721504415032e-02,2.750664396899072869e-02,1.156111839124098276e-02,3.420572422323735901e-02,4.828971378883813170e-02,4.848566494801170856e-02,1.056911564792475423e-02,6.308402630644312226e-02,3.598153160324789324e-02,4.922048179491261832e-02,4.111300258410591213e-02,7.297955984470870516e-02,2.322021236206875394e-02,2.073408203005400879e-02,2.842516502761686589e-02,1.184279818255299863e-02,2.455512963393874024e-02,2.689429659657330274e-02,4.908576537298078163e-02,2.434693152731681742e-02,8.303430369980283055e-02,7.236721247229127574e-02,2.439591931711021164e-02,6.146742924326111662e-02,1.688854053127258059e-01,7.569838217824206850e-02,9.601606799505223167e-02,7.332247437326246120e-02,1.917871970411375027e-02,5.251491065851836282e-02
1.647214431802873288e-02,4.885307337146216344e-02,3.350764821868149057e-02,1.639866263333863983e-02,7.104454214786964927e-02,1.071852840679460711e-01,9.144795659681824451e-02,1.993803044591135540e-02,1.220898191125861926e-01,6.476185810686686806e-02,7.971538094130038721e-02,5.364162982376642630e-02,1.396274478586212453e-01,4.007201205099628766e-02,3.678983013483889258e-02,3.647140950118182845e-02,2.743316228430063911e-02,5.993656081221755694e-02,4.753040304704052310e-02,0.000000000000000000e+00,4.113749647900261097e-02,1.696324691070750512e-01,1.213672492131336322e-01,5.312725803093579224e-02,1.293645058969052075e-01,2.735233243114154056e-01,1.544340073236745714e-01,1.828469254038430913e-01,1.601288378871566220e-01,3.539367812572716265e-02,1.006086732881829177e-01,3.867586004188455773e-02,2.575533048387689330e-02,3.681432402973559143e-02,2.707800080829853018e-02,4.325621838756690124e-02,1.922770749390714448e-02,1.660686073996056611e-02,3.900652762298997128e-02,3.236868210598508461e-02,3.409550169620222115e-02,2.637992480374266868e-02,3.529570254614037422e-02,1.454937356863801774e-02,8.854543005155965374e-03,2.317122457227535973e-02,5.055539906678260115e-02,5.470711425177274267e-02,2.328144709931049758e-02,6.797055833833416660e-02,9.570989430884352389e-02,9.630999473381260390e-02,2.119946603309125210e-02,1.248576292359129536e-01,7.162014867794201656e-02,9.746120779395735234e-02,7.999706073261239614e-02,1.445997085226507217e-01,4.653840030372429631e-02,4.215399311721553660e-02,5.730346711082262567e-02,2.347739825848407444e-02,4.955114937601802494e-02,5.348241950693789770e-02,9.768165284802762804e-02,4.875509779187537501e-02,1.655909764491200475e-01,1.466694426414216212e-01,4.787331757559428608e-02,1.228123890120387529e-01,3.386893316840777213e-01,1.515682216207610289e-01,1.916402336717573096e-01,1.451263272629297052e-01,3.854114361995272797e-02,1.045521903665511398e-01
7.519625733285978213e-03,2.168934393102519079e-02,1.463510220077645675e-02,7.531872680734326767e-03,3.201352062998297915e-02,4.746916830979878293e-02,4.132120069072783841e-02,9.099481954122934715e-03,5.283333129217542695e-02,2.946615556072649036e-02,3.609175413028302415e-02,2.502051363697598355e-02,6.291256904216624424e-02,1.775807380010532496e-02,1.642315652823533867e-02,1.601900726243983553e-02,1.238166387028033326e-02,2.641666564608771348e-02,2.074632897750235822e-02,4.113749647900261097e-02,0.000000000000000000e+00,7.393482174567989063e-02,5.408251993190697077e-02,2.449389489669699660e-02,5.792806143068839758e-02,1.235104650165946144e-01,6.819100339240444231e-02,8.094007568613523218e-02,7.040770088055552101e-02,1.566384578643773007e-02,4.520348303185431349e-02,1.800301274907229257e-02,1.196526765703648416e-02,1.688854053127258198e-02,1.255312113455721128e-02,1.938691781073567308e-02,8.634097951085691405e-03,7.605354365424418089e-03,1.835817422507440150e-02,1.475757167525994229e-02,1.538216599512571420e-02,1.219795965855510582e-02,1.554137631195424626e-02,6.552116884866446798e-03,3.906776236023171318e-03,1.053237480557970944e-02,2.195877677488885724e-02,2.372233720745104205e-02,1.063035038516649787e-02,3.118072820349527749e-02,4.258263627790773165e-02,4.404002302426120175e-02,9.650594589298617035e-03,5.479284288391118168e-02,3.274833747688388891e-02,4.355014512632725959e-02,3.753689392918815176e-02,6.536195853183593418e-02,2.067284729281226516e-02,1.855412538424797489e-02,2.535118121808139363e-02,1.036091754130282969e-02,2.247314856771949476e-02,2.339166962634563196e-02,4.165186827183324503e-02,2.248539551516784418e-02,7.100780130552460101e-02,6.433321494617466607e-02,2.188529509019876765e-02,5.487857151604962763e-02,1.518621483595213872e-01,6.614576316853024163e-02,8.561840961140436412e-02,6.381884315334403202e-02,1.682730579403083834e-02,4.722422936083181533e-02
