0.000000000000000000e+00,1.353689404376662124e-02,9.692095735477876048e-03,8.042036461503957248e-03,2.644900836243632009e-02,2.539168882765691429e-02,3.711832366793758886e-02,4.549677998141680654e-03,3.338566531030726092e-02,2.015315113261350113e-02,2.366152958892698069e-02,1.922399154144372249e-02,4.714683925539072534e-02,1.374515395213226146e-02,9.724135721380281969e-03,1.015667553106276710e-02,7.176956842138989580e-03,1.414565377591233894e-02,1.310435423408413784e-02,2.404600941975585521e-02,1.111787510813495167e-02,4.500016019992951477e-02,3.229630578962545268e-02,1.667681266220242750e-02,2.938066707250648960e-02,7.309922783633975019e-02,3.771106340713210187e-02,6.060363333440133005e-02,4.102720194803114589e-02,1.155041491781743680e-02,2.689756816507000645e-02,5.126397744384992867e-04,7.048796898529364379e-04,4.805997885360930406e-04,4.805997885360930406e-04,1.380923392393707330e-02,4.773957899458523835e-03,4.805997885360930406e-04,1.185479478389029478e-03,1.105379513633014026e-03,4.805997885360930406e-04,7.048796898529364379e-04,8.827016116112909247e-03,3.284098554996635940e-03,4.485598026336868487e-04,7.593476658870270020e-03,1.456217359264361938e-02,1.693313254942167834e-02,9.355675883502610410e-03,2.725000800999647504e-02,2.359744961712216885e-02,3.731056358335202439e-02,5.254557687994616984e-03,3.149530614206529772e-02,1.872737175995642725e-02,3.061420652974912796e-02,1.930409150619973729e-02,4.781967895934125662e-02,1.379321393098587034e-02,1.340873410015699582e-02,1.292813431162090354e-02,7.080836884431770950e-03,1.480247348691166552e-02,1.810259203485950485e-02,2.503924898273044916e-02,1.270385441030405863e-02,4.363846079907724579e-02,3.889654288552112787e-02,1.164653487552465456e-02,2.721796802409406912e-02,8.548268238761974613e-02,3.984172246964211295e-02,5.767197462433116401e-02,4.075486206786069210e-02,1.207907468520713797e-02,2.867578738265355240e-02
1.353689404376662124e-02,0.000000000000000000e+00,2.178719041363621697e-02,1.823075197846912854e-02,5.970651372913395732e-02,5.696709493447822681e-02,8.428118291627952063e-02,1.017269552401397006e-02,7.580660664509307478e-02,4.597737976995289882e-02,5.318637659799429346e-02,4.099516196212873997e-02,1.075261926884752139e-01,3.154336612091891007e-02,2.103425074492967090e-02,2.281246996251321685e-02,1.643651276793438309e-02,3.266476562750312423e-02,2.909230719938483284e-02,5.571753548428438896e-02,2.455864919419435341e-02,1.026240748454070734e-01,7.298708788568132599e-02,3.599692416135336775e-02,6.838934990868604513e-02,1.621864086379802006e-01,8.703662170388644370e-02,1.391816987600525413e-01,9.443785844734228774e-02,2.620870846816827568e-02,6.124443305244945540e-02,1.217519464291435616e-03,1.698119252827528765e-03,1.089359520681810849e-03,1.169459485437826301e-03,3.221620582486943440e-02,1.100573515747653094e-02,1.089359520681810849e-03,2.739418794655730516e-03,2.579218865143699177e-03,1.057319534779404711e-03,1.650059273973919450e-03,2.056967094934478157e-02,7.593476658870270020e-03,1.105379513633014026e-03,1.646855275383678902e-02,3.369004517638012064e-02,3.723046361859600611e-02,2.135465060395373357e-02,6.244593252378968784e-02,5.321841658389670632e-02,8.530646246515651010e-02,1.257569446669443494e-02,7.183364839319471284e-02,4.234084137002979559e-02,6.992726923200154321e-02,4.174810163083528258e-02,1.097049117298388443e-01,3.181570600108935692e-02,2.960494697382333104e-02,2.963698695972573696e-02,1.614815289481272634e-02,3.466726474640351163e-02,3.979366249078850060e-02,5.574957547018679488e-02,2.864374739675114648e-02,9.943609624811765302e-02,8.871872096376277883e-02,2.556790875012015032e-02,6.267021242510653622e-02,1.909743359712921806e-01,9.003236038576142852e-02,1.329659414949857510e-01,9.177853961744256162e-02,2.678542821441158572e-02,6.595431098010316739e-02
9.692095735477876048e-03,2.178719041363621697e-02,0.000000000000000000e+00,1.270385441030405863e-02,4.157188170837204655e-02,3.984172246964211295e-02,5.812053442696485384e-02,7.176956842138989580e-03,5.259363685879978045e-02,3.152734612796770364e-02,3.734260356925443031e-02,2.875588734740956720e-02,7.425266732882637721e-02,2.189933036429464117e-02,1.488257345166768206e-02,1.597193297234949377e-02,1.135817500240299954e-02,2.281246996251321685e-02,2.039345102688154901e-02,3.857614302649706867e-02,1.728557239434814694e-02,7.156130851302425211e-02,5.092755759187465869e-02,2.558392874307135328e-02,4.738713914965877322e-02,1.138060299253468299e-01,6.034731344718208268e-02,9.701707731248598865e-02,6.510525135368940008e-02,1.827881195732273742e-02,4.264522123610265530e-02,8.330396334625613138e-04,1.169459485437826301e-03,7.689596616577488216e-04,7.849796546089519989e-04,2.220371023036749741e-02,7.545416680016661139e-03,7.689596616577488216e-04,1.906379161193168985e-03,1.810259203485950572e-03,7.369196757553426839e-04,1.153439492486623341e-03,1.430585370542437028e-02,5.254557687994616984e-03,7.689596616577488216e-04,1.155041491781743680e-02,2.329306975104930913e-02,2.601646855275383668e-02,1.494665342347249390e-02,4.307776104578513870e-02,3.703822370318157059e-02,5.901765403223222656e-02,8.666816186600877908e-03,4.985421806414404994e-02,2.922046714299445652e-02,4.807599884656051092e-02,2.914036717823844172e-02,7.574252667328826294e-02,2.215565025151388853e-02,2.076191086475922057e-02,2.055365095639357861e-02,1.126205504469578005e-02,2.390182948319502856e-02,2.774662779148377029e-02,3.928102271635000586e-02,1.976867130178462661e-02,6.935054948575822276e-02,6.188523277049758076e-02,1.784627214764025402e-02,4.352632084841882854e-02,1.328538015443273268e-01,6.281439236166735940e-02,9.155425971612572711e-02,6.398385184710518592e-02,1.874339175290763021e-02,4.599339976290410525e-02
8.042036461503957248e-03,1.823075197846912854e-02,1.270385441030405863e-02,0.000000000000000000e+00,3.519592451379321280e-02,3.333760533145365551e-02,4.945371824036397246e-02,5.991477363749960101e-03,4.392682067219890601e-02,2.676940822146038276e-02,3.107878632533401728e-02,2.459068918009675933e-02,6.310275223478901963e-02,1.856717183044439418e-02,1.231937457947518584e-02,1.337669411425458990e-02,9.660055749575470127e-03,1.887155169651725389e-02,1.691711255647047538e-02,3.192784595174778112e-02,1.469033353625324480e-02,5.994681362340200520e-02,4.238890134888340794e-02,2.149883054051456369e-02,3.929704270930120535e-02,9.503059818653679380e-02,5.006247797250969189e-02,8.091698439652686425e-02,5.459613597770016785e-02,1.523501329659414892e-02,3.596488417545096183e-02,7.369196757553426839e-04,9.932395629745922189e-04,6.568197109993271230e-04,6.888596969017333690e-04,1.896767165422447166e-02,6.440037166383646462e-03,6.568197109993271230e-04,1.601999295120310135e-03,1.457819358559482191e-03,6.087597321457178081e-04,9.611995770721860812e-04,1.193489474864631132e-02,4.485598026336868813e-03,6.247797250969209853e-04,9.756175707282689624e-03,1.922399154144372249e-02,2.196341033609945301e-02,1.257569446669443494e-02,3.702220371023036416e-02,3.090256640287078124e-02,5.027073788087533385e-02,7.208996828041395501e-03,4.206850148985934179e-02,2.438242927173112085e-02,4.083496203261670343e-02,2.497516901092563385e-02,6.504117138188458824e-02,1.855115183749319122e-02,1.739771234500656766e-02,1.726955240139694397e-02,9.291595911697798568e-03,1.983275127358943846e-02,2.337316971580532393e-02,3.231232578257665911e-02,1.707731248598250498e-02,5.707923488513665100e-02,5.182467719714203142e-02,1.509083336003332228e-02,3.638140399218224574e-02,1.116273108839832134e-01,5.257761686584858096e-02,7.699208612348210079e-02,5.286597673897023425e-02,1.542725321200858618e-02,3.831982313927782130e-02
2.643298836948511712e-02,5.970651372913395732e-02,4.157188170837204655e-02,3.519592451379321280e-02,0.000000000000000000e+00,1.093044119060587599e-01,1.619300887507609532e-01,1.976867130178462661e-02,1.443241164973887436e-01,8.833424113293390778e-02,1.023196949793342136e-01,8.062862452340520403e-02,2.062093492678863105e-01,6.036333344013328911e-02,4.051456217359264422e-02,4.375060074973566998e-02,3.144724616321168537e-02,6.210951267181442220e-02,5.587773541379641856e-02,1.048027938867706899e-01,4.797987888885328622e-02,1.955079939764826635e-01,1.395341386049790133e-01,6.979910928839191953e-02,1.294735830316234571e-01,3.113966229854858714e-01,1.645253276088558536e-01,2.655794431450450022e-01,1.792957611098651149e-01,4.974207811348563268e-02,1.174585883182211465e-01,2.354938963826855997e-03,3.284098554996635940e-03,2.178719041363621697e-03,2.226779020217231012e-03,6.167697286213193880e-02,2.125853064624651581e-02,2.178719041363621697e-03,5.318637659799429693e-03,4.982217807824164922e-03,2.082599083656403068e-03,3.220018583191823231e-03,3.929704270930120535e-02,1.478645349396046256e-02,2.098619076607606462e-03,3.183172599404056335e-02,6.353529204447150303e-02,7.192976835090192367e-02,4.113934189868956315e-02,1.207106468873153649e-01,1.019512351414565421e-01,1.638845278908077352e-01,2.406202941270705817e-02,1.373393995706641835e-01,8.128544423440453581e-02,1.341514209733747631e-01,8.189420396655025525e-02,2.101983275127358997e-01,6.087597321457178384e-02,5.711127487103905692e-02,5.632629521643010145e-02,3.096664637467559655e-02,6.515331133254301244e-02,7.625516644772675767e-02,1.053314536541603980e-01,5.597385537150363632e-02,1.876902374162955356e-01,1.697158053250456544e-01,4.913331838133991325e-02,1.193008875076094905e-01,3.662650988433565069e-01,1.715260645285316132e-01,2.525231488898144749e-01,1.743135433020409353e-01,5.086347762006984685e-02,1.253884848290666709e-01
2.539168882765691429e-02,5.696709493447822681e-02,3.984172246964211295e-02,3.333760533145365551e-02,1.093044119060587599e-01,0.000000000000000000e+00,1.531030726346480353e-01,1.869533177405401786e-02,1.382685591618339760e-01,8.291948351542725859e-02,9.693697734772996344e-02,7.462112716670404877e-02,1.947870942936785199e-01,5.768799461728237044e-02,3.872032296305789878e-02,4.171606164493287666e-02,2.984524686809137892e-02,5.959437377847554007e-02,5.350677645701835961e-02,1.016788952612860814e-01,4.474384031271026047e-02,1.878824773317099850e-01,1.334465412835218467e-01,6.640287078273685029e-02,1.236743455832879368e-01,2.972669892025247562e-01,1.583095703437890356e-01,2.542693281214956080e-01,1.717823844157508606e-01,4.809201883951171042e-02,1.122841305949825313e-01,2.210759027266028052e-03,3.075838646630995286e-03,1.986479125949184438e-03,2.098619076607606462e-03,5.861715420845214908e-02,2.031335106212553421e-02,1.986479125949184438e-03,5.046297779628976764e-03,4.773957899458523835e-03,2.002499118900387832e-03,3.059818653679792326e-03,3.791932331549774382e-02,1.400147383935151056e-02,2.018519111851590792e-03,3.016564672711544159e-02,6.118035308064464356e-02,6.818109000032039624e-02,3.896062285732593972e-02,1.138380699112492428e-01,9.760981705168049471e-02,1.548652718592803956e-01,2.281246996251321685e-02,1.301624427285252017e-01,7.593476658870269846e-02,1.265419243215533118e-01,7.590272660280029948e-02,1.992406523341129776e-01,5.879337413091538511e-02,5.440389606228573233e-02,5.403543622440806077e-02,2.934862708660408021e-02,6.241389253788728192e-02,7.200986831565793500e-02,1.028964147255775202e-01,5.193681714780045561e-02,1.814424401653263186e-01,1.622985485886386248e-01,4.650603953734260693e-02,1.139822498478100660e-01,3.485630066322770726e-01,1.646695075454166768e-01,2.411169139085578839e-01,1.682099259876325692e-01,4.895709845887667722e-02,1.206305469225593535e-01
3.711832366793758886e-02,8.428118291627952063e-02,5.812053442696485384e-02,4.945371824036397246e-02,1.619300887507609532e-01,1.531030726346480353e-01,0.000000000000000000e+00,2.734612796770369281e-02,2.037102303674986348e-01,1.247797250969209515e-01,1.433468969273653526e-01,1.120117907148120845e-01,2.905385921630194712e-01,8.549870238057094562e-02,5.634231520938130788e-02,6.162891288327833339e-02,4.467976034090544862e-02,8.775752138669058733e-02,7.819358559482234017e-02,1.484572746787991282e-01,6.661113069110249918e-02,2.764249783730095000e-01,1.948992342443369441e-01,9.725737720675402265e-02,1.833488193265195021e-01,4.370894876806254437e-01,2.316010380955432491e-01,3.760372945435904168e-01,2.533722085162282700e-01,7.069622889365928531e-02,1.652942872705135957e-01,3.284098554996635940e-03,4.501618019288071773e-03,2.931658710070167775e-03,3.091858639582198681e-03,8.758130146422735129e-02,3.043798660728589192e-02,2.931658710070167775e-03,7.353176764602223879e-03,6.808497004261318021e-03,2.835538752362949146e-03,4.405498061580853143e-03,5.586171542084521213e-02,2.077793085771042353e-02,2.899618724167761421e-03,4.459966037614943729e-02,8.934350068885969776e-02,9.945211624106885251e-02,5.754381468072154032e-02,1.702124251065329497e-01,1.434590368780237768e-01,2.313767581942264007e-01,3.341770529620966684e-02,1.927845951747781117e-01,1.139181698760052541e-01,1.882989971484412550e-01,1.129729902918842760e-01,2.971548492518663043e-01,8.668418185895998551e-02,7.966742494633302640e-02,7.974752491108903774e-02,4.360642081317483987e-02,9.208291948351542133e-02,1.057319534779404685e-01,1.482490147704335071e-01,7.756880586972542124e-02,2.645221236102656137e-01,2.372881355932203451e-01,6.818109000032039624e-02,1.679856460863157208e-01,5.129281343116208758e-01,2.409406939860946339e-01,3.568453429880490968e-01,2.457466918714555637e-01,7.152926852712185313e-02,1.761878824773317198e-01
4.549677998141680654e-03,1.017269552401397006e-02,7.176956842138989580e-03,5.991477363749960101e-03,1.976867130178462661e-02,1.869533177405401786e-02,2.734612796770369281e-02,0.000000000000000000e+00,2.475088910960879240e-02,1.505879337413091462e-02,1.768607221812822441e-02,1.380923392393707330e-02,3.517990452084201330e-02,1.042901541123321917e-02,7.080836884431770950e-03,7.449296722309442509e-03,5.382717631604242402e-03,1.058921534074525050e-02,9.788215693185095545e-03,1.813463202076191078e-02,8.234276376918394508e-03,3.362596520457530880e-02,2.401396943385344929e-02,1.207907468520713797e-02,2.204351030085546781e-02,5.363493640062798329e-02,2.854762743904392525e-02,4.564095991797763319e-02,3.080644644516356348e-02,8.586716221844863106e-03,2.012111114671109521e-02,3.684598378776713420e-04,5.606997532921086016e-04,3.684598378776713420e-04,3.684598378776713420e-04,1.042901541123321917e-02,3.524398449264682515e-03,3.684598378776713420e-04,8.971196052673736975e-04,8.810996123161706287e-04,3.524398449264682189e-04,5.286597673897023555e-04,6.904616961968536651e-03,2.499118900387683941e-03,3.524398449264682189e-04,5.398737624555445362e-03,1.098971516452532798e-02,1.252763448784082606e-02,7.064816891480567990e-03,2.058569094229598453e-02,1.736567235910416174e-02,2.787478773509339744e-02,4.101118195507994293e-03,2.348530966646374812e-02,1.387331389574188514e-02,2.298868988497644941e-02,1.387331389574188514e-02,3.559642433757329028e-02,1.060523533369645346e-02,9.804235686136298505e-03,9.628015763673064206e-03,5.270577680945820812e-03,1.118195507993976524e-02,1.326455416359616744e-02,1.853513184454198826e-02,9.483835827112235828e-03,3.250456569799109463e-02,2.912434718528723876e-02,8.362436320528018191e-03,2.058569094229598453e-02,6.273429239691134807e-02,2.992534683284739372e-02,4.318990099644356290e-02,3.008554676235942332e-02,8.859056102015315168e-03,2.161097049117298441e-02
3.338566531030726092e-02,7.580660664509307478e-02,5.259363685879978045e-02,4.392682067219890601e-02,1.443241164973887436e-01,1.382685591618339760e-01,2.037102303674986348e-01,2.475088910960879240e-02,0.000000000000000000e+00,1.113229310179103537e-01,1.297779628976963306e-01,9.876325654416712174e-02,2.593797058729294114e-01,7.641536637723879422e-02,5.142417737336195394e-02,5.531703566050431148e-02,3.998590240620294306e-02,7.925090512960174249e-02,7.088846880907372083e-02,1.355291403671782247e-01,5.916183396879305667e-02,2.504565697991092965e-01,1.772291820191599088e-01,8.742110153471532863e-02,1.659030470026593151e-01,3.958380058312774286e-01,2.118323667937586086e-01,3.395117106148473063e-01,2.291659991669603713e-01,6.406395181186119725e-02,1.489859344461888502e-01,2.899618724167761421e-03,4.085098202556790466e-03,2.627278843997308492e-03,2.803498766460542791e-03,7.764890583448143258e-02,2.672134824260677388e-02,2.627278843997308492e-03,6.680337060651693470e-03,6.295857229822818951e-03,2.595238858094902571e-03,4.004998237800775664e-03,5.060715773285059949e-02,1.819871199256672262e-02,2.627278843997308492e-03,3.968152254013008334e-02,8.189420396655025525e-02,8.961584056903014461e-02,5.140815738041075444e-02,1.507801736567235817e-01,1.293454230880138334e-01,2.057447694723014420e-01,3.022972669892025344e-02,1.734965236615295947e-01,1.019352151485053287e-01,1.684502258819006171e-01,1.000929159591169848e-01,2.644420236455096163e-01,7.824164557367595252e-02,7.172150844253628865e-02,7.234628816763320758e-02,3.936112268110601720e-02,8.380058312774342488e-02,9.562333792573131375e-02,1.368267597962256887e-01,6.810099003556438491e-02,2.427349331966293933e-01,2.145077056166095342e-01,6.116433308769344407e-02,1.522860529941366947e-01,4.623369965717215035e-01,2.186248438050687193e-01,3.219217583544263239e-01,2.238473615071609468e-01,6.548973118451828501e-02,1.604402294062990675e-01
2.015315113261350113e-02,4.597737976995289882e-02,3.152734612796770364e-02,2.676940822146038276e-02,8.833424113293390778e-02,8.291948351542725859e-02,1.247797250969209515e-01,1.505879337413091462e-02,1.113229310179103537e-01,0.000000000000000000e+00,7.893050527057768329e-02,6.045945339784050687e-02,1.582615103649354371e-01,4.684245938931786563e-02,3.095062638172439359e-02,3.351382525391689154e-02,2.414212937746307297e-02,4.794783890295088030e-02,4.286950113741949675e-02,8.106116433308768743e-02,3.639742398513344523e-02,1.505879337413091601e-01,1.068693729774758960e-01,5.289801672487264017e-02,1.007657556630675022e-01,2.393707346768767508e-01,1.268623241805773572e-01,2.052321296978629195e-01,1.375476594790298324e-01,3.841594309698503906e-02,8.982410047739579351e-02,1.698119252827528765e-03,2.483098907436480547e-03,1.601999295120310135e-03,1.682099259876325588e-03,4.769151901573163294e-02,1.638845278908077421e-02,1.601999295120310135e-03,3.940918265995962955e-03,3.732658357630322735e-03,1.505879337413091506e-03,2.386978949729261917e-03,3.072634648040754868e-02,1.118195507993976524e-02,1.569959309217903998e-03,2.435038928582871492e-02,4.919739835314472509e-02,5.395533625965204250e-02,3.125500624779724984e-02,9.264361923680754229e-02,7.718432603889653632e-02,1.253564448431642719e-01,1.840697190093236457e-02,1.044984140206978301e-01,6.276633238281374705e-02,1.026240748454070734e-01,6.135657300310787959e-02,1.602159495049822191e-01,4.757937906507320874e-02,4.310980103168754463e-02,4.359040082022364038e-02,2.396590945499984041e-02,5.043093781038736345e-02,5.754381468072154032e-02,8.147768414981897134e-02,4.210054147576174771e-02,1.454134760180705588e-01,1.293294030950626339e-01,3.703822370318157059e-02,9.221107942712505889e-02,2.797731568998109708e-01,1.309634423760853428e-01,1.949953542020441410e-01,1.343436608887892125e-01,3.944122264586203547e-02,9.648841754509628055e-02
2.366152958892698069e-02,5.318637659799429346e-02,3.734260356925443031e-02,3.107878632533401728e-02,1.023196949793342136e-01,9.693697734772996344e-02,1.433468969273653526e-01,1.768607221812822441e-02,1.297779628976963306e-01,7.893050527057768329e-02,0.000000000000000000e+00,7.117682868219538106e-02,1.824997597001057348e-01,5.397135625260324893e-02,3.636538399923103931e-02,3.907276280798436391e-02,2.821120758706866308e-02,5.592579539265002397e-02,5.063919771875300541e-02,9.472621832046393409e-02,4.261318125020024938e-02,1.748422030694306573e-01,1.252763448784082467e-01,6.220563262952163996e-02,1.158245490371984238e-01,2.790202172311044282e-01,1.476883150171413861e-01,2.376245554451956177e-01,1.597834096952997218e-01,4.471180032680785454e-02,1.044984140206978301e-01,2.002499118900387832e-03,2.931658710070167775e-03,1.938419147095575340e-03,1.986479125949184438e-03,5.472429592130979153e-02,1.861523180929800306e-02,1.938419147095575340e-03,4.677837941751305205e-03,4.437538047483259064e-03,1.810259203485950572e-03,2.803498766460542791e-03,3.558040434462209078e-02,1.284803434686488700e-02,1.794239210534747395e-03,2.801896767165422408e-02,5.749575470186792797e-02,6.377559193873955090e-02,3.649354394284066300e-02,1.067732530197686713e-01,9.070520008971195980e-02,1.445804363846079910e-01,2.141873057575854541e-02,1.218801063727531914e-01,7.255454807599884259e-02,1.195572073948287517e-01,7.192976835090192367e-02,1.849347986286886125e-01,5.506071577328505717e-02,5.075133766941142266e-02,5.059113773989939306e-02,2.798692768575181816e-02,5.872929415911057327e-02,6.818109000032039624e-02,9.583159783409694876e-02,4.902117843068148906e-02,1.699240652334113033e-01,1.514690333536253264e-01,4.331806094005318658e-02,1.071737528435487558e-01,3.264393963666655796e-01,1.536477523949889568e-01,2.261862804780365999e-01,1.571401108583512229e-01,4.626573964307455905e-02,1.124443305244945679e-01
1.922399154144372249e-02,4.099516196212873997e-02,2.875588734740956720e-02,2.459068918009675933e-02,8.062862452340520403e-02,7.462112716670404877e-02,1.120117907148120845e-01,1.380923392393707330e-02,9.876325654416712174e-02,6.044343340488930044e-02,7.117682868219538106e-02,0.000000000000000000e+00,1.417929576110986412e-01,4.237288135593220151e-02,2.859568741789753760e-02,2.997340681170100260e-02,2.167505046297779625e-02,4.245298132068821978e-02,3.904072282208195799e-02,7.249046810419403075e-02,3.377014514113613891e-02,1.347281407196180836e-01,9.688891736887635109e-02,4.937361827560796113e-02,8.870270097081157934e-02,2.174874243055333056e-01,1.127647303835186271e-01,1.826439396366665580e-01,1.223607061612892871e-01,3.439492486623305784e-02,8.064464451635641740e-02,1.537919323315497643e-03,2.242799013168434406e-03,1.505879337413091506e-03,1.505879337413091506e-03,4.323796097529716831e-02,1.454615359969241642e-02,1.505879337413091506e-03,3.572458428118291830e-03,3.396238505655057530e-03,1.377719393803466738e-03,2.146679055461215777e-03,2.725000800999647504e-02,1.010861555220915649e-02,1.377719393803466738e-03,2.279644996956201389e-02,4.376662074268687641e-02,5.030277786677773977e-02,2.848354746723911340e-02,8.349620326167056517e-02,6.949472942231905981e-02,1.125564704751529921e-01,1.637243279612957125e-02,9.390919867995257964e-02,5.642241517413732615e-02,9.238729934958828105e-02,5.738361475120951072e-02,1.435551568357310015e-01,4.224472141232257782e-02,3.948928262471564782e-02,3.859216301944826816e-02,2.133863061100253061e-02,4.451956041139341902e-02,5.329851654865271765e-02,7.415654737111915251e-02,3.859216301944826816e-02,1.297939828906475301e-01,1.173464483675627223e-01,3.449104482394027560e-02,8.240684374098874998e-02,2.545576879946173099e-01,1.191086475921950549e-01,1.738169235205536400e-01,1.204703469930473170e-01,3.572458428118291396e-02,8.621960206337508925e-02
4.714683925539072534e-02,1.075261926884752139e-01,7.425266732882637721e-02,6.310275223478901963e-02,2.062093492678863105e-01,1.947870942936785199e-01,2.905385921630194712e-01,3.517990452084201330e-02,2.593797058729294114e-01,1.582615103649354371e-01,1.824997597001057348e-01,1.417929576110986412e-01,0.000000000000000000e+00,1.085034122584986049e-01,7.181762840024349948e-02,7.873826535516324776e-02,5.682291499791740363e-02,1.123001505879337447e-01,9.950017621992246486e-02,1.893563166832206712e-01,8.488994264842524007e-02,3.522796449969561872e-01,2.493351702925250823e-01,1.245234052097017041e-01,2.336355772003460285e-01,5.578962545256480610e-01,2.955848899426484211e-01,4.794623690365576452e-01,3.229950978821569119e-01,9.004838037871262801e-02,2.115440069206369622e-01,4.165198167312806135e-03,5.783217455384319881e-03,3.748678350581525695e-03,3.972958251898368875e-03,1.109704911729838817e-01,3.868828297715549286e-02,3.748678350581525695e-03,9.403735862356221026e-03,8.682836179552080869e-03,3.572458428118291830e-03,5.623017525872288543e-03,7.184966838614591234e-02,2.657716830604594377e-02,3.668578385825510026e-03,5.661465508955176168e-02,1.144788696292973612e-01,1.271026240748454050e-01,7.340360770241260990e-02,2.163339848130466925e-01,1.825798596648617600e-01,2.946236903655762296e-01,4.302970106693153329e-02,2.451379321393098720e-01,1.442119765467303194e-01,2.396751145429495966e-01,1.433789369132677516e-01,3.792092531479286377e-01,1.110505911377398930e-01,1.014706353529204463e-01,1.020954150780173653e-01,5.539713562526032281e-02,1.177149082054403939e-01,1.350485405786421567e-01,1.899330364294639639e-01,9.909967639614238044e-02,3.384383710871167183e-01,3.034346864887379480e-01,8.678030181666719634e-02,2.143314856941462843e-01,6.540802922046714540e-01,3.072955047899779135e-01,4.547595399058024235e-01,3.136073820127519007e-01,9.126589984300406688e-02,2.261061805132805747e-01
1.374515395213226146e-02,3.154336612091891007e-02,2.189933036429464117e-02,1.856717183044439418e-02,6.036333344013328911e-02,5.768799461728237044e-02,8.549870238057094562e-02,1.042901541123321917e-02,7.641536637723879422e-02,4.684245938931786563e-02,5.397135625260324893e-02,4.237288135593220151e-02,1.085034122584986049e-01,0.000000000000000000e+00,2.133863061100253061e-02,2.311684982858607657e-02,1.669283265515363046e-02,3.242446573323507636e-02,2.981320688218897300e-02,5.552529556886994649e-02,2.519944891224247877e-02,1.036173144083816638e-01,7.345166768126622225e-02,3.666976386530389903e-02,6.822914997917400859e-02,1.634840280670276369e-01,8.726090160520329209e-02,1.398064784851494602e-01,9.474223831341514745e-02,2.654512832014353785e-02,6.145269296081509736e-02,1.217519464291435616e-03,1.714139245778731942e-03,1.137419499535420164e-03,1.153439492486623341e-03,3.271282560635673659e-02,1.110185511518374871e-02,1.137419499535420164e-03,2.707378808753324161e-03,2.611258851046105531e-03,1.073339527730607888e-03,1.650059273973919450e-03,2.077793085771042353e-02,7.513376694114254351e-03,1.105379513633014026e-03,1.654865271859280382e-02,3.367402518342892115e-02,3.771106340713210187e-02,2.145077056166095134e-02,6.367947198103232620e-02,5.341065649931114184e-02,8.618756207747269027e-02,1.236743455832879472e-02,7.297106789273012650e-02,4.267726122200506123e-02,7.071224888661048480e-02,4.256512127134664397e-02,1.112428310531543424e-01,3.223222581782064083e-02,2.995738681874979964e-02,3.010156675531062628e-02,1.632437281727595890e-02,3.466726474640351163e-02,4.069078209605588026e-02,5.626221524462528961e-02,2.893210726987279977e-02,9.956425619172727670e-02,8.916728076639646172e-02,2.564800871487616513e-02,6.321489218544744382e-02,1.915830957034379001e-01,9.094549998398000767e-02,1.332543013681073973e-01,9.209893947646663470e-02,2.707378808753324248e-02,6.582615103649354371e-02
9.724135721380281969e-03,2.103425074492967090e-02,1.488257345166768206e-02,1.231937457947518584e-02,4.051456217359264422e-02,3.872032296305789878e-02,5.634231520938130788e-02,7.080836884431770950e-03,5.142417737336195394e-02,3.095062638172439359e-02,3.636538399923103931e-02,2.859568741789753760e-02,7.181762840024349948e-02,2.133863061100253061e-02,0.000000000000000000e+00,1.547531319086219680e-02,1.106981512928134279e-02,2.201147031495306189e-02,2.023325109736951594e-02,3.777514337893691371e-02,1.675691262695844577e-02,6.957482938707507114e-02,5.009451795841209781e-02,2.540770882060811725e-02,4.578513985453846330e-02,1.117554708275928371e-01,5.900163403928102013e-02,9.400531863765980434e-02,6.340713210086187934e-02,1.789433212649386290e-02,4.149178174361603522e-02,8.009996475601550677e-04,1.153439492486623341e-03,7.689596616577488216e-04,7.849796546089519989e-04,2.157893050527057849e-02,7.289096792797411170e-03,7.689596616577488216e-04,1.858319182339559670e-03,1.778219217583544218e-03,7.369196757553426839e-04,1.105379513633014026e-03,1.388933388869308984e-02,5.046297779628976764e-03,7.369196757553426839e-04,1.134215500945179658e-02,2.274838999070840501e-02,2.580820864438819820e-02,1.441799365608279100e-02,4.179616160968889493e-02,3.615712409086539736e-02,5.703117490628303865e-02,8.362436320528018191e-03,4.836435871968216421e-02,2.856364743199512821e-02,4.695459933997628982e-02,2.888404729101919088e-02,7.308320784338855070e-02,2.151485053346576665e-02,2.013713113966229817e-02,2.002499118900387745e-02,1.092563519272051441e-02,2.318092980039088841e-02,2.753836788311813180e-02,3.896062285732593972e-02,1.920797154849251953e-02,6.784467014834513754e-02,6.047547339079170636e-02,1.768607221812822441e-02,4.232482137707859610e-02,1.305949825382076712e-01,6.161289289032712696e-02,8.897504085098202620e-02,6.270225241100893521e-02,1.848707186568837937e-02,4.469578033385665505e-02
1.015667553106276710e-02,2.281246996251321685e-02,1.597193297234949377e-02,1.337669411425458990e-02,4.375060074973566998e-02,4.171606164493287666e-02,6.162891288327833339e-02,7.449296722309442509e-03,5.531703566050431148e-02,3.351382525391689154e-02,3.907276280798436391e-02,2.997340681170100260e-02,7.873826535516324776e-02,2.311684982858607657e-02,1.547531319086219680e-02,0.000000000000000000e+00,1.209509467815834093e-02,2.378968953253660437e-02,2.149883054051456369e-02,4.080292204671429751e-02,1.813463202076191078e-02,7.516580692704495636e-02,5.363493640062798329e-02,2.662522828489955612e-02,4.974207811348563268e-02,1.192047675499022796e-01,6.361539200922751436e-02,1.023517349652366126e-01,6.901412963378296406e-02,1.930409150619973729e-02,4.490404024222229007e-02,8.810996123161706287e-04,1.233539457242638793e-03,7.849796546089519989e-04,8.490596264137643826e-04,2.361346961007337181e-02,8.138156419211175011e-03,7.849796546089519989e-04,2.002499118900387832e-03,1.874339175290762848e-03,7.529396687065457528e-04,1.185479478389029478e-03,1.517093332478933708e-02,5.623017525872288543e-03,8.009996475601550677e-04,1.206305469225593500e-02,2.455864919419435341e-02,2.741020793950850812e-02,1.553939316266700864e-02,4.575309986863605738e-02,3.912082278683797626e-02,6.246195251674089427e-02,9.083336003332158348e-03,5.230527698567812717e-02,3.074236647335875164e-02,5.094357758482586512e-02,3.047002659318829784e-02,8.014802473486912215e-02,2.350132965941495108e-02,2.162699048412418737e-02,2.169107045592899921e-02,1.188683476979270071e-02,2.511934894748646396e-02,2.907628720643362988e-02,4.133158181410399867e-02,2.100221075902726497e-02,7.271474800551087914e-02,6.497709141007977640e-02,1.864727179520040898e-02,4.576911986158726381e-02,1.399826984076127101e-01,6.616257088846880241e-02,9.679279741116914026e-02,6.755631027522347731e-02,1.964051135817500293e-02,4.812405882541411634e-02
7.176956842138989580e-03,1.643651276793438309e-02,1.135817500240299954e-02,9.660055749575470127e-03,3.144724616321168537e-02,2.984524686809137892e-02,4.467976034090544862e-02,5.382717631604242402e-03,3.998590240620294306e-02,2.414212937746307297e-02,2.821120758706866308e-02,2.167505046297779625e-02,5.682291499791740363e-02,1.669283265515363046e-02,1.106981512928134279e-02,1.209509467815834093e-02,0.000000000000000000e+00,1.726955240139694397e-02,1.544327320495978914e-02,2.934862708660408021e-02,1.316843420588894968e-02,5.414757617506648496e-02,3.841594309698503906e-02,1.896767165422447166e-02,3.582070423889013172e-02,8.533850245105892296e-02,4.560891993207522727e-02,7.361186761077824492e-02,4.950177821921758481e-02,1.392137387459549576e-02,3.221620582486943440e-02,6.087597321457178081e-04,9.131395982185767663e-04,5.927397391945147392e-04,6.087597321457178081e-04,1.726955240139694397e-02,5.927397391945147392e-03,5.927397391945147392e-04,1.409759379705872876e-03,1.345679407901060600e-03,5.286597673897023555e-04,8.490596264137643826e-04,1.097369517157412502e-02,4.037038223703181584e-03,5.767197462433116704e-04,8.506616257088846569e-03,1.765403223222581849e-02,1.932011149915094025e-02,1.132613501650059189e-02,3.336964531735606143e-02,2.797090769280061520e-02,4.509628015763673253e-02,6.520137131139662132e-03,3.759892345647367767e-02,2.221973022331870037e-02,3.657364390759668127e-02,2.181923039953862289e-02,5.794431450450161780e-02,1.696517253532408426e-02,1.542725321200858618e-02,1.571561308513024294e-02,8.490596264137643609e-03,1.811861202781070782e-02,2.056967094934478157e-02,2.926852712184806540e-02,1.496267341642369686e-02,5.224119701387331532e-02,4.615359969241613486e-02,1.313639421998654376e-02,3.298516548652718344e-02,9.972445612123931324e-02,4.701867931178110166e-02,6.959084938002627063e-02,4.836435871968216421e-02,1.406555381115632240e-02,3.468328473935471806e-02
1.414565377591233894e-02,3.266476562750312423e-02,2.281246996251321685e-02,1.887155169651725389e-02,6.210951267181442220e-02,5.959437377847554007e-02,8.775752138669058733e-02,1.058921534074525050e-02,7.925090512960174249e-02,4.794783890295088030e-02,5.592579539265002397e-02,4.245298132068821978e-02,1.123001505879337447e-01,3.242446573323507636e-02,2.201147031495306189e-02,2.378968953253660437e-02,1.726955240139694397e-02,0.000000000000000000e+00,3.051808657204190672e-02,5.826471436352567701e-02,2.574412867258338289e-02,1.074621127166704021e-01,7.615904649001954685e-02,3.747076351286405399e-02,7.109672871743936973e-02,1.691070455928999350e-01,9.086540001922399634e-02,1.460702957290698767e-01,9.887539649482554593e-02,2.721796802409406912e-02,6.382365191759314937e-02,1.233539457242638793e-03,1.794239210534747395e-03,1.153439492486623341e-03,1.217519464291435616e-03,3.325750536669763724e-02,1.153439492486623384e-02,1.153439492486623341e-03,2.819518759411745751e-03,2.707378808753324161e-03,1.089359520681810849e-03,1.714139245778731942e-03,2.154689051936817257e-02,7.945916503796737751e-03,1.153439492486623341e-03,1.675691262695844577e-02,3.522796449969561872e-02,3.852808304764345632e-02,2.221973022331870037e-02,6.500913139598218926e-02,5.550927557591874700e-02,8.870270097081157934e-02,1.302425426932812130e-02,7.473326711736247296e-02,4.408702060171093562e-02,7.239434814648681993e-02,4.302970106693153329e-02,1.143507096856877375e-01,3.327352535964884367e-02,3.080644644516356348e-02,3.117490628304123504e-02,1.701323251417769314e-02,3.628528403447502798e-02,4.075486206786069210e-02,5.818461439876966568e-02,2.970106693153054880e-02,1.037454743519912875e-01,9.187465957514978632e-02,2.622472846111947864e-02,6.556983114927429634e-02,1.982634327640895866e-01,9.368491877863573125e-02,1.383646791195412007e-01,9.616801768607222134e-02,2.779468777033738264e-02,6.899810964083176457e-02
1.310435423408413784e-02,2.909230719938483284e-02,2.039345102688154901e-02,1.691711255647047538e-02,5.587773541379641856e-02,5.350677645701835961e-02,7.819358559482234017e-02,9.788215693185095545e-03,7.088846880907372083e-02,4.286950113741949675e-02,5.063919771875300541e-02,3.904072282208195799e-02,9.950017621992246486e-02,2.981320688218897300e-02,2.023325109736951594e-02,2.149883054051456369e-02,1.544327320495978914e-02,3.051808657204190672e-02,0.000000000000000000e+00,5.228925699272692074e-02,2.329306975104930913e-02,9.642433757329146871e-02,6.907820960558777590e-02,3.442696485213546376e-02,6.340713210086187934e-02,1.528787927333311869e-01,8.128544423440453581e-02,1.297779628976963306e-01,8.769344141488577549e-02,2.476690910255999536e-02,5.703117490628303865e-02,1.073339527730607888e-03,1.585979302169106958e-03,1.041299541828201534e-03,1.057319534779404711e-03,3.038992662843228304e-02,1.007657556630675057e-02,1.041299541828201534e-03,2.499118900387683941e-03,2.451058921534074626e-03,9.772195700233892585e-04,1.473839351510685368e-03,1.944827144276056394e-02,6.840536990163723942e-03,1.025279548876998573e-03,1.544327320495978914e-02,3.144724616321168537e-02,3.519592451379321280e-02,1.992887123129665969e-02,5.823267437762327109e-02,4.953381820511999073e-02,7.891448527762648379e-02,1.148633494601262323e-02,6.685143058537054706e-02,3.964948255422767742e-02,6.489699144532376507e-02,3.937714267405722363e-02,1.006696357053602914e-01,3.006952676940822036e-02,2.785876774214219448e-02,2.766652782672775548e-02,1.517093332478933708e-02,3.212008586716221664e-02,3.766300342827848951e-02,5.357085642882317145e-02,2.625676844702188456e-02,9.360481881387971992e-02,8.291948351542725859e-02,2.386978949729262264e-02,5.874531415206177276e-02,1.785748614270609713e-01,8.492198263432763905e-02,1.238025055268975744e-01,8.666816186600877214e-02,2.571208868668097697e-02,6.085995322162058435e-02
2.404600941975585521e-02,5.571753548428438896e-02,3.857614302649706867e-02,3.192784595174778112e-02,1.048027938867706899e-01,1.016788952612860814e-01,1.484572746787991282e-01,1.813463202076191078e-02,1.355291403671782247e-01,8.106116433308768743e-02,9.472621832046393409e-02,7.247444811124283126e-02,1.893563166832206712e-01,5.552529556886994649e-02,3.777514337893691371e-02,4.080292204671429751e-02,2.934862708660408021e-02,5.826471436352567701e-02,5.228925699272692074e-02,0.000000000000000000e+00,4.323796097529716831e-02,1.834609592771779263e-01,1.307391624747685221e-01,6.430425170612924513e-02,1.212873666335586853e-01,2.889205728749479341e-01,1.561308513024254330e-01,2.464195315754061089e-01,1.678094261638524987e-01,4.661817948800102418e-02,1.085835122232546163e-01,2.082599083656403068e-03,2.963698695972573696e-03,1.922399154144372162e-03,2.002499118900387832e-03,5.675883502611259179e-02,1.954439140046778517e-02,1.922399154144372162e-03,4.757937906507320874e-03,4.565697991092883615e-03,1.858319182339559670e-03,2.883598731216558460e-03,3.655762391464547484e-02,1.347281407196180766e-02,1.938419147095575340e-03,2.846752747428791044e-02,6.052353336964531871e-02,6.587421101534715606e-02,3.759892345647367767e-02,1.101054115536189149e-01,9.487039825702477114e-02,1.502675338822850870e-01,2.213963025856268557e-02,1.267822242158213319e-01,7.511774694819134401e-02,1.229214059145813942e-01,7.343564768831502276e-02,1.923520553650956422e-01,5.648649514594213800e-02,5.268975681650699822e-02,5.301015667553106436e-02,2.869180737560475536e-02,6.122841305949825591e-02,7.055204895709846213e-02,1.017109352471884942e-01,4.980615808529044453e-02,1.793918810675723396e-01,1.575245906891800940e-01,4.503220018583192069e-02,1.116753708628368258e-01,3.391272307840184630e-01,1.609208291948351632e-01,2.347089167280766442e-01,1.650860273621479468e-01,4.809201883951171042e-02,1.171381884591970735e-01
1.111787510813495167e-02,2.455864919419435341e-02,1.728557239434814694e-02,1.469033353625324480e-02,4.797987888885328622e-02,4.474384031271026047e-02,6.661113069110249918e-02,8.234276376918394508e-03,5.916183396879305667e-02,3.639742398513344523e-02,4.261318125020024938e-02,3.377014514113613891e-02,8.488994264842524007e-02,2.519944891224247877e-02,1.675691262695844577e-02,1.813463202076191078e-02,1.316843420588894968e-02,2.574412867258338289e-02,2.329306975104930913e-02,4.323796097529716831e-02,0.000000000000000000e+00,8.059658453750280505e-02,5.789625452564800545e-02,2.934862708660408021e-02,5.296209669667745201e-02,1.292653231232578359e-01,6.763641023997948865e-02,1.093524718849123722e-01,7.319534779404697489e-02,2.048957098458876677e-02,4.828425875492614594e-02,9.451795841209830124e-04,1.409759379705872876e-03,9.451795841209830124e-04,9.451795841209830124e-04,2.568004870077857105e-02,8.618756207747269027e-03,9.451795841209830124e-04,2.178719041363621697e-03,2.082599083656403068e-03,8.330396334625613138e-04,1.297619429047451286e-03,1.622825285956874114e-02,6.007497356701163062e-03,8.330396334625613138e-04,1.342475409310819878e-02,2.604850853865624261e-02,2.989330684694498780e-02,1.710935247188491090e-02,5.004645797955849240e-02,4.194034154624971811e-02,6.752427028932107833e-02,9.820255679087501466e-03,5.647047515299093157e-02,3.370606516933132707e-02,5.547723559001634108e-02,3.429880490852584007e-02,8.636378199993592630e-02,2.518342891929127580e-02,2.351734965236615404e-02,2.324500977219570025e-02,1.267181442440165270e-02,2.692960815097241237e-02,3.160744609272372191e-02,4.387876069334529366e-02,2.321296978629329433e-02,7.769696581333504493e-02,7.007144916856236638e-02,2.039345102688154901e-02,4.930953830380314928e-02,1.517894332126493995e-01,7.122488866104899341e-02,1.038576143026497117e-01,7.192976835090192367e-02,2.109833071673448621e-02,5.190477716189804969e-02
