0.000000000000000000e+00,1.496221147953972867e-02,1.089398788043848335e-02,8.493906175529379945e-03,2.418805746578606836e-02,2.776264723905494738e-02,3.309048818683189147e-02,5.242731667461020088e-03,4.211207190032001391e-02,1.758357731327023915e-02,2.447742901886021741e-02,1.533669231292980259e-02,4.810376523456117576e-02,1.380472526724313941e-02,1.208551780486144187e-02,1.237488935793558918e-02,8.017294205760196538e-03,1.814529856335534916e-02,1.591543541907809722e-02,2.594130864029413688e-02,1.499625519166609966e-02,5.086130591679716845e-02,3.984816504391638925e-02,1.637502553278409601e-02,4.132906652141349335e-02,8.349220398992306114e-02,4.539729012051474388e-02,6.544903656294683014e-02,4.577177095390481260e-02,1.358344113842173406e-02,3.331177231565329855e-02,1.433240280520187843e-02,7.744944508749233847e-03,1.368557227480084355e-02,9.532239395383673361e-03,1.520051746442432038e-02,6.859807993463607270e-03,4.544835568870429603e-03,1.285150132770477259e-02,1.036631034247974432e-02,1.249404235037788503e-02,7.234288826853680320e-03,1.017906992578470823e-02,3.489480492952951561e-03,3.114999659562878945e-03,8.561993599782120185e-03,1.760059916933342378e-02,1.760059916933342378e-02,7.659835228433308114e-03,2.223054401851978085e-02,3.433308367944440387e-02,3.731190849050180364e-02,6.927895417716347509e-03,4.088649826377067920e-02,2.192415060938244717e-02,3.133723701232382641e-02,2.500510655681895469e-02,4.885272690134132012e-02,1.409409682031728672e-02,1.588139170695172450e-02,1.412814053244365771e-02,8.936474433172192366e-03,1.773677401783890425e-02,1.475794920678150796e-02,2.554980595084088008e-02,1.874106352556682842e-02,4.471641587798733802e-02,5.098045890923946083e-02,1.040035405460611358e-02,4.362701708994348726e-02,1.008544971743718932e-01,4.532920269626199844e-02,6.454687819159801720e-02,4.396745421120718672e-02,9.770545380268265065e-03,4.127800095322393947e-02
1.496221147953972867e-02,0.000000000000000000e+00,2.049431470007489695e-02,1.572819500238305940e-02,4.456321917341866945e-02,5.191666099271464302e-02,6.126165997140328029e-02,9.804589092394634317e-03,7.840266902703070528e-02,3.229046095186219323e-02,4.471641587798733802e-02,2.733710083747531785e-02,8.973922516511199932e-02,2.519234697351399252e-02,2.098794852590726498e-02,2.340505208687955474e-02,1.499625519166609966e-02,3.389051542180159665e-02,2.886906788316197930e-02,4.827398379519302896e-02,2.675835773132702322e-02,9.305848709743309854e-02,7.208756042758902860e-02,2.907333015592020176e-02,7.566215020085789722e-02,1.502178797576087799e-01,8.296452645196432385e-02,1.207870906243616871e-01,8.344113842173350726e-02,2.514128140532443517e-02,6.160209709266698669e-02,2.594130864029413688e-02,1.438346837339143404e-02,2.580513379178865641e-02,1.748144617689112792e-02,2.786477837543405861e-02,1.264723905494655187e-02,8.561993599782120185e-03,2.337100837475318202e-02,1.908150064683053135e-02,2.391570776877510740e-02,1.354939742629536308e-02,1.925171920746238108e-02,6.315108599441682756e-03,5.855518485735684842e-03,1.569415129025669015e-02,3.271600735344182276e-02,3.246067951249403949e-02,1.360046299448491869e-02,4.069925784707564831e-02,6.204466535030980084e-02,6.921086675291074353e-02,1.237488935793558918e-02,7.590045618574249586e-02,4.042690815006468041e-02,5.782324504663988868e-02,4.573772724177844334e-02,8.967113774085926081e-02,2.626472390549465519e-02,2.783073466330768589e-02,2.617961462517872859e-02,1.700483420712194452e-02,3.312453189895826072e-02,2.757540682235990956e-02,4.655477633281133315e-02,3.446925852794988782e-02,8.161979982297269676e-02,9.482876012800435517e-02,1.903043507864097400e-02,7.986654864846462476e-02,1.867808265813304391e-01,8.463266834615645884e-02,1.188465990331585703e-01,8.034316061823380817e-02,1.768570844964935038e-02,7.627493701913257151e-02
1.089398788043848335e-02,2.049431470007489695e-02,0.000000000000000000e+00,1.142166541839722237e-02,3.225641723973582398e-02,3.775447674814461779e-02,4.451215360522911557e-02,7.217266970790494826e-03,5.693810853135426037e-02,2.342207394294273937e-02,3.249472322462041568e-02,1.993259344998978694e-02,6.510859944168312374e-02,1.819636413154490304e-02,1.531967045686661623e-02,1.719207462381698234e-02,1.096207530469122358e-02,2.473275685980799374e-02,2.117518894260230281e-02,3.571185402056240021e-02,1.962620004085245326e-02,6.847892694219377685e-02,5.304010349288486303e-02,2.105603595016000695e-02,5.538911962960441082e-02,1.095696874787226854e-01,6.085313542588683539e-02,8.779873357390889643e-02,6.075100428950772763e-02,1.851977939674542134e-02,4.502280928712466823e-02,1.868999795737727107e-02,1.046844147885885555e-02,1.897936951045142012e-02,1.285150132770477259e-02,2.020494314700074789e-02,9.123714849867230192e-03,6.383196023694423862e-03,1.690270307074283329e-02,1.392387825968543526e-02,1.756655545720705452e-02,9.974807653026485782e-03,1.411111867638047308e-02,4.476748144617689364e-03,4.340573296112208018e-03,1.162592769115544308e-02,2.376251106420644230e-02,2.383059848845918080e-02,9.855654660584189930e-03,2.980526996663716149e-02,4.519302784775652143e-02,5.060597807584939212e-02,8.987540001361747979e-03,5.538911962960441082e-02,2.929461428474160883e-02,4.197589705181452996e-02,3.322666303533737542e-02,6.553414584326275327e-02,1.923469735139919645e-02,2.034111799550622837e-02,1.901341322257778937e-02,1.244297678218832942e-02,2.415401375365969910e-02,2.001770273030571354e-02,3.448628038401307244e-02,2.522639068564036177e-02,5.989991148634846857e-02,6.948321644992169754e-02,1.394090011574862162e-02,5.855518485735684842e-02,1.369238101722611844e-01,6.218084019881527785e-02,8.631783209641179233e-02,5.889562197862054788e-02,1.281745761557840334e-02,5.540614148566759545e-02
8.493906175529379945e-03,1.572819500238305940e-02,1.142166541839722237e-02,0.000000000000000000e+00,2.522639068564036177e-02,2.898822087560427516e-02,3.469054265677129489e-02,5.464015796282426299e-03,4.417171648396540917e-02,1.826445155579764501e-02,2.519234697351399252e-02,1.540477973718254283e-02,5.050384693947027742e-02,1.409409682031728672e-02,1.176210253966092530e-02,1.283447947164158796e-02,8.442840607339824333e-03,1.882617280588275502e-02,1.628991625246816941e-02,2.640089875400013567e-02,1.499625519166609966e-02,5.162728943964049744e-02,4.027371144549601878e-02,1.635800367672091138e-02,4.269081500646830507e-02,8.412201266426090618e-02,4.572070538571525872e-02,6.747463743446585616e-02,4.653775447674814159e-02,1.382174712330632577e-02,3.399264655818070441e-02,1.520051746442432038e-02,8.085381630012936777e-03,1.443453394158098965e-02,1.002587322121604139e-02,1.569415129025669015e-02,7.234288826853680320e-03,4.817185265881391426e-03,1.353237557023217845e-02,1.079185674405937212e-02,1.336215700960032698e-02,7.591747804180567875e-03,1.085994416831211236e-02,3.676720909647988086e-03,3.251174508068359857e-03,8.800299584666711888e-03,1.824742969973446038e-02,1.812827670729216453e-02,7.796010076938789460e-03,2.292844011711037133e-02,3.506502349016137055e-02,3.940559678627357509e-02,7.013004698032273242e-03,4.291209913528971215e-02,2.277524341254170276e-02,3.234152652005174711e-02,2.606046163273643274e-02,5.091237148498672233e-02,1.446857765370736064e-02,1.554095458568802331e-02,1.480901477497106357e-02,9.515217539320487000e-03,1.870701981344045917e-02,1.530264860080343160e-02,2.587322121604139838e-02,1.925171920746238108e-02,4.563559610539933559e-02,5.286988493225300983e-02,1.079185674405937212e-02,4.512494042350377599e-02,1.048886770613467745e-01,4.698032273439095574e-02,6.684482876012801111e-02,4.514196227956696061e-02,9.736501668141894078e-03,4.255464015796282112e-02
2.418805746578606836e-02,4.456321917341866945e-02,3.225641723973582398e-02,2.522639068564036177e-02,0.000000000000000000e+00,8.179001838360454302e-02,9.870974331041056093e-02,1.564308572206713280e-02,1.243616803976305557e-01,5.246136038673657187e-02,7.205351671546265935e-02,4.427384762034452387e-02,1.433070061959555996e-01,4.000136174848505782e-02,3.343092530809559787e-02,3.685231837679580486e-02,2.417103560972288373e-02,5.349969360659086182e-02,4.616327364335807287e-02,7.479403554163545353e-02,4.280996799891060439e-02,1.461326343024443308e-01,1.141996323279090286e-01,4.648668890855858771e-02,1.204296316470347961e-01,2.384251378770341212e-01,1.299108054742288965e-01,1.926193232110029185e-01,1.320555593381902426e-01,3.995029618029549701e-02,9.654796759038605791e-02,4.274188057465785895e-02,2.304759310955266718e-02,4.073330155920201756e-02,2.796690951181316984e-02,4.488663443861918428e-02,2.069857697283311940e-02,1.375365969905358553e-02,3.826513243004017045e-02,3.023081636821679102e-02,3.775447674814461779e-02,2.137945121536052179e-02,3.091169061074419688e-02,1.055355075917478042e-02,9.038605569551303592e-03,2.498808470075577007e-02,5.198474841696738846e-02,5.157622387145094356e-02,2.219650030639340813e-02,6.514264315380949300e-02,9.859059031796826855e-02,1.115442227820521576e-01,1.979641860148430646e-02,1.210594403213726411e-01,6.526179614625178538e-02,9.247974399128480738e-02,7.440253285218220713e-02,1.446176891128208575e-01,4.143119765779260805e-02,4.405256349152311679e-02,4.199291890787771458e-02,2.737114454960168711e-02,5.283584122012664058e-02,4.391638864301763284e-02,7.290460951862190453e-02,5.477633281132975041e-02,1.288214066861850526e-01,1.490263498331858005e-01,3.021379451215360640e-02,1.282426635800367754e-01,2.952781371280724376e-01,1.330258051337917802e-01,1.900149792333356014e-01,1.268809150949819498e-01,2.798393136787635446e-02,1.206168720637298269e-01
2.776264723905494738e-02,5.191666099271464302e-02,3.775447674814461779e-02,2.898822087560427516e-02,8.179001838360454302e-02,0.000000000000000000e+00,1.127868182746646630e-01,1.790699257847075745e-02,1.450432355144004870e-01,5.949138694083203061e-02,8.187512766392048003e-02,4.987403826513243238e-02,1.648736978280111731e-01,4.645264519643221846e-02,3.882685368012528393e-02,4.277592428678422820e-02,2.733710083747531785e-02,6.267447402464765283e-02,5.338054061414856943e-02,8.864982637706815549e-02,4.893783618165725019e-02,1.723462926397494321e-01,1.335364608156873467e-01,5.326138762170627011e-02,1.417069517260162170e-01,2.791924831483624803e-01,1.532647919929188973e-01,2.225437461700823794e-01,1.544733437734050474e-01,4.648668890855858771e-02,1.135528017975079990e-01,4.827398379519302896e-02,2.643494246612650492e-02,4.694627902226458649e-02,3.252876693674678493e-02,5.169537686389323594e-02,2.367740178389051570e-02,1.576223871450942865e-02,4.277592428678422820e-02,3.530332947504596225e-02,4.338871110505889556e-02,2.456253829917614054e-02,3.545652617961462388e-02,1.165997140328181407e-02,1.075781303193300113e-02,2.890311159528834856e-02,6.005310819091713714e-02,5.966160550146387687e-02,2.519234697351399252e-02,7.532171307959420470e-02,1.159528835024171006e-01,1.277490297542044073e-01,2.277524341254170276e-02,1.405324436576564362e-01,7.389187717028665447e-02,1.063695785388438786e-01,8.327091986110166100e-02,1.655375502144753874e-01,4.854633349220398991e-02,5.126983046231361335e-02,4.871655205283584311e-02,3.114999659562878859e-02,6.102335398651868859e-02,5.036767209096480041e-02,8.635187580853816158e-02,6.291278000953223759e-02,1.517328249472322532e-01,1.750868114659222541e-01,3.503097977803499435e-02,1.479369510451419567e-01,3.427520936882957892e-01,1.560733982433444578e-01,2.199223803363518637e-01,1.500136174848505366e-01,3.280111663375774589e-02,1.401239191121399774e-01
3.309048818683189147e-02,6.126165997140328029e-02,4.451215360522911557e-02,3.469054265677129489e-02,9.870974331041056093e-02,1.127697964186014784e-01,0.000000000000000000e+00,2.143051678355007914e-02,1.712228501395792191e-01,7.186627629876761458e-02,9.867569959828419168e-02,6.064887315312861987e-02,1.958194321508817393e-01,5.544018519779396470e-02,4.582283652209436647e-02,5.057193436372302286e-02,3.314155375502144535e-02,7.368761489752842508e-02,6.347450125961734413e-02,1.032716007353441795e-01,5.877646898617825549e-02,2.007387485531422211e-01,1.570947096071355631e-01,6.361067610812283502e-02,1.665248178661401235e-01,3.279430789133246926e-01,1.788145979437597843e-01,2.645536869340233133e-01,1.813338326411111923e-01,5.470824538707700496e-02,1.328385647170967632e-01,5.853816300129366379e-02,3.176278341390344900e-02,5.588275345543677886e-02,3.824811057397698583e-02,6.177231565329883295e-02,2.861374004221420297e-02,1.884319466194593964e-02,5.283584122012664058e-02,4.187376591543542220e-02,5.188261728058827377e-02,2.937972356505753543e-02,4.263974943827875119e-02,1.445155579764417428e-02,1.247702049431470041e-02,3.433308367944440387e-02,7.155988288963029131e-02,7.041941853339687973e-02,3.040103492884864075e-02,8.992646558180704408e-02,1.354088649826377111e-01,1.536222509702457883e-01,2.726901341322257935e-02,1.653162660856539734e-01,8.951794103629059918e-02,1.267958058146660405e-01,1.017736774017838908e-01,1.984578198406754257e-01,5.758493906175529697e-02,6.075100428950772763e-02,5.768707019813440473e-02,3.746510519507047221e-02,7.271736910192687364e-02,6.007013004698032177e-02,1.006672567576768623e-01,7.540682235991012783e-02,1.771294341935044647e-01,2.052154966977599304e-01,4.151630693810853118e-02,1.758527949887655761e-01,4.053925240008170450e-01,1.826955811261659901e-01,2.617450806835977528e-01,1.745250902158371475e-01,3.836726356641928515e-02,1.654524409341594504e-01
5.242731667461020088e-03,9.804589092394634317e-03,7.217266970790494826e-03,5.464015796282426299e-03,1.564308572206713280e-02,1.790699257847075745e-02,2.143051678355007914e-02,0.000000000000000000e+00,2.723496970109620663e-02,1.116633757744944430e-02,1.557499829781439429e-02,9.549261251446857987e-03,3.120106216381834247e-02,8.715190304350787023e-03,7.234288826853680320e-03,8.017294205760196538e-03,5.225709811397834595e-03,1.176210253966092530e-02,1.009396064546878163e-02,1.652822223735276111e-02,9.464151971130931387e-03,3.195002383059848683e-02,2.490297542043984347e-02,1.005991693334241238e-02,2.626472390549465519e-02,5.183155171239871989e-02,2.822223735276094617e-02,4.170354735480356900e-02,2.852863076189827637e-02,8.527949887655749198e-03,2.129434193504459866e-02,9.089671137740859205e-03,5.055491250765983130e-03,9.072649281677674579e-03,6.110846326683461172e-03,9.719479812078709452e-03,4.425682576428133751e-03,2.995846667120582660e-03,8.255600190644788242e-03,6.774698713147681538e-03,8.442840607339824333e-03,4.817185265881391426e-03,6.621502008579015566e-03,2.161775720024511262e-03,2.093688295771771023e-03,5.566146932661537525e-03,1.130251242595492651e-02,1.118335943351263066e-02,4.715054129502281068e-03,1.419622795669639795e-02,2.148158235173963301e-02,2.423912303397562570e-02,4.340573296112208018e-03,2.621365833730510131e-02,1.412814053244365771e-02,1.993259344998978694e-02,1.625587254034180015e-02,3.135425886838701104e-02,9.089671137740859205e-03,9.702457956015523091e-03,9.157758561993599444e-03,5.940627766051610574e-03,1.155784026690270284e-02,9.532239395383673361e-03,1.618778511608905818e-02,1.213658337305099748e-02,2.823925920882413079e-02,3.275005106556819201e-02,6.757676857084496912e-03,2.764349424661265153e-02,6.527881800231497000e-02,2.944781098931027394e-02,4.127800095322393947e-02,2.781371280724450126e-02,5.991693334241165320e-03,2.648600803431606227e-02
4.211207190032001391e-02,7.840266902703070528e-02,5.693810853135426037e-02,4.417171648396540917e-02,1.243616803976305557e-01,1.450432355144004870e-01,1.712228501395792191e-01,2.723496970109620663e-02,0.000000000000000000e+00,9.093075508953496477e-02,1.246170082385783390e-01,7.634302444338531002e-02,2.498638251514945230e-01,7.043644038946006436e-02,5.925308095594743890e-02,6.510859944168312374e-02,4.223122489276230629e-02,9.522026281745761545e-02,8.122829713351943648e-02,1.350514060053108201e-01,7.441955470824539176e-02,2.623578675018723994e-01,2.035643766596309523e-01,8.087083815619254545e-02,2.147988016613331386e-01,4.246782869204058231e-01,2.338122148839109349e-01,3.384796078164363231e-01,2.357697283311772363e-01,7.127051133655613879e-02,1.720228773745489104e-01,7.280247838224279677e-02,3.995029618029549701e-02,7.091305235922924777e-02,4.875059576496221236e-02,7.852182201947299767e-02,3.596718186151017654e-02,2.377953292026962692e-02,6.538094913869407776e-02,5.309116906107441691e-02,6.521073057806223150e-02,3.695444951317491955e-02,5.406141485667597529e-02,1.778783958602846160e-02,1.608565397970994695e-02,4.376319193844897121e-02,9.128821406686185580e-02,9.014774971062844422e-02,3.840130727854565440e-02,1.142847416082249656e-01,1.759719479812078824e-01,1.946449240825219584e-01,3.491182678559270197e-02,2.136413154490365562e-01,1.132634302444338464e-01,1.615544358956900739e-01,1.261149315721386277e-01,2.518383604548239951e-01,7.368761489752842508e-02,7.777286035269286024e-02,7.436848914005583788e-02,4.786545924967658405e-02,9.295635596105399079e-02,7.615578402669026525e-02,1.316981003608633516e-01,9.528835024171035395e-02,2.310546742016749422e-01,2.657792605705726063e-01,5.249540409886294112e-02,2.262374889357935681e-01,5.188602165180091763e-01,2.367910396949683416e-01,3.344794716415878111e-01,2.284673520800708235e-01,5.012936610608020871e-02,2.124668073806767754e-01
1.758357731327023915e-02,3.229046095186219323e-02,2.342207394294273937e-02,1.826445155579764501e-02,5.246136038673657187e-02,5.949138694083203061e-02,7.186627629876761458e-02,1.116633757744944430e-02,9.093075508953496477e-02,0.000000000000000000e+00,5.213794512153605010e-02,3.205215496697760152e-02,1.038333219854292860e-01,2.963505140600531176e-02,2.435827602641792156e-02,2.706475114046435690e-02,1.749846803295431255e-02,3.911622523319942951e-02,3.378838428542248196e-02,5.544018519779396470e-02,3.103084360318649274e-02,1.076802614557091364e-01,8.376455368693402903e-02,3.344794716415878250e-02,8.882004493770000175e-02,1.745591339279635168e-01,9.602029005242732063e-02,1.407537277864778502e-01,9.668414243889153492e-02,2.985633553482671884e-02,7.116838020017703104e-02,3.009464151971131055e-02,1.663035337373187234e-02,2.926057057261523958e-02,1.986450602573704496e-02,3.276707292163137664e-02,1.491114591135017306e-02,9.991829509089670408e-03,2.713283856471709540e-02,2.197521617757200105e-02,2.692857629195887642e-02,1.528562674474024698e-02,2.286035269285762936e-02,7.591747804180567875e-03,6.638523864642200192e-03,1.806018928303942256e-02,3.792469530877647099e-02,3.675018724041669710e-02,1.598352284333083573e-02,4.771226254510791548e-02,7.128753319261932342e-02,8.093892558044529784e-02,1.445155579764417428e-02,8.681146592224416036e-02,4.752502212841288459e-02,6.713420031320214976e-02,5.315925648532716236e-02,1.046844147885885451e-01,3.104786545924967736e-02,3.200108939878804071e-02,3.065636276979641708e-02,1.988152788180023306e-02,3.858854769524069223e-02,3.164363042146115662e-02,5.392524000817049135e-02,3.960985905903179755e-02,9.457343228705658578e-02,1.084802886906788277e-01,2.161775720024511349e-02,9.343296793082317420e-02,2.139477088581739073e-01,9.705862327228161057e-02,1.396132634302444386e-01,9.344998978688635882e-02,2.103901409409681886e-02,8.756042758902431167e-02
2.447742901886021741e-02,4.471641587798733802e-02,3.249472322462041568e-02,2.519234697351399252e-02,7.205351671546265935e-02,8.187512766392048003e-02,9.867569959828419168e-02,1.557499829781439429e-02,1.246170082385783390e-01,5.213794512153605010e-02,0.000000000000000000e+00,4.441002246885000088e-02,1.432899843398924289e-01,4.066521413494927212e-02,3.400966841424388903e-02,3.697147136923810418e-02,2.393272962483829203e-02,5.407843671273915992e-02,4.646966705249540308e-02,7.644515557976441777e-02,4.332062368080615705e-02,1.487540001361748465e-01,1.161911894873016993e-01,4.665690746919044091e-02,1.225233199428065606e-01,2.428337985973990643e-01,1.323449308912643951e-01,1.935555252944781146e-01,1.335705045278137160e-01,4.073330155920201756e-02,9.831824062095731454e-02,4.197589705181452996e-02,2.301354939742629446e-02,4.083543269558112532e-02,2.801797508000272371e-02,4.485259072649281503e-02,2.039218356369578572e-02,1.363450670661128968e-02,3.726084292231224976e-02,3.045210049703819810e-02,3.734595220262817289e-02,2.105603595016000695e-02,3.080955947436508566e-02,1.017906992578470823e-02,9.327977122625450909e-03,2.520936882957717715e-02,5.218901068972561091e-02,5.130387417443998260e-02,2.185606318512970520e-02,6.555116769932593790e-02,9.954381425750663537e-02,1.108463266834615601e-01,2.000068087424252891e-02,1.204636753591611653e-01,6.507455572955675449e-02,9.273507183223259065e-02,7.365357118540205583e-02,1.440049022945462109e-01,4.231633417307822942e-02,4.503983114318785286e-02,4.197589705181452996e-02,2.692857629195887642e-02,5.273371008374753283e-02,4.393341049908081747e-02,7.477701368557226891e-02,5.526996663716211844e-02,1.309491386940832003e-01,1.508136447198202557e-01,3.026486008034316028e-02,1.278681827466466858e-01,2.973888472799073868e-01,1.342854224824674980e-01,1.913767277183904270e-01,1.285831007013004679e-01,2.885204602709879468e-02,1.215020085790154553e-01
1.533669231292980259e-02,2.733710083747531785e-02,1.993259344998978694e-02,1.540477973718254283e-02,4.427384762034452387e-02,4.987403826513243238e-02,6.064887315312861987e-02,9.549261251446857987e-03,7.634302444338531002e-02,3.205215496697760152e-02,4.441002246885000088e-02,0.000000000000000000e+00,8.767958058146660405e-02,2.480084428406073571e-02,2.129434193504459866e-02,2.269013413222577963e-02,1.482603663103424819e-02,3.288622591407366902e-02,2.903928644379383250e-02,4.698032273439095574e-02,2.686048886770613445e-02,9.111799550622999566e-02,7.137264247293524655e-02,2.869884932253012957e-02,7.450466398856131489e-02,1.491795465377544760e-01,8.121127527745625185e-02,1.185231837679580624e-01,8.177299652754135839e-02,2.469871314768162449e-02,6.022332675154899034e-02,2.575406822359910253e-02,1.438346837339143404e-02,2.517532511745080789e-02,1.717505276775379425e-02,2.735412269353850248e-02,1.259617348675699626e-02,8.323687614897528481e-03,2.316674610199496304e-02,1.874106352556682842e-02,2.316674610199496304e-02,1.302171988833662405e-02,1.906447879076734672e-02,6.349152311568053743e-03,5.702321781167018870e-03,1.528562674474024698e-02,3.201811125485123227e-02,3.162660856539797199e-02,1.341322257778988260e-02,4.027371144549601878e-02,6.058078572887587443e-02,6.798529311636140882e-02,1.230680193368284894e-02,7.333015592020153406e-02,4.030775515762238803e-02,5.702321781167018350e-02,4.560155239327295940e-02,8.820725811942534134e-02,2.614557091305235934e-02,2.803499693606590834e-02,2.563491523115680668e-02,1.652822223735276111e-02,3.247770136855722412e-02,2.720092598896983738e-02,4.612922993123170362e-02,3.389051542180159665e-02,8.025805133791788504e-02,9.241165656703206888e-02,1.841764826036631011e-02,7.864097501191530393e-02,1.818274664669435603e-01,8.252195819432150969e-02,1.168550418737659136e-01,7.886225914073670407e-02,1.734527132838564745e-02,7.424933614761353162e-02
4.810376523456117576e-02,8.973922516511199932e-02,6.510859944168312374e-02,5.050384693947027742e-02,1.433070061959555996e-01,1.648907196840743439e-01,1.958194321508817393e-01,3.120106216381834247e-02,2.498638251514945230e-01,1.038333219854292860e-01,1.432899843398924289e-01,8.767958058146660405e-02,0.000000000000000000e+00,8.087083815619254545e-02,6.670865391162252023e-02,7.418124872336079312e-02,4.808674337849799113e-02,1.078845237284673519e-01,9.224143800640022262e-02,1.524817866140124045e-01,8.521141145230476388e-02,2.956866616735888686e-01,2.295056852999250996e-01,9.249676584734799201e-02,2.430721045822836490e-01,4.783652209436917158e-01,2.628855450398311366e-01,3.858344113842173129e-01,2.658984135630149126e-01,8.051337917886566831e-02,1.950534486280383895e-01,8.401988152788179842e-02,4.587390209028392729e-02,8.155171239871995825e-02,5.567849118267855640e-02,9.002859671818615184e-02,4.112480424865527090e-02,2.750731939810717105e-02,7.545788792809968171e-02,6.073398243344454300e-02,7.535575679172057395e-02,4.269081500646830507e-02,6.229999319125757717e-02,2.063048954858037742e-02,1.836658269217675624e-02,5.028256281064887034e-02,1.036801252808606244e-01,1.029822291822700409e-01,4.389936678695444822e-02,1.302171988833662475e-01,1.971641587798733664e-01,2.220160686321236421e-01,3.949070606658949822e-02,2.411316129910805461e-01,1.294171716483965284e-01,1.843296793082317697e-01,1.462177435827602678e-01,2.876183018996391616e-01,8.410499080819772155e-02,8.849662967249949386e-02,8.422414380064002781e-02,5.433376455368693625e-02,1.055865731599373580e-01,8.771362429359297330e-02,1.475454483556886964e-01,1.095186219105331177e-01,2.590045618574249309e-01,3.006910873561653430e-01,6.081909171376046613e-02,2.557363654932933716e-01,5.924286784230952119e-01,2.674644243208279537e-01,3.805235922925035985e-01,2.549533601143868511e-01,5.664873697828011478e-02,2.416592905290392834e-01
1.380472526724313941e-02,2.519234697351399252e-02,1.819636413154490304e-02,1.409409682031728672e-02,4.000136174848505782e-02,4.645264519643221846e-02,5.544018519779396470e-02,8.715190304350787023e-03,7.043644038946006436e-02,2.963505140600531176e-02,4.066521413494927212e-02,2.480084428406073571e-02,8.087083815619254545e-02,0.000000000000000000e+00,1.903043507864097400e-02,2.091986110165452301e-02,1.349833185810580746e-02,3.024783822427997565e-02,2.595833049635732151e-02,4.292912099135289677e-02,2.413699189759651448e-02,8.378157554299721366e-02,6.500646830530401599e-02,2.650302989037924689e-02,6.883638591952066788e-02,1.357833458160277729e-01,7.469190440525634578e-02,1.093313814938380868e-01,7.549193164022605096e-02,2.297950568529992521e-02,5.535507591747804157e-02,2.379655477633281155e-02,1.276639204738884772e-02,2.286035269285762936e-02,1.569415129025669015e-02,2.522639068564036177e-02,1.140464356233403774e-02,7.727922652686049221e-03,2.114114523047593008e-02,1.708994348743787112e-02,2.114114523047593008e-02,1.208551780486144187e-02,1.737931504051201670e-02,5.855518485735684842e-03,5.140600531081908862e-03,1.424729352488595356e-02,2.932865799686797809e-02,2.909035201198338638e-02,1.244297678218832942e-02,3.678423095254306635e-02,5.605297201606863206e-02,6.236808061551031568e-02,1.126846871382855553e-02,6.815551167699325508e-02,3.678423095254306635e-02,5.225709811397834942e-02,4.139715394566623879e-02,8.144958126234085050e-02,2.347313951113229324e-02,2.502212841288213932e-02,2.367740178389051570e-02,1.521753932048750674e-02,2.970313883025805027e-02,2.473275685980799374e-02,4.155035065023490043e-02,3.096275617893375076e-02,7.310887179138013392e-02,8.456458092190372033e-02,1.708994348743787112e-02,7.217266970790495173e-02,1.674950636617416888e-01,7.528766936746783545e-02,1.077823925920882442e-01,7.203649485939947472e-02,1.615374140396268893e-02,6.818955538911962433e-02
1.208551780486144187e-02,2.098794852590726498e-02,1.531967045686661623e-02,1.176210253966092530e-02,3.343092530809559787e-02,3.882685368012528393e-02,4.582283652209436647e-02,7.234288826853680320e-03,5.925308095594743890e-02,2.435827602641792156e-02,3.400966841424388903e-02,2.129434193504459866e-02,6.670865391162252023e-02,1.903043507864097400e-02,0.000000000000000000e+00,1.734527132838564745e-02,1.114931572138625968e-02,2.515830326138762327e-02,2.246885000340437255e-02,3.695444951317491955e-02,2.057942398039082355e-02,7.164499216994621444e-02,5.554231633417307940e-02,2.289439640498399861e-02,5.741472050112344377e-02,1.176891128208619880e-01,6.396813508544971216e-02,9.069244910465036613e-02,6.475114046435623272e-02,1.906447879076734672e-02,4.643562334036903383e-02,1.954109076053653013e-02,1.085994416831211236e-02,1.918363178320964257e-02,1.331109144141077137e-02,2.074964254102267328e-02,9.447130115067746761e-03,6.366174167631238369e-03,1.736229318444883207e-02,1.433240280520187843e-02,1.743038060870157405e-02,9.923742084836930169e-03,1.406005310819091747e-02,4.715054129502281068e-03,4.272485871859467779e-03,1.148975284264996261e-02,2.442636345067066006e-02,2.476680057193436299e-02,1.036631034247974432e-02,3.069040648192278981e-02,4.778034996936066092e-02,5.181452985633553526e-02,9.685436099952338465e-03,5.702321781167018350e-02,3.016272894396404905e-02,4.366106080206985651e-02,3.467352080070811027e-02,6.742357186627630228e-02,1.972833117723156449e-02,2.224756587458296547e-02,1.960917818478926863e-02,1.220467079730373772e-02,2.469871314768162449e-02,2.068155511676993130e-02,3.583100701300469954e-02,2.587322121604139838e-02,6.272553959283720670e-02,7.259821610948458126e-02,1.423027166882276894e-02,6.058078572887587443e-02,1.395792197181180694e-01,6.374685095662831202e-02,8.941580989991149142e-02,6.158507523660380206e-02,1.370259413086402991e-02,5.729556750868114445e-02
1.237488935793558918e-02,2.340505208687955474e-02,1.719207462381698234e-02,1.283447947164158796e-02,3.685231837679580486e-02,4.277592428678422820e-02,5.057193436372302286e-02,8.017294205760196538e-03,6.510859944168312374e-02,2.706475114046435690e-02,3.697147136923810418e-02,2.269013413222577963e-02,7.418124872336079312e-02,2.091986110165452301e-02,1.734527132838564745e-02,0.000000000000000000e+00,1.251106420644106966e-02,2.810308436031865031e-02,2.401783890515421863e-02,4.068223599101245674e-02,2.192415060938244717e-02,7.802818819364062963e-02,6.042758902430721279e-02,2.389868591271192277e-02,6.378089466875468128e-02,1.247702049431470006e-01,6.997685027575406558e-02,1.003949070606658944e-01,6.955130387417443605e-02,2.143051678355007914e-02,5.152515830326138968e-02,2.124327636685504131e-02,1.184721181997685016e-02,2.120923265472867206e-02,1.429835909307550917e-02,2.313270238986859031e-02,1.041737591066929994e-02,7.115135834411384468e-03,1.918363178320964257e-02,1.554095458568802331e-02,1.949002519234697278e-02,1.109825015319670406e-02,1.627289439640498478e-02,5.191666099271464475e-03,4.800163409818206800e-03,1.307278545652617967e-02,2.694559814802206105e-02,2.670729216313746934e-02,1.113229386532307505e-02,3.385647170967522046e-02,5.166133315176686669e-02,5.743174235718662840e-02,1.023013549397426211e-02,6.224892762306801636e-02,3.365220943691699801e-02,4.791652481786613793e-02,3.734595220262817289e-02,7.458977326887723802e-02,2.212841288214066962e-02,2.292844011711037133e-02,2.171988833662422472e-02,1.431538094913869380e-02,2.742221011779124445e-02,2.274119970041533351e-02,3.932048750595765196e-02,2.835841220126642664e-02,6.795124940423503956e-02,7.886225914073670407e-02,1.562606386600394817e-02,6.647034792673793546e-02,1.536733165384353561e-01,7.050452781371280286e-02,9.882889630285286720e-02,6.747463743446585616e-02,1.503029890379246891e-02,6.279362701708994521e-02
8.017294205760196538e-03,1.499625519166609966e-02,1.096207530469122358e-02,8.442840607339824333e-03,2.417103560972288373e-02,2.733710083747531785e-02,3.314155375502144535e-02,5.225709811397834595e-03,4.223122489276230629e-02,1.749846803295431255e-02,2.393272962483829203e-02,1.482603663103424819e-02,4.808674337849799113e-02,1.349833185810580746e-02,1.114931572138625968e-02,1.251106420644106966e-02,0.000000000000000000e+00,1.807721113910260718e-02,1.567712943419350552e-02,2.554980595084088008e-02,1.421324981275958257e-02,4.973786341662694843e-02,3.877578811193572311e-02,1.521753932048750674e-02,4.097160754408660926e-02,8.032613876217062354e-02,4.415469462790222455e-02,6.475114046435623272e-02,4.459726288554503870e-02,1.356641928235854770e-02,3.269898549737863119e-02,1.395792197181180624e-02,7.744944508749233847e-03,1.358344113842173406e-02,9.259889698372710670e-03,1.516647375229795112e-02,6.961939129842717629e-03,4.629944849186355335e-03,1.249404235037788503e-02,1.017906992578470823e-02,1.254510791856744065e-02,7.013004698032273242e-03,1.063866003949070528e-02,3.472458636889766501e-03,3.097977803499693452e-03,8.340709470960713107e-03,1.741335875263838942e-02,1.707292163137468649e-02,7.268332538980050439e-03,2.207734731395111227e-02,3.314155375502144535e-02,3.753319261932321071e-02,6.689589432831755805e-03,4.064819227888608749e-02,2.194117246544563180e-02,3.094573432287056614e-02,2.461360386736569789e-02,4.832504936338258283e-02,1.445155579764417428e-02,1.480901477497106357e-02,1.426431538094913819e-02,9.276911554435895296e-03,1.790699257847075745e-02,1.457070879008647186e-02,2.498808470075577007e-02,1.829849526792401426e-02,4.381425750663852509e-02,5.060597807584939212e-02,9.906720228773745543e-03,4.338871110505889556e-02,9.879485259072649794e-02,4.510791856744059136e-02,6.446176891128208020e-02,4.323551440049022698e-02,9.668414243889153839e-03,4.032477701368557266e-02
1.814529856335534916e-02,3.389051542180159665e-02,2.473275685980799374e-02,1.882617280588275502e-02,5.349969360659086182e-02,6.267447402464765283e-02,7.368761489752842508e-02,1.176210253966092530e-02,9.522026281745761545e-02,3.911622523319942951e-02,5.407843671273915992e-02,3.288622591407366902e-02,1.078845237284673519e-01,3.024783822427997565e-02,2.515830326138762327e-02,2.810308436031865031e-02,1.807721113910260718e-02,0.000000000000000000e+00,3.508204534622455517e-02,5.848709743310410297e-02,3.213726424729352465e-02,1.125825560019064475e-01,8.759447130115068092e-02,3.489480492952951735e-02,9.164567304418873295e-02,1.814019200653639308e-01,1.006672567576768623e-01,1.453666507796010088e-01,1.013311091441410766e-01,3.055423163341730933e-02,7.392592088241302373e-02,3.125212773200789634e-02,1.737931504051201670e-02,3.060529720160686321e-02,2.091986110165452301e-02,3.372029686116974345e-02,1.531967045686661623e-02,1.045141962279566919e-02,2.817117178457138882e-02,2.286035269285762936e-02,2.839245591339279590e-02,1.618778511608905818e-02,2.355824879144821984e-02,7.710900796622863727e-03,7.047048410158643361e-03,1.882617280588275502e-02,3.918431265745216802e-02,3.892898481650439169e-02,1.635800367672091138e-02,4.917614216654184189e-02,7.525362565534145232e-02,8.364540069449172277e-02,1.492816776741335942e-02,9.184993531694696234e-02,4.893783618165725019e-02,6.944917273779532829e-02,5.464015796282426646e-02,1.085483761149315662e-01,3.186491455028256370e-02,3.337985973990603705e-02,3.193300197453530220e-02,2.064751140464356205e-02,3.996731803635868163e-02,3.295431333832641446e-02,5.652958398583781546e-02,4.132906652141349335e-02,9.891400558316879033e-02,1.139953700551508131e-01,2.289439640498399861e-02,9.727990740110301071e-02,2.236501668141894217e-01,1.021481582351739664e-01,1.436133996050929507e-01,9.753523524205079398e-02,2.151562606386600227e-02,9.133927963505140968e-02
1.591543541907809722e-02,2.886906788316197930e-02,2.117518894260230281e-02,1.628991625246816941e-02,4.616327364335807287e-02,5.338054061414856943e-02,6.347450125961734413e-02,1.009396064546878163e-02,8.122829713351943648e-02,3.378838428542248196e-02,4.646966705249540308e-02,2.903928644379383250e-02,9.224143800640022262e-02,2.595833049635732151e-02,2.246885000340437255e-02,2.401783890515421863e-02,1.567712943419350552e-02,3.508204534622455517e-02,0.000000000000000000e+00,4.985701640906924775e-02,2.839245591339279590e-02,9.654796759038605791e-02,7.579832504936338811e-02,3.034996936065908688e-02,7.877714986042078094e-02,1.574862122965888234e-01,8.655613808129639097e-02,1.247021175188942621e-01,8.706679376319194363e-02,2.626472390549465519e-02,6.384898209300741978e-02,2.680942329951658057e-02,1.496221147953972867e-02,2.645196432218969301e-02,1.814529856335534916e-02,2.878395860284605270e-02,1.319193844896847552e-02,9.004561857424934340e-03,2.406890447334377250e-02,1.972833117723156449e-02,2.440934159460747543e-02,1.380472526724313941e-02,2.001770273030571354e-02,6.502349016136719714e-03,6.110846326683461172e-03,1.618778511608905818e-02,3.365220943691699801e-02,3.348199087628515175e-02,1.395792197181180624e-02,4.236739974126779024e-02,6.446176891128208020e-02,7.184925444270442996e-02,1.298767617621025480e-02,7.826649417852522828e-02,4.228229046095186017e-02,5.957649622114795374e-02,4.783141553755021480e-02,9.280315925648532915e-02,2.750731939810717105e-02,2.960100769387893904e-02,2.723496970109620663e-02,1.731122761625927819e-02,3.433308367944440387e-02,2.842649962551916515e-02,4.919316402260502652e-02,3.577994144481514566e-02,8.560291414175802416e-02,9.825015319670456215e-02,1.957513447266289938e-02,8.350922584598624576e-02,1.923639953700551630e-01,8.771362429359297330e-02,1.231531286171444195e-01,8.356029141417579964e-02,1.874106352556682842e-02,7.881119357254715019e-02
2.594130864029413688e-02,4.827398379519302896e-02,3.571185402056240021e-02,2.640089875400013567e-02,7.479403554163545353e-02,8.864982637706815549e-02,1.032716007353441795e-01,1.652822223735276111e-02,1.350514060053108201e-01,5.544018519779396470e-02,7.644515557976441777e-02,4.698032273439095574e-02,1.524817866140124045e-01,4.292912099135289677e-02,3.695444951317491955e-02,4.068223599101245674e-02,2.554980595084088008e-02,5.848709743310410297e-02,4.985701640906924775e-02,0.000000000000000000e+00,4.573772724177844334e-02,1.638183427520936986e-01,1.263532375570232125e-01,4.983999455300606313e-02,1.322427997548852596e-01,2.617621025396609236e-01,1.468135085449717436e-01,2.075304691223530951e-01,1.453326070674746395e-01,4.427384762034452387e-02,1.071866276298767684e-01,4.292912099135289677e-02,2.415401375365969910e-02,4.345679852931163406e-02,2.949887655749983129e-02,4.715054129502280894e-02,2.102199223803363423e-02,1.474092735071832160e-02,3.828215428610335508e-02,3.217130795941989391e-02,3.981412133179002000e-02,2.248587185946755718e-02,3.285218220194729977e-02,1.024715735003744847e-02,9.991829509089670408e-03,2.674133587526383860e-02,5.572955675086811722e-02,5.581466603118404035e-02,2.272417784435214888e-02,6.965343501055355768e-02,1.075270647511404609e-01,1.166848233131340673e-01,2.122625451079185668e-02,1.295193027847756639e-01,6.910873561653162189e-02,9.905018043167426733e-02,7.622387145094301764e-02,1.527541363110233585e-01,4.563559610539933559e-02,4.866548648464628923e-02,4.502280928712466823e-02,2.912439572410975563e-02,5.652958398583781546e-02,4.709947572683325506e-02,8.270919861101654058e-02,5.877646898617825549e-02,1.431538094913869519e-01,1.645162388506842821e-01,3.195002383059848683e-02,1.373323347177776155e-01,3.182746646694355475e-01,1.471199019541090669e-01,2.042282290460951943e-01,1.403792469530877607e-01,3.135425886838701104e-02,1.301320896030503105e-01
1.499625519166609966e-02,2.675835773132702322e-02,1.962620004085245326e-02,1.499625519166609966e-02,4.280996799891060439e-02,4.893783618165725019e-02,5.877646898617825549e-02,9.464151971130931387e-03,7.441955470824539176e-02,3.103084360318649274e-02,4.332062368080615705e-02,2.686048886770613445e-02,8.521141145230476388e-02,2.413699189759651448e-02,2.057942398039082355e-02,2.192415060938244717e-02,1.421324981275958257e-02,3.213726424729352465e-02,2.839245591339279590e-02,4.573772724177844334e-02,0.000000000000000000e+00,8.912643834683733890e-02,6.987471913937495782e-02,2.840947776945598052e-02,7.275141281405324289e-02,1.450091918022741178e-01,7.872608429223122706e-02,1.151528562674474093e-01,7.984952679240144013e-02,2.393272962483829203e-02,5.860625042554640229e-02,2.517532511745080789e-02,1.382174712330632577e-02,2.468169129161843639e-02,1.691972492680601792e-02,2.675835773132702322e-02,1.215360522911418210e-02,8.204534622455232629e-03,2.255395928372029568e-02,1.850275754068223671e-02,2.279226526860488738e-02,1.290256689589432820e-02,1.816232041941853378e-02,6.093824470620276545e-03,5.702321781167018870e-03,1.523456117655069136e-02,3.106488731531286199e-02,3.097977803499693539e-02,1.319193844896847552e-02,3.918431265745216802e-02,5.964458364540069224e-02,6.623204194185333682e-02,1.215360522911418210e-02,7.222373527609450561e-02,3.892898481650439169e-02,5.520187921290937300e-02,4.480152515830326115e-02,8.604548239940082444e-02,2.486893170831347422e-02,2.754136311023354031e-02,2.507319398107169667e-02,1.588139170695172450e-02,3.169469598965071050e-02,2.638387689793695104e-02,4.495472186287192973e-02,3.322666303533737542e-02,7.860693129978893468e-02,9.011370599850207497e-02,1.850275754068223671e-02,7.658133042826989478e-02,1.794103629059712601e-01,8.042826989854973130e-02,1.135528017975079990e-01,7.668346156464900254e-02,1.681759379042690669e-02,7.288758766255871990e-02
