0.000000000000000000e+00,1.753238621342201667e-02,1.301014373773776503e-02,6.484199980519571305e-03,2.422530507743470701e-02,3.395160504821406050e-02,3.037555484436528508e-02,7.430392252355044920e-03,4.018534236854189035e-02,1.882644329107935333e-02,2.963808145602293137e-02,1.639138965032629555e-02,4.790794105778729828e-02,1.724017977653164932e-02,1.303797292220351504e-02,1.305188751443638918e-02,9.058399543601373949e-03,1.833943256292874455e-02,1.747672784449051664e-02,3.013900677640641776e-02,1.561217248528531942e-02,4.810274534904754318e-02,4.362224665006191743e-02,1.729583814546314588e-02,4.236993334910320319e-02,8.243004438754922281e-02,4.839495178593791053e-02,6.240694616444265180e-02,4.847843933933516231e-02,8.835766067875380769e-03,3.477256598995366599e-02,1.303797292220351504e-02,7.486050621286543215e-03,1.646096261149066972e-02,9.016655766902751529e-03,1.491644287364158813e-02,5.510178524218347675e-03,5.231886679560855333e-03,1.170217206784755250e-02,8.599217999916511715e-03,1.074206520377920387e-02,8.877509844574004924e-03,1.064466305814908142e-02,3.979573378602140228e-03,2.518541194150305217e-03,9.962848038738224277e-03,1.509733257266895716e-02,2.474014499005106754e-02,6.609431310615442035e-03,2.291733340754449275e-02,3.204530591231023740e-02,3.160003896085825104e-02,6.066762213533332358e-03,4.326046725200718285e-02,2.231900594153088391e-02,3.297758359191283600e-02,1.910473513573684654e-02,4.825580586360916913e-02,1.637747505809342141e-02,1.728192355323027174e-02,1.330235017462813238e-02,6.595516718382567894e-03,1.305188751443638918e-02,1.985612311631207785e-02,3.146089303852950270e-02,1.605743943673730578e-02,4.429014707723990391e-02,5.035690929077323713e-02,1.339975232025825483e-02,3.118260119387201296e-02,9.769435206701267138e-02,5.304242559171803290e-02,5.949879638777185592e-02,4.481890158208913510e-02,1.178565962124479907e-02,3.368722779578944143e-02
1.753238621342201667e-02,0.000000000000000000e+00,2.869188918418745862e-02,1.420679866976498271e-02,5.371032601889601937e-02,7.463787273713944070e-02,6.730488263041452257e-02,1.632181668916192485e-02,8.986043663990427033e-02,4.142374107726773391e-02,6.588559422266131171e-02,3.456384710646054348e-02,1.059735344455730727e-01,3.825121404817231896e-02,2.881712051428332935e-02,2.867797459195458448e-02,2.000918363087369686e-02,4.046363421319938009e-02,3.882171232972017605e-02,6.802844142652399173e-02,3.384028831035106738e-02,1.081859546106001407e-01,9.690122030973882805e-02,3.667886512585748909e-02,9.475837310587613416e-02,1.794286668429181664e-01,1.063770576203264401e-01,1.377405485132258134e-01,1.080050649115727596e-01,1.995352526194220030e-02,7.643285513518026375e-02,2.795441579584510144e-02,1.675316904838103707e-02,3.616402521324112856e-02,1.978655015514770368e-02,3.328370462103608096e-02,1.216135361153241473e-02,1.146562399988868344e-02,2.472623039781819340e-02,1.902124758233959823e-02,2.372437975705122062e-02,1.903516217457247583e-02,2.401658619394158797e-02,8.807936883409632489e-03,5.454520155286849380e-03,2.101103427164066964e-02,3.379854453365244149e-02,5.439214103830686958e-02,1.470772399014846910e-02,5.030125092184173363e-02,7.071395772746880137e-02,6.921118176631833874e-02,1.338583772802538069e-02,9.555150486314999136e-02,4.948028998010213508e-02,7.218890450415350879e-02,4.076975524232262504e-02,1.053056340183950862e-01,3.717979044624097201e-02,3.848776211613118975e-02,2.962416686379005723e-02,1.490252828140871399e-02,2.923455828126956743e-02,4.345527154326742775e-02,7.174363755270152243e-02,3.470299302878929182e-02,1.002268078533958551e-01,1.126803679018186372e-01,2.874754755311895518e-02,7.007388648475657011e-02,2.141873182406389686e-01,1.188306176687492222e-01,1.319381635521170992e-01,1.006859893970807190e-01,2.595071451431115936e-02,7.409520364005732496e-02
1.301014373773776503e-02,2.869188918418745862e-02,0.000000000000000000e+00,1.043594417465596239e-02,3.955918571806252976e-02,5.564445433926559076e-02,4.950811916456788336e-02,1.203612228143654227e-02,6.635869035857903941e-02,3.027815269873516263e-02,4.845061015486941403e-02,2.572808103858516271e-02,7.840872723224845409e-02,2.805181794147522389e-02,2.144238663085978186e-02,2.130324070853103699e-02,1.472163858238134324e-02,2.984680033951605041e-02,2.874754755311895518e-02,5.035690929077323713e-02,2.515758275703730562e-02,8.009239289242628401e-02,7.153491866920839992e-02,2.721694240750274774e-02,6.941990064981146125e-02,1.332183060375415617e-01,7.927143195068668546e-02,1.012843168630943314e-01,7.986975941670029777e-02,1.444334673772385176e-02,5.654890283440244109e-02,2.048227976679143497e-02,1.243964545618990621e-02,2.686907760168088383e-02,1.466598021344984494e-02,2.429487803859907771e-02,8.974911990204127374e-03,8.432242893122016830e-03,1.811679908720274790e-02,1.412331111636773440e-02,1.772719050468226157e-02,1.413722570860061027e-02,1.753238621342201667e-02,6.428541611588072142e-03,4.104804708698011825e-03,1.575131840761406429e-02,2.492103468907843483e-02,4.043580502873363181e-02,1.081163816494357631e-02,3.680409645595335982e-02,5.258324404803316893e-02,5.101089512571833906e-02,9.851531300875227687e-03,7.053306802844142021e-02,3.638665868896712174e-02,5.281979211599203972e-02,3.041729862106391097e-02,7.801911864972796429e-02,2.696647974731100628e-02,2.862231622302308445e-02,2.187373899007889408e-02,1.088121112610794874e-02,2.160936173765427848e-02,3.221228101910473401e-02,5.291719426162216217e-02,2.578373940751666274e-02,7.373342424200259038e-02,8.361278472734356981e-02,2.144238663085978186e-02,5.169271014512919621e-02,1.586541806392363640e-01,8.821851475642505935e-02,9.680381816410869866e-02,7.403954527112582840e-02,1.904907676680534998e-02,5.469826206743011454e-02
6.484199980519571305e-03,1.420679866976498271e-02,1.043594417465596239e-02,0.000000000000000000e+00,1.975872097068195540e-02,2.730042996089999605e-02,2.490712009684556069e-02,6.080676805766207366e-03,3.276886470841972043e-02,1.548694115518944696e-02,2.426704885413332943e-02,1.273185189308027356e-02,3.901651662098042095e-02,1.412331111636773440e-02,1.067249224261482970e-02,1.054726091251895898e-02,7.388648475656420765e-03,1.495818665034021229e-02,1.426245703869648100e-02,2.490712009684556069e-02,1.253704760182002866e-02,3.955918571806252976e-02,3.556569774722751626e-02,1.349715446588837728e-02,3.478648058218653666e-02,6.638651954304479463e-02,3.923915009670641413e-02,5.069085950436222343e-02,3.939221061126804008e-02,7.305160922259173323e-03,2.841359733952996541e-02,1.021331069892996747e-02,6.191993543629203955e-03,1.362238579598424801e-02,7.305160922259173323e-03,1.223092657269678717e-02,4.480498698985626617e-03,4.202206854328134275e-03,9.072314135834249824e-03,7.096442038766054283e-03,8.905339029039753204e-03,7.082527446533179276e-03,8.835766067875380769e-03,3.269929174725534800e-03,2.031530465999693835e-03,7.875659203807032147e-03,1.237007249502553377e-02,1.999526903864082272e-02,5.454520155286849380e-03,1.881252869884647919e-02,2.572808103858516271e-02,2.564459348518791787e-02,4.925765650437613843e-03,3.496737028121391089e-02,1.845074930079174114e-02,2.678559004828363552e-02,1.527822227169632792e-02,3.918349172777491757e-02,1.360847120375137387e-02,1.422071326199785685e-02,1.083946734940932632e-02,5.426690970821100232e-03,1.070032142708057972e-02,1.618267076683317651e-02,2.610377502887277837e-02,1.289882699987476844e-02,3.630317113556986997e-02,4.145157026173348219e-02,1.068640683484770558e-02,2.557502052402354370e-02,7.872876285360456972e-02,4.338569858210305358e-02,4.860367066943103304e-02,3.640057328119999241e-02,9.364520572724615438e-03,2.734217373759861847e-02
2.422530507743470701e-02,5.371032601889601937e-02,3.955918571806252976e-02,1.975872097068195540e-02,0.000000000000000000e+00,1.031349576300666510e-01,9.404872890199952873e-02,2.279210207744862202e-02,1.242573086395703241e-01,5.807950798001864506e-02,9.171107740687658993e-02,4.818623290244479496e-02,1.485800158626351397e-01,5.276413374706054316e-02,3.947569816466528492e-02,4.012968399961039379e-02,2.780135528128348243e-02,5.660456120333393765e-02,5.341811958200565202e-02,9.388175379520502517e-02,4.728178440730794463e-02,1.497627562024294867e-01,1.337331459501579223e-01,5.080217624222522349e-02,1.319103343676513440e-01,2.508661833664964647e-01,1.465206562121696976e-01,1.911447535029985878e-01,1.497627562024294867e-01,2.746740506769449267e-02,1.067944953873126712e-01,3.985139215495289711e-02,2.350174628132522744e-02,5.070477409659510104e-02,2.787092824244785660e-02,4.601555651411635278e-02,1.698971711633990439e-02,1.586263514547706088e-02,3.548221019383027142e-02,2.668818790265351307e-02,3.339502135889907408e-02,2.731434455313287019e-02,3.282452307735121699e-02,1.248138923288853036e-02,7.416477660122169913e-03,2.912324154340657084e-02,4.682260286362308066e-02,7.522228561092017540e-02,2.051010895125718325e-02,7.096442038766054283e-02,9.773609584371130421e-02,9.748563318351956275e-02,1.914647891243547242e-02,1.325364910181307254e-01,6.989299678572918895e-02,1.020913632126010523e-01,5.717505948488179474e-02,1.484130407558406639e-01,5.089957838785534594e-02,5.362683846549876759e-02,4.108979086367874067e-02,2.081622998038042474e-02,4.071409687339112848e-02,6.054239080523745459e-02,9.832050871749203891e-02,4.913242517428027117e-02,1.379910111734175548e-01,1.564000166975106909e-01,3.992096511611727128e-02,9.747171859128668514e-02,2.988158682009823819e-01,1.631764231149206157e-01,1.839787385030681732e-01,1.382971322025408067e-01,3.546829560159739381e-02,1.035663099892857597e-01
3.395160504821406050e-02,7.463787273713944070e-02,5.564445433926559076e-02,2.730042996089999605e-02,1.031349576300666510e-01,0.000000000000000000e+00,1.293083056201038139e-01,3.141914926183088375e-02,1.731114419691930917e-01,7.871484826137170598e-02,1.256626824550906574e-01,6.603865473722292379e-02,2.047671392989828532e-01,7.327424269831772641e-02,5.560271056256696487e-02,5.517135820334784918e-02,3.837644537826818969e-02,7.815826457205671263e-02,7.498573754296129767e-02,1.305606189210625212e-01,6.506463328092169929e-02,2.088580294154479822e-01,1.873321552311909555e-01,7.090876201872904627e-02,1.820863539593972069e-01,3.468212114043998096e-01,2.053654667649964516e-01,2.651703841818915386e-01,2.085240792018590028e-01,3.770854495109021015e-02,1.475225068529366634e-01,5.400253245578637978e-02,3.253231664046084964e-02,7.007388648475657011e-02,3.818164108700794479e-02,6.385406375666161094e-02,2.352957546579097572e-02,2.185982439784601994e-02,4.733744277623944119e-02,3.706847370837797889e-02,4.593206896071910794e-02,3.683192564041910810e-02,4.557028956266436642e-02,1.685057119401115952e-02,1.044985876688883653e-02,4.076975524232262504e-02,6.492548735859295095e-02,1.059178760766415761e-01,2.826053682496834293e-02,9.645595335828684169e-02,1.372813669695409633e-01,1.329121850084183376e-01,2.596462910654403350e-02,1.842292011632599147e-01,9.404872890199952873e-02,1.383388759792394396e-01,7.810260620312521607e-02,2.030834736388050232e-01,7.064438476630442720e-02,7.445698303811207341e-02,5.696634060138867917e-02,2.835793897059846538e-02,5.621495262081344785e-02,8.377975983413805949e-02,1.383249613870065620e-01,6.662306761100365848e-02,1.927171024253134246e-01,2.187791336774875806e-01,5.564445433926559076e-02,1.347071674064591607e-01,4.137364854522938007e-01,2.296325156191297845e-01,2.533012370072494912e-01,1.931762839689982747e-01,4.946637538786925747e-02,1.431254957073482825e-01
3.037555484436528508e-02,6.730488263041452257e-02,4.950811916456788336e-02,2.490712009684556069e-02,9.404872890199952873e-02,1.293083056201038139e-01,0.000000000000000000e+00,2.880320592205045521e-02,1.552868493188807042e-01,7.292637789249585556e-02,1.154076279794620657e-01,6.041715947514158386e-02,1.855650020176158876e-01,6.705441997022276723e-02,4.967509427136237998e-02,5.017601959174586290e-02,3.491171191228240739e-02,7.086701824203041344e-02,6.727705344594876735e-02,1.177591940668178683e-01,5.926224831981298513e-02,1.879583118816703091e-01,1.680187012119609968e-01,6.358968650423699187e-02,1.654862454255777993e-01,3.138157986280212253e-01,1.846883827069447648e-01,2.405137267452377436e-01,1.878052513671086832e-01,3.435512822296742791e-02,1.339836086103496637e-01,5.000904448495136628e-02,2.933196042689968988e-02,6.342271139744250219e-02,3.463342006762491765e-02,5.858043330040213492e-02,2.152587418425703017e-02,1.991178148524357441e-02,4.440146381510289703e-02,3.352025268899495175e-02,4.171594751415809432e-02,3.389594667928256394e-02,4.175769129085672021e-02,1.569566003868256773e-02,9.420178941656115468e-03,3.655363379576161836e-02,5.888655432952537294e-02,9.424353319325977363e-02,2.593679992207828522e-02,8.896990273700029761e-02,1.222257781735706234e-01,1.223510095036664941e-01,2.380786731044846893e-02,1.661680604449886633e-01,8.753669973701420914e-02,1.279168463968163305e-01,7.163232081483851543e-02,1.857876354933418739e-01,6.443847663044234564e-02,6.719356589255151557e-02,5.155356422280044787e-02,2.620117717450290082e-02,5.106655349464984256e-02,7.602933196042689634e-02,1.236589811735567118e-01,6.159989981493592393e-02,1.732227587070560848e-01,1.957365689398472275e-01,4.982815478592399899e-02,1.222675219502692423e-01,3.744277623944230471e-01,2.048227976679143358e-01,2.315249001628007230e-01,1.743080969012203163e-01,4.469367025199326438e-02,1.298788039016516571e-01
7.430392252355044920e-03,1.632181668916192485e-02,1.203612228143654227e-02,6.080676805766207366e-03,2.279210207744862202e-02,3.141914926183088375e-02,2.880320592205045521e-02,0.000000000000000000e+00,3.749982606759708764e-02,1.756021539788776495e-02,2.784309905798210485e-02,1.462423643675122079e-02,4.504153505781512828e-02,1.636356046586054727e-02,1.231441412609403548e-02,1.199437850473791811e-02,8.404413708656268550e-03,1.718452140760014929e-02,1.644704801925779558e-02,2.844142652399571369e-02,1.435985918432660345e-02,4.515285179567812834e-02,4.083932820348699921e-02,1.566783085421681598e-02,3.969833164039127810e-02,7.647459891187888270e-02,4.508327883451375417e-02,5.824648308681314168e-02,4.541722904810274741e-02,8.195694825163147776e-03,3.254623123269372725e-02,1.193872013580641982e-02,7.249502553327675028e-03,1.558434330081956941e-02,8.432242893122016830e-03,1.429028622316223102e-02,5.190142902862232045e-03,4.856192689273240541e-03,1.044985876688883653e-02,8.195694825163147776e-03,1.022722529116284161e-02,8.098292679533027061e-03,1.019939610669709333e-02,3.798683679574769902e-03,2.295907718424311603e-03,8.849680660108254909e-03,1.429028622316223102e-02,2.287558963084586686e-02,6.303310281492200545e-03,2.149804499979128189e-02,2.972156900942017968e-02,2.951285012592706064e-02,5.593666077615595117e-03,4.007402563067889029e-02,2.108060723280504381e-02,3.059818832009127826e-02,1.735149651439464591e-02,4.487455995102063860e-02,1.573740381538119015e-02,1.630790209692905071e-02,1.246747464065565622e-02,6.261566504793577258e-03,1.224484116492966131e-02,1.825594500953149624e-02,3.005551922300916945e-02,1.476338235907996739e-02,4.174377669862384954e-02,4.760182002866406026e-02,1.207786605813516642e-02,2.948502094146130889e-02,9.050050788261650159e-02,4.988381315485549555e-02,5.586708781499158394e-02,4.192466639765121683e-02,1.076989438824495215e-02,3.160003896085825104e-02
4.018534236854189035e-02,8.986043663990427033e-02,6.635869035857903941e-02,3.276886470841972043e-02,1.242573086395703241e-01,1.731114419691930917e-01,1.552868493188807042e-01,3.749982606759708764e-02,0.000000000000000000e+00,9.466097096024600477e-02,1.509037527655252009e-01,7.849221478564570587e-02,2.454255778034424573e-01,8.798196668846619550e-02,6.624737362071604629e-02,6.681787190226390338e-02,4.597381273741772689e-02,9.393741216413653561e-02,8.962388857194539260e-02,1.573601235615790239e-01,7.767125384390610732e-02,2.528003116868660083e-01,2.245676040463634171e-01,8.405805167879555617e-02,2.199201302405832947e-01,4.146270193551978012e-01,2.452864318811137367e-01,3.179206033367192319e-01,2.511444752111539613e-01,4.548680200926712158e-02,1.759778479691652686e-01,6.480025602849708022e-02,3.875213936855580188e-02,8.368235768850794398e-02,4.566769170829448887e-02,7.690595127109800533e-02,2.821879304826972051e-02,2.647946901916039403e-02,5.706374274701880162e-02,4.426231789277415563e-02,5.512961442664923023e-02,4.452669514519876776e-02,5.490698095092323011e-02,2.023181710659969004e-02,1.249530382512140450e-02,4.820014749467766563e-02,7.761559547497461076e-02,1.267062768725562560e-01,3.382637371811818977e-02,1.157415781930510590e-01,1.650688076585915542e-01,1.599621523091265818e-01,3.123825956280351299e-02,2.219655752988158592e-01,1.138491936493801066e-01,1.669751067944953982e-01,9.290773233890381455e-02,2.439367164345248862e-01,8.497641476616528411e-02,8.887250059137016822e-02,6.833456245564724363e-02,3.435512822296742791e-02,6.786146631972950205e-02,1.007555623582450932e-01,1.664324376974132824e-01,7.949406542641268558e-02,2.327911280559923080e-01,2.624987824731796482e-01,6.649783628090778775e-02,1.626615832023042552e-01,4.957769212573225337e-01,2.749523425216023886e-01,3.048826304145156874e-01,2.328328718326909408e-01,5.954054016447048181e-02,1.715530076391111325e-01
1.882644329107935333e-02,4.142374107726773391e-02,3.027815269873516263e-02,1.548694115518944696e-02,5.807950798001864506e-02,7.871484826137170598e-02,7.292637789249585556e-02,1.756021539788776495e-02,9.466097096024600477e-02,0.000000000000000000e+00,7.072787231970166510e-02,3.674843808702186326e-02,1.135848163969554875e-01,4.163245996076084948e-02,3.115477200940626468e-02,3.065384668902277829e-02,2.119192397066804040e-02,4.331612562093867941e-02,4.135416811610335974e-02,7.209150235852337940e-02,3.684584023265197877e-02,1.146701545911197051e-01,1.030097262999707802e-01,3.877996855302155710e-02,1.008251353194094674e-01,1.920213728136696829e-01,1.126107949406542630e-01,1.477312257364297998e-01,1.140022541639417325e-01,2.141455744639403358e-02,8.152559589241237248e-02,2.986071493174892455e-02,1.785242183477813230e-02,3.923915009670641413e-02,2.128932611629816285e-02,3.672060890255610804e-02,1.324669180569663408e-02,1.217526820376528887e-02,2.629857932013302327e-02,2.077448620368180232e-02,2.597854369877690764e-02,2.071882783475030229e-02,2.585331236868103691e-02,9.587154048450610352e-03,5.885872514505962466e-03,2.266687074735274782e-02,3.537089345596727136e-02,5.725854703827904651e-02,1.580697677654556432e-02,5.464260369849861798e-02,7.378908261093408694e-02,7.454047059150931132e-02,1.412331111636773440e-02,1.011590855329984606e-01,5.398861786355350911e-02,7.764342465944035210e-02,4.422057411607552974e-02,1.131673786299692425e-01,3.979573378602140055e-02,4.093673034911712166e-02,3.115477200940626468e-02,1.600178106780580922e-02,3.080690720358439730e-02,4.664171316459571337e-02,7.554232123227629103e-02,3.722153422293959790e-02,1.051664880960663379e-01,1.191367386978724602e-01,3.052861535892690756e-02,7.380299720316696455e-02,2.266826220657603697e-01,1.251895863191729297e-01,1.417062072995950717e-01,1.063074846591620659e-01,2.745349047546161506e-02,7.928534654291956307e-02
2.963808145602293137e-02,6.588559422266131171e-02,4.845061015486941403e-02,2.426704885413332943e-02,9.171107740687658993e-02,1.256626824550906574e-01,1.154076279794620657e-01,2.784309905798210485e-02,1.509037527655252009e-01,7.072787231970166510e-02,0.000000000000000000e+00,5.866392085379937976e-02,1.807922968817398668e-01,6.537075431004493731e-02,4.928548568884189018e-02,4.843669556263653642e-02,3.396551964044693811e-02,6.873808563040059716e-02,6.581602126149693754e-02,1.148510442901470724e-01,5.800993501885427089e-02,1.832134359302600712e-01,1.643869926391807179e-01,6.171121655279891705e-02,1.610196613188250581e-01,3.053696411426662927e-01,1.810984179108631187e-01,2.341686726870469137e-01,1.826429376487122003e-01,3.374288616472094493e-02,1.300318644162132831e-01,4.772705135875993099e-02,2.837185356283133952e-02,6.157207063047017565e-02,3.372897157248806732e-02,5.703591356255304640e-02,2.085797375707904716e-02,1.931345401922996557e-02,4.186900802871972027e-02,3.229576857250198579e-02,4.025491532970626452e-02,3.237925612589923063e-02,4.075584065008974743e-02,1.505558879597033474e-02,9.183630873697246413e-03,3.570484366955626460e-02,5.755075347516940693e-02,9.183630873697246066e-02,2.532455786383179877e-02,8.653484909624722943e-02,1.189697635910779566e-01,1.187193009308862152e-01,2.283384585414724444e-02,1.617988784838660377e-01,8.504598772732964440e-02,1.237981270958854602e-01,6.937815687311282842e-02,1.804722612603837650e-01,6.313050496055212790e-02,6.581602126149693754e-02,5.037082388300610780e-02,2.535238704829755052e-02,4.984206937815686966e-02,7.403954527112582840e-02,1.218361695910501336e-01,5.983274660136084916e-02,1.701615484158236768e-01,1.912143264641629758e-01,4.842278097040366575e-02,1.194846035036943310e-01,3.641727079187944138e-01,2.006484199980519689e-01,2.261121237842124987e-01,1.702589505614537924e-01,4.420665952384265213e-02,1.267897644259534939e-01
1.639138965032629555e-02,3.456384710646054348e-02,2.572808103858516271e-02,1.273185189308027356e-02,4.818623290244479496e-02,6.603865473722292379e-02,6.041715947514158386e-02,1.462423643675122079e-02,7.849221478564570587e-02,3.674843808702186326e-02,5.866392085379937976e-02,0.000000000000000000e+00,9.473054392141037894e-02,3.424381148510442785e-02,2.593679992207828522e-02,2.539413082499617294e-02,1.776893428138088399e-02,3.594139173751513539e-02,3.441078659189892447e-02,5.976317364019647499e-02,3.084865098028302319e-02,9.488360443597200489e-02,8.551908386324738598e-02,3.338110676666620341e-02,8.372410146520656293e-02,1.622024016586194051e-01,9.588545507673897073e-02,1.231441412609403513e-01,9.502275035830075323e-02,1.765761754351788740e-02,6.844587919351023675e-02,2.549153297062629539e-02,1.490252828140871399e-02,3.254623123269372725e-02,1.775501968914800985e-02,2.976331278611880210e-02,1.090904031057369876e-02,1.017156692223134332e-02,2.263904156288699954e-02,1.717060681536727515e-02,2.134498448522965941e-02,1.717060681536727515e-02,2.126149693183241110e-02,7.889573796039906287e-03,5.037082388300610433e-03,1.998135444640794858e-02,2.976331278611880210e-02,4.821406208691054324e-02,1.307971669890213920e-02,4.527808312577399907e-02,6.244868994114127769e-02,6.219822728094952929e-02,1.186914717464204738e-02,8.440591648461741314e-02,4.416491574714403318e-02,6.452196418383959742e-02,3.787552005788470677e-02,9.463314177578026343e-02,3.281060848511834632e-02,3.446644496083042103e-02,2.631249391236589741e-02,1.320494802899800993e-02,2.582548318421528516e-02,3.891911447535029850e-02,6.249043371783989664e-02,3.171135569872125110e-02,8.723057870789097112e-02,9.939193231942337892e-02,2.610377502887277837e-02,6.168338736833316877e-02,1.920631165903683157e-01,1.048742816591759774e-01,1.179261691736123718e-01,8.832983149428806635e-02,2.322345443666773424e-02,6.623345902848316868e-02
4.790794105778729828e-02,1.059735344455730727e-01,7.839481264001559035e-02,3.901651662098042095e-02,1.485800158626351397e-01,2.047671392989828532e-01,1.855650020176158876e-01,4.504153505781512828e-02,2.454255778034424573e-01,1.135848163969554875e-01,1.807922968817398668e-01,9.473054392141037894e-02,0.000000000000000000e+00,1.049716838048061068e-01,7.818609375652246785e-02,7.921577358175518890e-02,5.464260369849861798e-02,1.116367734843530385e-01,1.060291928145045692e-01,1.853841123185885065e-01,9.283815937773944038e-02,2.965060458903251983e-01,2.648364339683025315e-01,9.989285763980686184e-02,2.595767181042759608e-01,4.937036470146242140e-01,2.907036609292164564e-01,3.780455563749704484e-01,2.966312772204210413e-01,5.398861786355350911e-02,2.102494886387354378e-01,7.814434997982383502e-02,4.609904406751360456e-02,1.000737473388342291e-01,5.462868910626574037e-02,9.157193148454784160e-02,3.367331320355657076e-02,3.141914926183088375e-02,6.946164442651008020e-02,5.288936507715641389e-02,6.569078993140106681e-02,5.344594876647140030e-02,6.545424186344218909e-02,2.458708447548944506e-02,1.494427205810733642e-02,5.763424102856665870e-02,9.272684263987643338e-02,1.490948557752515002e-01,4.067235309669250259e-02,1.391459223287461466e-01,1.934824049981215266e-01,1.917430809690122140e-01,3.761114280546008770e-02,2.612047253955223081e-01,1.368500146103218407e-01,2.000779217165040980e-01,1.126803679018186372e-01,2.918864012690108312e-01,1.006303310281492225e-01,1.053195486106279638e-01,8.119164567882337924e-02,4.088107198018561816e-02,8.030111177591940652e-02,1.197489807561189362e-01,1.954582770951897308e-01,9.621940529032796396e-02,2.733939081915204294e-01,3.092239831911725578e-01,7.857570233904295764e-02,1.924805543573545608e-01,5.896308458680618036e-01,3.226654792881294420e-01,3.626421027731782099e-01,2.737974313662738246e-01,7.043566588281130469e-02,2.044053599009280908e-01
1.724017977653164932e-02,3.825121404817231896e-02,2.805181794147522389e-02,1.412331111636773440e-02,5.276413374706054316e-02,7.327424269831772641e-02,6.705441997022276723e-02,1.636356046586054727e-02,8.798196668846619550e-02,4.163245996076084948e-02,6.537075431004493731e-02,3.424381148510442785e-02,1.049716838048061068e-01,0.000000000000000000e+00,2.851099948516008786e-02,2.834402437836559124e-02,1.985612311631207785e-02,4.019925696077476795e-02,3.840427456273393797e-02,6.669264057216803265e-02,3.370114238802231904e-02,1.061683387368333176e-01,9.525929842625961708e-02,3.608053765984387679e-02,9.310253663016405945e-02,1.772579904545897311e-01,1.048881962514088551e-01,1.362934309210068473e-01,1.060291928145045692e-01,1.957783127165458464e-02,7.589018603809814800e-02,2.781526987351635657e-02,1.655836475712079217e-02,3.592747714528225778e-02,1.977263556291482954e-02,3.262971878609097209e-02,1.216135361153241473e-02,1.136822185425856099e-02,2.478188876674968996e-02,1.871512655321635674e-02,2.357131924248959814e-02,1.906299135903822412e-02,2.382178190268134307e-02,8.821851475642506629e-03,5.412776378588225225e-03,2.069099865028455401e-02,3.345067972783057758e-02,5.318157151404678123e-02,1.470772399014846910e-02,5.025950714514311468e-02,6.940598605757858364e-02,6.912769421292108696e-02,1.344149609695687898e-02,9.370086409617765788e-02,4.981424019369112138e-02,7.232805042648225713e-02,4.061669472776100603e-02,1.054726091251895898e-01,3.641448787343287002e-02,3.813989731030931890e-02,2.926238746573531571e-02,1.479121154354571567e-02,2.894235184437920008e-02,4.328829643647293113e-02,7.015737403815380802e-02,3.485605354335091083e-02,9.773609584371130421e-02,1.104679477367915691e-01,2.814922008710534634e-02,6.911377962068820935e-02,2.112930830562010365e-01,1.159920408532428004e-01,1.308945691346515006e-01,9.868228811554677349e-02,2.536630164053042466e-02,7.359427831967384204e-02
1.303797292220351504e-02,2.881712051428332935e-02,2.144238663085978186e-02,1.067249224261482970e-02,3.947569816466528492e-02,5.560271056256696487e-02,4.967509427136237998e-02,1.231441412609403548e-02,6.624737362071604629e-02,3.115477200940626468e-02,4.928548568884189018e-02,2.593679992207828522e-02,7.818609375652246785e-02,2.851099948516008786e-02,0.000000000000000000e+00,2.117800937843516626e-02,1.499993042703883644e-02,3.002769003854342117e-02,2.931804583466681574e-02,5.084392001892384244e-02,2.529672867936605049e-02,8.030111177591940652e-02,7.231413583424937952e-02,2.713345485410549943e-02,6.962861953330456988e-02,1.334687686977333032e-01,8.053765984387827037e-02,1.023696550572585490e-01,7.999499074679616850e-02,1.477729695131284153e-02,5.684110927129280150e-02,2.002309822310657100e-02,1.245356004842278035e-02,2.732825914536574433e-02,1.479121154354571567e-02,2.486537632014693827e-02,9.100143320299998104e-03,8.515730446519265140e-03,1.776893428138088399e-02,1.415114030083348441e-02,1.794982398040825475e-02,1.402590897073761195e-02,1.793590938817538061e-02,6.470285388286696297e-03,4.230036038793883423e-03,1.589046432994281263e-02,2.499060765024280900e-02,4.061669472776100603e-02,1.102035704843669535e-02,3.723544881517246857e-02,5.248584190240305342e-02,5.127527237814295813e-02,9.795872931943729392e-03,7.070004313523592376e-02,3.698498615498072711e-02,5.340420498977277441e-02,3.076516342688577488e-02,7.871484826137170598e-02,2.735608832983149261e-02,2.876146214535182932e-02,2.191548276677751997e-02,1.097861327173807119e-02,2.163719092212002676e-02,3.290801063074846877e-02,5.359900928103301931e-02,2.590897073761253347e-02,7.369168046530395755e-02,8.389107657200105261e-02,2.134498448522965941e-02,5.160922259173195137e-02,1.586820098237021193e-01,8.855246497001405259e-02,9.752737696021818170e-02,7.431783711578332507e-02,1.916039350466834656e-02,5.483740798975886288e-02
1.305188751443638918e-02,2.867797459195458448e-02,2.130324070853103699e-02,1.054726091251895898e-02,4.012968399961039379e-02,5.517135820334784918e-02,5.017601959174586290e-02,1.199437850473791811e-02,6.681787190226390338e-02,3.065384668902277829e-02,4.843669556263653642e-02,2.539413082499617294e-02,7.921577358175518890e-02,2.834402437836559124e-02,2.117800937843516626e-02,0.000000000000000000e+00,1.476338235907996739e-02,2.998594626184479528e-02,2.851099948516008786e-02,5.031516551407461124e-02,2.525498490266742807e-02,8.021762422252215474e-02,7.181321051386589660e-02,2.714736944633837357e-02,7.017128863038668563e-02,1.337192313579250447e-01,7.826958130991971962e-02,1.025644593485187939e-01,8.035677014485090308e-02,1.470772399014846910e-02,5.653498824216956348e-02,2.116409478620228865e-02,1.252313300958715452e-02,2.704996730070825112e-02,1.477729695131284153e-02,2.482363254344831585e-02,9.169716281464372273e-03,8.460072077587766845e-03,1.849249307749036356e-02,1.437377377655947759e-02,1.779676346584663227e-02,1.437377377655947759e-02,1.761587376681926498e-02,6.665089679546941197e-03,4.021317155300763516e-03,1.565391626198394184e-02,2.482363254344831585e-02,4.042189043650076113e-02,1.083946734940932632e-02,3.744416769866559108e-02,5.258324404803316893e-02,5.160922259173195137e-02,9.976762630971100151e-03,7.103399334882491700e-02,3.683192564041910810e-02,5.364075305773164520e-02,3.041729862106391097e-02,7.839481264001559035e-02,2.730042996089999605e-02,2.841359733952996541e-02,2.194331195124326825e-02,1.102035704843669535e-02,2.151195959202415603e-02,3.240708531036497891e-02,5.297285263055365873e-02,2.592288532984540761e-02,7.406737445559158362e-02,8.376584524190518188e-02,2.144238663085978186e-02,5.183185606745794455e-02,1.589324724838938607e-01,8.757844351371282809e-02,9.798655850390304567e-02,7.467961651383805965e-02,1.909082054350397240e-02,5.508787064995060434e-02
9.058399543601373949e-03,2.000918363087369686e-02,1.472163858238134324e-02,7.388648475656420765e-03,2.780135528128348243e-02,3.837644537826818969e-02,3.491171191228240739e-02,8.404413708656268550e-03,4.597381273741772689e-02,2.119192397066804040e-02,3.396551964044693811e-02,1.776893428138088399e-02,5.464260369849861798e-02,1.985612311631207785e-02,1.499993042703883644e-02,1.476338235907996739e-02,0.000000000000000000e+00,2.070491324251742815e-02,2.010658577650381931e-02,3.478648058218653666e-02,1.760195917458638737e-02,5.564445433926559076e-02,4.996730070825274733e-02,1.888210166001085336e-02,4.875673118399265205e-02,9.253203834861618848e-02,5.462868910626574037e-02,7.070004313523592376e-02,5.512961442664923023e-02,1.026896906786146577e-02,3.932263765010366591e-02,1.442943214549097589e-02,8.640961776615135870e-03,1.879861410661360505e-02,1.026896906786146577e-02,1.744889866002476836e-02,6.345054058190824700e-03,5.913701698971711614e-03,1.271793730084739941e-02,9.893275077573851842e-03,1.239790167949128205e-02,9.921104262039600122e-03,1.232832871832690962e-02,4.536157067917124912e-03,2.810747631040672566e-03,1.090904031057369876e-02,1.715669222313440101e-02,2.781526987351635657e-02,7.569538174683790657e-03,2.608986043663990423e-02,3.619185439770687684e-02,3.577441663072063877e-02,6.790321009642812794e-03,4.914633976651314184e-02,2.571416644635228857e-02,3.723544881517246857e-02,2.098320508717492136e-02,5.440605563053974719e-02,1.910473513573684654e-02,1.982829393184632610e-02,1.501384501927171058e-02,7.625196543615288952e-03,1.490252828140871399e-02,2.237466431046238047e-02,3.677626727148761154e-02,1.785242183477813230e-02,5.110829727134846151e-02,5.785687450429265188e-02,1.479121154354571567e-02,3.585790418411788361e-02,1.098139619018464602e-01,6.095982857222369267e-02,6.820933112555135902e-02,5.173445392182782210e-02,1.330235017462813238e-02,3.827904323263806724e-02
1.833943256292874455e-02,4.046363421319938009e-02,2.984680033951605041e-02,1.495818665034021229e-02,5.660456120333393765e-02,7.815826457205671263e-02,7.086701824203041344e-02,1.718452140760014929e-02,9.393741216413653561e-02,4.331612562093867941e-02,6.873808563040059716e-02,3.594139173751513539e-02,1.116367734843530385e-01,4.019925696077476795e-02,3.002769003854342117e-02,2.998594626184479528e-02,2.070491324251742815e-02,0.000000000000000000e+00,4.046363421319938009e-02,7.095050579542766522e-02,3.556569774722751626e-02,1.132926099600651271e-01,1.014652065621216986e-01,3.836253078603531208e-02,9.875186107671114766e-02,1.885844685321496628e-01,1.103566309989285760e-01,1.442247484937453916e-01,1.130978056688048822e-01,2.060751109688730570e-02,8.007847830019340640e-02,2.929021665020106746e-02,1.783850724254525816e-02,3.839035997050106730e-02,2.083014457261329888e-02,3.512043079577552990e-02,1.275968107754602184e-02,1.191089095134067154e-02,2.608986043663990423e-02,2.025964629106544179e-02,2.535238704829755052e-02,2.034313384446268663e-02,2.490712009684556069e-02,9.364520572724615438e-03,5.663239038779968419e-03,2.191548276677751997e-02,3.506477242684403334e-02,5.699416978585442745e-02,1.534779523286070035e-02,5.298676722278653634e-02,7.391431394102995767e-02,7.278723197016712110e-02,1.419288407753210857e-02,1.001850640766972361e-01,5.229103761114280852e-02,7.572321093130365832e-02,4.270388356269219643e-02,1.106627520280518140e-01,3.851559130059693803e-02,4.006011103844601962e-02,3.090430934921451975e-02,1.555651411635381939e-02,3.044512780552965925e-02,4.551463119373286986e-02,7.463787273713944070e-02,3.633100032003561825e-02,1.040394061252035013e-01,1.184688382706944737e-01,3.019466514533791432e-02,7.295420707696161078e-02,2.243867143473360637e-01,1.235615790279265824e-01,1.374065982996368340e-01,1.042620396009295014e-01,2.649338361139326817e-02,7.769908302837184866e-02
1.747672784449051664e-02,3.882171232972017605e-02,2.874754755311895518e-02,1.426245703869648100e-02,5.341811958200565202e-02,7.498573754296129767e-02,6.727705344594876735e-02,1.644704801925779558e-02,8.962388857194539260e-02,4.135416811610335974e-02,6.581602126149693754e-02,3.441078659189892447e-02,1.060291928145045692e-01,3.840427456273393797e-02,2.931804583466681574e-02,2.851099948516008786e-02,2.010658577650381931e-02,4.046363421319938009e-02,0.000000000000000000e+00,6.800061224205825039e-02,3.409075097054280884e-02,1.084085880863261270e-01,9.749954777575242648e-02,3.656754838799448903e-02,9.442442289228714092e-02,1.791782041827264249e-01,1.071980185620660386e-01,1.375874879986641874e-01,1.073232498921619094e-01,1.975872097068195540e-02,7.655808646527613448e-02,2.748131965992736681e-02,1.682274200954541124e-02,3.635882950450137346e-02,1.977263556291482954e-02,3.349242350452919653e-02,1.221701198046391303e-02,1.139605103872431101e-02,2.412790293180458456e-02,1.904907676680534998e-02,2.394701323277721380e-02,1.903516217457247583e-02,2.389135486384571377e-02,8.696620145546634165e-03,5.510178524218347675e-03,2.092754671824342133e-02,3.357591105792644831e-02,5.460085992179999209e-02,1.474946776684709325e-02,5.020384877621161118e-02,7.074178691193454271e-02,6.903029206729097145e-02,1.320494802899800993e-02,9.550976108645135854e-02,4.949420457233500575e-02,7.191061265949601211e-02,4.036623206756925764e-02,1.056952426009155760e-01,3.684584023265197877e-02,3.869648099962430532e-02,2.942936257252981233e-02,1.476338235907996739e-02,2.912324154340657084e-02,4.353875909666467259e-02,7.181321051386589660e-02,3.457776169869342109e-02,9.962848038738224277e-02,1.126803679018186372e-01,2.853882866962583614e-02,6.975385086340045449e-02,2.128515173862829957e-01,1.193037138046669499e-01,1.319103343676513440e-01,1.005885872514505897e-01,2.576982481528378860e-02,7.416477660122169913e-02
3.013900677640641776e-02,6.802844142652399173e-02,5.035690929077323713e-02,2.490712009684556069e-02,9.388175379520502517e-02,1.305606189210625212e-01,1.177591940668178683e-01,2.844142652399571369e-02,1.573601235615790239e-01,7.209150235852337940e-02,1.148510442901470724e-01,5.976317364019647499e-02,1.853841123185885065e-01,6.669264057216803265e-02,5.084392001892384244e-02,5.031516551407461124e-02,3.478648058218653666e-02,7.095050579542766522e-02,6.800061224205825039e-02,0.000000000000000000e+00,5.915093158194999201e-02,1.908803762505739687e-01,1.698554273867004250e-01,6.318616332948362446e-02,1.656114767556736700e-01,3.136070797445280611e-01,1.865946818428486087e-01,2.397345095801967640e-01,1.887792728234099215e-01,3.463342006762491765e-02,1.327312953093909564e-01,4.815840371797904668e-02,2.920672909680381915e-02,6.350619895083974009e-02,3.454993251422767281e-02,5.837171441690901241e-02,2.135889907746253355e-02,1.992569607747644855e-02,4.206381231997996517e-02,3.352025268899495175e-02,4.202206854328133928e-02,3.310281492200871367e-02,4.164637455299372709e-02,1.540345360179219865e-02,9.670641601847858662e-03,3.676235267925473393e-02,5.899787106738837300e-02,9.528712761072537230e-02,2.556110593179066956e-02,8.741146840691833841e-02,1.235615790279265824e-01,1.208343189502831677e-01,2.332085658229785669e-02,1.671838256779885068e-01,8.693837227100059684e-02,1.256487678628577798e-01,7.157666244590701887e-02,1.841596282020955266e-01,6.418801397025060418e-02,6.775014958186650893e-02,5.177619769852644799e-02,2.607594584440703009e-02,5.128918697037583574e-02,7.640502595071450853e-02,1.269428249405151199e-01,6.045890325184020281e-02,1.762004814448912549e-01,1.984359998330249009e-01,5.013427581504723701e-02,1.226432159405568684e-01,3.743721040254915366e-01,2.093172109591328323e-01,2.300360387938831519e-01,1.766735775808089826e-01,4.487455995102063860e-02,1.290717575521449223e-01
1.561217248528531942e-02,3.384028831035106738e-02,2.515758275703730562e-02,1.253704760182002866e-02,4.728178440730794463e-02,6.506463328092169929e-02,5.926224831981298513e-02,1.435985918432660345e-02,7.767125384390610732e-02,3.684584023265197877e-02,5.800993501885427089e-02,3.084865098028302319e-02,9.283815937773944038e-02,3.370114238802231904e-02,2.529672867936605049e-02,2.525498490266742807e-02,1.760195917458638737e-02,3.556569774722751626e-02,3.409075097054280884e-02,5.915093158194999201e-02,0.000000000000000000e+00,9.353388898938316820e-02,8.471203751374066504e-02,3.228185398026910818e-02,8.205435039726161062e-02,1.579862802120583776e-01,9.390958297967078039e-02,1.211265253871735281e-01,9.404872890199952873e-02,1.740715488332614247e-02,6.716573670808577423e-02,2.447576773762644847e-02,1.470772399014846910e-02,3.205922050454311500e-02,1.742106947555902008e-02,2.937370420359831230e-02,1.074206520377920387e-02,1.004633559213547259e-02,2.184590980561314580e-02,1.662793771828516634e-02,2.091363212601054719e-02,1.685057119401115952e-02,2.108060723280504381e-02,7.792171650409784704e-03,4.842278097040366401e-03,1.877078492214785677e-02,2.926238746573531571e-02,4.754616165973256370e-02,1.302405832997064090e-02,4.470758484422614198e-02,6.137726633920993075e-02,6.101548694115518923e-02,1.166042829114892834e-02,8.322317614482308001e-02,4.395619686365091067e-02,6.354794272753837292e-02,3.669277971809035976e-02,9.319993877579417496e-02,3.235142694143348235e-02,3.360374024239219659e-02,2.578373940751666274e-02,1.302405832997064090e-02,2.536630164053042466e-02,3.845993293166543453e-02,6.191993543629203955e-02,3.080690720358439730e-02,8.634004480498698453e-02,9.777783962040992316e-02,2.525498490266742807e-02,6.080676805766207366e-02,1.876661054447799348e-01,1.029679825232721613e-01,1.161451013678044125e-01,8.707751819332934518e-02,2.266687074735274782e-02,6.514812083431895107e-02
