0.000000000000000000e+00,1.396593035087143400e-02,1.363770637082745325e-02,7.106049167952210865e-03,2.184330587192700318e-02,2.822726228378245189e-02,3.049200774608593068e-02,6.827058784914826275e-03,4.521285325105852543e-02,2.005448518068730229e-02,2.893294384087701301e-02,1.644402140020349845e-02,4.637804838021465648e-02,1.324383759477467358e-02,1.137296090852397620e-02,1.135654970952177691e-02,6.728591590901631357e-03,1.711688055929366098e-02,1.590245183313092683e-02,3.536613384973906482e-02,1.161912889355696393e-02,5.181015524994256327e-02,3.882889683920306978e-02,1.396593035087143400e-02,4.155315587356812196e-02,8.300784455312304466e-02,5.092395050382381161e-02,6.585814159582499550e-02,4.563954442511569676e-02,9.223093839235894237e-03,3.654774017789740037e-02,1.243968884366691841e-02,6.909114779925821029e-03,1.495060229100338145e-02,8.090721108084156579e-03,1.678865657924967850e-02,6.662946794892835034e-03,5.432106869727902458e-03,1.234122164965372435e-02,9.420028227262284073e-03,1.376899596284504590e-02,8.583057078150130303e-03,1.363770637082745325e-02,4.660780516624545011e-03,2.954015820395838009e-03,9.403617028260084776e-03,1.432697672891981508e-02,2.080940033478845957e-02,6.974759575934617352e-03,2.245052023500836852e-02,2.986838218400236430e-02,3.354449076049496187e-02,8.730757869169922247e-03,4.047001673942298566e-02,1.719893655430465920e-02,3.556306823776544945e-02,2.156431548888961686e-02,5.067778251879082041e-02,1.769127252437063119e-02,1.275150162470870159e-02,1.427774313191321719e-02,6.892703580923622599e-03,1.601733022614632365e-02,2.200741786194899269e-02,3.075458693012111597e-02,1.271867922670430300e-02,5.098959529983260880e-02,4.476975087799914960e-02,1.252174483867791316e-02,3.774575770505793348e-02,9.183706961630616616e-02,4.964387698165227680e-02,6.613713197886238182e-02,4.519644205205632093e-02,9.978008993337053253e-03,3.572718022778743896e-02
1.396593035087143400e-02,0.000000000000000000e+00,2.555223684642399934e-02,1.299766960974168759e-02,3.982997997833721826e-02,5.289329438408769957e-02,5.581448780647914332e-02,1.266944562969770510e-02,8.466537565234516505e-02,3.735188892900515034e-02,5.371385433419765404e-02,3.006531657202875241e-02,8.573210358748810378e-02,2.420651852824367428e-02,2.121968030984343681e-02,2.136738110086322875e-02,1.296484721173728899e-02,3.198542685528604768e-02,2.978632618899136608e-02,6.659664555092395521e-02,2.066169954376866763e-02,9.779433485410443661e-02,7.230774280368923446e-02,2.566711523943939269e-02,7.741162569337316224e-02,1.535267666655725782e-01,9.467620704368660822e-02,1.227557685364492751e-01,8.502642203039353919e-02,1.723175895230905433e-02,6.784389667509108102e-02,2.225358584698198042e-02,1.257097843568451105e-02,2.768569271670988374e-02,1.455673351495060178e-02,3.083664292513211072e-02,1.239045524666032051e-02,1.014212098335904449e-02,2.233564184199297517e-02,1.688712377326287428e-02,2.525683526438441545e-02,1.544293826106935344e-02,2.547018085141300459e-02,8.435356287130338360e-03,5.497751665736698781e-03,1.714970295729805957e-02,2.647126399054714960e-02,3.891095283421406453e-02,1.289920241572849353e-02,4.122493189352414295e-02,5.606065579151212758e-02,6.213279942232579484e-02,1.652607739521449320e-02,7.573768339514884429e-02,3.223159484031903194e-02,6.587455279482719306e-02,4.012538156037680215e-02,9.413463747661404701e-02,3.241211802934322594e-02,2.412446253323267953e-02,2.724259034365050791e-02,1.270226802770210370e-02,3.044277414907933105e-02,4.117569829651754332e-02,5.867003643286178294e-02,2.309055699609413592e-02,9.659631732694390349e-02,8.474743164735615286e-02,2.297567860307874257e-02,7.165129484360127643e-02,1.728427478911609416e-01,9.272327436242491783e-02,1.246266452226999638e-01,8.510847802540454088e-02,1.964420520563232506e-02,6.699051432697672448e-02
1.363770637082745325e-02,2.555223684642399934e-02,0.000000000000000000e+00,1.255456723668231175e-02,3.822168247612170444e-02,5.118652968785899343e-02,5.341845275215807015e-02,1.191453047559654782e-02,8.102208947385695914e-02,3.525125545672366800e-02,5.149834246890077488e-02,2.865395345783963016e-02,8.151442544392292766e-02,2.323825778711392787e-02,2.031706436472248758e-02,2.041553155873567990e-02,1.237404404765812121e-02,3.060688613910132402e-02,2.885088784586601826e-02,6.461089047165785582e-02,1.970985000164111878e-02,9.515213181475037918e-02,6.946860537630879240e-02,2.468244329930744871e-02,7.481865625102569750e-02,1.491777989299898355e-01,9.180424721830177104e-02,1.178159976367873368e-01,8.251550858305707614e-02,1.667377818623428515e-02,6.492270325269963727e-02,2.044835395674007850e-02,1.196376407260314398e-02,2.645485279154494856e-02,1.388387435586043925e-02,2.931040141792759512e-02,1.160271769455476464e-02,9.781074605310663417e-03,2.069452194177306623e-02,1.608297502215511737e-02,2.387829454819969180e-02,1.488495749499458426e-02,2.419010732924147325e-02,7.713263531033577071e-03,5.350050874716906837e-03,1.652607739521449320e-02,2.553582564742180178e-02,3.815603768011290725e-02,1.229198805264712646e-02,3.923917681425805049e-02,5.438671349328781657e-02,5.962188597498933179e-02,1.565628384809794257e-02,7.358781632586076926e-02,3.065611973610792018e-02,6.267436898939836298e-02,3.859914005317228308e-02,9.095086487018741450e-02,3.150950208422227672e-02,2.330390258312272159e-02,2.635638559753175625e-02,1.234122164965372435e-02,2.922834542291659690e-02,3.984639117733941582e-02,5.720943972166606800e-02,2.197459546394459409e-02,9.429874946663603652e-02,8.136672465290313572e-02,2.231923064299077761e-02,6.910755899826041826e-02,1.658843995142285088e-01,9.044211770111924842e-02,1.205238454721501984e-01,8.272885417008567221e-02,1.905340204155315728e-02,6.436472248662487849e-02
7.106049167952210865e-03,1.299766960974168759e-02,1.255456723668231175e-02,0.000000000000000000e+00,2.003807398168510126e-02,2.624150720451636290e-02,2.781698230872747465e-02,6.351134013851051849e-03,4.173367906259231597e-02,1.847901007647618707e-02,2.684872156759772824e-02,1.511471428102537096e-02,4.268552860471985788e-02,1.219352085863393241e-02,1.045393376440082768e-02,1.048675616240522454e-02,6.334722814848852551e-03,1.591886303213312787e-02,1.467161190796599686e-02,3.251058522335641826e-02,1.055240095841402173e-02,4.785505629041257591e-02,3.566153543177864871e-02,1.283355761971969634e-02,3.812321528210851213e-02,7.621360816621262912e-02,4.677191715626743962e-02,6.075425870614106771e-02,4.216037023664948730e-02,8.468178685134735220e-03,3.374142514852135344e-02,1.130731611251518075e-02,6.252666819837856930e-03,1.373617356484064730e-02,7.385039550989595455e-03,1.552499425608034993e-02,6.072143630813667259e-03,4.972593297666327329e-03,1.125808251550858285e-02,8.599468277152329601e-03,1.268585682869990440e-02,7.828141924048971287e-03,1.266944562969770510e-02,4.234089342567367610e-03,2.724259034365050878e-03,8.632290675156726462e-03,1.314537040076147953e-02,1.910263563855975344e-02,6.531657202875242388e-03,2.071093314077526379e-02,2.768569271670988374e-02,3.121410050218268936e-02,8.156365904092953770e-03,3.738471132700955241e-02,1.598450782814192506e-02,3.269110841238060533e-02,2.012012997669609601e-02,4.682115075327403231e-02,1.618144221616831316e-02,1.188170807759214923e-02,1.339153838579446552e-02,6.285489217842255526e-03,1.483572389798798637e-02,2.034988676272688618e-02,2.837496307480224383e-02,1.147142810253717199e-02,4.724784192733121058e-02,4.175009026159451353e-02,1.145501690353497269e-02,3.531690025273246519e-02,8.565004759247710209e-02,4.563954442511569676e-02,6.154199625824662706e-02,4.158597827157252402e-02,9.469261824268880232e-03,3.324908917845537798e-02
2.184330587192700318e-02,3.982997997833721826e-02,3.822168247612170444e-02,2.003807398168510126e-02,0.000000000000000000e+00,7.995536153871402041e-02,8.673318672662225226e-02,1.933239242459054014e-02,1.281878754061771819e-01,5.811205566678701723e-02,8.322119014015164074e-02,4.637804838021465648e-02,1.312403584205862062e-01,3.802474808809531287e-02,3.226441723832343400e-02,3.260905241736961058e-02,1.959497160862572543e-02,4.908589621557751109e-02,4.545902123609150969e-02,1.007483506745002755e-01,3.269110841238060533e-02,1.479469590048248795e-01,1.093478189516526033e-01,3.904224242623165891e-02,1.182755112088489241e-01,2.338103521843305777e-01,1.444841960153608884e-01,1.879574621721863126e-01,1.300915744904322657e-01,2.670102077657793629e-02,1.040305904749400934e-01,3.452916270062690585e-02,1.939803722059933733e-02,4.261988380871106763e-02,2.266386582203695765e-02,4.834739226047855137e-02,1.918469163357074819e-02,1.554140545508254749e-02,3.447992910362031316e-02,2.640561919453835241e-02,3.925558801326024805e-02,2.404240653822168131e-02,3.987921357534381789e-02,1.317819279876587812e-02,8.353300292119341872e-03,2.629074080152295906e-02,4.058489513243837554e-02,5.911313880592115877e-02,2.005448518068730229e-02,6.436472248662487849e-02,8.423868447828798678e-02,9.579216857583615352e-02,2.556864804542620037e-02,1.150753274034200940e-01,5.003774575770505995e-02,1.022253585846981949e-01,6.173893064627301863e-02,1.434831128762267261e-01,5.007056815570945507e-02,3.654774017789740037e-02,4.111005350050874613e-02,1.974267239964551737e-02,4.568877802212229639e-02,6.315029376046213394e-02,8.809531624380477488e-02,3.566153543177864871e-02,1.460268487215675981e-01,1.283027537991925648e-01,3.507073226769948093e-02,1.090852397676174285e-01,2.627268848262053758e-01,1.404798634588242945e-01,1.905996652115403422e-01,1.293366593363311223e-01,2.939245741293858988e-02,1.025043489677355812e-01
2.822726228378245189e-02,5.289329438408769957e-02,5.118652968785899343e-02,2.624150720451636290e-02,7.995536153871402041e-02,0.000000000000000000e+00,1.115961532149538776e-01,2.501066727935142772e-02,1.692815177076837097e-01,7.421144188794433216e-02,1.072471854793711210e-01,5.958906357698493667e-02,1.707585256178816291e-01,4.874126103653132758e-02,4.217678143565169180e-02,4.250500541569567081e-02,2.571634883644599232e-02,6.393803131256770023e-02,5.942495158696294022e-02,1.326517215347753353e-01,4.155315587356812196e-02,1.957527816982308766e-01,1.437621032592641124e-01,5.138346407588538500e-02,1.549217185807595099e-01,3.077099812912331145e-01,1.889421341123182496e-01,2.447894443168017742e-01,1.701184888567958686e-01,3.431581711359831671e-02,1.351626349821117845e-01,4.450717169396396083e-02,2.543735845340860599e-02,5.540420783142416261e-02,2.958939180096497798e-02,6.214921062132799240e-02,2.481373289132503962e-02,2.020218597170709424e-02,4.445793809695736121e-02,3.420093872058292683e-02,5.046443693176223128e-02,3.127974529819148308e-02,5.092395050382381161e-02,1.670660058423868374e-02,1.084780254045360562e-02,3.470968588965109985e-02,5.323792956313388308e-02,7.803525125545672514e-02,2.592969442347457798e-02,8.215446220500870200e-02,1.116289756129582866e-01,1.239045524666032155e-01,3.278957560639380459e-02,1.502609380641349579e-01,6.408573210358749217e-02,1.311418912265730208e-01,7.946302556864805189e-02,1.873338366101027219e-01,6.538221682476121066e-02,4.788787868841697798e-02,5.405848951324383755e-02,2.555223684642399934e-02,6.037680112909048907e-02,8.231857419503069151e-02,1.165523353136180135e-01,4.590212360915088552e-02,1.927002986838218523e-01,1.687071257426067672e-01,4.593494600715528065e-02,1.422686841500639954e-01,3.451111038172449130e-01,1.848229231627662728e-01,2.476778153411888228e-01,1.695440968917188984e-01,3.884530803820527428e-02,1.337020382709160626e-01
3.049200774608593068e-02,5.581448780647914332e-02,5.341845275215807015e-02,2.781698230872747465e-02,8.673318672662225226e-02,1.115961532149538776e-01,0.000000000000000000e+00,2.681589916959332964e-02,1.783733219549020199e-01,8.033281911576459211e-02,1.151573833984310957e-01,6.423343289460728411e-02,1.814914497653198622e-01,5.274559359306790762e-02,4.472051728099254997e-02,4.516361965405192580e-02,2.716053434863951316e-02,6.818853185413725759e-02,6.301900416844455344e-02,1.402665178717957262e-01,4.542619883808710762e-02,2.057964354875767288e-01,1.524600387304296534e-01,5.437030229428561900e-02,1.647848491810811611e-01,3.264023369547379150e-01,2.018249253290445300e-01,2.613647553090228670e-01,1.812616929792890685e-01,3.715495454097876571e-02,1.442380280303278972e-01,4.816686907145435736e-02,2.684872156759772824e-02,5.865362523385958538e-02,3.150950208422227672e-02,6.715462631699871399e-02,2.653690878655594679e-02,2.158072668789181789e-02,4.851150425050054088e-02,3.654774017789740037e-02,5.387796632421965048e-02,3.311779958643778360e-02,5.501033905537138641e-02,1.841336528046738988e-02,1.145501690353497269e-02,3.631798339186660673e-02,5.633964617454951390e-02,8.210522860800209544e-02,2.743952473167689601e-02,8.930974496996750556e-02,1.170774936816883910e-01,1.334230478878786763e-01,3.520202185971706837e-02,1.602553582564742174e-01,6.928808218728460533e-02,1.414973577969606544e-01,8.510847802540454088e-02,2.001509830308202398e-01,6.978041815735057385e-02,5.064496012078642528e-02,5.707815012964847362e-02,2.727541274165490651e-02,6.338005054649292758e-02,8.768503626874979417e-02,1.224603669544096912e-01,4.993927856369186069e-02,2.032855220402402519e-01,1.787015459349459989e-01,4.869202743952473489e-02,1.516230675813174944e-01,3.634588243017035092e-01,1.960974168772770532e-01,2.651393310795286951e-01,1.799323858601109272e-01,4.112646469951094369e-02,1.422850953490661929e-01
6.827058784914826275e-03,1.266944562969770510e-02,1.191453047559654782e-02,6.351134013851051849e-03,1.933239242459054014e-02,2.501066727935142772e-02,2.681589916959332964e-02,0.000000000000000000e+00,4.004332556536580739e-02,1.769127252437063119e-02,2.569993763744379128e-02,1.445826632093740773e-02,4.106081990350214650e-02,1.184888567958775063e-02,1.027341057537663714e-02,1.025699937637443784e-02,6.170610824826862177e-03,1.534447106705615939e-02,1.408080874388682908e-02,3.162438047723766660e-02,1.024058817737223855e-02,4.637804838021465648e-02,3.464404109364230266e-02,1.232481045065152506e-02,3.681031936193258219e-02,7.337447073883217319e-02,4.499950766402993629e-02,5.868644763186398744e-02,4.030590474940098922e-02,8.123543506088555174e-03,3.236288443233662632e-02,1.066727935142941508e-02,6.072143630813667259e-03,1.312895920175928023e-02,6.925525978928020326e-03,1.491777989299898285e-02,5.990087635802671638e-03,4.759247710637739062e-03,1.063445695342501648e-02,8.172777103095151333e-03,1.219352085863393241e-02,7.401450749991794753e-03,1.232481045065152506e-02,4.119210949551974262e-03,2.707847835362851580e-03,8.336889093117142574e-03,1.262021203269110894e-02,1.815078609643220459e-02,6.236255620835658500e-03,1.977549479764991597e-02,2.656973118456034538e-02,2.991761578100896046e-02,7.959431516066563933e-03,3.576000262579184102e-02,1.527882627104736220e-02,3.150950208422227672e-02,1.938162602159713629e-02,4.485180687301014435e-02,1.555781665408474679e-02,1.145501690353497269e-02,1.294843601273508969e-02,6.055732431811467961e-03,1.439262152492861054e-02,1.936521482259493873e-02,2.752158072668789077e-02,1.124167131650638356e-02,4.552466603210030688e-02,4.005973676436800496e-02,1.096268093346899897e-02,3.397118193455214014e-02,8.240063019004167932e-02,4.385072373387599587e-02,5.906390520891456608e-02,4.024025995339219203e-02,9.108215446220500888e-03,3.196901565628385011e-02
4.521285325105852543e-02,8.466537565234516505e-02,8.102208947385695914e-02,4.173367906259231597e-02,1.281878754061771819e-01,1.692815177076837097e-01,1.783897331539042175e-01,4.004332556536580739e-02,0.000000000000000000e+00,1.204253782781369991e-01,1.717431975580135939e-01,9.507007581973939137e-02,2.740506121377228044e-01,7.824859684248530733e-02,6.790954147109988515e-02,6.843469983917024879e-02,4.147109987855712721e-02,1.034069649128565305e-01,9.531624380477238256e-02,2.140020349886762596e-01,6.631765516788656889e-02,3.139954705090753917e-01,2.314799619260183017e-01,8.164571503594052204e-02,2.498112712114747003e-01,4.900055798076607405e-01,3.046410870778218927e-01,3.931795056946860711e-01,2.741162569337315946e-01,5.533856303541536542e-02,2.159385564709357663e-01,7.174976203761446181e-02,4.050283913742738079e-02,8.821019463682017170e-02,4.724784192733121058e-02,1.001739587094233053e-01,4.024025995339219203e-02,3.234647323333442875e-02,7.152000525158368205e-02,5.502675025437358397e-02,8.126825745888995034e-02,4.989004496668526800e-02,8.281091016509666003e-02,2.709488955263071597e-02,1.752716053434863822e-02,5.507598385138018360e-02,8.538746840844192720e-02,1.243476548396625914e-01,4.153674467456592440e-02,1.318803951816719666e-01,1.782420323628844394e-01,1.979026487675189516e-01,5.249942560803492336e-02,2.414743821183575612e-01,1.035546657038763224e-01,2.102766928151770798e-01,1.260051859388846840e-01,2.987658778350346100e-01,1.044244592509928765e-01,7.598385138018183549e-02,8.671677552762005470e-02,4.112646469951094369e-02,9.781074605310663417e-02,1.313388256145993915e-01,1.864804542619883931e-01,7.296419076377720636e-02,3.092690451964420495e-01,2.706370827452653782e-01,7.314471395280139343e-02,2.284767125086158701e-01,5.529753503790987290e-01,2.943512653034430770e-01,3.976761742212885919e-01,2.720812682574588748e-01,6.191945383529720570e-02,2.135425214166147001e-01
2.005448518068730229e-02,3.735188892900515034e-02,3.525125545672366800e-02,1.847901007647618707e-02,5.811205566678701723e-02,7.421144188794433216e-02,8.033281911576459211e-02,1.769127252437063119e-02,1.204253782781369991e-01,0.000000000000000000e+00,7.737880329536875323e-02,4.247218301769127569e-02,1.214592838152755427e-01,3.538254504874126238e-02,2.988479338300456187e-02,3.040995175107493245e-02,1.836413168346079372e-02,4.560672202711130163e-02,4.217678143565169180e-02,9.438080546164702433e-02,2.985197098500016327e-02,1.380510060064988331e-01,1.017822562116388191e-01,3.595693701381823260e-02,1.102340236977713550e-01,2.156103324908917873e-01,1.346374766140414347e-01,1.748285029704270133e-01,1.208192470541897823e-01,2.507631207536022491e-02,9.589063576984933890e-02,3.157514688023106697e-02,1.780615091738602454e-02,3.899300882922506623e-02,2.072734433977746482e-02,4.496668526602553423e-02,1.797026290740801405e-02,1.447467751993960702e-02,3.180490366626185367e-02,2.435421931926346623e-02,3.628516099386221161e-02,2.204024025995339128e-02,3.759805691403814154e-02,1.232481045065152506e-02,7.893786720057766743e-03,2.397676174221288758e-02,3.758164571503594398e-02,5.455082548330981301e-02,1.842977647946959091e-02,5.949059638297173741e-02,7.749368168838415005e-02,8.827583943282896195e-02,2.366494896117110266e-02,1.066399711162897557e-01,4.668986116125643793e-02,9.452850625266681628e-02,5.671710375160009254e-02,1.325204319427577271e-01,4.652574917123444842e-02,3.393835953654773807e-02,3.823809367512390200e-02,1.829848688745199653e-02,4.286605179374405189e-02,5.830899005481340186e-02,8.220369580201529469e-02,3.277316440739160702e-02,1.359831949322217459e-01,1.194242951390028507e-01,3.223159484031903194e-02,1.014868546295992352e-01,2.439852955656940381e-01,1.297961729083926818e-01,1.779302195818426580e-01,1.202940886861194048e-01,2.775133751271868093e-02,9.521777661075918331e-02
2.893294384087701301e-02,5.371385433419765404e-02,5.149834246890077488e-02,2.684872156759772824e-02,8.322119014015164074e-02,1.072471854793711210e-01,1.151573833984310957e-01,2.569993763744379128e-02,1.717431975580135939e-01,7.737880329536875323e-02,0.000000000000000000e+00,6.145994026323563231e-02,1.746808021794072352e-01,5.064496012078642528e-02,4.314504217678143821e-02,4.362096694784520917e-02,2.637279679653395381e-02,6.567761840680079455e-02,6.063938031312567783e-02,1.350313453900942040e-01,4.314504217678143821e-02,1.986411527226179252e-01,1.466668854826533586e-01,5.187580004595136046e-02,1.584993599632389116e-01,3.123379394098532713e-01,1.930449338628680289e-01,2.511405783306528416e-01,1.736961302392752704e-01,3.539895624774345995e-02,1.381658843995142161e-01,4.552466603210030688e-02,2.579840483145698707e-02,5.661863655758690023e-02,3.021301736304854435e-02,6.423343289460728411e-02,2.565070404043719512e-02,2.076016673778186342e-02,4.536055404207831737e-02,3.503790986969507887e-02,5.212196803098434472e-02,3.198542685528604768e-02,5.327075196113827821e-02,1.744510453933764346e-02,1.137296090852397620e-02,3.510355466570387606e-02,5.432106869727902632e-02,7.885581120556667267e-02,2.670102077657793629e-02,8.519053402041552869e-02,1.131223947221584036e-01,1.275150162470869986e-01,3.388912593954114538e-02,1.538221682476121621e-01,6.658023435192175765e-02,1.356057373551711742e-01,8.190829421997571080e-02,1.913545803656415134e-01,6.687563593396134154e-02,4.888896182755111952e-02,5.525650704040437067e-02,2.632356319952735765e-02,6.124659467620704317e-02,8.386122690123740120e-02,1.187022023829060885e-01,4.737913151934880496e-02,1.962451176682968590e-01,1.718252535530245817e-01,4.675550595726523512e-02,1.459612039255588078e-01,3.513637706370827396e-01,1.874651262021203302e-01,2.544884629271014775e-01,1.730560934781895099e-01,3.958381199330423400e-02,1.366068204943053088e-01
1.644402140020349845e-02,3.006531657202875241e-02,2.865395345783963016e-02,1.511471428102537096e-02,4.637804838021465648e-02,5.958906357698493667e-02,6.423343289460728411e-02,1.445826632093740773e-02,9.507007581973939137e-02,4.247218301769127569e-02,6.145994026323563231e-02,0.000000000000000000e+00,9.766304526208684222e-02,2.816161748777365817e-02,2.412446253323267953e-02,2.423934092624807288e-02,1.449108871894180632e-02,3.612104900384022210e-02,3.362654675550595662e-02,7.493353464404109432e-02,2.428857452325466904e-02,1.100206781107427728e-01,8.194111661798010593e-02,2.945810220894738707e-02,8.747169068172121198e-02,1.752387829454820078e-01,1.072143630813667259e-01,1.398890602947451267e-01,9.602192536186693328e-02,1.977549479764991597e-02,7.770702727541274613e-02,2.568352643844159372e-02,1.450749991794400562e-02,3.198542685528604768e-02,1.693635737026947044e-02,3.557947943676764702e-02,1.416286473889782384e-02,1.150425050054156885e-02,2.558505924442839793e-02,1.977549479764991597e-02,2.932681261692979269e-02,1.797026290740801405e-02,2.917911182591000074e-02,9.748252207306266556e-03,6.318311615846654121e-03,1.980831719565431456e-02,3.014737256703974716e-02,4.381790133587160074e-02,1.493419109200118215e-02,4.780582269340598323e-02,6.292053697443135418e-02,7.114254767453309647e-02,1.887287885252896674e-02,8.548593560245511258e-02,3.692519775494797901e-02,7.550792660911806453e-02,4.636163718121245891e-02,1.067384383103029549e-01,3.715495454097876571e-02,2.730823513965930510e-02,3.055765254209472440e-02,1.463878950996159826e-02,3.429940591459611915e-02,4.664062756424984524e-02,6.567761840680079455e-02,2.668460957757573873e-02,1.083139134145140597e-01,9.531624380477238256e-02,2.648767518954934716e-02,8.103850067285915670e-02,1.959004824892506547e-01,1.047526832310368555e-01,1.417271145829914203e-01,9.595628056585814303e-02,2.195818426494239653e-02,7.654183214625660814e-02
4.637804838021465648e-02,8.573210358748810378e-02,8.151442544392292766e-02,4.268552860471985788e-02,1.312403584205862062e-01,1.707585256178816291e-01,1.814914497653198622e-01,4.106081990350214650e-02,2.740506121377228044e-01,1.214592838152755427e-01,1.746808021794072352e-01,9.766304526208684222e-02,0.000000000000000000e+00,8.007023993172941723e-02,6.886139101322742706e-02,6.922243739127580120e-02,4.173367906259231597e-02,1.041782912659598853e-01,9.579216857583615352e-02,2.150031181278104220e-01,6.858240063019004074e-02,3.158991695933304755e-01,2.341057537663701615e-01,8.340171332917582780e-02,2.512226343256638295e-01,4.960449010404699988e-01,3.076443364952243242e-01,3.981520989923523768e-01,2.760199560179866785e-01,5.625759017953851915e-02,2.201562346145009286e-01,7.357140512685857170e-02,4.112646469951094369e-02,9.006466012406866284e-02,4.800275708143236786e-02,1.021104801916827981e-01,4.063412872944497517e-02,3.277316440739160702e-02,7.357140512685857170e-02,5.627400137854071671e-02,8.317195654314504805e-02,5.092395050382381161e-02,8.397610529425279802e-02,2.794827190074506904e-02,1.777332851938162595e-02,5.599501099550333039e-02,8.630649555256507399e-02,1.251682147897725528e-01,4.212754783864509217e-02,1.348015886040634104e-01,1.793579938950339847e-01,2.015295237470049461e-01,5.358256474218006660e-02,2.434109036006170679e-01,1.050480848130764394e-01,2.145271933567466371e-01,1.296812945153772989e-01,3.038861719237207493e-01,1.059835231562017976e-01,7.668953293727640008e-02,8.725834509469261591e-02,4.161880066957691915e-02,9.815538123215282462e-02,1.333574030918698861e-01,1.868250894410345697e-01,7.499917944004988457e-02,3.093675123904552349e-01,2.736239209636656122e-01,7.447402107197952092e-02,2.307086355729149607e-01,5.583089900548133810e-01,2.980109626809334666e-01,4.025174779269373171e-01,2.737880329536875879e-01,6.239537860636098360e-02,2.176289099681622818e-01
1.324383759477467358e-02,2.420651852824367428e-02,2.323825778711392787e-02,1.219352085863393241e-02,3.802474808809531287e-02,4.874126103653132758e-02,5.274559359306790762e-02,1.184888567958775063e-02,7.824859684248530733e-02,3.538254504874126238e-02,5.064496012078642528e-02,2.816161748777365817e-02,8.007023993172941723e-02,0.000000000000000000e+00,1.961138280762792646e-02,2.000525158368070267e-02,1.194735287360094468e-02,3.003249417402435381e-02,2.766928151770768271e-02,6.103324908917845404e-02,1.985755079266091072e-02,8.968720254701809114e-02,6.648176715790855840e-02,2.369777135917550126e-02,7.199593002264745301e-02,1.412676010109298608e-01,8.748810188072340954e-02,1.143860570453277270e-01,7.867528801654248560e-02,1.609938622115731841e-02,6.318311615846654294e-02,2.092427872780385292e-02,1.173400728657235728e-02,2.592969442347457798e-02,1.380181836084944449e-02,2.904782223389240983e-02,1.173400728657235728e-02,9.485673023271079529e-03,2.087504513079725676e-02,1.603374142514852121e-02,2.396035054321068655e-02,1.460596711195719967e-02,2.428857452325466904e-02,7.975842715068763231e-03,5.120294088686119273e-03,1.586962943512653171e-02,2.464962090130305011e-02,3.571076902878524140e-02,1.220993205763613171e-02,3.891095283421406453e-02,5.149834246890077488e-02,5.816128926379360992e-02,1.557422785308694609e-02,6.981324055535496897e-02,3.014737256703974716e-02,6.216562182033018996e-02,3.758164571503594398e-02,8.750451307972560711e-02,3.031148455706174014e-02,2.226999704598417798e-02,2.505990087635802735e-02,1.196376407260314398e-02,2.763645911970328412e-02,3.832014967013489676e-02,5.343486395116027465e-02,2.162996028489841405e-02,8.829225063183115951e-02,7.783831686743034051e-02,2.123609150884563784e-02,6.621918797387336963e-02,1.594840319033708487e-01,8.471460924935175774e-02,1.157481865625102635e-01,7.831424163849411146e-02,1.772409492237502979e-02,6.196868743230380533e-02
1.137296090852397620e-02,2.121968030984343681e-02,2.031706436472248758e-02,1.045393376440082768e-02,3.226441723832343400e-02,4.217678143565169180e-02,4.472051728099254997e-02,1.027341057537663714e-02,6.790954147109988515e-02,2.988479338300456187e-02,4.314504217678143821e-02,2.412446253323267953e-02,6.886139101322742706e-02,1.961138280762792646e-02,0.000000000000000000e+00,1.739587094233104730e-02,1.035546657038763189e-02,2.588046082646798182e-02,2.391111694620409039e-02,5.346768634916466978e-02,1.678865657924967850e-02,7.844553123051170584e-02,5.827616765680900673e-02,2.067811074277086519e-02,6.216562182033018996e-02,1.234778612925460373e-01,7.600026257918403305e-02,9.881182919224078265e-02,6.823776545114386416e-02,1.393310795286703714e-02,5.445235828929661376e-02,1.785538451439262070e-02,1.010929858535464590e-02,2.220435224997538426e-02,1.176682968457675588e-02,2.484655528932943822e-02,9.928775396330455361e-03,8.041487511077558686e-03,1.777332851938162595e-02,1.357206157481865606e-02,2.030065316572028655e-02,1.240686644566251981e-02,2.056323234975547184e-02,6.843469983917024706e-03,4.480257327600354472e-03,1.390028555486263855e-02,2.131814750385663260e-02,3.090228772114090791e-02,1.042111136639642908e-02,3.313421078543998116e-02,4.496668526602553423e-02,4.993927856369186069e-02,1.329307119178127147e-02,6.034397873108609395e-02,2.599533921948337517e-02,5.297535037909869432e-02,3.219877244231463681e-02,7.539304821610266771e-02,2.599533921948337517e-02,1.931598122558834257e-02,2.189253946893359934e-02,1.045393376440082768e-02,2.428857452325466904e-02,3.277316440739160702e-02,4.691961794728723156e-02,1.879082285751797199e-02,7.751009288738634762e-02,6.772901828207568420e-02,1.852824367348278323e-02,5.720943972166606800e-02,1.386089867725736058e-01,7.411297469393113291e-02,9.987855712738372138e-02,6.835264384415926098e-02,1.585321823612433068e-02,5.379591032920864879e-02
1.135654970952177691e-02,2.136738110086322875e-02,2.041553155873567990e-02,1.048675616240522454e-02,3.260905241736961058e-02,4.250500541569567081e-02,4.516361965405192580e-02,1.025699937637443784e-02,6.843469983917024879e-02,3.040995175107493245e-02,4.362096694784520917e-02,2.423934092624807288e-02,6.922243739127580120e-02,2.000525158368070267e-02,1.739587094233104730e-02,0.000000000000000000e+00,1.050316736140742384e-02,2.601175041848557620e-02,2.427216332425247147e-02,5.409131191124823268e-02,1.698559096727607007e-02,7.885581120556667267e-02,5.886697082088817451e-02,2.072734433977746482e-02,6.296977057143794687e-02,1.235599172875570251e-01,7.680441133029179690e-02,9.987855712738372138e-02,6.938654938129779071e-02,1.422850953490662103e-02,5.458364788131420814e-02,1.795385170840581648e-02,1.009288738635244660e-02,2.218794105097318323e-02,1.181606328158335203e-02,2.525683526438441545e-02,1.009288738635244660e-02,8.074309909081957282e-03,1.790461811139922033e-02,1.368693996783404941e-02,2.031706436472248758e-02,1.248892244067351630e-02,2.080940033478845957e-02,6.827058784914826275e-03,4.447434929595955877e-03,1.371976236583844801e-02,2.153149309088522173e-02,3.104998851216069986e-02,1.042111136639642908e-02,3.339678996947516992e-02,4.531132044507171774e-02,5.023468014573144458e-02,1.326024879377687288e-02,6.098401549217186135e-02,2.622509600551416187e-02,5.348409754816686734e-02,3.229723963632782913e-02,7.613155217120162743e-02,2.632356319952735765e-02,1.949650441461253311e-02,2.212229625496438604e-02,1.037187776938983119e-02,2.464962090130305011e-02,3.310138838743558604e-02,4.739554271835100252e-02,1.869235566350477620e-02,7.795319526044572345e-02,6.848393343617684148e-02,1.849542127547838810e-02,5.809564446778481966e-02,1.386418091705780009e-01,7.462172186299931287e-02,1.016345554206190271e-01,6.959989496832638678e-02,1.600091902714412262e-02,5.400925591623723793e-02
6.728591590901631357e-03,1.296484721173728899e-02,1.237404404765812121e-02,6.334722814848852551e-03,1.959497160862572543e-02,2.571634883644599232e-02,2.716053434863951316e-02,6.170610824826862177e-03,4.147109987855712721e-02,1.836413168346079372e-02,2.637279679653395381e-02,1.449108871894180632e-02,4.173367906259231597e-02,1.194735287360094468e-02,1.035546657038763189e-02,1.050316736140742384e-02,0.000000000000000000e+00,1.559063905208914538e-02,1.458955591295500037e-02,3.255981882036301789e-02,1.010929858535464590e-02,4.783864509141037835e-02,3.541536744674565751e-02,1.235763284865592365e-02,3.799192569009091774e-02,7.437555387796632167e-02,4.623034758919486453e-02,5.983523156201792093e-02,4.161880066957691915e-02,8.386122690123740467e-03,3.275675320838940252e-02,1.089703613746020351e-02,6.104966028818065854e-03,1.334230478878786937e-02,7.122460366954409296e-03,1.526241507204516290e-02,6.137788426822463582e-03,4.956182098664128031e-03,1.083139134145140632e-02,8.304066695112745713e-03,1.227557685364492716e-02,7.450684346998391779e-03,1.258738963468671035e-02,4.086388551547575666e-03,2.707847835362851580e-03,8.254833098106147821e-03,1.293202481373289213e-02,1.887287885252896674e-02,6.318311615846654121e-03,2.005448518068730229e-02,2.720976794564610932e-02,3.018019496504414576e-02,8.025076312075359389e-03,3.697443135195457170e-02,1.590245183313092683e-02,3.216595004431023475e-02,1.936521482259493873e-02,4.554107723110250444e-02,1.575475104211113836e-02,1.163554009255916323e-02,1.326024879377687288e-02,6.269078018840056228e-03,1.481931269898578707e-02,2.002166278268290370e-02,2.832572947779564768e-02,1.112679292349099021e-02,4.710014113631141863e-02,4.137263268454393489e-02,1.117602652049758810e-02,3.482456428266648973e-02,8.399251649325499558e-02,4.519644205205632093e-02,6.077066990514327222e-02,4.133981028653953282e-02,9.485673023271079529e-03,3.241211802934322594e-02
1.711688055929366098e-02,3.198542685528604768e-02,3.060688613910132402e-02,1.591886303213312787e-02,4.908589621557751109e-02,6.393803131256770023e-02,6.818853185413725759e-02,1.534447106705615939e-02,1.034069649128565305e-01,4.560672202711130163e-02,6.567761840680079455e-02,3.612104900384022210e-02,1.041782912659598853e-01,3.003249417402435381e-02,2.588046082646798182e-02,2.601175041848557620e-02,1.559063905208914538e-02,0.000000000000000000e+00,3.608822660583582004e-02,8.062822069780417600e-02,2.551941444841960074e-02,1.184396231988709136e-01,8.804608264679816831e-02,3.077099812912331353e-02,9.411822627761183557e-02,1.853316703318344527e-01,1.152066169954376884e-01,1.490793317359766224e-01,1.036367216988873241e-01,2.094068992680605396e-02,8.171135983194932617e-02,2.725900154265270547e-02,1.537729346506055798e-02,3.311779958643778360e-02,1.772409492237502979e-02,3.822168247612170444e-02,1.526241507204516290e-02,1.222634325663832927e-02,2.742311353267469845e-02,2.079298913578626201e-02,3.067253093511011774e-02,1.887287885252896674e-02,3.147667968621787465e-02,1.045393376440082768e-02,6.679357993895034332e-03,2.074375553877966238e-02,3.221518364131683437e-02,4.657498276824104805e-02,1.567269504710014014e-02,5.034955853874684140e-02,6.726950471001411080e-02,7.573768339514884429e-02,2.000525158368070267e-02,9.132832244723800008e-02,3.918994321725145086e-02,8.010306232973381235e-02,4.792070108642137310e-02,1.137624314832441641e-01,3.945252240128663962e-02,2.896576623888141161e-02,3.285522040240260178e-02,1.549217185807595133e-02,3.672826336692158744e-02,4.959464338464568411e-02,7.014146453539896187e-02,2.816161748777365817e-02,1.164702793186070118e-01,1.023730593757179869e-01,2.762004792070108655e-02,8.658548593560246032e-02,2.083894049299241935e-01,1.114320412249318881e-01,1.509009748252207184e-01,1.030623297338103539e-01,2.350083697114911316e-02,8.094003347884597133e-02
1.590245183313092683e-02,2.978632618899136608e-02,2.885088784586601826e-02,1.467161190796599686e-02,4.545902123609150969e-02,5.942495158696294022e-02,6.301900416844455344e-02,1.408080874388682908e-02,9.531624380477238256e-02,4.217678143565169180e-02,6.063938031312567783e-02,3.362654675550595662e-02,9.579216857583615352e-02,2.766928151770768271e-02,2.391111694620409039e-02,2.427216332425247147e-02,1.458955591295500037e-02,3.608822660583582004e-02,0.000000000000000000e+00,7.499917944004988457e-02,2.340236977713591737e-02,1.102832572947779616e-01,8.133390225489874059e-02,2.875242065185282594e-02,8.765221387074539905e-02,1.729248038861719294e-01,1.071651294843601332e-01,1.381822955985164414e-01,9.635014934191092617e-02,1.954573801161912927e-02,7.580332819115764842e-02,2.448550891128105714e-02,1.419568713690222243e-02,3.072176453211671737e-02,1.637837660419470126e-02,3.498867627268847924e-02,1.398234154987363330e-02,1.148783930153937129e-02,2.473167689631404487e-02,1.906981324055535484e-02,2.819443988577805330e-02,1.747792693734204206e-02,2.909705583089900599e-02,9.436439426264483371e-03,6.203433222831259905e-03,1.923392523057734435e-02,2.978632618899136608e-02,4.380149013686939624e-02,1.455673351495060178e-02,4.659139396724324561e-02,6.296977057143794687e-02,7.038763252043193919e-02,1.859388846949158042e-02,8.555158039846391671e-02,3.626874979486001405e-02,7.386680670889815559e-02,4.462205008697935765e-02,1.060819903502149830e-01,3.684314175993698426e-02,2.706206715462631737e-02,3.055765254209472440e-02,1.447467751993960702e-02,3.405323792956313489e-02,4.600059080316407784e-02,6.602225358584698500e-02,2.604457281648997133e-02,1.091672957626284163e-01,9.479108543670200504e-02,2.573276003544818988e-02,8.069386549381298013e-02,1.929300554698526182e-01,1.043259920569796773e-01,1.406439754488462979e-01,9.621885974989333179e-02,2.207306265795778988e-02,7.516329143007188796e-02
3.536613384973906482e-02,6.659664555092395521e-02,6.461089047165785582e-02,3.251058522335641826e-02,1.007483506745002755e-01,1.326517215347753353e-01,1.402665178717957262e-01,3.162438047723766660e-02,2.140020349886762596e-01,9.438080546164702433e-02,1.350313453900942040e-01,7.493353464404109432e-02,2.150031181278104220e-01,6.103324908917845404e-02,5.346768634916466978e-02,5.409131191124823268e-02,3.255981882036301789e-02,8.062822069780417600e-02,7.499917944004988457e-02,0.000000000000000000e+00,5.207273443397774509e-02,2.461843962319887058e-01,1.818032625463616436e-01,6.406932090458529461e-02,1.956214921062132683e-01,3.850395509895953028e-01,2.384547215019529320e-01,3.088915876193914500e-01,2.143466701677224640e-01,4.371943414185840149e-02,1.695605080907210960e-01,5.543703022942856468e-02,3.147667968621787465e-02,6.904191420225161413e-02,3.667902976991498781e-02,7.769061607641054856e-02,3.126333409918928552e-02,2.553582564742180178e-02,5.551908622443955943e-02,4.257065021170446800e-02,6.318311615846654294e-02,3.871401844618767990e-02,6.461089047165785582e-02,2.125250270784783541e-02,1.373617356484064730e-02,4.312863097777923371e-02,6.682640233695473497e-02,9.840154921718580194e-02,3.247776282535202313e-02,1.035874881018807175e-01,1.405290970558308872e-01,1.554961105458364801e-01,4.150392227656152233e-02,1.904519644205205642e-01,8.133390225489874059e-02,1.656054091311911225e-01,9.978008993337053600e-02,2.360094528506252731e-01,8.176059342895591886e-02,6.044244592509928626e-02,6.841828864016805123e-02,3.234647323333442875e-02,7.631207536022581450e-02,1.032592641218367385e-01,1.478649030098138917e-01,5.791512127876062566e-02,2.440181179636984332e-01,2.124757934814717475e-01,5.745560770669905226e-02,1.799652082581153500e-01,4.328781960810056950e-01,2.328585026422030357e-01,3.135851905340203971e-01,2.152985197098500059e-01,4.944694259362589217e-02,1.680014441855121887e-01
1.161912889355696393e-02,2.066169954376866763e-02,1.970985000164111878e-02,1.055240095841402173e-02,3.269110841238060533e-02,4.155315587356812196e-02,4.542619883808710762e-02,1.024058817737223855e-02,6.631765516788656889e-02,2.985197098500016327e-02,4.314504217678143821e-02,2.428857452325466904e-02,6.858240063019004074e-02,1.985755079266091072e-02,1.678865657924967850e-02,1.698559096727607007e-02,1.010929858535464590e-02,2.551941444841960074e-02,2.340236977713591737e-02,5.207273443397774509e-02,0.000000000000000000e+00,7.627925296222141938e-02,5.738996291069025507e-02,2.066169954376866763e-02,6.106607148718285610e-02,1.222141989693767000e-01,7.498276824104768701e-02,9.795844684412642611e-02,6.722027111300751812e-02,1.381822955985164206e-02,5.425542390127022913e-02,1.838054288246299128e-02,1.012570978435684520e-02,2.212229625496438604e-02,1.193094167459874538e-02,2.501066727935142772e-02,9.961597794334853956e-03,7.959431516066563933e-03,1.828207568844979897e-02,1.371976236583844801e-02,2.033347556372468515e-02,1.248892244067351630e-02,2.051399875274887569e-02,6.974759575934617352e-03,4.398201332589358852e-03,1.403157514688023119e-02,2.113762431483244206e-02,3.027866215905734154e-02,1.037187776938983119e-02,3.357731315849935699e-02,4.403124692290018988e-02,5.007056815570945507e-02,1.314537040076147953e-02,5.937571798995634753e-02,2.573276003544818988e-02,5.299176157810089882e-02,3.236288443233662632e-02,7.503200183805429357e-02,2.615945120950536815e-02,1.915186923556634960e-02,2.138379229986542979e-02,1.019135458036564065e-02,2.356648176715790688e-02,3.236288443233662632e-02,4.562313322611349919e-02,1.895493484753996150e-02,7.555716020612465722e-02,6.656382315291954621e-02,1.836413168346079372e-02,5.635605737355171146e-02,1.365575868972987161e-01,7.317753635080578856e-02,9.864771720221879314e-02,6.707257032198772617e-02,1.518035907703416815e-02,5.320510716512948102e-02
