0.000000000000000000e+00,1.737654570435626100e-02,1.135537056493978771e-02,6.519572186750720311e-03,2.498720331905493128e-02,3.020016703036181027e-02,3.795899674021390585e-02,7.152671138769902022e-03,3.805328807349336179e-02,2.236051617769875197e-02,3.418734340903580721e-02,1.911420027479188502e-02,5.464856273067700970e-02,1.379347503973706209e-02,1.806352541824941468e-02,1.175947627899458572e-02,9.523424661224709487e-03,1.957218675072065414e-02,1.937013389369325600e-02,3.468574045637005249e-02,1.668956599046310385e-02,6.077749939384143041e-02,4.955683073358656959e-02,1.751124760904119310e-02,4.195964330935639253e-02,9.062744147202241030e-02,5.415016568334276442e-02,7.450362348123602818e-02,4.794040787736738446e-02,1.049327837495622230e-02,3.348689350467415338e-02,1.435922303941377688e-02,1.012958323230690565e-02,1.740348608529324742e-02,8.944206471079501480e-03,1.344325008755623864e-02,5.980764568010991933e-03,4.687626283035642091e-03,1.444004418222473614e-02,8.041703709690454713e-03,1.262156846897815113e-02,9.348312185134297764e-03,1.170559551712061289e-02,4.283520568980845808e-03,3.017322664942482385e-03,9.092378566232926784e-03,1.782106198981653691e-02,2.039386836929874339e-02,8.122524852501413969e-03,2.676526846089603839e-02,3.227457636250976453e-02,4.189229235701392995e-02,8.028233519221961503e-03,4.668768016379751945e-02,2.188905951130148964e-02,3.832269188286322598e-02,2.209111236832888778e-02,5.029769120935369958e-02,1.695896979983296804e-02,2.062286160726312795e-02,1.361836256364665036e-02,9.536894851693202696e-03,1.783453218028503012e-02,2.210458255879738099e-02,3.145289474393168222e-02,1.792882351356448259e-02,5.790834882405237333e-02,5.573964815862496314e-02,1.252727713569869866e-02,3.588458740806595160e-02,1.093375360327595025e-01,4.841186454376465026e-02,6.745871386621406229e-02,4.547536302163312366e-02,1.248686656429321903e-02,3.195129179126592750e-02
1.737654570435626100e-02,0.000000000000000000e+00,2.020528570273983845e-02,1.130148980306581487e-02,4.428998626040572123e-02,5.502572806379481957e-02,6.687949567606886470e-02,1.227134351679732768e-02,6.860368005603599550e-02,3.965624073924405024e-02,6.003663891807430042e-02,3.273256283843853365e-02,9.655432527815943633e-02,2.510843503327137016e-02,3.146636493440017196e-02,2.136372208303025447e-02,1.682426789514803595e-02,3.495514426573991668e-02,3.433551550418922904e-02,6.333683558285514714e-02,2.933807484037824140e-02,1.104151512702389593e-01,8.695007947412376759e-02,3.038874969692071520e-02,7.492119938575932114e-02,1.603087367655378626e-01,9.783399337266629470e-02,1.340957461138500562e-01,8.686925833131280139e-02,1.923543198900832391e-02,5.991540720385786500e-02,2.504108408092890412e-02,1.796923408496996222e-02,3.060427274441660656e-02,1.550418922923570142e-02,2.394999865298095415e-02,1.056062932729868835e-02,8.041703709690454713e-03,2.509496484280287695e-02,1.430534227753980404e-02,2.227969503488779271e-02,1.628546027640830757e-02,2.094614617850696497e-02,7.570247043293192382e-03,5.388076187397289850e-03,1.577359303860556561e-02,3.246315902906866946e-02,3.684097093132896600e-02,1.442657399175624293e-02,4.760365311565505769e-02,5.821816320482771367e-02,7.354723995797300684e-02,1.388776637301651455e-02,8.410786928527169692e-02,3.883455912066596794e-02,6.763382634230448442e-02,3.828228131145774288e-02,8.907836956814568774e-02,3.021363722083030348e-02,3.577682588431800592e-02,2.494679274764945165e-02,1.706673132358091372e-02,3.255745036234812539e-02,3.973706188205500950e-02,5.687114415797839273e-02,3.119696112503030777e-02,1.061585710821951051e-01,9.903284032436218687e-02,2.203723160645491494e-02,6.485896710579487634e-02,1.938360408416175129e-01,8.791993318785527867e-02,1.213260055497184797e-01,8.258573776233195385e-02,2.229316522535628592e-02,5.802958053826880874e-02
1.135537056493978771e-02,2.020528570273983845e-02,0.000000000000000000e+00,7.368194186265793373e-03,2.809881731727686613e-02,3.518413750370430471e-02,4.282173549933995793e-02,7.987822947816481875e-03,4.406099302244134014e-02,2.521619655701931584e-02,3.867291683504404942e-02,2.094614617850696497e-02,6.205716748834828184e-02,1.582747380047953845e-02,2.039386836929874339e-02,1.378000484926856888e-02,1.065492066057814081e-02,2.240092674910423159e-02,2.227969503488779271e-02,4.077426654812899010e-02,1.869662437026859553e-02,7.159406234004149494e-02,5.635927692017565077e-02,1.961259732212613377e-02,4.787305692502492188e-02,1.031816589886580954e-01,6.277108758317842541e-02,8.593981518898677341e-02,5.548371453972358869e-02,1.227134351679732768e-02,3.869985721598103584e-02,1.612381799078638905e-02,1.153048304103019943e-02,1.984159056009051833e-02,1.010264285136991923e-02,1.542336808642474216e-02,6.788975996120585367e-03,5.280314663649344174e-03,1.625851989547132115e-02,9.159729518575392831e-03,1.444004418222473614e-02,1.064145047010964761e-02,1.338936932568226580e-02,4.849268568657560605e-03,3.421428378997279102e-03,1.022387456558635811e-02,2.078450389288504646e-02,2.390958808157547452e-02,9.227080470917858879e-03,3.046957083973167446e-02,3.733936797866321822e-02,4.741507044909615276e-02,8.930736280611008271e-03,5.425792720709071010e-02,2.438104474797273685e-02,4.309113930870982212e-02,2.434063417656725722e-02,5.718095853875374002e-02,1.924890217947681711e-02,2.308790646299738528e-02,1.576012284813707240e-02,1.072227161292060686e-02,2.078450389288504646e-02,2.576847436622753743e-02,3.677361997898650342e-02,1.976076941727955907e-02,6.802446186589078403e-02,6.410463643955925661e-02,1.429187208707131083e-02,4.123225302405775922e-02,1.245049705002828772e-01,5.661521053907702522e-02,7.738624424149356806e-02,5.305908025539481099e-02,1.425146151566583121e-02,3.682750074086047626e-02
6.519572186750720311e-03,1.130148980306581487e-02,7.368194186265793373e-03,0.000000000000000000e+00,1.612381799078638905e-02,1.970688865540558624e-02,2.446186589078369611e-02,4.525983997413723578e-03,2.473126970015356030e-02,1.449392494409870898e-02,2.192947008270696926e-02,1.210970123117540917e-02,3.527842883698375370e-02,9.038497804358953946e-03,1.163824456477814510e-02,7.691478757509631267e-03,6.101996282227430818e-03,1.271585980225760359e-02,1.254074732616719187e-02,2.285891322503300072e-02,1.066839085104663402e-02,3.972359169158651976e-02,3.183006007704949208e-02,1.124760904119184203e-02,2.718284436541932789e-02,5.843368625232360503e-02,3.537272017026320964e-02,4.845227511517012642e-02,3.147983512486866864e-02,6.815916377057571786e-03,2.178129798755354396e-02,9.280961232791831717e-03,6.654274091435653272e-03,1.135537056493978771e-02,5.805652091920579343e-03,8.674802661709637291e-03,3.798593712115089401e-03,3.017322664942482385e-03,9.267491042323338507e-03,5.280314663649344174e-03,8.257226757186346064e-03,6.021175139416471561e-03,7.583717233761685592e-03,2.801799617446590600e-03,1.966647808400010747e-03,5.873003044263046257e-03,1.155742342196718585e-02,1.326813761146582692e-02,5.266844473180850965e-03,1.725531399013982212e-02,2.113472884506586991e-02,2.704814246073439579e-02,5.118672378027425661e-03,3.025404779223578311e-02,1.407634903957541948e-02,2.470432931921657388e-02,1.407634903957541948e-02,3.267868207656456081e-02,1.088391389854252538e-02,1.325466742099733371e-02,8.903795899674021852e-03,6.115466472695924027e-03,1.167865513618362647e-02,1.438616342035076330e-02,2.054204046445216869e-02,1.149007246962471980e-02,3.770306312131253834e-02,3.588458740806595160e-02,8.122524852501413969e-03,2.333036989143026652e-02,7.062420862630996998e-02,3.149330531533715838e-02,4.373770845119750311e-02,2.979606131630701399e-02,8.068644090627441132e-03,2.081144427382203288e-02
2.498720331905493128e-02,4.428998626040572123e-02,2.809881731727686613e-02,1.612381799078638905e-02,0.000000000000000000e+00,7.757482690805247993e-02,9.570570327864436067e-02,1.713408227592338323e-02,9.678331851612381742e-02,5.722136911015921618e-02,8.536059699884156193e-02,4.698402435410437006e-02,1.376518763975322635e-01,3.584417683666046850e-02,4.450550930790161258e-02,3.015975645895633064e-02,2.417899189094533871e-02,4.969153263827150863e-02,4.842533473423314000e-02,8.891672728252376923e-02,4.224251730919475339e-02,1.555806999110967426e-01,1.225248525014143719e-01,4.326625178480023731e-02,1.073304776529540178e-01,2.277674506317519387e-01,1.385813195398583053e-01,1.900105067485654275e-01,1.234542956437403999e-01,2.702120207979740937e-02,8.505078261806621465e-02,3.630216331258923762e-02,2.536436865217274114e-02,4.318543064198927806e-02,2.218540370160834024e-02,3.425469436137826978e-02,1.508661332471241193e-02,1.140925132681376054e-02,3.619440178884129194e-02,2.023222608367682487e-02,3.152024569627414480e-02,2.319566798674533095e-02,2.972871036396454794e-02,1.076268218432608649e-02,7.597187424230178801e-03,2.249521808238368406e-02,4.620275330693175697e-02,5.156388911339206127e-02,2.070368275007408720e-02,6.864409062744147860e-02,8.231633395296208966e-02,1.060373393679786697e-01,1.962606751259462698e-02,1.193458875508499745e-01,5.553759530159756153e-02,9.717395403971011703e-02,5.471591368301947922e-02,1.275761739270993289e-01,4.292949702308790361e-02,5.114631320886877525e-02,3.527842883698375370e-02,2.427328322422479118e-02,4.579864759287696069e-02,5.649397882486058287e-02,7.973005738301139345e-02,4.484226406961394629e-02,1.495864651526172540e-01,1.405075567768528377e-01,3.131819283924675013e-02,9.202834128074570408e-02,2.750074086047576971e-01,1.237506398340472574e-01,1.731727686629488949e-01,1.162477437430965294e-01,3.189741102939195466e-02,8.242409547671003534e-02
3.020016703036181027e-02,5.502572806379481957e-02,3.518413750370430471e-02,1.970688865540558624e-02,7.757482690805247993e-02,0.000000000000000000e+00,1.169347234569896865e-01,2.143107303537272051e-02,1.201945095503650363e-01,6.910207710337024078e-02,1.044613270831649537e-01,5.707319701500579434e-02,1.684582019989762647e-01,4.391282092728791137e-02,5.513348958754276524e-02,3.751448045475363341e-02,2.939195560225221424e-02,6.120854548883321311e-02,5.994234758479485142e-02,1.113715347935019806e-01,5.105202187558931931e-02,1.947924243648805065e-01,1.520784503892884942e-01,5.328807349335919902e-02,1.316845820199897543e-01,2.816078019343193350e-01,1.715698159971981995e-01,2.350548236752067754e-01,1.526980791508391888e-01,3.398529055200840560e-02,1.053234192731485191e-01,4.445162854602763974e-02,3.138554379158921270e-02,5.335542444570166160e-02,2.711549341307686184e-02,4.170370969045502502e-02,1.848110132277270418e-02,1.410328942051240590e-02,4.431692664134270765e-02,2.469085912874808067e-02,3.900967159675637619e-02,2.861068455507960809e-02,3.659850750289608823e-02,1.326813761146582692e-02,9.523424661224709487e-03,2.738489722244672603e-02,5.695196530078935199e-02,6.449527196314555622e-02,2.545865998545219361e-02,8.272043966701689288e-02,1.023869177510169926e-01,1.287615506883267313e-01,2.425981303375629797e-02,1.478892211535871026e-01,6.725666100918667456e-02,1.181335704086855787e-01,6.705460815215927295e-02,1.552708855303213953e-01,5.242598130337562667e-02,6.293272986880034392e-02,4.376464883213448953e-02,2.976912093537002757e-02,5.723483930062771285e-02,7.001805005522777903e-02,9.955817775263342551e-02,5.450039063552358787e-02,1.859963899889544303e-01,1.752202376141598628e-01,3.909049273956733545e-02,1.135537056493978875e-01,3.412538053288073359e-01,1.543279721975268637e-01,2.115358711172176109e-01,1.448718984886446237e-01,3.878067835879199510e-02,1.018346399418087744e-01
3.795899674021390585e-02,6.687949567606886470e-02,4.282173549933995793e-02,2.446186589078369611e-02,9.570570327864436067e-02,1.169347234569896865e-01,0.000000000000000000e+00,2.603787817559740161e-02,1.463805598211158632e-01,8.565694118914841948e-02,1.293811794498774259e-01,7.073197015005791566e-02,2.084107869285271586e-01,5.327460330289070234e-02,6.731054177106064740e-02,4.536760149788517799e-02,3.622134216977827836e-02,7.493466957622781088e-02,7.322395538672916981e-02,1.334357067808938924e-01,6.309437215442226243e-02,2.335461623427355360e-01,1.853767612274037635e-01,6.512837091516474053e-02,1.611438885745844485e-01,3.430318704706484811e-01,2.088148926425819618e-01,2.874134540262399118e-01,1.855384035130256681e-01,4.053180311969611233e-02,1.284652064980198738e-01,5.487755596864139773e-02,3.898273121581938977e-02,6.638109862873460554e-02,3.393140979013443276e-02,5.157735930386055795e-02,2.277809208222204146e-02,1.745736684716722026e-02,5.520084053988523476e-02,3.098143807753441642e-02,4.854656644844958235e-02,3.572294512244403308e-02,4.488267464101942245e-02,1.648751313343570571e-02,1.146313208868773338e-02,3.401223093294539201e-02,6.898084538915380537e-02,7.762870766992645277e-02,3.118349093456181456e-02,1.033433012742800139e-01,1.246935531668417751e-01,1.604838492416282847e-01,2.993076322099194608e-02,1.794498774212667236e-01,8.386540585683881222e-02,1.465287319162693058e-01,8.222204261968264760e-02,1.931086505563188727e-01,6.481855653438939324e-02,7.702254909884426182e-02,5.301866968398933483e-02,3.632910369352622404e-02,6.925024919852366956e-02,8.495649128478677259e-02,1.197499932649047638e-01,6.741830329480859307e-02,2.236455723483929958e-01,2.102157924513052556e-01,4.728036854441122067e-02,1.380425119211185769e-01,4.143026482394461252e-01,1.855384035130256681e-01,2.595301597564589335e-01,1.749912443761954817e-01,4.736118968722217992e-02,1.240200436434171216e-01
7.152671138769902022e-03,1.227134351679732768e-02,7.987822947816481875e-03,4.525983997413723578e-03,1.713408227592338323e-02,2.143107303537272051e-02,2.603787817559740161e-02,0.000000000000000000e+00,2.671138769902206556e-02,1.549071903876720821e-02,2.354589293892615787e-02,1.325466742099733371e-02,3.756836121662760625e-02,9.658126565909641581e-03,1.267544923085212397e-02,8.297637328591825692e-03,6.613863520030173644e-03,1.356448180177267752e-02,1.348366065896171827e-02,2.481209084296451955e-02,1.157089361243567906e-02,4.309113930870982212e-02,3.480697217058649484e-02,1.244645599288773941e-02,2.902826045960289758e-02,6.335030577332363688e-02,3.798593712115089227e-02,5.172553139901397978e-02,3.354077426654812621e-02,7.368194186265793373e-03,2.345160160564670540e-02,9.887119803874026142e-03,7.071849995958942765e-03,1.212317142164390238e-02,6.169347234569896865e-03,9.321371804197311345e-03,4.175759045232899265e-03,3.246315902906866946e-03,9.954470756216492189e-03,5.563188663487701573e-03,8.903795899674021852e-03,6.465691424876747473e-03,8.257226757186346064e-03,3.003852474473989176e-03,2.141760284490422904e-03,6.371400091597295007e-03,1.248686656429321903e-02,1.445351437269322935e-02,5.684420377704140458e-03,1.845416094183571776e-02,2.257603922519464332e-02,2.877232684070152660e-02,5.468897330208249107e-03,3.297502626687141142e-02,1.507314313424391872e-02,2.629381179449877259e-02,1.532907675314528970e-02,3.478003178964950842e-02,1.178641665993157214e-02,1.434575284894528367e-02,9.536894851693202696e-03,6.627333710498666854e-03,1.258115789757267150e-02,1.528866618173981007e-02,2.225275465395080629e-02,1.233869446913979373e-02,4.081467711953447319e-02,3.915784369190980496e-02,8.822974756863062595e-03,2.518925617608232942e-02,7.680702605134837047e-02,3.425469436137826978e-02,4.676850130660847871e-02,3.213987445782483243e-02,8.674802661709637291e-03,2.233357579676176555e-02
3.805328807349336179e-02,6.860368005603599550e-02,4.406099302244134014e-02,2.473126970015356030e-02,9.678331851612381742e-02,1.201945095503650363e-01,1.463805598211158632e-01,2.671138769902206556e-02,0.000000000000000000e+00,8.630351033163609353e-02,1.306743177348527740e-01,7.110913548317572552e-02,2.110509442603518415e-01,5.471591368301947922e-02,6.834774643713462106e-02,4.688973302082491412e-02,3.671973921711253058e-02,7.652415205151000266e-02,7.493466957622781088e-02,1.380425119211185769e-01,6.371400091597295701e-02,2.412511112907136379e-01,1.897815135106010465e-01,6.662356205716749025e-02,1.643497939060858393e-01,3.501980117998868547e-01,2.131927045448422653e-01,2.933672782133139312e-01,1.899431557962229511e-01,4.210781540450982130e-02,1.310245426870335905e-01,5.521431073035372450e-02,3.918478407284679138e-02,6.663703224763597999e-02,3.395835017107141918e-02,5.269538511274549086e-02,2.312831703440286490e-02,1.765941970419461840e-02,5.512001939707427550e-02,3.111613998221934851e-02,4.868126835313451445e-02,3.552089226541663147e-02,4.594681968803038946e-02,1.660874484765214459e-02,1.177294646946307893e-02,3.456450874215361707e-02,7.101484414989628347e-02,8.074032166814838762e-02,3.165494760095907689e-02,1.040033406072361916e-01,1.271451278321075462e-01,1.614941135267652650e-01,3.017322664942482385e-02,1.843934373232037627e-01,8.404051833292923435e-02,1.471618308682884901e-01,8.329965785716210436e-02,1.943074975080147648e-01,6.574799967671543510e-02,7.797893262210728316e-02,5.423098682615372368e-02,3.698914302648239477e-02,7.098790376895929011e-02,8.723295347396212152e-02,1.240065734529486180e-01,6.778199843745789932e-02,2.317411568199574390e-01,2.176648077803820247e-01,4.856003663891807209e-02,1.413427085858993959e-01,4.243244699480050453e-01,1.920175651283709262e-01,2.654974541340014427e-01,1.801503273256283844e-01,4.889679140063040580e-02,1.267814326894582400e-01
2.236051617769875197e-02,3.965624073924405024e-02,2.521619655701931584e-02,1.449392494409870898e-02,5.723483930062771285e-02,6.910207710337024078e-02,8.565694118914841948e-02,1.549071903876720821e-02,8.630351033163609353e-02,0.000000000000000000e+00,7.671273471806891453e-02,4.154206740483310650e-02,1.229963091678116377e-01,3.231498693391524762e-02,3.980441283439747902e-02,2.711549341307686184e-02,2.135025189256176126e-02,4.434386702227969407e-02,4.346830464182763198e-02,7.991864004957030532e-02,3.751448045475363341e-02,1.392413588728144691e-01,1.097281715563458021e-01,3.852474473989062065e-02,9.555753118349093189e-02,2.024973733128586362e-01,1.229963091678116377e-01,1.697378700934831230e-01,1.098494032705622514e-01,2.430022360516177760e-02,7.548694738543602900e-02,3.176270912470702257e-02,2.242786713004121801e-02,3.825534093052075646e-02,1.951830598884668130e-02,3.086020636331797753e-02,1.351060103989870469e-02,1.011611304183841244e-02,3.209946388641935627e-02,1.799617446590694864e-02,2.819310865055631860e-02,2.062286160726312795e-02,2.677873865136453160e-02,9.685066946846628000e-03,6.735095234246612529e-03,2.016487513133435536e-02,4.117837226218378638e-02,4.594681968803038946e-02,1.835986960855626529e-02,6.124895606023868927e-02,7.241574395861957725e-02,9.425092270804709405e-02,1.752471779950968631e-02,1.059161076537622204e-01,4.927395673374821566e-02,8.616880842695115450e-02,4.869473854360300419e-02,1.134459441256499418e-01,3.859209569223309017e-02,4.555618416444408292e-02,3.156065626767962790e-02,2.161965570193162545e-02,4.081467711953447319e-02,5.023034025701123700e-02,7.120342681645518146e-02,4.006034645329884653e-02,1.328968991621541640e-01,1.255556453568253406e-01,2.768124141275357664e-02,8.203345995312373573e-02,2.445782483364314641e-01,1.100245157466526597e-01,1.551900643875104291e-01,1.037743473692717966e-01,2.881273741210700623e-02,7.337212748188259859e-02
3.418734340903580721e-02,6.003663891807430042e-02,3.867291683504404942e-02,2.192947008270696926e-02,8.536059699884156193e-02,1.044613270831649537e-01,1.293811794498774259e-01,2.354589293892615787e-02,1.306743177348527740e-01,7.671273471806891453e-02,0.000000000000000000e+00,6.353888843988253488e-02,1.860368005603599273e-01,4.803469921064684039e-02,6.080443977477841683e-02,4.103020016703036454e-02,3.244968883860017972e-02,6.709501872356475605e-02,6.612516500983324497e-02,1.209623104070691596e-01,5.658827015814003880e-02,2.108623615937929296e-01,1.676634607613351757e-01,5.882432177590991157e-02,1.441040976319405142e-01,3.072685147767989511e-01,1.867776610361270573e-01,2.563781351868315572e-01,1.660470379051159906e-01,3.634257388399472072e-02,1.151162477437430998e-01,4.865432797219752803e-02,3.475309140871252200e-02,5.933618901371265353e-02,3.033486893504674237e-02,4.664726959239203635e-02,2.060939141679463474e-02,1.574665265766857919e-02,4.854656644844958235e-02,2.765430103181659022e-02,4.326625178480023731e-02,3.154718607721113122e-02,4.045098197688515307e-02,1.468250761065761391e-02,1.037204666073978342e-02,3.044263045879468804e-02,6.209757805975376493e-02,7.003152024569626877e-02,2.796411541259193403e-02,9.231121528058407188e-02,1.109404886985101979e-01,1.426358468708747440e-01,2.656321560386864025e-02,1.612785904792693736e-01,7.475955710013740263e-02,1.304318543064199032e-01,7.311619386298122414e-02,1.723510870443707987e-01,5.808346130014278158e-02,6.888655405587434943e-02,4.734771949675368324e-02,3.285379455265497600e-02,6.194940596460033616e-02,7.616045690886069641e-02,1.083946226999649709e-01,6.009051967994827326e-02,2.014466984563161589e-01,1.889733020824914400e-01,4.225598749966324313e-02,1.235620571674883456e-01,3.702147148360677709e-01,1.671515935235324268e-01,2.333306392952396446e-01,1.572914141005953836e-01,4.295643740402489003e-02,1.104420916511759526e-01
1.911420027479188502e-02,3.273256283843853365e-02,2.094614617850696497e-02,1.210970123117540917e-02,4.698402435410437006e-02,5.707319701500579434e-02,7.073197015005791566e-02,1.325466742099733371e-02,7.110913548317572552e-02,4.154206740483310650e-02,6.353888843988253488e-02,0.000000000000000000e+00,1.013497130849430189e-01,2.656321560386864025e-02,3.385058864732347350e-02,2.217193351113984703e-02,1.774024084700557766e-02,3.661197769336458491e-02,3.577682588431800592e-02,6.601740348608529929e-02,3.166841779142757357e-02,1.143080363156335072e-01,9.220345375683612621e-02,3.262480131469058797e-02,7.853121043131550127e-02,1.700207440933214909e-01,1.018481101322772642e-01,1.396589347773377621e-01,9.050620975780597488e-02,2.000323284571243684e-02,6.293272986880034392e-02,2.675179827042754518e-02,1.881785608448503441e-02,3.235539750532072378e-02,1.639322180015625324e-02,2.533742827123575472e-02,1.122066866025485561e-02,8.526630566556210253e-03,2.689997036558097049e-02,1.505967294377542551e-02,2.366712465314259675e-02,1.725531399013982212e-02,2.205070179692340815e-02,8.028233519221961503e-03,5.684420377704140458e-03,1.706673132358091372e-02,3.374282712357552783e-02,3.808022845443034821e-02,1.531560656267679649e-02,5.023034025701123700e-02,6.003663891807430042e-02,7.801934319351275238e-02,1.476332875346857490e-02,8.709825156927719636e-02,4.074732616719200368e-02,7.149977100676203901e-02,4.129960397640022873e-02,9.403539966055120269e-02,3.180311969611250567e-02,3.860556588270157991e-02,2.576847436622753743e-02,1.792882351356448259e-02,3.358118483795360931e-02,4.109755111937282712e-02,5.875697082356744205e-02,3.383711845685497682e-02,1.087448476521458013e-01,1.044074463212909809e-01,2.335731027236725293e-02,6.778199843745789932e-02,2.052183517874942853e-01,9.077561356717583907e-02,1.275896441175678186e-01,8.583205366523882773e-02,2.364018427220561033e-02,6.052156577494005596e-02
5.464856273067700970e-02,9.655432527815943633e-02,6.205716748834828184e-02,3.527842883698375370e-02,1.376518763975322635e-01,1.684582019989762647e-01,2.084107869285271586e-01,3.756836121662760625e-02,2.110509442603518415e-01,1.229963091678116377e-01,1.860368005603599273e-01,1.013497130849430189e-01,0.000000000000000000e+00,7.661844338478945859e-02,9.667555699237587175e-02,6.577494005765241458e-02,5.206228616072631349e-02,1.083946226999649709e-01,1.059295778442307240e-01,1.927718957946065459e-01,9.022333575796762095e-02,3.373205097120073326e-01,2.675179827042754588e-01,9.407581023195668579e-02,2.321991432958862012e-01,4.937363614321506611e-01,3.001831945903715160e-01,4.140197742396077296e-01,2.670061154664726821e-01,5.886473234731538773e-02,1.846763113230421027e-01,7.886796519302782804e-02,5.571270777768797672e-02,9.488402166006627836e-02,4.834451359142218074e-02,7.473261671920040927e-02,3.273256283843853365e-02,2.504108408092890412e-02,7.939330262129906668e-02,4.427651606993723149e-02,6.951965300789353375e-02,5.114631320886877525e-02,6.492631805813733892e-02,2.370753522454807638e-02,1.656833427624666497e-02,4.927395673374821566e-02,9.923489318138958848e-02,1.130283682211266488e-01,4.488267464101942245e-02,1.482529162962364366e-01,1.790323015167434584e-01,2.308251838680998869e-01,4.299684797543037312e-02,2.588027694711603210e-01,1.203561518359869548e-01,2.099329184514669155e-01,1.181470405991540684e-01,2.775263342223658891e-01,9.342924108946901174e-02,1.103073897464910136e-01,7.659150300385247911e-02,5.221045825587973532e-02,9.965246908591288144e-02,1.226460842156308073e-01,1.734017619009132760e-01,9.651391470675395323e-02,3.225437107680702575e-01,3.046283574449742959e-01,6.832080605619762770e-02,1.990220641719873951e-01,5.961502195641046331e-01,2.681780220372316226e-01,3.750505132142568643e-01,2.525930116651849411e-01,6.873838196072092066e-02,1.781432689458228857e-01
1.379347503973706209e-02,2.510843503327137016e-02,1.582747380047953845e-02,9.038497804358953946e-03,3.584417683666046850e-02,4.391282092728791137e-02,5.327460330289070234e-02,9.658126565909641581e-03,5.471591368301947922e-02,3.231498693391524762e-02,4.803469921064684039e-02,2.656321560386864025e-02,7.661844338478945859e-02,0.000000000000000000e+00,2.508149465233438374e-02,1.708020151404940692e-02,1.365877313505212999e-02,2.782941350790700194e-02,2.734448665104124640e-02,5.106549206605781599e-02,2.362671408173711712e-02,8.856650233034295272e-02,6.892696462727983253e-02,2.451574665265766895e-02,6.046768501306608312e-02,1.276435248794418054e-01,7.816751528866618115e-02,1.074517093671704532e-01,7.020663272178669090e-02,1.561195075298364709e-02,4.784611654408793546e-02,1.996282227430695722e-02,1.398205770629596702e-02,2.392305827204396773e-02,1.231175408820280731e-02,1.912767046526037823e-02,8.526630566556210253e-03,6.384870282065788216e-03,1.984159056009051833e-02,1.118025808884937598e-02,1.741695627576174063e-02,1.271585980225760359e-02,1.698591018076995446e-02,5.967294377542498723e-03,4.323931140386325436e-03,1.250033675476171224e-02,2.601093779466041520e-02,2.928419407850426856e-02,1.163824456477814510e-02,3.851127454942213091e-02,4.613540235458929439e-02,5.894555349012634698e-02,1.089738408901101858e-02,6.720278024731270172e-02,3.127778226784126703e-02,5.444650987364961503e-02,3.100837845847140284e-02,7.154018157816752210e-02,2.431369379563027081e-02,2.871844607882755376e-02,2.001670303618093005e-02,1.391470675395350097e-02,2.574153398529055101e-02,3.184353026751798182e-02,4.530025054554271541e-02,2.522966674748780905e-02,8.503731242759772491e-02,7.939330262129906668e-02,1.767288989466311161e-02,5.186023330369891188e-02,1.544357337212748094e-01,7.030092405506613296e-02,9.803604622969368243e-02,6.586923139093187052e-02,1.838680998949325171e-02,4.672809073520299561e-02
1.806352541824941468e-02,3.146636493440017196e-02,2.039386836929874339e-02,1.163824456477814510e-02,4.450550930790161258e-02,5.513348958754276524e-02,6.731054177106064740e-02,1.267544923085212397e-02,6.834774643713462106e-02,3.980441283439747902e-02,6.080443977477841683e-02,3.385058864732347350e-02,9.667555699237587175e-02,2.508149465233438374e-02,0.000000000000000000e+00,2.140413265443573410e-02,1.690508903795899520e-02,3.511678655136183519e-02,3.469921064683854917e-02,6.394299415393733810e-02,2.989035264958646645e-02,1.109943694603841707e-01,8.915919071095665394e-02,3.130472264877825345e-02,7.485384843341684469e-02,1.630027748592365044e-01,9.819768851531560094e-02,1.331393625905870348e-01,8.711172175974568610e-02,1.895255798916996651e-02,6.033298310838115103e-02,2.531048789029876830e-02,1.815781675152886715e-02,3.118349093456181456e-02,1.585441418141652486e-02,2.390958808157547452e-02,1.065492066057814081e-02,8.324577709528812111e-03,2.551254074732616645e-02,1.438616342035076330e-02,2.271074112987957541e-02,1.663568522858913101e-02,2.082491446429052609e-02,7.678008567041138058e-03,5.428486758802769478e-03,1.620463913359734831e-02,3.230151674344675095e-02,3.685444112179746268e-02,1.460168646784665465e-02,4.771141463940300337e-02,5.798916996686333258e-02,7.381664376734287103e-02,1.421105094426035158e-02,8.374417414262237680e-02,3.879414854926048484e-02,6.798405129448530093e-02,3.960235997737007740e-02,8.971146852016487205e-02,3.014628626848783743e-02,3.716425550257280302e-02,2.469085912874808067e-02,1.710714189498639681e-02,3.244968883860017972e-02,3.964277054877556050e-02,5.726177968156469927e-02,3.238233788625771020e-02,1.053368894636170089e-01,1.004472103235539704e-01,2.252215846332067048e-02,6.469732482017295783e-02,1.971362375063983319e-01,8.785258223551281609e-02,1.208276085023842206e-01,8.242409547671003534e-02,2.221234408254532666e-02,5.771976615749346839e-02
1.175947627899458572e-02,2.136372208303025447e-02,1.378000484926856888e-02,7.691478757509631267e-03,3.015975645895633064e-02,3.751448045475363341e-02,4.536760149788517799e-02,8.297637328591825692e-03,4.688973302082491412e-02,2.711549341307686184e-02,4.103020016703036454e-02,2.217193351113984703e-02,6.577494005765241458e-02,1.708020151404940692e-02,2.140413265443573410e-02,0.000000000000000000e+00,1.155742342196718585e-02,2.362671408173711712e-02,2.349201217705218503e-02,4.307766911824133238e-02,1.989547132196449117e-02,7.531183490934562075e-02,5.936312939464963995e-02,2.071715294054258041e-02,5.117325358980576167e-02,1.091085427947951214e-01,6.655621110482502767e-02,9.139524232872653364e-02,5.913413615668525886e-02,1.314690589724938630e-02,4.077426654812899010e-02,1.739001589482475421e-02,1.213664161211239559e-02,2.062286160726312795e-02,1.049327837495622230e-02,1.627199008593981436e-02,7.220022091112368069e-03,5.415016568334276269e-03,1.733613513295078137e-02,9.536894851693202696e-03,1.499232199143295946e-02,1.103208599369595068e-02,1.426493170613432442e-02,5.212963711306878127e-03,3.677361997898650082e-03,1.057409951776718156e-02,2.232010560629327234e-02,2.517578598561383621e-02,9.819768851531560094e-03,3.223416579110428837e-02,3.964277054877556050e-02,5.016298930466876749e-02,9.388722756539777392e-03,5.751771330046606678e-02,2.625340122309329297e-02,4.589293892615641662e-02,2.572806379482205780e-02,6.075055901290444399e-02,2.039386836929874339e-02,2.431369379563027081e-02,1.713408227592338323e-02,1.161130418384115869e-02,2.221234408254532666e-02,2.727713569869878035e-02,3.880761873972898152e-02,2.112125865459737670e-02,7.291414100595382253e-02,6.814569358010721944e-02,1.500579218190145267e-02,4.403405264150435372e-02,1.316845820199897543e-01,6.023869177510170203e-02,8.286861176217032166e-02,5.654785958673455570e-02,1.534254694361378291e-02,3.954847921549610457e-02
9.523424661224709487e-03,1.682426789514803595e-02,1.065492066057814081e-02,6.101996282227430818e-03,2.417899189094533871e-02,2.939195560225221424e-02,3.622134216977827836e-02,6.613863520030173644e-03,3.671973921711253058e-02,2.135025189256176126e-02,3.244968883860017972e-02,1.774024084700557766e-02,5.206228616072631349e-02,1.365877313505212999e-02,1.690508903795899520e-02,1.155742342196718585e-02,0.000000000000000000e+00,1.871009456073708874e-02,1.846763113230421097e-02,3.401223093294539201e-02,1.602952665750693659e-02,5.918801691855923169e-02,4.680891187801395487e-02,1.654139389530967855e-02,4.062609445297556826e-02,8.618227861741964424e-02,5.246639187478110977e-02,7.221369110159217564e-02,4.670115035426600919e-02,1.039898704167676984e-02,3.220722541016730195e-02,1.353754142083569111e-02,9.509954470756216277e-03,1.617769875266036189e-02,8.284167138123332483e-03,1.305261456396993383e-02,5.697890568172633667e-03,4.283520568980845808e-03,1.352407123036719790e-02,7.597187424230178801e-03,1.182682723133705177e-02,8.620921899835664454e-03,1.142272151728225375e-02,4.094937902421940008e-03,2.896090950726043067e-03,8.607451709367171244e-03,1.748430722810420668e-02,1.957218675072065414e-02,7.853121043131549781e-03,2.576847436622753743e-02,3.073897464910153865e-02,3.992564454861391443e-02,7.449015329076753497e-03,4.517901883132627305e-02,2.093267598803847176e-02,3.658503731242759849e-02,2.069021255960559399e-02,4.798081844877286756e-02,1.632587084781378720e-02,1.932972332228777637e-02,1.338936932568226580e-02,9.267491042323338507e-03,1.744389665669872705e-02,2.135025189256176126e-02,3.044263045879468804e-02,1.712061208545489002e-02,5.685767396750990299e-02,5.384035130256741714e-02,1.193458875508499745e-02,3.490126350386594384e-02,1.043131549880115250e-01,4.694361378269888696e-02,6.586923139093187052e-02,4.402058245103585704e-02,1.223093294539184805e-02,3.127778226784126703e-02
1.957218675072065414e-02,3.495514426573991668e-02,2.240092674910423159e-02,1.271585980225760359e-02,4.969153263827150863e-02,6.120854548883321311e-02,7.493466957622781088e-02,1.356448180177267752e-02,7.652415205151000266e-02,4.434386702227969407e-02,6.709501872356475605e-02,3.661197769336458491e-02,1.083946226999649709e-01,2.782941350790700194e-02,3.511678655136183519e-02,2.362671408173711712e-02,1.871009456073708874e-02,0.000000000000000000e+00,3.820146016864678362e-02,7.000457986475928929e-02,3.266521188609607107e-02,1.224844419300088888e-01,9.667555699237587175e-02,3.394487998060292250e-02,8.374417414262237680e-02,1.787628977073735803e-01,1.092297745090115568e-01,1.496807564858967099e-01,9.655432527815943633e-02,2.124249036881381558e-02,6.686602548560036108e-02,2.834128074570974390e-02,2.029957703601929092e-02,3.448368759934265781e-02,1.753818798997817952e-02,2.669791750855357235e-02,1.171906570758910610e-02,9.065438185295940365e-03,2.835475093617823711e-02,1.594870551469597733e-02,2.505455427139739732e-02,1.837333979902475850e-02,2.330342951049328010e-02,8.526630566556210253e-03,5.994234758479485142e-03,1.769983027560009803e-02,3.607317007462485653e-02,4.073385597672351394e-02,1.621810932406584152e-02,5.308602063633179741e-02,6.489937767720035944e-02,8.258573776233195385e-02,1.551765941970419463e-02,9.326759880384709323e-02,4.329319216573722373e-02,7.579676176621137629e-02,4.267356340418653610e-02,9.966593927638137118e-02,3.354077426654812621e-02,4.016810797704679220e-02,2.770818179369056306e-02,1.899296856057544614e-02,3.623481236024677504e-02,4.437080740321668049e-02,6.298661063067431676e-02,3.507637597995635903e-02,1.177833454565047483e-01,1.106980252700773132e-01,2.481209084296451955e-02,7.203857862550176738e-02,2.164390204477491253e-01,9.718742423017862064e-02,1.347827258277431994e-01,9.146259328106899622e-02,2.471779950968506709e-02,6.465691424876747473e-02
1.937013389369325600e-02,3.433551550418922904e-02,2.227969503488779271e-02,1.254074732616719187e-02,4.842533473423314000e-02,5.994234758479485142e-02,7.322395538672916981e-02,1.348366065896171827e-02,7.493466957622781088e-02,4.346830464182763198e-02,6.612516500983324497e-02,3.577682588431800592e-02,1.059295778442307240e-01,2.734448665104124640e-02,3.469921064683854917e-02,2.349201217705218503e-02,1.846763113230421097e-02,3.820146016864678362e-02,0.000000000000000000e+00,6.950618281742504401e-02,3.184353026751798182e-02,1.212721247878445069e-01,9.652738489722244297e-02,3.343301274280018054e-02,8.169670519141140896e-02,1.753145289474393187e-01,1.068455507960882622e-01,1.465556722972062853e-01,9.477626013631833268e-02,2.078450389288504646e-02,6.545165548640857756e-02,2.745224817478919208e-02,1.970688865540558624e-02,3.371588674263854141e-02,1.717449284732886286e-02,2.664403674667959951e-02,1.174600608852609251e-02,8.998087232953474318e-03,2.738489722244672603e-02,1.562542094345214030e-02,2.466391874781109425e-02,1.795576389450146901e-02,2.310137665346587849e-02,8.338047899997305321e-03,5.940353996605512304e-03,1.724184379967132891e-02,3.537272017026320964e-02,4.043751178641666333e-02,1.593523532422748412e-02,5.210269673213178965e-02,6.340418653519760972e-02,8.083461300142784356e-02,1.503273256283843909e-02,9.240550661386351394e-02,4.236374902341118881e-02,7.356071014844149658e-02,4.120531264312077280e-02,9.772623184891834902e-02,3.300196664780839784e-02,3.915784369190980496e-02,2.696732131792343654e-02,1.861580322745763627e-02,3.560171340822759073e-02,4.369729787979202001e-02,6.244780301193458838e-02,3.374282712357552783e-02,1.153183006007705014e-01,1.085158544141814202e-01,2.407123036719739304e-02,7.043562595975107199e-02,2.108623615937929296e-01,9.619063013551011621e-02,1.329103693526226537e-01,9.016945499609364811e-02,2.466391874781109425e-02,6.283843853552088798e-02
3.468574045637005249e-02,6.333683558285514714e-02,4.077426654812899010e-02,2.285891322503300072e-02,8.891672728252376923e-02,1.113715347935019806e-01,1.334357067808938924e-01,2.481209084296451955e-02,1.380425119211185769e-01,7.991864004957030532e-02,1.209623104070691596e-01,6.601740348608529929e-02,1.927718957946065459e-01,5.106549206605781599e-02,6.394299415393733810e-02,4.307766911824133238e-02,3.401223093294539201e-02,7.000457986475928929e-02,6.950618281742504401e-02,0.000000000000000000e+00,5.890514291872087083e-02,2.238880357768258944e-01,1.761900913278913738e-01,6.147794929820307730e-02,1.508661332471241123e-01,3.229208761011880813e-01,1.968398933160915021e-01,2.687168296559713232e-01,1.748296020905735493e-01,3.874026778738651200e-02,1.204639133597349004e-01,5.037851235216465884e-02,3.574988550338101950e-02,6.141059834586060778e-02,3.135860341065222628e-02,4.847921549610711284e-02,2.140413265443573410e-02,1.629893046687680078e-02,4.983970473342493046e-02,2.870497588835906055e-02,4.478838330773997345e-02,3.239580807672620688e-02,4.233680864247420239e-02,1.526172580080282365e-02,1.093779466041649821e-02,3.153371588674264148e-02,6.534389396266063188e-02,7.423421967186616399e-02,2.920337293569330930e-02,9.501872356475120351e-02,1.167192004094937952e-01,1.465691424876747750e-01,2.789676446024946799e-02,1.696435787602036671e-01,7.765564805086344613e-02,1.354562353511678530e-01,7.665885395619494169e-02,1.780759179934804370e-01,6.044074463212909670e-02,7.273902852986341427e-02,5.016298930466876749e-02,3.464532988496457633e-02,6.570758910530995200e-02,8.024192462081414234e-02,1.156146447910773450e-01,6.304049139254828960e-02,2.146205447345025386e-01,2.007731889328915054e-01,4.476144292680298703e-02,1.302702120207979708e-01,3.901505967294377486e-01,1.776583420889571441e-01,2.439316791939437901e-01,1.666127859047926985e-01,4.530025054554271541e-02,1.165979686952773459e-01
1.668956599046310385e-02,2.933807484037824140e-02,1.869662437026859553e-02,1.066839085104663402e-02,4.224251730919475339e-02,5.105202187558931931e-02,6.309437215442226243e-02,1.157089361243567906e-02,6.371400091597295701e-02,3.751448045475363341e-02,5.658827015814003880e-02,3.166841779142757357e-02,9.023680594843611069e-02,2.362671408173711712e-02,2.989035264958646645e-02,1.989547132196449117e-02,1.602952665750693659e-02,3.266521188609607107e-02,3.184353026751798182e-02,5.890514291872087083e-02,0.000000000000000000e+00,1.027775532746033060e-01,8.173711576281689206e-02,2.897437969772892474e-02,7.061073843584148024e-02,1.516204639133597321e-01,9.146259328106899622e-02,1.249360165952746599e-01,8.100972547751825181e-02,1.787494275169050975e-02,5.607640292033729684e-02,2.392305827204396773e-02,1.670303618093159706e-02,2.847598265039467599e-02,1.460168646784665465e-02,2.222581427301381987e-02,9.873649613405532932e-03,7.543306662356205963e-03,2.416552170047684550e-02,1.314690589724938630e-02,2.071715294054258041e-02,1.530213637220830328e-02,1.949136560790969488e-02,7.085320186427435975e-03,4.983970473342492699e-03,1.504620275330693230e-02,3.055039198254263372e-02,3.410652226622484101e-02,1.360489237317815715e-02,4.499043616476736812e-02,5.390770225490988665e-02,6.958700396023599632e-02,1.322772704006034729e-02,7.815404509819769141e-02,3.640992483633718330e-02,6.414504701096473971e-02,3.698914302648239477e-02,8.366335299981141060e-02,2.826045960289878464e-02,3.451062798027964423e-02,2.338425065330423935e-02,1.611034780031789584e-02,3.017322664942482385e-02,3.709690455023034045e-02,5.283008701743042990e-02,3.025404779223578311e-02,9.877690670546081242e-02,9.379293623211831799e-02,2.081144427382203288e-02,6.095261186993183866e-02,1.835448153236886870e-01,8.166976481047441561e-02,1.137961690778307583e-01,7.682049624181686021e-02,2.106737789272340386e-02,5.444650987364961503e-02
