0.000000000000000000e+00,2.427839758605629741e-02,1.679437805216977067e-02,6.332631913288601019e-03,3.110731726684400761e-02,4.411005677532060104e-02,4.641283201651645596e-02,1.119625203477984596e-02,5.318219716520427437e-02,3.023385079604557976e-02,3.688410688053361114e-02,2.511216103545479972e-02,7.486004684956525101e-02,1.604002064557112639e-02,1.330051216897605929e-02,1.548417834597212890e-02,1.119625203477984596e-02,2.070512566006273147e-02,2.896335411124786527e-02,4.208520268392424574e-02,2.038750148886330285e-02,7.611069202366299580e-02,6.005081986739190664e-02,2.153888910946123031e-02,5.929646246079326583e-02,1.031087465756144045e-01,6.993687219597410909e-02,9.105887958073609345e-02,5.526660578870051799e-02,1.461071187517370105e-02,4.355421447572160182e-02,1.744947790526859069e-02,1.304244252987652418e-02,2.316671298685829897e-02,1.280422440147695184e-02,2.044705602096319463e-02,6.332631913288601019e-03,6.034859252789136902e-03,1.707229920196927028e-02,1.383650295787509400e-02,1.748918092666851970e-02,1.367769087227537969e-02,1.659586294517012908e-02,5.121689760590780911e-03,4.565847460991781688e-03,1.177194584507880969e-02,2.517171556755469150e-02,2.739508476595068839e-02,8.039861833485527701e-03,2.759359987295032998e-02,3.849207924723071356e-02,5.461150593560169797e-02,1.334021519037598830e-02,5.085957041330844974e-02,3.251677452654146844e-02,4.607535633461706109e-02,2.908246317544765230e-02,7.317266844006828364e-02,2.376225830785722720e-02,1.159328224877913260e-02,2.255131615515940796e-02,1.165283678087902439e-02,1.925596537896533816e-02,2.765315440505022523e-02,4.565847460991781515e-02,1.927581688966530440e-02,6.824949378647715559e-02,6.741573033707864981e-02,1.756858696946837772e-02,5.367848493270337834e-02,1.259776869019732515e-01,6.221463453368801522e-02,9.631952991622662330e-02,6.114265295588994231e-02,1.717155675546909108e-02,5.097867947750824025e-02
2.427839758605629741e-02,0.000000000000000000e+00,3.174256560924286485e-02,1.197046095207845301e-02,5.850240203279469253e-02,8.454758407114781882e-02,8.667169571604399492e-02,2.044705602096319463e-02,1.029102314686147629e-01,5.584229959899948692e-02,6.934132687497518432e-02,4.532099892801842028e-02,1.412037956088458279e-01,3.061102949934490017e-02,2.489379441775519189e-02,2.882439353634811546e-02,2.082423472426251504e-02,3.843252471513081830e-02,5.439313931790209361e-02,7.966411243895660244e-02,3.658633422003414182e-02,1.453329098344383896e-01,1.130742049469964650e-01,3.908762456822964526e-02,1.111684599197999002e-01,1.928177234287529185e-01,1.331043792432604067e-01,1.727875491324889767e-01,1.051137491563107901e-01,2.793107555484972485e-02,8.115297574145392823e-02,3.309246833684043043e-02,2.425854607535633464e-02,4.212490570532417822e-02,2.372255528645729819e-02,3.910747607892960803e-02,1.177194584507880969e-02,1.139476714177948928e-02,3.217929884464208051e-02,2.642236074165243975e-02,3.249692301584150567e-02,2.531067614245444131e-02,3.217929884464208051e-02,9.766943264382418888e-03,8.337634493984991818e-03,2.211458291976019230e-02,4.853694366141263206e-02,5.222932465160598503e-02,1.512685115337277127e-02,5.179259141620677631e-02,7.416524397506650546e-02,1.024536467225155845e-01,2.473498233215547584e-02,9.830468098622305306e-02,6.032874101719140625e-02,8.698931988724341313e-02,5.216977011950609672e-02,1.377893357684519815e-01,4.528129590661849474e-02,2.130067098106165971e-02,4.266089649422320773e-02,2.171755270576090913e-02,3.593123436693532180e-02,5.332115774010402071e-02,8.784293484734188862e-02,3.448207408583793543e-02,1.325286854329614517e-01,1.280422440147695184e-01,3.241751697304164764e-02,1.022352801048159732e-01,2.372652558859729144e-01,1.193671338388851422e-01,1.832492952713701551e-01,1.180370826219875324e-01,3.321157740104022094e-02,9.459244848532973038e-02
1.679437805216977067e-02,3.174256560924286485e-02,0.000000000000000000e+00,8.158970897685313001e-03,3.998094254972803241e-02,5.796641124389566302e-02,5.931631397149322860e-02,1.417397863977448713e-02,7.051256600627307802e-02,3.853178226863064604e-02,4.742525906221463361e-02,3.144479294874340247e-02,9.675626315162583202e-02,2.098304680986223109e-02,1.691348711636955424e-02,1.971255012506451659e-02,1.437249374677412872e-02,2.612458808115297737e-02,3.753920673363243116e-02,5.471076348910151876e-02,2.497320046055504991e-02,9.876126573232223149e-02,7.769881287966014238e-02,2.727597570175090483e-02,7.624965259856275601e-02,1.317544765156628550e-01,9.076110692023663107e-02,1.190098066462857845e-01,7.170365664827092755e-02,1.919641084686544638e-02,5.582244808829951721e-02,2.231309802675983736e-02,1.687378409496962869e-02,2.953904792154683073e-02,1.631794179537062600e-02,2.691864850915154719e-02,8.020010322785563195e-03,7.801643705085957101e-03,2.203517687696033775e-02,1.802517171556755615e-02,2.259101917655933697e-02,1.754873545876841148e-02,2.247191011235954994e-02,6.650256084488029643e-03,5.756938102989637290e-03,1.510699964267280676e-02,3.293365625124072132e-02,3.571286774923571744e-02,1.056100369238099045e-02,3.557390717433596417e-02,5.085957041330844974e-02,7.067137809187279407e-02,1.695319013776948325e-02,6.705840314447929218e-02,4.143010283082542572e-02,6.001111684599198109e-02,3.585182832413546378e-02,9.502918172072895298e-02,3.146464445944336524e-02,1.453130583237384303e-02,2.884424504704808170e-02,1.480922698217334264e-02,2.447691269305594247e-02,3.658633422003414182e-02,5.993171080319212307e-02,2.348433715805772759e-02,9.002660102433794609e-02,8.726724103704291968e-02,2.231309802675983736e-02,6.983761464247428830e-02,1.624846150792075283e-01,8.135149084845356982e-02,1.254615476237741778e-01,8.012069718505578086e-02,2.263072219795926598e-02,6.481518243538333945e-02
6.332631913288601019e-03,1.197046095207845301e-02,8.158970897685313001e-03,0.000000000000000000e+00,1.552388136737205618e-02,2.191606781276055071e-02,2.290864334775876560e-02,5.300353356890459729e-03,2.691864850915154719e-02,1.490848453567316517e-02,1.832294437606701853e-02,1.189105490927859672e-02,3.696351292333346222e-02,8.039861833485527701e-03,6.352483423988565525e-03,7.722237662286099945e-03,5.598126017389922979e-03,1.020367649978163281e-02,1.399531504347480831e-02,2.038750148886330285e-02,9.707388732282527105e-03,3.724143407313296877e-02,2.940008734664708093e-02,1.016397347838170553e-02,2.928097828244729389e-02,5.038313415650930854e-02,3.458133163933775622e-02,4.569817763131774069e-02,2.759359987295032998e-02,7.464168023186564839e-03,2.134037400246158872e-02,8.814070750784134753e-03,6.392186445388493669e-03,1.103743994918013338e-02,6.253225870488743864e-03,1.014412196768174103e-02,3.196093222694246835e-03,2.918172072894747223e-03,8.575852622384564153e-03,6.928177234287529254e-03,8.377337515384920830e-03,6.630404573788065137e-03,8.516298090284670635e-03,2.580696390995354961e-03,2.183666176996069616e-03,5.697383570889744640e-03,1.244689720887759594e-02,1.359828482947552340e-02,4.049708182792710609e-03,1.403501806487473733e-02,1.941477746456505421e-02,2.733553023385079661e-02,6.451740977488387187e-03,2.568785484575376171e-02,1.598046611347123461e-02,2.330567356175804877e-02,1.377694842577520222e-02,3.658633422003414182e-02,1.208957001627823831e-02,5.518719974590066690e-03,1.109699448128002516e-02,5.697383570889744640e-03,9.449319093182991999e-03,1.401516655417477282e-02,2.221384047326001657e-02,9.171397943383490653e-03,3.358875610433954134e-02,3.335053797593996727e-02,8.397189026084885335e-03,2.675983642355183115e-02,6.187715885178862035e-02,3.073013856354468720e-02,4.786199229761384927e-02,3.033310834954540056e-02,8.615555643784491430e-03,2.471513082145551307e-02
3.110731726684400761e-02,5.850240203279469253e-02,3.998094254972803241e-02,1.552388136737205618e-02,0.000000000000000000e+00,1.066026124588081159e-01,1.129153928613967489e-01,2.574740937785365349e-02,1.303053162345654548e-01,7.253742009766943333e-02,8.945090721403899103e-02,5.772819311549608895e-02,1.811648866478738906e-01,3.928613967522928685e-02,3.065073252074482918e-02,3.724143407313296877e-02,2.713701512685115502e-02,4.911263747171159405e-02,6.868622702187636431e-02,9.814586890062333702e-02,4.671060467701591834e-02,1.806685988803747867e-01,1.425139953150434680e-01,4.923174653591138455e-02,1.426331043792432585e-01,2.448882359947592013e-01,1.668122444117997316e-01,2.206495414301028191e-01,1.325286854329614517e-01,3.551435264223607585e-02,1.035256283003136574e-01,4.301822368682256537e-02,3.118672330964386563e-02,5.385714852900305716e-02,3.073013856354468720e-02,5.002580696390995091e-02,1.568269345297177222e-02,1.441219676817405773e-02,4.156906340572517899e-02,3.386667725413904095e-02,4.105292412752610531e-02,3.235796244094175239e-02,4.119188470242585165e-02,1.256600627307738124e-02,1.066026124588081124e-02,2.785166951204986682e-02,6.074562274189065914e-02,6.541072775638226422e-02,1.947433199666494599e-02,6.801127565807757458e-02,9.336165482193195531e-02,1.330249732004605556e-01,3.120657482034382840e-02,1.244094175566760607e-01,7.797673402945963506e-02,1.128558383292968537e-01,6.570850041688172660e-02,1.776313177432802537e-01,5.864136260769444581e-02,2.642236074165243975e-02,5.385714852900305716e-02,2.803033310834954564e-02,4.579743518481756148e-02,6.743558184777861952e-02,1.076745940366061888e-01,4.373287807202128064e-02,1.635565966570055874e-01,1.606979791162107540e-01,4.025886369952753202e-02,1.295906618493667395e-01,2.998769206336602267e-01,1.480327152896335485e-01,2.332949537459800826e-01,1.475364275221344446e-01,4.228371779092388733e-02,1.202604518203835293e-01
4.411005677532060104e-02,8.454758407114781882e-02,5.796641124389566302e-02,2.191606781276055071e-02,1.066026124588081159e-01,0.000000000000000000e+00,1.587128280462143104e-01,3.702306745543335748e-02,1.879541033072616718e-01,1.020367649978163316e-01,1.254019930916742687e-01,8.276094810815103064e-02,2.579505300353356900e-01,5.538571485290030849e-02,4.450708698931988422e-02,5.226902767300591751e-02,3.795608845833167710e-02,6.971850557827451167e-02,9.903918688212172416e-02,1.446579584706396138e-01,6.570850041688172660e-02,2.629928137531266086e-01,2.061976416405288393e-01,7.128677492357168854e-02,2.033588756104339479e-01,3.502799063008694702e-01,2.411958550045658345e-01,3.155596140866319677e-01,1.900186604200579665e-01,5.020447056020962973e-02,1.479136062254337580e-01,6.046770159209115952e-02,4.482471116051931631e-02,7.746059475126057525e-02,4.351451145432167628e-02,7.140588398777146517e-02,2.175725572716083814e-02,2.056616508516298167e-02,5.897883828959384067e-02,4.835828006511295324e-02,5.971334418549251871e-02,4.657164410211617200e-02,5.905824433239369176e-02,1.792591416206773189e-02,1.522610870687259380e-02,4.035812125302735281e-02,8.776352880454202365e-02,9.566443006312780328e-02,2.808988764044943742e-02,9.463215150672965592e-02,1.350498272918569109e-01,1.874379640290625981e-01,4.492396871401913711e-02,1.782864175963790876e-01,1.094215269782030375e-01,1.599237701989121296e-01,9.465200301742962563e-02,2.515186405685472804e-01,8.305872076865049303e-02,3.833326716163099751e-02,7.742089172986063583e-02,3.964346686782864448e-02,6.501369754238298104e-02,9.768928415452415859e-02,1.582363917894151761e-01,6.185730734108865758e-02,2.384364950172708220e-01,2.330368841068805319e-01,5.905824433239369176e-02,1.863461309405645694e-01,4.327232302378211104e-01,2.165601302259101968e-01,3.329693889705006571e-01,2.139198793028149470e-01,6.013022591019176466e-02,1.720133402151903801e-01
4.641283201651645596e-02,8.667169571604399492e-02,5.931631397149322860e-02,2.290864334775876560e-02,1.129153928613967489e-01,1.587128280462143104e-01,0.000000000000000000e+00,3.851193075793067633e-02,1.944256957954500209e-01,1.075356334617064424e-01,1.323500218366617798e-01,8.633422003414459311e-02,2.687100488347163307e-01,5.790685671179576777e-02,4.514233533171874146e-02,5.502838766030095086e-02,3.990153650692817439e-02,7.271608369396910521e-02,1.017588438480168389e-01,1.467622186048358202e-01,6.936117838567515403e-02,2.688291578989160935e-01,2.121530948505181147e-01,7.356969865406758069e-02,2.116965101044189501e-01,3.641561122801444950e-01,2.476872990034541533e-01,3.276094810815102787e-01,1.963115893119466437e-01,5.268590939770516346e-02,1.537102473498233313e-01,6.380275538968516180e-02,4.651208957001627675e-02,8.002143963155596007e-02,4.555921705641799435e-02,7.396672886806686387e-02,2.310715845475840718e-02,2.141978004526144327e-02,6.239329812998769403e-02,5.038313415650930854e-02,6.149998014848929995e-02,4.845753761861277403e-02,6.118235597728987479e-02,1.871997459006630518e-02,1.584150553857148480e-02,4.146980585222535126e-02,8.976853138523842313e-02,9.764958113312423305e-02,2.912216619684758132e-02,1.003295350776194084e-01,1.388811688569500102e-01,1.975026799539444933e-01,4.657164410211617200e-02,1.846587525310676159e-01,1.157938619128915658e-01,1.676063048397982980e-01,9.828482947552308335e-02,2.644221225235240391e-01,8.663199269464405550e-02,3.904792154682971278e-02,7.956485488545678164e-02,4.160876642712510454e-02,6.791201810457775379e-02,1.007662683130186171e-01,1.595465914956128162e-01,6.541072775638226422e-02,2.415134791757652666e-01,2.391114463810695978e-01,6.013022591019176466e-02,1.927581688966530371e-01,4.467383967919958954e-01,2.196569658951046111e-01,3.457140588398777137e-01,2.192400841704053582e-01,6.235359510858776155e-02,1.790209234922777726e-01
1.119625203477984596e-02,2.044705602096319463e-02,1.417397863977448713e-02,5.300353356890459729e-03,2.574740937785365349e-02,3.702306745543335748e-02,3.851193075793067633e-02,0.000000000000000000e+00,4.504307777821892067e-02,2.521141858895462051e-02,3.049192043514511313e-02,2.122126493826180169e-02,6.243300115138761958e-02,1.355858180807559439e-02,1.103743994918013338e-02,1.268511533727716654e-02,9.270655496883313182e-03,1.705244769126930404e-02,2.435780362885615544e-02,3.535554055663635981e-02,1.713185373406916207e-02,6.362409179338547605e-02,5.076031285980862895e-02,1.838249890816691032e-02,4.952951919641084694e-02,8.577837773454559389e-02,5.885972922539405017e-02,7.690475245166157603e-02,4.641283201651645596e-02,1.236749116607773792e-02,3.656648270933417905e-02,1.480922698217334264e-02,1.091833088498034635e-02,1.925596537896533816e-02,1.046174613888116965e-02,1.731051733036884088e-02,5.260650335490530717e-03,5.002580696390995611e-03,1.441219676817405773e-02,1.171239131297891790e-02,1.463056338587366556e-02,1.125580656687973947e-02,1.421368166117441614e-02,4.268074800492317571e-03,3.692380990193353842e-03,1.014412196768174103e-02,2.118156191686187267e-02,2.326597054035811976e-02,6.729662127287886798e-03,2.312700996545836996e-02,3.259618056934132646e-02,4.587684122761741951e-02,1.127565807757970398e-02,4.297852066542263982e-02,2.677968793425179739e-02,3.902807003612975001e-02,2.475483384285544208e-02,6.151983165918926272e-02,2.020883789256362403e-02,9.627982689482669082e-03,1.875967761146623419e-02,9.568428157382777299e-03,1.605987215627109263e-02,2.364314924365744364e-02,3.871044586493031792e-02,1.639734783817048402e-02,5.774804462619605172e-02,5.750982649779648459e-02,1.526581172827252107e-02,4.528129590661849474e-02,1.057688490094096101e-01,5.276531544050502148e-02,8.107356969865406326e-02,5.131615515940762817e-02,1.437249374677412872e-02,4.222416325882399901e-02
5.318219716520427437e-02,1.029102314686147629e-01,7.051256600627307802e-02,2.691864850915154719e-02,1.303053162345654548e-01,1.879541033072616718e-01,1.944256957954500209e-01,4.504307777821892067e-02,0.000000000000000000e+00,1.244689720887759560e-01,1.531941080716242576e-01,1.010441894628181236e-01,3.153015444475324447e-01,6.793186961527772350e-02,5.369833644340334111e-02,6.342557668638583446e-02,4.615476237741691912e-02,8.530194147774645963e-02,1.205780759915829614e-01,1.741573033707865259e-01,7.948544884265693056e-02,3.180807559455274269e-01,2.510620558224481158e-01,8.685035931234366680e-02,2.486997260491523309e-01,4.258347560249334807e-01,2.915591376503751664e-01,3.844642077262079849e-01,2.299598999483860595e-01,6.090443482749037518e-02,1.795767657918767579e-01,7.406598642156668466e-02,5.417477270020248231e-02,9.373883352523126877e-02,5.280501846190495396e-02,8.790248937944176999e-02,2.677968793425179739e-02,2.497320046055504991e-02,7.186246873387064360e-02,5.915750188589351949e-02,7.253742009766943333e-02,5.627903283439869564e-02,7.255727160836940304e-02,2.193591932346051696e-02,1.846190495096676834e-02,4.913248898241156376e-02,1.069400881407075038e-01,1.161511891054909235e-01,3.414459840393854057e-02,1.155754952951919684e-01,1.648866478739031971e-01,2.296621272878865971e-01,5.506809068170087640e-02,2.185651328066065824e-01,1.336602215428594198e-01,1.965498074403461970e-01,1.148409893992932834e-01,3.086115853416445121e-01,1.015404772303172276e-01,4.631357446301663516e-02,9.433437884623019354e-02,4.847738912931274374e-02,7.928693373565728897e-02,1.194266883709850374e-01,1.913090086155556369e-01,7.513796799936475757e-02,2.899511652836780917e-01,2.835192758168896821e-01,7.180291420177074835e-02,2.267638067256918244e-01,5.247151308214554888e-01,2.617223170683288802e-01,4.072934450311668786e-01,2.593202842736332392e-01,7.329177750426807414e-02,2.087981895422241496e-01
3.023385079604557976e-02,5.584229959899948692e-02,3.853178226863064604e-02,1.490848453567316517e-02,7.253742009766943333e-02,1.020367649978163316e-01,1.075356334617064424e-01,2.521141858895462051e-02,1.244689720887759560e-01,0.000000000000000000e+00,8.554015960614602676e-02,5.600111168459919603e-02,1.720331917258903498e-01,3.809504903323143038e-02,2.979711756064636410e-02,3.577242228133561269e-02,2.572755786715369072e-02,4.758407114781434966e-02,6.664152141978003929e-02,9.645849049112636964e-02,4.585698971691745673e-02,1.754278000555842265e-01,1.380077023861515928e-01,4.776273474411402847e-02,1.361416603803549397e-01,2.353992138801762890e-01,1.620875848652082452e-01,2.117362131258188618e-01,1.281812045896692787e-01,3.450192559653789820e-02,9.981339579942033469e-02,4.006034859252789043e-02,2.981696907134633034e-02,5.207051256600627592e-02,2.898320562194783151e-02,4.833842855441299047e-02,1.474967245007345086e-02,1.405486957557470183e-02,3.948465478222892844e-02,3.261603208004128923e-02,3.992138801762814410e-02,3.126612935244372365e-02,3.982213046412832330e-02,1.195060944137848850e-02,1.044189462818120515e-02,2.693850001985150996e-02,5.852225354349466224e-02,6.288958589748680494e-02,1.871997459006630518e-02,6.485488545678326500e-02,8.897447095723984289e-02,1.267518958192718481e-01,3.009489022114582996e-02,1.188311430499860988e-01,7.525707706356453419e-02,1.079525151864056814e-01,6.483503394608329529e-02,1.697105649739945321e-01,5.641799340929844891e-02,2.592607297415333231e-02,5.137570969150752342e-02,2.681939095565172640e-02,4.395124468972088499e-02,6.467622186048357924e-02,1.052328582205105806e-01,4.297852066542263982e-02,1.572239647437169985e-01,1.548616349704212414e-01,3.924643665382935437e-02,1.248660023027752392e-01,2.891968078770794648e-01,1.436455314249414361e-01,2.252352404017945731e-01,1.424544407829435866e-01,4.087426053122642650e-02,1.161313375947909676e-01
3.688410688053361114e-02,6.934132687497518432e-02,4.742525906221463361e-02,1.832294437606701853e-02,8.945090721403899103e-02,1.254019930916742687e-01,1.323500218366617798e-01,3.051177194584507937e-02,1.531941080716242576e-01,8.554015960614602676e-02,0.000000000000000000e+00,6.828919680787708113e-02,2.123516099575177563e-01,4.655179259141620923e-02,3.700321594473339470e-02,4.385198713622106420e-02,3.174256560924286485e-02,5.758923254059634261e-02,8.115297574145392823e-02,1.167070314050899227e-01,5.580259657759955444e-02,2.147933457736133644e-01,1.682415531821971622e-01,5.824433239369516263e-02,1.676857108825981768e-01,2.905665621153769584e-01,1.981776313177432691e-01,2.600150871481319848e-01,1.582363917894151761e-01,4.232342081232381981e-02,1.220073847619803920e-01,5.054194624210902459e-02,3.696351292333346222e-02,6.320721006868622316e-02,3.595108587763529151e-02,5.846269901139476699e-02,1.824353833326716051e-02,1.705244769126930404e-02,4.883471632191209444e-02,3.976257593202842805e-02,4.829872553301306493e-02,3.821415809743121395e-02,4.841783459721284849e-02,1.480922698217334264e-02,1.260570929447731026e-02,3.297335927264064687e-02,7.202128081947035965e-02,7.746059475126057525e-02,2.302775241195854916e-02,8.057728193115495929e-02,1.110294993449001538e-01,1.559137650375193584e-01,3.682455234843371589e-02,1.467622186048358202e-01,9.135665224123555583e-02,1.325683884543613633e-01,7.775836741176003764e-02,2.081827927105252829e-01,6.914281176797554274e-02,3.172271409854290208e-02,6.336602215428593921e-02,3.291380474054075855e-02,5.389685155040298270e-02,7.875094294675824558e-02,1.284988287608687108e-01,5.199110652320641790e-02,1.940286655814507377e-01,1.899591058879580852e-01,4.760392265851431243e-02,1.530948505181244368e-01,3.567316472783578774e-01,1.757851272481835980e-01,2.740104021916067722e-01,1.748521062452852715e-01,4.964862826061063050e-02,1.421566681224441242e-01
2.511216103545479972e-02,4.532099892801842028e-02,3.144479294874340247e-02,1.189105490927859672e-02,5.772819311549608895e-02,8.276094810815103064e-02,8.633422003414459311e-02,2.122126493826180169e-02,1.010441894628181236e-01,5.600111168459919603e-02,6.828919680787708113e-02,0.000000000000000000e+00,1.392384960495493818e-01,3.025370230674554253e-02,2.431810060745622643e-02,2.832810576884900802e-02,2.066542263866280246e-02,3.823400960813117672e-02,5.479016953190137679e-02,7.831420971135903686e-02,3.823400960813117672e-02,1.409655774804462747e-01,1.134712351609957481e-01,4.057648787072696411e-02,1.102155874062016178e-01,1.901774725056576687e-01,1.305236828522650661e-01,1.708619525945924422e-01,1.025132012546154797e-01,2.761345138365029622e-02,8.137134235915352565e-02,3.325128042244014648e-02,2.449676420375590524e-02,4.339540239012188577e-02,2.360344622225751463e-02,3.892881248262992921e-02,1.189105490927859672e-02,1.117640052407988319e-02,3.257632905864136369e-02,2.626354865605272718e-02,3.321157740104022094e-02,2.560844880295390369e-02,3.202048675904236447e-02,9.786794775082383394e-03,8.397189026084885335e-03,2.245205860165958717e-02,4.696867431611545518e-02,5.173303688410688106e-02,1.530551474967245008e-02,5.189184896970659711e-02,7.198157779807043410e-02,1.029300829793147326e-01,2.529082463175447507e-02,9.520784531702862485e-02,6.032874101719140625e-02,8.714813197284312918e-02,5.516734823520069719e-02,1.372136419581530264e-01,4.528129590661849474e-02,2.149918608806130130e-02,4.170802398062492533e-02,2.132052249176162248e-02,3.561361019573589665e-02,5.278516695120498425e-02,8.548060507404613151e-02,3.652677968793425350e-02,1.271290745225711616e-01,1.274268471830706240e-01,3.372771667923928768e-02,1.007464168023186613e-01,2.345455989200778135e-01,1.169651010441894595e-01,1.813832532655735019e-01,1.147417318457934626e-01,3.200063524834240170e-02,9.439393337833008879e-02
7.486004684956525101e-02,1.412037956088458279e-01,9.675626315162583202e-02,3.696351292333346222e-02,1.811648866478738906e-01,2.579505300353356900e-01,2.687100488347163307e-01,6.243300115138761958e-02,3.153015444475324447e-01,1.720331917258903498e-01,2.123714614682177260e-01,1.392384960495493818e-01,0.000000000000000000e+00,9.393734863223091036e-02,7.360940167546750623e-02,8.841862865764084367e-02,6.417993409298447527e-02,1.178584190256878605e-01,1.662564021122007463e-01,2.401040219160678058e-01,1.110096478342001841e-01,4.379044745305117892e-01,3.447810378369793871e-01,1.195656489458847838e-01,3.423591535315837486e-01,5.878032318259419631e-01,4.023702703775757228e-01,5.308293961170444941e-01,3.178226863064279040e-01,8.480565371024735566e-02,2.483026958351530478e-01,1.022749831262158987e-01,7.521737404216460865e-02,1.297296224242664997e-01,7.325207448286814860e-02,1.206376305236828567e-01,3.700321594473339470e-02,3.456148012863778651e-02,1.001111684599197971e-01,8.151030293405328586e-02,1.000317624171199460e-01,7.819510064715924635e-02,9.953547464962084201e-02,3.035295986024536333e-02,2.564815182435383270e-02,6.761424544407829140e-02,1.463850399015365067e-01,1.592091158137134144e-01,4.722674395521499202e-02,1.605391670306110241e-01,2.260690038511930788e-01,3.175646166673283810e-01,7.559455274546393599e-02,2.990630086949616628e-01,1.857505856195656446e-01,2.701592091158137032e-01,1.595664430063127859e-01,4.265891134315321631e-01,1.404494382022472010e-01,6.370349783618532713e-02,1.295311073172668304e-01,6.699884861237939693e-02,1.099575177671020809e-01,1.637948147854051684e-01,2.615436534720292361e-01,1.052924127526104758e-01,3.949458053757891052e-01,3.898042641044983658e-01,9.862230515742248516e-02,3.125421844602374044e-01,7.240242982490967538e-01,3.586373923055544699e-01,5.605471076348910175e-01,3.565728351927581752e-01,1.008258228451185123e-01,2.890975503235796440e-01
1.604002064557112639e-02,3.061102949934490017e-02,2.098304680986223109e-02,8.039861833485527701e-03,3.928613967522928685e-02,5.538571485290030849e-02,5.790685671179576777e-02,1.355858180807559439e-02,6.793186961527772350e-02,3.809504903323143038e-02,4.655179259141620923e-02,3.025370230674554253e-02,9.393734863223091036e-02,0.000000000000000000e+00,1.617898122047087620e-02,1.955373803946480402e-02,1.431293921467423694e-02,2.562830031365386993e-02,3.668559177353396261e-02,5.286457299400484228e-02,2.435780362885615544e-02,9.530710287052844565e-02,7.489974987096517656e-02,2.578711239925358251e-02,7.402628340016675912e-02,1.266129352443720879e-01,8.820026203994124625e-02,1.164886647873903253e-01,7.039345694207328752e-02,1.915670782546551737e-02,5.415492118950251954e-02,2.179695874856076715e-02,1.596061460277127184e-02,2.797077857624965386e-02,1.564299043157184321e-02,2.592607297415333231e-02,8.020010322785563195e-03,7.603128598086314645e-03,2.128081947036169347e-02,1.701274466986937850e-02,2.104260134196212287e-02,1.655615992377020007e-02,2.183666176996069269e-02,6.491443998888315331e-03,5.538571485290030329e-03,1.413427561837455812e-02,3.215944733394211080e-02,3.440266804303807741e-02,1.008456743558184751e-02,3.525628300313653901e-02,4.911263747171159405e-02,6.876563306467621539e-02,1.617898122047087620e-02,6.503354905308293687e-02,4.081470599912653124e-02,5.836344145789494620e-02,3.485925278913725583e-02,9.234922777623377765e-02,3.096835669194425780e-02,1.389605748997498752e-02,2.814944217254933267e-02,1.459086036447373655e-02,2.417914003255647662e-02,3.515702544963671822e-02,5.719220232659705250e-02,2.286894032635883658e-02,8.607615039504505627e-02,8.363441457894946196e-02,2.128081947036169347e-02,6.789216659387779795e-02,1.561122801445190000e-01,7.803628856155953031e-02,1.219478302298804967e-01,7.716282209076111287e-02,2.235280104815976637e-02,6.223448604438797799e-02
1.330051216897605929e-02,2.489379441775519189e-02,1.691348711636955424e-02,6.352483423988565525e-03,3.065073252074482918e-02,4.450708698931988422e-02,4.514233533171874146e-02,1.103743994918013338e-02,5.369833644340334111e-02,2.979711756064636410e-02,3.700321594473339470e-02,2.431810060745622643e-02,7.360940167546750623e-02,1.617898122047087620e-02,0.000000000000000000e+00,1.546432683527216440e-02,1.113669750267995417e-02,2.026839242466351582e-02,2.882439353634811546e-02,4.371302656132131786e-02,2.032794695676341107e-02,7.926708222495731926e-02,6.032874101719140625e-02,2.106245285266208911e-02,5.919720490729344503e-02,1.046770159209115814e-01,7.311311390796840226e-02,9.183308849803470397e-02,5.808552030809544658e-02,1.558343589947194970e-02,4.383213562552110143e-02,1.689363560566959147e-02,1.288363044427680987e-02,2.255131615515940796e-02,1.250645174097748773e-02,1.997061976416405343e-02,6.034859252789136902e-03,6.074562274189065914e-03,1.647675388097034205e-02,1.363798785087545241e-02,1.705244769126930404e-02,1.341962123317584459e-02,1.673482352006987889e-02,4.982729185691031105e-03,4.446738396791995521e-03,1.183150037717870320e-02,2.612458808115297737e-02,2.807003612974947465e-02,7.920752769285742401e-03,2.749434231945050919e-02,3.940524873942907041e-02,5.347996982570373675e-02,1.310199706197641596e-02,5.139556120220748620e-02,3.166315956644300683e-02,4.508278079961885315e-02,2.820899670464922446e-02,7.202128081947035965e-02,2.407988247905665583e-02,1.187120339857863222e-02,2.263072219795926598e-02,1.155357922737920359e-02,1.941477746456505421e-02,2.781196649064993781e-02,4.813991344741334888e-02,1.873982610076626795e-02,7.186246873387064360e-02,6.866637551117639460e-02,1.754873545876841148e-02,5.449239687140191440e-02,1.284789772501687410e-01,6.501369754238298104e-02,9.604160876642713063e-02,6.310795251518640236e-02,1.754873545876841148e-02,5.091912494540834500e-02
1.548417834597212890e-02,2.882439353634811546e-02,1.971255012506451659e-02,7.722237662286099945e-03,3.724143407313296877e-02,5.226902767300591751e-02,5.502838766030095086e-02,1.268511533727716654e-02,6.342557668638583446e-02,3.577242228133561269e-02,4.385198713622106420e-02,2.832810576884900802e-02,8.841862865764084367e-02,1.955373803946480402e-02,1.546432683527216440e-02,0.000000000000000000e+00,1.332036367967602379e-02,2.392107039345694325e-02,3.356890459363957857e-02,4.923174653591138455e-02,2.326597054035811976e-02,8.960971929963870708e-02,7.017509032437369010e-02,2.409973398975662207e-02,6.995672370667407880e-02,1.212133243339818117e-01,8.347560249334974591e-02,1.089847937428038288e-01,6.622463969508080028e-02,1.790606265136776912e-02,5.105808552030809827e-02,2.082423472426251504e-02,1.520625719617262929e-02,2.640250923095247698e-02,1.492833604637312968e-02,2.457617024655576327e-02,7.642831619486242789e-03,7.047286298487314554e-03,2.010958033906380324e-02,1.641719934887045027e-02,2.005002580696391146e-02,1.570254496367173500e-02,2.024854091396355305e-02,6.094413784889030419e-03,5.260650335490530717e-03,1.367769087227537969e-02,3.017429626394568798e-02,3.227855639814190131e-02,9.508873625282883782e-03,3.348949855083972055e-02,4.613491086671695635e-02,6.469607337118354895e-02,1.530551474967245008e-02,6.112280144518997954e-02,3.793623694763171433e-02,5.504823917100091363e-02,3.231825941954182685e-02,8.689006233374359234e-02,2.896335411124786527e-02,1.316155159407630948e-02,2.672013340215190214e-02,1.377694842577520222e-02,2.263072219795926598e-02,3.291380474054075855e-02,5.391670306110295241e-02,2.151903759876126407e-02,8.151030293405328586e-02,7.910827013935760321e-02,1.989121372136419541e-02,6.364394330408544576e-02,1.478739032040338186e-01,7.356969865406758069e-02,1.147417318457934626e-01,7.283519275816889571e-02,2.100289832056219386e-02,5.937586850359312385e-02
1.119625203477984596e-02,2.082423472426251504e-02,1.437249374677412872e-02,5.598126017389922979e-03,2.713701512685115502e-02,3.795608845833167710e-02,3.990153650692817439e-02,9.270655496883313182e-03,4.615476237741691912e-02,2.572755786715369072e-02,3.174256560924286485e-02,2.066542263866280246e-02,6.417993409298447527e-02,1.431293921467423694e-02,1.113669750267995417e-02,1.332036367967602379e-02,0.000000000000000000e+00,1.740977488386866168e-02,2.471513082145551307e-02,3.593123436693532180e-02,1.685393258426966245e-02,6.529161869218247372e-02,5.125660062730773986e-02,1.772739905506809030e-02,5.080001588120856143e-02,8.754516218684241236e-02,6.018978044229165991e-02,7.926708222495731926e-02,4.806050740461349086e-02,1.310199706197641596e-02,3.714217651963314104e-02,1.498789057847302146e-02,1.105729145988009615e-02,1.915670782546551737e-02,1.077937031008059654e-02,1.792591416206773189e-02,5.518719974590066690e-03,5.161392781990709923e-03,1.457100885377377204e-02,1.204986699487831103e-02,1.461071187517370105e-02,1.143447016317941829e-02,1.474967245007345086e-02,4.367332353992139232e-03,3.811490054393139142e-03,9.945606860682097705e-03,2.179695874856076715e-02,2.330567356175804877e-02,6.967880255687457398e-03,2.425854607535633464e-02,3.358875610433954134e-02,4.718704093381506648e-02,1.123595505617977497e-02,4.442768094652003313e-02,2.773256044785007979e-02,4.013975463532774846e-02,2.380196132925715621e-02,6.356453726128558079e-02,2.112200738476198089e-02,9.508873625282883782e-03,1.929566840036526718e-02,9.925755349982133199e-03,1.631794179537062600e-02,2.402032794695676404e-02,3.914717910032953357e-02,1.576209949577162678e-02,5.907809584309366147e-02,5.764878707269623093e-02,1.457100885377377204e-02,4.635327748441656071e-02,1.070989002263072198e-01,5.318219716520427437e-02,8.379322666454917801e-02,5.308293961170445358e-02,1.534521777107237910e-02,4.303807519752252814e-02
2.070512566006273147e-02,3.843252471513081830e-02,2.612458808115297737e-02,1.020367649978163281e-02,4.911263747171159405e-02,6.971850557827451167e-02,7.271608369396910521e-02,1.705244769126930404e-02,8.530194147774645963e-02,4.758407114781434966e-02,5.758923254059634261e-02,3.823400960813117672e-02,1.178584190256878605e-01,2.562830031365386993e-02,2.026839242466351582e-02,2.392107039345694325e-02,1.740977488386866168e-02,0.000000000000000000e+00,4.496367173541906265e-02,6.576805494898162185e-02,3.096835669194425780e-02,1.192877277960852772e-01,9.399690316433080561e-02,3.271528963354111003e-02,9.258744590463334478e-02,1.610354547981101281e-01,1.107515781951006473e-01,1.451740977488386874e-01,8.722753801564299414e-02,2.360344622225751463e-02,6.791201810457775379e-02,2.751419383015047543e-02,2.058601659586294444e-02,3.547464962083614337e-02,1.983165918926430363e-02,3.253662603724143121e-02,1.004486441418191850e-02,9.330210028983204965e-03,2.707746059475125977e-02,2.187636479136062170e-02,2.717671814825108056e-02,2.112200738476198089e-02,2.713701512685115502e-02,8.139119386985350230e-03,6.928177234287529254e-03,1.844205344026680557e-02,3.974272442132846528e-02,4.325644181522213944e-02,1.290348195497677437e-02,4.422916583952038461e-02,6.140072259498947915e-02,8.619525945924484678e-02,2.084408623496248128e-02,8.063683646325485455e-02,5.038313415650930854e-02,7.351014412196768544e-02,4.412990828602056381e-02,1.153174256560924316e-01,3.851193075793067633e-02,1.784650811926787733e-02,3.543494659943621783e-02,1.804502322626751892e-02,3.003533568904593470e-02,4.448723547861992145e-02,7.170365664827092755e-02,2.924127526104736488e-02,1.075356334617064424e-01,1.063246913090086093e-01,2.713701512685115502e-02,8.482550522094731149e-02,1.974431254218446119e-01,9.782824472942390492e-02,1.516456902370270365e-01,9.643863898042641380e-02,2.725612419105093859e-02,7.869138841465835033e-02
2.896335411124786527e-02,5.439313931790209361e-02,3.753920673363243116e-02,1.399531504347480831e-02,6.868622702187636431e-02,9.903918688212172416e-02,1.017588438480168389e-01,2.435780362885615544e-02,1.205780759915829614e-01,6.664152141978003929e-02,8.115297574145392823e-02,5.479016953190137679e-02,1.662564021122007463e-01,3.668559177353396261e-02,2.882439353634811546e-02,3.356890459363957857e-02,2.471513082145551307e-02,4.496367173541906265e-02,0.000000000000000000e+00,9.365942748243141769e-02,4.291896613332274457e-02,1.687378409496962661e-01,1.338587366498590614e-01,4.720689244451502925e-02,1.311192281732639908e-01,2.252947949338944822e-01,1.551594076309207038e-01,2.044507086989319766e-01,1.225433755508794215e-01,3.273514114424107974e-02,9.580339063802754962e-02,3.859133680073053435e-02,2.900305713264779428e-02,5.107793703100806104e-02,2.801048159764957940e-02,4.726644697661491756e-02,1.383650295787509400e-02,1.341962123317584459e-02,3.753920673363243116e-02,3.078969309564457899e-02,3.878985190773017594e-02,3.001548417834597193e-02,3.896851550402985476e-02,1.161313375947909711e-02,9.747091753682454382e-03,2.590622146345336954e-02,5.637829038789851643e-02,6.146027712708937440e-02,1.832294437606701853e-02,6.153968316988922549e-02,8.687021082304363651e-02,1.216699090800809901e-01,2.900305713264779428e-02,1.147615833564934323e-01,7.132647794497161409e-02,1.034065192361138669e-01,6.235359510858776155e-02,1.631595664430063042e-01,5.445269385000198192e-02,2.511216103545479972e-02,4.980744034621034655e-02,2.546948822805415388e-02,4.210505419462420851e-02,6.269107079048714948e-02,1.028506769365148676e-01,4.071544844562671045e-02,1.535911382856235408e-01,1.499781633382300527e-01,3.851193075793067633e-02,1.195855004565847396e-01,2.773851590106006793e-01,1.389407233890499194e-01,2.160439909477111231e-01,1.376106721721523096e-01,3.884940643983007119e-02,1.109500933021002889e-01
4.208520268392424574e-02,7.966411243895660244e-02,5.471076348910151876e-02,2.038750148886330285e-02,9.814586890062333702e-02,1.446579584706396138e-01,1.467622186048358202e-01,3.535554055663635981e-02,1.741573033707865259e-01,9.645849049112636964e-02,1.167070314050899227e-01,7.831420971135903686e-02,2.401040219160678058e-01,5.286457299400484228e-02,4.371302656132131786e-02,4.923174653591138455e-02,3.593123436693532180e-02,6.576805494898162185e-02,9.365942748243141769e-02,0.000000000000000000e+00,6.324691309008614870e-02,2.506451740977488352e-01,1.951602016913487059e-01,6.783261206177790270e-02,1.903958391233572800e-01,3.312423075396037642e-01,2.312303966331837879e-01,2.967999364751657820e-01,1.825147893754714701e-01,4.861634970421249008e-02,1.401318140310477689e-01,5.417477270020248231e-02,4.150950887362528374e-02,7.364910469686743177e-02,4.053678484932703163e-02,6.745543335847857536e-02,1.969269861436455382e-02,1.943462897526501698e-02,5.288442450470480505e-02,4.450708698931988422e-02,5.615992377019891207e-02,4.325644181522213944e-02,5.550482391710009206e-02,1.627823877397070046e-02,1.435264223607416595e-02,3.797593996903163988e-02,8.345575098264977620e-02,8.984793742803827421e-02,2.578711239925358251e-02,8.804144995434153020e-02,1.265136776908722671e-01,1.732242823678881993e-01,4.202564815182435048e-02,1.663159566443006276e-01,1.030293405328145534e-01,1.483900424822328923e-01,9.072140389883670553e-02,2.340294596418787398e-01,7.827450668995911132e-02,3.716202803033311075e-02,7.307341088656846284e-02,3.726128558383293154e-02,6.185730734108865758e-02,9.103902807003612374e-02,1.541271290745225842e-01,5.915750188589351949e-02,2.306745543335847748e-01,2.201929566840036545e-01,5.643784491999841169e-02,1.748719577559852412e-01,4.085242386945646675e-01,2.060983840870290185e-01,3.135943145273355492e-01,2.030015484178346041e-01,5.743042045499662657e-02,1.630603088895064834e-01
2.038750148886330285e-02,3.658633422003414182e-02,2.497320046055504991e-02,9.707388732282527105e-03,4.671060467701591834e-02,6.570850041688172660e-02,6.936117838567515403e-02,1.713185373406916207e-02,7.948544884265693056e-02,4.585698971691745673e-02,5.580259657759955444e-02,3.823400960813117672e-02,1.110096478342001841e-01,2.435780362885615544e-02,2.032794695676341107e-02,2.326597054035811976e-02,1.685393258426966245e-02,3.096835669194425780e-02,4.291896613332274457e-02,6.324691309008614870e-02,0.000000000000000000e+00,1.147417318457934626e-01,9.090006749513637740e-02,3.277484416564100528e-02,8.895461944653988706e-02,1.549211895025211505e-01,1.068805336086076085e-01,1.375709691507523702e-01,8.494461428514710200e-02,2.276968277285901579e-02,6.588716401318139848e-02,2.666057887005201035e-02,1.943462897526501698e-02,3.428355897883828690e-02,1.895819271846587578e-02,3.019414777464565075e-02,9.647834200182633588e-03,9.072140389883669859e-03,2.596577599555326132e-02,2.078453170286258950e-02,2.588636995275340330e-02,2.020883789256362403e-02,2.479453686425537109e-02,7.682534640886171801e-03,6.828919680787707593e-03,1.804502322626751892e-02,3.797593996903163988e-02,4.123158772382578413e-02,1.189105490927859672e-02,4.172787549132488810e-02,5.792670822249573054e-02,8.188748163735259933e-02,2.062571961726287345e-02,7.660697979116211365e-02,4.863620121491245285e-02,6.942073291777504929e-02,4.498352324611903236e-02,1.096597451066026185e-01,3.571286774923571744e-02,1.766784452296819852e-02,3.400563782903878729e-02,1.731051733036884088e-02,2.912216619684758132e-02,4.152936038432524651e-02,6.950013896057490037e-02,2.999563266764600916e-02,1.035454798110136132e-01,1.027117163616151213e-01,2.713701512685115502e-02,8.125223329495374902e-02,1.904156906340572497e-01,9.479096359232937197e-02,1.448961765990391948e-01,9.230952475483383823e-02,2.596577599555326132e-02,7.664668281256203919e-02
