0.000000000000000000e+00,1.241191393404115356e-02,1.162266278304989117e-02,4.622756741520248416e-03,1.674339941745748433e-02,2.452316076294278058e-02,2.879827116414544752e-02,6.107300573146669416e-03,3.388142441041060160e-02,1.557831438504181203e-02,2.123461430047918902e-02,1.508033449215446728e-02,3.878605656299915355e-02,1.017570233956591186e-02,1.193272573522503009e-02,1.027905665695762541e-02,6.257634125716433557e-03,1.426289580005637471e-02,1.460114629333834381e-02,2.513389082025744778e-02,1.514610542140374001e-02,4.370948040965893372e-02,4.345579253969745342e-02,1.562529362021986348e-02,3.459550878511697541e-02,8.655454289204171647e-02,4.133233110964953244e-02,5.279526449309405317e-02,4.075918444047731126e-02,8.926054683829747274e-03,2.367753452973785436e-02,1.172601710044160472e-02,6.577092924927182248e-03,9.395847035610260106e-03,7.441510852203326275e-03,1.057972376209715369e-02,4.143568542704124946e-03,4.105985154561684128e-03,1.149112092455134744e-02,8.493845720191675261e-03,8.437470637978013166e-03,7.103260358921357175e-03,1.003476463403175749e-02,3.476463403175796083e-03,2.696608099220144765e-03,7.028093582636474670e-03,1.335149863760217923e-02,1.412195809452222034e-02,6.548905383820351200e-03,1.849102696608099367e-02,2.781170722540636867e-02,2.725735225030536529e-02,6.718030630461335750e-03,3.362773654044912131e-02,1.706285821666823216e-02,2.434463966926618539e-02,2.090575965423283056e-02,3.638071972188292730e-02,1.148172507751573854e-02,1.635816968899746204e-02,1.215822606407967674e-02,6.144883961289110234e-03,1.372733251902659088e-02,1.306022737949826158e-02,2.773654044912148703e-02,1.485483416329982063e-02,4.440477309029409320e-02,4.410410598515455971e-02,1.297566475617776931e-02,3.228413041435685554e-02,9.716245419524570381e-02,3.935920323217138167e-02,5.564220614488395861e-02,4.036455886498167833e-02,7.356948228882834000e-03,2.782110307244197930e-02
1.241191393404115356e-02,0.000000000000000000e+00,1.710983745184628535e-02,6.934135112280371757e-03,2.534999530207648205e-02,3.736728366062200268e-02,4.400075166776284963e-02,8.982429766043409369e-03,5.163957530771399324e-02,2.358357605938175491e-02,3.209621347364464972e-02,2.149769801747627648e-02,5.896833599548999272e-02,1.546556422061448784e-02,1.769237996805412064e-02,1.561589777318425284e-02,9.386451188574649468e-03,2.190171944000751658e-02,2.219299069811143596e-02,3.795922202386545208e-02,2.234332425068119923e-02,6.715211876350653253e-02,6.399511415954148297e-02,2.270976228507000025e-02,5.304895236305552653e-02,1.291647091985342610e-01,6.248238278680823266e-02,8.046603401296627267e-02,6.179648595320868382e-02,1.383068683641830270e-02,3.558207272385605774e-02,1.756083810955557517e-02,9.931410316640045671e-03,1.386827022456074351e-02,1.099314103166400443e-02,1.629239875974819104e-02,6.229446584609602509e-03,6.163675655360330644e-03,1.728835854552288054e-02,1.267499765103824103e-02,1.225218453443577965e-02,1.033543173917128577e-02,1.532462651508033520e-02,5.261674339941745798e-03,3.974443296063140396e-03,1.010053556328103022e-02,2.044536314948792663e-02,2.106548905383820447e-02,1.001597293996053795e-02,2.779291553133515086e-02,4.242224936578032485e-02,4.155783143850418082e-02,9.950202010711265213e-03,5.075636568636662793e-02,2.589495443014187825e-02,3.663440759184440759e-02,2.968148078549281282e-02,5.584891477966738571e-02,1.762660903880484964e-02,2.450436906887155930e-02,1.866015221272197822e-02,9.104575777506342463e-03,2.095273888941088028e-02,1.972188292774593524e-02,4.264774969463497323e-02,2.191111528704312722e-02,6.829841210185098876e-02,6.543267875598984817e-02,1.859438128347270375e-02,4.907450906699238613e-02,1.458141501456356182e-01,6.092267217889692915e-02,8.487268627266747467e-02,6.230386169313163747e-02,1.129380813680353271e-02,4.164239406182467657e-02
1.162266278304989117e-02,1.710983745184628535e-02,0.000000000000000000e+00,6.229446584609602509e-03,2.264399135582072578e-02,3.421967490369257070e-02,3.919947383256600776e-02,8.118011838767265342e-03,4.637790096777224397e-02,2.113125998308747547e-02,2.894860471671521079e-02,2.016348773841961789e-02,5.248520154091891599e-02,1.399041623602367834e-02,1.639575307713990460e-02,1.394343700084562689e-02,8.512637414262896537e-03,1.979704970403081687e-02,2.049234238466597635e-02,3.473644649065113499e-02,2.027623790284694208e-02,6.107300573146669243e-02,5.921262801841586237e-02,2.092455134830404836e-02,4.773090294090012037e-02,1.181339847787278019e-01,5.718312505872404083e-02,7.257352250305365571e-02,5.619656111998496545e-02,1.252466409846847775e-02,3.280090200131541983e-02,1.533402236211594410e-02,9.029409001221460826e-03,1.286291459175044685e-02,1.012872310438786040e-02,1.451658367001785153e-02,5.505966362867612852e-03,5.609320680259325537e-03,1.485483416329982063e-02,1.156628770083623081e-02,1.123743305458987062e-02,9.405242882645870744e-03,1.365216574274170751e-02,4.566381659306586321e-03,3.551630179460678587e-03,9.471013811895141743e-03,1.830311002536878784e-02,1.962792445738983232e-02,8.916658836794136636e-03,2.518087005543549750e-02,3.818472235272010046e-02,3.729211688433712452e-02,8.841492060509254999e-03,4.650944282627078596e-02,2.301982523724513743e-02,3.344921544677252612e-02,2.758620689655172376e-02,5.014563562905195726e-02,1.602931504275110358e-02,2.282251244949732097e-02,1.673400357042187370e-02,8.146199379874095522e-03,1.881988161232735213e-02,1.829371417833317720e-02,3.911491120924551201e-02,1.978765385699520971e-02,6.148642300103354663e-02,6.005825425162078512e-02,1.713802499295311380e-02,4.448933571361458200e-02,1.330639857183125163e-01,5.520999718124589006e-02,7.644461148172507214e-02,5.630931128441229311e-02,1.003476463403175749e-02,3.800620125904350527e-02
4.622756741520248416e-03,6.934135112280371757e-03,6.229446584609602509e-03,0.000000000000000000e+00,9.245513483040496833e-03,1.351122803720755487e-02,1.591656487832377939e-02,3.269754768392370715e-03,1.872592314197124921e-02,8.578408343512167536e-03,1.165085032415672309e-02,8.080428450624824524e-03,2.150709386451188712e-02,5.571737292116884718e-03,6.539509536784741429e-03,5.703279150615427583e-03,3.410692473926524651e-03,7.939490745090670154e-03,8.005261674339941153e-03,1.370854082495536960e-02,8.296532932443860531e-03,2.431645212815935347e-02,2.355538851827492300e-02,8.343512167621910253e-03,1.927088227003664542e-02,4.703561026026496089e-02,2.274734567321243933e-02,2.918350089260546981e-02,2.235272009771680987e-02,4.876444611481725241e-03,1.294747721507093913e-02,6.464342760499858925e-03,3.645588649816781067e-03,5.111340787371981657e-03,4.059005919383632671e-03,5.825425162078361543e-03,2.226815747439631499e-03,2.255003288546462547e-03,6.285821666823263737e-03,4.632152588555858187e-03,4.566381659306586321e-03,3.805318049422155412e-03,5.543549751010053671e-03,1.916752795264493013e-03,1.465752137555200590e-03,3.814713896457765617e-03,7.403927464060885456e-03,7.770365498449685604e-03,3.664380343888001476e-03,1.025086911585079349e-02,1.537160575025838666e-02,1.515550126843935065e-02,3.664380343888001476e-03,1.846283942497416175e-02,9.471013811895141743e-03,1.338908202574462004e-02,1.119984966644742980e-02,2.018227943249083917e-02,6.398571831250587059e-03,9.085784083435121186e-03,6.727426477496946389e-03,3.316734003570421738e-03,7.591844404773090416e-03,7.225406370384290268e-03,1.529643897397350329e-02,8.155595226909706161e-03,2.449497322183594866e-02,2.415672272855397956e-02,6.952926806351592166e-03,1.779573428544583419e-02,5.360330733815653337e-02,2.188292774593629531e-02,3.073381565348116268e-02,2.234332425068119923e-02,4.087193460490462851e-03,1.531523066804472456e-02
1.674339941745748433e-02,2.534999530207648205e-02,2.264399135582072578e-02,9.245513483040496833e-03,0.000000000000000000e+00,4.945973879545240842e-02,5.878981490181339753e-02,1.188574650004697864e-02,6.875880860659588922e-02,3.171098374518462742e-02,4.311754204641548432e-02,2.919289673964107698e-02,7.876538569952080959e-02,2.049234238466597635e-02,2.373390961195151819e-02,2.090575965423283056e-02,1.247768486329042630e-02,2.919289673964107698e-02,2.939020952738889345e-02,4.995771868833975143e-02,3.012308559616649548e-02,8.920417175608380544e-02,8.492906135488113850e-02,3.031100253687870130e-02,7.064737386075355119e-02,1.728835854552287776e-01,8.286197500704688135e-02,1.071878229822418455e-01,8.222305740862538570e-02,1.801183876726486846e-02,4.732688151836888374e-02,2.373390961195151819e-02,1.330451940242412777e-02,1.864136051865075694e-02,1.486423001033543127e-02,2.187353189890068467e-02,8.381095555764352806e-03,8.221366156158977159e-03,2.307620031945879779e-02,1.725077515738043799e-02,1.667762848820821334e-02,1.393404115381001625e-02,2.050173823170158699e-02,7.112656205956966946e-03,5.383820351404678892e-03,1.362397820163487733e-02,2.714460208587804110e-02,2.800902001315418513e-02,1.328572770835290823e-02,3.737667950765761332e-02,5.639387390773278191e-02,5.556703936859908044e-02,1.318237339096119468e-02,6.775345297378558562e-02,3.508409283096871473e-02,4.916846753734849251e-02,4.027999624166118259e-02,7.409564972282250972e-02,2.322653387202856454e-02,3.292304801277835119e-02,2.487080710326036032e-02,1.223339284036455837e-02,2.788687400169125377e-02,2.612045475899652316e-02,5.643145729587522447e-02,2.930564690406840117e-02,9.044442356478436806e-02,8.709950202010710574e-02,2.490839049140279940e-02,6.535751197970497695e-02,1.945785962604528740e-01,8.040965893075260884e-02,1.131541858498543579e-01,8.244855773748002714e-02,1.511791788029690810e-02,5.591468570891666018e-02
2.452316076294278058e-02,3.736728366062200268e-02,3.421967490369257070e-02,1.351122803720755487e-02,4.945973879545240842e-02,0.000000000000000000e+00,8.583106267029973202e-02,1.745748379216386509e-02,1.016254815371605696e-01,4.595508785116978606e-02,6.247298693977262202e-02,4.233768674245983604e-02,1.149393967866203098e-01,2.993516865545428965e-02,3.527200977168091361e-02,3.025462745466503747e-02,1.817156816687024237e-02,4.306116696420182050e-02,4.415108522033261290e-02,7.502583857934792821e-02,4.358733439819599542e-02,1.331391524945974014e-01,1.264211218641360657e-01,4.464906511321995591e-02,1.041623602367753448e-01,2.550502677816405273e-01,1.235365968242037038e-01,1.576905007986469931e-01,1.223433242506812013e-01,2.711641454477121266e-02,7.048764446114817728e-02,3.421027905665696006e-02,1.976886216292398843e-02,2.768016536690782667e-02,2.203326129850606205e-02,3.163581696889974926e-02,1.206426759372357382e-02,1.219580945222211756e-02,3.343981959973691548e-02,2.530301606689843233e-02,2.429766043408813220e-02,2.034200883209621308e-02,2.960631400920793119e-02,1.010053556328103022e-02,7.779761345485295375e-03,2.020107112656206044e-02,4.001691252466409859e-02,4.186789439067931801e-02,1.952457013999812224e-02,5.431739171286291412e-02,8.407403927464060511e-02,8.127407685802874593e-02,1.935544489335713769e-02,1.007046885276707687e-01,5.045569858122709445e-02,7.234802217419900039e-02,5.830123085596166516e-02,1.090388048482570649e-01,3.435121676219111270e-02,4.956309311284412544e-02,3.674715775627172831e-02,1.778633843841022355e-02,4.121958094522221172e-02,3.913370290331673329e-02,8.446866485013623804e-02,4.283566663534717905e-02,1.342572582918350188e-01,1.294935638447806125e-01,3.683172037959221712e-02,9.709668326599643629e-02,2.895612139434369792e-01,1.199943624917786389e-01,1.662031382129098844e-01,1.235553885182749251e-01,2.198628206332800886e-02,8.258949544301419365e-02
2.879827116414544752e-02,4.400075166776284963e-02,3.919947383256600776e-02,1.591656487832377939e-02,5.878981490181339753e-02,8.583106267029973202e-02,0.000000000000000000e+00,2.059569670205768990e-02,1.188292774593629614e-01,5.474960067650098960e-02,7.431175420464154746e-02,5.023959409940806364e-02,1.360894484637790169e-01,3.539415578314385191e-02,4.092830968711829581e-02,3.598609414638729437e-02,2.146011462933383393e-02,5.034294841679977373e-02,5.084092830968711674e-02,8.665789720943342656e-02,5.194963825988913042e-02,1.546086629709668425e-01,1.468852767076951893e-01,5.226909705909987824e-02,1.221648031570046061e-01,2.986094146387296977e-01,1.434839800808042909e-01,1.855773748003382573e-01,1.423376867424598347e-01,3.128817062858216952e-02,8.172507751573804269e-02,4.082495536972657879e-02,2.311378370760124035e-02,3.228413041435685554e-02,2.571643333646528307e-02,3.767734661279714681e-02,1.445081274076858054e-02,1.432866672930564744e-02,4.000751667762848796e-02,2.965329324438598091e-02,2.878887531710983688e-02,2.409095179930470856e-02,3.527200977168091361e-02,1.224278868740016901e-02,9.273701024147327013e-03,2.352720097716809108e-02,4.696044348398008272e-02,4.848257070374894367e-02,2.303861693131635871e-02,6.443671897021516215e-02,9.758526731184816172e-02,9.611951517429295766e-02,2.301042939020952680e-02,1.170628582166682308e-01,6.036831720379592231e-02,8.488208211970309225e-02,6.922860095837639338e-02,1.282157286479376213e-01,4.018603777130508314e-02,5.698581227097623131e-02,4.299539603495255297e-02,2.117823921826552519e-02,4.818190359860941713e-02,4.529737855867706220e-02,9.769801747627548938e-02,5.077515738043784921e-02,1.567697077891571922e-01,1.509160950859720074e-01,4.291083341163205722e-02,1.132011650850324180e-01,3.374518462839424804e-01,1.393779949262425877e-01,1.955651601991919564e-01,1.426571455416705825e-01,2.606407967678286280e-02,9.669266184346518578e-02
6.107300573146669416e-03,8.982429766043409369e-03,8.118011838767265342e-03,3.269754768392370715e-03,1.188574650004697864e-02,1.745748379216386509e-02,2.059569670205768990e-02,0.000000000000000000e+00,2.417551442262520084e-02,1.098374518462839379e-02,1.497698017476275546e-02,1.051395283284788096e-02,2.750164427323123148e-02,7.328760687776002952e-03,8.446866485013623804e-03,7.291177299633562134e-03,4.434839800808042590e-03,1.022268157474396331e-02,1.038241097434933723e-02,1.809640139058536074e-02,1.073945316170252760e-02,3.149487926336558968e-02,3.100629521751385731e-02,1.110589119609132688e-02,2.484261956215352840e-02,6.181527764727990509e-02,2.947477215070938572e-02,3.779949262426007817e-02,2.908014657521375626e-02,6.417363525321807469e-03,1.681856619374236597e-02,8.249553697265809074e-03,4.716715211876350462e-03,6.577092924927182248e-03,5.167715869585642885e-03,7.582448557737479777e-03,2.903316734003570567e-03,2.912712581039180772e-03,8.136803532838484884e-03,5.975758714648125684e-03,5.853612703185191724e-03,4.876444611481725241e-03,7.206614676313069859e-03,2.471107770365498554e-03,1.869773560086441773e-03,5.073757399229540839e-03,9.593159823358076571e-03,9.997181245889316670e-03,4.735506905947570871e-03,1.311660246171192368e-02,1.974067462181715651e-02,1.940242412853518741e-02,4.697923517805130053e-03,2.392182655266372401e-02,1.211124682890162528e-02,1.723198346330921671e-02,1.459175044630273491e-02,2.610166306492530189e-02,8.324720473550690711e-03,1.158507939490745035e-02,8.738137743117541448e-03,4.275110401202668678e-03,9.875035234426383576e-03,9.386451188574649468e-03,2.009771680917034689e-02,1.049516113877666142e-02,3.193648407403927580e-02,3.157004603965047479e-02,9.113971624541953101e-03,2.312317955463685099e-02,6.943530959315982742e-02,2.842243728272103587e-02,4.003570421873531987e-02,2.923987597481913017e-02,5.261674339941745798e-03,1.970309123367471743e-02
3.388142441041060160e-02,5.163957530771399324e-02,4.637790096777224397e-02,1.872592314197124921e-02,6.875880860659588922e-02,1.016254815371605696e-01,1.188292774593629614e-01,2.417551442262520084e-02,0.000000000000000000e+00,6.387296814807855161e-02,8.695856431457295310e-02,5.863948134924363426e-02,1.586488771962792366e-01,4.206520717842713447e-02,4.821009113971624210e-02,4.199943624917786000e-02,2.529362021986282169e-02,5.934416987691440437e-02,6.022737949826176967e-02,1.029221084280747961e-01,6.054683829747251750e-02,1.828243916189044305e-01,1.736916283002912786e-01,6.158977731842525671e-02,1.438128347270506424e-01,3.514610542140373939e-01,1.698769144038335122e-01,2.176641924269472894e-01,1.677816405148924161e-01,3.725453349619468196e-02,9.667387014939396450e-02,4.692286009583764017e-02,2.687212252184534300e-02,3.779949262426007817e-02,2.992577280841867901e-02,4.422625199661749801e-02,1.674339941745748433e-02,1.673400357042187370e-02,4.575777506342196960e-02,3.481161326693601316e-02,3.337404867048764101e-02,2.777412383726392958e-02,4.129474772150709683e-02,1.407497885934417062e-02,1.071126562059569742e-02,2.781170722540636867e-02,5.517241379310344751e-02,5.728647937611575786e-02,2.677816405148924009e-02,7.518556797895330213e-02,1.145635629051958981e-01,1.124588931692191984e-01,2.683453913370290392e-02,1.382692849760406018e-01,7.043126937893451345e-02,9.986845814150145662e-02,8.084186789439068432e-02,1.506342196749037021e-01,4.760875692943718901e-02,6.734003570421873142e-02,5.054965705158320083e-02,2.466409846847693321e-02,5.671333270694352974e-02,5.365968242037019720e-02,1.161138776660715910e-01,5.925960725359390863e-02,1.844498731560650084e-01,1.779573428544583280e-01,5.038053180494221628e-02,1.333552569764164253e-01,3.969557455604622587e-01,1.650756365686366633e-01,2.299163769613830621e-01,1.690970590998778500e-01,3.064925303016067040e-02,1.132105609320680217e-01
1.557831438504181203e-02,2.358357605938175491e-02,2.113125998308747547e-02,8.578408343512167536e-03,3.171098374518462742e-02,4.595508785116978606e-02,5.474960067650098960e-02,1.098374518462839379e-02,6.387296814807855161e-02,0.000000000000000000e+00,4.020482946537630442e-02,2.695668514516583528e-02,7.286479376115756468e-02,1.942121582260640869e-02,2.202386545147045141e-02,1.935544489335713769e-02,1.162266278304989117e-02,2.710701869773560202e-02,2.752043596730245276e-02,4.690406840176641889e-02,2.789626984872686441e-02,8.330357981772057441e-02,7.914121958094522125e-02,2.814995771868834123e-02,6.574274170816499230e-02,1.605280466034013087e-01,7.740298787935732949e-02,9.980268721225218909e-02,7.643521563468946844e-02,1.708164991073945344e-02,4.406652259701212410e-02,2.154467725265432620e-02,1.227097622850699919e-02,1.717560838109555635e-02,1.357699896645682587e-02,2.043596730245231599e-02,7.742177957342854556e-03,7.648219486986751643e-03,2.106548905383820447e-02,1.589777318425256158e-02,1.531523066804472456e-02,1.276895612139434394e-02,1.906417363525321831e-02,6.501926148642299744e-03,4.895236305552945651e-03,1.262801841586018957e-02,2.523724513764915786e-02,2.620501738231701544e-02,1.227097622850699919e-02,3.477402987879357060e-02,5.174292962510570332e-02,5.159259607253594004e-02,1.221460114629333883e-02,6.267969557455604912e-02,3.250023489617589328e-02,4.562623320492342066e-02,3.740486704876444524e-02,6.917222587616272955e-02,2.192051113407873786e-02,3.056469040684017813e-02,2.311378370760124035e-02,1.130320398383914335e-02,2.591374612421309953e-02,2.435403551630179603e-02,5.295499389269942708e-02,2.721976886216292274e-02,8.420558113313915405e-02,8.086065958846190560e-02,2.292586676688903452e-02,6.060321337968618133e-02,1.809734097528892249e-01,7.505402612045475319e-02,1.053650286573334649e-01,7.685802875129192635e-02,1.407497885934417062e-02,5.169595038992765013e-02
2.123461430047918902e-02,3.209621347364464972e-02,2.894860471671521079e-02,1.165085032415672309e-02,4.311754204641548432e-02,6.247298693977262202e-02,7.431175420464154746e-02,1.497698017476275546e-02,8.695856431457295310e-02,4.020482946537630442e-02,0.000000000000000000e+00,3.698205393216198733e-02,9.910739453161702961e-02,2.609226721788969125e-02,3.014187729023771328e-02,2.637414262895799999e-02,1.599173165460866450e-02,3.685990792069904903e-02,3.746124213097810907e-02,6.385417645400733033e-02,3.820351404679131480e-02,1.133890820257446169e-01,1.081368035328384852e-01,3.842901437564596318e-02,8.899746312130038528e-02,2.190171944000751658e-01,1.054871746687963963e-01,1.357699896645682691e-01,1.043690688715587650e-01,2.308559616649440843e-02,6.016160856901249521e-02,2.939960537442450408e-02,1.666823264117260270e-02,2.356478436531053364e-02,1.864136051865075694e-02,2.765197782580099475e-02,1.049516113877666142e-02,1.044818190359860996e-02,2.859156252936202042e-02,2.170440665225970012e-02,2.100911397162454064e-02,1.750446302734191481e-02,2.598891290049798117e-02,8.822700366438033723e-03,6.708634783425725980e-03,1.724137931034482735e-02,3.442638353847599086e-02,3.576998966456826357e-02,1.664944094710138142e-02,4.724231889504838799e-02,7.106079113032039152e-02,7.015878981490181188e-02,1.661185755895893887e-02,8.580287512919289317e-02,4.433900216104481873e-02,6.204077797613454653e-02,5.101005355632810129e-02,9.379874095649723409e-02,2.977543925584891574e-02,4.174574837921638665e-02,3.135394155783143705e-02,1.552193930282814993e-02,3.540355163017946255e-02,3.332706943530959476e-02,7.195339659870336746e-02,3.699144977919759797e-02,1.147796673870149359e-01,1.103072441980644525e-01,3.140092079300949024e-02,8.271164145447712501e-02,2.462275674152024918e-01,1.020013154185849813e-01,1.433336465282345207e-01,1.045569858122709778e-01,1.921450718782298159e-02,7.062858216668232991e-02
1.508033449215446728e-02,2.149769801747627648e-02,2.016348773841961789e-02,8.080428450624824524e-03,2.919289673964107698e-02,4.233768674245983604e-02,5.023959409940806364e-02,1.051395283284788096e-02,5.863948134924363426e-02,2.695668514516583528e-02,3.698205393216198733e-02,0.000000000000000000e+00,6.734003570421873142e-02,1.789908860283754427e-02,2.056750916095085799e-02,1.777694259137461291e-02,1.090857840834351215e-02,2.497416142065207040e-02,2.555670393685990915e-02,4.351216762191111725e-02,2.628958000563750771e-02,7.633186131729775836e-02,7.533590153152307234e-02,2.684393498073851456e-02,6.035892135676031167e-02,1.501550314760875804e-01,7.171850042281312232e-02,9.229540543079958748e-02,7.021516489711547571e-02,1.554073099689937121e-02,4.133233110964953244e-02,2.015409189138400725e-02,1.150051677158695808e-02,1.640514892417551523e-02,1.278774781546556348e-02,1.857558958940148594e-02,7.178427135206238811e-03,7.178427135206238811e-03,1.985342478624448070e-02,1.471389645776566800e-02,1.460114629333834381e-02,1.218641360518650692e-02,1.740110870995020126e-02,6.013342102790566503e-03,4.603965047449027140e-03,1.226158038147139029e-02,2.310438786056562971e-02,2.489899464436718876e-02,1.147232923048012790e-02,3.229352626139246618e-02,4.759936108240157837e-02,4.772150709386450973e-02,1.146293338344451726e-02,5.836700178521093962e-02,2.986000187916940801e-02,4.249741614206520995e-02,3.631494879263365283e-02,6.391055153622099416e-02,2.020107112656206044e-02,2.849760405900592097e-02,2.110307244198064355e-02,1.043878605656299932e-02,2.361176360048858336e-02,2.270036643803438961e-02,4.847317485671333304e-02,2.577280841867894343e-02,7.677346612797143754e-02,7.618152776472798815e-02,2.204265714554166922e-02,5.575495630931128627e-02,1.689091421591656372e-01,6.898430893545053066e-02,9.758526731184816172e-02,7.049704030818378098e-02,1.274076858028751376e-02,4.829465376303673785e-02
3.878605656299915355e-02,5.896833599548999272e-02,5.248520154091891599e-02,2.150709386451188712e-02,7.876538569952080959e-02,1.149393967866203098e-01,1.360894484637790169e-01,2.750164427323123148e-02,1.586488771962792366e-01,7.286479376115756468e-02,9.910739453161702961e-02,6.734003570421873142e-02,0.000000000000000000e+00,4.777788217607817356e-02,5.495630931128440977e-02,4.823827868082307402e-02,2.889222963450155043e-02,6.780043220896363187e-02,6.818566193742366111e-02,1.160293150427511022e-01,6.942591374612420985e-02,2.074415108522033313e-01,1.971624541952456955e-01,7.039368599079207089e-02,1.644179272761439325e-01,4.001691252466409998e-01,1.921732594193366617e-01,2.486892793385323819e-01,1.907356948228882965e-01,4.209339471953396639e-02,1.100347646340317648e-01,5.453349619468195186e-02,3.099689937047825014e-02,4.322089636380719441e-02,3.432302922108428078e-02,5.069059475711735346e-02,1.952457013999812224e-02,1.920511134078737095e-02,5.354693225594287648e-02,3.973503711359579332e-02,3.847599361082401637e-02,3.225594287325002363e-02,4.698863102508691464e-02,1.634877384196185141e-02,1.235553885182749147e-02,3.188010899182561197e-02,6.291459175044630814e-02,6.534811613266935937e-02,3.105327445269191050e-02,8.638541764540073886e-02,1.304331485483416209e-01,1.286761251526825078e-01,3.076200319458799112e-02,1.567884994832283996e-01,8.033449215446772373e-02,1.138964577656675775e-01,9.284976040590059432e-02,1.722070844686648394e-01,5.425162078361363965e-02,7.680165366907826252e-02,5.757775063421967376e-02,2.831908296532932579e-02,6.464342760499859619e-02,6.063140092079300630e-02,1.305458987127689485e-01,6.837357887813585999e-02,2.090857840834351167e-01,2.023395659118669421e-01,5.767170910457578015e-02,1.516677628488208307e-01,4.531147232923047885e-01,1.866015221272197822e-01,2.625951329512355437e-01,1.915249459738795346e-01,3.467067556140186052e-02,1.295311472329230551e-01
1.017570233956591186e-02,1.546556422061448784e-02,1.399041623602367834e-02,5.571737292116884718e-03,2.049234238466597635e-02,2.993516865545428965e-02,3.539415578314385191e-02,7.328760687776002952e-03,4.206520717842713447e-02,1.942121582260640869e-02,2.609226721788969125e-02,1.789908860283754427e-02,4.777788217607817356e-02,0.000000000000000000e+00,1.443202104669735926e-02,1.271258103918068184e-02,7.751573804378464327e-03,1.757962980362679645e-02,1.800244292022925782e-02,3.092173259419336503e-02,1.828431833129756656e-02,5.447712111246828803e-02,5.250399323499013726e-02,1.864136051865075694e-02,4.273231231795546203e-02,1.045945692004134203e-01,5.072817814525979602e-02,6.517899088602838176e-02,4.990134360612609454e-02,1.119045381941181916e-02,2.879827116414544752e-02,1.402799962416611916e-02,7.958282439161889696e-03,1.116226627830498898e-02,8.850887907544865638e-03,1.300385229728459949e-02,4.998590622944658335e-03,5.036174011087099153e-03,1.371793667199098024e-02,1.006295217513858940e-02,9.922014469604435033e-03,8.399887249835572348e-03,1.257164333364652747e-02,4.284506248238278449e-03,3.166400451000657597e-03,8.277741238372639254e-03,1.649910739453161815e-02,1.723198346330921671e-02,7.986469980268721611e-03,2.265338720285633642e-02,3.434182091515550206e-02,3.358075730527106811e-02,8.118011838767265342e-03,4.117260171004415853e-02,2.121582260640796774e-02,2.981302264399135482e-02,2.466409846847693321e-02,4.544771211124682547e-02,1.444141689373296990e-02,1.993798740956497298e-02,1.497698017476275546e-02,7.535469322559428321e-03,1.707225406370384280e-02,1.614206520717842777e-02,3.458611293808136478e-02,1.788969275580193710e-02,5.490933007610636352e-02,5.311472329230480099e-02,1.520248050361740037e-02,3.997932913652165604e-02,1.189232359297190678e-01,4.896175890256506541e-02,6.906887155877101947e-02,4.984496852391243071e-02,9.273701024147327013e-03,3.392840364558864785e-02
1.193272573522503009e-02,1.769237996805412064e-02,1.639575307713990460e-02,6.539509536784741429e-03,2.373390961195151819e-02,3.527200977168091361e-02,4.092830968711829581e-02,8.446866485013623804e-03,4.821009113971624210e-02,2.202386545147045141e-02,3.014187729023771328e-02,2.056750916095085799e-02,5.495630931128440977e-02,1.443202104669735926e-02,0.000000000000000000e+00,1.453537536408907281e-02,8.738137743117541448e-03,2.050173823170158699e-02,2.095273888941088028e-02,3.567603119421215718e-02,2.092455134830404836e-02,6.274546650380531665e-02,6.060321337968618133e-02,2.155407309968993684e-02,4.958188480691534672e-02,1.229446584609602544e-01,5.872404397256413000e-02,7.539227661373672229e-02,5.838579347928215396e-02,1.271258103918068184e-02,3.356196561119984684e-02,1.639575307713990460e-02,9.452222117823922201e-03,1.336089448463778986e-02,1.057032791506154305e-02,1.515550126843935065e-02,5.853612703185191724e-03,5.834821009113971314e-03,1.595414826646622194e-02,1.216762191111528738e-02,1.179178802969087746e-02,9.828055999248332120e-03,1.436625011744808826e-02,4.904632152588556289e-03,3.758338814244103956e-03,9.762285069999061121e-03,1.919571549375176031e-02,2.003194587992107589e-02,9.301888565254157193e-03,2.616743399417457636e-02,3.970684957248896141e-02,3.865451470450061155e-02,9.273701024147327013e-03,4.773090294090012037e-02,2.422249365780325056e-02,3.453913370290331852e-02,2.857277083529080261e-02,5.151742929625105494e-02,1.640514892417551523e-02,2.356478436531053364e-02,1.751385887437752545e-02,8.597200037583388813e-03,1.967490369256788552e-02,1.866015221272197822e-02,4.016724607723386187e-02,2.068965517241379282e-02,6.392934323029221544e-02,6.184346518838673007e-02,1.785210936765949455e-02,4.627454665038053389e-02,1.379592220238654576e-01,5.655360330733815583e-02,7.904726111058911486e-02,5.848914779667387098e-02,1.039180682138494786e-02,3.930282814995771784e-02
1.027905665695762541e-02,1.561589777318425284e-02,1.394343700084562689e-02,5.703279150615427583e-03,2.090575965423283056e-02,3.025462745466503747e-02,3.598609414638729437e-02,7.291177299633562134e-03,4.199943624917786000e-02,1.935544489335713769e-02,2.637414262895799999e-02,1.777694259137461291e-02,4.823827868082307402e-02,1.271258103918068184e-02,1.453537536408907281e-02,0.000000000000000000e+00,7.760969651414074966e-03,1.783331767358827327e-02,1.814338062576341393e-02,3.087475335901531531e-02,1.849102696608099367e-02,5.492812177017758479e-02,5.241003476463403088e-02,1.866015221272197822e-02,4.339002161044817896e-02,1.059193836324344579e-01,5.083153246265150610e-02,6.595884618998403004e-02,5.056844874565442211e-02,1.123743305458987062e-02,2.908954242224936690e-02,1.430987503523442617e-02,8.146199379874095522e-03,1.137837076012402499e-02,9.057596542328291006e-03,1.340787371981584132e-02,5.158320022550033114e-03,5.111340787371981657e-03,1.398102038898806770e-02,1.037301512731372659e-02,1.011932725735224976e-02,8.493845720191675261e-03,1.251526825143286711e-02,4.303297942309498858e-03,3.241567227285539667e-03,8.409283096871182986e-03,1.676219111152870561e-02,1.734473362773654090e-02,8.099220144696044066e-03,2.282251244949732097e-02,3.454852954993892916e-02,3.412571643333646432e-02,8.127407685802875981e-03,4.141689373297002819e-02,2.127219768862162810e-02,3.011368974913088484e-02,2.465470262144132257e-02,4.573898336935074832e-02,1.436625011744808826e-02,2.030442544395377399e-02,1.525885558583106247e-02,7.563656863666259368e-03,1.719440007516677763e-02,1.616085690124964905e-02,3.477402987879357060e-02,1.813398477872780329e-02,5.566099783895517988e-02,5.362209903222775464e-02,1.534341820915155474e-02,4.013905853612702995e-02,1.197406746218171586e-01,4.937517617213191962e-02,6.946349713426665240e-02,5.071878229822418538e-02,9.292492718218546555e-03,3.417269566851451751e-02
6.257634125716433557e-03,9.386451188574649468e-03,8.512637414262896537e-03,3.410692473926524651e-03,1.247768486329042630e-02,1.817156816687024237e-02,2.146011462933383393e-02,4.434839800808042590e-03,2.529362021986282169e-02,1.162266278304989117e-02,1.599173165460866450e-02,1.090857840834351215e-02,2.889222963450155043e-02,7.751573804378464327e-03,8.738137743117541448e-03,7.760969651414074966e-03,0.000000000000000000e+00,1.063609884431081405e-02,1.107770365498449670e-02,1.873531898900685985e-02,1.108709950202010734e-02,3.321431927088226710e-02,3.192708822700366517e-02,1.132199567791036289e-02,2.595132951235553861e-02,6.374142628958000267e-02,3.104387860565629986e-02,3.979141219580945021e-02,3.042375270130602202e-02,6.877760030066710530e-03,1.756083810955557517e-02,8.437470637978013166e-03,4.782486141125622328e-03,6.736822324532557027e-03,5.271070186977356437e-03,7.995865827304332249e-03,3.006671051395283251e-03,3.016066898430893456e-03,8.202574462087757617e-03,6.182467349431551053e-03,6.003946255754956732e-03,5.036174011087099153e-03,7.554261016630649597e-03,2.565066240721601033e-03,1.926148642300103435e-03,5.054965705158320430e-03,9.997181245889316670e-03,1.057032791506154305e-02,4.867048764446114603e-03,1.372733251902659088e-02,2.052992577280841890e-02,2.046415484355914791e-02,4.867048764446114603e-03,2.478624447993986804e-02,1.280653950953678476e-02,1.811519308465658201e-02,1.508033449215446728e-02,2.768956121394343731e-02,8.785116978295592904e-03,1.211124682890162528e-02,9.076388236399512283e-03,4.510006577092925094e-03,1.026966080992201477e-02,9.752889222963450483e-03,2.106548905383820447e-02,1.085220332612985006e-02,3.324250681198909901e-02,3.223715117917880235e-02,9.207930094898054280e-03,2.399699332894860565e-02,7.171850042281312232e-02,2.979423094992013701e-02,4.209339471953396639e-02,3.048952363055529302e-02,5.571737292116884718e-03,2.052992577280841890e-02
1.426289580005637471e-02,2.190171944000751658e-02,1.979704970403081687e-02,7.939490745090670154e-03,2.919289673964107698e-02,4.306116696420182050e-02,5.034294841679977373e-02,1.022268157474396331e-02,5.934416987691440437e-02,2.710701869773560202e-02,3.685990792069904903e-02,2.497416142065207040e-02,6.780043220896363187e-02,1.757962980362679645e-02,2.050173823170158699e-02,1.783331767358827327e-02,1.063609884431081405e-02,0.000000000000000000e+00,2.568824579535845115e-02,4.314572958752231624e-02,2.586676688903504634e-02,7.754392558489148213e-02,7.321244010147515136e-02,2.599830874753359181e-02,6.076294277929155524e-02,1.483980080804284396e-01,7.176547965799116857e-02,9.257728084186789275e-02,7.103260358921356654e-02,1.565348116132669193e-02,4.087193460490463198e-02,2.008832096213473625e-02,1.153810015972939890e-02,1.602931504275110358e-02,1.274076858028751376e-02,1.847223527200977239e-02,7.112656205956966946e-03,7.169031288170628173e-03,1.969369538663910679e-02,1.465752137555200590e-02,1.412195809452222034e-02,1.191393404115381055e-02,1.715681668702433507e-02,5.985154561683735455e-03,4.575777506342196960e-03,1.166964201822794263e-02,2.344263835384759881e-02,2.449497322183594866e-02,1.144414168937329772e-02,3.181433806257634445e-02,4.846377900967772240e-02,4.777788217607817356e-02,1.143474584233768708e-02,5.826364746781922260e-02,2.974725171474208382e-02,4.234708258949543974e-02,3.452034200883209725e-02,6.397632246547026169e-02,1.990979986845814106e-02,2.900497979892887462e-02,2.138494785304895229e-02,1.046697359766982950e-02,2.399699332894860565e-02,2.267217889692755770e-02,4.894296720849384413e-02,2.546274546650380624e-02,7.822982241849102403e-02,7.512919289673963830e-02,2.144132293526261265e-02,5.655360330733815583e-02,1.688809546180588261e-01,6.962322653387202631e-02,9.726580851263741390e-02,7.147420839988724572e-02,1.296626890914215867e-02,4.804096589307525755e-02
1.460114629333834381e-02,2.219299069811143596e-02,2.049234238466597635e-02,8.005261674339941153e-03,2.939020952738889345e-02,4.415108522033261290e-02,5.084092830968711674e-02,1.038241097434933723e-02,6.022737949826176967e-02,2.752043596730245276e-02,3.746124213097810907e-02,2.555670393685990915e-02,6.818566193742366111e-02,1.800244292022925782e-02,2.095273888941088028e-02,1.814338062576341393e-02,1.107770365498449670e-02,2.568824579535845115e-02,0.000000000000000000e+00,4.465846096025556655e-02,2.599830874753359181e-02,7.921638635723010635e-02,7.542046415484356114e-02,2.664662219299069809e-02,6.183406934135111943e-02,1.519214507187822971e-01,7.374800338250493692e-02,9.376115756835479154e-02,7.260171004416048068e-02,1.618904444235647749e-02,4.205581133139152383e-02,2.010711265620595753e-02,1.159447524194306099e-02,1.644273231231795432e-02,1.303203983839143140e-02,1.896081931786150476e-02,7.169031288170628173e-03,7.262989758526731086e-03,1.956215352814056133e-02,1.497698017476275546e-02,1.443202104669735926e-02,1.211124682890162528e-02,1.768298412101851000e-02,6.003946255754956732e-03,4.603965047449027140e-03,1.184816311190453782e-02,2.379028469416517855e-02,2.503053650286573423e-02,1.159447524194306099e-02,3.239688057878417626e-02,4.974161420652072063e-02,4.841679977449966921e-02,1.141595414826646580e-02,6.009583763976322768e-02,3.012308559616649548e-02,4.313633374048670560e-02,3.496194681950577643e-02,6.510382410974349665e-02,2.054871746687964018e-02,2.929625105703279053e-02,2.174199004040214267e-02,1.062670299727520515e-02,2.447618152776472739e-02,2.329230480127783554e-02,5.060603213379686466e-02,2.536878699614770333e-02,7.994926242600770838e-02,7.660434088133044606e-02,2.174199004040214267e-02,5.763412571643333759e-02,1.713332706943530848e-01,7.148360424692286330e-02,9.906981114347458706e-02,7.319364840740393008e-02,1.310720661467631304e-02,4.889598797331579788e-02
2.513389082025744778e-02,3.795922202386545208e-02,3.473644649065113499e-02,1.370854082495536960e-02,4.995771868833975143e-02,7.502583857934792821e-02,8.665789720943342656e-02,1.809640139058536074e-02,1.029221084280747961e-01,4.690406840176641889e-02,6.385417645400733033e-02,4.351216762191111725e-02,1.160293150427511022e-01,3.092173259419336503e-02,3.567603119421215718e-02,3.087475335901531531e-02,1.873531898900685985e-02,4.314572958752231624e-02,4.465846096025556655e-02,0.000000000000000000e+00,4.468664850136239847e-02,1.344545710795828353e-01,1.296626890914215902e-01,4.581415014563562649e-02,1.048764446114817256e-01,2.593535657239500192e-01,1.255567039368599147e-01,1.596824203701963651e-01,1.238278680823076267e-01,2.748285257916001020e-02,7.120172883585455803e-02,3.451094616179648661e-02,1.959034106924739324e-02,2.791506154279808222e-02,2.195809452222117694e-02,3.243446396692661882e-02,1.222399699332894947e-02,1.228976792257822047e-02,3.349619468195057931e-02,2.528422437282721105e-02,2.460772338626327285e-02,2.053932161984402954e-02,3.054589871276895685e-02,1.026026496288640413e-02,7.901907356948229336e-03,2.057690500798646863e-02,4.059005919383632671e-02,4.235647843653105038e-02,1.955275768110495069e-02,5.520999718124589006e-02,8.435591468570891038e-02,8.230762003194587451e-02,1.977825800995959907e-02,1.021892323592971941e-01,5.150803344921544430e-02,7.322183594851075505e-02,5.986094146387296866e-02,1.105797237620971540e-01,3.523442638353847800e-02,4.929061354881142387e-02,3.706661655548247614e-02,1.819975570797707429e-02,4.178333176735882920e-02,3.986657897209433532e-02,8.626327163393779363e-02,4.344639669266184279e-02,1.361552193930282706e-01,1.317767546744338936e-01,3.739547120172883460e-02,9.798928873437939835e-02,2.916564878323780752e-01,1.219111152870431258e-01,1.689091421591656372e-01,1.247862444799398701e-01,2.255003288546462634e-02,8.300291271258103398e-02
1.514610542140374001e-02,2.234332425068119923e-02,2.027623790284694208e-02,8.296532932443860531e-03,3.012308559616649548e-02,4.358733439819599542e-02,5.194963825988913042e-02,1.073945316170252760e-02,6.054683829747251750e-02,2.789626984872686441e-02,3.820351404679131480e-02,2.628958000563750771e-02,6.942591374612420985e-02,1.828431833129756656e-02,2.092455134830404836e-02,1.849102696608099367e-02,1.108709950202010734e-02,2.586676688903504634e-02,2.599830874753359181e-02,4.468664850136239847e-02,0.000000000000000000e+00,7.894390679319740478e-02,7.622850699990604828e-02,2.752983181433806339e-02,6.257634125716433904e-02,1.541106830780794856e-01,7.357887813586394543e-02,9.478530489523630254e-02,7.295875223151367106e-02,1.599173165460866450e-02,4.225312411913934030e-02,2.078361364276989573e-02,1.182937141783331828e-02,1.667762848820821334e-02,1.317297754392558404e-02,1.913934041153809995e-02,7.422719158132105866e-03,7.385135769989664180e-03,2.036080052616743435e-02,1.508973033919007792e-02,1.478906323405054964e-02,1.243070562811237484e-02,1.792727614394437619e-02,6.210654890538382100e-03,4.773090294090012557e-03,1.239312223996993402e-02,2.411913934041153701e-02,2.502114065583012359e-02,1.173541294747721536e-02,3.312036080052616766e-02,4.948792633655924034e-02,4.912148830217043932e-02,1.183876726486892718e-02,5.991731654608663249e-02,3.071502395940994140e-02,4.359673024523160606e-02,3.647467819223903368e-02,6.542328290895424447e-02,2.053932161984402954e-02,2.916470919853424854e-02,2.192051113407873786e-02,1.086159917316546070e-02,2.450436906887155930e-02,2.326411726017100362e-02,4.990134360612609454e-02,2.615803814713896572e-02,8.004322089636380089e-02,7.793855116038711506e-02,2.264399135582072578e-02,5.781264681010993278e-02,1.733909611951517382e-01,7.120172883585455803e-02,1.000939584703560981e-01,7.285539791412196098e-02,1.328572770835290823e-02,4.953490557173729353e-02
