0.000000000000000000e+00,1.767963285973141868e-02,1.207430864845641938e-02,6.672198607982930338e-03,2.702748471660090454e-02,4.336929095188904459e-02,3.991465004826336843e-02,6.452049922947959877e-03,4.377571929349206858e-02,2.148989856225974257e-02,2.867013259724644769e-02,2.172698176152816976e-02,5.713705102369138339e-02,1.644341332068889605e-02,1.512252121047907676e-02,1.449594418384108664e-02,9.026096086433760268e-03,1.913600108380891091e-02,1.705305583309342857e-02,3.353033818224924328e-02,1.791671605899984587e-02,5.759428290799478711e-02,5.253086315219047953e-02,2.016900645204992154e-02,4.567238488763950000e-02,9.085366886250867413e-02,5.982963878681139824e-02,7.869468764288496676e-02,5.903371661783881480e-02,1.325972464479856401e-02,3.788250834024826236e-02,1.497011058237794449e-02,8.721274830231494010e-03,1.620633012142046539e-02,9.059965114900678934e-03,1.773043640243179495e-02,6.147228666745694486e-03,5.944014495944184226e-03,1.510558669624561742e-02,1.117677939408307994e-02,1.607085400755279420e-02,9.652673113071752117e-03,1.212511219115679738e-02,4.284432101065180874e-03,3.183688675890332040e-03,1.668049651995732671e-02,1.847555502870400213e-02,1.866183468527205305e-02,7.739073004690860506e-03,2.673959797463209762e-02,4.038881644680022281e-02,4.106619701613858919e-02,7.298775634620921320e-03,5.451220131750520587e-02,2.679040151733247388e-02,3.629066400230309547e-02,3.143045841730029988e-02,6.008365650031328997e-02,1.564749115171631261e-02,1.881424531337318531e-02,1.583377080828436353e-02,9.432524428036782524e-03,1.684984166229191657e-02,1.696838326192613017e-02,3.300536824101200917e-02,2.159150564766049857e-02,5.728946165179251565e-02,5.622258725508458982e-02,1.749335320316336775e-02,4.584173002997408986e-02,1.181521058068449315e-01,5.732333068025943779e-02,7.574808216626306712e-02,5.376708269123300216e-02,1.300570693129667575e-02,4.426682020626238057e-02
1.767963285973141868e-02,0.000000000000000000e+00,1.961016748234576876e-02,1.104130328021540701e-02,4.433455826319621790e-02,7.166686423599938349e-02,6.562124265465445194e-02,1.034698819664357956e-02,7.254745897613927574e-02,3.527459314829554243e-02,4.699327699784931756e-02,3.551167634756396962e-02,9.427444073766744204e-02,2.680733603156593495e-02,2.502921203705271713e-02,2.401314118304516410e-02,1.495317606814448516e-02,3.156593453116797454e-02,2.795888299944116265e-02,5.615484919815075249e-02,2.905962642461601061e-02,9.503649387817310334e-02,8.595959424903897028e-02,3.293763018407817184e-02,7.476588034072242928e-02,1.513268191901915305e-01,9.989669946317589200e-02,1.307852534250054932e-01,9.759360552742545047e-02,2.193019593232968176e-02,6.233594689336336564e-02,2.465665272391661528e-02,1.419112292763882038e-02,2.645171123266329069e-02,1.463142029770875957e-02,2.895801933921525462e-02,1.009297048314169130e-02,9.754280198472506380e-03,2.450424209581548302e-02,1.811993022980135787e-02,2.612995546222756510e-02,1.563055663748285501e-02,1.981338165314728075e-02,7.078626949585950859e-03,5.266633926605815245e-03,2.717989534470203680e-02,3.071920881949501136e-02,3.088855396182960469e-02,1.241299893312560257e-02,4.272577941101759341e-02,6.646796836632741512e-02,6.651877190902778791e-02,1.185415996342144979e-02,8.975292543733383310e-02,4.370798123655823125e-02,5.962642461600989319e-02,5.185348258285211315e-02,9.781375421246041313e-02,2.526629523632114779e-02,3.122724424649878788e-02,2.589287226295913791e-02,1.546121149514826168e-02,2.760325820053851839e-02,2.858546002607915276e-02,5.459687388867250080e-02,3.518992057712824750e-02,9.513810096357386281e-02,9.303822119862491247e-02,2.883947773958104102e-02,7.520617771079236846e-02,1.955767048822204535e-01,9.534131513437536787e-02,1.242654654451237073e-01,8.931262806726389392e-02,2.145602953379282390e-02,7.269986960424040801e-02
1.207430864845641938e-02,1.961016748234576876e-02,0.000000000000000000e+00,7.383448205788217117e-03,2.995715567898934659e-02,4.861899036426139964e-02,4.421601666356200777e-02,7.129430492286328858e-03,4.916089481973209829e-02,2.370831992684289957e-02,3.226024961473979852e-02,2.397927215457824543e-02,6.279317877766676936e-02,1.823847182943557146e-02,1.708692486156034723e-02,1.625713366412084512e-02,9.788149226939425046e-03,2.142216050532590524e-02,1.986418519584765702e-02,3.805185348258285222e-02,1.977951262468036209e-02,6.460517180064689891e-02,6.018526358571404250e-02,2.245516587356691587e-02,4.961812670403549508e-02,1.006926216321484824e-01,6.795820561887182254e-02,8.778852178625255742e-02,6.665424802289546258e-02,1.464835481194221890e-02,4.237015461211494916e-02,1.563055663748285501e-02,9.246244771468729862e-03,1.796751960170022561e-02,9.805083741172884379e-03,1.940695331154425676e-02,6.655264093749471005e-03,6.739936664916766802e-03,1.596924692215203820e-02,1.222671927655755164e-02,1.813686474403481894e-02,1.082115459518043742e-02,1.329359367326548268e-02,4.656991414201283597e-03,3.674789588660649226e-03,1.901745948417469731e-02,2.110040473489017965e-02,2.179471981846200709e-02,8.721274830231494010e-03,2.926284059541751914e-02,4.538449814567069307e-02,4.575705745880679493e-02,8.128566832060422562e-03,6.093038221198624621e-02,2.885641225381449862e-02,4.123554215847318599e-02,3.449560549355641659e-02,6.563817716888790954e-02,1.749335320316336775e-02,2.147296404802628150e-02,1.751028771739682535e-02,1.046552979627779316e-02,1.871263822797242932e-02,1.974564359621344342e-02,3.756075256981253330e-02,2.425022438231359476e-02,6.506240368495029569e-02,6.519787979881797035e-02,1.981338165314728075e-02,5.044791790147499372e-02,1.324787048483514196e-01,6.536722494115256021e-02,8.396132156949077940e-02,6.086264415505240888e-02,1.442820612690724931e-02,4.936410899053360335e-02
6.672198607982930338e-03,1.104130328021540701e-02,7.383448205788217117e-03,0.000000000000000000e+00,1.662969297725694698e-02,2.665492540346480269e-02,2.447037306734856435e-02,3.894938273695619253e-03,2.684120506003285361e-02,1.327665915903202334e-02,1.774737091666525601e-02,1.346293881560007427e-02,3.539313474792975256e-02,1.007603596890823197e-02,9.263179285702189195e-03,8.856750944099168674e-03,5.656127753975377301e-03,1.176948739225415312e-02,1.048246431051125249e-02,2.079558347868791512e-02,1.090582716634773408e-02,3.554554537603089176e-02,3.210783898663866626e-02,1.231139184772484831e-02,2.797581751367462025e-02,5.617178371238421009e-02,3.728980034207719091e-02,4.887300807776329137e-02,3.637533657347039040e-02,8.280977460161554823e-03,2.342043318487409265e-02,9.009161572200300935e-03,5.283568440839274578e-03,1.005910145467477264e-02,5.520651640107703505e-03,1.087195813788081541e-02,3.657855074427189893e-03,3.674789588660649226e-03,9.093834143367597600e-03,6.875412778784440598e-03,9.923625340807099710e-03,5.927079981710724893e-03,7.468120776955512914e-03,2.624849706186177956e-03,1.998272679548186975e-03,1.017764305430898797e-02,1.136305905065113260e-02,1.156627322145264286e-02,4.724729471135120061e-03,1.635874074952160112e-02,2.482599786625120514e-02,2.519855717938731046e-02,4.521515300333609801e-03,3.369968332458383314e-02,1.659582394879002831e-02,2.259064198743459054e-02,1.955936393964539249e-02,3.669709234390611252e-02,9.568000541904455453e-03,1.165094579261993953e-02,9.703476655772128381e-03,5.791603867843051097e-03,1.026231562547628290e-02,1.078728556671351875e-02,2.052463125095256580e-02,1.327665915903202334e-02,3.503750994902711524e-02,3.500364092056019311e-02,1.071954750977968142e-02,2.811129362754229491e-02,7.276760766117423840e-02,3.556247989026434936e-02,4.645137254237861890e-02,3.297149921254508703e-02,7.925352661258912301e-03,2.738310951550354880e-02
2.702748471660090454e-02,4.433455826319621790e-02,2.995715567898934659e-02,1.662969297725694698e-02,0.000000000000000000e+00,1.081607424091039910e-01,9.982896140624206160e-02,1.590150886521820087e-02,1.083808910941389675e-01,5.413964200436910401e-02,7.163299520753246830e-02,5.419044554706948374e-02,1.432659904150649366e-01,4.116780410153934866e-02,3.708658617127567891e-02,3.600277726033428854e-02,2.286159421516993639e-02,4.745050888215271434e-02,4.230241655518111182e-02,8.362263128482159968e-02,4.389426089312627871e-02,1.434522700716329979e-01,1.298369206279317845e-01,4.987214441753737987e-02,1.126822577094375999e-01,2.255507950754432611e-01,1.501583377080828452e-01,1.980660784745389702e-01,1.470593216033597994e-01,3.337792755414811102e-02,9.447765490846894709e-02,3.742527645594485863e-02,2.159150564766049857e-02,4.054122707490135508e-02,2.240436233086653961e-02,4.455470694823118749e-02,1.532573538128058875e-02,1.491930703967756650e-02,3.764542514097982823e-02,2.773873431440618958e-02,4.027027484716600575e-02,2.404701021151208276e-02,3.046519110599312311e-02,1.080422008094697808e-02,8.077763289360044563e-03,4.152342890044199292e-02,4.611268225770943918e-02,4.670539025588051063e-02,1.908519754110853464e-02,6.640023030939357085e-02,1.003369968332458451e-01,1.021997933989263474e-01,1.820460280096865280e-02,1.360857563800782488e-01,6.738243213493420869e-02,9.098914497637634879e-02,7.837293187244924464e-02,1.485495588559042068e-01,3.874616856615468313e-02,4.682393185551472770e-02,3.950822170666034444e-02,2.370831992684289957e-02,4.179438112817733531e-02,4.301366615298640034e-02,8.287751265854939597e-02,5.397029686203451415e-02,1.425208717887927468e-01,1.412338487070498305e-01,4.360637415115747179e-02,1.140370188481143465e-01,2.944573334913888063e-01,1.431643833296641910e-01,1.882440602191326195e-01,1.335794482735262745e-01,3.217557704357250359e-02,1.108025266295236261e-01
4.336929095188904459e-02,7.166686423599938349e-02,4.861899036426139964e-02,2.665492540346480269e-02,1.081607424091039910e-01,0.000000000000000000e+00,1.601497011058237718e-01,2.528322975055460539e-02,1.764237692841780780e-01,8.565477299283670576e-02,1.151377622732891876e-01,8.592572522057204121e-02,2.288360908367343405e-01,6.650183739479433032e-02,6.006672198607983237e-02,5.862728827623579775e-02,3.556247989026434936e-02,7.620531405056646390e-02,6.907588355828013504e-02,1.357470660954090413e-01,7.051531726812416967e-02,2.313593334575197724e-01,2.097000897529254504e-01,7.955834786879138754e-02,1.814871890399823995e-01,3.638888418485715648e-01,2.431118863355404558e-01,3.182164569609320925e-01,2.386073055494403183e-01,5.315744017882847311e-02,1.521396758733975785e-01,5.927079981710724893e-02,3.466495063589100645e-02,6.533335591268564502e-02,3.607051531726812588e-02,7.202248903490203469e-02,2.475825980931737127e-02,2.421635535384667609e-02,5.899984758937189960e-02,4.489339723290037415e-02,6.472371340028111597e-02,3.837360925301857434e-02,4.911009127703171856e-02,1.722240097542801843e-02,1.302264144553013508e-02,6.712841442143231696e-02,7.537552285312695832e-02,7.557873702392846338e-02,3.078694687642884870e-02,1.054512201317505254e-01,1.625374676127415152e-01,1.628422888689438075e-01,2.887334676804795969e-02,2.193358283517637397e-01,1.063148803576569462e-01,1.454505427511811888e-01,1.240283822458552732e-01,2.372186753822966565e-01,6.258996460686525043e-02,7.581582022319689751e-02,6.355523191817243067e-02,3.784863931178134022e-02,6.763644984843610042e-02,6.963472252798429130e-02,1.348326023268022478e-01,8.629828453370815000e-02,2.328834397385310950e-01,2.285143350662986184e-01,6.993954378418655582e-02,1.826895395505580000e-01,4.749115171631301813e-01,2.324092733399942545e-01,3.040253340332932375e-01,2.187600548678261259e-01,5.259860120912431686e-02,1.784051074494928113e-01
3.991465004826336843e-02,6.562124265465445194e-02,4.421601666356200777e-02,2.447037306734856435e-02,9.982896140624206160e-02,1.601497011058237718e-01,0.000000000000000000e+00,2.360671284144214357e-02,1.609964268174967350e-01,7.994784169616094005e-02,1.061455352153223425e-01,8.003251426732824192e-02,2.109363092919679661e-01,6.084570964081895128e-02,5.478315354524055519e-02,5.332678532116306297e-02,3.359807623918308062e-02,7.031210309732265074e-02,6.260689912109870803e-02,1.233001981338165270e-01,6.506240368495029569e-02,2.119862491744424204e-01,1.914277488950229533e-01,7.344498823051261172e-02,1.666694890857055855e-01,3.327462701732400996e-01,2.211647558889773268e-01,2.917478112140353130e-01,2.172867521295151760e-01,4.894074613469712870e-02,1.393371831129024130e-01,5.544359960034546397e-02,3.180301773043640173e-02,5.974496621564410331e-02,3.307310629794584650e-02,6.567204619735482474e-02,2.269224907283534654e-02,2.193019593232968176e-02,5.551133765727930131e-02,4.086298284533708414e-02,5.940627593097491665e-02,3.539313474792975256e-02,4.501193883253459121e-02,1.612165755025317046e-02,1.193883253458874472e-02,6.137067958205618540e-02,6.841543750317521932e-02,6.888960390171207371e-02,2.824676974140996610e-02,9.808470644019576246e-02,1.482447375997019423e-01,1.508187837631877470e-01,2.679040151733247388e-02,2.006401246380247472e-01,9.943946757887249521e-02,1.340197456435961998e-01,1.152393693586899470e-01,2.190310070955614752e-01,5.725559262332560045e-02,6.883880035901170091e-02,5.850874667660158068e-02,3.508831349172748804e-02,6.211579820832839605e-02,6.321654163350323707e-02,1.227752281925792999e-01,7.977849655382635019e-02,2.110040473489017965e-01,2.077187515876107171e-01,6.421567797327733251e-02,1.681766608524834505e-01,4.349121945436995040e-01,2.114443447189717495e-01,2.782848723984352457e-01,1.982354236168735462e-01,4.770452659565460607e-02,1.636720800663832853e-01
6.452049922947959877e-03,1.034698819664357956e-02,7.129430492286328858e-03,3.894938273695619253e-03,1.590150886521820087e-02,2.528322975055460539e-02,2.360671284144214357e-02,0.000000000000000000e+00,2.545257489288919872e-02,1.283636178896208416e-02,1.674823457689116057e-02,1.281942727472862482e-02,3.336099303991465342e-02,9.686542141538670783e-03,8.738209344464953343e-03,8.501126145196524417e-03,5.317437469306193244e-03,1.112597585138270367e-02,1.007603596890823197e-02,1.952549491117847383e-02,1.060100591014546782e-02,3.361501075341653821e-02,3.060066721986079777e-02,1.171868384955377512e-02,2.636703866149599576e-02,5.251392863795702193e-02,3.476655772129176591e-02,4.616348580040981198e-02,3.398757006655264007e-02,7.705203976223941841e-03,2.223501718853194628e-02,8.636602259064199080e-03,5.097288784271222783e-03,9.415589913803323191e-03,5.148092326971600782e-03,1.046552979627779316e-02,3.607051531726812327e-03,3.437706389392220299e-03,8.772078372931872009e-03,6.435115408714501412e-03,9.381720885336404525e-03,5.622258725508458635e-03,7.315710148854379785e-03,2.574046163485800391e-03,1.879731079913972728e-03,9.855887283873262378e-03,1.095663070904811034e-02,1.080422008094697808e-02,4.572318843033987799e-03,1.576603275135052620e-02,2.330189158523987905e-02,2.414861729691283876e-02,4.301366615298640207e-03,3.141352390306684228e-02,1.595231240791857713e-02,2.128668439145823058e-02,1.837394794330324613e-02,3.490203383515944058e-02,9.297048314169107860e-03,1.082115459518043742e-02,9.347851856869485859e-03,5.706931296675754432e-03,1.004216694044131331e-02,9.838952769639803045e-03,1.942388782577771783e-02,1.281942727472862482e-02,3.339486206838156862e-02,3.266667795634282251e-02,1.017764305430898797e-02,2.694281214543360961e-02,6.894040744441246038e-02,3.320858241181351422e-02,4.448696889129735016e-02,3.143045841730029988e-02,7.586662376589727377e-03,2.616382449069448377e-02
4.377571929349206858e-02,7.254745897613927574e-02,4.916089481973209829e-02,2.684120506003285361e-02,1.083808910941389675e-01,1.764237692841780780e-01,1.609964268174967350e-01,2.545257489288919872e-02,0.000000000000000000e+00,8.606120133443971587e-02,1.157812738141606457e-01,8.646762967604273986e-02,2.306142148312475548e-01,6.651877190902778791e-02,6.126907249665543287e-02,5.940627593097491665e-02,3.627372948806963787e-02,7.727218844727438973e-02,7.009195441228768808e-02,1.381009635738598973e-01,7.087094206702680699e-02,2.358469797293864523e-01,2.121555943167770242e-01,8.043894260893126591e-02,1.834685272052971050e-01,3.708489271985233038e-01,2.461262298690962136e-01,3.209090447240520727e-01,2.418587322822644825e-01,5.342839240656381550e-02,1.532742883270393486e-01,5.920306176017341160e-02,3.480042674975868111e-02,6.474064791451457357e-02,3.576569406106586135e-02,7.183620937833398723e-02,2.489373592318504247e-02,2.416555181114629636e-02,5.915225821747303186e-02,4.477485563326615708e-02,6.458823728641344131e-02,3.822119862491744208e-02,4.892381162046366416e-02,1.715466291849418456e-02,1.287023081742900282e-02,6.714534893566577456e-02,7.637465919290105376e-02,7.639159370713451136e-02,3.060066721986079777e-02,1.049601192189801996e-01,1.644341332068889605e-01,1.635874074952159973e-01,2.885641225381449862e-02,2.220114816006502900e-01,1.064164874430576918e-01,1.461617923489864634e-01,1.250105840713959249e-01,2.402838224585527871e-01,6.228514335066298591e-02,7.652706982100218602e-02,6.418180894481041732e-02,3.820426411068398448e-02,6.846624104587560600e-02,7.026129955462227794e-02,1.360518873516113059e-01,8.629828453370815000e-02,2.375234966384989210e-01,2.306988874024148706e-01,7.076933498162604752e-02,1.845862051447054175e-01,4.811095493725762728e-01,2.351357301315811776e-01,3.070227430526155099e-01,2.218590709725491439e-01,5.351306497773111043e-02,1.791671605899984865e-01
2.148989856225974257e-02,3.527459314829554243e-02,2.370831992684289957e-02,1.327665915903202334e-02,5.413964200436910401e-02,8.565477299283670576e-02,7.994784169616094005e-02,1.283636178896208416e-02,8.606120133443971587e-02,0.000000000000000000e+00,5.749267582259402765e-02,4.294592809605256301e-02,1.133935073072428884e-01,3.327632046874735156e-02,2.958459636585324473e-02,2.882254322534757995e-02,1.818766828673519520e-02,3.784863931178134022e-02,3.403837360925301980e-02,6.650183739479433032e-02,3.525765863406208483e-02,1.142571675331493092e-01,1.029957155678989378e-01,3.920340045045807992e-02,9.010855023623647042e-02,1.787776667626289062e-01,1.187278792907825453e-01,1.569829469441668957e-01,1.165941304973666798e-01,2.657025283229750429e-02,7.503683256845777860e-02,2.907656093884946821e-02,1.691757971922575390e-02,3.175221418773602200e-02,1.752722223163028642e-02,3.591810468916699361e-02,1.226058830502447031e-02,1.163401127838648019e-02,2.936444768081827514e-02,2.199793398926351909e-02,3.187075578737023906e-02,1.891585239877394131e-02,2.435183146771434728e-02,8.568864202130361749e-03,6.401246380247582746e-03,3.276828504174357504e-02,3.654468171580498026e-02,3.669709234390611252e-02,1.517332475317945475e-02,5.312357115036155097e-02,7.911805049872144835e-02,8.155662054833956454e-02,1.444514064114070864e-02,1.071446715550964379e-01,5.444446326057136853e-02,7.212409612030279416e-02,6.243755397876411817e-02,1.183214509491795213e-01,3.124417876073224895e-02,3.681563394354032959e-02,3.143045841730029988e-02,1.900052496994123624e-02,3.325938595451389396e-02,3.376742138151767048e-02,6.587526036815634367e-02,4.282738649641835288e-02,1.132580311933752137e-01,1.115137762273289146e-01,3.442786743662257926e-02,9.021015732163722989e-02,2.323584697972938540e-01,1.138846082200132143e-01,1.510558669624561812e-01,1.068059812704272582e-01,2.611302094799410750e-02,8.787319435741985929e-02
2.867013259724644769e-02,4.699327699784931756e-02,3.226024961473979852e-02,1.774737091666525601e-02,7.163299520753246830e-02,1.151377622732891876e-01,1.061455352153223425e-01,1.674823457689116057e-02,1.157812738141606457e-01,5.749267582259402765e-02,0.000000000000000000e+00,5.722172359485867832e-02,1.510897359909230964e-01,4.423295117779546537e-02,3.954209073512725964e-02,3.845828182418587621e-02,2.392846861187786917e-02,5.039711435877462092e-02,4.585866454420754745e-02,8.971905640886691791e-02,4.684086636974818529e-02,1.528678599854363107e-01,1.382195051734941005e-01,5.246312509525664219e-02,1.192020456893193997e-01,2.390814719479771588e-01,1.608101471609287014e-01,2.114782137474386647e-01,1.571522920865014994e-01,3.535926571946283736e-02,1.007772942033157842e-01,3.849215085265279140e-02,2.262451101590150920e-02,4.319994580955445473e-02,2.355590929874176731e-02,4.778919916682190100e-02,1.624019914988738406e-02,1.598618143638549580e-02,3.878003759462159833e-02,2.939831670928519380e-02,4.252256524021608142e-02,2.518162266515384939e-02,3.314084435487967689e-02,1.137999356488459193e-02,8.636602259064199080e-03,4.408054054969433311e-02,4.980440636060354948e-02,5.004148955987197667e-02,2.032141708015105727e-02,7.010888892652114568e-02,1.072462786404971974e-01,1.080252662952363163e-01,1.937308428307734157e-02,1.445022099541074800e-01,7.078626949585950512e-02,9.740732587085738914e-02,8.223400111767793785e-02,1.570676195153342114e-01,4.177744661394387771e-02,5.000762053140505453e-02,4.226854752671419663e-02,2.514775363668693073e-02,4.491033174713383175e-02,4.650217608507899864e-02,8.907554486799545979e-02,5.744187227989364791e-02,1.539686034106111656e-01,1.508526527916546622e-01,4.589253357267446959e-02,1.210309732265330007e-01,3.123909840646221237e-01,1.535283060405412403e-01,2.008094697803593509e-01,1.437740258420687200e-01,3.447867097932295899e-02,1.178134155221757517e-01
2.172698176152816976e-02,3.551167634756396962e-02,2.397927215457824543e-02,1.346293881560007427e-02,5.419044554706948374e-02,8.592572522057204121e-02,8.003251426732824192e-02,1.281942727472862482e-02,8.646762967604273986e-02,4.294592809605256301e-02,5.722172359485867832e-02,0.000000000000000000e+00,1.137321975919120820e-01,3.281908858444395477e-02,3.005876276439010258e-02,2.882254322534757995e-02,1.798445411593368320e-02,3.822119862491744208e-02,3.376742138151767048e-02,6.680665865099659484e-02,3.573182503259893922e-02,1.144265126754838990e-01,1.041133935073072364e-01,4.003319164789757856e-02,9.053191309207295201e-02,1.822661766947215045e-01,1.188633554046502200e-01,1.567458637448984893e-01,1.171868384955377512e-01,2.640090768996291443e-02,7.661174239216947401e-02,2.951685830891940740e-02,1.745948417469644909e-02,3.298843372677854463e-02,1.818766828673519520e-02,3.571489051836548162e-02,1.224365379079101097e-02,1.158320773568610219e-02,2.985554859358859406e-02,2.259064198743459054e-02,3.293763018407817184e-02,1.942388782577771783e-02,2.396233764034478783e-02,8.585798716363821081e-03,6.452049922947959877e-03,3.334405852568118889e-02,3.669709234390611252e-02,3.727286582784372637e-02,1.544427698091480235e-02,5.361467206313186989e-02,7.911805049872144835e-02,8.269123300198133464e-02,1.476689641157643423e-02,1.084147601226058827e-01,5.403803491896835148e-02,7.263213154730656373e-02,6.452049922947959704e-02,1.190327005469848098e-01,3.115950618956495402e-02,3.769622868368020796e-02,3.134578584613300495e-02,1.874650725643934798e-02,3.327632046874735156e-02,3.393676652385226034e-02,6.590912939662325887e-02,4.333542192342212940e-02,1.129362754229394916e-01,1.125806506240368543e-01,3.478349223552522351e-02,9.105688303331019307e-02,2.363380806421567781e-01,1.140200843338808889e-01,1.501075341653824724e-01,1.068737193273610886e-01,2.563885454945724965e-02,8.909247938222891738e-02
5.713705102369138339e-02,9.427444073766744204e-02,6.279317877766676936e-02,3.539313474792975256e-02,1.432659904150649366e-01,2.288360908367343405e-01,2.109363092919679661e-01,3.336099303991465342e-02,2.306142148312475548e-01,1.133935073072428884e-01,1.510897359909230964e-01,1.137321975919120820e-01,0.000000000000000000e+00,8.731435538771570304e-02,7.832212832974885797e-02,7.645933176406834175e-02,4.784000270952228073e-02,1.006418180894481096e-01,8.943116966689811098e-02,1.773382330527848716e-01,9.295354862745762448e-02,3.039067924336590343e-01,2.734416013276659285e-01,1.048754466478129116e-01,2.394709657753467391e-01,4.791451457214949694e-01,3.174205347919594744e-01,4.179099422533064656e-01,3.121539008653536618e-01,7.024436504038882034e-02,1.993531015562818587e-01,7.874549118558533956e-02,4.535062911720377093e-02,8.504513048043216283e-02,4.733196728251850421e-02,9.391881593876479084e-02,3.258200538517552758e-02,3.122724424649878788e-02,7.844066992938307503e-02,5.866115730470271294e-02,8.468950568152952552e-02,5.041404887300807852e-02,6.421567797327733251e-02,2.289546324363685506e-02,1.696838326192613017e-02,8.746676601581683530e-02,9.779681969822695553e-02,9.888062860916835284e-02,4.006706067636450069e-02,1.391339689421008941e-01,2.121386598025435666e-01,2.143740156813601916e-01,3.789944285448171996e-02,2.873617720275694065e-01,1.413862593351509767e-01,1.912076002099879768e-01,1.648574960627254282e-01,3.133054478332288895e-01,8.170903117644071068e-02,9.866047992413337631e-02,8.343635162825353835e-02,4.988907893177084441e-02,8.860137846945860540e-02,9.124316268987824052e-02,1.744763001473302877e-01,1.130717515368071663e-01,3.018746507256439560e-01,2.973023318826099604e-01,9.205601937308428850e-02,2.406394472574554244e-01,6.232070583055324686e-01,3.021456029533792775e-01,3.986892685983302598e-01,2.831281434692045629e-01,6.872025875937748385e-02,2.337470999644375158e-01
1.644341332068889605e-02,2.680733603156593495e-02,1.823847182943557146e-02,1.007603596890823197e-02,4.116780410153934866e-02,6.650183739479433032e-02,6.084570964081895128e-02,9.686542141538670783e-03,6.651877190902778791e-02,3.327632046874735156e-02,4.423295117779546537e-02,3.281908858444395477e-02,8.731435538771570304e-02,0.000000000000000000e+00,2.220114816006502761e-02,2.189632690386276309e-02,1.400484327107076946e-02,2.889028128228141729e-02,2.612995546222756510e-02,5.126077458468104170e-02,2.667185991769826028e-02,8.770384921508526943e-02,7.864388410018458009e-02,3.004182825015664499e-02,6.853397910280943639e-02,1.362551015224128248e-01,9.180200165958239678e-02,1.208616280841984109e-01,9.031176440703798936e-02,2.033835159438451487e-02,5.710318199522446819e-02,2.218421364583157002e-02,1.290409984589591975e-02,2.458891466698277795e-02,1.363228395793466587e-02,2.697668117390052828e-02,9.263179285702189195e-03,9.161572200301434932e-03,2.235355878816615988e-02,1.674823457689116057e-02,2.426715889654705235e-02,1.461448578347530024e-02,1.893278691300739891e-02,6.536722494115256542e-03,4.978747184637008320e-03,2.509695009398655446e-02,2.829757328411034584e-02,2.846691842644493570e-02,1.154933870721918353e-02,4.049042353220098228e-02,6.160776278132461953e-02,6.204806015139455871e-02,1.112597585138270367e-02,8.326700648591894849e-02,4.132021472964048092e-02,5.557907571421313864e-02,4.723036019711774475e-02,9.048110954937257921e-02,2.380992701224365210e-02,2.822983522717650851e-02,2.433489695348088969e-02,1.454674772654146464e-02,2.579126517755838191e-02,2.631623511879561603e-02,5.105756041387952970e-02,3.302230275524546677e-02,8.777158727201909982e-02,8.592572522057204121e-02,2.624849706186178216e-02,6.960085349951736222e-02,1.781510897359909196e-01,8.780545630048601502e-02,1.152563038729234046e-01,8.155662054833956454e-02,1.976257811044690102e-02,6.734856310646729349e-02
1.512252121047907676e-02,2.502921203705271713e-02,1.708692486156034723e-02,9.263179285702189195e-03,3.708658617127567891e-02,6.006672198607983237e-02,5.478315354524055519e-02,8.738209344464953343e-03,6.126907249665543287e-02,2.958459636585324473e-02,3.954209073512725964e-02,3.005876276439010258e-02,7.832212832974885797e-02,2.220114816006502761e-02,0.000000000000000000e+00,2.021980999475030127e-02,1.249767150429289923e-02,2.672266346039864002e-02,2.413168278267937769e-02,4.785693722375573833e-02,2.453811112428240168e-02,8.067602580819968616e-02,7.374980948671487624e-02,2.809435911330883384e-02,6.289478586306751495e-02,1.282450762899866314e-01,8.480804728116374258e-02,1.095324380620141952e-01,8.240334626001252771e-02,1.837394794330324613e-02,5.285261892262620165e-02,2.018594096628338261e-02,1.193883253458874472e-02,2.206567204619735642e-02,1.212511219115679738e-02,2.408087923997900143e-02,8.416453574029229487e-03,8.196304888994259893e-03,2.033835159438451487e-02,1.527493183858021075e-02,2.216727913159810895e-02,1.324279013056510468e-02,1.635874074952160112e-02,5.774669353609591764e-03,4.470711757633232669e-03,2.304787387173799079e-02,2.553724746405649365e-02,2.648558026113020936e-02,1.061794042437892716e-02,3.590117017493352908e-02,5.625645628355150502e-02,5.647660496858647461e-02,1.014377402584206930e-02,7.601903439399840257e-02,3.586730114646661388e-02,5.049872144417537345e-02,4.396199895006011604e-02,8.206465597534334799e-02,2.132055341992514924e-02,2.670572894616517895e-02,2.162537467612741376e-02,1.281942727472862482e-02,2.318334998560566199e-02,2.430102792501397102e-02,4.597720614384176452e-02,2.963539990855362447e-02,8.037120455199742164e-02,7.974462752535943499e-02,2.450424209581548302e-02,6.301332746270173202e-02,1.650607102335269472e-01,8.091310900746812029e-02,1.039779173934395756e-01,7.574808216626306712e-02,1.801832314440060187e-02,6.111666186855430061e-02
1.449594418384108664e-02,2.401314118304516410e-02,1.625713366412084512e-02,8.856750944099168674e-03,3.600277726033428854e-02,5.862728827623579775e-02,5.332678532116306297e-02,8.501126145196524417e-03,5.940627593097491665e-02,2.882254322534757995e-02,3.845828182418587621e-02,2.882254322534757995e-02,7.645933176406834175e-02,2.189632690386276309e-02,2.021980999475030127e-02,0.000000000000000000e+00,1.232832636195830764e-02,2.562192003522378858e-02,2.311561192867182465e-02,4.572318843033987279e-02,2.357284381297522491e-02,7.761087873194356945e-02,7.036290664002303741e-02,2.682427054579939255e-02,6.064249547001743929e-02,1.224534724221435777e-01,8.152275151987264934e-02,1.063487493861238614e-01,8.013412135272900139e-02,1.784897800206601201e-02,5.056645950110921078e-02,1.996579228124841301e-02,1.154933870721918353e-02,2.137135696262552551e-02,1.175255287802069379e-02,2.365751638414251984e-02,8.230173917461176825e-03,7.993090718192747898e-03,2.001659582394878928e-02,1.468222384040913757e-02,2.130361890569169164e-02,1.275168921779478749e-02,1.635874074952160112e-02,5.825472896309969763e-03,4.284432101065180874e-03,2.204873753196389535e-02,2.506308106551963580e-02,2.516468815092039180e-02,1.021151208277590490e-02,3.493590286362635577e-02,5.437672520363753120e-02,5.432592166093715841e-02,9.720411170005587714e-03,7.276760766117423840e-02,3.546087280486358989e-02,4.873753196389561670e-02,4.176051209971042011e-02,7.962608592572521793e-02,2.074477993598753539e-02,2.546950940712265632e-02,2.116814279182401698e-02,1.268395116086095016e-02,2.262451101590150920e-02,2.335269512794025532e-02,4.484259369019999442e-02,2.894108482498179702e-02,7.791569998814583398e-02,7.647626627830181323e-02,2.343736769910755025e-02,6.106585832585392087e-02,1.582191664832094391e-01,7.796650353084622065e-02,1.012853296303195538e-01,7.308936343160996052e-02,1.745948417469644909e-02,5.911838918900611667e-02
9.026096086433760268e-03,1.495317606814448516e-02,9.788149226939425046e-03,5.656127753975377301e-03,2.286159421516993639e-02,3.556247989026434936e-02,3.359807623918308062e-02,5.317437469306193244e-03,3.627372948806963787e-02,1.818766828673519520e-02,2.392846861187786917e-02,1.798445411593368320e-02,4.784000270952228073e-02,1.400484327107076946e-02,1.249767150429289923e-02,1.232832636195830764e-02,0.000000000000000000e+00,1.602005046485241446e-02,1.432659904150649505e-02,2.814516265600921358e-02,1.493624155391102583e-02,4.797547882338994846e-02,4.352170157999017686e-02,1.659582394879002831e-02,3.815346056798360475e-02,7.627305210750029429e-02,5.022776921644002412e-02,6.653570642326124551e-02,4.892381162046366416e-02,1.127838647948383594e-02,3.132885133189954735e-02,1.231139184772484831e-02,7.095561463819410192e-03,1.302264144553013508e-02,7.247972091920543321e-03,1.486850349697718850e-02,5.198895869671978781e-03,4.843271070769335392e-03,1.214204670539025671e-02,9.110768657601056933e-03,1.288716533166246042e-02,7.722138490457401173e-03,1.019457756854244557e-02,3.607051531726812327e-03,2.641784220419637289e-03,1.364921847216812520e-02,1.532573538128058875e-02,1.551201503784863968e-02,6.316573809080286948e-03,2.191326141809622069e-02,3.366581429611691795e-02,3.395370103808572487e-02,6.028687067111480023e-03,4.496113528983421148e-02,2.265838004436842787e-02,3.041438756329274684e-02,2.609608643376064643e-02,4.949958510440127801e-02,1.300570693129667575e-02,1.547814600938172101e-02,1.319198658786472668e-02,8.026959746659666564e-03,1.402177778530422879e-02,1.436046806997341198e-02,2.755245465783813866e-02,1.776430543089871361e-02,4.775533013835497886e-02,4.689166991244855809e-02,1.451287869807454597e-02,3.803491896834939462e-02,9.777988518399349793e-02,4.822949653689184019e-02,6.353829740393897307e-02,4.494420077560075388e-02,1.105823779444886634e-02,3.661241977273881759e-02
1.913600108380891091e-02,3.156593453116797454e-02,2.142216050532590524e-02,1.176948739225415312e-02,4.745050888215271434e-02,7.620531405056646390e-02,7.031210309732265074e-02,1.112597585138270367e-02,7.727218844727438973e-02,3.784863931178134022e-02,5.039711435877462092e-02,3.822119862491744208e-02,1.006418180894481096e-01,2.889028128228141729e-02,2.672266346039864002e-02,2.562192003522378858e-02,1.602005046485241446e-02,0.000000000000000000e+00,3.021117339249123485e-02,5.971109718717718812e-02,3.129498230343262521e-02,1.015224128295879880e-01,9.269953091395573275e-02,3.539313474792975256e-02,7.974462752535943499e-02,1.617584799580024102e-01,1.066197016138592107e-01,1.400992362534080604e-01,1.045367563631437180e-01,2.367445089837598091e-02,6.685746219369696763e-02,2.614688997646102617e-02,1.534266989551404635e-02,2.828063876987688477e-02,1.559668760901593461e-02,3.104096458993073696e-02,1.082115459518043742e-02,1.046552979627779316e-02,2.618075900492794483e-02,1.944082234001117543e-02,2.800968654214153891e-02,1.671436554842424191e-02,2.135442244839206791e-02,7.637465919290105376e-03,5.605324211274999302e-03,2.912736448154984795e-02,3.263280892787590731e-02,3.341179658261502622e-02,1.353067687253391160e-02,4.597720614384176452e-02,7.122656686592944431e-02,7.156525715059863790e-02,1.288716533166246042e-02,9.539211867707575454e-02,4.643443802814516130e-02,6.430035054444463438e-02,5.566374828538043357e-02,1.043504767065756705e-01,2.745084757243738613e-02,3.356420721071615848e-02,2.751858562937121999e-02,1.649421686338927232e-02,2.936444768081827514e-02,3.083775041912922843e-02,5.837327056273390602e-02,3.783170479754788262e-02,1.012006570591522520e-01,1.004386039186465907e-01,3.090548847606306576e-02,8.008331781002861471e-02,2.082945250715483310e-01,1.022505969416267341e-01,1.325972464479856505e-01,9.508729742087347614e-02,2.281079067246956013e-02,7.771248581734432892e-02
1.705305583309342857e-02,2.795888299944116265e-02,1.986418519584765702e-02,1.048246431051125249e-02,4.230241655518111182e-02,6.907588355828013504e-02,6.260689912109870803e-02,1.007603596890823197e-02,7.009195441228768808e-02,3.403837360925301980e-02,4.585866454420754745e-02,3.376742138151767048e-02,8.943116966689811098e-02,2.612995546222756510e-02,2.413168278267937769e-02,2.311561192867182465e-02,1.432659904150649505e-02,3.021117339249123485e-02,0.000000000000000000e+00,5.447833228903829067e-02,2.785727591404040665e-02,9.236084062928655303e-02,8.385971448409001994e-02,3.148126196000067961e-02,7.071853143892567473e-02,1.434184010431660827e-01,9.689929044385361956e-02,1.257387681834346571e-01,9.447765490846894709e-02,2.101573216372288472e-02,6.001591844337945264e-02,2.218421364583157002e-02,1.332746270173240134e-02,2.516468815092039180e-02,1.368308750063504386e-02,2.814516265600921358e-02,9.568000541904455453e-03,9.500262484970618121e-03,2.267531455860188547e-02,1.734094257506223549e-02,2.523242620785422913e-02,1.503784863931178183e-02,1.942388782577771783e-02,6.638329579516011672e-03,5.165026841205060115e-03,2.629930060456215843e-02,3.004182825015664499e-02,3.014343533555740098e-02,1.210817767692333805e-02,4.115086958730589106e-02,6.452049922947959704e-02,6.435115408714500718e-02,1.151546967875226486e-02,8.648456419027619746e-02,4.179438112817733531e-02,5.776362805032937697e-02,4.897461516316404390e-02,9.383414336759750285e-02,2.477519432355082887e-02,3.032971499212545191e-02,2.509695009398655446e-02,1.486850349697718850e-02,2.680733603156593495e-02,2.789114494250732532e-02,5.325904726422922564e-02,3.413998069465377233e-02,9.286887605629032261e-02,9.109075206177710826e-02,2.758632368630505732e-02,7.183620937833398723e-02,1.869909061658566463e-01,9.303822119862491247e-02,1.198963607728912306e-01,8.711114121691419798e-02,2.081251799292137272e-02,6.975326412761849448e-02
3.353033818224924328e-02,5.615484919815075249e-02,3.805185348258285222e-02,2.079558347868791512e-02,8.362263128482159968e-02,1.357470660954090413e-01,1.233001981338165270e-01,1.952549491117847383e-02,1.381009635738598973e-01,6.650183739479433032e-02,8.971905640886691791e-02,6.680665865099659484e-02,1.773382330527848716e-01,5.126077458468104170e-02,4.785693722375573833e-02,4.572318843033987279e-02,2.814516265600921358e-02,5.971109718717718812e-02,5.447833228903829067e-02,0.000000000000000000e+00,5.456300486020558560e-02,1.806743323567763515e-01,1.636043420094494549e-01,6.191258403752688405e-02,1.418604257336878172e-01,2.882084977392423419e-01,1.906656957545172781e-01,2.480059609490101735e-01,1.859748353118490793e-01,4.165890501430966758e-02,1.182537128922456909e-01,4.535062911720377093e-02,2.690894311696669094e-02,4.990601344600430200e-02,2.760325820053851839e-02,5.518958188684357918e-02,1.920373914074274824e-02,1.854329308563783946e-02,4.504580786100150641e-02,3.436012937968874192e-02,4.931330544783323055e-02,2.912736448154984795e-02,3.759462159827945543e-02,1.307344498823051308e-02,9.923625340807099710e-03,5.124384007044757716e-02,5.833940153426699082e-02,5.940627593097491665e-02,2.358977832720868251e-02,8.059135323703239817e-02,1.266024284093410779e-01,1.257895717261350299e-01,2.245516587356691587e-02,1.702596061031989294e-01,8.174290020490762587e-02,1.133935073072428884e-01,9.764440907012582327e-02,1.843660564596704410e-01,4.836497265075951485e-02,5.962642461600989319e-02,4.894074613469712870e-02,2.914429899578330554e-02,5.227684543868858780e-02,5.468154645983980267e-02,1.044690183062098876e-01,6.607847453895784873e-02,1.821645696093207589e-01,1.783543039067924385e-01,5.466461194560633813e-02,1.413523903066840615e-01,3.690199996613097166e-01,1.825201944082233962e-01,2.358300452151529947e-01,1.714619566137745299e-01,4.116780410153934866e-02,1.374743865472218829e-01
1.791671605899984587e-02,2.905962642461601061e-02,1.977951262468036209e-02,1.090582716634773408e-02,4.389426089312627871e-02,7.051531726812416967e-02,6.506240368495029569e-02,1.060100591014546782e-02,7.087094206702680699e-02,3.525765863406208483e-02,4.684086636974818529e-02,3.573182503259893922e-02,9.295354862745762448e-02,2.667185991769826028e-02,2.453811112428240168e-02,2.357284381297522491e-02,1.493624155391102583e-02,3.129498230343262521e-02,2.785727591404040665e-02,5.456300486020558560e-02,0.000000000000000000e+00,9.358012565409561112e-02,8.560396945013631909e-02,3.298843372677854463e-02,7.373287497248141864e-02,1.480923269716008239e-01,9.708557010042166702e-02,1.284821594892550378e-01,9.551066027670995773e-02,2.172698176152816976e-02,6.199725660869417898e-02,2.426715889654705235e-02,1.408951584223806612e-02,2.628236609032869736e-02,1.452981321230800531e-02,2.885641225381449862e-02,9.957494369274016641e-03,9.635738598838292784e-03,2.458891466698277795e-02,1.800138863016714427e-02,2.623156254762832110e-02,1.571522920865014994e-02,1.972870908197998235e-02,6.993954378418655062e-03,5.249699412372355913e-03,2.731537145856971147e-02,3.004182825015664499e-02,3.048212562022658417e-02,1.258234407546019590e-02,4.323381483802136993e-02,6.541802848385294689e-02,6.709454539296540176e-02,1.202350510575604138e-02,8.821188464208903901e-02,4.367411220809130912e-02,5.921999627440686920e-02,5.185348258285211315e-02,9.757667101319199288e-02,2.543564037865573765e-02,3.073614333372847243e-02,2.558805100675686992e-02,1.535960440974750568e-02,2.740004402973700640e-02,2.768793077170581332e-02,5.373321366276608696e-02,3.520685509136170510e-02,9.256405480008805808e-02,9.181893617381585437e-02,2.843304939797802050e-02,7.451186262722053755e-02,1.923760816920966621e-01,9.315676279825912953e-02,1.227413591641123708e-01,8.753450407275067957e-02,2.096492862102250498e-02,7.231037577687084161e-02
