0.000000000000000000e+00,1.409280050247310907e-02,8.165188034859072533e-03,6.320169584674570525e-03,2.003349820732249972e-02,2.244118185862709752e-02,2.529376357593363100e-02,7.340818089031954374e-03,3.145691031378398950e-02,1.617335322289393043e-02,2.457407552798932318e-02,1.301981104917432179e-02,3.930805265499463796e-02,1.222161157781790665e-02,1.141032686922613913e-02,9.382115097746722074e-03,6.712726701735102774e-03,1.355630577582371543e-02,1.150192352987359709e-02,2.200936902986051075e-02,1.320300437046923597e-02,4.318128287665855269e-02,3.673026091963046968e-02,1.351705006411766177e-02,3.084190416372248680e-02,6.733663081311663801e-02,3.869304650493313180e-02,5.574311062259558469e-02,3.667791997068906712e-02,8.740938473214519833e-03,2.815943053047551686e-02,1.108319593834236269e-02,6.922090497500719974e-03,1.356939101305906607e-02,7.877312815681348016e-03,1.158043495328570267e-02,4.462065897254717008e-03,3.506843579074088533e-03,1.079532071916463817e-02,7.209965716678443624e-03,9.473711758394180033e-03,7.667949019915730816e-03,8.479233728507498333e-03,3.912485933369971858e-03,3.009604564130747683e-03,5.299521080317185807e-03,1.240480489911282083e-02,1.584622229201015572e-02,6.398681008086676975e-03,2.005966868179320101e-02,2.429928554604695104e-02,2.933710188165711275e-02,7.262306665619847924e-03,3.328884352673314173e-02,1.867263353484598792e-02,3.143073983931328474e-02,1.695846745701499667e-02,4.285415194577477799e-02,1.330768626835204457e-02,1.237863442464211955e-02,1.079532071916463817e-02,7.864227578445997374e-03,1.464238046635785509e-02,1.640888749313024891e-02,2.428620030881159866e-02,1.372641385988327897e-02,4.322053858836460982e-02,4.002774070293894232e-02,8.479233728507498333e-03,2.933710188165711275e-02,8.263327314124205292e-02,3.883698411452199406e-02,5.675067388971762050e-02,3.505535055350553209e-02,8.583915626390306933e-03,3.017455706471958501e-02
1.409280050247310907e-02,0.000000000000000000e+00,2.142053335426971281e-02,1.650048415377770861e-02,5.129412996257622093e-02,5.792834524089921638e-02,6.498128811075344624e-02,1.773049645390071052e-02,8.053963518358588092e-02,4.072125827641254886e-02,6.206328020727015782e-02,3.184946743084451914e-02,1.006123891026144274e-01,3.162701839784354957e-02,2.866975478265421096e-02,2.412917746198738750e-02,1.687995603360288935e-02,3.516003245138834415e-02,2.931093140718641146e-02,5.667216246630551318e-02,3.178404124466776420e-02,1.110674936536599350e-01,9.232943393263719212e-02,3.293554212137866227e-02,7.980686189840621725e-02,1.713511815969223639e-01,1.005862186281437226e-01,1.432179215409175310e-01,9.537829420847400430e-02,2.212713616497867172e-02,7.206040145507837391e-02,2.768836199000287990e-02,1.754730313260579461e-02,3.476747533432781451e-02,1.996807202114574478e-02,2.983434089660045446e-02,1.144958258093219279e-02,8.767108947685221115e-03,2.681165109523435744e-02,1.905210541467116866e-02,2.461333123969537684e-02,1.948391824343775197e-02,2.161681191279997763e-02,9.800842689277956474e-03,7.524011410326869424e-03,1.282353249064405523e-02,3.215042788725759604e-02,4.123158252859124295e-02,1.604250085054042055e-02,5.060061238910261439e-02,6.279605349244982149e-02,7.484755698620816633e-02,1.790060453796027407e-02,8.522415011384155969e-02,4.727696213132344394e-02,7.976760618670016012e-02,4.191201486482949712e-02,1.089345999842977197e-01,3.381225301614718126e-02,3.195414932872733121e-02,2.838187956347648644e-02,1.957551490408521166e-02,3.692653947816074145e-02,4.248776530318494615e-02,6.304467299992148888e-02,3.319724686608568204e-02,1.136322001517887509e-01,1.021171913846797979e-01,2.125042527021014926e-02,7.561958598309387325e-02,2.110910470806835748e-01,1.019994242495616404e-01,1.457826280390463469e-01,9.096856926016068379e-02,2.244118185862709752e-02,7.810578105781057490e-02
8.165188034859072533e-03,2.142053335426971281e-02,0.000000000000000000e+00,9.669990316924446591e-03,3.031849467430844380e-02,3.453194106409149255e-02,3.818272225275444465e-02,1.055978644892831969e-02,4.795739446756169810e-02,2.382821700557431061e-02,3.663866425898301693e-02,1.918295778702467855e-02,5.940697704849388916e-02,1.835858784119756212e-02,1.719400172725131515e-02,1.431524953547407865e-02,9.827013163748659491e-03,2.076627149250215992e-02,1.731176886236947612e-02,3.393002015126534571e-02,1.863337782313993427e-02,6.652534610452487396e-02,5.546832064065321255e-02,1.948391824343775197e-02,4.692366072596896448e-02,1.015937818952657584e-01,6.004815367302609314e-02,8.443903587972050040e-02,5.659365104289340587e-02,1.304598152364502307e-02,4.302426002983433806e-02,1.626494988354139012e-02,1.044201931381015871e-02,2.076627149250215992e-02,1.192065112140483149e-02,1.710240506660385892e-02,6.608044803852294174e-03,5.116327759022270757e-03,1.592473371542225957e-02,1.118787783622517129e-02,1.470780665253461003e-02,1.177671351181596923e-02,1.253565727146633245e-02,5.783674858025176016e-03,4.475151134490068516e-03,7.484755698620815766e-03,1.893433827955300769e-02,2.458716076522467209e-02,9.526052707335584332e-03,2.986051137107115921e-02,3.727984088351522091e-02,4.428044280442804126e-02,1.053361597445761667e-02,5.099316950616314403e-02,2.770144722723822880e-02,4.691057548873361210e-02,2.514982596634476875e-02,6.381670199680719580e-02,1.973253775090942283e-02,1.913061683808327598e-02,1.660516605166051721e-02,1.151500876710894773e-02,2.186543142027164849e-02,2.529376357593363100e-02,3.775090942398785787e-02,1.937923634555494337e-02,6.792546648870743942e-02,6.076784172097040443e-02,1.253565727146633245e-02,4.433278375336945076e-02,1.252518908167805090e-01,6.072858600926434730e-02,8.583915626390306586e-02,5.412054120541205660e-02,1.322917484493993899e-02,4.638716599931956563e-02
6.320169584674570525e-03,1.650048415377770861e-02,9.669990316924446591e-03,0.000000000000000000e+00,2.309544372039465041e-02,2.607887781005469724e-02,2.948103949124597500e-02,8.034335662505560915e-03,3.641621522598204735e-02,1.850252545078642438e-02,2.818560100494621815e-02,1.428907906100337563e-02,4.544502891837429170e-02,1.415822668864986575e-02,1.295438486299756685e-02,1.075606500745858451e-02,7.641778545445028666e-03,1.584622229201015572e-02,1.315066342152783167e-02,2.533301928763968466e-02,1.439376095888618423e-02,4.999869147627646754e-02,4.159796917118107479e-02,1.495642616000628089e-02,3.594514668550941039e-02,7.741226348433696836e-02,4.510481275025516462e-02,6.492894716181203674e-02,4.281489623406872086e-02,9.866268875454711415e-03,3.262149642773023300e-02,1.275810630446730029e-02,8.073591374211614574e-03,1.605558608777577292e-02,9.238177488157859815e-03,1.329460103111669393e-02,5.142498233492972907e-03,4.030253068488131966e-03,1.237863442464211955e-02,8.767108947685221115e-03,1.131873020857868117e-02,8.950302268980137033e-03,9.840098400984010132e-03,4.553662557902174966e-03,3.480673104603386383e-03,5.731333909083771716e-03,1.456386904294574777e-02,1.888199733061160512e-02,7.432414749679411466e-03,2.327863704168956632e-02,2.866975478265421096e-02,3.416555442150166072e-02,8.139017560388369515e-03,3.849676794640286698e-02,2.148595954044646775e-02,3.648164141215880230e-02,1.906519065190651757e-02,4.964539007092198808e-02,1.527047185365470669e-02,1.432833477270942929e-02,1.278427677893800157e-02,8.897961320038732733e-03,1.678835937295543312e-02,1.919604302426003092e-02,2.843422051241788900e-02,1.517887519300724873e-02,5.103242521786920116e-02,4.590301222161157629e-02,9.656905079689094215e-03,3.404778728638350321e-02,9.522127136164978967e-02,4.566747795137526128e-02,6.593651042893407255e-02,4.103530397006097813e-02,1.004946219674962733e-02,3.570961241527308844e-02
2.003349820732249972e-02,5.129412996257622093e-02,3.031849467430844380e-02,2.309544372039465041e-02,0.000000000000000000e+00,8.158645416241395998e-02,9.157049017298683757e-02,2.556855355787600315e-02,1.134359215932584791e-01,5.838632854413650791e-02,8.845620371097327739e-02,4.564130747690455653e-02,1.422103582737954952e-01,4.425427232995734345e-02,4.066891732747114629e-02,3.389076443955928858e-02,2.412917746198738750e-02,4.972390149433409540e-02,4.155871345947501766e-02,7.978069142393551250e-02,4.547119939284498952e-02,1.568396535029180083e-01,1.307215199811572470e-01,4.641333647379027039e-02,1.120619716835466184e-01,2.408468765538719081e-01,1.411373688204967114e-01,2.014341420009944650e-01,1.337703802569940592e-01,3.098584177331134906e-02,1.017769752165606778e-01,3.936039360393604053e-02,2.486195074716704770e-02,4.942294103792101850e-02,2.857815812200675126e-02,4.192510010206484949e-02,1.617335322289393043e-02,1.240480489911282083e-02,3.799952893145952526e-02,2.685090680694041110e-02,3.480673104603386470e-02,2.772761770170893356e-02,3.054094370730941338e-02,1.393577765564889617e-02,1.072989453298788323e-02,1.801837167307843157e-02,4.500013085237235255e-02,5.826856140901834347e-02,2.284682421292297955e-02,7.181178194760670652e-02,8.798513517050064736e-02,1.060035068435790789e-01,2.549004213446389930e-02,1.204365235141713064e-01,6.719269320352777575e-02,1.135275182539059458e-01,5.982570464002512356e-02,1.534244065844913851e-01,4.778728638350213109e-02,4.480385229384208773e-02,3.970060977205516761e-02,2.798932244641595332e-02,5.227552275522755199e-02,6.037528460390986784e-02,8.865248226950354915e-02,4.743398497814765163e-02,1.591164847818690997e-01,1.441077176729214093e-01,3.000444898066001800e-02,1.061474444531679412e-01,2.964198790924079674e-01,1.429169610845044680e-01,2.054513098322472697e-01,1.278296825521446634e-01,3.169244458402031145e-02,1.104132317918923856e-01
2.244118185862709752e-02,5.792834524089921638e-02,3.453194106409149255e-02,2.607887781005469724e-02,8.158645416241395998e-02,0.000000000000000000e+00,1.026275156368584990e-01,2.823794195388762418e-02,1.290466096150323094e-01,6.403915102980817231e-02,9.834864306089868835e-02,5.107168092957525135e-02,1.599931956766376118e-01,4.995943576457041041e-02,4.608620554290649568e-02,3.879772840281594387e-02,2.652377587605663292e-02,5.609641202795006415e-02,4.706759833555782674e-02,9.124335924210305593e-02,5.054827144016121182e-02,1.787966815838371026e-01,1.497081992096516712e-01,5.248488655099316919e-02,1.274109549606134428e-01,2.737169924890738293e-01,1.615765093821150966e-01,2.281280259611106753e-01,1.530056789929601369e-01,3.553950433121352837e-02,1.158305200073277280e-01,4.386171521289680686e-02,2.797623720918060095e-02,5.545523540341786711e-02,3.196723456596268359e-02,4.671429693020334728e-02,1.801837167307843157e-02,1.389652194394284425e-02,4.257936196383240585e-02,3.000444898066001800e-02,3.920337075711182589e-02,3.128680222972442249e-02,3.390384967679464095e-02,1.551909136112637755e-02,1.193373635864018213e-02,2.066158959461935132e-02,5.138572662322368062e-02,6.608044803852293481e-02,2.558163879511135552e-02,8.047420899740911904e-02,1.005469629164376794e-01,1.189186359948705834e-01,2.830336814006437912e-02,1.368846667190076194e-01,7.466436366491324694e-02,1.261547721860197258e-01,6.691790322158540361e-02,1.724503415246918525e-01,5.353170552982125519e-02,5.145115280940043556e-02,4.507864227578445987e-02,3.114286462013556370e-02,5.870037423778493024e-02,6.786004030253069141e-02,1.014629295229122485e-01,5.262882416058203144e-02,1.820810761299102298e-01,1.644683468111276803e-01,3.403470204914815084e-02,1.202925859045824442e-01,3.379262516029415409e-01,1.635916359163591682e-01,2.312946533720656450e-01,1.460050770720473234e-01,3.564418622909633350e-02,1.244536913454240973e-01
2.529376357593363100e-02,6.498128811075344624e-02,3.818272225275444465e-02,2.948103949124597500e-02,9.157049017298683757e-02,1.026275156368584990e-01,0.000000000000000000e+00,3.216351312449294841e-02,1.434011148622124643e-01,7.380073800738007339e-02,1.120227159718405752e-01,5.739185051424982448e-02,1.802883986286671347e-01,5.644971343330454361e-02,5.111093664128130848e-02,4.276255528512731829e-02,3.064562560519222198e-02,6.321478108398105589e-02,5.221009656905079704e-02,1.004161105440841695e-01,5.749653241213262961e-02,1.977179346261547788e-01,1.644814320483630465e-01,5.863494805160817530e-02,1.424197220695611332e-01,3.050692209049750137e-01,1.775535840464787518e-01,2.558163879511135552e-01,1.688911569966763393e-01,3.925571170605322846e-02,1.282876658553819549e-01,5.043050430504304738e-02,3.145691031378398950e-02,6.240349637538928490e-02,3.606291382062756790e-02,5.327000078511423542e-02,2.072701578079610626e-02,1.571536991965664237e-02,4.889953154850697203e-02,3.416555442150166072e-02,4.405799377142707862e-02,3.498992436732877714e-02,3.875847269110988674e-02,1.786134882625422041e-02,1.354322053858836479e-02,2.304310277145324784e-02,5.713014576954280471e-02,7.380073800738007339e-02,2.903614142524403932e-02,9.154431969851613282e-02,1.116432440920153840e-01,1.348957106592342525e-01,3.247755881814137074e-02,1.519065190651906483e-01,8.527649106278296920e-02,1.441469733846274526e-01,7.569809740650597363e-02,1.952709952631441204e-01,6.058464839967548504e-02,5.635811677265709085e-02,5.060061238910261439e-02,3.533014053544790423e-02,6.626364135981785419e-02,7.597288738844834577e-02,1.116301588547800316e-01,6.037528460390986784e-02,2.012247782052288547e-01,1.815707518777315566e-01,3.815655177828373990e-02,1.347256025751746855e-01,3.759519510088717986e-01,1.804061657637852922e-01,2.608542042867237343e-01,1.616157650938211399e-01,4.001465546570358994e-02,1.396849074873727503e-01
7.340818089031954374e-03,1.773049645390071052e-02,1.055978644892831969e-02,8.034335662505560915e-03,2.556855355787600315e-02,2.823794195388762418e-02,3.216351312449294841e-02,0.000000000000000000e+00,3.959592787417235554e-02,2.045222579885373412e-02,3.099892701054670144e-02,1.673601842401402709e-02,4.937060008897961594e-02,1.553217659836172819e-02,1.474706236424066369e-02,1.185522493522807655e-02,8.400722305095391015e-03,1.733793933684017741e-02,1.470780665253461003e-02,2.832953861453508040e-02,1.656591033995446355e-02,5.507576352359268290e-02,4.685823453979220954e-02,1.706314935489780527e-02,3.908560362199366839e-02,8.561670723090208934e-02,4.948836722409777344e-02,7.063411059642511758e-02,4.663578550679123996e-02,1.096542880322420171e-02,3.553950433121352837e-02,1.383109575776608757e-02,8.649341812567061874e-03,1.715474601554526149e-02,9.827013163748659491e-03,1.468163617806390875e-02,5.718248671848420207e-03,4.291957813195153466e-03,1.328151579388134329e-02,9.238177488157859815e-03,1.215618539164114997e-02,9.735416503101201532e-03,1.083457643087069183e-02,4.893878726021302916e-03,3.742377849310407883e-03,6.791238125147209224e-03,1.583313705477480335e-02,2.008583915626390229e-02,8.034335662505560915e-03,2.522833738975687606e-02,3.033157991154379618e-02,3.658632331004161437e-02,9.198921776451807891e-03,4.165031012012247735e-02,2.352725654916123718e-02,3.966135406034911742e-02,2.173457904791813861e-02,5.291669937975975596e-02,1.684070032189683569e-02,1.599015990159901451e-02,1.368715814817722705e-02,9.735416503101201532e-03,1.824082070607940115e-02,2.098872052550312603e-02,3.129988746695977486e-02,1.723325743895736881e-02,5.584779252047839676e-02,5.163434613069534801e-02,1.101776975216560601e-02,3.710973279945565390e-02,1.058857397084609075e-01,5.032582240716024224e-02,7.191646384548952553e-02,4.463374420978252072e-02,1.091308785428279741e-02,3.836591557404935710e-02
3.145691031378398950e-02,8.053963518358588092e-02,4.795739446756169810e-02,3.641621522598204735e-02,1.134359215932584791e-01,1.290466096150323094e-01,1.434011148622124643e-01,3.959592787417235554e-02,0.000000000000000000e+00,8.977781267174374247e-02,1.371202009892439344e-01,7.089581534113213734e-02,2.232734029467954295e-01,6.971814398995053452e-02,6.413074769045562507e-02,5.410745596817670422e-02,3.721441469733846596e-02,7.804035487163382689e-02,6.521682238098976125e-02,1.276988301797911673e-01,7.058176964748370807e-02,2.496924969249692539e-01,2.082777210750830776e-01,7.293711234984689984e-02,1.775928397581848228e-01,3.804401873805972056e-01,2.259427913428070367e-01,3.168197639423202538e-01,2.136034126298709812e-01,4.937060008897961594e-02,1.602941561330507025e-01,6.057156316244013267e-02,3.854910889534426954e-02,7.671874591086336181e-02,4.412341995760383356e-02,6.549161236293213340e-02,2.514982596634476875e-02,1.920912826149537983e-02,5.884431184737379250e-02,4.161105440841642716e-02,5.452618355970793862e-02,4.329905001177671020e-02,4.744707021538300401e-02,2.143361859150506518e-02,1.669676271230797343e-02,2.897071523906728438e-02,7.128837245819266699e-02,9.168825730810499508e-02,3.540865195886001154e-02,1.118395226505456558e-01,1.390960718117819350e-01,1.650833529611891726e-01,3.941273455287744309e-02,1.904687131977702841e-01,1.044856193242783560e-01,1.747402580408782824e-01,9.350710528381879494e-02,2.401271885059276245e-01,7.478213080003140445e-02,7.164167386354713951e-02,6.273062730627305961e-02,4.357383999371908928e-02,8.192667033053309400e-02,9.434456046688126374e-02,1.417916306822642747e-01,7.327732851796603386e-02,2.541807332966946609e-01,2.289916516186438489e-01,4.773494543456072853e-02,1.678181675433775555e-01,4.702834262385177100e-01,2.286252649760540101e-01,3.226688649865221969e-01,2.031483080788254736e-01,4.984166862945225290e-02,1.723325743895736950e-01
1.617335322289393043e-02,4.072125827641254886e-02,2.382821700557431061e-02,1.850252545078642438e-02,5.838632854413650791e-02,6.403915102980817231e-02,7.380073800738007339e-02,2.045222579885373412e-02,8.977781267174374247e-02,0.000000000000000000e+00,7.079113344324933221e-02,3.604982858339221552e-02,1.130433644761979495e-01,3.580120907592054813e-02,3.209808693831619347e-02,2.695558870482321970e-02,1.914370207531862489e-02,3.963518358587841267e-02,3.273926356284839745e-02,6.355499725210017603e-02,3.649472664939415467e-02,1.247284813273664694e-01,1.036874198529219304e-01,3.700505090157284876e-02,8.956844887597811833e-02,1.924576692575436510e-01,1.118002669388395987e-01,1.604119232681688600e-01,1.059249954201669647e-01,2.475726884928423910e-02,8.065740231870403842e-02,3.148308078825469425e-02,1.991573107220433875e-02,3.921645599434717827e-02,2.259820470545130869e-02,3.382533825338253364e-02,1.307215199811572609e-02,9.827013163748659491e-03,3.058019941901546704e-02,2.159064143832927635e-02,2.779304388788568850e-02,2.215330663944937301e-02,2.471801313757818544e-02,1.120096307346052193e-02,8.505404202978199615e-03,1.448535761953364219e-02,3.594514668550941039e-02,4.574598937478736166e-02,1.829316165502080718e-02,5.770589620789824681e-02,6.935175734736070963e-02,8.451754730313260078e-02,2.050456674779513669e-02,9.518201564994373254e-02,5.395043312135248958e-02,9.057601214310015414e-02,4.766951924838397359e-02,1.222553714898851063e-01,3.858836460705032667e-02,3.506843579074088446e-02,3.173170029572636164e-02,2.214022140221402063e-02,4.174190678076993705e-02,4.764334877391326883e-02,7.029389442830598356e-02,3.805186988040093476e-02,1.268613749967286985e-01,1.136976263379655128e-01,2.377587605663290804e-02,8.479233728507497292e-02,2.366465154013242256e-01,1.138284787103190226e-01,1.644814320483630465e-01,1.017638899793253254e-01,2.526759310146292972e-02,8.751406663002800346e-02
2.457407552798932318e-02,6.206328020727015782e-02,3.663866425898301693e-02,2.818560100494621815e-02,8.845620371097327739e-02,9.834864306089868835e-02,1.120227159718405752e-01,3.099892701054670144e-02,1.371202009892439344e-01,7.079113344324933221e-02,0.000000000000000000e+00,5.557300253853602462e-02,1.725288529481039390e-01,5.409437073094135184e-02,4.906963963256653904e-02,4.113998586794378326e-02,2.925859045824500890e-02,6.042762555285127041e-02,5.024731098374813493e-02,9.697469315118682764e-02,5.552066158959462205e-02,1.900892413179451068e-01,1.582266886498652214e-01,5.665907722907016081e-02,1.364790243647117374e-01,2.931485697835701787e-01,1.709847949543325252e-01,2.454528800607155004e-01,1.617466174661746636e-01,3.781633561016461281e-02,1.232760199942424945e-01,4.783962733244354060e-02,3.004370469236607166e-02,5.974719321661301624e-02,3.434874774279658011e-02,5.122870377639946599e-02,1.979796393708617777e-02,1.485174426212347229e-02,4.583758603543482135e-02,3.254298500431812569e-02,4.213446389783046669e-02,3.355054827144016150e-02,3.746303420481013335e-02,1.699772316872105032e-02,1.283661772787940587e-02,2.194394284368375581e-02,5.469629164376749869e-02,7.017612729318782605e-02,2.780612912512103740e-02,8.793279422155923786e-02,1.063829787234042562e-01,1.285624558373243409e-01,3.107743843395880876e-02,1.453508152102797601e-01,8.169113606029677899e-02,1.379184004606003600e-01,7.271466331684593720e-02,1.857841982675145776e-01,5.854335139096071561e-02,5.381958074899897970e-02,4.834995158462222775e-02,3.394310538850069114e-02,6.365967914998299504e-02,7.278008950302268520e-02,1.076129910235272547e-01,5.773206668236895156e-02,1.937269372693727065e-01,1.737457800109916128e-01,3.629844809086388985e-02,1.291382062756797899e-01,3.599225353955667339e-01,1.737457800109916128e-01,2.503336735495014787e-01,1.549553793410274605e-01,3.853602365810892411e-02,1.339012326293475830e-01
1.301981104917432179e-02,3.184946743084451914e-02,1.918295778702467855e-02,1.428907906100337563e-02,4.564130747690455653e-02,5.107168092957525135e-02,5.739185051424982448e-02,1.673601842401402709e-02,7.089581534113213734e-02,3.604982858339221552e-02,5.557300253853602462e-02,0.000000000000000000e+00,8.916280652168223630e-02,2.789772578576849710e-02,2.634058255476171700e-02,2.134202193085760549e-02,1.487791473659417531e-02,3.093350082436994650e-02,2.628824160582031444e-02,5.044358954227839975e-02,2.974274423595299824e-02,9.870194446625317475e-02,8.473999633613357729e-02,3.046243228389730606e-02,6.977048493889194403e-02,1.539870717856114679e-01,8.900578367485802167e-02,1.262725393211378833e-01,8.396796733924785650e-02,1.970636727643872155e-02,6.449713433304546384e-02,2.492737693334380264e-02,1.570228468242129347e-02,3.101201224778205381e-02,1.773049645390071052e-02,2.613121875899609980e-02,9.984036010572872391e-03,7.824971866739943716e-03,2.420768888539949135e-02,1.659208081442516483e-02,2.203553950433121203e-02,1.759964408154719717e-02,1.911753160084792361e-02,8.727853235979167457e-03,6.686556227264400624e-03,1.214310015440579933e-02,2.835570908900578516e-02,3.629844809086388985e-02,1.448535761953364219e-02,4.535343225772683201e-02,5.498416686294522321e-02,6.605427756405223005e-02,1.672293318677867471e-02,7.546256313626965861e-02,4.208212294888906413e-02,7.123603150925125749e-02,3.912485933369971858e-02,9.505116327759022266e-02,3.006987516683677641e-02,2.903614142524403932e-02,2.462641647693072575e-02,1.744262123472298601e-02,3.251681452984742787e-02,3.788176179634136775e-02,5.610949726518541653e-02,3.099892701054670144e-02,1.006254743398497797e-01,9.306220721781685579e-02,1.957551490408521166e-02,6.636832325770065932e-02,1.906519065190651896e-01,9.020962550051032924e-02,1.290335243777969709e-01,8.019941901546674690e-02,1.973253775090942283e-02,6.954803590589096751e-02
3.930805265499463796e-02,1.006123891026144274e-01,5.940697704849388916e-02,4.544502891837429170e-02,1.422103582737954952e-01,1.599931956766376118e-01,1.802883986286671347e-01,4.937060008897961594e-02,2.232734029467954295e-01,1.130433644761979495e-01,1.725288529481039390e-01,8.916280652168223630e-02,0.000000000000000000e+00,8.777577137473502322e-02,7.919185574834471109e-02,6.741514223652875226e-02,4.701525738661641723e-02,9.813927926513307809e-02,8.119389704535343033e-02,1.569574206380361658e-01,8.829918086414906275e-02,3.087330873308732904e-01,2.571641673863547251e-01,9.075920546439507353e-02,2.217424301902593542e-01,4.738033550548271244e-01,2.778126717437386928e-01,3.965350291800790461e-01,2.643610478657977825e-01,6.170997880191567836e-02,1.999031692444583896e-01,7.718981445133600572e-02,4.846771871974039220e-02,9.578393656276988632e-02,5.528512731935830010e-02,8.222763078694617089e-02,3.186255266807987152e-02,2.431237078328229995e-02,7.539713695009291061e-02,5.213158514563868973e-02,6.805631886106094930e-02,5.400277407029389215e-02,5.990421606343723088e-02,2.750516866870796398e-02,2.066158959461935132e-02,3.611525476956897046e-02,8.840386276203188176e-02,1.139069901337311230e-01,4.471225563319462804e-02,1.414514145141451407e-01,1.729737510141058920e-01,2.084870848708487157e-01,4.986783910392295072e-02,2.367119415875009736e-01,1.314281227918662198e-01,2.207479521603726569e-01,1.172175551542749411e-01,3.015623773259009099e-01,9.438381617858732087e-02,8.819449896626625762e-02,7.861610530998927593e-02,5.452618355970793862e-02,1.026144303996231466e-01,1.177409646436889945e-01,1.744654680589358964e-01,9.272199104969773564e-02,3.145952736123105997e-01,2.827719766559367853e-01,5.904059040590405733e-02,2.100311428646201295e-01,5.849755306063698646e-01,2.816859019654026075e-01,4.042422339117008323e-01,2.515506006123890970e-01,6.245583732433068747e-02,2.153568344194080331e-01
1.222161157781790665e-02,3.162701839784354957e-02,1.835858784119756212e-02,1.415822668864986575e-02,4.425427232995734345e-02,4.995943576457041041e-02,5.644971343330454361e-02,1.553217659836172819e-02,6.971814398995053452e-02,3.580120907592054813e-02,5.409437073094135184e-02,2.789772578576849710e-02,8.777577137473502322e-02,0.000000000000000000e+00,2.480960979822564166e-02,2.092329433932637109e-02,1.486482949935882293e-02,3.051477323283871210e-02,2.551621260893460058e-02,4.883410536233021709e-02,2.783229959959174216e-02,9.601947083300620134e-02,7.995079950799507951e-02,2.843422051241788900e-02,6.923399021224255212e-02,1.477061579126429658e-01,8.617937243202218600e-02,1.240087932794221581e-01,8.205752270288660388e-02,1.915678731255397726e-02,6.223338829132972483e-02,2.424694459710554501e-02,1.506110805788908949e-02,2.997827850618931672e-02,1.741645076025228472e-02,2.551621260893460058e-02,9.944780298866818732e-03,7.694119494386432966e-03,2.340948941404307621e-02,1.626494988354139012e-02,2.123734003297479689e-02,1.689304127083824172e-02,1.881657114443485018e-02,8.623171338096358857e-03,6.542618617675538366e-03,1.109628117557771333e-02,2.764910627829682624e-02,3.570961241527308844e-02,1.398811860459030047e-02,4.422810185548663869e-02,5.412054120541205660e-02,6.521682238098976125e-02,1.559760278453848313e-02,7.356520373714375838e-02,4.125775300306194771e-02,6.953495066865562901e-02,3.666483473345371474e-02,9.467169139776504538e-02,2.937635759336316640e-02,2.736123105911910172e-02,2.452173457904791715e-02,1.720708696448666752e-02,3.224202454790505573e-02,3.700505090157284876e-02,5.434299023841301923e-02,2.916699379759754920e-02,9.756352882677762905e-02,8.805056135667739536e-02,1.848944021355107201e-02,6.547852712569679490e-02,1.817146894873204188e-01,8.725236188532098369e-02,1.262201983721965015e-01,7.840674151422365179e-02,1.943157729449634941e-02,6.721886367799848050e-02
1.141032686922613913e-02,2.866975478265421096e-02,1.719400172725131515e-02,1.295438486299756685e-02,4.066891732747114629e-02,4.608620554290649568e-02,5.111093664128130848e-02,1.474706236424066369e-02,6.413074769045562507e-02,3.209808693831619347e-02,4.906963963256653904e-02,2.634058255476171700e-02,7.919185574834471109e-02,2.480960979822564166e-02,0.000000000000000000e+00,1.916987254978932617e-02,1.312449294705713039e-02,2.750516866870796398e-02,2.347491560021983115e-02,4.541885844390358695e-02,2.605270733558399249e-02,8.874407893015100190e-02,7.552798932244642049e-02,2.699484441652927336e-02,6.269137159456701636e-02,1.368584962445369146e-01,8.047420899740911904e-02,1.132265577974928689e-01,7.567192693203528275e-02,1.746879170919368729e-02,5.735259480254376735e-02,2.210096569050797044e-02,1.401428907906100349e-02,2.781921436235638978e-02,1.604250085054042055e-02,2.322629609274816029e-02,8.911046557274083374e-03,6.961346209206772766e-03,2.136819240532831024e-02,1.489099997382952595e-02,1.973253775090942283e-02,1.571536991965664237e-02,1.710240506660385892e-02,7.733375206092486624e-03,6.123891026144303966e-03,1.071680929575253259e-02,2.545078642275784564e-02,3.288320117243725971e-02,1.278427677893800157e-02,3.992305880505613719e-02,4.982858339221690053e-02,5.879197089843238994e-02,1.472089188976996067e-02,6.779461411635392953e-02,3.727984088351522091e-02,6.320169584674570351e-02,3.427023631938447279e-02,8.528957630001832158e-02,2.656303158776268658e-02,2.602653686111329120e-02,2.210096569050797044e-02,1.555834707283243121e-02,2.902305618800868695e-02,3.393002015126534571e-02,5.061369762633796676e-02,2.729580487294234678e-02,9.011802883986286261e-02,8.354923974771662210e-02,1.757347360707649589e-02,5.917144277825756721e-02,1.700426578733872374e-01,8.133783465494229259e-02,1.146921043678521823e-01,7.228285048807935043e-02,1.754730313260579461e-02,6.218104734238831532e-02
9.382115097746722074e-03,2.412917746198738750e-02,1.431524953547407865e-02,1.075606500745858451e-02,3.389076443955928858e-02,3.879772840281594387e-02,4.276255528512731829e-02,1.185522493522807655e-02,5.410745596817670422e-02,2.695558870482321970e-02,4.113998586794378326e-02,2.134202193085760549e-02,6.741514223652875226e-02,2.092329433932637109e-02,1.916987254978932617e-02,0.000000000000000000e+00,1.116170736175446827e-02,2.320012561827745901e-02,1.970636727643872155e-02,3.797335845698882745e-02,2.102797623720917969e-02,7.423255083614666017e-02,6.231189971474182521e-02,2.181309047133024592e-02,5.315223364999607097e-02,1.138284787103190226e-01,6.744131271099945701e-02,9.477637329564785051e-02,6.402606579257281993e-02,1.491717044830022723e-02,4.789196828138494316e-02,1.833241736672685737e-02,1.144958258093219279e-02,2.276831278951087223e-02,1.308523723535107673e-02,1.960168537855591295e-02,7.537096647562220066e-03,5.796760095260526657e-03,1.766507026772395211e-02,1.235246395017141653e-02,1.613409751118787677e-02,1.277119154170265093e-02,1.428907906100337563e-02,6.464107194263431916e-03,4.946219674962707216e-03,8.505404202978199615e-03,2.113265813509198829e-02,2.732197534741304806e-02,1.058595692339902097e-02,3.330192876396849411e-02,4.170265106906387992e-02,4.946219674962706869e-02,1.178979874905131987e-02,5.705163434613069739e-02,3.124754651801837230e-02,5.221009656905079704e-02,2.795006673470989966e-02,7.189029337101882078e-02,2.237575567245034258e-02,2.126351050744550164e-02,1.879040066996414543e-02,1.312449294705713039e-02,2.456099029075397081e-02,2.834262385177043278e-02,4.229148674465468133e-02,2.176074952238883989e-02,7.576352359268273551e-02,6.808248933553165405e-02,1.410588573970846145e-02,5.036507811886629243e-02,1.401298055533746756e-01,6.810865981000235880e-02,9.643819842453743574e-02,6.071550077202899492e-02,1.487791473659417531e-02,5.139881186045903300e-02
6.712726701735102774e-03,1.687995603360288935e-02,9.827013163748659491e-03,7.641778545445028666e-03,2.412917746198738750e-02,2.652377587605663292e-02,3.064562560519222198e-02,8.400722305095391015e-03,3.721441469733846596e-02,1.914370207531862489e-02,2.925859045824500890e-02,1.487791473659417531e-02,4.701525738661641723e-02,1.486482949935882293e-02,1.312449294705713039e-02,1.116170736175446827e-02,0.000000000000000000e+00,1.630420559524744031e-02,1.350396482688231113e-02,2.632749731752636810e-02,1.510036376959514315e-02,5.163434613069534801e-02,4.271021433618591573e-02,1.529664232812540971e-02,3.725367040904451615e-02,7.961058333987594549e-02,4.632173981314281069e-02,6.678705084923189372e-02,4.386171521289680686e-02,1.029808170422129819e-02,3.315799115437963185e-02,1.304598152364502307e-02,8.230614221035827474e-03,1.610792703671717549e-02,9.277433199863913474e-03,1.405354479076705715e-02,5.430373452670696557e-03,4.017167831252780458e-03,1.252257203423098007e-02,8.832535133861976057e-03,1.142341210646148977e-02,9.041898929627594991e-03,1.032425217869199947e-02,4.671429693020334208e-03,3.506843579074088533e-03,6.032294365496846875e-03,1.495642616000628089e-02,1.882965638167019909e-02,7.615608070974326516e-03,2.391981366622177030e-02,2.872209573159561352e-02,3.498992436732877714e-02,8.413807542330741657e-03,3.916411504540577571e-02,2.227107377456753398e-02,3.746303420481013335e-02,1.964094109026196661e-02,5.058752715186726201e-02,1.612101227395252787e-02,1.439376095888618423e-02,1.312449294705713039e-02,9.225092250922509174e-03,1.735102457407552631e-02,1.960168537855591295e-02,2.912773808589149555e-02,1.575462563136269603e-02,5.252414226269921937e-02,4.684514930255685716e-02,9.840098400984010132e-03,3.513386197691763940e-02,9.764204025018972943e-02,4.727696213132344394e-02,6.814791552170840205e-02,4.212137866059511432e-02,1.053361597445761667e-02,3.618068095574572540e-02
1.355630577582371543e-02,3.516003245138834415e-02,2.076627149250215992e-02,1.584622229201015572e-02,4.972390149433409540e-02,5.609641202795006415e-02,6.321478108398105589e-02,1.733793933684017741e-02,7.804035487163382689e-02,3.963518358587841267e-02,6.042762555285127041e-02,3.093350082436994650e-02,9.813927926513307809e-02,3.051477323283871210e-02,2.750516866870796398e-02,2.320012561827745901e-02,1.630420559524744031e-02,0.000000000000000000e+00,2.838187956347648644e-02,5.498416686294522321e-02,3.072413702860432930e-02,1.077961843448221740e-01,8.960770458768417546e-02,3.170552982125565689e-02,7.738609300986626360e-02,1.657507000601921021e-01,9.728873884483525691e-02,1.390568161000758918e-01,9.242103059328465875e-02,2.149904477768182012e-02,6.957420638036167226e-02,2.703410012823532355e-02,1.710240506660385892e-02,3.374682682997042632e-02,1.937923634555494337e-02,2.861741383371280492e-02,1.107011070110701031e-02,8.439978016801444674e-03,2.617047447070215346e-02,1.829316165502080718e-02,2.377587605663290804e-02,1.889508256784695403e-02,2.106723194891523335e-02,9.643819842453743574e-03,7.249221428384496416e-03,1.235246395017141653e-02,3.089424511266389284e-02,3.996231451676218738e-02,1.572845515689199475e-02,4.942294103792101850e-02,6.078092695820574987e-02,7.285860092643479946e-02,1.741645076025228472e-02,8.248933553165319066e-02,4.579833032372877116e-02,7.751694538221977349e-02,4.066891732747114629e-02,1.055847792520478445e-01,3.293554212137866227e-02,3.048860275836801081e-02,2.750516866870796398e-02,1.901284970296511501e-02,3.603674334615686314e-02,4.110073015623773307e-02,6.097720551673602163e-02,3.208500170108084110e-02,1.100468451493025607e-01,9.819162021407448759e-02,2.041297008714768046e-02,7.308104995943576210e-02,2.035801209075920604e-01,9.847949543325219823e-02,1.409803459736725106e-01,8.794587945879459023e-02,2.162989715003533001e-02,7.552798932244642049e-02
1.150192352987359709e-02,2.931093140718641146e-02,1.731176886236947612e-02,1.315066342152783167e-02,4.155871345947501766e-02,4.706759833555782674e-02,5.221009656905079704e-02,1.470780665253461003e-02,6.521682238098976125e-02,3.273926356284839745e-02,5.024731098374813493e-02,2.628824160582031444e-02,8.119389704535343033e-02,2.551621260893460058e-02,2.347491560021983115e-02,1.970636727643872155e-02,1.350396482688231113e-02,2.838187956347648644e-02,0.000000000000000000e+00,4.615163172908325062e-02,2.610504828452539852e-02,9.036664834733454388e-02,7.576352359268273551e-02,2.685090680694041110e-02,6.445787862133940671e-02,1.388474523043102815e-01,8.166496558582607423e-02,1.156734971605035134e-01,7.741226348433696836e-02,1.799220119860773029e-02,5.851718091649001779e-02,2.217947711392007429e-02,1.419748240035591767e-02,2.810708958153411430e-02,1.616026798565858152e-02,2.398523985239852524e-02,9.172751301981104874e-03,7.079113344324932874e-03,2.131585145638690421e-02,1.513961948130119681e-02,1.988956059773363746e-02,1.584622229201015572e-02,1.742953599748763363e-02,7.890398052916698657e-03,6.058464839967549025e-03,1.040276360210410679e-02,2.575174687917091906e-02,3.318416162885032966e-02,1.298055533746826813e-02,4.098296302111957556e-02,5.052210096569050707e-02,6.021826175708565321e-02,1.451152809400434347e-02,6.910313783988904224e-02,3.811729606657768971e-02,6.426160006280913495e-02,3.424406584491376804e-02,8.723927664808563132e-02,2.736123105911910172e-02,2.597419591217188864e-02,2.283373897568763064e-02,1.588547800371620591e-02,2.986051137107115921e-02,3.449268535238543543e-02,5.122870377639946599e-02,2.698175917929392098e-02,9.196304729004736722e-02,8.322210881683285433e-02,1.723325743895736881e-02,6.091177933055925975e-02,1.712334144618041787e-01,8.280338122530161993e-02,1.176886236947475850e-01,7.356520373714375838e-02,1.803145691031378395e-02,6.320169584674570351e-02
2.200936902986051075e-02,5.667216246630551318e-02,3.393002015126534571e-02,2.533301928763968466e-02,7.978069142393551250e-02,9.124335924210305593e-02,1.004161105440841695e-01,2.832953861453508040e-02,1.276988301797911673e-01,6.355499725210017603e-02,9.697469315118682764e-02,5.044358954227839975e-02,1.569574206380361658e-01,4.883410536233021709e-02,4.541885844390358695e-02,3.797335845698882745e-02,2.632749731752636810e-02,5.498416686294522321e-02,4.615163172908325062e-02,0.000000000000000000e+00,4.988092434115830309e-02,1.753683494281751409e-01,1.471304074742875168e-01,5.152966423281254288e-02,1.251864646306037610e-01,2.687969432885818355e-01,1.594043600010468242e-01,2.225668001360864567e-01,1.495511763628274704e-01,3.462353772473895225e-02,1.130171940017272447e-01,4.264478815000916079e-02,2.709952631441208196e-02,5.392426264688178483e-02,3.088115987542854046e-02,4.603386459396508618e-02,1.762581455601790192e-02,1.334694198005809823e-02,4.098296302111957556e-02,2.920624950930360286e-02,3.828740415063724978e-02,3.046243228389730606e-02,3.340661066185129924e-02,1.510036376959514315e-02,1.169820208840386191e-02,2.024286200308811692e-02,5.041741906780770194e-02,6.409149197874956794e-02,2.503205883122661124e-02,7.849833817487110454e-02,9.782523357148464882e-02,1.156865823977388658e-01,2.789772578576849710e-02,1.342283635602313507e-01,7.353903326267305363e-02,1.234199576038313567e-01,6.611970375022899193e-02,1.684070032189683708e-01,5.268116510952343401e-02,5.033890764439559462e-02,4.405799377142707862e-02,3.068488131689827564e-02,5.782366334301641125e-02,6.664311323964303146e-02,9.993195676637617320e-02,5.150349375834183813e-02,1.791499829891916029e-01,1.610530998927010571e-01,3.322341734055638679e-02,1.176755384575122326e-01,3.304545811415560697e-01,1.611446965533485098e-01,2.271466331684593443e-01,1.433356886760356885e-01,3.514694721415299178e-02,1.211954672738216748e-01
1.320300437046923597e-02,3.178404124466776420e-02,1.863337782313993427e-02,1.439376095888618423e-02,4.547119939284498952e-02,5.054827144016121182e-02,5.749653241213262961e-02,1.656591033995446355e-02,7.058176964748370807e-02,3.649472664939415467e-02,5.552066158959462205e-02,2.974274423595299824e-02,8.829918086414906275e-02,2.783229959959174216e-02,2.605270733558399249e-02,2.102797623720917969e-02,1.510036376959514315e-02,3.072413702860432930e-02,2.610504828452539852e-02,4.988092434115830309e-02,0.000000000000000000e+00,9.778597785977859169e-02,8.337913166365706896e-02,3.055402894454476576e-02,6.957420638036167226e-02,1.522336499960744161e-01,8.743555520661588920e-02,1.262725393211378833e-01,8.320902357959750195e-02,1.954934442961451038e-02,6.373819057339509542e-02,2.509748501740336618e-02,1.540132422600821831e-02,3.069796655413362801e-02,1.769124074219465687e-02,2.603962209834864358e-02,1.014105885739708529e-02,7.785716155033890924e-03,2.443013791840046092e-02,1.647431367930700732e-02,2.164298238727068238e-02,1.737719504854623107e-02,1.919604302426003092e-02,8.754023710449870474e-03,6.686556227264400624e-03,1.235246395017141653e-02,2.808091910706340955e-02,3.603674334615686314e-02,1.430216429823872627e-02,4.544502891837429170e-02,5.410745596817670422e-02,6.608044803852293481e-02,1.676218889848472837e-02,7.444191463191227043e-02,4.201669676271230919e-02,7.115752008583915711e-02,3.878464316558059150e-02,9.570542513935777207e-02,2.996519326895396781e-02,2.860432859647745255e-02,2.458716076522467209e-02,1.766507026772395211e-02,3.292245688414330990e-02,3.739760801863337841e-02,5.506267828635733053e-02,3.164010363507890194e-02,9.859726256837036962e-02,9.205464395069481998e-02,1.964094109026196661e-02,6.625055612258250182e-02,1.891340189997644528e-01,8.839077752479652939e-02,1.285755410745596794e-01,7.908717385046190596e-02,1.957551490408521166e-02,6.901154117924157561e-02
