0.000000000000000000e+00,1.482913339165279308e-02,9.721477551711488196e-03,5.686147247227474506e-03,2.460704912944098113e-02,2.882580353867426545e-02,3.274825747100488377e-02,8.508056551062449097e-03,3.809577560177215827e-02,2.210965939554702595e-02,3.030730592318763017e-02,1.454694246126929554e-02,4.733752857183170376e-02,1.097722719191805175e-02,1.494200976380619106e-02,1.051161215678528098e-02,8.663261562773373267e-03,1.783446680023704004e-02,1.618364985749358095e-02,2.939018539944126054e-02,1.722775629991252222e-02,5.165504980669921586e-02,4.447329062843920211e-02,1.478680475209526689e-02,3.913988204419110301e-02,8.410700680080142322e-02,4.917176961932443607e-02,6.559528176764398144e-02,4.570082117560741314e-02,1.035640714507435681e-02,3.286113384315828001e-02,1.494200976380619106e-02,9.975449389056634947e-03,1.460338064734599366e-02,8.663261562773373267e-03,1.227530547168213977e-02,5.855461805457572340e-03,5.982447724130146582e-03,1.450461382171176934e-02,7.322854643451759057e-03,1.274092050681491055e-02,9.128876597906144044e-03,1.159804723876174670e-02,3.626153455427942335e-03,4.148206676637412535e-03,1.028585941247848329e-02,1.262804413466151257e-02,1.663515534610717633e-02,7.844907864661229691e-03,2.446595366424923063e-02,3.366537799475124992e-02,3.272003837796653297e-02,8.536275644100798157e-03,3.672714958941219326e-02,2.349239495442616635e-02,3.581002906566582711e-02,2.481869232722860169e-02,4.464260518666929994e-02,1.408132742613652476e-02,2.019076106893924472e-02,1.465981883342269351e-02,8.493947004543273699e-03,1.611310212489770743e-02,1.305133053023675889e-02,3.129497417952987331e-02,1.776391906764116652e-02,5.227586985354290561e-02,5.260038942348392588e-02,1.419420379828992274e-02,3.803933741569545668e-02,1.068515957897113178e-01,5.138696842283489025e-02,6.295679656855829309e-02,4.128453311510568019e-02,9.171205237463668503e-03,3.242373790106385656e-02
1.482913339165279308e-02,0.000000000000000000e+00,1.609899257837853204e-02,9.481615260885515109e-03,4.103056127776052997e-02,4.736574766487004762e-02,5.443463047097666513e-02,1.346050737929282981e-02,6.277337246380901292e-02,3.678358777548889486e-02,4.972204193357225577e-02,2.302677991929339557e-02,7.851962637920817389e-02,1.841295820752321052e-02,2.448006321076840602e-02,1.742528995118096738e-02,1.408132742613652476e-02,3.003922453932330455e-02,2.685046702598978610e-02,4.921409825888196227e-02,2.734430115416090420e-02,8.742275023280751678e-02,7.296046505065327537e-02,2.346417586138781555e-02,6.487569489516606391e-02,1.390919095860259080e-01,8.272427124192228975e-02,1.102237774077941129e-01,7.660072805260038920e-02,1.760871405593024408e-02,5.547873691339560293e-02,2.467759686203685465e-02,1.655049806699212742e-02,2.409910545475068416e-02,1.434940881000084691e-02,2.052939018539944038e-02,9.735587098230663594e-03,9.777915737788188053e-03,2.439540593165335711e-02,1.240229139035471315e-02,2.085390975534046412e-02,1.511132432203628889e-02,1.931596918475040128e-02,6.109433642802719958e-03,6.687925050088890447e-03,1.664926489262635173e-02,2.127719615091570871e-02,2.828964077094562116e-02,1.305133053023675889e-02,4.097412309168383532e-02,5.536586054124220668e-02,5.480147868047521159e-02,1.394023196094477599e-02,6.157406100967914575e-02,3.868837655557750416e-02,5.921776674097694454e-02,3.871659564861585495e-02,7.411744786522561634e-02,2.364759996613708878e-02,3.353839207607867828e-02,2.455061094336427954e-02,1.406721787961734936e-02,2.701978158421988394e-02,2.164404436041425517e-02,5.227586985354290561e-02,2.882580353867426545e-02,8.742275023280751678e-02,8.683014927900217783e-02,2.253294579112227400e-02,6.426898439484154957e-02,1.775686429438157743e-01,8.547563281316138128e-02,1.050879024748144625e-01,6.968705025820470800e-02,1.553461071761153521e-02,5.412422044755481332e-02
9.721477551711488196e-03,1.609899257837853204e-02,0.000000000000000000e+00,6.081214549764370897e-03,2.637074244433783993e-02,3.106922143522307042e-02,3.523153765837965662e-02,9.044219318791093393e-03,4.143973812681660263e-02,2.345006631486864015e-02,3.270592883144735757e-02,1.508310522899793983e-02,5.092135338770211600e-02,1.176736179699184454e-02,1.580269210147585909e-02,1.128763721533989836e-02,9.284081609617066480e-03,1.911843553348195265e-02,1.774980952112199112e-02,3.218387561023788868e-02,1.790501453283291355e-02,5.662161018144876851e-02,4.801478680475209510e-02,1.564748708976493666e-02,4.169370996416175285e-02,9.017411180404662219e-02,5.371504359849874760e-02,7.061828032847024261e-02,4.997601377091740599e-02,1.120297993622484944e-02,3.572537178655078166e-02,1.553461071761153521e-02,1.083613172672630298e-02,1.591556847362925881e-02,9.354629342212941734e-03,1.309365916979428335e-02,6.236419561475294200e-03,6.391624573186217503e-03,1.511132432203628889e-02,8.028331969410502922e-03,1.382735558879137627e-02,9.777915737788188053e-03,1.248694866946976380e-02,3.837796653215565495e-03,4.416288060501735550e-03,1.082202218020712758e-02,1.358749329796540319e-02,1.824364364929311269e-02,8.395180178909049384e-03,2.610266106047351778e-02,3.636030137991364680e-02,3.501989446059203953e-02,9.227643423540366624e-03,3.997234528882241678e-02,2.464937776899850386e-02,3.851906199734740632e-02,2.565115557185991893e-02,4.769026723481107483e-02,1.526652933374721306e-02,2.175692073256765488e-02,1.581680164799503449e-02,8.987781132714395271e-03,1.746761859073849357e-02,1.402488924005982490e-02,3.413099302988401723e-02,1.863871095183000648e-02,5.676270564664051554e-02,5.669215791404464549e-02,1.477269520557609322e-02,4.128453311510568019e-02,1.144707509100657550e-01,5.594435194852837717e-02,6.768349465248187091e-02,4.505178203572537260e-02,1.006010666817168560e-02,3.514688037926461117e-02
5.686147247227474506e-03,9.481615260885515109e-03,6.081214549764370897e-03,0.000000000000000000e+00,1.577447300843750830e-02,1.814487682365888838e-02,2.100911476705138656e-02,5.192313119056353801e-03,2.429663910601913279e-02,1.410954651917487382e-02,1.903377825436690374e-02,8.804357027965122040e-03,3.025086773711092858e-02,6.899568247876513606e-03,9.340519795693766336e-03,6.617377317493016060e-03,5.418065863363151491e-03,1.128763721533989836e-02,1.018709258684425897e-02,1.870925868442588347e-02,1.058215988938115450e-02,3.294579112227333240e-02,2.752772525891017744e-02,9.142986144425317707e-03,2.486102096678612788e-02,5.339052402855772039e-02,3.139374100516409416e-02,4.204644862714112391e-02,2.919265174817281538e-02,6.716144143127239508e-03,2.105144340660891275e-02,9.467505714366339711e-03,6.532720038377966276e-03,9.411067528289641590e-03,5.545051782035725733e-03,7.717921945988656315e-03,3.696701188023816722e-03,3.837796653215565495e-03,9.354629342212941734e-03,4.726698083923583024e-03,8.169427434602251695e-03,5.883680898495922268e-03,7.590936027316082073e-03,2.426842001298078200e-03,2.567937466489826973e-03,6.391624573186217503e-03,8.056551062448853717e-03,1.068092671501537881e-02,5.135874932979653945e-03,1.576036346191833290e-02,2.126308660439653331e-02,2.106555295312808815e-02,5.389846770324801563e-03,2.363349041961791339e-02,1.506899568247876443e-02,2.267404125631402104e-02,1.501255749640206631e-02,2.854361260829076791e-02,9.114767051386968646e-03,1.288201597200665932e-02,9.396957981770466192e-03,5.432175409882326021e-03,1.035640714507435681e-02,8.268194260236476009e-03,1.983802240595987365e-02,1.124530857578237390e-02,3.336907751784857351e-02,3.328442023873352806e-02,8.719699748850071389e-03,2.452239185032593222e-02,6.805034286198041737e-02,3.272003837796653297e-02,4.035330304484013864e-02,2.639896153737618725e-02,5.841352258938397810e-03,2.092445748793633764e-02
2.460704912944098113e-02,4.103056127776052997e-02,2.637074244433783993e-02,1.577447300843750830e-02,0.000000000000000000e+00,7.808223043711375044e-02,9.157095690944493105e-02,2.277280808194824535e-02,1.044529728814515834e-01,6.177159466094759438e-02,8.357084403307277198e-02,3.902700567203769982e-02,1.317126167564974526e-01,3.074470186528205015e-02,4.059316533566611346e-02,2.850128396873324518e-02,2.391568135000141093e-02,4.917176961932443607e-02,4.472726246578435233e-02,8.067838699664192648e-02,4.649095578068120765e-02,1.421819002737252091e-01,1.195078590174111777e-01,3.957727798628551952e-02,1.081073454299178865e-01,2.313965629144679181e-01,1.356773993283855728e-01,1.822953410277393660e-01,1.257019499393289552e-01,2.838840759657984547e-02,9.140164235121482628e-02,4.129864266162485559e-02,2.806388802663882520e-02,4.100234218472218611e-02,2.422609137342325927e-02,3.422975985551824502e-02,1.639529305528120498e-02,1.638118350876202958e-02,4.042385077743601562e-02,2.071281429014871361e-02,3.544318085616728065e-02,2.567937466489826973e-02,3.212743742416118709e-02,1.042695487767023206e-02,1.111832265710980053e-02,2.769703981714027874e-02,3.516098992578378657e-02,4.592657391991421256e-02,2.215198803510455214e-02,6.869938200186245791e-02,9.219177695628862079e-02,9.202246239805852990e-02,2.323842311708101613e-02,1.017580494962891935e-01,6.600445861670005410e-02,9.904901656460761428e-02,6.607500634929593109e-02,1.237971611592403459e-01,3.901289612551852443e-02,5.577503739029827240e-02,4.056494624262776266e-02,2.346417586138781555e-02,4.476959110534187158e-02,3.600756271693427574e-02,8.584248102265992775e-02,4.907300279369020829e-02,1.444253181702740141e-01,1.430708017044332314e-01,3.754550328752433858e-02,1.062589948359059788e-01,2.946778790529672176e-01,1.412647797499788360e-01,1.747326240934616304e-01,1.144143127239890534e-01,2.553827919970652269e-02,9.008945452493156980e-02
2.882580353867426545e-02,4.736574766487004762e-02,3.106922143522307042e-02,1.814487682365888838e-02,7.808223043711375044e-02,0.000000000000000000e+00,1.041990010441064402e-01,2.628608516522279101e-02,1.212856618788272084e-01,6.957417388605130482e-02,9.552162993481388975e-02,4.419109969805570109e-02,1.502807799757315821e-01,3.501989446059203953e-02,4.677314671106470867e-02,3.304455794790755324e-02,2.694923385162401042e-02,5.639585743714196908e-02,5.182436436492931370e-02,9.392725117814713920e-02,5.295312808646330388e-02,1.659282670654965153e-01,1.402206733075598843e-01,4.560205434997319229e-02,1.238394897987978721e-01,2.665575528402517325e-01,1.573073341422806803e-01,2.096114230888619367e-01,1.463865451364393111e-01,3.297401021531168319e-02,1.047492733583542668e-01,4.695657081581398190e-02,3.219798515675706407e-02,4.684369444366057872e-02,2.754183480542935283e-02,3.912577249767192761e-02,1.866693004486835727e-02,1.892090188221350402e-02,4.527753478003217202e-02,2.392979089652058633e-02,4.048028896351271028e-02,2.882580353867426545e-02,3.720687417106414291e-02,1.164037587831927116e-02,1.291023506504501012e-02,3.228264243587210952e-02,4.004289302141829376e-02,5.341874312159607119e-02,2.490334960634365061e-02,7.819510680926715362e-02,1.066822812314812269e-01,1.044670824279707588e-01,2.696334339814318234e-02,1.168129356322487739e-01,7.281936958546152139e-02,1.128763721533989905e-01,7.517566385416372954e-02,1.403617687727516383e-01,4.506589158224454800e-02,6.439597031351412815e-02,4.664616079239213009e-02,2.627197561870361561e-02,5.127409205068149400e-02,4.115754719643310855e-02,9.989558935575811038e-02,5.567627056466405155e-02,1.667607303101278360e-01,1.672404548917797718e-01,4.371137511640375839e-02,1.215537432626915409e-01,3.391793887744448122e-01,1.628664954708355650e-01,1.997770691649970454e-01,1.321923413381493884e-01,2.953128086463301105e-02,1.033100996133984317e-01
3.274825747100488377e-02,5.443463047097666513e-02,3.523153765837965662e-02,2.100911476705138656e-02,9.157095690944493105e-02,1.041990010441064402e-01,0.000000000000000000e+00,3.026497728363010398e-02,1.392047859581793112e-01,8.142619296215819480e-02,1.108022688150802765e-01,5.135874932979653945e-02,1.752687868611902677e-01,4.057905578914693806e-02,5.377148178457544225e-02,3.795468013658041123e-02,3.167593193554758824e-02,6.538363856985636435e-02,5.941530039224539317e-02,1.072607726387673904e-01,6.153173237012162650e-02,1.892372379151734119e-01,1.588170556198323924e-01,5.293901853994412848e-02,1.433671021813358870e-01,3.077292095832039887e-01,1.808984959223410571e-01,2.416824223269464222e-01,1.672545644382989471e-01,3.778536557835031340e-02,1.214267573440189624e-01,5.490024550610943244e-02,3.740440782233259154e-02,5.450517820357253518e-02,3.219798515675706407e-02,4.550328752433896451e-02,2.203911166295115243e-02,2.195445438383610351e-02,5.416654908711233951e-02,2.776758754973615226e-02,4.728109038575500217e-02,3.425797894855659581e-02,4.268137822050399599e-02,1.392612241442560059e-02,1.485735248469114214e-02,3.689646414764229804e-02,4.656150351327708464e-02,6.151762282360245110e-02,2.964415723678641076e-02,9.113356096735050760e-02,1.229082597285323236e-01,1.225131924259954264e-01,3.077292095832040095e-02,1.360019188983266070e-01,8.759206479103762155e-02,1.311764539887687875e-01,8.730987386065411360e-02,1.652227897395377731e-01,5.185258345796765755e-02,7.389169512091880998e-02,5.405367271495894327e-02,3.132319327256821717e-02,5.964105313655219259e-02,4.742218585094674921e-02,1.141321217936055593e-01,6.512966673251122107e-02,1.917910658351440478e-01,1.900838107063239080e-01,4.986313739876400281e-02,1.409684792730761527e-01,3.922595027795806599e-01,1.880097073680051800e-01,2.325676552755594484e-01,1.522984451279735807e-01,3.376414482038547077e-02,1.197900499477946717e-01
8.508056551062449097e-03,1.346050737929282981e-02,9.044219318791093393e-03,5.192313119056353801e-03,2.277280808194824535e-02,2.628608516522279101e-02,3.026497728363010398e-02,0.000000000000000000e+00,3.516098992578378657e-02,2.027541834805429363e-02,2.790868301492789930e-02,1.300900189067923443e-02,4.364082738380788140e-02,1.011654485424838372e-02,1.360160284448457858e-02,9.509834353923864170e-03,7.971893783333803066e-03,1.619775940401275635e-02,1.519598160115133954e-02,2.709032931681575745e-02,1.588734938059090801e-02,4.713999492056325513e-02,4.049439851003188567e-02,1.326297372802438118e-02,3.569715269351243087e-02,7.689702852950305867e-02,4.537630160566639287e-02,6.082625504416287743e-02,4.191946270846855227e-02,9.495724807404690507e-03,3.037785365578350369e-02,1.330530236758190564e-02,9.481615260885515109e-03,1.368626012359962750e-02,7.915455597257104944e-03,1.123119902926320024e-02,5.375737223805627032e-03,5.488613595959025877e-03,1.305133053023675889e-02,6.772582329203939364e-03,1.185201907610689345e-02,8.338741992832349528e-03,1.107599401755227607e-02,3.428619804159494140e-03,3.767248920619691108e-03,9.298191156136241878e-03,1.161215678528092037e-02,1.523831024070886400e-02,7.322854643451759057e-03,2.261760307023732292e-02,3.085757823743544986e-02,3.033552501622597750e-02,7.816688771622880630e-03,3.346784434348280129e-02,2.160171572085673244e-02,3.308688658746507943e-02,2.250472669808392320e-02,4.072015125433868510e-02,1.320653554194768133e-02,1.885035414961763051e-02,1.340406919321612995e-02,7.774360132065355304e-03,1.489968112424866660e-02,1.207777182041369114e-02,2.907977537601941567e-02,1.656460761351130281e-02,4.816999181646301753e-02,4.811355363038631594e-02,1.275503005333408595e-02,3.507633264666873418e-02,9.801901966870785188e-02,4.712588537404407973e-02,5.800434574032790891e-02,3.787002285746535885e-02,8.508056551062449097e-03,2.994045771368908371e-02
3.809577560177215827e-02,6.277337246380901292e-02,4.143973812681660263e-02,2.429663910601913279e-02,1.044529728814515834e-01,1.212856618788272084e-01,1.392047859581793112e-01,3.516098992578378657e-02,0.000000000000000000e+00,9.284081609617067521e-02,1.274656432542257967e-01,5.880858989192087188e-02,2.007365183283009169e-01,4.680136580410305946e-02,6.215255241696531624e-02,4.390890876767220702e-02,3.623331546124107516e-02,7.494991110985692317e-02,6.908033975788017977e-02,1.254338685554646227e-01,7.029376075852922234e-02,2.204898834551457520e-01,1.858650562970906028e-01,6.092502186979710521e-02,1.648700510765583882e-01,3.549256426898439454e-01,2.093997798910743058e-01,2.791432683353556876e-01,1.954736574766486878e-01,4.383836103507633003e-02,1.396845105398312470e-01,6.137652735841070406e-02,4.307644552304088631e-02,6.298501566159663001e-02,3.682591641504642105e-02,5.243107486525382804e-02,2.505855461805457651e-02,2.534074554843807406e-02,5.983858678782064122e-02,3.204278014504614164e-02,5.446284956401501592e-02,3.868837655557750416e-02,4.990546603832152900e-02,1.553461071761153521e-02,1.731241357902757114e-02,4.293535005784913927e-02,5.323531901684679796e-02,7.135197674746733554e-02,3.321387250613765107e-02,1.039873578463188231e-01,1.426475153088579695e-01,1.394446482490052652e-01,3.597934362389592494e-02,1.568981572932245938e-01,9.800491012218867648e-02,1.506476281852301147e-01,9.998024663487314889e-02,1.879391596354093308e-01,5.997968225301238826e-02,8.565905691791066146e-02,6.242063380082964186e-02,3.542907130964810525e-02,6.851595789711319162e-02,5.467449276180263301e-02,1.332082286875299892e-01,7.406100967914891475e-02,2.222959054096001474e-01,2.219008381070632363e-01,5.797612664728955811e-02,1.624149899822219800e-01,4.517594604509411194e-01,2.174845500465615034e-01,2.675311115500748071e-01,1.764680983153201488e-01,3.945029206761294788e-02,1.378079408527810024e-01
2.210965939554702595e-02,3.678358777548889486e-02,2.345006631486864015e-02,1.410954651917487382e-02,6.177159466094759438e-02,6.957417388605130482e-02,8.142619296215819480e-02,2.027541834805429363e-02,9.284081609617067521e-02,0.000000000000000000e+00,7.459717244687755211e-02,3.431441713463329046e-02,1.168270451787679493e-01,2.796512120100460089e-02,3.609221999604932812e-02,2.576403194401331864e-02,2.119253887180065979e-02,4.427575697717075348e-02,4.000056438186076757e-02,7.248074046900132572e-02,4.122809492902897860e-02,1.286508451618365023e-01,1.072184439992098642e-01,3.475181307672771391e-02,9.704546095888477719e-02,2.059429409938764444e-01,1.217230578209216318e-01,1.641363546575612953e-01,1.123825380252278655e-01,2.603211332787764079e-02,8.189180799729096905e-02,3.588057679826170410e-02,2.470581595507520545e-02,3.561249541439737848e-02,2.109377204616643547e-02,3.101278324914637230e-02,1.451872336823094474e-02,1.434940881000084691e-02,3.535852357705223520e-02,1.838473911448485973e-02,3.094223551655049878e-02,2.240595987244969889e-02,2.915032310861528919e-02,9.199424330502017563e-03,9.862573016903236969e-03,2.464937776899850386e-02,3.167593193554758824e-02,4.105878037079888077e-02,1.935829782430792748e-02,6.129187007929565167e-02,8.146852160171572099e-02,8.165194570646498728e-02,2.058582837147614197e-02,9.045630273443011626e-02,5.887913762451674887e-02,8.865028077997573475e-02,5.849817986849902701e-02,1.101532296751982359e-01,3.548550949572480684e-02,4.934108417755453391e-02,3.631797274035612755e-02,2.095267658097468844e-02,3.998645483534159217e-02,3.215565651719953788e-02,7.692524762254140946e-02,4.328808872082851034e-02,1.290035838248158595e-01,1.276067387194175506e-01,3.358072071563619754e-02,9.522532945791122028e-02,2.621977029658266733e-01,1.257583881254056568e-01,1.568135000141095414e-01,1.022801027174986555e-01,2.323842311708101613e-02,8.031153878714338001e-02
3.030730592318763017e-02,4.972204193357225577e-02,3.270592883144735757e-02,1.903377825436690374e-02,8.357084403307277198e-02,9.552162993481388975e-02,1.108022688150802765e-01,2.790868301492789930e-02,1.274656432542257967e-01,7.459717244687755211e-02,0.000000000000000000e+00,4.753506222310015239e-02,1.594519852131952575e-01,3.716454553150661672e-02,4.948217964274628095e-02,3.462482715805514227e-02,2.913621356209611379e-02,5.955639585743714021e-02,5.491435505262860783e-02,9.872449699466659401e-02,5.674859610012134015e-02,1.739001608488303097e-01,1.469368174506871239e-01,4.811355363038631594e-02,1.309365916979428335e-01,2.813584671388661418e-01,1.653921042977678779e-01,2.218443999209865347e-01,1.534130993029884094e-01,3.459660806501679148e-02,1.108728165476761535e-01,4.879081186330671421e-02,3.434263622767164126e-02,5.007478059655162683e-02,2.939018539944126054e-02,4.122809492902897860e-02,1.968281739424894775e-02,2.000733696418997148e-02,4.757739086265767164e-02,2.504444507153540111e-02,4.337274599994356272e-02,3.094223551655049878e-02,3.959138753280469492e-02,1.243051048339306394e-02,1.362982193752292764e-02,3.375003527386629537e-02,4.261083048790811900e-02,5.600079013460507182e-02,2.655416654908711316e-02,8.297824307926743304e-02,1.123825380252278655e-01,1.111267883850213106e-01,2.854361260829076791e-02,1.231763411123966423e-01,7.914044642605186364e-02,1.204108699946383754e-01,8.053729153145017250e-02,1.495329740102153138e-01,4.776081496740694488e-02,6.830431469932556066e-02,4.921409825888196227e-02,2.838840759657984547e-02,5.463216412224511376e-02,4.372548466292293379e-02,1.054970793238705351e-01,5.955639585743714021e-02,1.763270028501283948e-01,1.749583768377684367e-01,4.585602618731834251e-02,1.288765979061433087e-01,3.578180997262748186e-01,1.724186584643169484e-01,2.122075796483900989e-01,1.394023196094477390e-01,3.119620735389564553e-02,1.095606287213928970e-01
1.454694246126929554e-02,2.302677991929339557e-02,1.508310522899793983e-02,8.804357027965122040e-03,3.902700567203769982e-02,4.419109969805570109e-02,5.135874932979653945e-02,1.300900189067923443e-02,5.880858989192087188e-02,3.431441713463329046e-02,4.753506222310015239e-02,0.000000000000000000e+00,7.358128509749696511e-02,1.735474221858509386e-02,2.328075175663854232e-02,1.580269210147585909e-02,1.338995964669695456e-02,2.740073934023760580e-02,2.538307418799559678e-02,4.546095888478144526e-02,2.673759065383638639e-02,7.991647148460648276e-02,6.867116290882410712e-02,2.270226034935237183e-02,6.067105003245195499e-02,1.309648107909811843e-01,7.600812709879505025e-02,1.026610604735163773e-01,7.003978892118407906e-02,1.602844484578265505e-02,5.133053023675818866e-02,2.322431357056184073e-02,1.601433529926348312e-02,2.311143719840844449e-02,1.368626012359962750e-02,1.907610689392442993e-02,9.128876597906144044e-03,9.241752970059542022e-03,2.268815080283319643e-02,1.159804723876174670e-02,2.020487061545842011e-02,1.441995654259672043e-02,1.831419138188898621e-02,5.784914072861697953e-03,6.335186387109518515e-03,1.585913028755255721e-02,1.995089877811326989e-02,2.583457967660919216e-02,1.237407229731636409e-02,3.863193836950080257e-02,5.195135028360188534e-02,5.168326889973755972e-02,1.330530236758190564e-02,5.649462426277619687e-02,3.669893049637384941e-02,5.612777605327765040e-02,3.815221378784885986e-02,6.926376386262945994e-02,2.233541213985382537e-02,3.149250783079831500e-02,2.261760307023732292e-02,1.303722098371758349e-02,2.525608826932302514e-02,2.044473290628439147e-02,4.853684002596156399e-02,2.778169709625532766e-02,8.138386432260066861e-02,8.112989248525552533e-02,2.140418206958828382e-02,5.979625814826311503e-02,1.662527866354375494e-01,7.981770465897225497e-02,9.823066286649546897e-02,6.462172305782092063e-02,1.434940881000084691e-02,5.066738155035697272e-02
4.733752857183170376e-02,7.851962637920817389e-02,5.092135338770211600e-02,3.025086773711092858e-02,1.317126167564974526e-01,1.502807799757315821e-01,1.752687868611902677e-01,4.364082738380788140e-02,2.007365183283009169e-01,1.168270451787679493e-01,1.594519852131952575e-01,7.358128509749696511e-02,0.000000000000000000e+00,5.820187939159635754e-02,7.757428676242345000e-02,5.523887462256962810e-02,4.543273979174309446e-02,9.427998984112651026e-02,8.592713830177498013e-02,1.551626830713660754e-01,8.896069080339757962e-02,2.741484888675678189e-01,2.300138273555887847e-01,7.590936027316082246e-02,2.070293760758529222e-01,4.437311284815306234e-01,2.609137342325817399e-01,3.488020995005220448e-01,2.423032423737901120e-01,5.477325958743686080e-02,1.749301577447300859e-01,7.880181730959166797e-02,5.394079634280554009e-02,7.843496910009312151e-02,4.619465530377853818e-02,6.514377627903039647e-02,3.147839828427914655e-02,3.149250783079831500e-02,7.747551993678923610e-02,3.964782571888139651e-02,6.775404238507774790e-02,4.887546914242175966e-02,6.177159466094759438e-02,2.002144651070914688e-02,2.130541524395405950e-02,5.333408584248102574e-02,6.702034596608065498e-02,8.870671896605243634e-02,4.255439230183141741e-02,1.310917967096537629e-01,1.768208369782995060e-01,1.763270028501283948e-01,4.462849564015012455e-02,1.951914665462652076e-01,1.251940062646386409e-01,1.890538138104241317e-01,1.257019499393289552e-01,2.370686006151762337e-01,7.462539153991590291e-02,1.072466630922482150e-01,7.795524451844117186e-02,4.498123430312949561e-02,8.602590512740920792e-02,6.868527245534328252e-02,1.652368992860569485e-01,9.432231848068403646e-02,2.770409459039986366e-01,2.756158817055620047e-01,7.259361684115472890e-02,2.030504839574455989e-01,5.667522645822162808e-01,2.702683635747947233e-01,3.349747439117306547e-01,2.192623529079775480e-01,4.880492140982588961e-02,1.727008493947004564e-01
1.097722719191805175e-02,1.841295820752321052e-02,1.176736179699184454e-02,6.899568247876513606e-03,3.074470186528205015e-02,3.501989446059203953e-02,4.057905578914693806e-02,1.011654485424838372e-02,4.680136580410305946e-02,2.796512120100460089e-02,3.716454553150661672e-02,1.735474221858509386e-02,5.820187939159635754e-02,0.000000000000000000e+00,1.806021954454383946e-02,1.303722098371758349e-02,1.069503626153455421e-02,2.229308350029629918e-02,2.002144651070914688e-02,3.626153455427942596e-02,2.079747156926376253e-02,6.426898439484154957e-02,5.375737223805626686e-02,1.742528995118096738e-02,4.849451138640403780e-02,1.026892795665547281e-01,6.106611733498885225e-02,8.238564212546209409e-02,5.628298106498857284e-02,1.305133053023675889e-02,4.103056127776052997e-02,1.783446680023704004e-02,1.233174365775883963e-02,1.790501453283291355e-02,1.069503626153455421e-02,1.505488613595959077e-02,7.181759178260011152e-03,7.252306910855884671e-03,1.746761859073849357e-02,8.931342946637695415e-03,1.552050117109236155e-02,1.130174676185907376e-02,1.473036656601856877e-02,4.543273979174308926e-03,4.938341281711206184e-03,1.217653864604791546e-02,1.578858255495668370e-02,2.059993791799531390e-02,9.735587098230663594e-03,3.070237322572452396e-02,4.115754719643310855e-02,4.088946581256878293e-02,1.031407850551683235e-02,4.574314981516493933e-02,2.944662358551796214e-02,4.436041425628580587e-02,2.919265174817281538e-02,5.547873691339560293e-02,1.780624770719868924e-02,2.490334960634365061e-02,1.828597228885063541e-02,1.059626943590032989e-02,2.007788469678584500e-02,1.624008804357027907e-02,3.863193836950080257e-02,2.161582526737590784e-02,6.486158534864688852e-02,6.381747890622795072e-02,1.666337443914552713e-02,4.769026723481107483e-02,1.312752208144030153e-01,6.322487795242261177e-02,7.792702542540282107e-02,5.099190112029799299e-02,1.148517086660834699e-02,4.028275531224426165e-02
1.494200976380619106e-02,2.448006321076840602e-02,1.580269210147585909e-02,9.340519795693766336e-03,4.059316533566611346e-02,4.677314671106470867e-02,5.377148178457544225e-02,1.360160284448457858e-02,6.215255241696531624e-02,3.609221999604932812e-02,4.948217964274628095e-02,2.328075175663854232e-02,7.757428676242345000e-02,1.806021954454383946e-02,0.000000000000000000e+00,1.680446990433727417e-02,1.402488924005982490e-02,2.905155628298106488e-02,2.642718063041453805e-02,4.793012952563704271e-02,2.764060163106357715e-02,8.458673138245337286e-02,7.195868724779184988e-02,2.367581905917543958e-02,6.377515026667042453e-02,1.378502694923385286e-01,8.066427745012275108e-02,1.075429635691508845e-01,7.449840562124333820e-02,1.674803171826057605e-02,5.409600135451646252e-02,2.422609137342325927e-02,1.667748398566469906e-02,2.426842001298078200e-02,1.426475153088579799e-02,1.995089877811326989e-02,9.594491633038914821e-03,9.735587098230663594e-03,2.368992860569461151e-02,1.224708637864379071e-02,2.102322431357056196e-02,1.501255749640206631e-02,1.890679233569433210e-02,6.010666817168496510e-03,6.617377317493016060e-03,1.667748398566469906e-02,2.092445748793633764e-02,2.740073934023760580e-02,1.292434461156418378e-02,4.038152213787848943e-02,5.499901233174366022e-02,5.411011090103563792e-02,1.399667014702147411e-02,5.988091542737816741e-02,3.806755650873380747e-02,5.838530349634563077e-02,3.933741569545954470e-02,7.273471230634646900e-02,2.311143719840844449e-02,3.325620114569517727e-02,2.384513361740553741e-02,1.372858876315715196e-02,2.644129017693371345e-02,2.130541524395405950e-02,5.102012021333634378e-02,2.919265174817281538e-02,8.571549510398736305e-02,8.627987696475435120e-02,2.264582216327567371e-02,6.294268702203911769e-02,1.757485114428422313e-01,8.385303496345627994e-02,1.029432514038998853e-01,6.810678104805711897e-02,1.502666704292123998e-02,5.350340040071112357e-02
1.051161215678528098e-02,1.742528995118096738e-02,1.128763721533989836e-02,6.617377317493016060e-03,2.850128396873324518e-02,3.304455794790755324e-02,3.795468013658041123e-02,9.509834353923864170e-03,4.390890876767220702e-02,2.576403194401331864e-02,3.462482715805514227e-02,1.580269210147585909e-02,5.523887462256962810e-02,1.303722098371758349e-02,1.680446990433727417e-02,0.000000000000000000e+00,1.000366848209498574e-02,2.083980020882128872e-02,1.883624460309845511e-02,3.458249851849761608e-02,1.934418827778875208e-02,6.119310325366142389e-02,5.107655839941304537e-02,1.635296441572367879e-02,4.570082117560741314e-02,9.690436549369303709e-02,5.762338798431018705e-02,7.753195812286593769e-02,5.388435815672884543e-02,1.252927730902728826e-02,3.850495245082823093e-02,1.694556536952902467e-02,1.140051358749329807e-02,1.659282670654965014e-02,9.904901656460761428e-03,1.460338064734599366e-02,6.758472782684764833e-03,6.744363236165589436e-03,1.662104579958800094e-02,8.508056551062449097e-03,1.429297062392414705e-02,1.035640714507435681e-02,1.382735558879137627e-02,4.232863955752462319e-03,4.627931258289358710e-03,1.172503315743432008e-02,1.485735248469114214e-02,1.961226966165307423e-02,9.086547958348617851e-03,2.862826988740582029e-02,3.867426700905832876e-02,3.809577560177215827e-02,9.763806191269012655e-03,4.293535005784913927e-02,2.697745294466235774e-02,4.159494313852752506e-02,2.707621977029658206e-02,5.179614527189096290e-02,1.674803171826057605e-02,2.313965629144679181e-02,1.729830403250839574e-02,9.876682563422412367e-03,1.893501142873267942e-02,1.522420069418968860e-02,3.664249231029714782e-02,2.026130880153511823e-02,6.123543189321895008e-02,6.081214549764370897e-02,1.585913028755255721e-02,4.455794790755425450e-02,1.233879843101842733e-01,5.957050540395631560e-02,7.359539464401614051e-02,4.856505911899991479e-02,1.111832265710980053e-02,3.765837965967773482e-02
8.663261562773373267e-03,1.408132742613652476e-02,9.284081609617066480e-03,5.418065863363151491e-03,2.391568135000141093e-02,2.694923385162401042e-02,3.167593193554758824e-02,7.971893783333803066e-03,3.623331546124107516e-02,2.119253887180065979e-02,2.913621356209611379e-02,1.338995964669695456e-02,4.543273979174309446e-02,1.069503626153455421e-02,1.402488924005982490e-02,1.000366848209498574e-02,0.000000000000000000e+00,1.700200355560572280e-02,1.568981572932245938e-02,2.814854530575387412e-02,1.616954031097440556e-02,4.970793238705308037e-02,4.167960041764257745e-02,1.355927420492705412e-02,3.736207918277506534e-02,7.983181420549143037e-02,4.726698083923582677e-02,6.338008296413352727e-02,4.357027965121201135e-02,9.975449389056634947e-03,3.167593193554758824e-02,1.381324604227220088e-02,9.693258458673137401e-03,1.406721787961734936e-02,8.239975167198126949e-03,1.186612862262606885e-02,5.643818607669949181e-03,5.643818607669949181e-03,1.362982193752292764e-02,7.111211445664136765e-03,1.212010045997121734e-02,8.719699748850071389e-03,1.140051358749329807e-02,3.555605722832068383e-03,3.809577560177216000e-03,9.566272540000564026e-03,1.217653864604791546e-02,1.588734938059090801e-02,7.605045573835256603e-03,2.377458588480966389e-02,3.171826057510511443e-02,3.169004148206676363e-02,8.028331969410502922e-03,3.499167536755368874e-02,2.287157490758246967e-02,3.441318396026751825e-02,2.273047944239072263e-02,4.285069277873409382e-02,1.384146513531055167e-02,1.916076417303947885e-02,1.408132742613652476e-02,8.183536981121427092e-03,1.564748708976493666e-02,1.231763411123966423e-02,2.989812907413155751e-02,1.686090809041397576e-02,5.006067105003245143e-02,4.915766007280526068e-02,1.285379687896831026e-02,3.668482094985467401e-02,1.015181872054632117e-01,4.872026413071083722e-02,6.078392640460535817e-02,3.947851116065129867e-02,8.945452493156869078e-03,3.116798826085729474e-02
1.783446680023704004e-02,3.003922453932330455e-02,1.911843553348195265e-02,1.128763721533989836e-02,4.917176961932443607e-02,5.639585743714196908e-02,6.538363856985636435e-02,1.619775940401275635e-02,7.494991110985692317e-02,4.427575697717075348e-02,5.955639585743714021e-02,2.740073934023760580e-02,9.427998984112651026e-02,2.229308350029629918e-02,2.905155628298106488e-02,2.083980020882128872e-02,1.700200355560572280e-02,0.000000000000000000e+00,3.222620424979541487e-02,5.885091853147839808e-02,3.307277704094590404e-02,1.049326974631035331e-01,8.721110703501989969e-02,2.814854530575387412e-02,7.802579225103704885e-02,1.662951152749950479e-01,9.892203064593503570e-02,1.322769986172644407e-01,9.186725738634760052e-02,2.124897705787736138e-02,6.648418319835200374e-02,2.915032310861528919e-02,1.965459830121060042e-02,2.852950306177159598e-02,1.694556536952902467e-02,2.471992550159437738e-02,1.165448542483844656e-02,1.154160905268504685e-02,2.868470807348251841e-02,1.458927110082681999e-02,2.449417275728758142e-02,1.782035725371786464e-02,2.312554674492761642e-02,7.280526003894234599e-03,7.859017411180405088e-03,1.993678923159409797e-02,2.552416965318734729e-02,3.348195389000197669e-02,1.570392527584163478e-02,4.931286508451618311e-02,6.603267770973840489e-02,6.589158224454666479e-02,1.646584078787707850e-02,7.346840872534356193e-02,4.660383215283461084e-02,7.082992352625785970e-02,4.632164122245110982e-02,8.907356717555098280e-02,2.841662668961819627e-02,3.967604481191974730e-02,2.948895222507548486e-02,1.695967491604819660e-02,3.248017608714055815e-02,2.582047013009002023e-02,6.213844287044614084e-02,3.468126534413183693e-02,1.044247537884132465e-01,1.031407850551683270e-01,2.694923385162401042e-02,7.662894714563873999e-02,2.119112791714874156e-01,1.015746253915399133e-01,1.258994835905974108e-01,8.293591443970990684e-02,1.883624460309845511e-02,6.470638033693597302e-02
1.618364985749358095e-02,2.685046702598978610e-02,1.774980952112199112e-02,1.018709258684425897e-02,4.472726246578435233e-02,5.182436436492931370e-02,5.941530039224539317e-02,1.519598160115133954e-02,6.908033975788017977e-02,4.000056438186076757e-02,5.491435505262860783e-02,2.538307418799559678e-02,8.592713830177498013e-02,2.002144651070914688e-02,2.642718063041453805e-02,1.883624460309845511e-02,1.568981572932245938e-02,3.222620424979541487e-02,0.000000000000000000e+00,5.361627677286451982e-02,3.032141546970680210e-02,9.432231848068403646e-02,7.981770465897225497e-02,2.594745604876259187e-02,7.054773259587436562e-02,1.510568050342862012e-01,8.972260631543302334e-02,1.193244349126619114e-01,8.309111945142083622e-02,1.890679233569433210e-02,5.975392950870558884e-02,2.597567514180094267e-02,1.825775319581228809e-02,2.673759065383638639e-02,1.564748708976493666e-02,2.229308350029629918e-02,1.058215988938115450e-02,1.068092671501537881e-02,2.525608826932302514e-02,1.353105511188870333e-02,2.321020402404266880e-02,1.650816942743460122e-02,2.131952479047323490e-02,6.575048677935490735e-03,7.379292829528458914e-03,1.797556226542879054e-02,2.285746536106329427e-02,3.037785365578350369e-02,1.416598470525157367e-02,4.441685244236250052e-02,6.075570731156700738e-02,5.945762903180291936e-02,1.528063888026638846e-02,6.689336004740807640e-02,4.221576318537122174e-02,6.496035217428111630e-02,4.299178824392584086e-02,8.053729153145017250e-02,2.582047013009002023e-02,3.637441092643282220e-02,2.672348110731721099e-02,1.519598160115133954e-02,2.933374721336456242e-02,2.353472359398368907e-02,5.712955385613906201e-02,3.153483647035584120e-02,9.508423399271948018e-02,9.418122301549228248e-02,2.460704912944098113e-02,6.957417388605130482e-02,1.917346276490673462e-01,9.346163614301436495e-02,1.145554081891807935e-01,7.548607387758557441e-02,1.686090809041397576e-02,5.887913762451674887e-02
2.939018539944126054e-02,4.921409825888196227e-02,3.218387561023788868e-02,1.870925868442588347e-02,8.067838699664192648e-02,9.392725117814713920e-02,1.072607726387673904e-01,2.709032931681575745e-02,1.254338685554646227e-01,7.248074046900132572e-02,9.872449699466659401e-02,4.546095888478144526e-02,1.551626830713660754e-01,3.626153455427942596e-02,4.793012952563704271e-02,3.458249851849761608e-02,2.814854530575387412e-02,5.885091853147839808e-02,5.361627677286451982e-02,0.000000000000000000e+00,5.447695911053418438e-02,1.727996162203346842e-01,1.452154527753478086e-01,4.658972260631543544e-02,1.285661878827214499e-01,2.747975280074498317e-01,1.632474532268533007e-01,2.175127691395998542e-01,1.519880351045517497e-01,3.494934672799616254e-02,1.089680277675875442e-01,4.752095267658097699e-02,3.243784744758303196e-02,4.757739086265767164e-02,2.812032621271552332e-02,4.043796032395519102e-02,1.910432598696278073e-02,1.931596918475040128e-02,4.623698394333606437e-02,2.439540593165335711e-02,4.124220447554815400e-02,2.963004769026723537e-02,3.847673335778988013e-02,1.197900499477946856e-02,1.329119282106273024e-02,3.301633885486920245e-02,4.156672404548918121e-02,5.570448965770240235e-02,2.559471738578322081e-02,8.056551062448852329e-02,1.097299432796229879e-01,1.075147444761125337e-01,2.761238253802522635e-02,1.217794960069983334e-01,7.624798938962101813e-02,1.172362220278240219e-01,7.715100036684821583e-02,1.452718909614245102e-01,4.674492761802635787e-02,6.586336315150831400e-02,4.886135959590258426e-02,2.772525891017862607e-02,5.329175720292349955e-02,4.280836413917656763e-02,1.039309196602421215e-01,5.703078703050484116e-02,1.731382453367948659e-01,1.722070152665293452e-01,4.495301521009114482e-02,1.263227699861726450e-01,3.492112763495781036e-01,1.695403109744052783e-01,2.073115670062364302e-01,1.373141067246098634e-01,3.098456415610802150e-02,1.067528289640770900e-01
1.722775629991252222e-02,2.734430115416090420e-02,1.790501453283291355e-02,1.058215988938115450e-02,4.649095578068120765e-02,5.295312808646330388e-02,6.153173237012162650e-02,1.588734938059090801e-02,7.029376075852922234e-02,4.122809492902897860e-02,5.674859610012134015e-02,2.673759065383638639e-02,8.896069080339757962e-02,2.079747156926376253e-02,2.764060163106357715e-02,1.934418827778875208e-02,1.616954031097440556e-02,3.307277704094590404e-02,3.032141546970680210e-02,5.447695911053418438e-02,0.000000000000000000e+00,9.554984902785224055e-02,8.199057482292519683e-02,2.704800067725823126e-02,7.280526003894234599e-02,1.565030899906877104e-01,9.126054688602308618e-02,1.225696306120721280e-01,8.454440274289584667e-02,1.897734006829020562e-02,6.132008917233400247e-02,2.783813528233202578e-02,1.911843553348195265e-02,2.785224482885120117e-02,1.633885486920450339e-02,2.299856082625504478e-02,1.087846036628382744e-02,1.110421311059062513e-02,2.707621977029658206e-02,1.386968422834890073e-02,2.411321500126985956e-02,1.712898947427829791e-02,2.175692073256765488e-02,6.970115980472387993e-03,7.590936027316082073e-03,1.903377825436690374e-02,2.371814769873296230e-02,3.074470186528205015e-02,1.485735248469114214e-02,4.584191664079916712e-02,6.230775742867624561e-02,6.161638964923667194e-02,1.588734938059090801e-02,6.730253689646414905e-02,4.410644241894065565e-02,6.714733188475321968e-02,4.596890255947173876e-02,8.318988627705505012e-02,2.622964697914608942e-02,3.782769421790783959e-02,2.711854840985410825e-02,1.584502074103338182e-02,3.006744363236165535e-02,2.438129638513418171e-02,5.820187939159635754e-02,3.363715890171289913e-02,9.731354234274910975e-02,9.758162372661342843e-02,2.603211332787764079e-02,7.118266218923724464e-02,1.985354290713096381e-01,9.511245308575781710e-02,1.177864943420718485e-01,7.686880943646470787e-02,1.727008493947004494e-02,6.078392640460535817e-02
