0.000000000000000000e+00,2.111807495783936048e-02,1.517782979687382072e-02,6.091268343023987196e-03,3.059477963200684519e-02,3.385436331143497346e-02,3.890105464522137374e-02,6.733116866772382962e-03,4.334365325077399467e-02,2.608925470059654181e-02,3.160160084572982003e-02,2.043847063857635524e-02,5.955347479171386321e-02,1.846258400664501850e-02,1.914218832590802721e-02,1.560572881270608399e-02,9.627727856225931288e-03,1.843741347630194552e-02,2.003574215308716669e-02,3.369075486420498866e-02,2.175992348158775624e-02,6.689068438672002292e-02,5.283294319011301587e-02,2.510760401721664342e-02,4.701855068086284450e-02,1.067733897153212985e-01,5.780412293287019720e-02,8.203075838807923070e-02,5.950313373102771031e-02,1.487578343275692758e-02,5.079413023232399321e-02,1.819829343804273830e-02,1.225804827707719855e-02,1.876463037076191165e-02,1.161619975332880278e-02,1.992247476654333133e-02,7.198771678119258305e-03,6.028342017166301268e-03,1.881497143144806108e-02,1.361725691560321250e-02,1.738025120189282471e-02,1.291248206599713080e-02,1.400740013592086455e-02,4.492939666238767761e-03,5.663369327191723930e-03,1.315160210425633629e-02,1.861360718870346681e-02,2.358478693146064467e-02,9.325681492109038143e-03,2.943693523622542899e-02,4.154396033124418269e-02,4.120415817161267313e-02,9.489289939339021207e-03,5.558911626267965672e-02,2.790153288529789374e-02,4.049938332200659491e-02,2.592564625336655701e-02,5.984293589065921293e-02,2.168441189055853383e-02,2.012383900928792560e-02,1.895340934833496943e-02,7.362380125349241369e-03,1.891565355282035649e-02,1.943164942485338040e-02,3.555337410959248656e-02,2.018676533514561153e-02,6.374436809383574043e-02,5.975483903445845402e-02,1.988471897102871838e-02,4.328072692491630874e-02,1.321201137707971596e-01,5.853406831281934841e-02,8.461073774824436067e-02,5.397820232072289559e-02,1.620982154093986854e-02,5.045432807269249059e-02
2.111807495783936048e-02,0.000000000000000000e+00,2.320722897631453258e-02,8.809685620076014231e-03,4.531953988270533140e-02,5.120944398298472172e-02,5.756500289461098652e-02,1.011855319791588048e-02,6.558181680888015841e-02,3.876261672833446886e-02,4.723250018877897527e-02,2.949986156208311144e-02,8.955674696065846208e-02,2.744846333912255576e-02,2.753656019532331467e-02,2.357220166628910818e-02,1.459890759898311088e-02,2.805255606735633858e-02,3.034307432857610148e-02,5.114651765712703579e-02,3.189106194467517669e-02,1.022804500490825386e-01,7.908580633793954595e-02,3.643434267160008955e-02,7.139620931813032978e-02,1.602607666943542397e-01,8.804651514007399982e-02,1.232726723552065307e-01,9.008532809786301554e-02,2.250245412670845088e-02,7.609051322711370136e-02,2.675627375468801056e-02,1.750610385360819657e-02,2.684437061088877294e-02,1.667547635228674302e-02,2.955020262276926088e-02,1.057162274409121847e-02,8.771929824561403022e-03,2.758690125600946411e-02,1.953233154622567927e-02,2.465453447104130544e-02,1.861360718870346681e-02,2.100480757129552858e-02,6.607264215057011107e-03,8.054569709783784837e-03,1.917994412142263669e-02,2.859372246973243895e-02,3.560371517027863947e-02,1.360467165043167427e-02,4.372121120592011023e-02,6.275013214528429861e-02,6.166779934053210482e-02,1.429686123486621947e-02,8.557980316645272256e-02,4.146844874021495680e-02,6.084975710438218777e-02,3.764252812806765519e-02,8.990913438546149772e-02,3.284754209771199862e-02,2.949986156208311144e-02,2.851821087870321306e-02,1.091142490372272109e-02,2.844269928767399064e-02,2.965088474414155975e-02,5.422990762415363930e-02,2.963829947897002326e-02,9.756097560975610095e-02,8.960708802134460804e-02,2.895869515970701455e-02,6.533011150544941470e-02,1.978907095572503827e-01,8.900299529311082869e-02,1.277907825517883567e-01,8.306275013214528546e-02,2.461677867552669249e-02,7.558710262025221394e-02
1.517782979687382072e-02,2.320722897631453258e-02,0.000000000000000000e+00,6.305217850940119696e-03,3.291046842356968455e-02,3.713911752120617471e-02,4.151878980090110277e-02,7.349794860177704010e-03,4.742127916635203305e-02,2.770016864255329947e-02,3.400538649349341830e-02,2.121875707921165935e-02,6.519167358856250982e-02,1.999798635757255375e-02,1.973369578897027354e-02,1.706561957260439508e-02,1.039542903168969717e-02,2.045105590374789173e-02,2.204938458053311290e-02,3.702585013466233588e-02,2.301844999874147479e-02,7.471871932341614397e-02,5.741397971255254168e-02,2.651715371642880681e-02,5.181353671121850801e-02,1.164892144277479974e-01,6.355558911626267571e-02,8.933021218757079829e-02,6.520425885373404284e-02,1.610913941956756967e-02,5.490951194341664454e-02,1.938130836416723443e-02,1.269853255808099830e-02,1.940647889451030741e-02,1.199375770847491834e-02,2.133202446575549471e-02,7.677011754637670139e-03,6.317803116111656188e-03,1.998540109240101725e-02,1.409549699212162346e-02,1.794658813461199459e-02,1.360467165043167427e-02,1.522817085755996842e-02,4.744644969669510604e-03,5.801807244078633144e-03,1.374310956731858262e-02,2.074051700269324838e-02,2.608925470059654181e-02,9.980115281028972135e-03,3.163935664124443298e-02,4.554607465579299519e-02,4.460217976792771322e-02,1.033250270583201125e-02,6.251101210702510180e-02,2.976415213068539511e-02,4.409876916106622580e-02,2.693246746708953185e-02,6.555664627853709236e-02,2.386166276523446483e-02,2.139495079161318064e-02,2.055173802512019060e-02,7.853205467039190563e-03,2.067759067683556246e-02,2.172216768607314677e-02,3.941705051725440112e-02,2.131943920058395475e-02,7.119484507538573204e-02,6.504065040650407192e-02,2.077827279820785786e-02,4.738352337083742011e-02,1.430567092048629363e-01,6.427294923104029389e-02,9.321905912557577889e-02,6.067356339198066995e-02,1.804727025598429346e-02,5.507312039064662934e-02
6.091268343023987196e-03,8.809685620076014231e-03,6.305217850940119696e-03,0.000000000000000000e+00,1.258526517153716467e-02,1.399481487074932633e-02,1.613430994991064613e-02,2.781343602909713397e-03,1.818570817287120181e-02,1.083591331269349867e-02,1.317677263459941100e-02,8.356616073900676248e-03,2.478038712275667729e-02,7.677011754637670139e-03,7.815449671524579353e-03,6.443655767827028043e-03,4.039870120063429777e-03,7.739938080495356067e-03,8.331445543557603264e-03,1.409549699212162346e-02,8.948123536962924313e-03,2.793928868081250322e-02,2.170958242090160681e-02,1.021923531928817762e-02,1.970852525862720056e-02,4.436305972966850253e-02,2.397493015177829673e-02,3.405572755417956426e-02,2.484331344861436322e-02,6.217120994739359051e-03,2.109290442749628749e-02,7.349794860177704010e-03,5.046691333786402882e-03,7.626670693951521571e-03,4.732059704497974112e-03,8.243348687356842619e-03,2.907196254625084818e-03,2.454126708449746834e-03,7.601500163608446853e-03,5.650784062020186571e-03,7.085504291575423809e-03,5.260640841702534515e-03,5.814392509250169636e-03,1.862619245387500287e-03,2.290518261219763770e-03,5.499760879961740866e-03,7.878375997382265281e-03,9.879433159656673263e-03,3.851091142490372429e-03,1.225804827707719855e-02,1.736766593672128822e-02,1.710337536811900455e-02,3.939187998691132640e-03,2.327015530217221850e-02,1.157844395781419157e-02,1.696493745123209620e-02,1.060937853960582967e-02,2.495658083515819511e-02,9.061390923506757941e-03,8.268519217699917337e-03,7.979058118754562418e-03,3.033048906340456673e-03,7.966472853583024191e-03,8.142666565984545482e-03,1.487578343275692758e-02,8.356616073900676248e-03,2.680661481537415999e-02,2.484331344861436322e-02,8.167837096327620200e-03,1.813536711218505237e-02,5.494726773893125749e-02,2.450351128898286060e-02,3.521357194996098394e-02,2.250245412670845088e-02,6.720531601600845603e-03,2.106773389715321451e-02
3.059477963200684519e-02,4.531953988270533140e-02,3.291046842356968455e-02,1.258526517153716467e-02,0.000000000000000000e+00,7.291902640388632506e-02,8.297465327594452655e-02,1.424652017418007004e-02,9.285408643560119635e-02,5.616803846057036309e-02,6.730599813738075143e-02,4.261370787082483652e-02,1.287346774396536664e-01,3.942963578242593414e-02,3.914017468348057749e-02,3.377885172040574757e-02,2.092929598026630270e-02,3.994563165445896152e-02,4.324297112940169580e-02,7.166049988673262039e-02,4.559641571647914809e-02,1.436733871982682764e-01,1.121221274132245954e-01,5.244279996979536035e-02,1.015379194039618405e-01,2.272017921417604225e-01,1.239648619396410689e-01,1.760175186891187737e-01,1.278159530821314505e-01,3.210501145259130745e-02,1.077424551335296604e-01,3.895139570590752665e-02,2.527121246444662475e-02,3.834730297767374035e-02,2.421405019003750395e-02,4.266404893151098943e-02,1.537919403961841500e-02,1.267336202773792359e-02,4.037353067029122305e-02,2.826650557527246935e-02,3.585542047370938318e-02,2.709607591431951318e-02,3.020463641168919314e-02,9.539631000025170643e-03,1.164137028367187750e-02,2.776309496841098540e-02,4.014699589720355233e-02,5.035364595132019172e-02,1.969593999345566060e-02,6.360593017694882167e-02,8.888972790656698986e-02,8.890231317173852288e-02,2.032520325203251987e-02,1.208059603815852395e-01,6.040927282337838627e-02,8.696418233532179909e-02,5.449419819275592297e-02,1.287346774396536664e-01,4.737093810566588709e-02,4.216063832464950201e-02,4.062523597372196676e-02,1.573158146442145411e-02,4.082660021646655757e-02,4.190893302121875830e-02,7.606534269677062143e-02,4.256336681013869055e-02,1.370661229832112471e-01,1.269979108459815265e-01,4.161947192227340164e-02,9.393641924035339708e-02,2.816959903345163663e-01,1.254499232298824651e-01,1.824485891917742575e-01,1.169422839739233250e-01,3.517581615444637100e-02,1.078431372549019662e-01
3.385436331143497346e-02,5.120944398298472172e-02,3.713911752120617471e-02,1.399481487074932633e-02,7.291902640388632506e-02,0.000000000000000000e+00,9.236326109391124195e-02,1.623499207128294153e-02,1.045332125147876851e-01,6.166779934053210482e-02,7.476906038410228994e-02,4.713181806740668334e-02,1.432832439779506140e-01,4.421203654761005769e-02,4.372121120592011023e-02,3.723979964257846664e-02,2.316947318079991963e-02,4.480354401067230402e-02,4.811346875078657825e-02,8.053311183266631534e-02,5.094515341438243805e-02,1.626771376072893849e-01,1.266329381560069578e-01,5.855923884316242833e-02,1.140099171889551732e-01,2.556696619597774722e-01,1.394573233658033262e-01,1.965944272445820373e-01,1.425407133328299158e-01,3.554078884442095354e-02,1.209569835636436913e-01,4.370862594074857027e-02,2.816582345390017394e-02,4.291575423494173314e-02,2.690729693674645887e-02,4.755971708323894487e-02,1.712854589846208100e-02,1.395705907523471512e-02,4.448891238138387438e-02,3.136248080747061628e-02,3.955548843414130600e-02,2.990259004757230346e-02,3.370334012937652862e-02,1.054645221374814375e-02,1.286214100531098137e-02,3.075838807923682999e-02,4.531953988270533140e-02,5.639457323365803382e-02,2.204938458053311290e-02,7.003700067960431930e-02,1.006695361071257705e-01,9.873140527070906058e-02,2.280450049082534056e-02,1.372297314304412319e-01,6.561957260439477135e-02,9.661708072189080510e-02,5.952830426137079023e-02,1.441642125399582031e-01,5.293362531148531475e-02,4.715698859774975632e-02,4.534471041304840438e-02,1.730473961086360229e-02,4.535729567821993741e-02,4.666616325605980192e-02,8.613355483400035595e-02,4.739610863600896007e-02,1.554280248684839771e-01,1.426162249238591417e-01,4.630119056608522632e-02,1.047345767575322828e-01,3.156510357673236178e-01,1.413073573460192911e-01,2.042210979385335745e-01,1.325102569911147943e-01,3.925344207002441632e-02,1.206171814040121887e-01
3.890105464522137374e-02,5.756500289461098652e-02,4.151878980090110277e-02,1.613430994991064613e-02,8.297465327594452655e-02,9.236326109391124195e-02,0.000000000000000000e+00,1.817312290769966532e-02,1.186035389765662390e-01,7.094313977195498833e-02,8.560497369679578861e-02,5.404112864658058152e-02,1.630295250320924205e-01,5.049208386820710354e-02,4.959853004102796753e-02,4.270180472702559543e-02,2.630320420851267257e-02,5.065569231543708834e-02,5.495985300410279745e-02,9.081527347781218062e-02,5.781670819804173023e-02,1.829771703289788387e-01,1.421757406428553472e-01,6.648795590123084132e-02,1.289486269475697833e-01,2.877369176168541598e-01,1.571144504014699572e-01,2.235394799768431195e-01,1.622995796521432832e-01,4.077625915578041160e-02,1.366004681718643865e-01,4.942233632862644277e-02,3.231896096050743822e-02,4.871756147902036455e-02,3.074580281406529350e-02,5.472073296584359370e-02,1.967076946311258762e-02,1.598328676785219782e-02,5.129754083918548063e-02,3.630849001988471769e-02,4.573485363336605297e-02,3.448362657001183273e-02,3.857383775076141108e-02,1.229580407259180976e-02,1.477510131138463044e-02,3.521357194996098394e-02,5.088222708852475212e-02,6.364368597246343462e-02,2.529638299478970120e-02,8.057086762818092829e-02,1.128269022628306806e-01,1.127010496111153087e-01,2.579979360165118515e-02,1.532381887286365096e-01,7.641773012157365708e-02,1.102217523723224846e-01,6.875330363210753470e-02,1.632560598051800982e-01,6.039668755820685325e-02,5.318533061491605846e-02,5.158700193813083729e-02,1.989730423620025834e-02,5.183870724156158100e-02,5.305947796320068660e-02,9.606332905434317171e-02,5.380200860832137777e-02,1.740542173223589839e-01,1.609529562787888057e-01,5.271967580356918398e-02,1.186916358327669979e-01,3.560119811724433148e-01,1.596440887009489273e-01,2.315311233607691976e-01,1.486445669410254578e-01,4.419945128243851773e-02,1.364368597246344017e-01
6.733116866772382962e-03,1.011855319791588048e-02,7.349794860177704010e-03,2.781343602909713397e-03,1.424652017418007004e-02,1.623499207128294153e-02,1.817312290769966532e-02,0.000000000000000000e+00,2.075310226786478487e-02,1.234614513327795746e-02,1.482544237207077988e-02,9.665483651740542498e-03,2.821616451458632338e-02,8.646077172846031167e-03,8.885197211105238385e-03,7.475647511893075865e-03,4.606207052782602257e-03,8.860026680762163667e-03,9.615142591054393062e-03,1.599587203302373431e-02,1.023182058445971411e-02,3.220569357396360632e-02,2.547257670719121903e-02,1.191824611744569419e-02,2.248986886153691092e-02,5.114651765712703579e-02,2.768758337738176298e-02,3.892622517556444672e-02,2.848045508318860358e-02,7.072919026403886450e-03,2.411336806866520507e-02,8.583150846988345239e-03,5.575272470990964152e-03,8.532809786302197538e-03,5.336152432731757801e-03,9.237584635908279232e-03,3.309924740114274233e-03,2.806514133252787681e-03,8.935538271791386086e-03,6.217120994739359051e-03,7.916131792896876490e-03,5.952830426137078849e-03,6.569508419542399898e-03,2.089154018475169062e-03,2.617735155679730332e-03,6.078683077852450704e-03,8.960708802134460804e-03,1.137707971506959730e-02,4.367087014523395906e-03,1.394447381006317863e-02,1.996023056205794427e-02,1.962042840242643818e-02,4.593621787611064898e-03,2.705832011880490370e-02,1.317677263459941100e-02,1.914218832590802721e-02,1.222029248156258734e-02,2.860630773490397544e-02,1.042059956203277189e-02,9.514460469682095925e-03,9.061390923506757941e-03,3.385436331143497086e-03,8.998464597649072014e-03,9.250169901079815724e-03,1.710337536811900455e-02,9.627727856225931288e-03,3.083389967026605241e-02,2.864406353041858491e-02,9.350852022452112861e-03,2.060207908580633657e-02,6.325354275214578603e-02,2.816582345390017394e-02,4.049938332200659491e-02,2.610183996576807830e-02,7.714767550152281349e-03,2.394975962143522374e-02
4.334365325077399467e-02,6.558181680888015841e-02,4.742127916635203305e-02,1.818570817287120181e-02,9.285408643560119635e-02,1.045332125147876851e-01,1.186035389765662390e-01,2.075310226786478487e-02,0.000000000000000000e+00,7.919907372448337091e-02,9.640313121397467433e-02,6.042185808854992624e-02,1.833924840796395672e-01,5.657076694605955164e-02,5.669661959777492349e-02,4.859170882730499269e-02,2.955020262276926088e-02,5.762792922046867244e-02,6.215862468222205228e-02,1.042185808854992624e-01,6.536786730096402764e-02,2.101990988950137307e-01,1.618339248407963948e-01,7.502076568753303365e-02,1.464295602708348965e-01,3.270910418082508819e-01,1.793400286944046018e-01,2.521835435072616871e-01,1.847391074529940447e-01,4.581036522439527886e-02,1.547735910795640379e-01,5.524931410304815410e-02,3.603161418611090100e-02,5.499760879961741039e-02,3.438294444863953386e-02,6.113921820332754442e-02,2.181026454227390568e-02,1.805985552115582995e-02,5.692315437086259422e-02,4.066299176923657971e-02,5.118427345264164874e-02,3.841022930353142628e-02,4.307936268217171100e-02,1.366759797628936020e-02,1.672581741297289246e-02,3.936670945656824822e-02,5.794256084975710208e-02,7.273024742631327422e-02,2.825392031010093286e-02,8.980845226408920579e-02,1.287346774396536664e-01,1.266455234211784908e-01,2.943693523622542899e-02,1.755518638777719131e-01,8.515190415062044715e-02,1.240655440610133609e-01,7.659392383397518878e-02,1.838833094213294939e-01,6.755770344081149514e-02,6.081200130886757482e-02,5.869767676004933321e-02,2.221299302776309423e-02,5.813133982733015986e-02,6.037151702786378027e-02,1.104734576757532283e-01,6.061063706612298402e-02,1.994764529688640431e-01,1.841727705202748644e-01,5.940245160965541837e-02,1.337436129779254468e-01,4.035465277253391658e-01,1.822220544186866076e-01,2.623524377658636997e-01,1.698633240202370998e-01,5.010194064788944801e-02,1.543456920637317764e-01
2.608925470059654181e-02,3.876261672833446886e-02,2.770016864255329947e-02,1.083591331269349867e-02,5.616803846057036309e-02,6.166779934053210482e-02,7.094313977195498833e-02,1.234614513327795746e-02,7.919907372448337091e-02,0.000000000000000000e+00,5.772861134184097132e-02,3.608195524679704697e-02,1.095295627878879463e-01,3.418158020589493612e-02,3.308666213597120237e-02,2.858113720456089898e-02,1.743059226257897415e-02,3.409348334969417721e-02,3.658536585365853439e-02,6.096302449092602660e-02,3.887588411487830076e-02,1.223665332628558478e-01,9.576128269022628203e-02,4.417428075209544475e-02,8.648594225880339159e-02,1.934858667472123539e-01,1.053764252812806751e-01,1.500541166402376003e-01,1.087366910820811022e-01,2.738553701326486983e-02,9.184726522187822151e-02,3.277203050668277273e-02,2.153338870850008899e-02,3.278461577185431269e-02,2.047622643409096471e-02,3.683707115708927810e-02,1.312643157391326157e-02,1.060937853960582967e-02,3.396763069797880535e-02,2.412595333383674504e-02,3.046892698029147334e-02,2.290518261219763943e-02,2.596340204888116995e-02,8.142666565984545482e-03,9.791336303455914353e-03,2.378615117420523895e-02,3.435777391829646088e-02,4.247526995393793164e-02,1.673840267814442895e-02,5.430541921518286519e-02,7.533539731682147023e-02,7.587656371919755671e-02,1.734249540637821177e-02,1.029222985728309309e-01,5.070603337612323430e-02,7.398877394346699277e-02,4.625084950539908035e-02,1.101714113116363386e-01,4.086435601198117051e-02,3.545269198822019463e-02,3.454655289586951866e-02,1.337813687734400528e-02,3.471016134309949652e-02,3.571698255682247136e-02,6.475118930755871527e-02,3.619522263334088580e-02,1.169045281784087259e-01,1.083339625965919067e-01,3.535200986684789576e-02,7.962697274031563244e-02,2.400639331470714177e-01,1.074781645649273837e-01,1.560447028618892895e-01,9.986407913614739340e-02,3.015429535100304717e-02,9.202345893427973933e-02
3.160160084572982003e-02,4.723250018877897527e-02,3.400538649349341830e-02,1.317677263459941100e-02,6.730599813738075143e-02,7.476906038410228994e-02,8.560497369679578861e-02,1.482544237207077988e-02,9.640313121397467433e-02,5.772861134184097132e-02,0.000000000000000000e+00,4.437564499484004249e-02,1.320320169145964007e-01,4.083918548163809753e-02,4.095245286818192942e-02,3.491152558584409427e-02,2.153338870850008899e-02,4.151878980090110277e-02,4.474061768481461809e-02,7.499559515718996761e-02,4.744644969669510604e-02,1.501925545571245191e-01,1.165269702232626103e-01,5.412922550278134043e-02,1.055526189936821929e-01,2.366029852248986987e-01,1.285333131969090548e-01,1.815424500994236023e-01,1.324095748697425023e-01,3.311183266631428229e-02,1.118578368446223187e-01,3.941705051725440112e-02,2.613959576128269124e-02,3.981977900274358967e-02,2.481814291827128677e-02,4.423720707795313067e-02,1.569382566890684463e-02,1.305091998288403915e-02,4.058748017820735382e-02,2.929849731933851717e-02,3.677414483123159217e-02,2.751138966498024169e-02,3.113594603438294556e-02,9.803921568627450844e-03,1.205668403433260254e-02,2.858113720456089898e-02,4.184600669536107237e-02,5.226660625739384253e-02,2.023710639583176096e-02,6.536786730096402764e-02,9.245135795011201474e-02,9.169624203981978361e-02,2.114324548818243693e-02,1.255883611467693561e-01,6.186916358327670257e-02,9.016083968889224143e-02,5.613028266505575015e-02,1.331395202496916674e-01,4.885599939590726942e-02,4.350726169800397947e-02,4.214805305947796205e-02,1.627274786679755447e-02,4.204737093810566317e-02,4.364569961489088434e-02,7.946336429308566152e-02,4.392257544866470104e-02,1.430315386745198702e-01,1.322333811573409845e-01,4.282765737874096729e-02,9.645347227466082030e-02,2.917138614110599271e-01,1.314782652470487534e-01,1.893704850361197234e-01,1.218253668604797474e-01,3.649726899745777547e-02,1.112159883208739264e-01
2.043847063857635524e-02,2.949986156208311144e-02,2.121875707921165935e-02,8.356616073900676248e-03,4.261370787082483652e-02,4.713181806740668334e-02,5.404112864658058152e-02,9.665483651740542498e-03,6.042185808854992624e-02,3.608195524679704697e-02,4.437564499484004249e-02,0.000000000000000000e+00,8.338996702660525506e-02,2.605149890508192886e-02,2.639130106471343495e-02,2.173475295124468326e-02,1.345364846837322943e-02,2.592564625336655701e-02,2.801480027184172911e-02,4.700596541569131148e-02,3.050668277580608628e-02,9.344559389866344268e-02,7.480681617961690288e-02,3.501220770721639314e-02,6.588386317299706196e-02,1.502554808829822119e-01,8.040725918095094349e-02,1.147021067733897115e-01,8.297465327594452655e-02,2.070276120717863544e-02,7.076694605955347050e-02,2.548516197236275899e-02,1.686425532985980080e-02,2.563618515442120382e-02,1.581967832062221649e-02,2.812806765838556100e-02,9.954944750685897417e-03,8.218178157013767901e-03,2.645422739057112088e-02,1.878980090110498463e-02,2.373581011351909298e-02,1.777039442221047677e-02,1.959525787208336520e-02,6.229706259910896410e-03,7.639255959123058930e-03,1.834931662010118661e-02,2.659266530745802923e-02,3.311183266631428229e-02,1.293765259634020552e-02,4.146844874021495680e-02,5.780412293287019720e-02,5.816909562284477281e-02,1.350398952905937713e-02,7.840620201867652683e-02,3.890105464522137374e-02,5.657076694605955164e-02,3.648468373228624245e-02,8.454781142238666780e-02,3.082131440509451592e-02,2.795187394598404318e-02,2.639130106471343495e-02,1.025699111480278883e-02,2.663042110297263870e-02,2.707090538397644019e-02,4.963628583654257354e-02,2.851821087870321306e-02,8.940572377860001030e-02,8.390596289863827550e-02,2.778826549875405838e-02,6.105112134712678551e-02,1.863122655994361720e-01,8.218178157013768248e-02,1.192328022351430983e-01,7.577588159782526478e-02,2.286742681668302649e-02,7.079211658989655043e-02
5.955347479171386321e-02,8.955674696065846208e-02,6.519167358856250982e-02,2.478038712275667729e-02,1.287346774396536664e-01,1.432832439779506140e-01,1.630295250320924205e-01,2.821616451458632338e-02,1.833924840796395672e-01,1.095295627878879463e-01,1.320320169145964007e-01,8.338996702660525506e-02,0.000000000000000000e+00,7.756298925218353679e-02,7.624153640917213925e-02,6.651312643157390736e-02,4.058748017820735382e-02,7.889702736036648123e-02,8.497571043821892933e-02,1.411059931032746795e-01,8.921694480102695946e-02,2.854212288252913621e-01,2.204435047446449691e-01,1.024818142918271224e-01,2.005965415691308706e-01,4.470915452188577444e-01,2.446323844043394036e-01,3.461073774824435789e-01,2.518059855521155854e-01,6.316544589594502712e-02,2.120994739359158276e-01,7.651841224294596289e-02,4.942233632862644277e-02,7.485715724030304885e-02,4.720732965843590229e-02,8.333962596591909522e-02,3.007878375997382128e-02,2.457902288001208302e-02,7.890961262553801425e-02,5.519897304236200120e-02,6.981046590651665551e-02,5.279518739459840293e-02,5.940245160965541837e-02,1.872687457524730217e-02,2.267864783910996870e-02,5.439351607138362410e-02,7.936268217171335571e-02,9.922223061239900110e-02,3.866193460696216999e-02,1.242417377734148926e-01,1.750232827405673319e-01,1.743185078909612606e-01,3.994563165445896152e-02,2.392081351154068947e-01,1.171436482166679227e-01,1.703793198922701202e-01,1.062699791084598111e-01,2.535049963502731263e-01,9.306803594351732711e-02,8.276070376802839579e-02,7.985350751340331010e-02,3.072063228372221705e-02,8.001711596063329490e-02,8.298723854111605958e-02,1.498149966019784174e-01,8.345289335246293405e-02,2.715270960759142982e-01,2.502076568753303643e-01,8.169095622844772808e-02,1.843112084371617831e-01,5.537516675476352734e-01,2.475018248634498763e-01,3.592212237911852624e-01,2.315059528304261316e-01,6.894208260968058555e-02,2.119862065493720027e-01
1.846258400664501850e-02,2.744846333912255576e-02,1.999798635757255375e-02,7.677011754637670139e-03,3.942963578242593414e-02,4.421203654761005769e-02,5.049208386820710354e-02,8.646077172846031167e-03,5.657076694605955164e-02,3.418158020589493612e-02,4.083918548163809753e-02,2.605149890508192886e-02,7.756298925218353679e-02,0.000000000000000000e+00,2.401268594729290967e-02,2.058949382063480008e-02,1.273628835359560951e-02,2.418887965969443096e-02,2.627803367816959959e-02,4.397291650935085394e-02,2.764982758186715003e-02,8.778222457147172308e-02,6.783457927458531878e-02,3.182813561881749076e-02,6.161745827984595886e-02,1.376324599159304274e-01,7.548642049887990813e-02,1.067482191849782325e-01,7.790279141181505329e-02,1.968335472828412411e-02,6.554406101336554546e-02,2.338342268871605040e-02,1.532885297893226556e-02,2.327015530217221850e-02,1.467441919001233330e-02,2.523345666893201528e-02,9.149487779707518587e-03,7.677011754637670139e-03,2.420146492486596745e-02,1.709079010294746806e-02,2.170958242090160681e-02,1.634825945782677689e-02,1.829897555941503717e-02,5.776636713735558426e-03,7.110674821918497659e-03,1.672581741297289246e-02,2.445317022829671116e-02,3.092199652646681132e-02,1.190566085227415770e-02,3.837247350801681334e-02,5.415439603312442035e-02,5.351254750937602112e-02,1.243424198947871810e-02,7.307004958594477684e-02,3.659795111883007435e-02,5.282035792494147591e-02,3.301115054494198342e-02,7.785245035112889345e-02,2.855596667421782600e-02,2.567394094993581677e-02,2.484331344861436322e-02,9.489289939339021207e-03,2.479297238792821378e-02,2.564877041959274032e-02,4.654031060434443701e-02,2.579979360165118515e-02,8.347806388280601397e-02,7.714767550152282216e-02,2.529638299478970120e-02,5.703642175740642611e-02,1.706561957260439577e-01,7.646807118225981692e-02,1.107377482443555050e-01,7.104382189332729414e-02,2.134460973092703120e-02,6.524201464924865579e-02
1.914218832590802721e-02,2.753656019532331467e-02,1.973369578897027354e-02,7.815449671524579353e-03,3.914017468348057749e-02,4.372121120592011023e-02,4.959853004102796753e-02,8.885197211105238385e-03,5.669661959777492349e-02,3.308666213597120237e-02,4.095245286818192942e-02,2.639130106471343495e-02,7.624153640917213925e-02,2.401268594729290967e-02,0.000000000000000000e+00,2.022452113066022447e-02,1.259785043670870117e-02,2.417629439452289100e-02,2.601374310956731939e-02,4.422462181278159765e-02,2.837977296181630471e-02,8.763120138941327131e-02,6.939515215585592700e-02,3.298598001459891044e-02,6.123990032469984329e-02,1.405522414357270600e-01,7.538573837750761619e-02,1.060308590702006143e-01,7.775176822975660151e-02,1.936872309899569447e-02,6.603488635505549986e-02,2.332049636285836447e-02,1.565606987339223169e-02,2.420146492486596745e-02,1.472476025069848274e-02,2.595081678370963346e-02,9.187243575222129796e-03,7.639255959123058930e-03,2.410078280349366858e-02,1.740542173223589770e-02,2.213748143673387181e-02,1.641118578368446282e-02,1.814795237735659234e-02,5.726295653049409858e-03,7.337209595006166651e-03,1.702786377708978213e-02,2.442799969795363471e-02,3.123662815575524096e-02,1.184273452641647177e-02,3.744116388532306439e-02,5.467039190515744079e-02,5.277001686425532995e-02,1.271111782325253653e-02,7.319590223766014869e-02,3.536459513201942878e-02,5.234211784842306842e-02,3.346422009111731793e-02,7.721060182738050115e-02,2.803997080218480209e-02,2.645422739057112088e-02,2.474263132724206435e-02,9.376022552795187578e-03,2.446575549346824766e-02,2.528379772961816471e-02,4.740869390118050003e-02,2.640388632988497145e-02,8.380528077726598357e-02,7.908580633793954595e-02,2.615218102645422774e-02,5.609252686954114414e-02,1.735256361851544304e-01,7.703440811497898333e-02,1.099071207430340619e-01,7.067884920335271159e-02,2.116841601852550991e-02,6.539303783130710757e-02
1.560572881270608399e-02,2.357220166628910818e-02,1.706561957260439508e-02,6.443655767827028043e-03,3.377885172040574757e-02,3.723979964257846664e-02,4.270180472702559543e-02,7.475647511893075865e-03,4.859170882730499269e-02,2.858113720456089898e-02,3.491152558584409427e-02,2.173475295124468326e-02,6.651312643157390736e-02,2.058949382063480008e-02,2.022452113066022447e-02,0.000000000000000000e+00,1.071006066097812681e-02,2.081602859372247080e-02,2.250245412670845088e-02,3.744116388532306439e-02,2.362254272697525762e-02,7.522212993027763139e-02,5.826977774421707168e-02,2.678144428503108701e-02,5.278260212942686991e-02,1.179365199224747668e-01,6.456241032998565055e-02,9.101663772055677837e-02,6.628659165848624357e-02,1.658737949608598411e-02,5.566462785370887567e-02,2.006091268343023967e-02,1.293765259634020552e-02,1.958267260691182871e-02,1.227063354224873504e-02,2.209972564121925886e-02,7.903546527725339998e-03,6.431070502655490684e-03,2.045105590374789173e-02,1.438495809106697838e-02,1.809761131667044290e-02,1.365501271111782371e-02,1.569382566890684463e-02,4.958594477585643104e-03,5.902489365450930281e-03,1.429686123486621947e-02,2.090412544992322971e-02,2.620252208714037717e-02,1.011855319791588048e-02,3.255808099876664197e-02,4.636411689194291225e-02,4.581036522439527886e-02,1.058420800926275496e-02,6.320320169145964007e-02,3.063253542752145814e-02,4.504266404893150777e-02,2.776309496841098540e-02,6.673966120466158503e-02,2.456643761484054306e-02,2.167182662538699733e-02,2.105514863198167455e-02,8.029399179440710119e-03,2.097963704095245213e-02,2.188577613330312810e-02,4.026026328374739116e-02,2.179767927710236919e-02,7.217649575876564083e-02,6.629917692365777659e-02,2.149563291298547604e-02,4.826449193284502309e-02,1.457122001560572921e-01,6.599713055954088692e-02,9.498099624959098486e-02,6.156711721915980595e-02,1.841224294595887254e-02,5.574013944473810156e-02
9.627727856225931288e-03,1.459890759898311088e-02,1.039542903168969717e-02,4.039870120063429777e-03,2.092929598026630270e-02,2.316947318079991963e-02,2.630320420851267257e-02,4.606207052782602257e-03,2.955020262276926088e-02,1.743059226257897415e-02,2.153338870850008899e-02,1.345364846837322943e-02,4.058748017820735382e-02,1.273628835359560951e-02,1.259785043670870117e-02,1.071006066097812681e-02,0.000000000000000000e+00,1.268594729290946181e-02,1.380603589317626854e-02,2.298069420322686185e-02,1.454856653829696145e-02,4.599914420196833664e-02,3.622039316368395878e-02,1.654962370057137117e-02,3.255808099876664197e-02,7.293161166905787196e-02,3.970651161619975084e-02,5.600443001334037829e-02,4.073850336026579866e-02,1.033250270583201125e-02,3.434518865312492092e-02,1.225804827707719855e-02,7.941302323239951208e-03,1.213219562536182669e-02,7.576329633265373002e-03,1.378086536283319556e-02,4.895668151727957176e-03,3.939187998691132640e-03,1.248458305016486754e-02,8.860026680762163667e-03,1.111278914646731536e-02,8.381786604243750965e-03,9.728409977598228425e-03,2.982707845654308104e-03,3.687482695260388930e-03,8.746759294218330039e-03,1.288731153565405609e-02,1.600845729819527427e-02,6.217120994739359051e-03,2.014900953963099858e-02,2.856855193938936249e-02,2.835460243147323173e-02,6.481411563341639252e-03,3.857383775076141108e-02,1.901633567419265536e-02,2.772533917289637245e-02,1.727956908052052584e-02,4.112864658058345418e-02,1.524075612273150665e-02,1.334038108182939407e-02,1.298799365702635322e-02,5.008935538271791672e-03,1.293765259634020552e-02,1.342847793803015471e-02,2.456643761484054306e-02,1.352916005940245185e-02,4.407359863072314587e-02,4.080142968612348459e-02,1.316418736942787451e-02,2.977673739585693161e-02,9.003498703717686957e-02,4.062523597372196676e-02,5.845855672179012946e-02,3.770545445392534112e-02,1.137707971506959730e-02,3.414382441038033011e-02
1.843741347630194552e-02,2.805255606735633858e-02,2.045105590374789173e-02,7.739938080495356067e-03,3.994563165445896152e-02,4.480354401067230402e-02,5.065569231543708834e-02,8.860026680762163667e-03,5.762792922046867244e-02,3.409348334969417721e-02,4.151878980090110277e-02,2.592564625336655701e-02,7.889702736036648123e-02,2.418887965969443096e-02,2.417629439452289100e-02,2.081602859372247080e-02,1.268594729290946181e-02,0.000000000000000000e+00,2.668076216365878814e-02,4.482871454101537700e-02,2.800221500667018915e-02,8.995947544614764368e-02,6.950841954239975196e-02,3.190364720984670971e-02,6.269979108459815265e-02,1.408542877998439358e-01,7.693372599360669140e-02,1.084472299831357456e-01,7.937526743688488873e-02,1.977145158448488649e-02,6.631176218882932349e-02,2.362254272697525762e-02,1.529109718341765435e-02,2.315688791562838314e-02,1.454856653829696145e-02,2.605149890508192886e-02,9.313096226937501651e-03,7.626670693951521571e-03,2.440282916761056173e-02,1.706561957260439508e-02,2.153338870850008899e-02,1.628533313196909096e-02,1.852551033250270443e-02,5.764051448564021067e-03,7.060333761232349091e-03,1.680132900400211488e-02,2.493141030481512213e-02,3.136248080747061628e-02,1.198117244330338012e-02,3.854866722041833116e-02,5.521155830753354116e-02,5.421732235898210628e-02,1.261043570188023939e-02,7.534798258199300325e-02,3.659795111883007435e-02,5.343703591834680217e-02,3.317475899217196822e-02,7.903546527725338611e-02,2.894610989453547806e-02,2.595081678370963346e-02,2.509501875204510693e-02,9.564801530368245361e-03,2.503209242618742100e-02,2.608925470059654181e-02,4.759747287875355781e-02,2.605149890508192886e-02,8.552946210576656272e-02,7.908580633793954595e-02,2.547257670719121903e-02,5.751466183392484055e-02,1.739283646706435982e-01,7.823000830627500901e-02,1.126884643459437757e-01,7.285610007802864607e-02,2.174733821641621975e-02,6.626142112814316365e-02
2.003574215308716669e-02,3.034307432857610148e-02,2.204938458053311290e-02,8.331445543557603264e-03,4.324297112940169580e-02,4.811346875078657825e-02,5.495985300410279745e-02,9.615142591054393062e-03,6.215862468222205228e-02,3.658536585365853439e-02,4.474061768481461809e-02,2.801480027184172911e-02,8.497571043821892933e-02,2.627803367816959959e-02,2.601374310956731939e-02,2.250245412670845088e-02,1.380603589317626854e-02,2.668076216365878814e-02,0.000000000000000000e+00,4.827707719801656305e-02,3.022980694203226959e-02,9.730927030632535724e-02,7.503335095270456667e-02,3.449621183518336576e-02,6.784716453975685180e-02,1.517027863777089813e-01,8.297465327594452655e-02,1.168793576480656460e-01,8.527775680233581901e-02,2.142012132195625362e-02,7.171084094741876636e-02,2.494399556998665862e-02,1.671323214780135250e-02,2.532155352513277419e-02,1.574416672959299407e-02,2.826650557527246935e-02,1.004304160688665633e-02,8.331445543557603264e-03,2.597598731405270645e-02,1.856326612801731737e-02,2.357220166628910818e-02,1.773263862669586383e-02,2.017418006997407504e-02,6.317803116111656188e-03,7.677011754637670139e-03,1.805985552115582995e-02,2.689471167157491890e-02,3.386694857660650648e-02,1.310126104357018859e-02,4.189634775604721834e-02,5.940245160965541837e-02,5.888645573762239099e-02,1.356691585491706306e-02,8.135115406881622546e-02,3.966875582068514483e-02,5.798031664527171503e-02,3.561630043545017249e-02,8.590702006091267828e-02,3.163935664124443298e-02,2.781343602909713136e-02,2.722192856603488503e-02,1.035767323617508597e-02,2.710866117949105314e-02,2.837977296181630471e-02,5.122202924815626168e-02,2.791411815046943024e-02,9.250169901079816070e-02,8.518965994613506010e-02,2.727226962672103447e-02,6.209569835636436635e-02,1.867401646152684336e-01,8.459815248307281377e-02,1.221274132245966371e-01,7.902288001208185308e-02,2.355961640111757169e-02,7.135845352261571684e-02
3.369075486420498866e-02,5.114651765712703579e-02,3.702585013466233588e-02,1.409549699212162346e-02,7.166049988673262039e-02,8.053311183266631534e-02,9.081527347781218062e-02,1.599587203302373431e-02,1.042185808854992624e-01,6.096302449092602660e-02,7.499559515718996761e-02,4.700596541569131148e-02,1.411059931032746795e-01,4.397291650935085394e-02,4.422462181278159765e-02,3.744116388532306439e-02,2.298069420322686185e-02,4.482871454101537700e-02,4.827707719801656305e-02,0.000000000000000000e+00,5.093256814921090503e-02,1.626519670769463188e-01,1.254499232298824651e-01,5.816909562284477281e-02,1.131667044224621832e-01,2.557074177552920990e-01,1.392937149185733414e-01,1.953736565229429456e-01,1.428931007576329515e-01,3.547786251856326761e-02,1.208563014422713855e-01,4.209771199879181608e-02,2.805255606735633858e-02,4.302902162148556503e-02,2.651715371642880681e-02,4.729542651463666120e-02,1.671323214780135250e-02,1.386896221903395447e-02,4.316745953837247685e-02,3.116111656472601854e-02,3.935412419139671519e-02,2.941176470588235253e-02,3.302373581011351644e-02,1.047094062271892133e-02,1.300057892219789145e-02,3.035565959374764144e-02,4.516851670064687962e-02,5.694832490120566720e-02,2.149563291298547604e-02,6.882881522313674671e-02,9.988924966649047332e-02,9.709532079840922647e-02,2.275415943013919459e-02,1.358453522615721554e-01,6.505323567167560495e-02,9.661708072189080510e-02,5.922625789725389361e-02,1.422134964383699463e-01,5.164992826398852321e-02,4.724508545395051523e-02,4.553348939062146217e-02,1.716630169397669048e-02,4.499232298824536180e-02,4.706889174154899741e-02,8.744242241184022046e-02,4.711923280223514338e-02,1.556797301719147208e-01,1.435475345465528907e-01,4.598655893679679668e-02,1.028593722469732380e-01,3.142918271287976073e-01,1.423771048855999311e-01,2.028618893000075640e-01,1.325857685821440202e-01,3.929119786553902927e-02,1.203025497747237521e-01
2.175992348158775624e-02,3.189106194467517669e-02,2.301844999874147479e-02,8.948123536962924313e-03,4.559641571647914809e-02,5.094515341438243805e-02,5.781670819804173023e-02,1.023182058445971411e-02,6.536786730096402764e-02,3.887588411487830076e-02,4.744644969669510604e-02,3.050668277580608628e-02,8.921694480102695946e-02,2.764982758186715003e-02,2.837977296181630471e-02,2.362254272697525762e-02,1.454856653829696145e-02,2.800221500667018915e-02,3.022980694203226959e-02,5.093256814921090503e-02,0.000000000000000000e+00,1.018022099725641172e-01,8.020589493820634575e-02,3.751667547635228334e-02,7.132069772710110389e-02,1.618842659014825547e-01,8.751793400286944635e-02,1.231468197034911588e-01,8.972035540788844687e-02,2.246469833119383794e-02,7.645548591708827002e-02,2.712124644466258963e-02,1.789624707392584863e-02,2.749880439980870520e-02,1.699010798157517266e-02,2.985224898688615403e-02,1.069747539580659032e-02,8.847441415590627176e-03,2.810289712804248802e-02,1.993506003171486782e-02,2.534672405547584717e-02,1.894082408316343294e-02,2.104256336681013806e-02,6.645020010571622317e-03,8.293689748042992055e-03,1.951974628105414278e-02,2.839235822698784120e-02,3.591834679956706911e-02,1.375569483249012084e-02,4.393516071383624100e-02,6.290115532734275039e-02,6.174331093156133071e-02,1.451081074278235024e-02,8.510156308993430119e-02,4.159430139193032866e-02,6.072390445266681591e-02,3.881295778902061483e-02,9.017342495406378833e-02,3.287271262805507160e-02,3.011653955548843423e-02,2.858113720456089898e-02,1.106244808578116766e-02,2.843011402250245415e-02,2.951244682725465140e-02,5.414181076795288039e-02,3.006619849480228479e-02,9.694429761635077469e-02,9.055098290920990389e-02,2.968864053965616923e-02,6.512874726270483083e-02,1.997281582722947868e-01,8.921694480102695946e-02,1.280550731203906334e-01,8.242090160839689317e-02,2.474263132724206435e-02,7.583880792368295765e-02
