0.000000000000000000e+00,1.134220487187265029e-02,9.614496920459491766e-03,4.589636390013584165e-03,1.713200480065415338e-02,2.129960566055154672e-02,2.533532041728762951e-02,6.159081017633172110e-03,3.119106339764978961e-02,1.670996927053796169e-02,2.289542750880339816e-02,1.462616884058926675e-02,3.848436490247022362e-02,8.717671418962583130e-03,1.163235429882753316e-02,8.612162536433536075e-03,7.148226791342996052e-03,1.271382034475027414e-02,1.610329319599593939e-02,2.280310723659047939e-02,9.785948854569194097e-03,4.639753109214882210e-02,3.662477084789575454e-02,1.243685952811152302e-02,3.113830895638526608e-02,6.690582013373250203e-02,3.711274942959260498e-02,5.682972185220843547e-02,4.015931841261886209e-02,9.232027221291691857e-03,2.621895730846840813e-02,9.759571633936932333e-03,6.132703797000910347e-03,9.205650000659430093e-03,4.655579441594239441e-03,9.588119699827230002e-03,4.365430014639357439e-03,3.969771705155427516e-03,1.035305909816282635e-02,6.330532951742874441e-03,9.720005802988538821e-03,6.541550716800970285e-03,8.941877794336810722e-03,2.980625931445603574e-03,2.650910673542328927e-03,6.924020415968769326e-03,1.085422629017580333e-02,1.709243896970576160e-02,5.631536604987932501e-03,1.732983395539611920e-02,2.373949856903578154e-02,2.809173997335900549e-02,7.807657307149545346e-03,3.683578861295385559e-02,1.548342851113778187e-02,2.954248710813341464e-02,2.078524985822243973e-02,4.133310473075452185e-02,1.053769964258866043e-02,1.475805494375057730e-02,1.183018345356949726e-02,5.895308811310551872e-03,1.349194835340200224e-02,1.901797607586088595e-02,2.433298603326167556e-02,1.504820437070545844e-02,4.554027142160030350e-02,4.408952428682589436e-02,1.299078116138902526e-02,2.749825250913311148e-02,8.600292787149017848e-02,3.785131160729594130e-02,5.366445537633699608e-02,3.676984556137320032e-02,9.245215831607823606e-03,2.840826662094615013e-02
1.134220487187265029e-02,0.000000000000000000e+00,1.944001160597707764e-02,9.535365258562704741e-03,3.517402371312134540e-02,4.300805824090315338e-02,5.146195745354312234e-02,1.222584176305342718e-02,6.354272450311911069e-02,3.406618044656634786e-02,4.647666275404560565e-02,2.875117048916555826e-02,7.851179721192777516e-02,1.817390501562850258e-02,2.278991862627435111e-02,1.789694419898975319e-02,1.440196246521504089e-02,2.594199649182965528e-02,3.283963968716616111e-02,4.771639212376192068e-02,1.856956332511243424e-02,9.462827901823984977e-02,7.397491526317871713e-02,2.373949856903578154e-02,6.259314456035768026e-02,1.325719108977486960e-01,7.537290795668860621e-02,1.154662833177268061e-01,8.277171834403808381e-02,1.893884441396409893e-02,5.311053374305949037e-02,1.963784076071904347e-02,1.250280257969217830e-02,1.891246719333183890e-02,9.443044986349787701e-03,2.005987629083523516e-02,9.192461390343300079e-03,7.834034527781807977e-03,2.064017514474499743e-02,1.310947865423420407e-02,1.986204713609326933e-02,1.300396977170515528e-02,1.905754190680928120e-02,6.185458238265433874e-03,5.552404943091146343e-03,1.248961396937604655e-02,2.252614641995173000e-02,3.500257177901164307e-02,1.118394154807907971e-02,3.496300594806325129e-02,4.919351647916859332e-02,5.700117378631813780e-02,1.506139298102159019e-02,7.543885100826926149e-02,3.162628753808210957e-02,6.031151497566701603e-02,3.951307650712844455e-02,8.415652242723184462e-02,2.218324255173232534e-02,2.888305659232686534e-02,2.410877965788744970e-02,1.215989871147277190e-02,2.755100695039763500e-02,3.952626511744457283e-02,5.063107500362686725e-02,2.864566160663650773e-02,9.325666354536223113e-02,8.840325494902602499e-02,2.442530630547459086e-02,5.607797106418896393e-02,1.715046885509673713e-01,7.782598947548896584e-02,1.100457644777969729e-01,7.596639542091450370e-02,1.951914326787386467e-02,5.812220566318927056e-02
9.614496920459491766e-03,1.944001160597707764e-02,0.000000000000000000e+00,7.992297851575380294e-03,2.929190351212692875e-02,3.625548975904408638e-02,4.291573796869024154e-02,1.028711604658217107e-02,5.309734513274336209e-02,2.835551217968162660e-02,3.893277765321868228e-02,2.400327077535839917e-02,6.570565659496459265e-02,1.523284491513129252e-02,1.921580523060285178e-02,1.494269548817641138e-02,1.206757843925985486e-02,2.149743481529351255e-02,2.741912084723632792e-02,4.000105508882528804e-02,1.536473101829260307e-02,7.967239491974729970e-02,6.235574957466731572e-02,1.999393323925457988e-02,5.264893238199491038e-02,1.114965116125713890e-01,6.333170673806101658e-02,9.688353138229824357e-02,6.960948524853935448e-02,1.593184126188623359e-02,4.480170924389696718e-02,1.622199068884111819e-02,1.049813381164026692e-02,1.583952098967331829e-02,7.899977579362463254e-03,1.661764899832504638e-02,7.557073711143056857e-03,6.541550716800970285e-03,1.696055286654445104e-02,1.086741490049193508e-02,1.677591232211861696e-02,1.089379212112419684e-02,1.565488044524748421e-02,5.077614971710431128e-03,4.721522493174893850e-03,1.043219076005961338e-02,1.867507220764148129e-02,2.963480738034633341e-02,9.443044986349787701e-03,2.904131991612043939e-02,4.134629334107065013e-02,4.755812879996834663e-02,1.271382034475027414e-02,6.376693087849333308e-02,2.594199649182965528e-02,5.028817113540746259e-02,3.272094219432098577e-02,7.065138546351371063e-02,1.829260250847368138e-02,2.442530630547459086e-02,2.031045988684172451e-02,1.003653245057568345e-02,2.313282249449375577e-02,3.316935494506943749e-02,4.277066325521279577e-02,2.391095050314548387e-02,7.860411748414070088e-02,7.456840272740461462e-02,2.042915737968690332e-02,4.703058438732310442e-02,1.436371549529825986e-01,6.549463882990649854e-02,9.230708360260080070e-02,6.343721562059005670e-02,1.643300845389921230e-02,4.892974427284597222e-02
4.589636390013584165e-03,9.535365258562704741e-03,7.992297851575380294e-03,0.000000000000000000e+00,1.465254606122152851e-02,1.784418975772522967e-02,2.149743481529351255e-02,5.090803582026562010e-03,2.635084341162971522e-02,1.419094470015694505e-02,1.925537106155124356e-02,1.190931511546628255e-02,3.315616633475330921e-02,7.570262321459187739e-03,9.390290545085264173e-03,7.491130659562401581e-03,6.027194914471862425e-03,1.074871740764675627e-02,1.353151418435039575e-02,1.982248130514487755e-02,7.464753438930139817e-03,3.880089155005737173e-02,3.057119871279163209e-02,9.614496920459491766e-03,2.595518510214578703e-02,5.490418474605331112e-02,3.096685702227556375e-02,4.815161626419424412e-02,3.444865014573414430e-02,7.820845917465676228e-03,2.189309312477744074e-02,8.335201719794784955e-03,5.315009957400788736e-03,7.913166189678593268e-03,3.982960315471558398e-03,8.308824499162523192e-03,3.824696991677986949e-03,3.231209527452092497e-03,8.691294198330321366e-03,5.460084670878229303e-03,8.322013109478654941e-03,5.420518839929836657e-03,8.045052292839903821e-03,2.650910673542328927e-03,2.294818195006792082e-03,4.958917478865252325e-03,9.297970272872347133e-03,1.441515107553117091e-02,4.734711103491024732e-03,1.458660300964087497e-02,2.066655236537726092e-02,2.356804663492607921e-02,6.198646848581564756e-03,3.140208116270788719e-02,1.317542170581485761e-02,2.504517099033274838e-02,1.609010458567980764e-02,3.526634398533426418e-02,9.258404441923953621e-03,1.202801260831146309e-02,9.957400788678896428e-03,5.117180802658823774e-03,1.146090236471782910e-02,1.634068818168629700e-02,2.090394735106761853e-02,1.161916568851140141e-02,3.843161046120570357e-02,3.680941139232159209e-02,9.838703295833717624e-03,2.348891497302929218e-02,7.181198317133323517e-02,3.214064334041122351e-02,4.526331060496155412e-02,3.123062922859818138e-02,7.886788969046331504e-03,2.399008216504227090e-02
1.713200480065415338e-02,3.517402371312134540e-02,2.929190351212692875e-02,1.465254606122152851e-02,0.000000000000000000e+00,6.520448940295160700e-02,7.954050881658600303e-02,1.897841024491249418e-02,9.634279835933687308e-02,5.256980072009811988e-02,7.133719319995251995e-02,4.473576619231631885e-02,1.219023251519987389e-01,2.795985387019769841e-02,3.447502736636640780e-02,2.719491447186209859e-02,2.236788309615815942e-02,3.949988789681231627e-02,5.002439892908484148e-02,7.252416812840431493e-02,2.799941970114609019e-02,1.420545217150468720e-01,1.119713015839521042e-01,3.584664283924402645e-02,9.573612228479484731e-02,2.020890758740751525e-01,1.132505967846168110e-01,1.766218693536261986e-01,1.259248512984186830e-01,2.892262242327526059e-02,8.084618123788296640e-02,3.054482149215937206e-02,1.938725716471255411e-02,2.896218825422365237e-02,1.457341439932474322e-02,3.123062922859818138e-02,1.423051053110533683e-02,1.202801260831146309e-02,3.195600279598538596e-02,2.020495100431267399e-02,3.058438732310776384e-02,2.003349907020297166e-02,2.947654405655275936e-02,9.706817192672408806e-03,8.387956161059308482e-03,1.843767722195112368e-02,3.401342600530182086e-02,5.245110322725294455e-02,1.739577700697677448e-02,5.444258338498872418e-02,7.538609656700473449e-02,8.753280666816137812e-02,2.289542750880339816e-02,1.155322263693074614e-01,4.910119620695567455e-02,9.276868496366537375e-02,6.062804162325415719e-02,1.300792635479999515e-01,3.382878546087599025e-02,4.412909011777429308e-02,3.595215172177307350e-02,1.878058109017052835e-02,4.207166690845785817e-02,5.974440473207338204e-02,7.632248789945003664e-02,4.325864183690964621e-02,1.406037745802724837e-01,1.342996188491618614e-01,3.658520501694736277e-02,8.552813790010946327e-02,2.635611885575616653e-01,1.176819698508368151e-01,1.672579560291732048e-01,1.149387389050815778e-01,2.923914907086240175e-02,8.802078524985822161e-02
2.129960566055154672e-02,4.300805824090315338e-02,3.625548975904408638e-02,1.784418975772522967e-02,6.520448940295160700e-02,0.000000000000000000e+00,9.598670588080134014e-02,2.273716418500982411e-02,1.196075069569919463e-01,6.341083839995780014e-02,8.664916977698060296e-02,5.295227041926592326e-02,1.471189480764411861e-01,3.432995265288896203e-02,4.250689104889018161e-02,3.355182464423723393e-02,2.670693589016525163e-02,4.866597206652335111e-02,6.110283159463487240e-02,8.965617292905846136e-02,3.447502736636640780e-02,1.774131859725940619e-01,1.385595399812721840e-01,4.422141038998720491e-02,1.179589306674755644e-01,2.484470411352755759e-01,1.410258101103886719e-01,2.158184192131674950e-01,1.552958864724424126e-01,3.533228703691491945e-02,9.905965208445985382e-02,3.711274942959260498e-02,2.339659470081637341e-02,3.480474262426967724e-02,1.769911504424778736e-02,3.745565329781200964e-02,1.722432507286707215e-02,1.454703717869248146e-02,3.866900544689606117e-02,2.457038101895203316e-02,3.679622278200545687e-02,2.425385437136488853e-02,3.545098452976010173e-02,1.161916568851140141e-02,1.036624770847895810e-02,2.344934914208090040e-02,4.226949606319982400e-02,6.546826160927422811e-02,2.090394735106761853e-02,6.490115136568060106e-02,9.245215831607823953e-02,1.062738219273835077e-01,2.818406024557192427e-02,1.423314825316856491e-01,5.806945122192474357e-02,1.126966751513392984e-01,7.265605423156562548e-02,1.568257652691135984e-01,4.164963137834166301e-02,5.392822758265961719e-02,4.538200809780673639e-02,2.239426031679041945e-02,5.155427772575603418e-02,7.415955580760455468e-02,9.470741068013663333e-02,5.351938066285955725e-02,1.747095208577872094e-01,1.666908457855795778e-01,4.538200809780673639e-02,1.057330889044221373e-01,3.219603550373897338e-01,1.461429909130474991e-01,2.050960790261530109e-01,1.411708848238661107e-01,3.654563918599897099e-02,1.083576223573322062e-01
2.533532041728762951e-02,5.146195745354312234e-02,4.291573796869024154e-02,2.149743481529351255e-02,7.954050881658600303e-02,9.598670588080134014e-02,0.000000000000000000e+00,2.770927027419120905e-02,1.420281444944146154e-01,7.687640953272753541e-02,1.047439431307123220e-01,6.529680967516453272e-02,1.781121823193489995e-01,4.097701225221898197e-02,5.072339527583978602e-02,3.994830064756076798e-02,3.285282829748229633e-02,5.846510953140867523e-02,7.320997586484312425e-02,1.062474447067512512e-01,4.168919720929005479e-02,2.092109254447858946e-01,1.645806681349986089e-01,5.284676153673687621e-02,1.407752265143821790e-01,2.968492409954763267e-01,1.666776571752634495e-01,2.593672104770320397e-01,1.851944660591113567e-01,4.212442134972237823e-02,1.183677775872756244e-01,4.505229283990346001e-02,2.819724885588805602e-02,4.233543911478047234e-02,2.141830315339672552e-02,4.535563087717447289e-02,2.075887263759017623e-02,1.751447449982195328e-02,4.729435659364572553e-02,2.948973266686889111e-02,4.452474842725821780e-02,2.948973266686889111e-02,4.316632156469672743e-02,1.424369914142146858e-02,1.221265315273729543e-02,2.765651583292668553e-02,5.014309642193002375e-02,7.714018173905015652e-02,2.555952679266185884e-02,7.973833797132795498e-02,1.102304050222228105e-01,1.287472139060707177e-01,3.381559685055985504e-02,1.686559487226830800e-01,7.212850981892038327e-02,1.359086293077298446e-01,8.923413739894227314e-02,1.903380240824024405e-01,4.985294699497513915e-02,6.469013360062250695e-02,5.325560845653693615e-02,2.764332722261055378e-02,6.176226211044142517e-02,8.762512694037428995e-02,1.119317357530037055e-01,6.438679556335148713e-02,2.062434881236564210e-01,1.974730622634293109e-01,5.419199978898223830e-02,1.258720968571541698e-01,3.875736913601413591e-01,1.727444179206837072e-01,2.453213404903525352e-01,1.687218917742637492e-01,4.284979491710958627e-02,1.293143241496643447e-01
6.159081017633172110e-03,1.222584176305342718e-02,1.028711604658217107e-02,5.090803582026562010e-03,1.897841024491249418e-02,2.273716418500982411e-02,2.770927027419120905e-02,0.000000000000000000e+00,3.382878546087599025e-02,1.826622528784142135e-02,2.493966210780370132e-02,1.566806905556361595e-02,4.220355301161916872e-02,9.996966619627289941e-03,1.222584176305342718e-02,9.482610817298181213e-03,7.702148424620497424e-03,1.383485222162140690e-02,1.744853144824129801e-02,2.537488624823602476e-02,9.799137464885325846e-03,4.994526726718805792e-02,3.931524735238647872e-02,1.260831146222122535e-02,3.360457908550176093e-02,7.112617543489442584e-02,3.996148925787689626e-02,6.161718739696397940e-02,4.401039262492911081e-02,1.006290967120794522e-02,2.811811719399126899e-02,1.056407686322092219e-02,6.897643195336507563e-03,1.014204133310473051e-02,5.090803582026562010e-03,1.102567822428550739e-02,4.985294699497514088e-03,4.193978080529654241e-03,1.099930100365324563e-02,7.108660960394603406e-03,1.084103767985967331e-02,7.069095129446209894e-03,1.035305909816282635e-02,3.402661461561795261e-03,2.954248710813341811e-03,6.633870989013887325e-03,1.193569233609854605e-02,1.831897972910594488e-02,6.145892407317041228e-03,1.893884441396409893e-02,2.628490036004905994e-02,3.041293538899806151e-02,8.084618123788295599e-03,4.015931841261886209e-02,1.676272371180248869e-02,3.211426611977896001e-02,2.111496511612571264e-02,4.514461311211637878e-02,1.192250372578241430e-02,1.553618295240230540e-02,1.268744312411801238e-02,6.488796275536446757e-03,1.477124355406670732e-02,2.069292958600952095e-02,2.702346253775239626e-02,1.510095881196998197e-02,4.965511784023317332e-02,4.737348825554251602e-02,1.270063173443414239e-02,3.014916318267544040e-02,9.254447858829115137e-02,4.135948195138678535e-02,5.813539427350539884e-02,4.039671339830921970e-02,1.022117299500151753e-02,3.080859369848198970e-02
3.119106339764978961e-02,6.354272450311911069e-02,5.309734513274336209e-02,2.635084341162971522e-02,9.634279835933687308e-02,1.196075069569919463e-01,1.420281444944146154e-01,3.382878546087599025e-02,0.000000000000000000e+00,9.382377378895585818e-02,1.275998048085673076e-01,7.853817443256004560e-02,2.170713371931999591e-01,5.096079026153014363e-02,6.238212679529957921e-02,4.951004312675573449e-02,3.967133983092201860e-02,7.178560595070097861e-02,8.982762486316817063e-02,1.322553842501615617e-01,5.048600029014942842e-02,2.609894095459161512e-01,2.033683710747398454e-01,6.478245387283541878e-02,1.735884889809160836e-01,3.654300146393574256e-01,2.072326338973662363e-01,3.178586972290729507e-01,2.296928372657373041e-01,5.205544491776901289e-02,1.456418237210345135e-01,5.435026311277580541e-02,3.442227292510188080e-02,5.118499663690436602e-02,2.590243066088126350e-02,5.562955831344051222e-02,2.541445207918441654e-02,2.133917149149994197e-02,5.689566490378909075e-02,3.614998087651503933e-02,5.417881117866610308e-02,3.566200229481819584e-02,5.255661210978199160e-02,1.717157063160254862e-02,1.521965630481516077e-02,3.400023739498569258e-02,6.235574957466731572e-02,9.578887672605937431e-02,3.074265064690133442e-02,9.617134642522717769e-02,1.362251559553169789e-01,1.565488044524748490e-01,4.142542500296744062e-02,2.097780356883795216e-01,8.630626590876119830e-02,1.665853369030505238e-01,1.070123841050868441e-01,2.318030149163182729e-01,6.134022658032523001e-02,7.925035938963111148e-02,6.676074542025506320e-02,3.314297772443717399e-02,7.623016762723712481e-02,1.088456009390290496e-01,1.395486857549819992e-01,7.831396805718580933e-02,2.568877517375994235e-01,2.444245149888556179e-01,6.604856046318399732e-02,1.553486409137069257e-01,4.736029964522638358e-01,2.150139139838835312e-01,3.026390409242578072e-01,2.081954024504437950e-01,5.375677564854991486e-02,1.592524695672817014e-01
1.670996927053796169e-02,3.406618044656634786e-02,2.835551217968162660e-02,1.419094470015694505e-02,5.256980072009811988e-02,6.341083839995780014e-02,7.687640953272753541e-02,1.826622528784142135e-02,9.382377378895585818e-02,0.000000000000000000e+00,6.921382693905543670e-02,4.273109742426440399e-02,1.169697848937657492e-01,2.765651583292668553e-02,3.339356132044366682e-02,2.646954090447489402e-02,2.112815372644184439e-02,3.858987378499927762e-02,4.838901124988460173e-02,7.086240322857180474e-02,2.748506389881698320e-02,1.389683869010722439e-01,1.086477717842870838e-01,3.467285652110837363e-02,9.315115466283317713e-02,1.967872545269905016e-01,1.105864975007583434e-01,1.706342402701027383e-01,1.228914709257085541e-01,2.793347664956543491e-02,7.787874391675349284e-02,2.923914907086240175e-02,1.866188359732534954e-02,2.740593223692019617e-02,1.379528639067301513e-02,3.032061511678514273e-02,1.375572055972462161e-02,1.151365680598235436e-02,3.076902786753359792e-02,1.954552048850612470e-02,2.917320601928174995e-02,1.916305078933832826e-02,2.848739828284293715e-02,9.324347493504608897e-03,8.071429513472165584e-03,1.826622528784142135e-02,3.343312715139205860e-02,5.080252693773656958e-02,1.665721482927343816e-02,5.233240573440776228e-02,7.223401870144942338e-02,8.481595294303839738e-02,2.211729950015167007e-02,1.110612874721390586e-01,4.771639212376192068e-02,8.968255014969073180e-02,5.843873231077641173e-02,1.254896271579863665e-01,3.323529799665009277e-02,4.224311884256756050e-02,3.558287063292141228e-02,1.823984806720915786e-02,4.106933252443190074e-02,5.804307400129248701e-02,7.400129248381098757e-02,4.246732521794178289e-02,1.368582092504912751e-01,1.300396977170515667e-01,3.538504147817944645e-02,8.353665774237369057e-02,2.555557020956701897e-01,1.142661197789588967e-01,1.626683196391596198e-01,1.117734724292101384e-01,2.881711354074621007e-02,8.548857206916107843e-02
2.289542750880339816e-02,4.647666275404560565e-02,3.893277765321868228e-02,1.925537106155124356e-02,7.133719319995251995e-02,8.664916977698060296e-02,1.047439431307123220e-01,2.493966210780370132e-02,1.275998048085673076e-01,6.921382693905543670e-02,0.000000000000000000e+00,5.855742980362159400e-02,1.596349392664495048e-01,3.715231526054099676e-02,4.573810057634226933e-02,3.601809477335372878e-02,2.937103517402371231e-02,5.237197156535616099e-02,6.620682378697756443e-02,9.610540337364652241e-02,3.713912665022486848e-02,1.892829352571119561e-01,1.488730332484866081e-01,4.751856296901995486e-02,1.270326945649736805e-01,2.683354654920011018e-01,1.512997375466547112e-01,2.335966659193120798e-01,1.671656357569602791e-01,3.824696991677986602e-02,1.065375941337061289e-01,3.986916898566397749e-02,2.549358374108120356e-02,3.777217994539915080e-02,1.907073051712540948e-02,4.080556031810927964e-02,1.855637471479630249e-02,1.570763488651200773e-02,4.147817944423196068e-02,2.636403202194584697e-02,4.009337536103820682e-02,2.611344842593935761e-02,3.880089155005737173e-02,1.266106590348574888e-02,1.107843266555003092e-02,2.486053044590691430e-02,4.538200809780673639e-02,6.968861691043615192e-02,2.286905028817113467e-02,7.131081597932026339e-02,9.950806483520831247e-02,1.152420769423525837e-01,3.051844427152710856e-02,1.529351252258549509e-01,6.397794864355142719e-02,1.223375492924310554e-01,7.947456576500534775e-02,1.706738061010511232e-01,4.488084090579375768e-02,5.845192092109254695e-02,4.803291877134906185e-02,2.453081518800364139e-02,5.576144441660182277e-02,7.936905688247629376e-02,1.021062210674861248e-01,5.726494599264075891e-02,1.884124869762473231e-01,1.789298761589491193e-01,4.825712514672329118e-02,1.140551020139007887e-01,3.486145364862904272e-01,1.569576513722749089e-01,2.213444469356263822e-01,1.526977302401645864e-01,3.919654985954130338e-02,1.164158632604882365e-01
1.462616884058926675e-02,2.875117048916555826e-02,2.400327077535839917e-02,1.190931511546628255e-02,4.473576619231631885e-02,5.295227041926592326e-02,6.529680967516453272e-02,1.566806905556361595e-02,7.853817443256004560e-02,4.273109742426440399e-02,5.855742980362159400e-02,0.000000000000000000e+00,9.932342429078247492e-02,2.321195415639054280e-02,2.867203882726877123e-02,2.218324255173232534e-02,1.808158474341558727e-02,3.232528388483705412e-02,4.088469198000607013e-02,5.908497421626682927e-02,2.376587578966804157e-02,1.163762974295398517e-01,9.203012278596203743e-02,2.988539097635282277e-02,7.822164778497289750e-02,1.671788243672764074e-01,9.282143940492990075e-02,1.445471690647956442e-01,1.028052174142410624e-01,2.339659470081637341e-02,6.612769212508078087e-02,2.482096461495852252e-02,1.589227543093784181e-02,2.351529219366155221e-02,1.176424040198884198e-02,2.554633818234572709e-02,1.146090236471782910e-02,9.785948854569194097e-03,2.612663703625548936e-02,1.645938567453147580e-02,2.488690766653917780e-02,1.623517929915724647e-02,2.391095050314548387e-02,7.860411748414069741e-03,6.752568481859066128e-03,1.619561346820885470e-02,2.774883610513960083e-02,4.266515437268374872e-02,1.429645358268599210e-02,4.482808646452923068e-02,6.028513775503475253e-02,7.173285150943645161e-02,1.914986217902219651e-02,9.342811547947192652e-02,4.050222228083826675e-02,7.576856626617253787e-02,5.088165859963336007e-02,1.059572952797963735e-01,2.764332722261055378e-02,3.640056447252153216e-02,2.962161877003020166e-02,1.547023990082165013e-02,3.454097041794706308e-02,4.841538847051685829e-02,6.210516597866082983e-02,3.671709112010867332e-02,1.150970022288751449e-01,1.100325758674808446e-01,3.072946203658520614e-02,7.003152077865555658e-02,2.180736715772259027e-01,9.548553868878836837e-02,1.366340028751170388e-01,9.396884850243329701e-02,2.380544162061643682e-02,7.207575537765585627e-02
3.848436490247022362e-02,7.851179721192777516e-02,6.570565659496459265e-02,3.315616633475330921e-02,1.219023251519987389e-01,1.471189480764411861e-01,1.781253709296651278e-01,4.220355301161916872e-02,2.170713371931999591e-01,1.169697848937657492e-01,1.596349392664495048e-01,9.932342429078247492e-02,0.000000000000000000e+00,6.263271039130606510e-02,7.741714255568890590e-02,6.141935824222202051e-02,4.966830645054930854e-02,8.897036519261965204e-02,1.116547749363649561e-01,1.631431096105403489e-01,6.271184205320284866e-02,3.209448320430476342e-01,2.518760798174696225e-01,7.981746963322475241e-02,2.147897076085092949e-01,4.533057251757382500e-01,2.547775740870184547e-01,3.968848502433298675e-01,2.848080397768487093e-01,6.467694499030636479e-02,1.805520752278332308e-01,6.851483059230048522e-02,4.306081268216768038e-02,6.430766390145470357e-02,3.261543331179193872e-02,6.912150666684251099e-02,3.162628753808210957e-02,2.652229534573942102e-02,7.220764148081716682e-02,4.511823589148411529e-02,6.798728617965524301e-02,4.502591561927119651e-02,6.608812629413238215e-02,2.172164119066773841e-02,1.874101525922213657e-02,4.190021497434815584e-02,7.691597536367593413e-02,1.185919839626498606e-01,3.897234348416707406e-02,1.212428946361921861e-01,1.688274006567928032e-01,1.958772404151774560e-01,5.143558023291085884e-02,2.582593672104770421e-01,1.097424264405259670e-01,2.070216161323081283e-01,1.350381810268652116e-01,2.909803094047980210e-01,7.609828152407581425e-02,9.892776598129855714e-02,8.192764728380570738e-02,4.217717579098690522e-02,9.425899792938817467e-02,1.341149783047360378e-01,1.715838202128641687e-01,9.750339606715639762e-02,3.161969323292404543e-01,3.027973042480514021e-01,8.145285731242499216e-02,1.930548778075254213e-01,5.928148450997718921e-01,2.644316368384263538e-01,3.750181343391846833e-01,2.581406697176318321e-01,6.589029713939041633e-02,1.982380016617648899e-01
8.717671418962583130e-03,1.817390501562850258e-02,1.523284491513129252e-02,7.570262321459187739e-03,2.795985387019769841e-02,3.432995265288896203e-02,4.097701225221898197e-02,9.996966619627289941e-03,5.096079026153014363e-02,2.765651583292668553e-02,3.715231526054099676e-02,2.321195415639054280e-02,6.261952178098993682e-02,0.000000000000000000e+00,1.800245308151880025e-02,1.442833968584730266e-02,1.171148596072431845e-02,2.050828904158368687e-02,2.615301425688775286e-02,3.798319771045725185e-02,1.419094470015694505e-02,7.442332801392717578e-02,5.842554370046028345e-02,1.846405444258338371e-02,4.957598617833638976e-02,1.045856798069187410e-01,5.933555781227332210e-02,9.185867085185234204e-02,6.591667436002268676e-02,1.512733603260224546e-02,4.164963137834166301e-02,1.569444627619587598e-02,1.003653245057568345e-02,1.469211189216992203e-02,7.491130659562401581e-03,1.599778431346688887e-02,7.385621777033353659e-03,6.304155731110612677e-03,1.641981984358308055e-02,1.032668187753056459e-02,1.577357793809266301e-02,1.040581353942734988e-02,1.549661712145391189e-02,5.051237751078168497e-03,4.404995845587750085e-03,9.284781662556217119e-03,1.787056697835748970e-02,2.716853725122983856e-02,8.836368911807763668e-03,2.786753359798477964e-02,3.930205874207035044e-02,4.499953839863893301e-02,1.200163538767919959e-02,6.049615552009284664e-02,2.550677235139733184e-02,4.803291877134906185e-02,3.115149756670139783e-02,6.702451762657768430e-02,1.779143531646070614e-02,2.289542750880339816e-02,1.891246719333183890e-02,9.838703295833717624e-03,2.198541339699035951e-02,3.109874312543687430e-02,4.023845007451564565e-02,2.203816783825488304e-02,7.409361275602389940e-02,6.983369162391359075e-02,1.852999749416403899e-02,4.469620036136792013e-02,1.355261596085620412e-01,6.184139377233820872e-02,8.682062171109029836e-02,6.031151497566701603e-02,1.516690186355063724e-02,4.559302586286483050e-02
1.163235429882753316e-02,2.278991862627435111e-02,1.921580523060285178e-02,9.390290545085264173e-03,3.447502736636640780e-02,4.250689104889018161e-02,5.072339527583978602e-02,1.222584176305342718e-02,6.238212679529957921e-02,3.339356132044366682e-02,4.573810057634226933e-02,2.867203882726877123e-02,7.741714255568890590e-02,1.800245308151880025e-02,0.000000000000000000e+00,1.747490866887356151e-02,1.404586998667950275e-02,2.551996096171346359e-02,3.204832306819830473e-02,4.664811468815530798e-02,1.845086583226725543e-02,9.297970272872346786e-02,7.330229613705603608e-02,2.380544162061643682e-02,6.207878875802856633e-02,1.324664020152196697e-01,7.448927106550783106e-02,1.137649525869459111e-01,8.140010287116046517e-02,1.847724305289951546e-02,5.224008546219485044e-02,1.936087994408029062e-02,1.251599119000830831e-02,1.852999749416403899e-02,9.311158883188478882e-03,1.967740659166743525e-02,8.981443625285204235e-03,7.807657307149545346e-03,2.033683710747398454e-02,1.297759255107289351e-02,1.962465215040291172e-02,1.283251783759545295e-02,1.858275193542856252e-02,6.079949355736385952e-03,5.380953008981444012e-03,1.284570644791158296e-02,2.199860200730649126e-02,3.435632987352122553e-02,1.118394154807907971e-02,3.452778180763092786e-02,4.805929599198132535e-02,5.611753689513736265e-02,1.514052464291837548e-02,7.423868746950133823e-02,3.059757593342389559e-02,5.912454004721522799e-02,3.936800179365100572e-02,8.273215251308969898e-02,2.162932091845482310e-02,2.881711354074621007e-02,2.379225301030030507e-02,1.185656067420175902e-02,2.712897142028144332e-02,3.841842185088956835e-02,4.977381533307835559e-02,2.872479326853329476e-02,9.181910502090394333e-02,8.817904857365178872e-02,2.437255186421006733e-02,5.545810637933080989e-02,1.718080265882384050e-01,7.645437400261134719e-02,1.072893449217255935e-01,7.413317858697228424e-02,1.880695831080279184e-02,5.701436239663426608e-02
8.612162536433536075e-03,1.789694419898975319e-02,1.494269548817641138e-02,7.491130659562401581e-03,2.719491447186209859e-02,3.355182464423723393e-02,3.994830064756076798e-02,9.482610817298181213e-03,4.951004312675573449e-02,2.646954090447489402e-02,3.601809477335372878e-02,2.218324255173232534e-02,6.141935824222202051e-02,1.442833968584730266e-02,1.747490866887356151e-02,0.000000000000000000e+00,1.114437571713068620e-02,1.988842435672553283e-02,2.529575458633923773e-02,3.727101275338617903e-02,1.396673832478271746e-02,7.302533532041728670e-02,5.734407765453754247e-02,1.789694419898975319e-02,4.862640623557495934e-02,1.021589755087506379e-01,5.832003481793123639e-02,8.952428682589715081e-02,6.453187027682892596e-02,1.462616884058926675e-02,4.068686282526410430e-02,1.524603352544742427e-02,9.746383023620800584e-03,1.438877385489890914e-02,7.240547063555913092e-03,1.578676654840879476e-02,7.200981232607520446e-03,5.987629083523468912e-03,1.579995515872492651e-02,1.016841855373699227e-02,1.529878796671194779e-02,9.944212178362766413e-03,1.488994104691188612e-02,4.879785816968466167e-03,4.286298352742571281e-03,9.311158883188478882e-03,1.761998338235100034e-02,2.691795365522334921e-02,8.625351146749667824e-03,2.690476504490721746e-02,3.844479907152183185e-02,4.407633567650976608e-02,1.154003402661461612e-02,5.888714506152487038e-02,2.458356962926816491e-02,4.678000079131661854e-02,2.995133402793347804e-02,6.558695910211941038e-02,1.732983395539611920e-02,2.217005394141619359e-02,1.885971275206731537e-02,9.469422206982049464e-03,2.156337786687416783e-02,3.074265064690133442e-02,3.940756762459939749e-02,2.172164119066773841e-02,7.241865924587526093e-02,6.863352808514566750e-02,1.817390501562850258e-02,4.374662041860648970e-02,1.325587222874325677e-01,6.041702385819606308e-02,8.500059348746422105e-02,5.886076784089260688e-02,1.515371325323450723e-02,4.502591561927119651e-02
7.148226791342996052e-03,1.440196246521504089e-02,1.206757843925985486e-02,6.027194914471862425e-03,2.236788309615815942e-02,2.670693589016525163e-02,3.285282829748229633e-02,7.702148424620497424e-03,3.967133983092201860e-02,2.112815372644184439e-02,2.937103517402371231e-02,1.808158474341558727e-02,4.966830645054930854e-02,1.171148596072431845e-02,1.404586998667950275e-02,1.114437571713068620e-02,0.000000000000000000e+00,1.631431096105403350e-02,2.073249541695791620e-02,2.975350487319151221e-02,1.161916568851140141e-02,5.862337285520224928e-02,4.609419305487780921e-02,1.478443216438283907e-02,3.936800179365100572e-02,8.282447278530261081e-02,4.663492607783917970e-02,7.226039592208169382e-02,5.160703216702056118e-02,1.183018345356949726e-02,3.290558273874681638e-02,1.237091647653086775e-02,7.860411748414069741e-03,1.163235429882753316e-02,5.816177149413766581e-03,1.287208366854384473e-02,5.789799928781503950e-03,4.866597206652335285e-03,1.301715838202128703e-02,8.176938396001212639e-03,1.235772786621473773e-02,8.203315616633476137e-03,1.210714427020824838e-02,3.969771705155427516e-03,3.376284240929533064e-03,7.702148424620497424e-03,1.413819025889241979e-02,2.156337786687416783e-02,7.108660960394603406e-03,2.231512865489363243e-02,3.043931260963032154e-02,3.611041504556664755e-02,9.350724714136870661e-03,4.693826411511019259e-02,2.004668768051910341e-02,3.816783825488308246e-02,2.474183295306173549e-02,5.324241984622080093e-02,1.408543581762789626e-02,1.772549226488005086e-02,1.492950687786027963e-02,7.715337034936628306e-03,1.739577700697677448e-02,2.454400379831976967e-02,3.130976089049496841e-02,1.801564169183493200e-02,5.773973596402147412e-02,5.495693918731783117e-02,1.499544992944093491e-02,3.531909842659879117e-02,1.074871740764675593e-01,4.833625680862007473e-02,6.893686612241668732e-02,4.730754520396186075e-02,1.218627593210503367e-02,3.614998087651503933e-02
1.271382034475027414e-02,2.594199649182965528e-02,2.149743481529351255e-02,1.074871740764675627e-02,3.949988789681231627e-02,4.866597206652335111e-02,5.846510953140867523e-02,1.383485222162140690e-02,7.178560595070097861e-02,3.858987378499927762e-02,5.237197156535616099e-02,3.232528388483705412e-02,8.897036519261965204e-02,2.050828904158368687e-02,2.551996096171346359e-02,1.988842435672553283e-02,1.631431096105403350e-02,0.000000000000000000e+00,3.669071389947640982e-02,5.357213510412407731e-02,2.100945623359666559e-02,1.059309180591641031e-01,8.253432335834773315e-02,2.656186117668781280e-02,7.084921461825567646e-02,1.495984068158738023e-01,8.423565408912862817e-02,1.297363596797805330e-01,9.316434327314930541e-02,2.099626762328053384e-02,5.937512364322171388e-02,2.255252364058399003e-02,1.403268137636337273e-02,2.079843846853857148e-02,1.060364269416931571e-02,2.257890086121625353e-02,1.037943631879508811e-02,8.691294198330321366e-03,2.354166941429381571e-02,1.474486633343444555e-02,2.190628173509357249e-02,1.465254606122152851e-02,2.132598288118381022e-02,7.069095129446209894e-03,6.053572135104124188e-03,1.399311554541497922e-02,2.532213180697149776e-02,3.847117629215409534e-02,1.270063173443414239e-02,3.965815122060588338e-02,5.535259749680176283e-02,6.438679556335148713e-02,1.698693008717671454e-02,8.521161125252231516e-02,3.563562507418593234e-02,6.815873811376495228e-02,4.431373066220012369e-02,9.516901204120122026e-02,2.482096461495852252e-02,3.235166110546931761e-02,2.698389670680400448e-02,1.362383445656331106e-02,3.086134813974651322e-02,4.395763818366458381e-02,5.635493188082772026e-02,3.240441554673383767e-02,1.042295873283832081e-01,9.932342429078247492e-02,2.718172586154597031e-02,6.327895229679648958e-02,1.942418527359772162e-01,8.721628002057423001e-02,1.228782823153924258e-01,8.469725545019321511e-02,2.158975508750642786e-02,6.458462471809345296e-02
1.610329319599593939e-02,3.283963968716616111e-02,2.741912084723632792e-02,1.353151418435039575e-02,5.002439892908484148e-02,6.110283159463487240e-02,7.320997586484312425e-02,1.744853144824129801e-02,8.982762486316817063e-02,4.838901124988460173e-02,6.620682378697756443e-02,4.088469198000607013e-02,1.116547749363649561e-01,2.615301425688775286e-02,3.204832306819830473e-02,2.529575458633923773e-02,2.073249541695791620e-02,3.669071389947640982e-02,0.000000000000000000e+00,6.756525064953905479e-02,2.588924205056513175e-02,1.336138111127230521e-01,1.049285836751381457e-01,3.349907020297271387e-02,8.920776017831001659e-02,1.883465439246666540e-01,1.068936866122416618e-01,1.640926895533017793e-01,1.174181976445141939e-01,2.715534864091370681e-02,7.537290795668860621e-02,2.766970444324281381e-02,1.783100114740909792e-02,2.660142700763620457e-02,1.338643947087295345e-02,2.883030215106234181e-02,1.304353560265354879e-02,1.099930100365324563e-02,2.875117048916555826e-02,1.854318610448017074e-02,2.827638051778483957e-02,1.839811139100272844e-02,2.723448030281049384e-02,8.836368911807763668e-03,7.913166189678593268e-03,1.731664534507998746e-02,3.183730530314021062e-02,4.948366590612347099e-02,1.610329319599593939e-02,4.995845587750418620e-02,6.996557772707490130e-02,8.110995344420558750e-02,2.136554871213220200e-02,1.080542843200612002e-01,4.453793703757435302e-02,8.591060759927726664e-02,5.548448359996307339e-02,1.199635994355274793e-01,3.152077865555306252e-02,4.083193753874154314e-02,3.392110573308890209e-02,1.714519341097028512e-02,3.939437901428326227e-02,5.605159384355670737e-02,7.222083009113329510e-02,3.996148925787689626e-02,1.328620603247035736e-01,1.255951360405154205e-01,3.419806654972765841e-02,8.013399628081188664e-02,2.430133336850296144e-01,1.105996861110744717e-01,1.561267689223586608e-01,1.077641348931063087e-01,2.792028803924930316e-02,8.221779671076058504e-02
2.280310723659047939e-02,4.771639212376192068e-02,4.000105508882528804e-02,1.982248130514487755e-02,7.252416812840431493e-02,8.965617292905846136e-02,1.062474447067512512e-01,2.537488624823602476e-02,1.322553842501615617e-01,7.086240322857180474e-02,9.610540337364652241e-02,5.908497421626682927e-02,1.631431096105403489e-01,3.798319771045725185e-02,4.664811468815530798e-02,3.727101275338617903e-02,2.975350487319151221e-02,5.357213510412407731e-02,6.756525064953905479e-02,0.000000000000000000e+00,3.712593803990873326e-02,1.956266568191709632e-01,1.527900505123775121e-01,4.772958073407804896e-02,1.297099824591482764e-01,2.729382904923308151e-01,1.558102422747714988e-01,2.388193556044999610e-01,1.725993432072062683e-01,3.907785236669612111e-02,1.092940136897775083e-01,4.070005143558023258e-02,2.583648760930060823e-02,3.874813710879284473e-02,1.945320021629320939e-02,4.161006554739327123e-02,1.904435329649314945e-02,1.610329319599593939e-02,4.242775938699339111e-02,2.689157643459108571e-02,4.068686282526410430e-02,2.654867256637168105e-02,3.963177399997361988e-02,1.293802672012450000e-02,1.152684541629848437e-02,2.478139878401012727e-02,4.691188689447792909e-02,7.208894398797198455e-02,2.301412500164857697e-02,7.189111483323001872e-02,1.025678224285506979e-01,1.172599343207206268e-01,3.087453675006264497e-02,1.571686691373329892e-01,6.546826160927422811e-02,1.247378763699669019e-01,8.001529878796671824e-02,1.743402397689355343e-01,4.593592973108423516e-02,5.957295279796367971e-02,5.024860530445907081e-02,2.511111404191340365e-02,5.737045487516980596e-02,8.212547643854767321e-02,1.058254091766350630e-01,5.764741569180855535e-02,1.941890982947126754e-01,1.833612492251691373e-01,4.861321762525882412e-02,1.167455785183915129e-01,3.545230339079171178e-01,1.625496221463144375e-01,2.275299051738918221e-01,1.573928755127072254e-01,4.051541089115440197e-02,1.197393930601532569e-01
9.785948854569194097e-03,1.856956332511243424e-02,1.536473101829260307e-02,7.464753438930139817e-03,2.799941970114609019e-02,3.447502736636640780e-02,4.168919720929005479e-02,9.799137464885325846e-03,5.048600029014942842e-02,2.748506389881698320e-02,3.713912665022486848e-02,2.376587578966804157e-02,6.271184205320284866e-02,1.419094470015694505e-02,1.845086583226725543e-02,1.396673832478271746e-02,1.161916568851140141e-02,2.100945623359666559e-02,2.588924205056513175e-02,3.712593803990873326e-02,0.000000000000000000e+00,7.524102185352729566e-02,5.892671089247326216e-02,2.040278015905463982e-02,5.103992192342692719e-02,1.091225617556677990e-01,6.035108080661540780e-02,9.209606583754269271e-02,6.538912994737744455e-02,1.488994104691188612e-02,4.255964549015470166e-02,1.601097292378302062e-02,1.003653245057568345e-02,1.479762077469897082e-02,7.623016762723712134e-03,1.560212600398296068e-02,7.187792622291389565e-03,6.290967120794481796e-03,1.697374147686058279e-02,1.039262492911121986e-02,1.558893739366682893e-02,1.053769964258866043e-02,1.458660300964087497e-02,4.932540258232989694e-03,4.259921132110309518e-03,1.131582765124038853e-02,1.800245308151880025e-02,2.770927027419120905e-02,9.139706949078774817e-03,2.839507801063001838e-02,3.855030795405087890e-02,4.600187278266489044e-02,1.259512285190509534e-02,5.995542249713147614e-02,2.519024570381019068e-02,4.857365179431043234e-02,3.359139047518563265e-02,6.660248209646149609e-02,1.748809727918969326e-02,2.350210358334542393e-02,1.934769133376416234e-02,9.654062751407883544e-03,2.203816783825488304e-02,3.109874312543687430e-02,3.952626511744457283e-02,2.462313546021655669e-02,7.357925695369478547e-02,7.111298682457829756e-02,2.136554871213220200e-02,4.506548145021958829e-02,1.402081162707885520e-01,6.106326576368648062e-02,8.717671418962584517e-02,5.965208445986046326e-02,1.535154240797647132e-02,4.627883359930363982e-02
