0.000000000000000000e+00,1.861018100645411844e-02,1.118551948367059803e-02,6.830203328965885751e-03,2.443344494589217222e-02,3.580094142767020760e-02,3.225845586451205754e-02,7.351870723540544252e-03,3.884602319600136133e-02,2.223758916872907096e-02,2.979570049012471647e-02,2.027223758916872967e-02,4.972824768282622238e-02,1.381812005629155099e-02,1.522540884165574787e-02,1.040908429174552258e-02,7.327607123792885535e-03,1.790653661377201999e-02,1.613529383219294497e-02,2.887368369971369045e-02,1.888921240355219064e-02,5.368321444169456974e-02,4.876983549279371305e-02,2.127917697869655816e-02,4.426893773960304673e-02,9.858300577473673443e-02,4.505750473140195111e-02,6.687048090454700278e-02,5.335565584510117837e-02,1.289610326588052670e-02,3.469694763915174424e-02,1.367253845780560043e-02,9.268695103605570709e-03,1.250788566991798897e-02,7.703692919881593472e-03,1.466734604745960173e-02,5.871791138933372088e-03,5.095355947008298365e-03,1.381812005629155099e-02,1.074877468821274287e-02,1.158586887950696295e-02,9.523462900955985064e-03,1.093075168632018195e-02,3.433299364293686696e-03,3.287717765807735264e-03,1.118551948367059803e-02,1.531033144077255381e-02,2.056340078614063080e-02,7.849274518367544903e-03,2.495511234046683333e-02,3.062066288154510763e-02,3.387198524773135655e-02,1.039695249187169365e-02,4.659824331537826964e-02,2.205561217062163362e-02,3.615276362401125682e-02,2.514922113844809959e-02,5.197263065948463934e-02,1.892560780317367741e-02,1.602610763332848118e-02,1.837967680885136193e-02,9.353617702722376651e-03,1.919250740039792416e-02,1.828262240986072706e-02,2.898286989857815424e-02,2.336584655699519564e-02,5.239724365506866904e-02,6.061047216965109036e-02,1.913184840102877607e-02,3.682001261707187195e-02,1.128014752268646642e-01,4.991022468093366665e-02,6.739214829912165694e-02,4.747173290629397996e-02,1.205900907458630489e-02,3.786334740622118722e-02
1.861018100645411844e-02,0.000000000000000000e+00,1.903479400203814120e-02,1.140389188139952388e-02,4.153928276799145891e-02,6.108361236473042882e-02,5.502984422768961853e-02,1.220459067307225719e-02,6.626389091085553573e-02,3.759644780899694394e-02,5.048041927500363651e-02,3.299849565681564623e-02,8.499538991604795035e-02,2.396030475081283029e-02,2.499150774008832010e-02,1.778521861503372728e-02,1.243509487067501369e-02,3.060853108167127523e-02,2.702965011889163841e-02,4.895181249090115039e-02,3.104527587712913039e-02,9.083078565535983306e-02,8.249623914203911557e-02,3.446644344154899120e-02,7.488960062114814742e-02,1.630635221041393801e-01,7.661231620323191716e-02,1.140267870141214168e-01,9.148590284854661581e-02,2.189789877226185413e-02,5.819624399475906151e-02,2.322026495850924507e-02,1.551657203862765073e-02,2.063619158538360782e-02,1.268986266802542805e-02,2.539185713592468502e-02,9.899548697044693868e-03,8.662105109914107134e-03,2.349929635560731728e-02,1.811277721162711865e-02,1.908332120153346037e-02,1.573494443635657658e-02,1.892560780317367741e-02,5.932450138302518446e-03,5.386519143980201228e-03,1.827049060998689814e-02,2.597418352986849074e-02,3.472121123889940209e-02,1.324792546222157592e-02,4.227932256029504759e-02,5.208181685834910313e-02,5.761391760081525926e-02,1.742126461881884913e-02,7.863832678216139960e-02,3.749939341000630560e-02,6.119279856359489261e-02,4.130877857038870588e-02,8.932644247100500479e-02,3.216140146552142615e-02,2.659290532343378324e-02,3.106953947687678824e-02,1.596544863395933309e-02,3.257388266123162346e-02,3.065705828116659440e-02,4.926723928762070936e-02,3.871257339738923969e-02,8.918086087251904381e-02,1.027684767312078418e-01,3.132430727422720607e-02,6.306109574416460251e-02,1.902144902217693112e-01,8.367302372980055247e-02,1.153855485999902980e-01,8.156209055175425715e-02,2.067258698500509459e-02,6.336439074101034297e-02
1.118551948367059803e-02,1.903479400203814120e-02,0.000000000000000000e+00,6.878730528461202316e-03,2.552530693453680666e-02,3.793613820546416077e-02,3.388411704760518200e-02,7.400397923035861684e-03,4.161207356723443246e-02,2.329305575775221862e-02,3.148202067258698555e-02,2.040568738778085131e-02,5.278546125103120157e-02,1.484932304556704080e-02,1.532246324064638274e-02,1.101567428543698789e-02,7.715824719755423264e-03,1.910758480128111822e-02,1.708157422235162884e-02,3.037802688406851873e-02,1.887708060367836171e-02,5.684961420876401272e-02,5.120832726743339974e-02,2.072111418450041376e-02,4.679235211335953937e-02,1.008516523511428092e-01,4.771436890377056539e-02,7.012180327073325170e-02,5.734701800359101598e-02,1.353908865919347879e-02,3.616489542388508921e-02,1.404862425389430750e-02,9.438540301839180857e-03,1.259280826903479318e-02,7.849274518367544903e-03,1.561362643761828560e-02,6.041636337166982236e-03,5.289464744989566362e-03,1.425486485174940615e-02,1.091861988644635302e-02,1.159800067938079361e-02,9.669044499441937363e-03,1.137962828165186603e-02,3.530353763284320694e-03,3.299849565681564623e-03,1.108846508467996317e-02,1.626874363080506661e-02,2.192216237200951198e-02,8.140437715339447766e-03,2.597418352986849074e-02,3.284078225845586674e-02,3.550977823069830647e-02,1.073664288833891395e-02,4.920658028825156821e-02,2.302615616052797534e-02,3.840927840054350617e-02,2.500363953996214902e-02,5.540593002377832560e-02,1.962925219585577585e-02,1.657203862765079666e-02,1.907118940165963145e-02,9.802494298054059002e-03,1.989615179308002260e-02,1.910758480128111822e-02,3.056000388217595953e-02,2.347503275585965943e-02,5.578201581986703267e-02,6.454117532877177987e-02,1.892560780317367741e-02,3.901586839423496628e-02,1.182243897704663427e-01,5.182704906099869224e-02,7.171106905420487898e-02,5.069879167273256410e-02,1.287183966613286712e-02,3.882175959625370348e-02
6.830203328965885751e-03,1.140389188139952388e-02,6.878730528461202316e-03,0.000000000000000000e+00,1.504343184354830880e-02,2.224972096860290335e-02,1.996894259232299615e-02,4.428106953947687566e-03,2.393604115106517244e-02,1.363614305818411192e-02,1.825835881011306921e-02,1.209540447420779340e-02,3.109380307662444956e-02,8.601446110544960777e-03,9.135245304993449070e-03,6.466249332751006738e-03,4.500897753190663715e-03,1.114912408404910953e-02,9.681176299315766287e-03,1.755471441743097077e-02,1.131896928228271967e-02,3.270733245984374510e-02,3.009899548697044652e-02,1.271412626777308763e-02,2.733294511573737193e-02,5.984616877759984382e-02,2.770903091182607900e-02,4.136943756975784703e-02,3.291357305769884029e-02,7.776483719124569621e-03,2.132770417819187733e-02,8.637841510166447551e-03,5.750473140195079373e-03,7.643033920512447114e-03,4.719270150919590429e-03,9.147377104867277994e-03,3.603144562527296410e-03,3.166399767069442549e-03,8.747027709030911341e-03,6.769544329596739393e-03,7.084971126316300105e-03,5.774736739942738090e-03,6.769544329596739393e-03,2.159460377541611888e-03,1.928956179938855816e-03,6.818071529092055959e-03,9.474935701460669366e-03,1.260494006890862384e-02,4.925510748774688217e-03,1.550444023875382181e-02,1.876789440481389792e-02,2.109719998058912083e-02,6.490512932498665455e-03,2.858252050274178585e-02,1.356335225894113664e-02,2.204348037074780470e-02,1.516474984228660151e-02,3.258601446110544891e-02,1.171931867811908633e-02,9.826757897801718586e-03,1.139176008152569496e-02,5.750473140195079373e-03,1.190129567622652540e-02,1.105206968505847466e-02,1.772455961566457919e-02,1.442471004998301630e-02,3.228271946425971539e-02,3.765710680836609203e-02,1.171931867811908633e-02,2.292910176153734048e-02,6.987916727325665933e-02,3.042655408356383789e-02,4.185470956471101789e-02,2.943174649390983486e-02,7.448925122531179117e-03,2.348716455573348835e-02
2.443344494589217222e-02,4.153928276799145891e-02,2.552530693453680666e-02,1.504343184354830880e-02,0.000000000000000000e+00,8.127092735478234908e-02,7.414956082884456567e-02,1.624448003105740876e-02,8.829523948172951497e-02,5.098995486970447216e-02,6.768331149609356501e-02,4.439025573834134292e-02,1.142208958121026796e-01,3.177318386955888668e-02,3.298636385694181383e-02,2.375406415295773163e-02,1.677827922550589532e-02,4.084777017518319286e-02,3.638326782161401679e-02,6.535400592031834210e-02,4.150288736836996867e-02,1.213422623380404769e-01,1.104357742514679441e-01,4.540932692774300034e-02,1.000266899597224285e-01,2.164434415489882024e-01,1.022346775367593552e-01,1.526059106128985210e-01,1.226403649245402100e-01,2.929829669529771322e-02,7.782549619061483737e-02,3.120298927548890988e-02,2.050274178677148618e-02,2.724802251662056599e-02,1.705731062260397099e-02,3.376279904886689276e-02,1.306594846411413512e-02,1.152520988013781660e-02,3.144562527296549531e-02,2.388751395156985327e-02,2.522201193769107661e-02,2.097588198185082811e-02,2.517348473819575744e-02,7.885669917989033412e-03,7.279079924297568970e-03,2.404522734992963623e-02,3.456349784053962260e-02,4.637987091764934205e-02,1.759110981705245755e-02,5.708011840636676576e-02,6.935749987868200517e-02,7.753433299364294318e-02,2.320813315863541615e-02,1.050249915077400842e-01,5.125685446692871544e-02,8.267821614014654596e-02,5.512689862668025687e-02,1.196316785558305396e-01,4.295870335322948819e-02,3.513369243460959940e-02,4.128451497064104109e-02,2.152181297617314359e-02,4.318920755083224122e-02,4.095695637404765665e-02,6.547532391905662441e-02,5.170573106226039606e-02,1.190493521618867373e-01,1.376231377687193724e-01,4.156354636773911676e-02,8.423108652399670382e-02,2.528145775707283938e-01,1.114063182413742858e-01,1.555175425826175462e-01,1.091012762653467277e-01,2.814577570728393416e-02,8.419469112437520664e-02
3.580094142767020760e-02,6.108361236473042882e-02,3.793613820546416077e-02,2.224972096860290335e-02,8.127092735478234908e-02,0.000000000000000000e+00,1.086523996700150402e-01,2.380259135245305080e-02,1.311326248362207070e-01,7.330033483767652014e-02,9.861940117435823161e-02,6.372834473722521764e-02,1.681588780511476811e-01,4.741107390692483187e-02,4.870917649342456496e-02,3.536419663221235243e-02,2.457902654437812279e-02,6.028291357305769899e-02,5.356189644295627356e-02,9.631435919833065962e-02,6.030717717280535684e-02,1.794293201339350607e-01,1.632091037026253133e-01,6.636094530984616713e-02,1.482869898578152990e-01,3.197457174746445308e-01,1.512107536274081565e-01,2.244382976658416962e-01,1.821104479060513537e-01,4.297083515310331364e-02,1.143422138108409758e-01,4.576114912408404956e-02,3.025670888533022601e-02,4.008346678313194633e-02,2.487018974135002738e-02,5.037123307613917272e-02,1.948367059736982529e-02,1.686320182462270126e-02,4.556704032610277982e-02,3.552191003057213886e-02,3.703838501480079259e-02,3.048721308293298252e-02,3.747512981025864776e-02,1.154947347988547618e-02,1.046974329111466893e-02,3.543698743145533292e-02,5.106274566894744571e-02,6.888435968360265282e-02,2.602271072936380991e-02,8.264182074052506266e-02,1.034963847236376050e-01,1.127408162274955161e-01,3.446644344154899120e-02,1.561120007764351947e-01,7.291211724171398068e-02,1.199956325520454281e-01,7.922065317610520185e-02,1.762629203668656386e-01,6.341291794050565866e-02,5.225166205658271501e-02,6.084097636725384339e-02,3.113019847624593633e-02,6.353423593924394097e-02,6.031930897267918923e-02,9.756393458533507701e-02,7.490173242102197981e-02,1.767481923618187956e-01,2.044814868733925428e-01,6.068326296889406390e-02,1.237928859125539821e-01,3.729557917212597551e-01,1.649803464842043987e-01,2.283932644247100574e-01,1.621779007133498374e-01,4.130877857038870588e-02,1.236715679138156998e-01
3.225845586451205754e-02,5.502984422768961853e-02,3.388411704760518200e-02,1.996894259232299615e-02,7.414956082884456567e-02,1.086523996700150402e-01,0.000000000000000000e+00,2.166739457465909763e-02,1.181879943708448594e-01,6.764691609647206783e-02,9.027272286116368172e-02,5.864512059009074907e-02,1.520963750181976992e-01,4.267967195613141251e-02,4.386858834376668181e-02,3.156694327170379150e-02,2.238317076721502499e-02,5.431406803513369463e-02,4.830882709758820004e-02,8.730043189207550847e-02,5.505410782743727638e-02,1.621657689134760050e-01,1.469524918716940964e-01,6.018585917406706759e-02,1.336317756102295418e-01,2.874387344106371645e-01,1.363856941815887736e-01,2.036929198815936315e-01,1.638763526956859284e-01,3.927063619158538410e-02,1.033022759256563283e-01,4.156354636773911676e-02,2.721162711699907921e-02,3.586160042703935569e-02,2.251662056582714663e-02,4.538506332799534249e-02,1.757897801717862862e-02,1.533459504052021166e-02,4.226719076042121520e-02,3.172465667006357098e-02,3.344737225214732684e-02,2.808511670791478607e-02,3.375066724899306037e-02,1.055466589023147488e-02,9.584121900325131421e-03,3.184597466880186023e-02,4.596738972193914474e-02,6.199349735526762939e-02,2.351142815548114620e-02,7.592080361042363723e-02,9.302664143252292739e-02,1.037875479206094992e-01,3.081477167952637389e-02,1.403042655408356376e-01,6.801087009268695638e-02,1.100839520551269018e-01,7.303343524045227686e-02,1.603459989324016177e-01,5.745620420245547283e-02,4.656184791575677939e-02,5.484786722958218119e-02,2.866744310185859179e-02,5.768670840005823280e-02,5.438685883437666818e-02,8.723977289270636037e-02,6.853253748726161054e-02,1.587082059494346609e-01,1.826927742999951421e-01,5.477507643033920764e-02,1.123404668316591443e-01,3.355413209103702554e-01,1.481414082593293657e-01,2.073081962439947690e-01,1.461153976803998555e-01,3.757218420924928609e-02,1.116853496384723615e-01
7.351870723540544252e-03,1.220459067307225719e-02,7.400397923035861684e-03,4.428106953947687566e-03,1.624448003105740876e-02,2.380259135245305080e-02,2.166739457465909763e-02,0.000000000000000000e+00,2.586499733100402695e-02,1.459455524821662471e-02,1.972630659484641072e-02,1.299315766487115983e-02,3.313194545542776787e-02,9.450672101713009782e-03,9.851021497549376435e-03,6.939389527830348674e-03,4.864851749405541860e-03,1.191342747610035432e-02,1.066385208909593867e-02,1.907118940165963145e-02,1.215606347357693975e-02,3.561896442956277026e-02,3.236764206337652133e-02,1.363614305818411192e-02,2.934682389479303238e-02,6.432280293104285229e-02,2.996554568835832488e-02,4.453583733682729001e-02,3.591012762653467139e-02,8.528655311301985495e-03,2.286844276216819585e-02,9.062454505750473788e-03,6.102295336536128594e-03,8.079778715970301409e-03,4.925510748774688217e-03,1.000873489590915766e-02,3.857912359877711632e-03,3.336244965303052264e-03,9.183772504488766503e-03,7.097102926190129897e-03,7.509584121900325475e-03,6.150822536031446026e-03,7.497452322026495683e-03,2.341437375649051394e-03,2.110933178046294888e-03,7.145630125685446463e-03,1.015431649439510822e-02,1.352695685931964813e-02,5.240937545494249797e-03,1.654777502790313881e-02,2.051487358664531510e-02,2.262580676469161042e-02,6.708885330227592168e-03,3.086329887902169306e-02,1.459455524821662471e-02,2.389964575144368567e-02,1.617168923181443174e-02,3.506090163536662585e-02,1.272625806764691656e-02,1.036055709225020688e-02,1.213179987382928190e-02,6.090163536662298802e-03,1.270199446789925697e-02,1.207114087446013555e-02,1.931382539913621688e-02,1.500703644392682029e-02,3.485466103751152372e-02,4.011986218275343657e-02,1.224098607269374570e-02,2.480953074198087929e-02,7.430727422720434516e-02,3.292570485757267268e-02,4.532440432862619439e-02,3.199155626728781426e-02,8.104042315717959258e-03,2.465181734362109980e-02
3.884602319600136133e-02,6.626389091085553573e-02,4.161207356723443246e-02,2.393604115106517244e-02,8.829523948172951497e-02,1.311326248362207070e-01,1.181879943708448594e-01,2.586499733100402695e-02,0.000000000000000000e+00,7.988790216916581699e-02,1.074756150822536033e-01,6.970932207502304745e-02,1.827170378997428069e-01,5.123259086718105759e-02,5.313728344737225079e-02,3.851846459940796996e-02,2.684767312078420107e-02,6.613044111224340715e-02,5.866938418983840692e-02,1.055102635026932550e-01,6.551171931867812159e-02,1.964866307565390491e-01,1.773426505556364441e-01,7.219634104915804984e-02,1.613893337215509260e-01,3.482433153782695245e-01,1.650652690833211977e-01,2.430120832726743452e-01,1.992041539282768114e-01,4.685301111272868746e-02,1.246785073033435248e-01,4.908526228951327203e-02,3.257388266123162346e-02,4.340757994856116880e-02,2.700538651914398056e-02,5.428980443538603678e-02,2.101227738147231489e-02,1.842820400834667763e-02,4.941282088610666340e-02,3.836075120104819047e-02,4.027757558111321606e-02,3.327752705391372190e-02,4.011986218275343657e-02,1.233804047168437883e-02,1.134323288203037752e-02,3.837288300092201593e-02,5.561217062163342773e-02,7.547192701509196355e-02,2.800019410879798012e-02,8.956907846848158328e-02,1.131896928228271898e-01,1.228708691221429561e-01,3.722036201290823687e-02,1.706216334255350187e-01,7.951181637307710992e-02,1.315451060319308974e-01,8.588101130683747919e-02,1.926408501965351516e-01,6.826563789003736726e-02,5.669190081040423324e-02,6.605765031300044055e-02,3.392051244722667225e-02,6.905420488183626471e-02,6.589993691464066106e-02,1.062381714951230183e-01,8.087057795894599110e-02,1.932595719901004649e-01,2.225336050856505099e-01,6.566943271703790108e-02,1.347964283981171463e-01,4.059906827776968985e-01,1.795506381326733569e-01,2.495147280050468153e-01,1.769423011598000584e-01,4.502110933178046087e-02,1.344931334012714197e-01
2.223758916872907096e-02,3.759644780899694394e-02,2.329305575775221862e-02,1.363614305818411192e-02,5.098995486970447216e-02,7.330033483767652014e-02,6.764691609647206783e-02,1.459455524821662471e-02,7.988790216916581699e-02,0.000000000000000000e+00,6.195710195564613915e-02,4.043528897947299555e-02,1.035691755228805716e-01,2.932256029504537453e-02,3.017178628621342354e-02,2.167952637453292655e-02,1.524967244140340746e-02,3.736594361139418397e-02,3.299849565681564623e-02,5.999175037608579786e-02,3.764497500849225964e-02,1.109089144465472965e-01,1.002207987577036913e-01,4.109040617265977829e-02,9.158295724753724720e-02,1.974450429465715584e-01,9.248071043820060844e-02,1.392973261513077987e-01,1.121706216334255324e-01,2.702965011889163841e-02,7.098316106177512963e-02,2.789100790993351633e-02,1.831901780948221384e-02,2.432425874702770843e-02,1.511622264279128408e-02,3.096035327801232445e-02,1.185276847673120797e-02,1.029989809288106052e-02,2.829135730576988472e-02,2.159460377541612061e-02,2.262580676469161042e-02,1.892560780317367741e-02,2.286844276216819585e-02,7.157761925559276255e-03,6.611830931236958170e-03,2.183723977289270604e-02,3.137283447372252176e-02,4.197602756344931407e-02,1.600184403358082333e-02,5.199689425923229719e-02,6.292764594555248781e-02,7.076478866404620205e-02,2.056340078614063080e-02,9.518610181006453841e-02,4.695006551171931886e-02,7.553258601446111165e-02,5.050468287475130130e-02,1.094409666618139515e-01,3.918571359246857816e-02,3.207647886640462020e-02,3.729315281215121042e-02,1.976270199446790096e-02,3.930703159120687434e-02,3.708691221429611523e-02,5.945795118163730436e-02,4.697432911146697671e-02,1.083733682729169645e-01,1.237079633134371831e-01,3.708691221429611523e-02,7.683068860096084474e-02,2.291818314165089410e-01,1.011185519483670664e-01,1.424151987188819468e-01,9.886203717183481010e-02,2.579220653176105341e-02,7.606638520890959820e-02
2.979570049012471647e-02,5.048041927500363651e-02,3.148202067258698555e-02,1.825835881011306921e-02,6.768331149609356501e-02,9.861940117435823161e-02,9.027272286116368172e-02,1.972630659484641072e-02,1.074756150822536033e-01,6.195710195564613915e-02,0.000000000000000000e+00,5.415635463677391515e-02,1.386422089581210160e-01,3.897947299461348297e-02,4.036249818023002200e-02,2.907992429756878563e-02,2.038142378803319346e-02,4.999514728005046565e-02,4.479060513417770784e-02,7.968166157131072180e-02,5.062600087348959055e-02,1.485417576551657237e-01,1.347236375988741797e-01,5.527248022516620396e-02,1.222278837288300057e-01,2.646794778473334220e-01,1.245450575047313962e-01,1.855922744698403348e-01,1.498277284417916244e-01,3.576454602804872429e-02,9.507691561120007462e-02,3.737807541126801636e-02,2.501577133983597795e-02,3.332605425340903760e-02,2.073324598437424268e-02,4.123598777114572539e-02,1.596544863395933309e-02,1.392730625515601478e-02,3.758431600912311155e-02,2.915271509681176265e-02,3.091182607851700875e-02,2.544038433542000419e-02,3.070558548066191010e-02,9.523462900955985064e-03,8.892609307516863640e-03,2.915271509681176265e-02,4.233998155966418875e-02,5.699519580724996676e-02,2.144902217693017005e-02,6.918765468044839329e-02,8.472849031882370707e-02,9.387586742369097292e-02,2.808511670791478607e-02,1.283544426651137826e-01,6.189644295627699105e-02,1.009365749502596221e-01,6.708885330227593036e-02,1.452540398893579776e-01,5.238511185519483665e-02,4.292230795360799794e-02,5.024991507740088348e-02,2.603484252923763884e-02,5.244577085456398474e-02,5.006793807929344614e-02,7.988790216916581699e-02,6.244237395059931001e-02,1.452419080894841452e-01,1.677100014558159935e-01,5.024991507740088348e-02,1.025501043334789142e-01,3.085238025913524806e-01,1.360945309846168794e-01,1.891711554326199751e-01,1.323822002232251105e-01,3.422380744407240577e-02,1.025137089338574309e-01
2.027223758916872967e-02,3.299849565681564623e-02,2.040568738778085131e-02,1.209540447420779340e-02,4.439025573834134292e-02,6.372834473722521764e-02,5.864512059009074907e-02,1.299315766487115983e-02,6.970932207502304745e-02,4.043528897947299555e-02,5.415635463677391515e-02,0.000000000000000000e+00,8.990876886494880704e-02,2.556170233415829690e-02,2.679914592128888190e-02,1.891347600329984849e-02,1.326005726209540485e-02,3.242830106274566943e-02,2.894647449895666400e-02,5.204542145872761982e-02,3.347163585189498469e-02,9.648420439656427150e-02,8.784636288639782742e-02,3.725675741252972017e-02,7.970592517105837271e-02,1.755592759741835263e-01,8.083418255932450780e-02,1.216212937351385387e-01,9.706653079050807376e-02,2.347503275585965943e-02,6.260008734895909643e-02,2.473673994273790575e-02,1.630513903042655338e-02,2.188576697238802521e-02,1.351482505944581920e-02,2.679914592128888190e-02,1.040908429174552258e-02,9.062454505750473788e-03,2.491871694084534308e-02,1.909545300140728930e-02,2.040568738778085131e-02,1.688746542437035911e-02,1.982336099383704558e-02,6.211481535400592384e-03,5.968845537924006087e-03,2.017518319017809481e-02,2.747852671422332249e-02,3.678361721745038171e-02,1.408501965351579600e-02,4.534866792837385224e-02,5.470228563109622716e-02,6.158101615955743208e-02,1.837967680885136193e-02,8.307856553598291782e-02,4.032610278060853176e-02,6.585140971514534536e-02,4.509390013102344136e-02,9.444606201776095666e-02,3.428446644344154692e-02,2.857038870286795693e-02,3.265880526034842246e-02,1.709370602222545776e-02,3.450283884117047450e-02,3.269520065996991270e-02,5.198476245935847173e-02,4.183044596496336004e-02,9.443393021788712427e-02,1.084340272722861126e-01,3.361721745038093873e-02,6.656718590770126232e-02,2.029650118891638821e-01,8.886543407579948484e-02,1.234774591158344231e-01,8.535934391226282503e-02,2.220119376910758419e-02,6.734362109962634124e-02
4.972824768282622238e-02,8.499538991604795035e-02,5.278546125103120157e-02,3.109380307662444956e-02,1.142208958121026796e-01,1.681588780511476811e-01,1.520963750181976992e-01,3.313194545542776787e-02,1.827170378997428069e-01,1.035691755228805716e-01,1.386422089581210160e-01,8.990876886494880704e-02,0.000000000000000000e+00,6.588780511476682866e-02,6.779249769495802880e-02,4.903673509001795633e-02,3.444217984180132641e-02,8.443732712185179901e-02,7.471975542291454941e-02,1.347236375988741797e-01,8.449798612122094710e-02,2.504003493958363857e-01,2.273499296355607213e-01,9.288105983403698029e-02,2.070170330470228470e-01,4.455767457660018693e-01,2.108506818071529121e-01,3.137768719367205472e-01,2.541733391565972888e-01,6.047702237103896872e-02,1.598971223370699302e-01,6.440772553015965129e-02,4.217013636143058380e-02,5.550298442276896393e-02,3.463628863978259614e-02,7.006114427136410361e-02,2.712670451788227327e-02,2.372980055321007378e-02,6.519629252195856262e-02,4.927937108749454176e-02,5.172999466200805391e-02,4.308002135196777743e-02,5.181491726112485985e-02,1.625661183093123768e-02,1.476440044645023486e-02,4.925510748774688391e-02,7.132285145824233952e-02,9.614451400009704773e-02,3.656524481972145413e-02,1.165744649876255673e-01,1.439195419032367751e-01,1.588901829475420913e-01,4.775076430339204869e-02,2.170500315426796833e-01,1.038846023196001306e-01,1.689959722424418942e-01,1.119886446353181020e-01,2.470883680302809748e-01,8.848934827971077777e-02,7.253603144562527361e-02,8.493473091667880226e-02,4.384432474401902396e-02,8.913233367302372812e-02,8.396418692677246054e-02,1.350148007958460739e-01,1.057892948997913307e-01,2.459115834425195379e-01,2.842359392439462451e-01,8.467996311932837750e-02,1.734604745960110772e-01,5.206361915853836564e-01,2.293880720143640639e-01,3.197578492745183909e-01,2.254331052554957027e-01,5.765031300043674256e-02,1.729994662008055573e-01
1.381812005629155099e-02,2.396030475081283029e-02,1.484932304556704080e-02,8.601446110544960777e-03,3.177318386955888668e-02,4.741107390692483187e-02,4.267967195613141251e-02,9.450672101713009782e-03,5.123259086718105759e-02,2.932256029504537453e-02,3.897947299461348297e-02,2.556170233415829690e-02,6.588780511476682866e-02,0.000000000000000000e+00,1.904692580191197013e-02,1.379385645654389314e-02,9.681176299315766287e-03,2.372980055321007378e-02,2.136409957781336411e-02,3.762071140874460179e-02,2.368127335371475808e-02,7.067986606492938917e-02,6.384966273596351383e-02,2.618042412772358940e-02,5.779589459892269659e-02,1.248847479011986200e-01,5.883922938807201186e-02,8.852574367933226107e-02,7.165041005483573089e-02,1.731207841995438534e-02,4.479060513417770784e-02,1.788227301402436215e-02,1.157373707963313403e-02,1.535885864026786951e-02,9.729703498811083720e-03,1.966564759547726610e-02,7.448925122531179117e-03,6.563303731741641604e-03,1.788227301402436215e-02,1.342990246032901500e-02,1.427912845149706400e-02,1.186490027660503689e-02,1.442471004998301630e-02,4.428106953947687566e-03,4.209734556218760852e-03,1.361187945843645407e-02,2.028436938904255860e-02,2.694472751977483246e-02,9.984471296161498075e-03,3.291357305769884029e-02,4.060513417770660743e-02,4.443878293783665862e-02,1.349056145969816135e-02,6.064686756927258060e-02,2.946814189353132510e-02,4.796913670112097627e-02,3.163973407094676504e-02,6.886009608385500191e-02,2.462755374387344195e-02,2.057553258601445972e-02,2.372980055321007378e-02,1.254428106953947748e-02,2.482166254185470822e-02,2.389964575144368567e-02,3.811811520357160504e-02,2.941961469403600593e-02,6.928470907943902468e-02,8.006987916727326127e-02,2.364487795409326784e-02,4.843014509632648928e-02,1.459698160819139223e-01,6.432280293104285229e-02,8.990876886494880704e-02,6.308535934391226729e-02,1.630513903042655338e-02,4.775076430339204869e-02
1.522540884165574787e-02,2.499150774008832010e-02,1.532246324064638274e-02,9.135245304993449070e-03,3.298636385694181383e-02,4.870917649342456496e-02,4.386858834376668181e-02,9.851021497549376435e-03,5.313728344737225079e-02,3.017178628621342354e-02,4.036249818023002200e-02,2.679914592128888190e-02,6.779249769495802880e-02,1.904692580191197013e-02,0.000000000000000000e+00,1.419420585238025979e-02,1.004513029553064443e-02,2.434852234677536628e-02,2.197068957150482768e-02,3.933129519095453219e-02,2.511282573882661281e-02,7.309409423982142495e-02,6.626389091085553573e-02,2.813364390741010176e-02,6.002814577570728116e-02,1.323579366234774457e-01,6.154462075993594183e-02,9.081865385548600067e-02,7.353083903527928011e-02,1.760324161692628647e-02,4.685301111272868746e-02,1.847673120784199680e-02,1.241083127092735411e-02,1.653564322802930989e-02,1.026350269325957201e-02,2.027223758916872967e-02,7.982724316979666543e-03,6.818071529092055959e-03,1.868297180569709198e-02,1.441257825010918564e-02,1.524967244140340746e-02,1.262920366865628169e-02,1.501916824380065095e-02,4.670742951424272996e-03,4.318920755083223775e-03,1.480079584607172337e-02,2.086669578298636432e-02,2.790313970980734873e-02,1.057892948997913272e-02,3.373853544911922797e-02,4.218226816130440926e-02,4.597952152181297714e-02,1.393943805502984370e-02,6.337652254088416148e-02,2.977143689037705515e-02,4.891541709127966014e-02,3.298636385694181383e-02,7.137137865773765522e-02,2.565875673314892830e-02,2.135196777793953518e-02,2.485805794147619846e-02,1.276265346726840333e-02,2.610763332848061238e-02,2.466394914349492873e-02,3.963459018780025878e-02,3.089969427864317983e-02,7.162614645508807998e-02,8.233852574367933608e-02,2.517348473819575744e-02,5.039549667588683751e-02,1.521206386179453640e-01,6.748920269811228834e-02,9.215315184160721707e-02,6.536613772019217450e-02,1.647498422866016526e-02,5.061386907361576509e-02
1.040908429174552258e-02,1.778521861503372728e-02,1.101567428543698789e-02,6.466249332751006738e-03,2.375406415295773163e-02,3.536419663221235243e-02,3.156694327170379150e-02,6.939389527830348674e-03,3.851846459940796996e-02,2.167952637453292655e-02,2.907992429756878563e-02,1.891347600329984849e-02,4.903673509001795633e-02,1.379385645654389314e-02,1.419420585238025979e-02,0.000000000000000000e+00,7.206289125054592820e-03,1.746979181831416483e-02,1.572281263648274766e-02,2.837627990488669066e-02,1.765176881642160564e-02,5.247003445431164259e-02,4.752026010578929566e-02,1.947153879749599636e-02,4.314068035133692552e-02,9.316009123113505597e-02,4.431746493909836243e-02,6.565730091716406869e-02,5.323433784636288912e-02,1.268986266802542805e-02,3.327752705391372190e-02,1.336924346095986864e-02,8.831950308147717282e-03,1.168292327849759782e-02,7.218420924928422612e-03,1.463095064783811322e-02,5.629155141456786658e-03,4.961906148396175859e-03,1.350269325957199028e-02,1.023923909351191416e-02,1.079730188770806031e-02,8.892609307516863640e-03,1.084582908720337774e-02,3.372640364924540338e-03,3.117872567574125117e-03,1.029989809288106052e-02,1.503130004367447987e-02,2.005386519143980209e-02,7.533847721647983324e-03,2.423933614791090249e-02,3.024457708545639709e-02,3.305915465618479432e-02,1.000873489590915766e-02,4.542145872761682579e-02,2.177658077352356142e-02,3.552191003057213886e-02,2.357208715485029429e-02,5.141456786528849493e-02,1.829475420973455599e-02,1.523754064152957680e-02,1.770029601591692134e-02,9.244431503857912860e-03,1.859804920658028951e-02,1.777308681515989836e-02,2.836414810501285827e-02,2.201921677100014685e-02,5.159654486339593227e-02,5.939729218226816321e-02,1.778521861503372728e-02,3.622555442325423730e-02,1.089920900664822639e-01,4.799340030086863412e-02,6.645799970883679852e-02,4.725336050856505238e-02,1.201048187509098919e-02,3.615276362401125682e-02
7.327607123792885535e-03,1.243509487067501369e-02,7.715824719755423264e-03,4.500897753190663715e-03,1.677827922550589532e-02,2.457902654437812279e-02,2.238317076721502499e-02,4.864851749405541860e-03,2.684767312078420107e-02,1.524967244140340746e-02,2.038142378803319346e-02,1.326005726209540485e-02,3.444217984180132641e-02,9.681176299315766287e-03,1.004513029553064443e-02,7.206289125054592820e-03,0.000000000000000000e+00,1.216819527345076868e-02,1.099141068568932830e-02,1.993254719270150938e-02,1.249575387004416005e-02,3.686853981656718765e-02,3.320473625467074141e-02,1.363614305818411192e-02,3.029310428495171625e-02,6.529334692094919401e-02,3.105740767700295932e-02,4.622215751928956257e-02,3.757218420924928609e-02,8.965400106759838922e-03,2.343863735623817265e-02,9.232299703984083936e-03,6.053768137040811161e-03,8.079778715970301409e-03,5.034696947639152008e-03,1.020284369389042566e-02,3.942834958994516706e-03,3.396903964672198621e-03,9.329354102974717067e-03,7.157761925559276255e-03,7.509584121900325475e-03,6.247876935022080025e-03,7.715824719755423264e-03,2.365700975396709677e-03,2.159460377541611888e-03,7.206289125054592820e-03,1.036055709225020688e-02,1.402436065414664965e-02,5.240937545494249797e-03,1.703304702285630967e-02,2.112146358033677868e-02,2.334158295724753779e-02,6.902994128208861033e-03,3.189450186829718287e-02,1.535885864026786951e-02,2.493084874071917201e-02,1.632940263017421123e-02,3.629834522249721085e-02,1.305381666424030619e-02,1.060319308972679231e-02,1.253214926966564682e-02,6.539040131993982888e-03,1.310234386373562362e-02,1.243509487067501369e-02,1.996894259232299615e-02,1.540738583976318694e-02,3.626194982287572061e-02,4.119959237152424208e-02,1.232590867181054990e-02,2.534332993642936932e-02,7.556898141408259495e-02,3.372640364924540252e-02,4.707138351045760810e-02,3.339884505265201114e-02,8.589314310671131852e-03,2.534332993642936932e-02
1.790653661377201999e-02,3.060853108167127523e-02,1.910758480128111822e-02,1.114912408404910953e-02,4.084777017518319286e-02,6.028291357305769899e-02,5.431406803513369463e-02,1.191342747610035432e-02,6.613044111224340715e-02,3.736594361139418397e-02,4.999514728005046565e-02,3.242830106274566943e-02,8.443732712185179901e-02,2.372980055321007378e-02,2.434852234677536628e-02,1.746979181831416483e-02,1.216819527345076868e-02,0.000000000000000000e+00,2.689620032027951677e-02,4.844227689620032168e-02,3.019604988596108139e-02,9.051535885864027409e-02,8.181685834910466804e-02,3.320473625467074141e-02,7.445285582569030614e-02,1.607706119279856405e-01,7.588440821080215393e-02,1.126801572281263680e-01,9.142524384917746771e-02,2.160673557528994954e-02,5.766244480031057495e-02,2.290483816178968263e-02,1.520114524190809002e-02,2.011452419080894671e-02,1.245935847042267154e-02,2.519774833794341876e-02,9.729703498811083720e-03,8.504391711554325911e-03,2.311107875964478128e-02,1.780948221478138513e-02,1.865870820594943413e-02,1.537099044014170017e-02,1.846459940796816787e-02,5.774736739942738090e-03,5.337991944484883795e-03,1.763963701654777672e-02,2.590139273062551720e-02,3.452710244091813235e-02,1.307808026398796578e-02,4.184257776483719243e-02,5.210608045809676098e-02,5.716504100548357170e-02,1.720289222108992155e-02,7.812879118746057783e-02,3.723249381278206233e-02,6.080458096763236009e-02,4.028970738098704152e-02,8.887756587567331723e-02,3.149415247246081101e-02,2.624108312709273402e-02,3.048721308293298252e-02,1.574707623623040550e-02,3.196729266754015641e-02,3.017178628621342354e-02,4.861212209443393356e-02,3.776629300723055582e-02,8.893822487504246532e-02,1.025622361333527466e-01,3.040229048381618004e-02,6.249090115009462570e-02,1.878730528461202420e-01,8.259329354102974696e-02,1.147546950065511662e-01,8.107681855680108629e-02,2.056340078614063080e-02,6.224826515261804027e-02
1.613529383219294497e-02,2.702965011889163841e-02,1.708157422235162884e-02,9.681176299315766287e-03,3.638326782161401679e-02,5.356189644295627356e-02,4.830882709758820004e-02,1.066385208909593867e-02,5.866938418983840692e-02,3.299849565681564623e-02,4.479060513417770784e-02,2.894647449895666400e-02,7.471975542291454941e-02,2.136409957781336411e-02,2.197068957150482768e-02,1.572281263648274766e-02,1.099141068568932830e-02,2.689620032027951677e-02,0.000000000000000000e+00,4.346823894793031690e-02,2.730868151598971061e-02,8.083418255932450780e-02,7.286359004221866498e-02,2.983209588974620324e-02,6.602125491337894336e-02,1.432522929101761600e-01,6.741641189886932173e-02,9.986897656136264900e-02,8.129519095453001387e-02,1.941087979812685174e-02,5.141456786528849493e-02,1.962925219585577585e-02,1.347842965982433069e-02,1.803998641238414163e-02,1.118551948367059803e-02,2.226185276847673228e-02,8.516523511428154836e-03,7.497452322026495683e-03,1.987188819333236128e-02,1.562575823749211279e-02,1.675401562575823747e-02,1.373319745717474678e-02,1.655990682777696774e-02,5.022565147765322216e-03,4.816324549910224427e-03,1.577133983597806682e-02,2.292910176153734048e-02,3.102101227738147254e-02,1.146455088076867024e-02,3.700198961517930929e-02,4.602804872130829283e-02,5.010433347891492945e-02,1.511622264279128408e-02,6.974571747464454463e-02,3.314407725530159332e-02,5.449604503324113197e-02,3.569175522880574380e-02,7.810452758771291304e-02,2.818217110690542093e-02,2.341437375649051134e-02,2.706604551851312518e-02,1.400009705439899006e-02,2.836414810501285827e-02,2.729654971611588168e-02,4.354102974717329044e-02,3.324113165429223166e-02,7.890522637938564288e-02,9.063667685737855639e-02,2.700538651914398056e-02,5.513903042655408232e-02,1.665210850681807242e-01,7.365215703401756242e-02,1.017615373416800167e-01,7.173533265395254377e-02,1.848886300771582572e-02,5.543019362352598345e-02
2.887368369971369045e-02,4.895181249090115039e-02,3.037802688406851873e-02,1.755471441743097077e-02,6.535400592031834210e-02,9.631435919833065962e-02,8.730043189207550847e-02,1.907118940165963145e-02,1.055102635026932550e-01,5.999175037608579786e-02,7.968166157131072180e-02,5.204542145872761982e-02,1.347236375988741797e-01,3.762071140874460179e-02,3.933129519095453219e-02,2.837627990488669066e-02,1.993254719270150938e-02,4.844227689620032168e-02,4.346823894793031690e-02,0.000000000000000000e+00,4.881836269228902875e-02,1.446231862959188597e-01,1.304289804435385947e-01,5.375600524093754329e-02,1.188309797641578097e-01,2.570849711263162862e-01,1.214999757364002564e-01,1.802906779249769387e-01,1.467826466734604707e-01,3.483039743776386588e-02,9.181346144514000718e-02,3.606784102489445087e-02,2.396030475081283029e-02,3.196729266754015641e-02,1.988401999320619368e-02,3.978017178628621281e-02,1.546804483913233330e-02,1.349056145969816135e-02,3.617702722375891466e-02,2.801232590867180905e-02,2.950453729315281187e-02,2.429999514728005058e-02,3.006260008734895975e-02,9.220167904110253276e-03,8.601446110544960777e-03,2.831562090551754257e-02,4.119959237152424208e-02,5.517542582617557256e-02,2.053913718639297295e-02,6.623962731110787094e-02,8.333333333333332871e-02,9.046683165914494451e-02,2.721162711699907921e-02,1.254549424952685899e-01,5.963992817974474864e-02,9.753967098558742610e-02,6.417722133255689132e-02,1.412990731304896441e-01,5.043189207550832082e-02,4.186684136458485028e-02,4.872130829329839041e-02,2.541612073567234287e-02,5.102635026932595547e-02,4.904886688989178178e-02,7.862619498228756720e-02,6.011306837482408710e-02,1.422574853205221534e-01,1.630756539040132125e-01,4.870917649342456496e-02,9.969913136312903712e-02,2.990609986897656003e-01,1.325156500218372391e-01,1.832265734944436286e-01,1.305260348425292261e-01,3.319260445479691596e-02,9.897122337069927389e-02
1.888921240355219064e-02,3.104527587712913039e-02,1.887708060367836171e-02,1.131896928228271967e-02,4.150288736836996867e-02,6.030717717280535684e-02,5.505410782743727638e-02,1.215606347357693975e-02,6.551171931867812159e-02,3.764497500849225964e-02,5.062600087348959055e-02,3.347163585189498469e-02,8.449798612122094710e-02,2.368127335371475808e-02,2.511282573882661281e-02,1.765176881642160564e-02,1.249575387004416005e-02,3.019604988596108139e-02,2.730868151598971061e-02,4.881836269228902875e-02,0.000000000000000000e+00,9.047896345901877690e-02,8.235065754355316847e-02,3.495171543650216206e-02,7.479254622215751602e-02,1.638156936963167942e-01,7.638181200562915718e-02,1.136385694181588774e-01,9.095210365409811537e-02,2.203134857087397577e-02,5.828116659387586745e-02,2.331731935749987994e-02,1.552870383850147966e-02,2.061192798563594997e-02,1.281118066676372076e-02,2.511282573882661281e-02,9.851021497549376435e-03,8.480128111806668062e-03,2.340224195661668241e-02,1.794293201339350677e-02,1.903479400203814120e-02,1.577133983597806682e-02,1.899839860241665443e-02,5.920318338428689521e-03,5.459309943223176510e-03,1.835541320910370408e-02,2.578007473188722448e-02,3.451497064104430690e-02,1.327218906196923377e-02,4.230358616004270544e-02,5.182704906099869224e-02,5.752899500169845332e-02,1.722715582083757940e-02,7.834716358518950541e-02,3.769350220798757534e-02,6.142330276119765259e-02,4.157567816761294915e-02,8.868345707769204056e-02,3.227058766438588994e-02,2.647158732469549053e-02,3.085116707914786066e-02,1.591692143446401739e-02,3.235551026350269588e-02,3.075411268015722926e-02,4.907313048963943963e-02,3.873683699713689754e-02,8.845295288008929446e-02,1.015552967438249077e-01,3.137283447372252176e-02,6.261221914883291495e-02,1.885645654389285220e-01,8.358810113068375347e-02,1.146576406075605348e-01,8.100402775755810580e-02,2.063619158538360782e-02,6.296404134517397111e-02
