0.000000000000000000e+00,1.505226113432363635e-02,9.200068539192555669e-03,3.927822957993383490e-03,1.950730865043693793e-02,2.580764211996994933e-02,2.944549157099737857e-02,4.059629097523363012e-03,3.254293584995188865e-02,1.932278005509496799e-02,2.230159880847249962e-02,1.523678972966560803e-02,4.137394719846050617e-02,1.154621782282618664e-02,1.013589212985540819e-02,8.896914418273603811e-03,6.550765134639971107e-03,1.378692219483583503e-02,1.314107211113893676e-02,2.742885763618869294e-02,1.018861458566740034e-02,4.158483702170846785e-02,3.355784312433272853e-02,1.132214738562522215e-02,3.504725250102149608e-02,6.976498965321804857e-02,3.917278466830984712e-02,5.335512528173562419e-02,3.941003571946381095e-02,1.017543397171440274e-02,2.644031158971384826e-02,1.047858809263335460e-02,7.196615218336870241e-03,1.090036773912928837e-02,5.878553823037076763e-03,1.076856159959930885e-02,3.822378046369400047e-03,3.176527962672501346e-03,1.004362783218442322e-02,7.447046883443830811e-03,8.185161264811715784e-03,5.720386455601102031e-03,8.593760297354650218e-03,3.044721823142521825e-03,2.702025860364575850e-03,7.460227497396828417e-03,1.293018228789096988e-02,1.431414675295575312e-02,5.918095664896070446e-03,1.900644532022301506e-02,2.571537782229896263e-02,2.804834649197959773e-02,6.392597767203996376e-03,3.151484796161805463e-02,1.934914128300096320e-02,3.162029287324203547e-02,2.035086794342880548e-02,3.867192133809593119e-02,1.231069343210006682e-02,1.155939843677918598e-02,9.832738008936456331e-03,6.682571274169950629e-03,1.296972412974996443e-02,1.579037551569151959e-02,2.472683177582411795e-02,1.348376807391688317e-02,4.303470455653824606e-02,4.091262571010557958e-02,1.049176870658635220e-02,3.187072453834899344e-02,8.013813283422742406e-02,4.540721506807787050e-02,5.086398924461901089e-02,3.629941082655629980e-02,9.015539943850583993e-03,3.043403761747222325e-02
1.505226113432363635e-02,0.000000000000000000e+00,2.537268185952101796e-02,1.070265852983431909e-02,5.353965387707759760e-02,7.077989692759888152e-02,8.071807984815933257e-02,1.126942492981322999e-02,9.037946987570681656e-02,5.310469361662865928e-02,6.094715891866243213e-02,4.122896044497752904e-02,1.125888043865083260e-01,3.196298883601998014e-02,2.760020561757766527e-02,2.454230318048214801e-02,1.775428699468821134e-02,3.728795687303114448e-02,3.641803635213328172e-02,7.544583426696015171e-02,2.692799430597477353e-02,1.147899669166589781e-01,9.136801592218166124e-02,3.080309480815616313e-02,9.574397975457696330e-02,1.900249113603711681e-01,1.074879067866981175e-01,1.460939250550290502e-01,1.081337568703950175e-01,2.761338623153066635e-02,7.201887463918069110e-02,2.807470771988559294e-02,1.996863013879186452e-02,3.047357945933121606e-02,1.592218165522149911e-02,2.989363244539930756e-02,1.087400651122329316e-02,8.699205208978634529e-03,2.651939527343183736e-02,2.075946697597174165e-02,2.251248863172046477e-02,1.552676323663156228e-02,2.426551028746919136e-02,8.277425562482700755e-03,7.433866269490833206e-03,2.033768732947580787e-02,3.562719951495340459e-02,3.886963054739089873e-02,1.596172349708049540e-02,5.152301994226891196e-02,6.996269886251300918e-02,7.669799259249496237e-02,1.782019006445320283e-02,8.675480103863238146e-02,5.253792721664975185e-02,8.591124174564050697e-02,5.448865808169344599e-02,1.051153962751584930e-01,3.374237171967470195e-02,3.187072453834899344e-02,2.702025860364575677e-02,1.830787278071412463e-02,3.556129644518842003e-02,4.383872200767111732e-02,6.864463746721322090e-02,3.571946381262439130e-02,1.192450144327722727e-01,1.106117122935586367e-01,2.810106894779158815e-02,8.799377875021419104e-02,2.182314252197867510e-01,1.249654008883733791e-01,1.396354242180600780e-01,9.971134455442934308e-02,2.451594195257614933e-02,8.207568308531811019e-02
9.200068539192555669e-03,2.537268185952101796e-02,0.000000000000000000e+00,6.590306976498965658e-03,3.258247769181088493e-02,4.344330358908118223e-02,4.862328487260936943e-02,6.801196799746932545e-03,5.483135404447139066e-02,3.239794909646891152e-02,3.711660889164217214e-02,2.514861142232005173e-02,6.873690176488421455e-02,1.969183724577890787e-02,1.680528279007236295e-02,1.489409376688766162e-02,1.093990958098828292e-02,2.284200398054541531e-02,2.231477942242549722e-02,4.640894172850571625e-02,1.651530928310640869e-02,7.031857543924395493e-02,5.575399702118124384e-02,1.870329119930406320e-02,5.854828717921680553e-02,1.156071649817448505e-01,6.548129011849372627e-02,8.927229830365498997e-02,6.590306976498964964e-02,1.675256033426036906e-02,4.394416691929509816e-02,1.671301849240137624e-02,1.199435869722811736e-02,1.871647181325706080e-02,9.780015553124464175e-03,1.820242786909014379e-02,6.537584520686973502e-03,5.311787423058165862e-03,1.597490411103349300e-02,1.262702816697201802e-02,1.390554772041281695e-02,9.569125729876497288e-03,1.481501008316967426e-02,4.995452688186215531e-03,4.573673041690281757e-03,1.275883430650199754e-02,2.189299977592956345e-02,2.392281432469124322e-02,9.727293097312472020e-03,3.110624892907511499e-02,4.258656368213631360e-02,4.627713558897573326e-02,1.091354835308228598e-02,5.270927519803872419e-02,3.185754392439599930e-02,5.223477309573079652e-02,3.305697979411881260e-02,6.415004810924092304e-02,2.089127311550172117e-02,1.952048926438993554e-02,1.651530928310640869e-02,1.107171572051826244e-02,2.152394258524562010e-02,2.708616167341074826e-02,4.221750649145237372e-02,2.170847118058759004e-02,7.263836349497158895e-02,6.789334247189234006e-02,1.750385532958125337e-02,5.346057019335960503e-02,1.328869498741251376e-01,7.636847724367000489e-02,8.490951508521267510e-02,6.065718541169647787e-02,1.505226113432363635e-02,5.028404223068710238e-02
3.927822957993383490e-03,1.070265852983431909e-02,6.590306976498965658e-03,0.000000000000000000e+00,1.406371508784879168e-02,1.836059523652611852e-02,2.093081495736071398e-02,2.847012613847552977e-03,2.322424178518235280e-02,1.406371508784879168e-02,1.604080718079848103e-02,1.088718712517629077e-02,2.956411709657435702e-02,8.422412315965677881e-03,7.077989692759888325e-03,6.300333469533010537e-03,4.705479181220261278e-03,9.621848185688489444e-03,9.490042046158509922e-03,1.963911478996691745e-02,7.170253990430874164e-03,2.931368543146739905e-02,2.339558976657132860e-02,7.934729599704754346e-03,2.488499914326009269e-02,4.920323188654127794e-02,2.753430254781267725e-02,3.839512844508297107e-02,2.803516587802660012e-02,7.249337674148861529e-03,1.869011058535106559e-02,7.236157060195863924e-03,5.245884353293176101e-03,8.013813283422741712e-03,4.112351553335354300e-03,7.750201004362783537e-03,2.807470771988559294e-03,2.280246213868642076e-03,6.959364167182907276e-03,5.417232334682149306e-03,5.957637506755064996e-03,4.072809711476360617e-03,6.445320223015987664e-03,2.187981916197656671e-03,1.990272706902687389e-03,5.417232334682149306e-03,9.292332836863540640e-03,1.000408599032542867e-02,4.178254623100344060e-03,1.353649052972887533e-02,1.796517681793617996e-02,2.004771382250985362e-02,4.652756725408269123e-03,2.195890284569455148e-02,1.370783851111784767e-02,2.255203047357946106e-02,1.438004982272074288e-02,2.745521886409468815e-02,9.015539943850583993e-03,8.303786790388695965e-03,6.998906009041900959e-03,4.758201637032252566e-03,9.068262399662576148e-03,1.130896677167222454e-02,1.774110638073521373e-02,9.529583888017504473e-03,3.051312130119020888e-02,2.873373841753548708e-02,7.473408111349826889e-03,2.293426827821639855e-02,5.682162675137408109e-02,3.208161436159696206e-02,3.618078530097931789e-02,2.559675229672198071e-02,6.353055925345002693e-03,2.151076197129262249e-02
1.950730865043693793e-02,5.353965387707759760e-02,3.258247769181088493e-02,1.406371508784879168e-02,0.000000000000000000e+00,9.080124952220273993e-02,1.046540747868035665e-01,1.448549473434472545e-02,1.160421252421937749e-01,6.990997640670101876e-02,7.970317257377848574e-02,5.481817343051839653e-02,1.468056782084909417e-01,4.179572684495643647e-02,3.535040662194045141e-02,3.173891839881901739e-02,2.347467345028931424e-02,4.817514399820743698e-02,4.685708260290764177e-02,9.646891352199185588e-02,3.610170161726133226e-02,1.459752995294520683e-01,1.169647682189036419e-01,3.956820308689978916e-02,1.233705466000606377e-01,2.448430847908895647e-01,1.369729401995544993e-01,1.904730522347730937e-01,1.392268251855171279e-01,3.560083828704740938e-02,9.280470284305843143e-02,3.686617722653521417e-02,2.612397685484189880e-02,3.968682861247677107e-02,2.081218943178373207e-02,3.908052037063886736e-02,1.406371508784879168e-02,1.133532799957821975e-02,3.499453004520950566e-02,2.745521886409468815e-02,2.947185279890337378e-02,2.040359039924079590e-02,3.181800208253700302e-02,1.096627080889427813e-02,9.872279850795450881e-03,2.663802079900881928e-02,4.561810489132583912e-02,4.946684416560123698e-02,2.093081495736071398e-02,6.774835571840936987e-02,8.902186663854802506e-02,1.000540405172072878e-01,2.329014485494734429e-02,1.097813336145197632e-01,6.889506913232018581e-02,1.122461084237303813e-01,7.253291858334760811e-02,1.361425615205156259e-01,4.418141797044906199e-02,4.100489000777655935e-02,3.477045960800854291e-02,2.346149283633631663e-02,4.552584059365485242e-02,5.564855210955726300e-02,8.796741752230818889e-02,4.722613979359158859e-02,1.516166023013351960e-01,1.429042164784035673e-01,3.689253845444120938e-02,1.134455442934531877e-01,2.814456497383648337e-01,1.602499044405488460e-01,1.799285610723747597e-01,1.277728716603619419e-01,3.160711225928903439e-02,1.066838893355652462e-01
2.580764211996994933e-02,7.077989692759888152e-02,4.344330358908118223e-02,1.836059523652611852e-02,9.080124952220273993e-02,0.000000000000000000e+00,1.372233718646614642e-01,1.904598716208201134e-02,1.529742055384939736e-01,9.057717908500177717e-02,1.036128062845167314e-01,7.030539482529096773e-02,1.919624616114618543e-01,5.468636729098841354e-02,4.704161119824961518e-02,4.149257272403748809e-02,3.022314779422425463e-02,6.349101741159103585e-02,6.202796926280826351e-02,1.290645718277557419e-01,4.609260699363376679e-02,1.954157824671473309e-01,1.563089008686024683e-01,5.235339862130777844e-02,1.632814456497383715e-01,3.237554205274881802e-01,1.826174063187863406e-01,2.496408282697808179e-01,1.835795911373551692e-01,4.698888874243762476e-02,1.226587934465987462e-01,4.795107356100647422e-02,3.392690031501667536e-02,5.205024450038883005e-02,2.736295456642370491e-02,5.092989231438400238e-02,1.842649830629110655e-02,1.485455192502866707e-02,4.548629875179585613e-02,3.538994846379944076e-02,3.856647642647194341e-02,2.665120141296181688e-02,4.122896044497752904e-02,1.407689570180178928e-02,1.282473737626698730e-02,3.521860048241046842e-02,6.070990786750846829e-02,6.648301677892155814e-02,2.717842597108173150e-02,8.773016647115422506e-02,1.194295430281142462e-01,1.303958138370085174e-01,3.032859270584823894e-02,1.473329027666108737e-01,8.879779620134706231e-02,1.463707179480420173e-01,9.273879977329343993e-02,1.790190987096179076e-01,5.795515955133190289e-02,5.437003255611646407e-02,4.606624576572776464e-02,3.127759691046409080e-02,6.012996085357655979e-02,7.508995769022920597e-02,1.172547417258695962e-01,6.131621610934637201e-02,2.029287324203561393e-01,1.894581449603922607e-01,4.855738180284437794e-02,1.498504000316334683e-01,3.720623706652255724e-01,2.121815234153607010e-01,2.375542052748816912e-01,1.697794883285663470e-01,4.209888096587539180e-02,1.407162345622059163e-01
2.944549157099737857e-02,8.071807984815933257e-02,4.862328487260936943e-02,2.093081495736071398e-02,1.046540747868035665e-01,1.372233718646614642e-01,0.000000000000000000e+00,2.174801302244658632e-02,1.744058838260686140e-01,1.043641012798376122e-01,1.195745297815972302e-01,8.137711054580921977e-02,2.194704029313685467e-01,6.252883259302217944e-02,5.309151300267566514e-02,4.763473882613452476e-02,3.498134943125650459e-02,7.248019612753561769e-02,7.029221421133796666e-02,1.457644097062041066e-01,5.348693142126560024e-02,2.213025082708352520e-01,1.766729494259842714e-01,5.957637506755064649e-02,1.857675730535528480e-01,3.683454375304801576e-01,2.071069870434564808e-01,2.849253318219562847e-01,2.096244843084790754e-01,5.386916922590254120e-02,1.395299793064360971e-01,5.522677246306133270e-02,3.894871423110888436e-02,5.881189945827676457e-02,3.098762340349813654e-02,5.856146779316980661e-02,2.120760785037367063e-02,1.695026954355534007e-02,5.265655274222673377e-02,4.041176237989165670e-02,4.381236077976512211e-02,3.051312130119020888e-02,4.747657145869854656e-02,1.637032252962343157e-02,1.461730087387470498e-02,3.981863475200674712e-02,6.865781808116622198e-02,7.476044234140426237e-02,3.126441629651108972e-02,1.011612120892591143e-01,1.347058745996388418e-01,1.501008316967404332e-01,3.470455653824355141e-02,1.664184317705518779e-01,1.034019164612687697e-01,1.681582728123476034e-01,1.076592547680871037e-01,2.045367673226218819e-01,6.616668204404961562e-02,6.142166102097035979e-02,5.237975984921377365e-02,3.549539337542342854e-02,6.872372115093121347e-02,8.405277517826779954e-02,1.321620161067102450e-01,7.072717447178689110e-02,2.286572908566081030e-01,2.144617696292293318e-01,5.489725711423638216e-02,1.706625894634171969e-01,4.235326681516825009e-01,2.407175526236011998e-01,2.704925595434235497e-01,1.928192015184067298e-01,4.752929391451053698e-02,1.596963186545229396e-01
4.059629097523363012e-03,1.126942492981322999e-02,6.801196799746932545e-03,2.847012613847552977e-03,1.448549473434472545e-02,1.904598716208201134e-02,2.174801302244658632e-02,0.000000000000000000e+00,2.437095519909317221e-02,1.443277227853273330e-02,1.643622559938841959e-02,1.124306370190723478e-02,3.030223147794224373e-02,8.712385822931632134e-03,7.354782585772844973e-03,6.511223292780977424e-03,4.797743478891247117e-03,1.008316967404341777e-02,9.832738008936456331e-03,2.029814548761681159e-02,7.407505041584837129e-03,3.093490094768614265e-02,2.462138686420013364e-02,8.356509246200688121e-03,2.564947475253397460e-02,5.136485257483293376e-02,2.873373841753548708e-02,3.942321633341681203e-02,2.890508639892446288e-02,7.447046883443830811e-03,1.946776680857794511e-02,7.486588725302824494e-03,5.390871106776153228e-03,8.264244948529703150e-03,4.270518920771329899e-03,8.040174511328736923e-03,2.926096297565540776e-03,2.346149283633631837e-03,7.196615218336870241e-03,5.601760930024120115e-03,6.155346716050033411e-03,4.283699534724327504e-03,6.577126362545967185e-03,2.174801302244658632e-03,2.042995162714679111e-03,5.509496632353135144e-03,9.635028799641487049e-03,1.033360133915037747e-02,4.257338306818331426e-03,1.386600587855382240e-02,1.880873611092804751e-02,2.053539653877077542e-02,4.810924092844244722e-03,2.313197748751136956e-02,1.423506306923776575e-02,2.319788055727635759e-02,1.482819069712267186e-02,2.828559754313355809e-02,9.226429767098550880e-03,8.712385822931632134e-03,7.262518288101860002e-03,4.903188390515230560e-03,9.582306343829494893e-03,1.162530150654417400e-02,1.845285953419710176e-02,9.753654325218468965e-03,3.185754392439599930e-02,2.973546507796333283e-02,7.631575478785801621e-03,2.375146634330227088e-02,5.902278928152473320e-02,3.355784312433272853e-02,3.730113748698414555e-02,2.687527185016277964e-02,6.537584520686973502e-03,2.211707021313052621e-02
3.254293584995188865e-02,9.037946987570681656e-02,5.483135404447139066e-02,2.322424178518235280e-02,1.160421252421937749e-01,1.529742055384939736e-01,1.744058838260686140e-01,2.437095519909317221e-02,0.000000000000000000e+00,1.151590241073429249e-01,1.317534170741673227e-01,8.937774321527897081e-02,2.439599836560386870e-01,7.005496316018400282e-02,5.969500059312762841e-02,5.310469361662865928e-02,3.850057335670695885e-02,8.100805335512528682e-02,7.841147240638468574e-02,1.634264324032213556e-01,5.840330042573382840e-02,2.484677536279639998e-01,1.981573501693708883e-01,6.600851467661363048e-02,2.078978238806363510e-01,4.105102215661205478e-01,2.322555984657765360e-01,3.178241442486390844e-01,2.340086201215252626e-01,5.961591690940964278e-02,1.554389803477045917e-01,6.049901804426049967e-02,4.271836982166629659e-02,6.611395958823762520e-02,3.473091776614954662e-02,6.548129011849372627e-02,2.342195099447732382e-02,1.875601365511605362e-02,5.713796148624603055e-02,4.518314463087690774e-02,4.871554917028034920e-02,3.362374619409772003e-02,5.260383028641474334e-02,1.780700945050020523e-02,1.631760007381143768e-02,4.444503024950902104e-02,7.702750794131990597e-02,8.418458131779778253e-02,3.455956978476057428e-02,1.117584257074694526e-01,1.511025583571682651e-01,1.656012337054660055e-01,3.852693458461295406e-02,1.876260396209255554e-01,1.132214738562522249e-01,1.860707271744717894e-01,1.174129090933055675e-01,2.270756171822483627e-01,7.390370243445940068e-02,6.880280483464919217e-02,5.864055147688779224e-02,3.947593878922880245e-02,7.656618645296497938e-02,9.541446440575201970e-02,1.488354927572526354e-01,7.734384267619186237e-02,2.581159630415584827e-01,2.394126718422543987e-01,6.102624260238041776e-02,1.904598716208200926e-01,4.710883232940990539e-01,2.699521543713506166e-01,3.027455218864094633e-01,2.159116371640590892e-01,5.359237633288958802e-02,1.778855659096600650e-01
1.932278005509496799e-02,5.310469361662865928e-02,3.239794909646891152e-02,1.406371508784879168e-02,6.990997640670101876e-02,9.057717908500177717e-02,1.043641012798376122e-01,1.443277227853273330e-02,1.151590241073429249e-01,0.000000000000000000e+00,7.975589502959047616e-02,5.368464063056057473e-02,1.459752995294520683e-01,4.217796464959337743e-02,3.498134943125650459e-02,3.176527962672501260e-02,2.306607441774637807e-02,4.799061540286546357e-02,4.704161119824961518e-02,9.679842887081679947e-02,3.553493521728241789e-02,1.464102597899010205e-01,1.169647682189036419e-01,3.927822957993383490e-02,1.231991986186716515e-01,2.428791733118928764e-01,1.368015922181655131e-01,1.902094399557131277e-01,1.392136445715641546e-01,3.603579854749634076e-02,9.223793644307952400e-02,3.623350775679130831e-02,2.588672580368793497e-02,3.922550712412184448e-02,2.050903531086478021e-02,3.946275817527580138e-02,1.426142429714376096e-02,1.124306370190723478e-02,3.459911162661957057e-02,2.707298105945775066e-02,2.945867218495037618e-02,2.031132610156981266e-02,3.218705927322094984e-02,1.087400651122329316e-02,9.793196167077461781e-03,2.680936878039779162e-02,4.602670392386877529e-02,4.913732881677628644e-02,2.078582820387773686e-02,6.753746589516139431e-02,8.886369927111205380e-02,9.989587314977131649e-02,2.302653257588738525e-02,1.092409284424468441e-01,6.869735992302521133e-02,1.112971042191145260e-01,7.138620516943679217e-02,1.358130461716906823e-01,4.459001700299199816e-02,4.092580632405857372e-02,3.481000144986753225e-02,2.373828572934927328e-02,4.540721506807787050e-02,5.567491333746325821e-02,8.802013997812017931e-02,4.689662444476663805e-02,1.518802145803951620e-01,1.417838642923987535e-01,3.674755170095823226e-02,1.138936851678551132e-01,2.807470771988559433e-01,1.596435961987109353e-01,1.798231161607507789e-01,1.279574002557039014e-01,3.192344699416099080e-02,1.060907617076803505e-01
2.230159880847249962e-02,6.094715891866243213e-02,3.711660889164217214e-02,1.604080718079848103e-02,7.970317257377848574e-02,1.036128062845167314e-01,1.195745297815972302e-01,1.643622559938841959e-02,1.317534170741673227e-01,7.975589502959047616e-02,0.000000000000000000e+00,6.151392531864133956e-02,1.667215858914708193e-01,4.781926742147649123e-02,4.027995624036167371e-02,3.620714652888531310e-02,2.661165957110282060e-02,5.502906325376635821e-02,5.347375080731260610e-02,1.105853510656526345e-01,4.058311036128062904e-02,1.675651451844626938e-01,1.340863857438479578e-01,4.505133849134692475e-02,1.409930274552188556e-01,2.786381789663762709e-01,1.568229448127693715e-01,2.169924475082049276e-01,1.591954553243090098e-01,4.087308386824658329e-02,1.056953432890904016e-01,4.155847579380247264e-02,2.956411709657435702e-02,4.484044866809896307e-02,2.346149283633631663e-02,4.481408744019296092e-02,1.630441945985844007e-02,1.285109860417298251e-02,3.944957756132280724e-02,3.069764989653217882e-02,3.329423084527276949e-02,2.310561625960537088e-02,3.631259144050930088e-02,1.233705466000606377e-02,1.105853510656526310e-02,3.031541209189524133e-02,5.234021800735478430e-02,5.657119508626711618e-02,2.358011836191329855e-02,7.693524364364892620e-02,1.020179519962039899e-01,1.138673239399491249e-01,2.630850545018386874e-02,1.257166958836942738e-01,7.837193056452569639e-02,1.273774532417719929e-01,8.123212379232624958e-02,1.549644782453966640e-01,5.070582187718303963e-02,4.702843058429661410e-02,3.987135720781873754e-02,2.698071676178676395e-02,5.207660572829482526e-02,6.383371337436898052e-02,1.006076263032332080e-01,5.367146001660757365e-02,1.741818133888676512e-01,1.627146792497594641e-01,4.163755947752046521e-02,1.297895055951706345e-01,3.209479497554996175e-01,1.829337410536582831e-01,2.056043970528147191e-01,1.467265945247729630e-01,3.643121696608628279e-02,1.212616483675809653e-01
1.523678972966560803e-02,4.122896044497752904e-02,2.514861142232005173e-02,1.088718712517629077e-02,5.481817343051839653e-02,7.030539482529096773e-02,8.137711054580921977e-02,1.124306370190723478e-02,8.937774321527897081e-02,5.368464063056057473e-02,6.151392531864133956e-02,0.000000000000000000e+00,1.137223371864661409e-01,3.259565830576387907e-02,2.792972096640261581e-02,2.448958072467015412e-02,1.770156453887622092e-02,3.709024766373617693e-02,3.607534038935533705e-02,7.503723523441721555e-02,2.852284859428752192e-02,1.129578615771922590e-01,9.086715259196773142e-02,3.076355296629717032e-02,9.525629703831604844e-02,1.905389553045380990e-01,1.061434841634923409e-01,1.473592639945168759e-01,1.073956424890271377e-01,2.727069026875271820e-02,7.167617867640274643e-02,2.854920982219351713e-02,2.032450671552281027e-02,3.102716524535712936e-02,1.626487761799944726e-02,3.018360595236526181e-02,1.090036773912928837e-02,8.712385822931632134e-03,2.704661983155175198e-02,2.143167828757463686e-02,2.305289380379338046e-02,1.589582042731550390e-02,2.448958072467015412e-02,8.475134771777670037e-03,7.644756092738800093e-03,2.094399557131371159e-02,3.512633618473948172e-02,3.818423862183500245e-02,1.634396130171743289e-02,5.248520476083776143e-02,6.871054053697821240e-02,7.739656513200385279e-02,1.803107988770116799e-02,8.451409666662272613e-02,5.311787423058166036e-02,8.683388472235036015e-02,5.633394403511315235e-02,1.055767177635134196e-01,3.408506768245264662e-02,3.221342050112694505e-02,2.691481369202177593e-02,1.832105339466712224e-02,3.536358723589344555e-02,4.296880148677325456e-02,6.842056703001225815e-02,3.689253845444120938e-02,1.176633407584125324e-01,1.109016858005245909e-01,2.879964148730047857e-02,8.819148795950915165e-02,2.190749845127785977e-01,1.238977711581805419e-01,1.392136445715641546e-01,9.881506280562549205e-02,2.442367765490516610e-02,8.314331281551094743e-02
4.137394719846050617e-02,1.125888043865083260e-01,6.873690176488421455e-02,2.956411709657435702e-02,1.468056782084909417e-01,1.919624616114618543e-01,2.194704029313685467e-01,3.030223147794224373e-02,2.439731642699916880e-01,1.459752995294520683e-01,1.667215858914708193e-01,1.137223371864661409e-01,0.000000000000000000e+00,8.786197261068420805e-02,7.437820453676732835e-02,6.666754537426353155e-02,4.891325837957532369e-02,1.013457406846010878e-01,9.876234034981348775e-02,2.037722917133480138e-01,7.499769339255822620e-02,3.095730799140624101e-01,2.470442473210402168e-01,8.348600877828889211e-02,2.599480683810251880e-01,5.154938117017490162e-01,2.896308110031765026e-01,3.989244619014353788e-01,2.933213829100159709e-01,7.516904137394719854e-02,1.952971569415703490e-01,7.700114671341391770e-02,5.450183869564644012e-02,8.291924237830998468e-02,4.358829034256415935e-02,8.200978001555311869e-02,2.955093648262135941e-02,2.369874388749028046e-02,7.324467173680949961e-02,5.700615534671604756e-02,6.165891207212431668e-02,4.273155043561929073e-02,6.640393309520357945e-02,2.281564275263941663e-02,2.057493838062976824e-02,5.612305421186519067e-02,9.675888702895781013e-02,1.049835901356285239e-01,4.379918016581212103e-02,1.414543489435737822e-01,1.887859336487893724e-01,2.097694710619620595e-01,4.849147873307938644e-02,2.325719332006484785e-01,1.438400400690664216e-01,2.349049018703291136e-01,1.502721796781294195e-01,2.865333667242220272e-01,9.284424468491742077e-02,8.602986727121748889e-02,7.349510340191646451e-02,4.967773398884919867e-02,9.625802369874389419e-02,1.181905653165324505e-01,1.854512383186808777e-01,9.872279850795449840e-02,3.212379232624655856e-01,3.006761654957887941e-01,7.715931408084988896e-02,2.395972004375963860e-01,5.930617248151418552e-01,3.375028008804650259e-01,3.792062634277504896e-01,2.695830971806666976e-01,6.686525458355850604e-02,2.242417851823537978e-01
1.154621782282618664e-02,3.196298883601998014e-02,1.969183724577890787e-02,8.422412315965677881e-03,4.179572684495643647e-02,5.468636729098841354e-02,6.252883259302217944e-02,8.712385822931632134e-03,7.005496316018400282e-02,4.217796464959337743e-02,4.781926742147649123e-02,3.259565830576387907e-02,8.786197261068420805e-02,0.000000000000000000e+00,2.093081495736071398e-02,1.896690347836402224e-02,1.424824368319076336e-02,2.887872517101846767e-02,2.843058429661653522e-02,5.783653402575492097e-02,2.106262109689069351e-02,8.787515322463720913e-02,6.989679579274803156e-02,2.359329897586629615e-02,7.451001067629729746e-02,1.465420659294310035e-01,8.231293413647207402e-02,1.140123106934320951e-01,8.355191184805388360e-02,2.133941398990365015e-02,5.549038474212128480e-02,2.156348442710461291e-02,1.535541525524258995e-02,2.380418879911426130e-02,1.240295772977105353e-02,2.302653257588738525e-02,8.382870474106683331e-03,6.867099869511921438e-03,2.057493838062976824e-02,1.609352963661047492e-02,1.755657778539324379e-02,1.213934545071109448e-02,1.890100040859903421e-02,6.432139609062990059e-03,5.957637506755064996e-03,1.577719490173852199e-02,2.789017912454361953e-02,2.981454876168131846e-02,1.236341588791205898e-02,4.022723378454968329e-02,5.384280799799654599e-02,5.945774954197366458e-02,1.398463140413080431e-02,6.615350143009661454e-02,4.137394719846050617e-02,6.720795054633645071e-02,4.286335657514927372e-02,8.115304010860825701e-02,2.637440851994886024e-02,2.476637361768311077e-02,2.110216293874968632e-02,1.422188245528476641e-02,2.736295456642370491e-02,3.379509417548669237e-02,5.266973335617972790e-02,2.807470771988559294e-02,9.151300267566463142e-02,8.526539166194360697e-02,2.194572223174155387e-02,6.820967720676429646e-02,1.685932330727965278e-01,9.624484308479089312e-02,1.076460741541341026e-01,7.676389566225995387e-02,1.895372286441102463e-02,6.372826846274499968e-02
1.013589212985540819e-02,2.760020561757766527e-02,1.680528279007236295e-02,7.077989692759888325e-03,3.535040662194045141e-02,4.704161119824961518e-02,5.309151300267566514e-02,7.354782585772844973e-03,5.969500059312762841e-02,3.498134943125650459e-02,4.027995624036167371e-02,2.792972096640261581e-02,7.437820453676732835e-02,2.093081495736071398e-02,0.000000000000000000e+00,1.611989086451647013e-02,1.162530150654417400e-02,2.477955423163610837e-02,2.409416230608021556e-02,5.016541670511012740e-02,1.822878909699613900e-02,7.603896189484506130e-02,6.072308848146146937e-02,2.071992513411274536e-02,6.335921127206105286e-02,1.271270215766650280e-01,7.133348271362480175e-02,9.653481659175684737e-02,7.149165008106077301e-02,1.787291252026519325e-02,4.766110005404051997e-02,1.855830444582108607e-02,1.339150377624589820e-02,2.033768732947580787e-02,1.068947791588132148e-02,1.917779330161198739e-02,7.025267236947897037e-03,5.852192595131081553e-03,1.770156453887622092e-02,1.356285175763487054e-02,1.501271929246464354e-02,1.037314318100937202e-02,1.557948569244355444e-02,5.456774176541142989e-03,4.903188390515230560e-03,1.347058745996388557e-02,2.311879687355837196e-02,2.570219720834596502e-02,1.059721361821033651e-02,3.392690031501667536e-02,4.623759374711674391e-02,5.058719635160605771e-02,1.178346887398015047e-02,5.704569718857504385e-02,3.473091776614954662e-02,5.684798797928007630e-02,3.672119047305223705e-02,6.962000289973506451e-02,2.185345793407057063e-02,2.153712319919861770e-02,1.789927374817118846e-02,1.217888729257008730e-02,2.358011836191329855e-02,2.906325376636043761e-02,4.556538243551384870e-02,2.398871739445623472e-02,7.905732249008158574e-02,7.387734120655339853e-02,1.883509733883404272e-02,5.794197893737890181e-02,1.453426300597081833e-01,8.226021168066008360e-02,9.196114355006655694e-02,6.586352792313066029e-02,1.613307147846946774e-02,5.488407650028338108e-02
8.896914418273603811e-03,2.454230318048214801e-02,1.489409376688766162e-02,6.300333469533010537e-03,3.173891839881901739e-02,4.149257272403748809e-02,4.763473882613452476e-02,6.511223292780977424e-03,5.310469361662865928e-02,3.176527962672501260e-02,3.620714652888531310e-02,2.448958072467015412e-02,6.666754537426353155e-02,1.896690347836402224e-02,1.611989086451647013e-02,0.000000000000000000e+00,1.058403300425733891e-02,2.197208345964754908e-02,2.145803951548063207e-02,4.428686288207304977e-02,1.597490411103349300e-02,6.715522809052446029e-02,5.380326615613754970e-02,1.801789927374817038e-02,5.676890429556209067e-02,1.113234654470205282e-01,6.300333469533010711e-02,8.667571735491438889e-02,6.401824196971095393e-02,1.631760007381143768e-02,4.209888096587539180e-02,1.662075419473038954e-02,1.188891378560413305e-02,1.779382883654720762e-02,9.345055292675532796e-03,1.771474515282921852e-02,6.445320223015987664e-03,5.140439441669192658e-03,1.573765305987952917e-02,1.221842913442908185e-02,1.322015579485692413e-02,9.134165469427565909e-03,1.460412025992170737e-02,4.955910846327221848e-03,4.428686288207304630e-03,1.203390053908711017e-02,2.091763434340771638e-02,2.263111415729744669e-02,9.450500204299517107e-03,3.060538559886119558e-02,4.120259921707153383e-02,4.555220182156084763e-02,1.049176870658635220e-02,5.065309942137104920e-02,3.117215199884010648e-02,5.071900249113603376e-02,3.231886541275092589e-02,6.201478864885526243e-02,2.023224241785182356e-02,1.867692997139806799e-02,1.590900104126850151e-02,1.079492282750530580e-02,2.086491188759572249e-02,2.579446150601695173e-02,4.041176237989165670e-02,2.120760785037367063e-02,7.006814377413700390e-02,6.515177476966876879e-02,1.654167051101240390e-02,5.187889651899985771e-02,1.283396380603408493e-01,7.353464524377545386e-02,8.223385045275409533e-02,5.862737086293479810e-02,1.449867534829772306e-02,4.834649197959640932e-02
6.550765134639971107e-03,1.775428699468821134e-02,1.093990958098828292e-02,4.705479181220261278e-03,2.347467345028931424e-02,3.022314779422425463e-02,3.498134943125650459e-02,4.797743478891247117e-03,3.850057335670695885e-02,2.306607441774637807e-02,2.661165957110282060e-02,1.770156453887622092e-02,4.891325837957532369e-02,1.424824368319076336e-02,1.162530150654417400e-02,1.058403300425733891e-02,0.000000000000000000e+00,1.600126533893948821e-02,1.563220814825554486e-02,3.239794909646891152e-02,1.186255255769813784e-02,4.896598083538731411e-02,3.915960405435685299e-02,1.289064044603197533e-02,4.120259921707153383e-02,8.133756870395023042e-02,4.601352330991577422e-02,6.379417153250999117e-02,4.664619277965967314e-02,1.219206790652308664e-02,3.104034585931012696e-02,1.194163624141612520e-02,8.567399069448655008e-03,1.298290474370296203e-02,6.722113116028944312e-03,1.312789149718593916e-02,4.679117953314265201e-03,3.690571906839420525e-03,1.136168922748421670e-02,8.910095032226601416e-03,9.700931869406476810e-03,6.616668204404960868e-03,1.071583914378731843e-02,3.598307609168435121e-03,3.216069804531495029e-03,8.975998101991591177e-03,1.538177648314858516e-02,1.660757358077739193e-02,6.853919255558923833e-03,2.244658556195547675e-02,2.995953551516429558e-02,3.330741145922577057e-02,7.657936706691797699e-03,3.665528740328724555e-02,2.280246213868641902e-02,3.726159564512514927e-02,2.347467345028931424e-02,4.569718857504382475e-02,1.511816420408862612e-02,1.358921298554086575e-02,1.171756580421516071e-02,7.908368371798759136e-03,1.506544174827663396e-02,1.884827795278704032e-02,2.961683955238635091e-02,1.567174999011454115e-02,5.120668520739696250e-02,4.762155821218152368e-02,1.217888729257008730e-02,3.815787739392900724e-02,9.392505502906325909e-02,5.361873756079558323e-02,6.049901804426049967e-02,4.275791166352528594e-02,1.083446466936429861e-02,3.557447705914141417e-02
1.378692219483583503e-02,3.728795687303114448e-02,2.284200398054541531e-02,9.621848185688489444e-03,4.817514399820743698e-02,6.349101741159103585e-02,7.248019612753561769e-02,1.008316967404341777e-02,8.100805335512528682e-02,4.799061540286546357e-02,5.502906325376635821e-02,3.709024766373617693e-02,1.013457406846010878e-01,2.887872517101846767e-02,2.477955423163610837e-02,2.197208345964754908e-02,1.600126533893948821e-02,0.000000000000000000e+00,3.264838076157587643e-02,6.755064650911439539e-02,2.443685826885816370e-02,1.028219694473368612e-01,8.208886369927111126e-02,2.761338623153066635e-02,8.595078358749951020e-02,1.706889506913231991e-01,9.632392676850887181e-02,1.320170293532272610e-01,9.752336263823169205e-02,2.491136037116608790e-02,6.446638284411287945e-02,2.506952773860206263e-02,1.793881559003018475e-02,2.707298105945775066e-02,1.416915999947277599e-02,2.673028509667980251e-02,9.687751255453479204e-03,7.829284688080770035e-03,2.393599493864424083e-02,1.838695646443211373e-02,2.019270057599283075e-02,1.389236710645981934e-02,2.182709670616457195e-02,7.367963199725843446e-03,6.748474343934940389e-03,1.833423400862011984e-02,3.197616944997298122e-02,3.470455653824355141e-02,1.420870184133176881e-02,4.627713558897573326e-02,6.320104390462508159e-02,6.892143036022617408e-02,1.602762656684548342e-02,7.713295285294388681e-02,4.726568163545057794e-02,7.725157837852086873e-02,4.888689715166932154e-02,9.486087861972611335e-02,3.071083051048517990e-02,2.876009964544148576e-02,2.437095519909317221e-02,1.646258682729441480e-02,3.185754392439599930e-02,3.939685510551081682e-02,6.154028654654733477e-02,3.256929707785788386e-02,1.071188495960141845e-01,9.932910674979240906e-02,2.524087571999103843e-02,7.917594801565856766e-02,1.961011743927032203e-01,1.120352186004824058e-01,1.257562377255532493e-01,8.933820137341996759e-02,2.222251512475451052e-02,7.404868918794237087e-02
1.314107211113893676e-02,3.641803635213328172e-02,2.231477942242549722e-02,9.490042046158509922e-03,4.685708260290764177e-02,6.202796926280826351e-02,7.029221421133796666e-02,9.832738008936456331e-03,7.841147240638468574e-02,4.704161119824961518e-02,5.347375080731260610e-02,3.607534038935533705e-02,9.876234034981348775e-02,2.843058429661653522e-02,2.409416230608021556e-02,2.145803951548063207e-02,1.563220814825554486e-02,3.264838076157587643e-02,0.000000000000000000e+00,6.661482291845154113e-02,2.359329897586629615e-02,1.005153620055622143e-01,8.024357774585140490e-02,2.687527185016277964e-02,8.411867824803279103e-02,1.656012337054660055e-01,9.408322239649923036e-02,1.285373472696358099e-01,9.482133677786711012e-02,2.418642660375120226e-02,6.295061223951811669e-02,2.418642660375120226e-02,1.741159103191026666e-02,2.684891062225678443e-02,1.389236710645981934e-02,2.644031158971384826e-02,9.582306343829494893e-03,7.671117320644795304e-03,2.301335196193438765e-02,1.814970541327814990e-02,1.994226891088586931e-02,1.370783851111784767e-02,2.153712319919861770e-02,7.196615218336870241e-03,6.550765134639971107e-03,1.818924725513714272e-02,3.144894489185306313e-02,3.394008092896966949e-02,1.389236710645981934e-02,4.509088033320592104e-02,6.136893856515836243e-02,6.691797703937049646e-02,1.565856937616154007e-02,7.541947303905416344e-02,4.597398146805678487e-02,7.527448628557117938e-02,4.759519698427552847e-02,9.207976907564353886e-02,3.019678656631825941e-02,2.819333324546257485e-02,2.371192450144327807e-02,1.611989086451647013e-02,3.089535910582714984e-02,3.868510195204892532e-02,6.048583743030750554e-02,3.143576427790006206e-02,1.043245594379786229e-01,9.725975035917172606e-02,2.495090221302508418e-02,7.702750794131990597e-02,1.906971226719740564e-01,1.096099856331307909e-01,1.222238331861498079e-01,8.747973480604726015e-02,2.176119363639958393e-02,7.203205525313369217e-02
2.742885763618869294e-02,7.544583426696015171e-02,4.640894172850571625e-02,1.963911478996691745e-02,9.646891352199185588e-02,1.290645718277557419e-01,1.457644097062041066e-01,2.029814548761681159e-02,1.634264324032213556e-01,9.679842887081679947e-02,1.105853510656526345e-01,7.503723523441721555e-02,2.037722917133480138e-01,5.783653402575492097e-02,5.016541670511012740e-02,4.428686288207304977e-02,3.239794909646891152e-02,6.755064650911439539e-02,6.661482291845154113e-02,0.000000000000000000e+00,4.904506451910529974e-02,2.084645902806152584e-01,1.661416388775389108e-01,5.580671947699324120e-02,1.739709235656196895e-01,3.442776364523059685e-01,1.948885579090273990e-01,2.655893711529083157e-01,1.963384254438571841e-01,4.992816565395616357e-02,1.303694526091025430e-01,5.046857082602907579e-02,3.614124345912032854e-02,5.526631430492032204e-02,2.885236394311246899e-02,5.384280799799654599e-02,1.965229540391991506e-02,1.589582042731550390e-02,4.803015724472445985e-02,3.719569257536015777e-02,4.122896044497752904e-02,2.845694552452253390e-02,4.397052814720109337e-02,1.497317745060564899e-02,1.360239359949386509e-02,3.757793037999709873e-02,6.486180126270281454e-02,7.071399385783390390e-02,2.885236394311246899e-02,9.322648248955436867e-02,1.271138409627120547e-01,1.386073363297262440e-01,3.223978172903294026e-02,1.565593325337094333e-01,9.495314291739709311e-02,1.556894120128115566e-01,9.874915973586050055e-02,1.906839420580210553e-01,6.132939672329937308e-02,5.839011981178083427e-02,4.925595434235326836e-02,3.322832777550778494e-02,6.407096442552294435e-02,8.023039713189840383e-02,1.259803081627542121e-01,6.546810950454072520e-02,2.170715311919229062e-01,2.018215608483043266e-01,5.193161897481184813e-02,1.596435961987109353e-01,3.964069646364127841e-01,2.272074233217783179e-01,2.529887042138422859e-01,1.813652479932515160e-01,4.481408744019296092e-02,1.497317745060564864e-01
1.018861458566740034e-02,2.692799430597477353e-02,1.651530928310640869e-02,7.170253990430874164e-03,3.610170161726133226e-02,4.609260699363376679e-02,5.348693142126560024e-02,7.407505041584837129e-03,5.840330042573382840e-02,3.553493521728241789e-02,4.058311036128062904e-02,2.852284859428752192e-02,7.499769339255822620e-02,2.106262109689069351e-02,1.822878909699613900e-02,1.597490411103349300e-02,1.186255255769813784e-02,2.443685826885816370e-02,2.359329897586629615e-02,4.904506451910529974e-02,0.000000000000000000e+00,7.406186980189537195e-02,5.958955568150364757e-02,2.073310574806574644e-02,6.230476215582121668e-02,1.256507928139292685e-01,6.939593246253410175e-02,9.699613808011177396e-02,7.058218771830392091e-02,1.817606664118414511e-02,4.766110005404051997e-02,1.898008409231701984e-02,1.341786500415189341e-02,2.020588118994582835e-02,1.063675546006932933e-02,1.934914128300096320e-02,7.051628464853893115e-03,5.839011981178083080e-03,1.816288602723114751e-02,1.377374158088283743e-02,1.514452543199462306e-02,1.055767177635134196e-02,1.580355612964451720e-02,5.654483385836112271e-03,5.048175143998207687e-03,1.380010280878883264e-02,2.315833871541736477e-02,2.500362466883707460e-02,1.080810344145830340e-02,3.473091776614954662e-02,4.536767322621887422e-02,5.119350459344396143e-02,1.186255255769813784e-02,5.512132755143734492e-02,3.524496171031646363e-02,5.726976762577600660e-02,3.793380695672804448e-02,6.967272535554705493e-02,2.216979266894252010e-02,2.119442723642067303e-02,1.774110638073521373e-02,1.204708115304010778e-02,2.329014485494734429e-02,2.791654035244961821e-02,4.460319761694499924e-02,2.463456747815313125e-02,7.710659162503789854e-02,7.324467173680949961e-02,1.913825145975299458e-02,5.783653402575492097e-02,1.444858901527633077e-01,8.136392993185623257e-02,9.109122302916869418e-02,6.494088494642080711e-02,1.590900104126850151e-02,5.488407650028338108e-02
