0.000000000000000000e+00,1.124093249903095407e-02,9.579710947450024647e-03,4.153053878952322683e-03,1.344205105487568559e-02,1.882717758458386445e-02,1.986544105432194382e-02,3.004042305775513587e-03,2.590121269173265364e-02,1.291599756354172394e-02,1.881333407165402399e-02,9.385901766432249577e-03,2.961127415693006262e-02,8.859848275098289663e-03,7.447809956254498875e-03,7.337061852815770883e-03,6.063458663270391603e-03,1.301290215405061235e-02,1.103327980508333854e-02,1.749820034331912161e-02,7.378592391605293989e-03,3.195082784207320392e-02,2.693947616147073648e-02,9.981172822415416979e-03,2.612270889861011136e-02,5.893183454233346524e-02,2.907137715266626052e-02,3.872030566476548918e-02,2.720250290713771557e-02,6.409546486516418638e-03,2.086217398527050182e-02,7.696993188991638375e-03,5.897336508112298314e-03,9.884268231906528576e-03,6.104989202059914709e-03,9.302840688853203366e-03,3.862340107425660512e-03,2.602580430810122556e-03,7.309374826956088235e-03,5.911180021042139639e-03,6.686416745113239919e-03,6.229580818428484025e-03,6.520294589955146630e-03,2.048839913616479127e-03,1.038263469738080671e-03,5.232847887479926893e-03,1.108865385680270210e-02,1.524170773575502479e-02,5.135943296971039358e-03,1.457721911512265336e-02,1.918710892075973368e-02,2.113904424386732483e-02,3.917714159145024508e-03,2.732709452350628662e-02,1.410653967550805701e-02,2.284179633423777736e-02,1.571238717536962287e-02,3.186776676449416118e-02,1.045185226203001333e-02,1.007807741292430365e-02,8.333794783764328015e-03,5.869649482252616533e-03,9.302840688853203366e-03,1.196079517138269079e-02,1.657068497701976936e-02,1.082562711113572128e-02,2.966664820864942792e-02,3.008195359654465897e-02,9.676615537958913049e-03,2.072373885597209031e-02,6.233733872307437029e-02,3.269837754028462329e-02,4.108754637576831487e-02,2.918212525610498764e-02,6.644886206323716814e-03,2.191428096793842512e-02
1.124093249903095407e-02,0.000000000000000000e+00,2.950052605349133550e-02,1.313749377041918166e-02,4.216734038429591908e-02,5.977628883105377128e-02,6.226812115842516454e-02,9.233623124203997612e-03,8.267345921701091394e-02,3.988316075087214307e-02,5.787972755966554195e-02,2.761780829503294662e-02,9.204551747051331612e-02,2.842073204496373129e-02,2.260645661443047919e-02,2.322941469627332750e-02,1.920095243368957413e-02,4.074145855252228610e-02,3.416578991084777417e-02,5.547095630987319143e-02,2.242649094634254284e-02,1.007392435904535116e-01,8.249349354892297759e-02,3.002657954482529368e-02,8.137216900160584854e-02,1.809208704800930323e-01,9.061963563873969008e-02,1.220028794506894110e-01,8.692341768647211808e-02,2.077911290769145561e-02,6.430311755911180538e-02,2.382468575225649143e-02,1.848108976133783568e-02,2.991583144138656655e-02,1.864721191649593157e-02,2.969433523450910883e-02,1.236225704634808138e-02,8.001550473448141437e-03,2.263414364029016010e-02,1.821806301567085659e-02,2.062683426546320364e-02,1.902098676560163779e-02,2.149897558004319059e-02,6.437233512376100419e-03,3.294756077302176192e-03,1.611384905033501347e-02,3.499640068663824322e-02,4.746940583642505346e-02,1.597541392103660196e-02,4.590508887535300897e-02,5.966554072761504068e-02,6.678110637355334778e-02,1.208538678775126010e-02,8.509607397973309451e-02,4.423002381084224083e-02,7.087878620078631731e-02,4.632039426324824349e-02,9.905033501301289955e-02,3.354283182900492932e-02,3.087103383354559971e-02,2.633036159255772862e-02,1.830112409324990280e-02,2.930671687247355869e-02,3.722520626834265739e-02,5.252228805581704574e-02,3.267069051442494237e-02,9.383133063846281485e-02,9.414973143584916271e-02,2.865607176477102946e-02,6.581206046846448110e-02,1.930339442937039629e-01,1.033279805083337916e-01,1.287585137604518593e-01,9.223932665153108945e-02,2.130516639902541726e-02,6.855307602857300953e-02
9.579710947450024647e-03,2.950052605349133550e-02,0.000000000000000000e+00,1.104712331801317900e-02,3.499640068663824322e-02,4.991970762500692188e-02,5.167783376709673970e-02,7.960019934658618332e-03,6.863613710615205921e-02,3.296140428595160238e-02,4.856304335788249465e-02,2.298023146353618540e-02,7.641619137272273599e-02,2.339553685143141992e-02,1.913173486904036838e-02,1.911789135611052792e-02,1.616922310205437877e-02,3.426269450135666084e-02,2.844841907082341220e-02,4.625117669859903774e-02,1.899329973974195687e-02,8.358713107038041878e-02,6.968824408881997556e-02,2.540284622625837638e-02,6.739022094246635564e-02,1.517387452239880308e-01,7.589013788138877781e-02,1.003239382025582771e-01,7.172324048950662334e-02,1.669527659338833694e-02,5.379589124536242328e-02,1.986544105432194382e-02,1.574007420122930379e-02,2.562434243313583410e-02,1.578160474001882863e-02,2.487679273492441473e-02,1.028573010687191917e-02,6.769477822692286130e-03,1.882717758458386445e-02,1.564316961072041712e-02,1.777507060191594115e-02,1.622459715377374059e-02,1.784428816656514691e-02,5.357439503848496209e-03,2.851763663547261622e-03,1.384351292984107619e-02,2.880835040699928143e-02,3.988316075087214307e-02,1.351126861952489135e-02,3.827731325101057375e-02,4.991970762500692188e-02,5.559554792624176595e-02,1.035494767152112493e-02,7.175092751536629732e-02,3.657456116064012469e-02,5.915333074921091949e-02,3.855418350960739676e-02,8.328257378592392179e-02,2.795005260534913494e-02,2.615039592446979227e-02,2.162356719641176164e-02,1.529708178747439008e-02,2.453070491167838596e-02,3.107868652749321697e-02,4.366243978071875781e-02,2.765933883382247147e-02,7.817431751481256075e-02,7.847887479926905774e-02,2.408771249792347399e-02,5.472340661166177206e-02,1.626059028739132717e-01,8.582978016501467688e-02,1.067611717149343775e-01,7.677612270889860868e-02,1.749820034331912161e-02,5.714602137438396651e-02
4.153053878952322683e-03,1.313749377041918166e-02,1.104712331801317900e-02,0.000000000000000000e+00,1.568470014950993849e-02,2.241264743341270238e-02,2.328478874799268933e-02,3.474721745390110372e-03,3.088487734647544017e-02,1.479871532200011108e-02,2.176200232571017315e-02,1.042416523617033068e-02,3.459493881167285262e-02,1.046569577495985379e-02,8.486073425992579980e-03,8.486073425992579980e-03,7.157096184727836270e-03,1.528323827454454789e-02,1.266681433080458531e-02,2.040533805858574593e-02,8.416855861343374226e-03,3.707292762611440196e-02,3.102331247577385168e-02,1.132399357661000028e-02,3.042804141979068774e-02,6.812392712774793802e-02,3.377817154881222750e-02,4.496372999612381627e-02,3.203388891965225360e-02,7.489340495044021981e-03,2.383852926518633536e-02,9.039813943186222542e-03,7.004817542499584306e-03,1.158702032227698110e-02,7.115565645938313165e-03,1.100559277922365589e-02,4.554515753917714148e-03,3.059416357494878017e-03,8.513760451852262628e-03,7.046348081289108278e-03,7.918489395869095226e-03,7.212470236447200700e-03,7.932332908798937418e-03,2.381084223932665271e-03,1.259759676615537956e-03,6.077302176200232928e-03,1.302674566698045280e-02,1.781660114070546599e-02,6.008084611551027174e-03,1.701367739077468133e-02,2.226036879118445042e-02,2.490447976078409564e-02,4.596046292707237253e-03,3.211694999723129634e-02,1.650146741237056361e-02,2.649648374771582104e-02,1.744282629159975631e-02,3.716983221662328862e-02,1.232072650755855828e-02,1.175314247743507352e-02,9.718146076748436155e-03,6.935599977850379419e-03,1.095021872750429233e-02,1.389888698156044149e-02,1.946397917935655322e-02,1.243147461099728714e-02,3.480259150562046294e-02,3.530095797109474715e-02,1.078409657234619817e-02,2.453070491167838596e-02,7.273381693338501486e-02,3.833268730272994251e-02,4.791239825017996889e-02,3.429038152721634869e-02,7.821584805360208559e-03,2.576277756243424213e-02
1.344205105487568559e-02,4.216734038429591908e-02,3.499640068663824322e-02,1.568470014950993849e-02,0.000000000000000000e+00,7.067113350683869311e-02,7.528102331247576995e-02,1.119940196024143096e-02,9.777673182346752201e-02,4.890913118112852342e-02,7.020045406722409675e-02,3.383354560053158933e-02,1.108311645163076592e-01,3.334902264798715599e-02,2.709175480369898498e-02,2.750706019159421950e-02,2.325710172213300841e-02,4.890913118112852342e-02,4.061686693615371851e-02,6.506451077025306173e-02,2.770086937261199284e-02,1.186804363475275487e-01,9.903649150008306257e-02,3.617309928567473409e-02,9.751370507780053598e-02,2.166094468132233331e-01,1.073287557450578605e-01,1.454399468409103557e-01,1.030095797109474437e-01,2.441995680823965884e-02,7.649925245030178567e-02,2.905753363973642006e-02,2.231574284290381571e-02,3.653303062185059985e-02,2.270336120493936585e-02,3.553629769090204532e-02,1.482640234785979373e-02,9.718146076748436155e-03,2.756243424331358480e-02,2.213577717481588283e-02,2.495985381250346094e-02,2.316019713162412175e-02,2.559665540727614971e-02,7.821584805360208559e-03,4.028462262583753367e-03,1.946397917935655322e-02,4.159975635417243606e-02,5.627388005980397262e-02,1.936707458884766656e-02,5.572013954261033353e-02,7.032504568359267128e-02,8.101223766542997584e-02,1.463259316684201866e-02,1.020543773187884140e-01,5.371283016778337360e-02,8.589899772966387570e-02,5.666149842183952623e-02,1.200371006146519759e-01,3.999390885431086673e-02,3.762666814330804799e-02,3.110637355335289789e-02,2.234342986876349663e-02,3.507946176421728596e-02,4.411927570740351023e-02,6.197740738689849760e-02,4.057533639736419367e-02,1.107204164128689355e-01,1.125200730937482713e-01,3.444266016944459718e-02,7.822969156653192258e-02,2.320449637299961121e-01,1.226535245583919437e-01,1.542997951160086367e-01,1.090176643224984726e-01,2.511213245473171291e-02,8.174594385071155822e-02
1.882717758458386445e-02,5.977628883105377128e-02,4.991970762500692188e-02,2.241264743341270238e-02,7.067113350683869311e-02,0.000000000000000000e+00,1.051414807021429781e-01,1.578160474001882863e-02,1.398194805913948735e-01,6.718256824851874531e-02,9.747217453901102502e-02,4.686029126751204560e-02,1.552965280469572051e-01,4.742787529763552862e-02,3.836037432858962343e-02,3.854033999667755978e-02,3.247688133340716210e-02,6.873304169666094587e-02,5.728445650368237108e-02,9.318068553076028215e-02,3.782047732432582132e-02,1.687524226147627260e-01,1.399717592336231220e-01,5.105487568525388792e-02,1.380613544493050626e-01,3.066614984218395401e-01,1.521402070989534283e-01,2.038872584306993807e-01,1.459244697934547752e-01,3.427653801428650476e-02,1.085331413699540393e-01,4.089373719475054153e-02,3.127249570851099031e-02,5.145633756021927852e-02,3.197851486793288484e-02,5.015504734481422006e-02,2.102829614042859424e-02,1.345589456780552605e-02,3.842959189323882918e-02,3.134171327316019606e-02,3.534248850988426505e-02,3.235228971703859452e-02,3.579932443656902441e-02,1.097790575336397324e-02,5.565092197796112604e-03,2.747937316573453512e-02,5.922254831386012525e-02,8.052771471288554250e-02,2.724403344592723694e-02,7.692840135112685718e-02,1.011822360042084340e-01,1.132814663048895276e-01,2.047455562323495168e-02,1.452322941469627315e-01,7.456116064012403843e-02,1.198709784594938765e-01,7.872805803200620678e-02,1.678110637355335333e-01,5.596932277534747563e-02,5.252228805581704574e-02,4.429924137549144658e-02,3.107868652749321697e-02,4.946287169832216946e-02,6.284954870147849149e-02,8.852926518633368047e-02,5.580320062018937627e-02,1.582867268398028548e-01,1.597956697491555444e-01,4.875685253890026799e-02,1.113018439559222555e-01,3.277728556398471493e-01,1.742759842737693077e-01,2.171355003045572774e-01,1.560440777451686245e-01,3.570241984606013774e-02,1.165623788692618651e-01
1.986544105432194382e-02,6.226812115842516454e-02,5.167783376709673970e-02,2.328478874799268933e-02,7.528102331247576995e-02,1.051414807021429781e-01,0.000000000000000000e+00,1.657068497701976936e-02,1.454676338667700297e-01,7.202779777396312033e-02,1.043385569522121969e-01,5.012736031895453914e-02,1.635057312143529673e-01,4.973974195691898553e-02,4.020156154825848399e-02,4.072761503959244911e-02,3.459493881167285262e-02,7.276150395924470271e-02,6.009468962844011219e-02,9.647544160806245661e-02,4.087989368182069760e-02,1.756049615150340470e-01,1.468658286726839679e-01,5.379589124536242328e-02,1.450523284788748091e-01,3.222077634420510428e-01,1.587435627664876281e-01,2.151281909297303174e-01,1.529016003100946985e-01,3.606235118223600350e-02,1.133645273824685773e-01,4.315022980231463662e-02,3.301677833767096421e-02,5.404507447809956538e-02,3.368126695830334083e-02,5.303449803422116693e-02,2.198349853258763087e-02,1.432803588238551473e-02,4.123982501799656336e-02,3.307215238939033297e-02,3.716983221662328862e-02,3.427653801428650476e-02,3.794506894069438890e-02,1.169776842571570996e-02,5.897336508112298314e-03,2.879450689406943750e-02,6.176975469295088034e-02,8.340716540229248244e-02,2.884988094578880280e-02,8.263192867822138910e-02,1.042970264134226721e-01,1.203555014120383237e-01,2.156819314469239635e-02,1.513788138878121581e-01,7.962788637244587464e-02,1.274572235450467939e-01,8.436236779445152600e-02,1.782906030234232275e-01,5.948557505952710434e-02,5.570629602968048960e-02,4.607121103051110139e-02,3.309983941525001389e-02,5.213466969378149213e-02,6.563209480037654475e-02,9.153330749210919492e-02,6.002547206379090644e-02,1.643778725289329334e-01,1.666482086494268655e-01,5.137327648264023577e-02,1.161609169942964676e-01,3.443020100780774251e-01,1.810039315576720820e-01,2.288471122432028382e-01,1.619691012791406037e-01,3.721136275541281346e-02,1.217398527050224250e-01
3.004042305775513587e-03,9.233623124203997612e-03,7.960019934658618332e-03,3.474721745390110372e-03,1.119940196024143096e-02,1.578160474001882863e-02,1.657068497701976936e-02,0.000000000000000000e+00,2.185890691621905982e-02,1.067334846890746931e-02,1.561548258486073447e-02,7.433966443324658419e-03,2.448917437288886459e-02,7.420122930394817094e-03,6.063458663270391603e-03,5.966554072761504068e-03,5.219004374550085569e-03,1.086715764992524438e-02,8.970596378537016788e-03,1.442494047289440140e-02,6.132676227919596490e-03,2.595658674345201894e-02,2.201118555844731178e-02,8.195359654465916507e-03,2.134669693781493863e-02,4.813389445705742314e-02,2.401849493327426824e-02,3.192314081621352301e-02,2.274489174372888722e-02,5.191317348690403788e-03,1.690292928733595421e-02,6.395702973586577314e-03,5.191317348690403788e-03,8.181516141536076051e-03,5.025195193532310499e-03,7.987706960518300980e-03,3.322443103161858407e-03,2.187275042914890201e-03,6.063458663270391603e-03,5.052882219391993147e-03,5.703527327094523244e-03,5.149786809900880682e-03,5.648153275375158815e-03,1.730439116230134524e-03,9.275153662993521368e-04,4.360706572899939078e-03,9.164405559554791858e-03,1.262528379201506221e-02,4.291489008250733324e-03,1.223766542997951207e-02,1.564316961072041712e-02,1.778891411484578161e-02,3.336286616091699297e-03,2.270336120493936585e-02,1.176698599036491572e-02,1.892408217509275112e-02,1.254222271443601600e-02,2.664876238994407301e-02,8.818317736308766558e-03,8.416855861343374226e-03,6.797164848551968779e-03,4.859073038374218077e-03,7.766210753640844129e-03,9.731989589678276611e-03,1.364970374882330112e-02,8.901378813887812769e-03,2.466914004097679747e-02,2.487679273492441473e-02,7.752367240711002805e-03,1.730439116230134480e-02,5.180242538346530728e-02,2.710559831662882890e-02,3.366742344537349690e-02,2.418461708843236066e-02,5.412813555567860639e-03,1.802425383465308326e-02
2.590121269173265364e-02,8.267345921701091394e-02,6.863613710615205921e-02,3.088487734647544017e-02,9.777673182346752201e-02,1.398194805913948735e-01,1.454676338667700297e-01,2.185890691621905982e-02,0.000000000000000000e+00,9.383133063846281485e-02,1.350157816047400094e-01,6.487070158923528840e-02,2.149897558004319198e-01,6.532753751592003388e-02,5.246691400409767697e-02,5.369898665485353662e-02,4.561437510382634897e-02,9.563098731934215058e-02,7.879727559665540559e-02,1.291322886095575551e-01,5.260534913339608848e-02,2.345367960573675192e-01,1.934630931945290344e-01,7.074035107148790580e-02,1.908743562766487545e-01,4.233761559333296676e-01,2.106428927404618290e-01,2.819092973032836791e-01,2.024752201118555917e-01,4.737250124591616679e-02,1.492745999224763254e-01,5.639847167617254714e-02,4.327482141868320420e-02,7.065728999390885612e-02,4.432692840135112750e-02,6.952212193366189008e-02,2.916828174317514719e-02,1.885486461044354536e-02,5.331136829281798301e-02,4.310869926352511178e-02,4.868763497425106918e-02,4.467301622459715627e-02,5.022426490946342581e-02,1.506174206766709191e-02,7.766210753640844129e-03,3.758513760451852315e-02,8.139985602746553639e-02,1.110388172102552695e-01,3.780663381139597740e-02,1.076056260036546836e-01,1.395426103327980505e-01,1.573868984993631870e-01,2.832382745445484115e-02,2.017415139265739954e-01,1.036463813057201394e-01,1.665789910847776667e-01,1.088238551414806993e-01,2.330416966609446805e-01,7.817431751481256075e-02,7.248463370064787969e-02,6.102220499473946791e-02,4.305332521180574995e-02,6.896838141646824405e-02,8.707569632870036658e-02,1.220720970153386098e-01,7.713605404507448138e-02,2.189213134725067900e-01,2.202641342267013802e-01,6.718256824851874531e-02,1.540921424220610125e-01,4.517138269007143214e-01,2.411263082119718681e-01,3.007503184007974117e-01,2.153912176753973173e-01,4.965668087933994279e-02,1.604463148568580633e-01
1.291599756354172394e-02,3.988316075087214307e-02,3.296140428595160238e-02,1.479871532200011108e-02,4.890913118112852342e-02,6.718256824851874531e-02,7.202779777396312033e-02,1.067334846890746931e-02,9.383133063846281485e-02,0.000000000000000000e+00,6.668420178304446111e-02,3.185392325156431725e-02,1.050999501633534533e-01,3.224154161359986392e-02,2.573509053657456122e-02,2.627498754083836333e-02,2.223268176532476950e-02,4.644498587961681108e-02,3.848496594495819101e-02,6.171438064123151851e-02,2.645495320892629620e-02,1.129492219945733428e-01,9.405282684534027604e-02,3.441497314358491627e-02,9.313915499197075731e-02,2.065175258873691855e-01,1.010022703361204977e-01,1.384905033501301341e-01,9.784594938811673470e-02,2.357550251951935280e-02,7.258153829115676636e-02,2.760396478210310617e-02,2.118057478265684621e-02,3.413810288498809326e-02,2.127747937316573287e-02,3.415194639791793718e-02,1.421728777894678587e-02,9.109031507835428296e-03,2.670413644166343484e-02,2.088986101113018273e-02,2.358934603244919326e-02,2.190043745500858466e-02,2.466914004097679747e-02,7.613932111412592164e-03,3.710061465197408547e-03,1.843955922254831431e-02,3.952322941469627038e-02,5.270225372390497515e-02,1.860568137770640673e-02,5.389279583587130995e-02,6.603355667534192841e-02,7.832659615704080924e-02,1.369123428761282422e-02,9.633700647876404510e-02,5.090259704302563942e-02,8.178747438950108306e-02,5.369898665485353662e-02,1.148873138047510900e-01,3.870646215183565220e-02,3.553629769090204532e-02,2.962511766985990308e-02,2.093139154991970757e-02,3.365357993244365992e-02,4.165513040589179788e-02,5.858574671908743647e-02,3.841574838030898525e-02,1.053629769090204393e-01,1.062074311977407454e-01,3.269837754028462329e-02,7.486571792458053543e-02,2.205825350240877003e-01,1.159671078132786942e-01,1.471842294700703158e-01,1.036463813057201394e-01,2.392159034276538157e-02,7.791129076914557472e-02
1.881333407165402399e-02,5.787972755966554195e-02,4.856304335788249465e-02,2.176200232571017315e-02,7.020045406722409675e-02,9.747217453901102502e-02,1.043385569522121969e-01,1.561548258486073447e-02,1.350157816047400094e-01,6.668420178304446111e-02,0.000000000000000000e+00,4.630655075031839957e-02,1.528046957195857980e-01,4.672185613821363409e-02,3.718367572955313255e-02,3.772357273381693465e-02,3.222769810067002694e-02,6.752865607176476714e-02,5.566476549089097170e-02,9.019048673791461856e-02,3.816656514757185009e-02,1.631734869040367686e-01,1.369677169278476214e-01,5.004429924137548946e-02,1.331607508721413258e-01,2.979816158148291816e-01,1.486239548147738065e-01,2.007447809956254547e-01,1.416052937593443584e-01,3.359820588072429115e-02,1.053629769090204393e-01,3.996622182845118582e-02,3.113406057921258227e-02,5.073647488786754700e-02,3.153552245417796940e-02,4.991970762500692188e-02,2.065452129132288456e-02,1.333130295143695673e-02,3.761282463037820406e-02,3.084334680768591880e-02,3.463646935046237052e-02,3.186776676449416118e-02,3.588238551414806715e-02,1.085331413699540393e-02,5.578935710725953928e-03,2.702253723904978269e-02,5.736751758126142076e-02,7.750982889418019106e-02,2.692563264854089256e-02,7.748214186832050321e-02,9.713993022869484018e-02,1.120355501412038379e-01,2.030843346807685926e-02,1.407746829835539171e-01,7.371670635140373240e-02,1.181682263691234275e-01,7.756520294589955289e-02,1.655545711279694243e-01,5.584473115897890111e-02,5.207929564206213030e-02,4.308101223766543086e-02,3.040035439393100336e-02,4.827232958635583465e-02,6.068996068442327613e-02,8.580209313915498903e-02,5.581704413311922020e-02,1.533169056979899192e-01,1.552134669693781555e-01,4.753862340107425921e-02,1.074256603355667472e-01,3.198543662439780610e-01,1.691677280026579466e-01,2.128993853480259102e-01,1.503959244697934683e-01,3.473337394097126413e-02,1.124646990420289094e-01
9.385901766432249577e-03,2.761780829503294662e-02,2.298023146353618540e-02,1.042416523617033068e-02,3.383354560053158933e-02,4.686029126751204560e-02,5.012736031895453914e-02,7.433966443324658419e-03,6.487070158923528840e-02,3.185392325156431725e-02,4.630655075031839957e-02,0.000000000000000000e+00,7.399357661000055542e-02,2.249570851099174859e-02,1.807962788637244508e-02,1.823190652860069705e-02,1.536629935212359410e-02,3.231075917824906968e-02,2.693947616147073648e-02,4.287335954371781360e-02,1.860568137770640673e-02,7.861730992856746925e-02,6.611661775292097809e-02,2.443380032116949929e-02,6.493991915388448721e-02,1.457445041253668527e-01,7.065728999390885612e-02,9.704302563818593963e-02,6.808239658895841317e-02,1.633534525721247119e-02,5.151171161193864728e-02,1.943629215349687231e-02,1.492330693836868040e-02,2.414308654964283582e-02,1.504789855473724972e-02,2.367240711002823947e-02,9.884268231906528576e-03,6.298798383077689779e-03,1.859183786477656627e-02,1.481255883492995154e-02,1.672296361924802133e-02,1.546320394263248250e-02,1.686139874854643284e-02,5.288221939199291323e-03,2.561049892020599017e-03,1.281909297303283728e-02,2.753474721745390041e-02,3.698986654853535921e-02,1.291599756354172394e-02,3.744670247522011164e-02,4.663879506063458441e-02,5.403123096516972146e-02,9.524336895730661084e-03,6.711335068386953262e-02,3.525942743230522231e-02,5.706296029680491683e-02,3.883105376820421978e-02,7.993244365690237163e-02,2.687025859682153073e-02,2.489063624785425519e-02,2.069605183011240940e-02,1.450800155047344761e-02,2.342322387729110084e-02,2.937593443712276445e-02,4.069992801373276819e-02,2.677335400631264059e-02,7.370286283847389541e-02,7.447809956254498875e-02,2.345091090315078522e-02,5.228694833600974756e-02,1.544105432194473604e-01,8.062461930339442917e-02,1.021651254222271377e-01,7.200011074810343248e-02,1.650146741237056361e-02,5.480646768924082174e-02
2.961127415693006262e-02,9.204551747051331612e-02,7.641619137272273599e-02,3.459493881167285262e-02,1.108311645163076592e-01,1.552965280469572051e-01,1.635057312143529673e-01,2.448917437288886459e-02,2.149897558004319198e-01,1.050999501633534533e-01,1.528046957195857980e-01,7.399357661000055542e-02,0.000000000000000000e+00,7.364748878675453359e-02,5.926407885264965009e-02,6.038540339996677220e-02,5.057035273270945458e-02,1.072456946674788247e-01,8.870923085442161682e-02,1.427681488454510261e-01,5.992856747328201977e-02,2.602303560551525452e-01,2.170939697657677525e-01,7.972479096295476131e-02,2.141314579987817768e-01,4.764798715322000056e-01,2.344537349797884696e-01,3.166288277313251132e-01,2.254277645495320892e-01,5.321446370230909634e-02,1.678249072484633564e-01,6.365247245140927268e-02,4.882607010354947374e-02,7.948945124314746313e-02,4.979511600863835430e-02,7.796666482086493655e-02,3.239382025582811936e-02,2.112520073093748438e-02,6.066227365856359521e-02,4.883991361647931767e-02,5.479262417631097781e-02,5.045960462927072399e-02,5.584473115897890111e-02,1.715211252007309284e-02,8.610665042361149296e-03,4.233346253945401150e-02,9.104878453956476159e-02,1.234702918212525619e-01,4.249958469461210392e-02,1.211030511102497431e-01,1.545905088875353106e-01,1.765324768813334166e-01,3.161858353175701908e-02,2.235865773298632286e-01,1.163131956365247299e-01,1.870812337338723097e-01,1.246193033944293649e-01,2.622099784041198034e-01,8.765712387175370046e-02,8.151060413090426005e-02,6.801317902430921436e-02,4.838307768979456525e-02,7.691455783819702019e-02,9.720914779334403899e-02,1.353203388891965342e-01,8.733872307436735261e-02,2.432305221773077009e-01,2.458469461210476825e-01,7.625006921756465050e-02,1.722271443601528229e-01,5.078631153441497403e-01,2.669998338778448166e-01,3.369787917381915077e-01,2.393266515310925324e-01,5.512486848662716959e-02,1.801179467301622372e-01
8.859848275098289663e-03,2.842073204496373129e-02,2.339553685143141992e-02,1.046569577495985379e-02,3.334902264798715599e-02,4.742787529763552862e-02,4.973974195691898553e-02,7.420122930394817094e-03,6.532753751592003388e-02,3.224154161359986392e-02,4.672185613821363409e-02,2.249570851099174859e-02,7.364748878675453359e-02,0.000000000000000000e+00,1.799656680879339887e-02,1.841187219668863340e-02,1.528323827454454789e-02,3.237997674289827543e-02,2.718865939420787511e-02,4.367628329364859480e-02,1.810731491223212947e-02,7.932332908798936377e-02,6.559056426158701991e-02,2.414308654964283582e-02,6.455230079184894054e-02,1.438064123151890916e-01,7.227698100670025549e-02,9.695996456060690383e-02,6.870535467080125802e-02,1.625228417963342498e-02,5.108256271111356883e-02,1.910404784318068400e-02,1.472949775735090533e-02,2.419846060136220112e-02,1.508942909352677282e-02,2.342322387729110084e-02,9.842737693117005471e-03,6.534138102884987954e-03,1.812115842516196992e-02,1.464643667977185912e-02,1.639071930893183301e-02,1.535245583919375365e-02,1.701367739077468133e-02,5.108256271111357577e-03,2.685641508389168767e-03,1.281909297303283728e-02,2.783930450191040434e-02,3.773741624674677164e-02,1.273603189545379107e-02,3.636690846669250743e-02,4.734481422005647894e-02,5.313140262473005360e-02,9.690459050888753506e-03,6.772246525278254048e-02,3.556398471676172623e-02,5.679993355113793774e-02,3.739132842350074981e-02,7.875574505786588075e-02,2.630267456669804424e-02,2.486294922199457427e-02,2.079295642062129607e-02,1.457721911512265336e-02,2.295254443767650449e-02,2.959743064400022217e-02,4.169666094468132272e-02,2.670413644166343484e-02,7.399357661000055542e-02,7.515643169610720931e-02,2.317404064455396220e-02,5.173320781881610153e-02,1.536768370341657919e-01,8.199512708344869338e-02,1.022897170385957122e-01,7.252616423943740454e-02,1.673680713217786178e-02,5.416966609446813297e-02
7.447809956254498875e-03,2.260645661443047919e-02,1.913173486904036838e-02,8.486073425992579980e-03,2.709175480369898498e-02,3.836037432858962343e-02,4.020156154825848399e-02,6.063458663270391603e-03,5.246691400409767697e-02,2.573509053657456122e-02,3.718367572955313255e-02,1.807962788637244508e-02,5.926407885264965009e-02,1.799656680879339887e-02,0.000000000000000000e+00,1.463259316684201866e-02,1.229303948169887563e-02,2.616423943739963620e-02,2.198349853258763087e-02,3.503793122542776112e-02,1.466028019270169958e-02,6.394318622293593268e-02,5.376820421950274237e-02,1.958857079572512427e-02,5.242538346530815907e-02,1.175175812614208948e-01,5.801816268896395346e-02,7.773132510105763837e-02,5.506949443490780083e-02,1.294368458940140659e-02,4.164128689296196090e-02,1.557395204607121136e-02,1.200232571017221389e-02,1.996234564483083396e-02,1.215460435240046586e-02,1.892408217509275112e-02,7.904645882939254770e-03,5.066725732321833604e-03,1.450800155047344761e-02,1.187773409380364284e-02,1.353895564538457226e-02,1.236225704634808138e-02,1.344205105487568559e-02,4.166897391882164008e-03,2.118057478265684881e-03,1.070103549476715196e-02,2.232958635583365617e-02,3.046957195858020911e-02,1.039647821031064803e-02,2.954205659228085687e-02,3.842959189323882918e-02,4.319176034110416146e-02,7.876958857079572121e-03,5.501412038318843900e-02,2.819923583808627357e-02,4.573896672019491655e-02,3.015117116119386473e-02,6.417852594274323086e-02,2.126363586023589242e-02,2.012846779998892638e-02,1.683371172268674845e-02,1.182236004208427928e-02,1.884102109751370491e-02,2.383852926518633536e-02,3.380585857467190841e-02,2.167894124813112694e-02,6.023312475773852370e-02,6.064843014563375823e-02,1.866105542942577203e-02,4.191815715155877697e-02,1.252422614762722097e-01,6.632427044686860229e-02,8.241043247134392791e-02,5.927792236557948707e-02,1.345589456780552605e-02,4.418849327205271599e-02
7.337061852815770883e-03,2.322941469627332750e-02,1.911789135611052792e-02,8.486073425992579980e-03,2.750706019159421950e-02,3.854033999667755978e-02,4.072761503959244911e-02,5.966554072761504068e-03,5.369898665485353662e-02,2.627498754083836333e-02,3.772357273381693465e-02,1.823190652860069705e-02,6.038540339996677220e-02,1.841187219668863340e-02,1.463259316684201866e-02,0.000000000000000000e+00,1.256990974029569691e-02,2.631651807962788470e-02,2.223268176532476950e-02,3.602082064344647866e-02,1.474334127028074579e-02,6.597818262362256658e-02,5.369898665485353662e-02,1.954704025693559943e-02,5.356055152555512511e-02,1.184174096018605626e-01,5.882108643889473465e-02,8.011240932499030798e-02,5.652306329254111472e-02,1.358048618417409537e-02,4.190431363862893999e-02,1.551857799435184607e-02,1.198848219724237170e-02,1.936707458884766656e-02,1.219613489118998896e-02,1.920095243368957413e-02,7.987706960518300980e-03,5.219004374550085569e-03,1.467412370563154177e-02,1.175314247743507352e-02,1.323439836092806833e-02,1.234841353341824093e-02,1.406500913671853391e-02,4.166897391882164008e-03,2.118057478265684881e-03,1.052106982667921735e-02,2.264798715322000056e-02,3.060800708787862062e-02,1.046569577495985379e-02,3.020654521291323003e-02,3.881721025527437585e-02,4.392546652638573690e-02,7.766210753640844129e-03,5.576167008139985837e-02,2.882219391992912189e-02,4.643114236668696715e-02,3.052494601029957441e-02,6.473226645993687689e-02,2.198349853258763087e-02,2.010078077412924200e-02,1.711058198128357147e-02,1.189157760673348503e-02,1.931170053712830126e-02,2.421230411429204157e-02,3.405504180740905051e-02,2.140207098953430392e-02,6.118832714989756033e-02,6.125754471454676608e-02,1.881333407165402399e-02,4.284567251785813269e-02,1.256990974029569830e-01,6.701644609336064595e-02,8.387784484190707879e-02,5.973475829226424644e-02,1.394041752034996459e-02,4.479760784096572385e-02
6.063458663270391603e-03,1.920095243368957413e-02,1.616922310205437877e-02,7.157096184727836270e-03,2.325710172213300841e-02,3.247688133340716210e-02,3.459493881167285262e-02,5.219004374550085569e-03,4.561437510382634897e-02,2.223268176532476950e-02,3.222769810067002694e-02,1.536629935212359410e-02,5.057035273270945458e-02,1.528323827454454789e-02,1.229303948169887563e-02,1.256990974029569691e-02,0.000000000000000000e+00,2.266183066614984101e-02,1.838418517082894901e-02,2.991583144138656655e-02,1.261144027908522001e-02,5.436347527548590630e-02,4.550362700038761837e-02,1.670912010631818087e-02,4.461764217287778750e-02,9.906417852594273654e-02,4.911678387507614069e-02,6.599202613655241745e-02,4.712331801317902469e-02,1.106096683094301945e-02,3.463646935046237052e-02,1.351126861952489135e-02,1.031341713273160182e-02,1.659837200287945028e-02,1.042416523617033068e-02,1.665374605459881557e-02,6.963287003710061200e-03,4.429924137549144832e-03,1.286062351182236038e-02,1.016113849050334986e-02,1.149011573176809270e-02,1.052106982667921735e-02,1.203001273603189480e-02,3.640843900548203227e-03,1.841187219668863166e-03,8.901378813887812769e-03,1.897945622681211642e-02,2.566587297192535547e-02,8.998283404396699436e-03,2.585968215294313227e-02,3.222769810067002694e-02,3.764051165623788497e-02,6.631042693393875490e-03,4.715100503903870560e-02,2.466914004097679747e-02,3.937095077246802188e-02,2.563818594606567455e-02,5.531867766764494293e-02,1.867489894235561249e-02,1.733207818816102919e-02,1.414807021429758012e-02,1.014729497757350940e-02,1.636303228307215210e-02,2.001771969655019578e-02,2.833767096738468508e-02,1.861952489063624719e-02,5.101334514646437002e-02,5.113793676283293760e-02,1.576776122708898470e-02,3.600697713051664167e-02,1.062628052494601072e-01,5.610775790464588020e-02,7.062960296804916827e-02,5.029348247411263156e-02,1.157317680934714065e-02,3.737748491057090588e-02
1.301290215405061235e-02,4.074145855252228610e-02,3.426269450135666084e-02,1.528323827454454789e-02,4.890913118112852342e-02,6.873304169666094587e-02,7.276150395924470271e-02,1.086715764992524438e-02,9.563098731934215058e-02,4.644498587961681108e-02,6.752865607176476714e-02,3.231075917824906968e-02,1.072456946674788247e-01,3.237997674289827543e-02,2.616423943739963620e-02,2.631651807962788470e-02,2.266183066614984101e-02,0.000000000000000000e+00,3.909408051387119887e-02,6.301567085663657697e-02,2.656570131236502680e-02,1.148319397530317282e-01,9.619857134946563360e-02,3.517636635472617262e-02,9.401129630655075120e-02,2.100614651974084812e-01,1.037986599479483879e-01,1.403870646215183426e-01,9.961791904313638257e-02,2.352012846779998750e-02,7.385514148070214391e-02,2.806080070878786206e-02,2.190043745500858466e-02,3.519020986765601655e-02,2.194196799379810603e-02,3.448419070823412202e-02,1.445262749875408405e-02,9.302840688853203366e-03,2.678719751924248452e-02,2.148513206711335013e-02,2.437842626945013400e-02,2.234342986876349663e-02,2.491832327371393610e-02,7.641619137272273946e-03,3.903870646215183617e-03,1.889639514923307020e-02,4.020156154825848399e-02,5.473725012459161599e-02,1.882717758458386445e-02,5.380973475829226721e-02,6.837311036048507318e-02,7.818816102774239774e-02,1.407885264964837436e-02,9.870424718976687772e-02,5.149786809900880336e-02,8.256271111357217640e-02,5.454344094357384265e-02,1.161609169942964676e-01,3.890027133285342553e-02,3.651918710892076286e-02,2.992967495431640701e-02,2.137438396367462301e-02,3.426269450135666084e-02,4.261033279805083451e-02,5.976244531812392735e-02,3.894180187164295037e-02,1.080347749044797551e-01,1.083393321889362659e-01,3.343208372556619873e-02,7.623622570463481352e-02,2.255246691400409897e-01,1.181820698820532645e-01,1.481117448363696854e-01,1.057644387839858230e-01,2.423999114015172596e-02,7.939254665263857647e-02
1.103327980508333854e-02,3.416578991084777417e-02,2.844841907082341220e-02,1.266681433080458531e-02,4.061686693615371851e-02,5.728445650368237108e-02,6.009468962844011219e-02,8.970596378537016788e-03,7.879727559665540559e-02,3.848496594495819101e-02,5.566476549089097170e-02,2.693947616147073648e-02,8.870923085442161682e-02,2.718865939420787511e-02,2.198349853258763087e-02,2.223268176532476950e-02,1.838418517082894901e-02,3.909408051387119887e-02,0.000000000000000000e+00,5.332521180574782693e-02,2.185890691621905982e-02,9.693227753474721597e-02,7.983553906639348496e-02,2.915443823024530673e-02,7.807741292430367408e-02,1.745390110194362798e-01,8.758790630710448777e-02,1.175314247743507456e-01,8.307492109197629759e-02,1.978237997674289761e-02,6.210199900326707212e-02,2.268951769200952540e-02,1.784428816656514691e-02,2.920981228196467203e-02,1.802425383465308326e-02,2.850379312254277750e-02,1.179467301622459663e-02,7.696993188991638375e-03,2.131900991195525771e-02,1.760894844675784873e-02,1.993465861897114957e-02,1.841187219668863340e-02,2.057146021374383835e-02,6.160363253779279138e-03,3.197851486793288657e-03,1.574007420122930379e-02,3.345977075142587964e-02,4.564206212968602988e-02,1.547704745556232296e-02,4.429924137549144658e-02,5.735367406833157683e-02,6.412315189102386903e-02,1.178082950329475617e-02,8.221662329032615457e-02,4.231961902652416757e-02,6.833157982169554834e-02,4.497757350905366019e-02,9.552023921590342692e-02,3.210310648430145936e-02,2.981892685087767988e-02,2.541668973918821683e-02,1.760894844675784873e-02,2.819923583808627357e-02,3.586854200121823016e-02,5.050113516806024883e-02,3.177086217398526757e-02,9.016279971205493071e-02,9.066116617752921492e-02,2.796389611827897539e-02,6.298798383077690299e-02,1.859183786477656697e-01,9.921645716817099891e-02,1.234979788471122497e-01,8.829392546652638230e-02,2.034996400686638410e-02,6.582590398139431809e-02
1.749820034331912161e-02,5.547095630987319143e-02,4.625117669859903774e-02,2.040533805858574593e-02,6.506451077025306173e-02,9.318068553076028215e-02,9.647544160806245661e-02,1.442494047289440140e-02,1.291322886095575551e-01,6.171438064123151851e-02,9.017664322498476770e-02,4.287335954371781360e-02,1.427681488454510261e-01,4.367628329364859480e-02,3.503793122542776112e-02,3.602082064344647866e-02,2.991583144138656655e-02,6.301567085663657697e-02,5.332521180574782693e-02,0.000000000000000000e+00,3.455340827288332778e-02,1.579544825294866839e-01,1.282739908079074120e-01,4.674954316407331500e-02,1.263912730494490266e-01,2.816601140705465300e-01,1.422282518411872310e-01,1.887839858242427726e-01,1.348635029625117610e-01,3.179854919984495543e-02,9.956254499141702075e-02,3.617309928567473409e-02,2.843457555789357175e-02,4.687413478044188259e-02,2.919596876903483157e-02,4.601583697879173956e-02,1.917326540782988975e-02,1.255606622736585645e-02,3.405504180740905051e-02,2.865607176477102946e-02,3.208926297137161543e-02,2.980508333794783596e-02,3.323827454454842539e-02,9.801207154327482365e-03,5.205160861620245112e-03,2.501522786422282624e-02,5.415582258153828904e-02,7.391051553242150574e-02,2.479373165734536852e-02,7.085109917492662945e-02,9.311146796611108334e-02,1.029957361980176067e-01,1.899329973974195687e-02,1.338806135444930434e-01,6.881610277423999555e-02,1.102220499473946513e-01,7.179245805415582216e-02,1.526801041032172235e-01,5.170552079295642062e-02,4.795392878896948680e-02,4.104601583697879003e-02,2.828229691566531978e-02,4.543440943573841262e-02,5.818428484412204588e-02,8.247965003599312672e-02,5.075031840079738399e-02,1.465612713882274709e-01,1.469765767761227193e-01,4.476992081510604293e-02,1.015836978791738177e-01,2.989921922587075453e-01,1.617199180464034547e-01,1.998172656293260852e-01,1.436956642117503680e-01,3.307215238939033297e-02,1.057505952710559860e-01
7.378592391605293989e-03,2.242649094634254284e-02,1.899329973974195687e-02,8.416855861343374226e-03,2.770086937261199284e-02,3.782047732432582132e-02,4.087989368182069760e-02,6.132676227919596490e-03,5.260534913339608848e-02,2.645495320892629620e-02,3.816656514757185009e-02,1.860568137770640673e-02,5.992856747328201977e-02,1.810731491223212947e-02,1.466028019270169958e-02,1.474334127028074579e-02,1.261144027908522001e-02,2.656570131236502680e-02,2.185890691621905982e-02,3.455340827288332778e-02,0.000000000000000000e+00,6.311257544714546364e-02,5.383742178415194812e-02,1.969931889916385140e-02,5.260534913339608848e-02,1.177252339553685190e-01,5.740904812005094560e-02,7.843734426047953290e-02,5.520792956420621234e-02,1.320671133506838742e-02,4.153053878952323030e-02,1.596157040810676150e-02,1.216844786533030631e-02,1.979622348967273807e-02,1.222382191704966987e-02,1.918710892075973368e-02,7.973863447588460523e-03,5.163630322830721139e-03,1.521402070989534387e-02,1.194695165845284859e-02,1.370507780054266642e-02,1.250069217564649289e-02,1.369123428761282422e-02,4.333019547040257297e-03,2.145744504125366662e-03,1.064566144304778840e-02,2.239880392048286192e-02,3.016501467412370519e-02,1.059028739132842310e-02,3.044188493272052820e-02,3.750207652693947347e-02,4.416080624619303507e-02,7.876958857079572121e-03,5.454344094357384265e-02,2.893294202336784901e-02,4.643114236668696715e-02,3.120327814386178802e-02,6.564593831330638174e-02,2.170662827399080785e-02,2.044686859737527077e-02,1.677833767096738316e-02,1.211307381361094275e-02,1.907636081732100308e-02,2.357550251951935280e-02,3.298909131181128329e-02,2.196965501965778694e-02,5.977628883105377128e-02,6.003931557672075037e-02,1.866105542942577203e-02,4.225040146187496876e-02,1.263635860235893527e-01,6.549365967107813324e-02,8.282573785923916243e-02,5.868265130959632314e-02,1.335898997729663938e-02,4.450689406943906384e-02
