0.000000000000000000e+00,1.763339019942349387e-02,1.561856579798811748e-02,7.897523383728455304e-03,2.591328901700100037e-02,3.431084181422436319e-02,4.153185481498911785e-02,7.279839990587681949e-03,4.401729513500794028e-02,2.403082534266721623e-02,3.369315842108359244e-02,2.022177775163245053e-02,5.601800105888581766e-02,1.404494382022471871e-02,1.658921113006647449e-02,1.425083828460497679e-02,6.794517324548502574e-03,1.511853638449320476e-02,2.107476910406494430e-02,3.744337902229542825e-02,1.910406494499676533e-02,6.315077357491617749e-02,4.909112300723571937e-02,1.689805282663685987e-02,4.148773457262192044e-02,9.466733337255132941e-02,5.223836696276251690e-02,7.823989646449791557e-02,4.850285310900641356e-02,1.369198188128713418e-02,3.548738161068298175e-02,1.401553032531325377e-02,1.005941525972115988e-02,1.728042826048591107e-02,9.147596917465732752e-03,1.613330195893876093e-02,7.941643626095652719e-03,5.603270780634155013e-03,1.482440143537855186e-02,1.128007529854697412e-02,1.394199658803458967e-02,9.809400552973704390e-03,1.458909347608682884e-02,3.470792399552914947e-03,3.617859874110241833e-03,1.135360903582563648e-02,1.985410906523913180e-02,2.094240837696335206e-02,7.426907465145008401e-03,2.719277604564974277e-02,3.461968351079475203e-02,3.897288075769162613e-02,1.066239190540619990e-02,4.181128301664803482e-02,2.573680804753220724e-02,3.700217659862344716e-02,2.957526913347844136e-02,5.197364550855932547e-02,1.747161597741043668e-02,1.964821460085887372e-02,1.142714277310430057e-02,9.618212836049178788e-03,1.814812636037414079e-02,2.042767221601270514e-02,3.453144302606035720e-02,2.182481322430731077e-02,5.520912994882051783e-02,5.148832284252014696e-02,1.350079416436261032e-02,4.089946467439261463e-02,1.142861344784987382e-01,5.297370433554914743e-02,7.147479263486086754e-02,5.354726748632272770e-02,1.178010471204188510e-02,4.217895170304135355e-02
1.763339019942349387e-02,0.000000000000000000e+00,2.557503382551914659e-02,1.303017824577916428e-02,4.294370257073945596e-02,5.691511265368551231e-02,6.925407376904524348e-02,1.155950350020589455e-02,7.365139125830931499e-02,3.982587211012412337e-02,5.547385140302370926e-02,3.238425789752338163e-02,9.382904876757455770e-02,2.376610388846402827e-02,2.656038590505323954e-02,2.419259956468027689e-02,1.136831578328136895e-02,2.578092828989940466e-02,3.463439025825048451e-02,6.207718101064768623e-02,3.035472674863227277e-02,1.057268074592623147e-01,8.043120183540208856e-02,2.736925701511853590e-02,6.970998294017295704e-02,1.539796458615212693e-01,8.665215600917701433e-02,1.311694805576798517e-01,8.168127536913935560e-02,2.292781928348726350e-02,5.778281075357374202e-02,2.285428554620860114e-02,1.651567739278781213e-02,2.797223366080357765e-02,1.478028119301135444e-02,2.729572327783987354e-02,1.333901994234954966e-02,9.250544149655861789e-03,2.410435907994587859e-02,1.863344902641331929e-02,2.257485734454968071e-02,1.610388846402729598e-02,2.441320077651626397e-02,5.867992234837342974e-03,5.823871992470145559e-03,1.823636684510853562e-02,3.361962468380493008e-02,3.473733749044061181e-02,1.233896111535972770e-02,4.613506676863345091e-02,5.788575798576386933e-02,6.576857462203658522e-02,1.750102947232190162e-02,7.057768104006117982e-02,4.250250014706747487e-02,6.135655038531678124e-02,4.672333666686275672e-02,8.675510324136713469e-02,2.950173539619977553e-02,3.209012294840873220e-02,1.948644037884581307e-02,1.575092652508970972e-02,3.019295252661921211e-02,3.400200011765398128e-02,5.763574327901641037e-02,3.485499147008647852e-02,9.291723042531913057e-02,8.534325548561680352e-02,2.144243779045826304e-02,6.909229954703217935e-02,1.882904876757456325e-01,8.881404788516972237e-02,1.205070886522736640e-01,8.994646743926112964e-02,2.029531148891111289e-02,7.021001235366786108e-02
1.561856579798811748e-02,2.557503382551914659e-02,0.000000000000000000e+00,1.129478204600270659e-02,3.723748455791517364e-02,5.053238425789752242e-02,6.043002529560562164e-02,1.036825695629154699e-02,6.463615506794517795e-02,3.466380375316194945e-02,4.869404082593093569e-02,2.845755632684275616e-02,8.226954526736866835e-02,2.092770162950761959e-02,2.383963762574269063e-02,2.126595682098946991e-02,1.005941525972115988e-02,2.276604506147420284e-02,3.103123713159597688e-02,5.495911524207306581e-02,2.710453556091534794e-02,9.329960585916818872e-02,7.109241720101182327e-02,2.438378728160479902e-02,6.143008412259544360e-02,1.361991881875404542e-01,7.685746220365903547e-02,1.148596976292723115e-01,7.246014471439496396e-02,2.028060474145538042e-02,5.148832284252014696e-02,1.970704159068180361e-02,1.455967998117536390e-02,2.472204247308665281e-02,1.307429848814636170e-02,2.382493087828695816e-02,1.155950350020589455e-02,8.103417848108711644e-03,2.089828813459615117e-02,1.638331666568621642e-02,1.989822930760632921e-02,1.414789105241484775e-02,2.142773104300253056e-02,4.897346902758985959e-03,5.220895346785104675e-03,1.605976822166009857e-02,2.938408141655391576e-02,3.103123713159597688e-02,1.079475263250779388e-02,3.979645861521265843e-02,5.090005294429084115e-02,5.670921818930525077e-02,1.530972410141773037e-02,6.184187305135595975e-02,3.706100358844637704e-02,5.345902700158832593e-02,4.091417142184834710e-02,7.621036531560680671e-02,2.583975527972233802e-02,2.848696982175422110e-02,1.694217306900406075e-02,1.378022236602153075e-02,2.645743867286310877e-02,3.020765927407494458e-02,5.122360138831696247e-02,3.051650097064533343e-02,8.190187658097534962e-02,7.541620095299723936e-02,1.914818518736396274e-02,6.037119830578269175e-02,1.657156303311959622e-01,7.868109888816988973e-02,1.050944173186657976e-01,7.956350373551385191e-02,1.767751044179069475e-02,6.123889640567092146e-02
7.897523383728455304e-03,1.303017824577916428e-02,1.129478204600270659e-02,0.000000000000000000e+00,1.933937290428848835e-02,2.528089887640449368e-02,3.098711688922877946e-02,5.103241367139243166e-03,3.282546032119536272e-02,1.786869815871521688e-02,2.511912465439143649e-02,1.447143949644096733e-02,4.191423024883816906e-02,1.055944467321607086e-02,1.198599917642214317e-02,1.064768515795046742e-02,5.044414377316312412e-03,1.126536855109123991e-02,1.533913759632919531e-02,2.731043002529560601e-02,1.369198188128713418e-02,4.645861521265956529e-02,3.594329078181069531e-02,1.213306665097946963e-02,3.067827519265839062e-02,6.878345785046179051e-02,3.834049061709512290e-02,5.828284016706865300e-02,3.601682451908935767e-02,1.008882875463262482e-02,2.585446202717807049e-02,1.030942996646861537e-02,7.471027707512206684e-03,1.260368256956291566e-02,6.632743102535443649e-03,1.210365315606800468e-02,5.867992234837342974e-03,4.147302782516618623e-03,1.089769986469792291e-02,8.382846049767633811e-03,1.026530972410141795e-02,7.338666980410612703e-03,1.098594034943231948e-02,2.676628036943349762e-03,2.603094299664686102e-03,8.338725807400434661e-03,1.482440143537855186e-02,1.532443084887346284e-02,5.603270780634155013e-03,2.072180716512736151e-02,2.576622154244367219e-02,2.954585563856697294e-02,7.809282898994058739e-03,3.122242484852050248e-02,1.919230542973116016e-02,2.761927172186599139e-02,2.122183657862227249e-02,3.898758750514735860e-02,1.319195246779222321e-02,1.442731925407376818e-02,8.603447261603624358e-03,7.103359021118889685e-03,1.339784693217248128e-02,1.516265662686040391e-02,2.531031237131595862e-02,1.579504676745691061e-02,4.067886346255662061e-02,3.800223542561326912e-02,9.529972351314783957e-03,3.054591446555679837e-02,8.385787399258780306e-02,3.922289546443908509e-02,5.351785399141126276e-02,3.963468439319960124e-02,8.809341725983880697e-03,3.142831931290075709e-02
2.591328901700100037e-02,4.294370257073945596e-02,3.723748455791517364e-02,1.933937290428848835e-02,0.000000000000000000e+00,8.328431084181422972e-02,1.016971586563915481e-01,1.685393258426966245e-02,1.074474969115830347e-01,5.873874933819636657e-02,8.197541031825401892e-02,4.807635743279016494e-02,1.376845696805694408e-01,3.447261603623742732e-02,3.939937643390787475e-02,3.511971292428966301e-02,1.678039884699100009e-02,3.734043179010530095e-02,5.072357197482205149e-02,8.957879875286781091e-02,4.498794046708629729e-02,1.531854814989117020e-01,1.176833931407729877e-01,4.044355550326490106e-02,1.016971586563915481e-01,2.264986175657391632e-01,1.264339078769339264e-01,1.913347843990823027e-01,1.187716924524972045e-01,3.341373021942467547e-02,8.531384199070533858e-02,3.414906759221130600e-02,2.429554679687040419e-02,4.139949408788752561e-02,2.192776045649744154e-02,3.992881934231425067e-02,1.961880110594740878e-02,1.353020765927407526e-02,3.591387728689923037e-02,2.726630978292840859e-02,3.329607623977880876e-02,2.382493087828695816e-02,3.575210306488617318e-02,8.662274251426554245e-03,8.544620271780692736e-03,2.714865580328254535e-02,4.888522854285546476e-02,5.048826401553032500e-02,1.835402082475439886e-02,6.816577445732101281e-02,8.453438437555149676e-02,9.665274427907523391e-02,2.566327431025354489e-02,1.028589917053944341e-01,6.298899935290311336e-02,9.079945879169362688e-02,6.975410318254014752e-02,1.275957409259368125e-01,4.313489028766397809e-02,4.742926054473792230e-02,2.808988764044943742e-02,2.328078122242484976e-02,4.387022766045061556e-02,4.995882110712394908e-02,8.351961880110594927e-02,5.184128478145773322e-02,1.343608447555738605e-01,1.249632331313606654e-01,3.147243955526795450e-02,1.008147538090475859e-01,2.760750632390140402e-01,1.290811224189658268e-01,1.755103241367139133e-01,1.305812106594505528e-01,2.928113418436378498e-02,1.030060591799517589e-01
3.431084181422436319e-02,5.691511265368551231e-02,5.053238425789752242e-02,2.528089887640449368e-02,8.328431084181422972e-02,0.000000000000000000e+00,1.354932643096652678e-01,2.310430025295605663e-02,1.442584857932819598e-01,7.696040943584916971e-02,1.078004588505206141e-01,6.282722513089004923e-02,1.835549149949997072e-01,4.641449497029236787e-02,5.251779516442143386e-02,4.742926054473792230e-02,2.245720336490381747e-02,5.109124066121536328e-02,6.822460144714395658e-02,1.204776751573621990e-01,5.920936525677981260e-02,2.068945232072474938e-01,1.576269192305429778e-01,5.435613859638802059e-02,1.366550973586681539e-01,3.023119007000411584e-01,1.701423613153714987e-01,2.549267603976704266e-01,1.605535619742337883e-01,4.463497852814871797e-02,1.139919995293840749e-01,4.489969998235190246e-02,3.247249838225777646e-02,5.460615330313547955e-02,2.903111947761632949e-02,5.301782457791634484e-02,2.586916877463380296e-02,1.794223189599388271e-02,4.720865933290193522e-02,3.647273369021707123e-02,4.412024236719806758e-02,3.175186775692687841e-02,4.698805812106594815e-02,1.122124830872404250e-02,1.135360903582563648e-02,3.597270427672216025e-02,6.581269486440378957e-02,6.859227013353726143e-02,2.432496029178186914e-02,8.943173127831048619e-02,1.137566915700923553e-01,1.275516206835696220e-01,3.423730807694570083e-02,1.380081181245955690e-01,8.222542502500146400e-02,1.194482028354609121e-01,9.072592505441497146e-02,1.697893993764339193e-01,5.679745867403965254e-02,6.326842755456203726e-02,3.825225013236072807e-02,3.069298194011412309e-02,5.854756162127183750e-02,6.719512912524265580e-02,1.131831284193187820e-01,6.803341373021942751e-02,1.820842402494264323e-01,1.681422436613918547e-01,4.238484616742161509e-02,1.353314900876522175e-01,3.697717512794870265e-01,1.751720689452320734e-01,2.338078710512383196e-01,1.775545620330607755e-01,3.954644390846520641e-02,1.371698335196188112e-01
4.153185481498911785e-02,6.925407376904524348e-02,6.043002529560562164e-02,3.098711688922877946e-02,1.016971586563915481e-01,1.354932643096652678e-01,0.000000000000000000e+00,2.756044473204306150e-02,1.752308959350550033e-01,9.449085240308253975e-02,1.322283663744926174e-01,7.719571739514088926e-02,2.224836755103241359e-01,5.584152008941702799e-02,6.338608153420789704e-02,5.709159362315430197e-02,2.723689628801694365e-02,6.103300194129066686e-02,8.228425201482440776e-02,1.454497323371962969e-01,7.225425025001470936e-02,2.489264074357315226e-01,1.905553267839284748e-01,6.556268015765633062e-02,1.653185481498911646e-01,3.661097711630095786e-01,2.053503147243955496e-01,3.092681922466027356e-01,1.934084357903406159e-01,5.403259015236190621e-02,1.378463439025824910e-01,5.522383669627625030e-02,3.950232366609800899e-02,6.665097946938054740e-02,3.548738161068298175e-02,6.445967409847637442e-02,3.156068004000235627e-02,2.197188069886463896e-02,5.838578739925878031e-02,4.429672333666686418e-02,5.382669568798164467e-02,3.866403906112124422e-02,5.762103653156067790e-02,1.397141008294605635e-02,1.380963586093299569e-02,4.362021295370315660e-02,7.941643626095652719e-02,8.185775633860815914e-02,2.967821636566856866e-02,1.100064709688805265e-01,1.372433672568974528e-01,1.565680334137302121e-01,4.160538855226778021e-02,1.666715689158185798e-01,1.012265427378081090e-01,1.464792046590975838e-01,1.118448144008471062e-01,2.066445085005000348e-01,6.950408847579268856e-02,7.650450026472145615e-02,4.601741278898758419e-02,3.736984528501676589e-02,7.107771045355609774e-02,8.097535149126419696e-02,1.353020765927407387e-01,8.353432554856167480e-02,2.184393199599976576e-01,2.024089652332490274e-01,5.092946643920230609e-02,1.638331666568621781e-01,4.471880698864639236e-01,2.103359021118889338e-01,2.836196246838049162e-01,2.126889817048061571e-01,4.763515500911818384e-02,1.667451026530972491e-01
7.279839990587681949e-03,1.155950350020589455e-02,1.036825695629154699e-02,5.103241367139243166e-03,1.685393258426966245e-02,2.310430025295605663e-02,2.756044473204306150e-02,0.000000000000000000e+00,2.951644214365550800e-02,1.592740749455850285e-02,2.211894817342196715e-02,1.329489969998235224e-02,3.725219130537090612e-02,9.456438614036119863e-03,1.097123360197658701e-02,9.618212836049178788e-03,4.573798458732866376e-03,1.032413671392434784e-02,1.407435731513618365e-02,2.476616271545385023e-02,1.248602858991705415e-02,4.212012471321842366e-02,3.257544561444791070e-02,1.135360903582563648e-02,2.760456497441025892e-02,6.291546561562444406e-02,3.491381845990940841e-02,5.213541973057238960e-02,3.261956585681510812e-02,8.971115947996941356e-03,2.356020942408377020e-02,9.221130654744396846e-03,6.882757809282899139e-03,1.155950350020589455e-02,6.029766456850402766e-03,1.083887287487499303e-02,5.279722336608035430e-03,3.809047591034766568e-03,9.794693805517971918e-03,7.573974939702335721e-03,9.368198129301723298e-03,6.603329607623977839e-03,9.838814047885169334e-03,2.323666098005765235e-03,2.411906582740161367e-03,7.529854697335137438e-03,1.326548620507088730e-02,1.411847755750338280e-02,4.941467145126184242e-03,1.798635213836108013e-02,2.316312724277898652e-02,2.588387552208953543e-02,7.147479263486087100e-03,2.807518089299370495e-02,1.689805282663685987e-02,2.431025354432613667e-02,1.914818518736396274e-02,3.456085652097182215e-02,1.169186422730748853e-02,1.307429848814636170e-02,7.706335666803929701e-03,6.279781163597859123e-03,1.210365315606800468e-02,1.367727513383140171e-02,2.307488675804459169e-02,1.429495852697217420e-02,3.728160480028237106e-02,3.441378904641449743e-02,8.897582210718277262e-03,2.753103123713159656e-02,7.646038002235425179e-02,3.578151655979763812e-02,4.751750102947232407e-02,3.613447849873521744e-02,7.750455909171127984e-03,2.820754162009530067e-02
4.401729513500794028e-02,7.365139125830931499e-02,6.463615506794517795e-02,3.282546032119536272e-02,1.074474969115830347e-01,1.442584857932819598e-01,1.752308959350550033e-01,2.951644214365550800e-02,0.000000000000000000e+00,9.937349255838578976e-02,1.387728689922936576e-01,8.059297605741513881e-02,2.376610388846402688e-01,6.018001058885816962e-02,6.715100888287546532e-02,6.145949761750691548e-02,2.898699923524913208e-02,6.619507029825283384e-02,8.750514736160951157e-02,1.557297488087534543e-01,7.587211012412495292e-02,2.670010000588269872e-01,2.029678216365668475e-01,6.948938172833696303e-02,1.768486381551855890e-01,3.887287487499264671e-01,2.195717395140890649e-01,3.302106006235661084e-01,2.073945526207423840e-01,5.762103653156067790e-02,1.459497617506912148e-01,5.791517148067533427e-02,4.167892228954644257e-02,7.009235837402200131e-02,3.729631154773810353e-02,6.885699158774045980e-02,3.348726395670333783e-02,2.308959350550032416e-02,6.088593446673333520e-02,4.707629860580034298e-02,5.657685746220365852e-02,4.063474322018942320e-02,6.101829519383493439e-02,1.458909347608682884e-02,1.461850697099829378e-02,4.625272074827931068e-02,8.503441378904641468e-02,8.812283075475027538e-02,3.138419907053355967e-02,1.155509147596917446e-01,1.467586328607565216e-01,1.652597211600682348e-01,4.428201658921113171e-02,1.786575680922407316e-01,1.064474380845932128e-01,1.541708335784457984e-01,1.163891993646685163e-01,2.196011530090005159e-01,7.376904523795517477e-02,8.097535149126419696e-02,4.948820518854050304e-02,3.969351138302253112e-02,7.601917759868227764e-02,8.647567503970822467e-02,1.459791752456026936e-01,8.738749338196365180e-02,2.354550267662803564e-01,2.169686452144243827e-01,5.432672510147655565e-02,1.747896935113830152e-01,4.759397611624213154e-01,2.256456262133066659e-01,3.034884404964998117e-01,2.282781340078828269e-01,5.134125536796282224e-02,1.768192246602741380e-01
2.403082534266721623e-02,3.982587211012412337e-02,3.466380375316194945e-02,1.786869815871521688e-02,5.873874933819636657e-02,7.696040943584916971e-02,9.449085240308253975e-02,1.592740749455850285e-02,9.937349255838578976e-02,0.000000000000000000e+00,7.606329784104946812e-02,4.429672333666686418e-02,1.269045237955173933e-01,3.264897935172657306e-02,3.592858403435496284e-02,3.284016706865109519e-02,1.548620507088652350e-02,3.495793870227660582e-02,4.712041884816754039e-02,8.372551326548620387e-02,4.139949408788752561e-02,1.431407729866462641e-01,1.088887581622448447e-01,3.729631154773810353e-02,9.457909288781693458e-02,2.092917230425319075e-01,1.179334078475204467e-01,1.779957644567327357e-01,1.103741396552738452e-01,3.111947761633037171e-02,7.893111359491734869e-02,3.114889111124183665e-02,2.247191011235954994e-02,3.791399494087887428e-02,1.978057532796046944e-02,3.756103300194128802e-02,1.826578034002000056e-02,1.247132184246132168e-02,3.306076828048708921e-02,2.553091358315194917e-02,3.089887640449438116e-02,2.188364021413024413e-02,3.328136949232307629e-02,8.044590858285781756e-03,8.000470615918582606e-03,2.506029766456850313e-02,4.537031590093534850e-02,4.689981763633154638e-02,1.700100005882699064e-02,6.316548032237190302e-02,7.788693452556032237e-02,8.974057297488087503e-02,2.358962291899523514e-02,9.549091123007236170e-02,5.860638861109476738e-02,8.363727278075180904e-02,6.407729866462733015e-02,1.184187305135596252e-01,4.016412730160597716e-02,4.367903994352608649e-02,2.635449144067298147e-02,2.141302429554679809e-02,4.073769045237955050e-02,4.623801400082357821e-02,7.725454438496381915e-02,4.763515500911818384e-02,1.242278957585740279e-01,1.152714865580328207e-01,2.875169127595740906e-02,9.335843284899111860e-02,2.560297664568503828e-01,1.205953291370080588e-01,1.638331666568621781e-01,1.215806812165421552e-01,2.741337725748573331e-02,9.513794929113476850e-02
3.369315842108359244e-02,5.547385140302370926e-02,4.869404082593093569e-02,2.511912465439143649e-02,8.197541031825401892e-02,1.078004588505206141e-01,1.322283663744926174e-01,2.211894817342196715e-02,1.387728689922936576e-01,7.606329784104946812e-02,0.000000000000000000e+00,6.209188775810341870e-02,1.778928172245426154e-01,4.520854167892229131e-02,5.060591799517618478e-02,4.557621036531561004e-02,2.156009177010412281e-02,4.825283840225895460e-02,6.588622860168244499e-02,1.167421613036060957e-01,5.803282546032119404e-02,1.988499323489616999e-01,1.527736925701511927e-01,5.204717924583798783e-02,1.317724572033648900e-01,2.932819577622213236e-01,1.645390905347373367e-01,2.485587387493382039e-01,1.542737808106359187e-01,4.328195776222130975e-02,1.102123654332607811e-01,4.410553561974233511e-02,3.173716100947114593e-02,5.345902700158832593e-02,2.825166186246249808e-02,5.234131419495264420e-02,2.566327431025354489e-02,1.744220248249897173e-02,4.625272074827931068e-02,3.576680981234190565e-02,4.331137125713277469e-02,3.075180892993705645e-02,4.676745690922995413e-02,1.117712806635684508e-02,1.119183481381257755e-02,3.519324666156832537e-02,6.343020177657508751e-02,6.565092064239072545e-02,2.382493087828695816e-02,8.859344667333372836e-02,1.092711335960938890e-01,1.252132478381081104e-01,3.301664803811989179e-02,1.335078534031413633e-01,8.141655391493617111e-02,1.171392434849108793e-01,8.991705394434966470e-02,1.648038119889405351e-01,5.648861697746926369e-02,6.113594917348079416e-02,3.660509441731866348e-02,2.989881757750455921e-02,5.690040590622977984e-02,6.462144832048943854e-02,1.085652097182187165e-01,6.663627272192482187e-02,1.745396788046355563e-01,1.614065533266662855e-01,4.062003647273369072e-02,1.304341431848932420e-01,3.576828048708747820e-01,1.677745749749985360e-01,2.279987058062238892e-01,1.698335196188011098e-01,3.816400964762633324e-02,1.335372668980528144e-01
2.022177775163245053e-02,3.238425789752338163e-02,2.845755632684275616e-02,1.447143949644096733e-02,4.807635743279016494e-02,6.282722513089004923e-02,7.719571739514088926e-02,1.329489969998235224e-02,8.059297605741513881e-02,4.429672333666686418e-02,6.209188775810341870e-02,0.000000000000000000e+00,1.035207953409024023e-01,2.625154420848285070e-02,2.982528384022589685e-02,2.645743867286310877e-02,1.257426907465145072e-02,2.817812812518383572e-02,3.847285134419671515e-02,6.809224072004235739e-02,3.454614977351608968e-02,1.162568386375669172e-01,8.974057297488087503e-02,3.097241014177304699e-02,7.665156773927878087e-02,1.730101770692393792e-01,9.584387316900994103e-02,1.445232072474851581e-01,8.907876933937290687e-02,2.523677863403729627e-02,6.523913171363021624e-02,2.576622154244367219e-02,1.855991528913465347e-02,3.160480028236955369e-02,1.653038414024354461e-02,3.032531325372080783e-02,1.482440143537855186e-02,1.019177598682275386e-02,2.732513677275133848e-02,2.079534090240602387e-02,2.550150008824048423e-02,1.813341961291840831e-02,2.716336255073827782e-02,6.515089122889582141e-03,6.618036355079710310e-03,2.095711512441908453e-02,3.659038766986293101e-02,3.810518265780340336e-02,1.386846285075592732e-02,5.123830813577269494e-02,6.341549502911936198e-02,7.284252014824400823e-02,1.929525266192129093e-02,7.728395787987528409e-02,4.750279428201659160e-02,6.828342843696688647e-02,5.372374845579151736e-02,9.613800811812459046e-02,3.273721983646096789e-02,3.604623801400082261e-02,2.117771633625507507e-02,1.744220248249897173e-02,3.304606153303135674e-02,3.764927348667568979e-02,6.269486440378846392e-02,3.963468439319960124e-02,1.006088593446673313e-01,9.363786105065004250e-02,2.388375786810988805e-02,7.565150891228895891e-02,2.096152714865580358e-01,9.754985587387493551e-02,1.322724866168598079e-01,9.899111712453673162e-02,2.213365492087769962e-02,7.762221307135713788e-02
5.601800105888581766e-02,9.382904876757455770e-02,8.226954526736866835e-02,4.191423024883816906e-02,1.376845696805694408e-01,1.835549149949997072e-01,2.224836755103241359e-01,3.725219130537090612e-02,2.376610388846402688e-01,1.269045237955173933e-01,1.778928172245426154e-01,1.035207953409024023e-01,0.000000000000000000e+00,7.591623036649214340e-02,8.581387140420024262e-02,7.773986705100299766e-02,3.682569562915465750e-02,8.349020530619448432e-02,1.114918524619095269e-01,1.980410612388963931e-01,9.725572092476028607e-02,3.390199423495499631e-01,2.580004706159185757e-01,8.859344667333372836e-02,2.245279134066709703e-01,4.942349549973527600e-01,2.787075710335902290e-01,4.188187540443555346e-01,2.633390199423495392e-01,7.343079004647332098e-02,1.859521148302841209e-01,7.387199247014530901e-02,5.317959879992940897e-02,8.940231778339902124e-02,4.756162127183952149e-02,8.704923819048179801e-02,4.256132713689040475e-02,2.966350961821283619e-02,7.813694923230778133e-02,5.985646214483204830e-02,7.228366374492617430e-02,5.207659274074945277e-02,7.772516030354727212e-02,1.864815577386905177e-02,1.863344902641331929e-02,5.875345608565209904e-02,1.075651508912288945e-01,1.117124536737455209e-01,4.001705982704865244e-02,1.476704512030119487e-01,1.862609565268545098e-01,2.106741573033707737e-01,5.616506853344314237e-02,2.262486028589917042e-01,1.359344667333372558e-01,1.966880404729690057e-01,1.494793811400670636e-01,2.796782163656685860e-01,9.402023648449908677e-02,1.034325548561680075e-01,6.272427789869992887e-02,5.051767751044178995e-02,9.641743631978351436e-02,1.098888169892346667e-01,1.845255603270780642e-01,1.119477616330372405e-01,2.978116359785869527e-01,2.750602976645685205e-01,6.882757809282899486e-02,2.221454203188422960e-01,6.046679216424495351e-01,2.860021177716336460e-01,3.850667686334490192e-01,2.891934819695275993e-01,6.488616977469262304e-02,2.251750102947232268e-01
1.404494382022471871e-02,2.376610388846402827e-02,2.092770162950761959e-02,1.055944467321607086e-02,3.447261603623742732e-02,4.641449497029236787e-02,5.584152008941702799e-02,9.456438614036119863e-03,6.018001058885816962e-02,3.264897935172657306e-02,4.520854167892229131e-02,2.625154420848285070e-02,7.591623036649214340e-02,0.000000000000000000e+00,2.175127948702864841e-02,1.954526736866874642e-02,9.500558856403317279e-03,2.101594211424201442e-02,2.820754162009530067e-02,4.994411435966821661e-02,2.466321548326372293e-02,8.559327019236426248e-02,6.518030472380728635e-02,2.257485734454968071e-02,5.673863168421671571e-02,1.249191128889934749e-01,7.104829695864463279e-02,1.062856638625801486e-01,6.704806165068533108e-02,1.889817048061650726e-02,4.707629860580034298e-02,1.857462203659038594e-02,1.336843343726101460e-02,2.220718865815636198e-02,1.183893170186481499e-02,2.188364021413024413e-02,1.080945937996352808e-02,7.500441202423671627e-03,1.953056062121301395e-02,1.476557444555562024e-02,1.798635213836108013e-02,1.280957703394317374e-02,1.975116183304900450e-02,4.706159185834461224e-03,4.720865933290193696e-03,1.483910818283428433e-02,2.719277604564974277e-02,2.826636860991823055e-02,1.007412200717689235e-02,3.751691275957409061e-02,4.670862991940702424e-02,5.319430554738514144e-02,1.417730454732631269e-02,5.726807459262309857e-02,3.476675098535207675e-02,5.026766280369433793e-02,3.811988940525913583e-02,7.032766633331372086e-02,2.397199835284428635e-02,2.653097241014177460e-02,1.582446026236837555e-02,1.288311077122183609e-02,2.428084004941467172e-02,2.792811341843638023e-02,4.639978822283663540e-02,2.867815753867874670e-02,7.482793105476792661e-02,6.929819401141243396e-02,1.745690922995470420e-02,5.631213600800047403e-02,1.529501735396199824e-01,7.223954350255896995e-02,9.684393199599976298e-02,7.310724160244720660e-02,1.629507618095182159e-02,5.638566974527913639e-02
1.658921113006647449e-02,2.656038590505323954e-02,2.383963762574269063e-02,1.198599917642214317e-02,3.939937643390787475e-02,5.251779516442143386e-02,6.338608153420789704e-02,1.097123360197658701e-02,6.715100888287546532e-02,3.592858403435496284e-02,5.060591799517618478e-02,2.982528384022589685e-02,8.581387140420024262e-02,2.175127948702864841e-02,0.000000000000000000e+00,2.182481322430731077e-02,1.039767045120301193e-02,2.350138243426084031e-02,3.176657450438261088e-02,5.607682804870874754e-02,2.819283487263956819e-02,9.571151244190834184e-02,7.407788693452556361e-02,2.570739455262074230e-02,6.356256250367668670e-02,1.426260368256956346e-01,7.968115771515971169e-02,1.194482028354609121e-01,7.487205129713513097e-02,2.079534090240602387e-02,5.378257544561444725e-02,2.100123536678628194e-02,1.528031060650626542e-02,2.603094299664686015e-02,1.382434260838872817e-02,2.472204247308665281e-02,1.203011941878934059e-02,8.397552797223366283e-03,2.198658744632037143e-02,1.698629331137125817e-02,2.086887463968468623e-02,1.483910818283428433e-02,2.192776045649744154e-02,5.191481851873639732e-03,5.397376316253896938e-03,1.733925525030884096e-02,3.061944820283546073e-02,3.222248367551032444e-02,1.138302253073710142e-02,4.188481675392670411e-02,5.291487734572621754e-02,5.951820695335019451e-02,1.610388846402729598e-02,6.394493793752573096e-02,3.845814459674098268e-02,5.590034707923995788e-02,4.381140067062768567e-02,7.921054179657627259e-02,2.676628036943349762e-02,2.981057709277016438e-02,1.770692393670215969e-02,1.441261250661803571e-02,2.726630978292840859e-02,3.141361256544502462e-02,5.287075710335902012e-02,3.281075357373963025e-02,8.499029354667921032e-02,7.871051238308135467e-02,2.026589799399964795e-02,6.301841284781457830e-02,1.739661156538619968e-01,8.165186187422789066e-02,1.090211188893464300e-01,8.243131948938173248e-02,1.832460732984293045e-02,6.435672686628625405e-02
1.425083828460497679e-02,2.419259956468027689e-02,2.126595682098946991e-02,1.064768515795046742e-02,3.511971292428966301e-02,4.742926054473792230e-02,5.709159362315430197e-02,9.618212836049178788e-03,6.145949761750691548e-02,3.284016706865109519e-02,4.557621036531561004e-02,2.645743867286310877e-02,7.773986705100299766e-02,1.954526736866874642e-02,2.182481322430731077e-02,0.000000000000000000e+00,9.603506088593446316e-03,2.148655803282546045e-02,2.866345079122301423e-02,5.135596211541855471e-02,2.475145596799811776e-02,8.775516206835695665e-02,6.662156597446908246e-02,2.266309782928407554e-02,5.792987822813106674e-02,1.272133654920877821e-01,7.241602447202775961e-02,1.081828342843696722e-01,6.819518795223247776e-02,1.907465145008530039e-02,4.744396729219366171e-02,1.891287722807223973e-02,1.353020765927407526e-02,2.266309782928407554e-02,1.194187893405494402e-02,2.239837637508088758e-02,1.092711335960938959e-02,7.588681687158068193e-03,1.997176304488499157e-02,1.513324313194893897e-02,1.836872757221013133e-02,1.316253897288075826e-02,1.998646979234072751e-02,4.853226660391787677e-03,4.764986175657391979e-03,1.494205541502441337e-02,2.788399317606917935e-02,2.882522501323607142e-02,1.020648273427848633e-02,3.807576916289193147e-02,4.770868874639684620e-02,5.410612388964056857e-02,1.450085299135243228e-02,5.840049414671451278e-02,3.510500617683393054e-02,5.070886522736631902e-02,3.817871639508206572e-02,7.184246132125418627e-02,2.425142655450320678e-02,2.650155891523030618e-02,1.633919642331901900e-02,1.303017824577916428e-02,2.492793693746691089e-02,2.838402258956409033e-02,4.762044826166245137e-02,2.876639802341314153e-02,7.712218365786223384e-02,7.071004176716277900e-02,1.766280369433496228e-02,5.770927701629507273e-02,1.555679745867404040e-01,7.394552620742396443e-02,9.918230484146126069e-02,7.481322430731220108e-02,1.683922583681392998e-02,5.776810400611800955e-02
6.794517324548502574e-03,1.136831578328136895e-02,1.005941525972115988e-02,5.044414377316312412e-03,1.678039884699100009e-02,2.245720336490381747e-02,2.723689628801694365e-02,4.573798458732866376e-03,2.898699923524913208e-02,1.548620507088652350e-02,2.156009177010412281e-02,1.257426907465145072e-02,3.682569562915465750e-02,9.500558856403317279e-03,1.039767045120301193e-02,9.603506088593446316e-03,0.000000000000000000e+00,1.028001647155715043e-02,1.358903464909700515e-02,2.398670510030001882e-02,1.178010471204188510e-02,4.144361433025472302e-02,3.151655979763515192e-02,1.086828636978645797e-02,2.756044473204306150e-02,6.010647685157950726e-02,3.438437555150303249e-02,5.135596211541855471e-02,3.235484440261191669e-02,9.015236190364138771e-03,2.263368433437261060e-02,8.985822695452673828e-03,6.470968880522383858e-03,1.064768515795046742e-02,5.662097770457085767e-03,1.078004588505206141e-02,5.147361609506441449e-03,3.514912641920112796e-03,9.441731866580387392e-03,7.221013000764751194e-03,8.632860756515089301e-03,6.220954173774928368e-03,9.368198129301723298e-03,2.250132360727101575e-03,2.235425613271369103e-03,7.191599505853285383e-03,1.317724572033649073e-02,1.367727513383140171e-02,4.897346902758985959e-03,1.819224660274133820e-02,2.281016530384140373e-02,2.579563503735513713e-02,6.779810577092770102e-03,2.786928642861344688e-02,1.655979763515500955e-02,2.407494558503441365e-02,1.800105888581681260e-02,3.414906759221130600e-02,1.147126301547149799e-02,1.270662980175304470e-02,7.706335666803929701e-03,6.118006941584799331e-03,1.163303723748455865e-02,1.354491440672980773e-02,2.263368433437261060e-02,1.361844814400847183e-02,3.654626742749573359e-02,3.351667745161480277e-02,8.324019059944702190e-03,2.729572327783987354e-02,7.426907465145007881e-02,3.528148714630272714e-02,4.701747161597741309e-02,3.557562209541737658e-02,8.074004353197246700e-03,2.720748279310547524e-02
1.511853638449320476e-02,2.578092828989940466e-02,2.276604506147420284e-02,1.126536855109123991e-02,3.734043179010530095e-02,5.109124066121536328e-02,6.103300194129066686e-02,1.032413671392434784e-02,6.619507029825283384e-02,3.495793870227660582e-02,4.825283840225895460e-02,2.817812812518383572e-02,8.349020530619448432e-02,2.101594211424201442e-02,2.350138243426084031e-02,2.148655803282546045e-02,1.028001647155715043e-02,0.000000000000000000e+00,3.069298194011412309e-02,5.456203306076828213e-02,2.650155891523030618e-02,9.412318371668922101e-02,7.104829695864463279e-02,2.454556150361785968e-02,6.231248896993940578e-02,1.359785869757044463e-01,7.756338608153420799e-02,1.157568092240719992e-01,7.350432378375199027e-02,2.053061944820283591e-02,5.097358668156950351e-02,2.032472498382257783e-02,1.441261250661803571e-02,2.404553209012294870e-02,1.279487028648744126e-02,2.397199835284428635e-02,1.151538325783869714e-02,8.088711100652979172e-03,2.128066356844520238e-02,1.595682098946996780e-02,1.926583916700982252e-02,1.394199658803458967e-02,2.107476910406494430e-02,5.117948114594976505e-03,5.059121124772045751e-03,1.604506147420436610e-02,2.986940408259309426e-02,3.101653038414024441e-02,1.097123360197658701e-02,4.060532972527795825e-02,5.137066886287428719e-02,5.782693099594093944e-02,1.560385905053238501e-02,6.284193187834578864e-02,3.707571033590210952e-02,5.422377786928642834e-02,4.051708924054356342e-02,7.696040943584916971e-02,2.573680804753220724e-02,2.856050355903288346e-02,1.753044296723336656e-02,1.383904935584446064e-02,2.638390493558444641e-02,3.061944820283546073e-02,5.097358668156950351e-02,3.072239543502558803e-02,8.275486793340784686e-02,7.612212483087239800e-02,1.903053120771809950e-02,6.184187305135595975e-02,1.670686510971233496e-01,7.932819577622213236e-02,1.058738749338196394e-01,8.032825460321195432e-02,1.804517912818401001e-02,6.153303135478557784e-02
2.107476910406494430e-02,3.463439025825048451e-02,3.103123713159597688e-02,1.533913759632919531e-02,5.072357197482205149e-02,6.822460144714395658e-02,8.228425201482440776e-02,1.407435731513618365e-02,8.750514736160951157e-02,4.712041884816754039e-02,6.588622860168244499e-02,3.847285134419671515e-02,1.114918524619095269e-01,2.820754162009530067e-02,3.176657450438261088e-02,2.866345079122301423e-02,1.358903464909700515e-02,3.069298194011412309e-02,0.000000000000000000e+00,7.382787222777810465e-02,3.617859874110241486e-02,1.257426907465145072e-01,9.638802282487204942e-02,3.279604682628389778e-02,8.285781516559798110e-02,1.839225836813930259e-01,1.041531854814989055e-01,1.554944408494617347e-01,9.766750985352079528e-02,2.720748279310547524e-02,6.935702100123536384e-02,2.716336255073827782e-02,2.001588328725219246e-02,3.350197070415907030e-02,1.767751044179069475e-02,3.248720512971351587e-02,1.589799399964703791e-02,1.098594034943231948e-02,2.872227778104594412e-02,2.239837637508088758e-02,2.714865580328254535e-02,1.933937290428848835e-02,2.926642743690805251e-02,6.765103829637037630e-03,7.044532031295958931e-03,2.182481322430731077e-02,3.985528560503558831e-02,4.166421554209071010e-02,1.472145420318842282e-02,5.456203306076828213e-02,6.882757809282899486e-02,7.748985234425553870e-02,2.061885993293723074e-02,8.365197952820754845e-02,5.022354256132713357e-02,7.232778398729336478e-02,5.526795693864344772e-02,1.031531266545090836e-01,3.531090064121419209e-02,3.828166362727219302e-02,2.307488675804459169e-02,1.851579504676745605e-02,3.575210306488617318e-02,4.069357021001235308e-02,6.884228484028472039e-02,4.113477263368433418e-02,1.104770868874639655e-01,1.013294899699982293e-01,2.556032707806341411e-02,8.182834284369669420e-02,2.239837637508088619e-01,1.062562503676686837e-01,1.424348491087711055e-01,1.077122183657862192e-01,2.406023883757868118e-02,8.324019059944702537e-02
3.744337902229542825e-02,6.207718101064768623e-02,5.495911524207306581e-02,2.731043002529560601e-02,8.957879875286781091e-02,1.204776751573621990e-01,1.454497323371962969e-01,2.476616271545385023e-02,1.557297488087534543e-01,8.372551326548620387e-02,1.167421613036060957e-01,6.809224072004235739e-02,1.980410612388963931e-01,4.994411435966821661e-02,5.607682804870874754e-02,5.135596211541855471e-02,2.398670510030001882e-02,5.456203306076828213e-02,7.382787222777810465e-02,0.000000000000000000e+00,6.432731337137478911e-02,2.238808165186187416e-01,1.709218189305253266e-01,5.775339725866227708e-02,1.472586622742514395e-01,3.259897641037707849e-01,1.842020118830519360e-01,2.764574386728630984e-01,1.726572151303017721e-01,4.859109359374080839e-02,1.226689805282663720e-01,4.779692923113124103e-02,3.473733749044061181e-02,5.912112477204541777e-02,3.135478557562209473e-02,5.740043531972469082e-02,2.803106065062650754e-02,1.948644037884581307e-02,5.042943702570739511e-02,3.934054944408494486e-02,4.779692923113124103e-02,3.378139890581798727e-02,5.175304429672333839e-02,1.216248014589093457e-02,1.236837461027119264e-02,3.842873110182951774e-02,7.100417671627742844e-02,7.429848814636154375e-02,2.585446202717807049e-02,9.559385846226248207e-02,1.220954173774927987e-01,1.372727807518089316e-01,3.701688334607917963e-02,1.490087652214836245e-01,8.925525030884169653e-02,1.292281898935231377e-01,9.822636625683864309e-02,1.828489911171245486e-01,6.216542149538208106e-02,6.744514383199011476e-02,4.107594564386140429e-02,3.341373021942467547e-02,6.407729866462733015e-02,7.231307723983763924e-02,1.231248896993940856e-01,7.328372257191599626e-02,1.973057238661097834e-01,1.811577151597152657e-01,4.572327783987293476e-02,1.451114771457144570e-01,3.966703923760221406e-01,1.888934643214306708e-01,2.543826107418083460e-01,1.912465439143478940e-01,4.264956762162479958e-02,1.477733984352020691e-01
1.910406494499676533e-02,3.035472674863227277e-02,2.710453556091534794e-02,1.369198188128713418e-02,4.498794046708629729e-02,5.920936525677981260e-02,7.225425025001470936e-02,1.248602858991705415e-02,7.587211012412495292e-02,4.139949408788752561e-02,5.803282546032119404e-02,3.454614977351608968e-02,9.725572092476028607e-02,2.466321548326372293e-02,2.819283487263956819e-02,2.475145596799811776e-02,1.178010471204188510e-02,2.650155891523030618e-02,3.617859874110241486e-02,6.432731337137478911e-02,0.000000000000000000e+00,1.091534796164480292e-01,8.453438437555149676e-02,2.925172068945232004e-02,7.203364903817871534e-02,1.626272133654921015e-01,9.049061709512323803e-02,1.359050532384257770e-01,8.437261015353844651e-02,2.367786340372962997e-02,6.104770868874639933e-02,2.395729160538855387e-02,1.742749573504323926e-02,2.964880287075710372e-02,1.560385905053238501e-02,2.839872933701982627e-02,1.386846285075592732e-02,9.559385846226248901e-03,2.531031237131595862e-02,1.945702688393434812e-02,2.389846461556562052e-02,1.689805282663685987e-02,2.539855285605035692e-02,6.029766456850402766e-03,6.132713689040531803e-03,1.979528207541620191e-02,3.447261603623742732e-02,3.611977175127948497e-02,1.300076475086769760e-02,4.756162127183952149e-02,5.951820695335019451e-02,6.791575975057356773e-02,1.825107359256426809e-02,7.218071651273604006e-02,4.422318959938820182e-02,6.376845696805694130e-02,5.054709100535325489e-02,8.981410671215954433e-02,3.069298194011412309e-02,3.382551914818518468e-02,2.006000352961938987e-02,1.639802341314194889e-02,3.113418436378610418e-02,3.542855462086005186e-02,5.937113947879286979e-02,3.728160480028237106e-02,9.512324254367904297e-02,8.879934113771398296e-02,2.307488675804459169e-02,7.088652273663156866e-02,1.973498441084769739e-01,9.154950291193598988e-02,1.242720160009412322e-01,9.278486969821754526e-02,2.066298017530442815e-02,7.307782810753574165e-02
