0.000000000000000000e+00,1.004777965148960159e-02,8.572231590781338381e-03,3.962900505902192637e-03,1.649803260258572365e-02,2.560427206295671707e-02,2.616638560989319878e-02,5.354131534569982719e-03,3.159078133783024128e-02,1.713041034288926429e-02,1.978639685216413563e-02,1.252107925801011767e-02,3.513209668353007437e-02,1.003372681281618911e-02,1.010399100618324976e-02,7.602585722315907853e-03,7.715008431703204196e-03,1.648397976391231118e-02,1.115795390668915081e-02,2.213322091062394636e-02,9.949409780775715986e-03,3.902473299606520202e-02,3.111298482293423442e-02,1.211354693648116973e-02,2.994659921304103356e-02,5.920460933108488005e-02,3.452782462057335522e-02,4.794828555368184364e-02,3.674817313097245713e-02,7.152894884766722479e-03,2.841483979763912218e-02,1.100337268128161877e-02,6.871838111298482488e-03,1.152332771219786479e-02,6.998313659359190440e-03,1.245081506464305876e-02,4.314221472737493276e-03,3.414839797639122963e-03,1.051152332771219770e-02,5.803822372119168092e-03,9.654300168634064386e-03,7.293423271500842908e-03,7.855536818437324625e-03,2.796514896008993941e-03,2.445193929173693301e-03,5.930297920179876045e-03,1.160764474423833618e-02,1.184654300168634135e-02,4.988757729061270470e-03,1.561270376616076365e-02,2.408656548622821816e-02,2.623664980326025770e-02,5.087127599775154337e-03,3.004496908375491743e-02,1.894322653175941479e-02,2.369308600337268270e-02,1.944912872400225007e-02,3.811129848229342226e-02,1.101742551995503125e-02,1.235244519392917316e-02,1.039910061832490136e-02,6.239460370994940989e-03,1.249297358066329446e-02,1.316750983698707078e-02,2.407251264755480569e-02,1.270376616076447467e-02,4.310005621135469533e-02,3.759134345137717798e-02,1.167790893760539683e-02,2.691118605958403576e-02,8.122540753232153354e-02,3.480888139404159781e-02,4.896008993816750726e-02,3.260258572231590490e-02,7.532321528948848072e-03,2.710792580101180349e-02
1.004777965148960159e-02,0.000000000000000000e+00,1.805789769533445652e-02,8.572231590781338381e-03,3.559584035975266875e-02,5.456717256885890849e-02,5.621135469364811621e-02,1.143901068015739167e-02,6.795952782462057196e-02,3.724002248454187647e-02,4.253794266441821015e-02,2.675660483417650198e-02,7.563237774030354132e-02,2.179595278246205733e-02,2.053119730185497607e-02,1.655424395727937009e-02,1.691961776278808408e-02,3.535694210230466705e-02,2.367903316469927022e-02,4.845418774592467892e-02,2.077009555930297777e-02,8.417650365373804955e-02,6.569702079820123608e-02,2.515458122540753169e-02,6.416526138279932123e-02,1.248454187745924732e-01,7.303260258572231989e-02,1.036818437324339565e-01,8.011523327712197218e-02,1.571107363687464925e-02,6.060989319842607914e-02,2.374929735806632913e-02,1.545812254075323161e-02,2.438167509836986976e-02,1.507869589657110689e-02,2.730466554243957122e-02,9.640247329960651909e-03,7.377740303541315166e-03,2.244238336143901044e-02,1.263350196739741402e-02,2.084035975267004015e-02,1.566891512085441182e-02,1.773468240584597996e-02,6.365935919055648942e-03,5.326025857223159500e-03,1.225407532321528929e-02,2.488757729061270504e-02,2.471894322653175879e-02,1.082068577852726178e-02,3.323496346261944900e-02,5.227655986509274766e-02,5.684373243395166031e-02,1.108768971332209190e-02,6.500843170320404207e-02,4.187745924676784803e-02,5.071669477234401480e-02,4.075323215289488460e-02,8.202641933670601349e-02,2.442383361439010719e-02,2.591343451377178114e-02,2.261101742551995669e-02,1.370151770657672928e-02,2.712197863968521597e-02,2.789488476672287789e-02,5.369589657110736269e-02,2.677065767284991446e-02,9.444912872400225423e-02,7.942664418212479205e-02,2.436762225969645729e-02,5.879707700955592864e-02,1.723721191680719633e-01,7.484541877459247039e-02,1.059021922428330514e-01,7.143057897695334613e-02,1.651208544125913266e-02,5.838954468802698416e-02
8.572231590781338381e-03,1.805789769533445652e-02,0.000000000000000000e+00,7.068577852726251089e-03,2.974985947161326583e-02,4.600899381675098432e-02,4.672568858909499634e-02,9.485666104553119871e-03,5.663293985385047663e-02,3.077571669477234539e-02,3.549747048903878488e-02,2.223159078133783023e-02,6.278808319280494710e-02,1.801573917931422256e-02,1.736930860033726945e-02,1.367341202922990433e-02,1.403878583473861658e-02,2.941259134345137680e-02,2.001124227093872832e-02,4.066891512085440974e-02,1.745362563237774084e-02,7.039066891512085755e-02,5.535413153456998636e-02,2.099494097807757045e-02,5.341483979763912010e-02,1.043142214727374867e-01,6.164980326025857466e-02,8.635469364811691750e-02,6.698988195615514230e-02,1.313940415964024756e-02,5.091343451377178253e-02,1.937886453063518769e-02,1.263350196739741402e-02,2.062956717256885994e-02,1.254918493535694263e-02,2.258291174817313174e-02,7.883642495784147844e-03,6.112984822934233037e-03,1.846543001686340793e-02,1.055368184373243340e-02,1.753794266441821223e-02,1.301292861157953874e-02,1.472737492973580711e-02,5.241708825182687242e-03,4.482855536818436924e-03,1.069421023046655470e-02,2.082630691399662767e-02,2.100899381675098293e-02,8.979763912310286325e-03,2.779651489600899403e-02,4.346543001686340585e-02,4.721753794266441567e-02,9.204609331084879012e-03,5.387858347386172142e-02,3.465430016863406404e-02,4.235525576166385836e-02,3.396571107363687697e-02,6.787521079258010404e-02,2.032040472175379586e-02,2.224564362001124271e-02,1.877459246767847201e-02,1.131253513209668285e-02,2.247048903878583540e-02,2.334176503653738119e-02,4.499718943226532070e-02,2.241427768409218549e-02,7.868184373243394814e-02,6.701798763350197419e-02,2.069983136593591885e-02,4.869308600337268061e-02,1.449831365935919103e-01,6.287240022484541502e-02,8.790050590219224136e-02,5.962619449128724047e-02,1.372962338392355250e-02,4.853850477796514684e-02
3.962900505902192637e-03,8.572231590781338381e-03,7.068577852726251089e-03,0.000000000000000000e+00,1.420741989881956109e-02,2.154300168634063969e-02,2.232996065205171410e-02,4.553119730185497573e-03,2.693929173693086071e-02,1.479763912310286603e-02,1.701798763350196794e-02,1.072231590781337791e-02,3.026981450252951011e-02,8.656548622821809771e-03,8.094435075885328054e-03,6.576728499156830020e-03,6.759415401911186144e-03,1.415120854412591292e-02,9.232715008431703965e-03,1.895727937043282726e-02,8.192804946599213656e-03,3.305227655986509028e-02,2.591343451377178114e-02,9.963462619449128463e-03,2.542158516020236181e-02,4.949409780775716750e-02,2.887858347386172003e-02,4.137155705452501275e-02,3.123946037099493978e-02,6.127037661607644646e-03,2.414277684092186460e-02,9.527824620573355566e-03,6.169196177627881209e-03,9.808881394041596424e-03,6.098931984260820560e-03,1.079258010118043856e-02,3.808319280494659731e-03,2.979201798763350065e-03,9.007869589657111278e-03,5.143338954468802508e-03,8.431703204047217085e-03,6.351883080382237333e-03,7.026419336706014526e-03,2.543563799887577168e-03,2.093872962338392228e-03,4.974704890387857993e-03,9.808881394041596424e-03,9.766722878021360729e-03,4.370432827431141448e-03,1.330803822372119208e-02,2.082630691399662767e-02,2.272344013490724957e-02,4.356379988757728972e-03,2.585722315907813471e-02,1.680719505340078773e-02,2.027824620573355843e-02,1.632939853850477741e-02,3.289769533445756344e-02,9.640247329960651909e-03,1.024451939291736932e-02,8.965711073636873849e-03,5.368184373243395195e-03,1.080663293985385104e-02,1.111579539066891512e-02,2.107925801011804531e-02,1.065205171444631900e-02,3.733839235525576034e-02,3.163293985385047524e-02,9.752670039347948253e-03,2.325744800449690980e-02,6.880269814502529280e-02,2.934232715008431788e-02,4.201798763350196586e-02,2.799325463743676176e-02,6.506464305789769371e-03,2.329960652051714376e-02
1.649803260258572365e-02,3.559584035975266875e-02,2.974985947161326583e-02,1.420741989881956109e-02,0.000000000000000000e+00,8.957279370432827403e-02,9.280494659921303957e-02,1.887296233839235587e-02,1.113546936481169258e-01,6.190275435637998536e-02,7.074198988195615212e-02,4.487071388420461188e-02,1.253794266441821126e-01,3.620011242270938789e-02,3.353007307476110060e-02,2.707982012366498201e-02,2.804946599213041167e-02,5.803822372119168266e-02,3.835019673974143090e-02,7.966554243957278680e-02,3.478077571669477286e-02,1.373664980326025908e-01,1.077571669477234428e-01,4.141371557054524671e-02,1.048903878583473809e-01,2.039629005059021838e-01,1.201658234963462607e-01,1.716132658797077104e-01,1.301995503091624429e-01,2.575885328836425084e-02,1.003372681281618911e-01,3.951658234963462829e-02,2.559021922428330459e-02,4.132939853850477879e-02,2.536537380550871190e-02,4.546093310848791508e-02,1.609050028105677224e-02,1.252107925801011767e-02,3.750702641933670312e-02,2.137436762225969691e-02,3.531478358628442615e-02,2.632096683530072909e-02,2.925801011804384649e-02,1.053962900505902266e-02,8.726812816188870420e-03,2.105115233277122036e-02,4.071107363687465064e-02,4.065486228218100073e-02,1.801573917931422256e-02,5.548060708263068824e-02,8.659359190556492614e-02,9.475829117481730790e-02,1.821247892074199029e-02,1.070123664980325989e-01,7.051714446318156637e-02,8.390949971894322290e-02,6.815626756604833969e-02,1.366357504215851559e-01,3.985385047779651385e-02,4.250983698707138519e-02,3.761944912872400293e-02,2.247048903878583540e-02,4.464586846543001919e-02,4.568577852726250776e-02,8.750702641933670589e-02,4.449128724002248542e-02,1.545390668915120891e-01,1.305649241146711603e-01,4.080944350758853451e-02,9.641652613827993157e-02,2.862001124227093740e-01,1.213322091062394581e-01,1.748173130972456302e-01,1.165401911186059597e-01,2.705171444631815705e-02,9.662731871838110831e-02
2.560427206295671707e-02,5.456717256885890849e-02,4.600899381675098432e-02,2.154300168634063969e-02,8.957279370432827403e-02,0.000000000000000000e+00,1.411888701517706457e-01,2.848510399100618457e-02,1.716554243957279235e-01,9.284710511523328047e-02,1.064080944350758867e-01,6.662450815064642484e-02,1.899522203485103922e-01,5.448285553681844057e-02,5.234682405845980657e-02,4.179314221472737317e-02,4.243957279370432628e-02,8.924957841483979748e-02,6.008993816750983485e-02,1.222315907813378288e-01,5.186902754356380318e-02,2.130269814502529502e-01,1.666245081506464443e-01,6.297077009555930582e-02,1.622540753232152855e-01,3.162029229904440575e-01,1.853288364249578435e-01,2.610876897133220798e-01,2.018971332209106295e-01,3.976953344575604593e-02,1.534007869589657236e-01,5.949971894322653165e-02,3.833614390106801495e-02,6.179033164699269248e-02,3.792861157953906354e-02,6.840921866216975733e-02,2.393198426082068439e-02,1.847948285553681694e-02,5.628161888701517512e-02,3.202641933670601765e-02,5.241708825182687242e-02,3.917931422147273579e-02,4.453344575604271938e-02,1.592186621697582946e-02,1.343451377178189916e-02,3.163293985385047524e-02,6.285834738617200601e-02,6.344856661045530921e-02,2.716413715570545340e-02,8.441540191118605818e-02,1.319561551433389435e-01,1.429735806632939921e-01,2.776840921866216907e-02,1.635609893198426146e-01,1.040050590219224330e-01,1.280635188308038297e-01,1.015739179314221474e-01,2.052276559865092720e-01,6.153738055087127484e-02,6.666666666666666574e-02,5.689994378864530328e-02,3.431703204047217848e-02,6.814221472737493068e-02,7.051714446318156637e-02,1.356661045531197263e-01,6.743957279370432767e-02,2.375913434513771683e-01,2.020376616076447474e-01,6.197301854974705121e-02,1.478358628442945355e-01,4.368324901630129542e-01,1.897976391231028792e-01,2.662029229904440686e-01,1.801152332771219777e-01,4.156829679595278049e-02,1.467959527824620469e-01
2.616638560989319878e-02,5.621135469364811621e-02,4.672568858909499634e-02,2.232996065205171410e-02,9.280494659921303957e-02,1.411888701517706457e-01,0.000000000000000000e+00,2.965148960089938196e-02,1.757869589657110598e-01,9.710511523327712557e-02,1.108628442945474996e-01,7.012366498032603090e-02,1.962478920741989874e-01,5.674536256323777644e-02,5.321810005621135237e-02,4.284710511523327769e-02,4.409780775716694995e-02,9.151208544125913336e-02,6.066610455311972905e-02,1.248313659359190503e-01,5.449690837549184957e-02,2.170320404721753915e-01,1.698566610455312098e-01,6.516301292861158279e-02,1.663996627318718446e-01,3.227655986509274655e-01,1.889685216413715674e-01,2.693788645306351981e-01,2.056492411467116255e-01,4.052838673412029191e-02,1.576166385609893139e-01,6.259134345137717936e-02,3.996627318718381366e-02,6.379988757729061766e-02,3.953063518830803730e-02,7.130410342889263731e-02,2.525295109612141556e-02,1.928049465992130382e-02,5.951377178189994066e-02,3.312254075323215613e-02,5.463743676222596740e-02,4.109050028105677016e-02,4.598088813940415936e-02,1.658234963462619505e-02,1.371557054525014002e-02,3.277121978639685462e-02,6.417931422147274412e-02,6.419336706014615312e-02,2.827431141090500435e-02,8.719786396852163834e-02,1.359471613265879619e-01,1.486930860033726931e-01,2.851320966835300605e-02,1.689010680157391753e-01,1.094154019111860665e-01,1.320826306913996662e-01,1.067172568858909543e-01,2.140106801573918027e-01,6.302698145025295573e-02,6.706014614952220121e-02,5.905002810567734628e-02,3.548341765036537587e-02,7.030635188308037575e-02,7.240022484541877579e-02,1.375070264193367087e-01,7.029229904440696675e-02,2.430578976953344517e-01,2.058319280494659842e-01,6.374367622259696775e-02,1.520095559302979127e-01,4.492270938729623353e-01,1.923130972456436327e-01,2.750421585160202631e-01,1.839797639123102735e-01,4.263631253513209401e-02,1.514755480607082594e-01
5.354131534569982719e-03,1.143901068015739167e-02,9.485666104553119871e-03,4.553119730185497573e-03,1.887296233839235587e-02,2.848510399100618457e-02,2.965148960089938196e-02,0.000000000000000000e+00,3.565205171444631865e-02,1.963181562675660533e-02,2.232996065205171410e-02,1.437605396290050561e-02,3.988195615514333880e-02,1.149522203485103984e-02,1.084879145587408673e-02,8.614390106801574076e-03,8.754918493535693638e-03,1.866216975829117566e-02,1.232433951658234994e-02,2.501405283867341039e-02,1.107363687464867942e-02,4.384485666104553231e-02,3.440134907251264640e-02,1.342046093310848842e-02,3.361439010680157546e-02,6.632939853850478018e-02,3.836424957841483990e-02,5.467959527824620830e-02,4.163856098931983940e-02,8.066329398538504836e-03,3.204047217537942666e-02,1.243676222596964628e-02,8.220910623946036874e-03,1.301292861157953874e-02,8.024170882518269141e-03,1.434794828555368239e-02,5.115233277121978422e-03,3.948847667228780160e-03,1.177627880831928070e-02,6.801573917931421839e-03,1.115795390668915081e-02,8.291174817313097523e-03,9.190556492411466535e-03,3.344575604272062748e-03,2.768409218662169855e-03,6.562675660483417543e-03,1.299887577290612627e-02,1.297077009555930305e-02,5.719505340078695835e-03,1.755199550309162471e-02,2.745924676784710500e-02,3.018549747048903872e-02,5.845980888139403787e-03,3.410623946037099480e-02,2.210511523327712141e-02,2.689713322091062328e-02,2.195053400786959111e-02,4.370432827431140754e-02,1.278808319280494606e-02,1.364530635188308111e-02,1.197301854974704843e-02,7.110736368746486784e-03,1.431984260820685743e-02,1.471332209106239464e-02,2.792299044406970285e-02,1.422147273749297357e-02,4.952220348510399245e-02,4.203204047217538181e-02,1.295671725688589057e-02,3.093029792017987570e-02,9.144182124789207444e-02,3.898257448004496806e-02,5.576166385609893084e-02,3.715570545250140855e-02,8.586284429454749123e-03,3.097245643620011313e-02
3.159078133783024128e-02,6.795952782462057196e-02,5.663293985385047663e-02,2.693929173693086071e-02,1.113546936481169258e-01,1.716554243957279235e-01,1.757869589657110598e-01,3.565205171444631865e-02,0.000000000000000000e+00,1.160623946037099563e-01,1.322934232715008429e-01,8.317875210792580187e-02,2.366779089376054024e-01,6.788926363125351304e-02,6.406689151208544430e-02,5.170039347948285346e-02,5.288083192804946681e-02,1.109331084879145585e-01,7.438167509836987601e-02,1.518830803822372177e-01,6.444631815626757076e-02,2.639263631253513376e-01,2.064080944350758784e-01,7.799325463743676801e-02,2.016160764474423939e-01,3.919617762788082937e-01,2.295109612141652544e-01,3.252810567734682468e-01,2.512225969645868195e-01,4.939572793704328363e-02,1.903597526700393505e-01,7.381956155143339082e-02,4.777965148960090086e-02,7.655986509274873009e-02,4.717537942664418171e-02,8.546936481169195576e-02,3.004496908375491743e-02,2.300449690837549216e-02,6.980044969083755435e-02,3.985385047779651385e-02,6.507869589657110099e-02,4.860876897133220575e-02,5.567734682405846292e-02,1.987071388420461049e-02,1.665261382799325396e-02,3.905283867341202697e-02,7.814783586284429484e-02,7.861157953906688922e-02,3.385328836424957716e-02,1.051714446318156304e-01,1.643620011242270806e-01,1.781197301854974824e-01,3.455593029792018017e-02,2.040191118605958476e-01,1.302136031478358658e-01,1.594013490725126603e-01,1.263631253513209651e-01,2.560146149522203318e-01,7.691118605958403853e-02,8.222315907813378122e-02,7.100899381675097877e-02,4.288926363125351165e-02,8.473861720067453474e-02,8.783024170882518245e-02,1.688308038223721164e-01,8.374086565486228706e-02,2.958263069139966395e-01,2.501264755480607227e-01,7.657391793142215297e-02,1.841062394603709962e-01,5.421585160202361253e-01,2.356520517144463089e-01,3.317594154019111730e-01,2.241287240022484528e-01,5.215008431703203884e-02,1.828133783024170900e-01
1.713041034288926429e-02,3.724002248454187647e-02,3.077571669477234539e-02,1.479763912310286603e-02,6.190275435637998536e-02,9.284710511523328047e-02,9.710511523327712557e-02,1.963181562675660533e-02,1.160623946037099563e-01,0.000000000000000000e+00,7.352445193929173228e-02,4.636031478358628583e-02,1.301011804384485659e-01,3.797077009555930444e-02,3.468240584598088899e-02,2.821810005621135445e-02,2.906127037661607529e-02,6.035694210230466844e-02,4.009274873524452248e-02,8.267284991568296659e-02,3.612984822934232898e-02,1.433670601461495275e-01,1.118184373243395202e-01,4.236930860033726737e-02,1.100899381675098376e-01,2.130410342889263731e-01,1.242973580663293970e-01,1.788083192804946486e-01,1.362563237774030434e-01,2.726250702641933726e-02,1.035132096683530067e-01,4.058459808881394182e-02,2.654581225407532177e-02,4.198988195615514091e-02,2.588532883642495619e-02,4.776559865092748491e-02,1.686340640809443417e-02,1.278808319280494606e-02,3.878583473861720032e-02,2.211916807195053389e-02,3.622821810005621285e-02,2.696739741427768566e-02,3.087408656548622926e-02,1.101742551995503125e-02,9.106239460370995145e-03,2.151489600899381821e-02,4.227093872962338350e-02,4.208825182686902477e-02,1.863406408094435071e-02,5.805227655986509167e-02,8.879988757729061211e-02,9.884766722878021716e-02,1.887296233839235587e-02,1.109331084879145585e-01,7.352445193929173228e-02,8.721191680719504735e-02,7.085441259134345193e-02,1.415401911186059680e-01,4.236930860033726737e-02,4.402754356379989104e-02,3.910905002810567688e-02,2.362282181000562031e-02,4.676784710511523030e-02,4.769533445756042600e-02,9.165261382799325118e-02,4.647273749297357870e-02,1.612141652613827969e-01,1.349213041034288962e-01,4.180719505340078912e-02,1.005621135469364769e-01,2.973018549747049044e-01,1.264474423833614469e-01,1.837549184935357016e-01,1.218100056211354754e-01,2.882237211916807360e-02,1.008431703204047264e-01
1.978639685216413563e-02,4.253794266441821015e-02,3.549747048903878488e-02,1.701798763350196794e-02,7.074198988195615212e-02,1.064080944350758867e-01,1.108628442945474996e-01,2.232996065205171410e-02,1.322934232715008429e-01,7.352445193929173228e-02,0.000000000000000000e+00,5.313378302417088445e-02,1.488195615514333880e-01,4.318437324339516326e-02,4.006464305789769753e-02,3.209668353007307656e-02,3.319280494659921504e-02,6.916807195053401025e-02,4.621978639685216106e-02,9.444912872400225423e-02,4.149803260258572157e-02,1.639685216413715452e-01,1.282040472175379475e-01,4.900224845418774816e-02,1.254215851602023535e-01,2.438729623383923684e-01,1.428752107925800874e-01,2.049044406970207954e-01,1.560427206295671720e-01,3.112703766160764343e-02,1.192242833052276491e-01,4.643057897695334474e-02,3.021360314783586368e-02,4.846824058459808793e-02,2.979201798763350326e-02,5.442664418212479066e-02,1.909780775716694856e-02,1.451658234963462690e-02,4.390106801573918222e-02,2.516863406408094417e-02,4.132939853850477879e-02,3.080382237211916688e-02,3.520236087689713328e-02,1.250702641933670520e-02,1.037099494097807814e-02,2.495784148397976396e-02,4.859471613265879675e-02,4.846824058459808793e-02,2.147273749297358078e-02,6.623102866779088937e-02,1.022906127037661594e-01,1.127740303541315409e-01,2.168353007307476099e-02,1.268690275435638004e-01,8.308038223721191107e-02,1.001264755480607144e-01,8.078976953344575718e-02,1.616076447442383324e-01,4.827150084317032019e-02,5.077290612703766470e-02,4.460370994940977829e-02,2.664418212478920911e-02,5.314783586284429345e-02,5.476391231028667622e-02,1.044266441821247865e-01,5.330241708825182723e-02,1.844013490725126547e-01,1.553822372119167960e-01,4.794828555368184364e-02,1.149100618324901679e-01,3.398679033164699326e-01,1.447723440134907336e-01,2.089797639123102957e-01,1.394322653175941451e-01,3.274311410905002967e-02,1.150224845418774539e-01
1.252107925801011767e-02,2.675660483417650198e-02,2.223159078133783023e-02,1.072231590781337791e-02,4.487071388420461188e-02,6.662450815064642484e-02,7.012366498032603090e-02,1.437605396290050561e-02,8.317875210792580187e-02,4.636031478358628583e-02,5.313378302417088445e-02,0.000000000000000000e+00,9.401349072512647786e-02,2.747329960652051747e-02,2.536537380550871190e-02,2.030635188308038339e-02,2.084035975267004015e-02,4.356379988757728972e-02,2.868184373243395230e-02,5.913434513771782114e-02,2.660202360876897168e-02,1.024873524451939272e-01,8.121135469364811066e-02,3.111298482293423442e-02,7.899100618324901568e-02,1.541596402473299487e-01,8.967116357504216484e-02,1.286818437324339648e-01,9.740022484541877024e-02,1.912591343451377351e-02,7.523889825744800586e-02,2.973580663293985335e-02,1.939291736930860016e-02,3.112703766160764343e-02,1.911186059584036104e-02,3.442945474985947135e-02,1.221191680719505360e-02,9.331084879145587832e-03,2.823215289488476692e-02,1.641371557054524880e-02,2.667228780213603059e-02,1.995503091624508188e-02,2.182405845980888229e-02,7.911748173130972797e-03,6.450252951096121200e-03,1.557054525014052795e-02,3.025576166385609764e-02,3.055087127599775271e-02,1.344856661045531164e-02,4.170882518268690525e-02,6.419336706014615312e-02,7.134626194491287821e-02,1.368746486790331680e-02,8.010118043844856317e-02,5.285272625070264185e-02,6.309724564362001464e-02,5.198145025295109606e-02,1.028948847667228716e-01,3.003091624508150495e-02,3.154862282181000732e-02,2.820404721753794197e-02,1.680719505340078773e-02,3.338954468802698278e-02,3.438729623383923739e-02,6.523327712197864170e-02,3.390949971894322706e-02,1.157251264755480569e-01,9.831365935919054999e-02,3.064924114671163657e-02,7.202079820123664933e-02,2.150786958965711093e-01,9.064080944350759450e-02,1.321107363687464842e-01,8.694491287240022070e-02,2.030635188308038339e-02,7.315907813378302871e-02
3.513209668353007437e-02,7.563237774030354132e-02,6.278808319280494710e-02,3.026981450252951011e-02,1.253794266441821126e-01,1.899522203485103922e-01,1.962478920741989874e-01,3.988195615514333880e-02,2.366779089376054024e-01,1.301011804384485659e-01,1.488195615514333880e-01,9.401349072512647786e-02,0.000000000000000000e+00,7.658797077009556198e-02,7.168353007307476377e-02,5.784148397976391492e-02,5.910623946037099619e-02,1.234682405845980852e-01,8.189994378864530467e-02,1.684794828555368218e-01,7.286396852164137017e-02,2.923271500843170334e-01,2.284991568296795839e-01,8.732433951658234716e-02,2.246346261944912881e-01,4.355958403597526840e-01,2.544828555368184309e-01,3.620713884204609379e-01,2.777684092186621934e-01,5.487633501967397603e-02,2.117481731309724668e-01,8.362844294547498725e-02,5.359752670039347883e-02,8.560989319842608747e-02,5.297920179876335067e-02,9.640247329960652256e-02,3.400786958965711093e-02,2.584317032040472223e-02,7.931422147273749224e-02,4.473018549747048711e-02,7.306070826306913790e-02,5.483417650365373514e-02,6.209949409780776003e-02,2.221753794266441775e-02,1.842327150084317050e-02,4.364811691961776458e-02,8.639685216413715840e-02,8.686059584035975278e-02,3.791455874086565453e-02,1.178049465992130479e-01,1.817594154019111785e-01,2.002388982574480059e-01,3.833614390106801495e-02,2.268971332209106240e-01,1.465148960089938113e-01,1.779510961214165188e-01,1.431562675660483508e-01,2.871838111298482543e-01,8.539910061832489685e-02,9.045812254075323577e-02,7.962338392355255978e-02,4.789207419898819373e-02,9.471613265879708088e-02,9.751264755480607005e-02,1.854131534569983253e-01,9.413996627318718668e-02,3.268690275435637838e-01,2.772344013490725123e-01,8.553962900505902855e-02,2.049606520517144592e-01,6.040191118605958698e-01,2.592327150084317022e-01,3.709949409780775587e-01,2.476812816188870281e-01,5.760258572231590629e-02,2.043001686340640832e-01
1.003372681281618911e-02,2.179595278246205733e-02,1.801573917931422256e-02,8.656548622821809771e-03,3.620011242270938789e-02,5.448285553681844057e-02,5.674536256323777644e-02,1.149522203485103984e-02,6.788926363125351304e-02,3.797077009555930444e-02,4.318437324339516326e-02,2.747329960652051747e-02,7.658797077009556198e-02,0.000000000000000000e+00,2.055930297920179756e-02,1.656829679595278257e-02,1.706014614952220190e-02,3.552557616638560983e-02,2.351039910061832397e-02,4.811691961776278642e-02,2.116357504215851670e-02,8.372681281618886417e-02,6.534569983136594151e-02,2.526700393479482804e-02,6.426363125351321204e-02,1.247751545812254143e-01,7.311691961776278781e-02,1.050168634064080897e-01,7.963743676222596879e-02,1.583754918493535807e-02,6.091905564924114669e-02,2.410061832490163064e-02,1.561270376616076365e-02,2.494378864530635148e-02,1.544406970207982087e-02,2.750140528386734243e-02,9.808881394041596424e-03,7.532321528948848072e-03,2.276559865092748700e-02,1.287240022484541918e-02,2.123383923552557562e-02,1.594997189432265441e-02,1.800168634064081008e-02,6.464305789769533676e-03,5.311973018549747023e-03,1.260539629005059080e-02,2.484541877459246761e-02,2.469083754918493384e-02,1.111579539066891512e-02,3.390949971894322706e-02,5.265598650927487412e-02,5.791174817313097384e-02,1.115795390668915081e-02,6.555649241146711825e-02,4.291736930860033661e-02,5.143338954468802682e-02,4.168071950534008030e-02,8.305227655986509305e-02,2.452220348510399106e-02,2.608206857785272739e-02,2.304665542439572959e-02,1.375772906127037745e-02,2.736087689713322113e-02,2.796514896008993681e-02,5.320404721753794336e-02,2.726250702641933726e-02,9.411186059584035479e-02,7.945474985947161006e-02,2.470489038785834632e-02,5.900786958965711232e-02,1.741568296795952819e-01,7.425519955030916719e-02,1.067594154019111813e-01,7.096683530073075175e-02,1.659640247329960752e-02,5.888139404159640350e-02
1.010399100618324976e-02,2.053119730185497607e-02,1.736930860033726945e-02,8.094435075885328054e-03,3.353007307476110060e-02,5.234682405845980657e-02,5.321810005621135237e-02,1.084879145587408673e-02,6.406689151208544430e-02,3.468240584598088899e-02,4.006464305789769753e-02,2.536537380550871190e-02,7.168353007307476377e-02,2.055930297920179756e-02,0.000000000000000000e+00,1.558459808881394043e-02,1.585160202360877055e-02,3.360033726812815952e-02,2.283586284429454591e-02,4.501124227093872970e-02,1.999718943226531931e-02,7.948285553681844195e-02,6.360314783586284992e-02,2.452220348510399106e-02,6.108768971332208947e-02,1.207700955593029729e-01,7.055930297920179339e-02,9.804665542439572334e-02,7.571669477234400925e-02,1.467116357504215894e-02,5.770095559302979016e-02,2.209106239460370893e-02,1.441821247892074130e-02,2.336987071388420614e-02,1.437605396290050561e-02,2.542158516020236181e-02,8.768971332209106115e-03,6.871838111298482488e-03,2.114952220348510423e-02,1.190275435637998952e-02,1.967397414277683929e-02,1.489600899381675163e-02,1.620292299044406858e-02,5.831928049465992178e-03,5.073074761101742727e-03,1.188870151770657704e-02,2.362282181000562031e-02,2.397414277684092182e-02,1.024451939291736932e-02,3.147835862844294841e-02,4.855255761663856279e-02,5.320404721753794336e-02,1.052557616638561018e-02,6.101742551995503056e-02,3.851883080382237368e-02,4.844013490725126297e-02,3.955874086565486225e-02,7.682686902754357061e-02,2.269533445756042808e-02,2.544969083754918329e-02,2.131815626756604701e-02,1.264755480607082649e-02,2.540753232152894933e-02,2.678471051152332694e-02,4.991568296795952792e-02,2.585722315907813471e-02,8.872962338392355319e-02,7.663012928611578900e-02,2.352445193929173645e-02,5.546655424395727924e-02,1.651489600899381793e-01,7.096683530073075175e-02,9.932546374367622055e-02,6.676503653738055655e-02,1.513490725126475506e-02,5.483417650365373514e-02
7.602585722315907853e-03,1.655424395727937009e-02,1.367341202922990433e-02,6.576728499156830020e-03,2.707982012366498201e-02,4.179314221472737317e-02,4.284710511523327769e-02,8.614390106801574076e-03,5.170039347948285346e-02,2.821810005621135445e-02,3.209668353007307656e-02,2.030635188308038339e-02,5.784148397976391492e-02,1.656829679595278257e-02,1.558459808881394043e-02,0.000000000000000000e+00,1.280213603147835853e-02,2.682686902754356437e-02,1.784710511523327631e-02,3.652332771219786445e-02,1.558459808881394043e-02,6.385609893198426756e-02,5.004215851602023674e-02,1.899943788645306469e-02,4.888982574480044835e-02,9.550309162450815181e-02,5.574761101742552183e-02,7.913153456998313351e-02,6.083473861720067183e-02,1.177627880831928070e-02,4.609331084879145918e-02,1.835300730747611159e-02,1.181843732433951639e-02,1.867622259696458814e-02,1.170601461495222005e-02,2.077009555930297777e-02,7.391793142214727642e-03,5.578976953344575405e-03,1.735525576166385697e-02,9.808881394041596424e-03,1.597807757166947590e-02,1.202922990444069661e-02,1.347667228780213659e-02,4.904440697020798212e-03,4.047217537942664027e-03,9.359190556492411051e-03,1.894322653175941479e-02,1.887296233839235587e-02,8.305227655986509999e-03,2.554806070826307063e-02,4.000843170320404762e-02,4.346543001686340585e-02,8.431703204047217085e-03,4.977515458122541009e-02,3.157672849915683227e-02,3.875772906127037537e-02,3.090219224283305074e-02,6.246486790331647054e-02,1.857785272625070427e-02,1.991287240022484445e-02,1.734120292299044450e-02,1.039910061832490136e-02,2.061551433389544746e-02,2.123383923552557562e-02,4.080944350758853451e-02,2.033445756042720487e-02,7.193648116919618141e-02,6.094716132658797164e-02,1.866216975829117566e-02,4.492692523889825484e-02,1.318858909499718846e-01,5.709668353007307795e-02,8.067734682405845736e-02,5.437043282743114075e-02,1.245081506464305876e-02,4.457560427206295334e-02
7.715008431703204196e-03,1.691961776278808408e-02,1.403878583473861658e-02,6.759415401911186144e-03,2.804946599213041167e-02,4.243957279370432628e-02,4.409780775716694995e-02,8.754918493535693638e-03,5.288083192804946681e-02,2.906127037661607529e-02,3.319280494659921504e-02,2.084035975267004015e-02,5.910623946037099619e-02,1.706014614952220190e-02,1.585160202360877055e-02,1.280213603147835853e-02,0.000000000000000000e+00,2.727655986509274974e-02,1.819842608206857781e-02,3.764755480607082788e-02,1.634345137717818988e-02,6.558459808881393627e-02,5.085722315907813262e-02,1.943507588532883759e-02,4.998594716132658683e-02,9.678189994378864902e-02,5.656267566048341772e-02,8.105677346824058382e-02,6.197301854974705121e-02,1.228218100056211425e-02,4.713322091062394775e-02,1.849353569421022941e-02,1.204328274311410908e-02,1.923833614390106639e-02,1.180438448566610392e-02,2.159921304103428960e-02,7.630691399662731939e-03,5.831928049465992178e-03,1.760820685778527114e-02,1.007588532883642481e-02,1.651208544125913266e-02,1.228218100056211425e-02,1.389825744800449701e-02,4.988757729061270470e-03,4.173693086003372847e-03,9.808881394041596424e-03,1.926644182124789134e-02,1.912591343451377351e-02,8.473861720067452780e-03,2.612422709387296135e-02,4.061270376616076677e-02,4.482855536818437098e-02,8.501967397414277733e-03,5.064643057897695588e-02,3.306632939853850622e-02,3.941821247892074442e-02,3.163293985385047524e-02,6.419336706014615312e-02,1.913996627318718252e-02,2.010961214165261218e-02,1.779089376053962987e-02,1.068015739179314222e-02,2.116357504215851670e-02,2.159921304103428960e-02,4.155424395727937148e-02,2.109331084879145432e-02,7.320123664980325573e-02,6.162169758291174970e-02,1.922428330522765738e-02,4.581225407532321658e-02,1.348229342327150193e-01,5.749016301292861342e-02,8.277121978639685740e-02,5.538223721191680438e-02,1.294266441821247809e-02,4.569983136593591677e-02
1.648397976391231118e-02,3.535694210230466705e-02,2.941259134345137680e-02,1.415120854412591292e-02,5.803822372119168266e-02,8.924957841483979748e-02,9.151208544125913336e-02,1.866216975829117566e-02,1.109331084879145585e-01,6.035694210230466844e-02,6.916807195053401025e-02,4.356379988757728972e-02,1.234682405845980852e-01,3.552557616638560983e-02,3.360033726812815952e-02,2.682686902754356437e-02,2.727655986509274974e-02,0.000000000000000000e+00,3.840640809443507386e-02,7.873805508712759804e-02,3.386734120292299310e-02,1.371838111298482321e-01,1.072091062394603667e-01,4.110455311973018611e-02,1.044828555368184364e-01,2.040472175379426656e-01,1.194069702079820078e-01,1.693086003372681336e-01,1.299887577290612661e-01,2.551995503091624568e-02,9.872119168071950834e-02,3.851883080382237368e-02,2.502810567734682287e-02,3.982574480044968890e-02,2.455030916245081601e-02,4.453344575604271938e-02,1.571107363687464925e-02,1.204328274311410908e-02,3.660764474423833931e-02,2.085441259134345263e-02,3.412029229904440381e-02,2.556211354693647964e-02,2.875210792580101121e-02,1.034288926363125319e-02,8.614390106801574076e-03,2.020798201236649952e-02,4.043001686340640805e-02,4.071107363687465064e-02,1.762225969645868362e-02,5.427206295671725689e-02,8.456998313659358502e-02,9.280494659921303957e-02,1.790331646992692621e-02,1.056351883080382248e-01,6.786115795390669503e-02,8.281337830241708442e-02,6.661045531197301584e-02,1.338954468802698028e-01,3.968521641371557107e-02,4.242551995503091727e-02,3.676222596964586614e-02,2.232996065205171410e-02,4.423833614390106778e-02,4.565767284991568281e-02,8.701517706576727962e-02,4.388701517706576627e-02,1.531056773468240650e-01,1.298763350196739663e-01,4.000843170320404762e-02,9.595278246205733719e-02,2.817594154019111841e-01,1.214586846543001669e-01,1.724142776840921765e-01,1.157672849915682978e-01,2.668634064080944307e-02,9.529229904440697507e-02
1.115795390668915081e-02,2.367903316469927022e-02,2.001124227093872832e-02,9.232715008431703965e-03,3.835019673974143090e-02,6.008993816750983485e-02,6.066610455311972905e-02,1.232433951658234994e-02,7.438167509836987601e-02,4.009274873524452248e-02,4.621978639685216106e-02,2.868184373243395230e-02,8.189994378864530467e-02,2.351039910061832397e-02,2.283586284429454591e-02,1.784710511523327631e-02,1.819842608206857781e-02,3.840640809443507386e-02,0.000000000000000000e+00,5.296514896008993473e-02,2.258291174817313174e-02,9.222878021360314538e-02,7.272344013490725234e-02,2.713603147835862844e-02,7.020798201236649883e-02,1.369168071950533916e-01,8.088813940415963410e-02,1.128021360314783589e-01,8.816750983698706801e-02,1.743957279370432836e-02,6.625913434513772127e-02,2.473299606520517127e-02,1.628724002248454344e-02,2.658797077009555920e-02,1.616076447442383462e-02,2.942664418212478927e-02,1.008993816750983728e-02,7.869589657110737102e-03,2.346824058459809001e-02,1.347667228780213659e-02,2.237211916807195153e-02,1.666666666666666644e-02,1.909780775716694856e-02,6.731309724564362058e-03,5.874086565486227873e-03,1.375772906127037745e-02,2.737492973580663361e-02,2.757166947723440134e-02,1.180438448566610392e-02,3.603147835862844511e-02,5.645025295109612484e-02,6.076447442383361291e-02,1.207138842046093230e-02,7.022203485103990783e-02,4.473018549747048711e-02,5.553681843732433815e-02,4.405564924114670905e-02,8.790050590219224136e-02,2.671444631815626802e-02,2.925801011804384649e-02,2.445193929173693215e-02,1.475548060708263033e-02,2.937043282743113937e-02,3.088813940415964174e-02,5.865654862282181081e-02,2.924395727937043402e-02,1.026700393479482859e-01,8.753513209668352391e-02,2.682686902754356437e-02,6.353288364249579101e-02,1.889825744800449625e-01,8.286958965711073433e-02,1.146430578976953413e-01,7.789488476672287720e-02,1.793142214727374770e-02,6.299887577290612384e-02
2.213322091062394636e-02,4.845418774592467892e-02,4.066891512085440974e-02,1.895727937043282726e-02,7.966554243957278680e-02,1.222315907813378288e-01,1.248313659359190503e-01,2.501405283867341039e-02,1.518830803822372177e-01,8.267284991568296659e-02,9.444912872400225423e-02,5.913434513771782114e-02,1.684794828555368218e-01,4.811691961776278642e-02,4.501124227093872970e-02,3.652332771219786445e-02,3.764755480607082788e-02,7.873805508712759804e-02,5.296514896008993473e-02,0.000000000000000000e+00,4.571388420460933272e-02,1.876053962900506022e-01,1.460089938167509760e-01,5.508712759977515278e-02,1.426644182124789106e-01,2.761804384485666009e-01,1.629707700955592975e-01,2.315767284991568364e-01,1.787802136031478306e-01,3.538504777965149201e-02,1.351742551995503139e-01,5.258572231590781521e-02,3.396571107363687697e-02,5.453906689151208353e-02,3.371275997751545933e-02,6.075042158516020391e-02,2.145868465430016830e-02,1.635750421585160236e-02,4.945193929173693353e-02,2.831646992692523832e-02,4.679595278246205525e-02,3.482293423271500682e-02,3.998032602585722267e-02,1.422147273749297357e-02,1.188870151770657704e-02,2.792299044406970285e-02,5.557897695334457905e-02,5.559302979201798806e-02,2.408656548622821816e-02,7.466273187183811166e-02,1.172428330522765627e-01,1.266160764474423828e-01,2.459246767847104997e-02,1.444491287240022570e-01,9.369027543563800131e-02,1.128021360314783589e-01,8.960089938167509205e-02,1.820123664980325962e-01,5.458122540753232443e-02,5.798201236649803275e-02,5.047779651489600616e-02,3.036818437324339398e-02,6.011804384485665981e-02,6.191680719505340130e-02,1.209387296233839226e-01,5.910623946037099619e-02,2.110595840359752728e-01,1.773187183811129886e-01,5.448285553681844057e-02,1.305227655986509194e-01,3.847667228780213833e-01,1.670039347948285569e-01,2.358768971332209086e-01,1.599775154581225545e-01,3.726812816188870142e-02,1.301714446318156249e-01
9.949409780775715986e-03,2.077009555930297777e-02,1.745362563237774084e-02,8.192804946599213656e-03,3.478077571669477286e-02,5.186902754356380318e-02,5.449690837549184957e-02,1.107363687464867942e-02,6.444631815626757076e-02,3.612984822934232898e-02,4.149803260258572157e-02,2.660202360876897168e-02,7.286396852164137017e-02,2.116357504215851670e-02,1.999718943226531931e-02,1.558459808881394043e-02,1.634345137717818988e-02,3.386734120292299310e-02,2.258291174817313174e-02,4.571388420460933272e-02,0.000000000000000000e+00,7.979201798763349562e-02,6.333614390106800940e-02,2.477515458122540870e-02,6.131253513209668216e-02,1.202360876897133196e-01,6.998313659359189920e-02,9.974704890387858791e-02,7.542158516020236458e-02,1.496627318718381054e-02,5.829117481731310030e-02,2.287802136031478334e-02,1.503653738055087119e-02,2.398819561551433430e-02,1.469926925238898216e-02,2.627880831928049513e-02,9.204609331084879012e-03,7.265317594154018822e-03,2.190837549184935368e-02,1.229623383923552499e-02,2.047498594716132617e-02,1.530354131534569957e-02,1.670882518268690387e-02,6.070826306913996474e-03,5.044969083754918641e-03,1.226812816188870177e-02,2.366498032602585774e-02,2.353850477796514892e-02,1.052557616638561018e-02,3.216694772344013548e-02,4.985947161326587801e-02,5.508712759977515278e-02,1.069421023046655470e-02,6.174817313097245852e-02,4.068296795952782569e-02,4.886172006745362340e-02,4.078133783024170955e-02,7.973580663293985960e-02,2.294828555368184225e-02,2.495784148397976396e-02,2.181000562113546981e-02,1.277403035413153531e-02,2.591343451377178114e-02,2.660202360876897168e-02,4.995784148397976188e-02,2.643338954468802543e-02,8.923552557616638847e-02,7.630691399662731245e-02,2.405845980888139321e-02,5.577571669477234678e-02,1.673974142776840923e-01,7.029229904440696675e-02,1.017847105115233242e-01,6.741146711635750965e-02,1.558459808881394043e-02,5.615514333895446630e-02
