0.000000000000000000e+00,1.839587932303164003e-02,1.352375855687113979e-02,4.325818895355318904e-03,2.250986688072780656e-02,2.544205855464133637e-02,3.463999821615715985e-02,6.076214685486208515e-03,4.041518942181193674e-02,2.203045911655183292e-02,2.727049746917296555e-02,1.995674181104644535e-02,4.494169063705487355e-02,9.766539567864071167e-03,1.289941356166521801e-02,1.277677436617834054e-02,7.146520391553503986e-03,1.460521328070996973e-02,1.770464022119651315e-02,2.642317211853635606e-02,1.520726024037282256e-02,5.253417173946975383e-02,3.951211898231765662e-02,1.635560907084085761e-02,3.913305237808548803e-02,9.022900082502731400e-02,4.229937342520123655e-02,5.631368876401988965e-02,4.645795705398354097e-02,8.963810288313599564e-03,3.274466519499632383e-02,1.042433161638459636e-02,7.681673244587151721e-03,1.316698998818204187e-02,6.221151916516154921e-03,1.065846098958681681e-02,6.577920485205253701e-03,4.749481570673623650e-03,9.577006265747986871e-03,7.570183066871808732e-03,8.417508417508417357e-03,6.589069502976788173e-03,1.171761767788257781e-02,3.177470064887283428e-03,1.415925256984859560e-03,8.094186902133922862e-03,1.422614667647780287e-02,2.145071019243204730e-02,5.953575489999331054e-03,2.656810934956630246e-02,2.715900729145762429e-02,3.516400205141927138e-02,7.637077173501014699e-03,4.514237295694249058e-02,2.282203937833076832e-02,3.463999821615715985e-02,2.221999241866791375e-02,4.226592637188663487e-02,1.526300532923049492e-02,1.427074274756393903e-02,1.185140589114098975e-02,7.079626284924298019e-03,1.340111936138426232e-02,1.846277342966084686e-02,2.545320757241286910e-02,1.537449550694583791e-02,4.884384685709188684e-02,4.343657323789774233e-02,1.130510402033580927e-02,3.682520569937788174e-02,9.996209333957678522e-02,3.983544049769215112e-02,5.531027716458179755e-02,4.326933797132472698e-02,7.782014404530961105e-03,3.162976341784289047e-02
1.839587932303164003e-02,0.000000000000000000e+00,2.729279550471603449e-02,8.751978950654448058e-03,4.571097286329074694e-02,5.226659531295292649e-02,6.985974535643409145e-02,1.172876669565411228e-02,8.351729212656365531e-02,4.450687894396503780e-02,5.515419091578031840e-02,3.953441701786072904e-02,9.060806742925947566e-02,1.978950654447343346e-02,2.573193301670122918e-02,2.574308203447276192e-02,1.430418980087854244e-02,2.955604611233750290e-02,3.574375097553905700e-02,5.360447744553704930e-02,2.979017548553972508e-02,1.081343233661114511e-01,7.992730840412959337e-02,3.254398287510869986e-02,7.866746939594622401e-02,1.815617544094365321e-01,8.604811916070194411e-02,1.146676477802305583e-01,9.572546658639373429e-02,1.915401253149597374e-02,6.639240082948692778e-02,2.133922001471670257e-02,1.532989943585970002e-02,2.608870158539032882e-02,1.242000579748924090e-02,2.118313376591522343e-02,1.316698998818204187e-02,9.510112159118781772e-03,1.944388699355586655e-02,1.534104845363123450e-02,1.673467567507302620e-02,1.324503311258278145e-02,2.375855687113965359e-02,6.455281289718376239e-03,2.787254442883582099e-03,1.665663255067228662e-02,2.960064218342364079e-02,4.348116930898388022e-02,1.199634312217093615e-02,5.493121056034963590e-02,5.567819475104242993e-02,7.123107454233282287e-02,1.514036613374361746e-02,9.224697304167503442e-02,4.695966285370258703e-02,7.061787856489842863e-02,4.458492206836577737e-02,8.640488772939104722e-02,3.133988895578299766e-02,2.871986977947242961e-02,2.428256070640176512e-02,1.478359756505451955e-02,2.705866613151381231e-02,3.749414676566994314e-02,5.166454835329007539e-02,3.074899101389167583e-02,1.009432069034718049e-01,8.862354226592637774e-02,2.306731776930452324e-02,7.649341093049702445e-02,2.051865230673177720e-01,8.216826097620799629e-02,1.136642361807924662e-01,8.968269895422213700e-02,1.602113853769483037e-02,6.464200503935603470e-02
1.352375855687113979e-02,2.729279550471603449e-02,0.000000000000000000e+00,6.254598969830758338e-03,3.290075144379780298e-02,3.806274667201819256e-02,5.014828193636140796e-02,8.673935826253706752e-03,6.010435480634156169e-02,3.152942225789907849e-02,3.972395031997680986e-02,2.859723058398555215e-02,6.524405199901889274e-02,1.427074274756393903e-02,1.895333021160835671e-02,1.880839298057841030e-02,1.011215911878163461e-02,2.133922001471670257e-02,2.614444667424799945e-02,3.916649943140009665e-02,2.153990233460432308e-02,7.861172430708854297e-02,5.872187660267130793e-02,2.368051374673891402e-02,5.677079849265279782e-02,1.316921979173634738e-01,6.243449952059223346e-02,8.266996677592704235e-02,6.979285124980488808e-02,1.408120944544785647e-02,4.802996855976988250e-02,1.532989943585970002e-02,1.113786875376279392e-02,1.890873414052221882e-02,8.896916181684394465e-03,1.530760140031663281e-02,9.454367070261109410e-03,6.834347893950543096e-03,1.398086828550404795e-02,1.118246482484893008e-02,1.221932347760162386e-02,9.599304301291055816e-03,1.681271879947376577e-02,4.615693357415211716e-03,2.040270252190781990e-03,1.209668428211474640e-02,2.129462394363056468e-02,3.168550850670055763e-02,8.517849577452225873e-03,3.960131112448993240e-02,4.009186790643744225e-02,5.138582290900171878e-02,1.090373938056057347e-02,6.669342430931834986e-02,3.374807679443440900e-02,5.105135237585568808e-02,3.254398287510869986e-02,6.237875443173456630e-02,2.254331393404241171e-02,2.089325930385533062e-02,1.723638147479207225e-02,1.059156688295761171e-02,1.959997324235734917e-02,2.727049746917296555e-02,3.776172319218677048e-02,2.217539634758177933e-02,7.322674872343747088e-02,6.439672664838227978e-02,1.666778156844381936e-02,5.544406537784021122e-02,1.484268735924365035e-01,5.920128436684728157e-02,8.194528062077731378e-02,6.519945592793274791e-02,1.172876669565411228e-02,4.700425892478872492e-02
4.325818895355318904e-03,8.751978950654448058e-03,6.254598969830758338e-03,0.000000000000000000e+00,1.097063348718977857e-02,1.235311169086003580e-02,1.670122862175842451e-02,2.720360336254376132e-03,1.966686734898655600e-02,1.060271590072914619e-02,1.315584097041050740e-02,9.142194572658149387e-03,2.177403170780654179e-02,4.760630588445158122e-03,5.975873525542399999e-03,6.009320578857002548e-03,3.433897473632572823e-03,7.035030213838160996e-03,8.239124133163867533e-03,1.256494302851918730e-02,7.046179231609695469e-03,2.533056837692599164e-02,1.852966753629005370e-02,7.625928155729480226e-03,1.866345574954846390e-02,4.280107922492028261e-02,2.015742413093406585e-02,2.733739157580217238e-02,2.258791000512854960e-02,4.415011037527593815e-03,1.580930720003567713e-02,5.083952103819653484e-03,3.712622917920931163e-03,6.221151916516154921e-03,2.976787744999665527e-03,5.005908979418913045e-03,3.099426940486542988e-03,2.218654536535331380e-03,4.626842375186746188e-03,3.690324882377862652e-03,3.991348362209289069e-03,3.144023011572680444e-03,5.697148081254041659e-03,1.538564452471737239e-03,6.577920485205253050e-04,3.957901308894686519e-03,6.956987089437420557e-03,1.007871206546703292e-02,2.898744620598925088e-03,1.315584097041050740e-02,1.316698998818204187e-02,1.704684817267598795e-02,3.612281757977122212e-03,2.175173367226347285e-02,1.112671973599125945e-02,1.681271879947376577e-02,1.043548063415613084e-02,2.059223582402390507e-02,7.547885031328739787e-03,6.800900840635939679e-03,5.741744152340178681e-03,3.445046491404107295e-03,6.354940129774566855e-03,8.874618146141325520e-03,1.207438624657167746e-02,7.436394853613396798e-03,2.364706669342430886e-02,2.081521617945459104e-02,5.463018708051820341e-03,1.798336566548486976e-02,4.874350569714808179e-02,1.929894976252592015e-02,2.698062300711307274e-02,2.090440832162686335e-02,3.757218989007068619e-03,1.537449550694583791e-02
2.250986688072780656e-02,4.571097286329074694e-02,3.290075144379780298e-02,1.097063348718977857e-02,0.000000000000000000e+00,6.487613441255825342e-02,8.791000512854817150e-02,1.423729569424933734e-02,1.031730104577786716e-01,5.626909269293375176e-02,6.862220438379379450e-02,4.884384685709188684e-02,1.141659419805115122e-01,2.471737239949160433e-02,3.120610074252458399e-02,3.164091243561441974e-02,1.813945191428635237e-02,3.705933507258010740e-02,4.353691439784154738e-02,6.594644011862554889e-02,3.704818605480857119e-02,1.326398644279438988e-01,9.705219970120632089e-02,3.990233460432136142e-02,9.782148192744219428e-02,2.242067473855553217e-01,1.056257943675162209e-01,1.423506589069503114e-01,1.180569491827769962e-01,2.307846678707605945e-02,8.307133141570227641e-02,2.696947398934154000e-02,1.938814190469819593e-02,3.268892010613864973e-02,1.567551898677726346e-02,2.634512899413561648e-02,1.655629139072847811e-02,1.158382946462416588e-02,2.478426650612081117e-02,1.944388699355586655e-02,2.083751421499765999e-02,1.662318549735768147e-02,2.943340691685062543e-02,8.161081008763127961e-03,3.456195509175641768e-03,2.080406716168305484e-02,3.613396659754275486e-02,5.306932459250340156e-02,1.516266416928668641e-02,6.886748277476754942e-02,6.916850625459897151e-02,8.943742056324838208e-02,1.869690280286306905e-02,1.142662831404553242e-01,5.806408455415078274e-02,8.832251878609494178e-02,5.493121056034963590e-02,1.078221508685084790e-01,3.895466809374094341e-02,3.517515106919080758e-02,3.019154012531495915e-02,1.815060093205788511e-02,3.330211608357303704e-02,4.636876491181127213e-02,6.308114255134122939e-02,3.884317791602559522e-02,1.235645639619149527e-01,1.084130488103998008e-01,2.892055209936004664e-02,9.390817668963363785e-02,2.550895266127053973e-01,1.009655049390148773e-01,1.414252904319129589e-01,1.098066760318415908e-01,1.968916538452962148e-02,8.019488483064642070e-02
2.544205855464133637e-02,5.226659531295292649e-02,3.806274667201819256e-02,1.235311169086003580e-02,6.487613441255825342e-02,0.000000000000000000e+00,9.870225433139340199e-02,1.622182085758244741e-02,1.166633219613352063e-01,6.207773095190313728e-02,7.725154413896136163e-02,5.477512431154814981e-02,1.278123397328695399e-01,2.801748165986576652e-02,3.579949606439672416e-02,3.614511561531429107e-02,2.000133788213258323e-02,4.180881664325372671e-02,5.005908979418913218e-02,7.507748567351216207e-02,4.147434611010770295e-02,1.520837514214997688e-01,1.120699266394630661e-01,4.515352197471402679e-02,1.107989386135081467e-01,2.542310522442972620e-01,1.199411331861662960e-01,1.612259459941579043e-01,1.348139228933930844e-01,2.717015630922915703e-02,9.372979240528910017e-02,3.042566949851718133e-02,2.176288269003500905e-02,3.634579793520190810e-02,1.744821281245122202e-02,2.983477155662586297e-02,1.859656164291926053e-02,1.313354293486743846e-02,2.763841505563359793e-02,2.197471402769415882e-02,2.349098044462282972e-02,1.856311458960465538e-02,3.288960242602626677e-02,9.175641625972751070e-03,3.969050326666220992e-03,2.365821571119584507e-02,4.121791870136241182e-02,6.078444489040515236e-02,1.703569915490445175e-02,7.785359109862420579e-02,7.836644591611478805e-02,1.004749481570673675e-01,2.091555733939839956e-02,1.297857158784311016e-01,6.563426762102259060e-02,9.962762280643075452e-02,6.213347604076081138e-02,1.218810622784132769e-01,4.427274957076281908e-02,4.014761299529511634e-02,3.383726893660668478e-02,2.061453385956697054e-02,3.781746828104443764e-02,5.261221486387049340e-02,7.218989007068477015e-02,4.350346734452694569e-02,1.411354159698530453e-01,1.241108658327201436e-01,3.242134367962182240e-02,1.073427431043325053e-01,2.890382857270274441e-01,1.143443262648560638e-01,1.603005775191205518e-01,1.258947086761656176e-01,2.263250607621468402e-02,9.112092224675005792e-02
3.463999821615715985e-02,6.985974535643409145e-02,5.014828193636140796e-02,1.670122862175842451e-02,8.791000512854817150e-02,9.870225433139340199e-02,0.000000000000000000e+00,2.203045911655183292e-02,1.567997859388587933e-01,8.555756237875443426e-02,1.048119160701942165e-01,7.494369746025375534e-02,1.733895243829018662e-01,3.790666042321671342e-02,4.743907061787856760e-02,4.819720382634289785e-02,2.768301112671973582e-02,5.648092403059290501e-02,6.606907931411243329e-02,1.001962227127790039e-01,5.675964947488126161e-02,2.026445470154079331e-01,1.479586148460320660e-01,6.144223693892567756e-02,1.499431400093651778e-01,3.429995317412535827e-01,1.605570049278658429e-01,2.174392935982339958e-01,1.790086293397551709e-01,3.507480990924699560e-02,1.268200771512029701e-01,4.137400495016389096e-02,2.970098334336744930e-02,4.990300354538765304e-02,2.397038820879880336e-02,4.013646397752358014e-02,2.521907819921065039e-02,1.769349120342497694e-02,3.824113095636274412e-02,2.980132450331125782e-02,3.200883002207505212e-02,2.566503891007202234e-02,4.489709456596873566e-02,1.254264499297611836e-02,5.206591299306530946e-03,3.184159475550204371e-02,5.494235957812116516e-02,8.055165339933552382e-02,2.335719223136441605e-02,1.052355787455125230e-01,1.047450219635650132e-01,1.369322362699846030e-01,2.856378353067094700e-02,1.734787165250741281e-01,8.834481682163801419e-02,1.345240484313331986e-01,8.392980578411042558e-02,1.642807768635583254e-01,5.973643721988092931e-02,5.357103039222244761e-02,4.592280420094989324e-02,2.769416014449127203e-02,5.115169353579949313e-02,7.031685508506700655e-02,9.560282739090686377e-02,5.935737061564876071e-02,1.872366044551475039e-01,1.652953374807679399e-01,4.397172609093139006e-02,1.430307489910138952e-01,3.888665908533457949e-01,1.534773786429415587e-01,2.160568153945637282e-01,1.668450509510112090e-01,2.990166566325506634e-02,1.223827680781323229e-01
6.076214685486208515e-03,1.172876669565411228e-02,8.673935826253706752e-03,2.720360336254376132e-03,1.423729569424933734e-02,1.622182085758244741e-02,2.203045911655183292e-02,0.000000000000000000e+00,2.574308203447276192e-02,1.385822909001716875e-02,1.719178540370593436e-02,1.267643320623453029e-02,2.855263451289941426e-02,6.131959774343880010e-03,8.283720204250005423e-03,8.161081008763127961e-03,4.470756126385265310e-03,9.275982785916561321e-03,1.108212366490512156e-02,1.681271879947376577e-02,9.532410194661850716e-03,3.352509643900372649e-02,2.517448212812451250e-02,1.053582179409993935e-02,2.461703123954779582e-02,5.778535910986241919e-02,2.700292104265614168e-02,3.585524115325439826e-02,2.981247352108279403e-02,5.708297099025576131e-03,2.082636519722612378e-02,6.734006734006733712e-03,4.883269783932035583e-03,8.384061364193813939e-03,3.924454255580083102e-03,6.667112627377527745e-03,4.169732646553838892e-03,2.965638727228131055e-03,6.154257809886948954e-03,4.794077641759760672e-03,5.318081477021874802e-03,4.180881664325373365e-03,7.447543871384931270e-03,2.029121234419247518e-03,8.584743684081432057e-04,5.273485405935736912e-03,9.030704394942806398e-03,1.376903694784489471e-02,3.824113095636274585e-03,1.715833835039132921e-02,1.725867951033514119e-02,2.229803554306865679e-02,4.838673712845898561e-03,2.858608156621401594e-02,1.453831917408076289e-02,2.215309831203871038e-02,1.435993488973621481e-02,2.682453675831159359e-02,9.866880727807879684e-03,9.242535732601957904e-03,7.525586995785671710e-03,4.504203179699868727e-03,8.595892701852967180e-03,1.181795883782638806e-02,1.623296987535398014e-02,9.766539567864071167e-03,3.140678306241220102e-02,2.800633264209423032e-02,7.213414498182709952e-03,2.365821571119584507e-02,6.429638548843846779e-02,2.557584676789974656e-02,3.527549222913461263e-02,2.753807389568978942e-02,4.983610943875844967e-03,2.017972216647713479e-02
4.041518942181193674e-02,8.351729212656365531e-02,6.010435480634156169e-02,1.966686734898655600e-02,1.031730104577786716e-01,1.166633219613352063e-01,1.567997859388587933e-01,2.574308203447276192e-02,0.000000000000000000e+00,9.932659932659933244e-02,1.232746894998550669e-01,8.719646799116997915e-02,2.030347626374116310e-01,4.480790242379646682e-02,5.685999063482507360e-02,5.746203759448792470e-02,3.180814770218743509e-02,6.658193413160300167e-02,7.948134769326822835e-02,1.200526233638816442e-01,6.590184404753941794e-02,2.425468816197293154e-01,1.785292215755791834e-01,7.114188240016054710e-02,1.765112493589314768e-01,4.042968314491493520e-01,1.913951880839298014e-01,2.566838361540348390e-01,2.154659174526724064e-01,4.331393404241086487e-02,1.488393872499832737e-01,4.776239213325306210e-02,3.422748455861038958e-02,5.775191205654781751e-02,2.754922291346132562e-02,4.724953731576247984e-02,2.945570495239369438e-02,2.070372600173924632e-02,4.369300064664303346e-02,3.486297857158784236e-02,3.718197426806698486e-02,2.934421477467834966e-02,5.267910897049969676e-02,1.441567997859388543e-02,6.198853880973085977e-03,3.744955069458380525e-02,6.609137734965549182e-02,9.645015274154347673e-02,2.675764265168238676e-02,1.233638816420273426e-01,1.247240618101545240e-01,1.601779383236336951e-01,3.356969251008986438e-02,2.064909581465872723e-01,1.047338729457934769e-01,1.582491582491582505e-01,9.855731710036345905e-02,1.937141837804089439e-01,7.033915312061007896e-02,6.349365620888799966e-02,5.399469306754074716e-02,3.315717885254309411e-02,6.020469596628537368e-02,8.401899792628270136e-02,1.149686712600619942e-01,6.886748277476754942e-02,2.253773942515664430e-01,1.978058733025620519e-01,5.105135237585568808e-02,1.711708698463665357e-01,4.587040381742368278e-01,1.825986130621892189e-01,2.559702990166566328e-01,2.008941512252770401e-01,3.620086070417196517e-02,1.450487212076616017e-01
2.203045911655183292e-02,4.450687894396503780e-02,3.152942225789907849e-02,1.060271590072914619e-02,5.625794367516221556e-02,6.207773095190313728e-02,8.555756237875443426e-02,1.385822909001716875e-02,9.932659932659933244e-02,0.000000000000000000e+00,6.687180859366290142e-02,4.752826276005083644e-02,1.101188485294445490e-01,2.436060383080250469e-02,3.002430485874194380e-02,3.048141458737485196e-02,1.760429906125270463e-02,3.589983722434053615e-02,4.195375387428367658e-02,6.383927575980556657e-02,3.605592347314201529e-02,1.284812807991616013e-01,9.368519633420295534e-02,3.865364461390951439e-02,9.503422748455861435e-02,2.169933328873726308e-01,1.018685753785091574e-01,1.380025419760519123e-01,1.141101968916538451e-01,2.224229045421098269e-02,8.006109661738801397e-02,2.583227417664503769e-02,1.868575378509153284e-02,3.136218699132606313e-02,1.495083283162753317e-02,2.570963498115816023e-02,1.600998951992329417e-02,1.113786875376279392e-02,2.405958035097107914e-02,1.890873414052221882e-02,2.025776529087787436e-02,1.613262871541017163e-02,2.890940308158851044e-02,7.960398688875510928e-03,3.255513189288023867e-03,2.019087118424866753e-02,3.490757464267398025e-02,5.068343478939505570e-02,1.469440542288224377e-02,6.701674582469284436e-02,6.620286752737084002e-02,8.736370325774299450e-02,1.787187548776952850e-02,1.098178250496131270e-01,5.654781813722210837e-02,8.492206836577698148e-02,5.285749325484424832e-02,1.041764220572167637e-01,3.838606818739269400e-02,3.360313956340446606e-02,2.909893638370459473e-02,1.769349120342497694e-02,3.243249269739335860e-02,4.466296519276651694e-02,6.051686846388833196e-02,3.734920953464000021e-02,1.192498940843311761e-01,1.042879122349320981e-01,2.754922291346132562e-02,9.097598501572011498e-02,2.449773674939237922e-01,9.727518005663700340e-02,1.380248400115949847e-01,1.061720962383213979e-01,1.912056547818137206e-02,7.734073628113363741e-02
2.727049746917296555e-02,5.515419091578031840e-02,3.972395031997680986e-02,1.315584097041050740e-02,6.862220438379379450e-02,7.725154413896136163e-02,1.048119160701942165e-01,1.719178540370593436e-02,1.232746894998550669e-01,6.687180859366290142e-02,0.000000000000000000e+00,5.882221776261511298e-02,1.355051619952282183e-01,2.971213236113898204e-02,3.785091533435904626e-02,3.826342899190581653e-02,2.157334938791892476e-02,4.436194171293508792e-02,5.242268156175441257e-02,7.961513590652663508e-02,4.470756126385265483e-02,1.600664481459183330e-01,1.172988159743126590e-01,4.779583918656766378e-02,1.174772002586572106e-01,2.682230695475728566e-01,1.267866300978883753e-01,1.709255914553927669e-01,1.418266550716881791e-01,2.816241889089571293e-02,9.899212879345330174e-02,3.186389279104510919e-02,2.284433741387383726e-02,3.868709166722411608e-02,1.850736950074698475e-02,3.170780654224363004e-02,1.966686734898655600e-02,1.382478203670256707e-02,2.918812852587687051e-02,2.308961580484759218e-02,2.482886257720694906e-02,1.970031440230115768e-02,3.518630008696233685e-02,9.666198407920262650e-03,4.136285593239235475e-03,2.480656454166388011e-02,4.351461636229848190e-02,6.378353067094788553e-02,1.802796173657100764e-02,8.260307266929783898e-02,8.246928445603941837e-02,1.069859745356434161e-01,2.226458848975405164e-02,1.366423618079247171e-01,7.021651392512319456e-02,1.053247708876847988e-01,6.613597342074163665e-02,1.286931121368207476e-01,4.681472562267264409e-02,4.223247931857203319e-02,3.607822150868508770e-02,2.182977679666421242e-02,3.985773853323522353e-02,5.546636341338328363e-02,7.603630120186410934e-02,4.620152964523825678e-02,1.490846656409570425e-01,1.302539746248355390e-01,3.447276294958414450e-02,1.131513813633018978e-01,3.042789930207148719e-01,1.211229290699489397e-01,1.694316230740071927e-01,1.323945860369701299e-01,2.387004704885499484e-02,9.624947042165585276e-02
1.995674181104644535e-02,3.953441701786072904e-02,2.859723058398555215e-02,9.142194572658149387e-03,4.884384685709188684e-02,5.477512431154814981e-02,7.494369746025375534e-02,1.267643320623453029e-02,8.719646799116997915e-02,4.752826276005083644e-02,5.882221776261511298e-02,0.000000000000000000e+00,9.681807032800410218e-02,2.106049457042834597e-02,2.734854059357370512e-02,2.724819943362989660e-02,1.544138961357504475e-02,3.133988895578299766e-02,3.761678596115682061e-02,5.675964947488126161e-02,3.251053582179409818e-02,1.131625303810734340e-01,8.444266060160099396e-02,3.468459428724329080e-02,8.333890784221910375e-02,1.924989408433117055e-01,9.030704394942805358e-02,1.213347604076080860e-01,1.001404776239213368e-01,1.968916538452962148e-02,7.046179231609694948e-02,2.288893348495997515e-02,1.643365219524160065e-02,2.790599148215042180e-02,1.316698998818204187e-02,2.240952572078399804e-02,1.391397417887484111e-02,9.911476798894017573e-03,2.110509064151448386e-02,1.643365219524160065e-02,1.800566370102793870e-02,1.424844471202087182e-02,2.519678016366758144e-02,6.923540036122818007e-03,2.932191673913528071e-03,1.793876959439873187e-02,3.057060672954712774e-02,4.548799250786005749e-02,1.295515865052288863e-02,5.901175106473119381e-02,5.811982964300844989e-02,7.610319530849332659e-02,1.605458559100943206e-02,9.640555667045733190e-02,4.962427810109929643e-02,7.507748567351216207e-02,4.830869400405823910e-02,9.100943206903472360e-02,3.342475527905991450e-02,3.038107342743104344e-02,2.535286641246906059e-02,1.543024059580351028e-02,2.864182665507168657e-02,3.935603273351617748e-02,5.401699110308381957e-02,3.344705331460298692e-02,1.052913238343701902e-01,9.294936116128169057e-02,2.442749793743171152e-02,7.990501036858652095e-02,2.168260976207996016e-01,8.590318192967200117e-02,1.201195174705108476e-01,9.328383169442772127e-02,1.691305995941757429e-02,6.824313777956161897e-02
4.494169063705487355e-02,9.060806742925947566e-02,6.524405199901889274e-02,2.177403170780654179e-02,1.141659419805115122e-01,1.278123397328695399e-01,1.733895243829018662e-01,2.855263451289941426e-02,2.030347626374116310e-01,1.101188485294445490e-01,1.355051619952282183e-01,9.681807032800410218e-02,0.000000000000000000e+00,4.917831739023791754e-02,6.189934666755858572e-02,6.261288380493679195e-02,3.544272749570762798e-02,7.319330167012286226e-02,8.604811916070194411e-02,1.301647824826632771e-01,7.350547416772582054e-02,2.630053292304947998e-01,1.934020112828059856e-01,7.907998305349298040e-02,1.937253327981804940e-01,4.443329542667290855e-01,2.086538675942649357e-01,2.812674203402680262e-01,2.332486007982696730e-01,4.600084732535063975e-02,1.641581376680714410e-01,5.311392066358953945e-02,3.818538586750507002e-02,6.403995807969317666e-02,3.077128904943474477e-02,5.216625415300912144e-02,3.273351617722478762e-02,2.272169821838695980e-02,4.896648605257877124e-02,3.860904854282337650e-02,4.125136575467701350e-02,3.290075144379780298e-02,5.807523357192231200e-02,1.616607576872477678e-02,6.800900840635939679e-03,4.147434611010770295e-02,7.152094900439270875e-02,1.049122572301380285e-01,3.005775191205654895e-02,1.358842285994603938e-01,1.356500992262581751e-01,1.770352531941935814e-01,3.701473900149396951e-02,2.252324570205364862e-01,1.145450085847436877e-01,1.741811046446808120e-01,1.088590095212611797e-01,2.130800276495640744e-01,7.746337547662050793e-02,6.954757285883113316e-02,5.927932749124802114e-02,3.581064508216826037e-02,6.614712243851317286e-02,9.163377706424064018e-02,1.243672932414654209e-01,7.687247753472918610e-02,2.436283363435681193e-01,2.151871920083840706e-01,5.657011617276518078e-02,1.859098713403349035e-01,5.041920306820969477e-01,1.984748143688541133e-01,2.804535420429460357e-01,2.168483956563426740e-01,3.923339353802930002e-02,1.586728209244765431e-01
9.766539567864071167e-03,1.978950654447343346e-02,1.427074274756393903e-02,4.760630588445158122e-03,2.471737239949160433e-02,2.801748165986576652e-02,3.790666042321671342e-02,6.131959774343880010e-03,4.480790242379646682e-02,2.436060383080250469e-02,2.971213236113898204e-02,2.106049457042834597e-02,4.917831739023791754e-02,0.000000000000000000e+00,1.353490757464267426e-02,1.380248400115949813e-02,7.871206546703235149e-03,1.600998951992329417e-02,1.885298905166454819e-02,2.856378353067094700e-02,1.597654246660869248e-02,5.760697482551787457e-02,4.216558521194282982e-02,1.730327558142127561e-02,4.235511851405891065e-02,9.670658015028875398e-02,4.595625125426450186e-02,6.194394273864472361e-02,5.125203469574330511e-02,1.001181795883782609e-02,3.571030392222445532e-02,1.149463732245189183e-02,8.350614310879212257e-03,1.401431533881864963e-02,6.722857716235200107e-03,1.128280598479274033e-02,7.157669409325038458e-03,5.050505050505050934e-03,1.058041786518607724e-02,8.239124133163867533e-03,8.919214217227461675e-03,7.124222356010435908e-03,1.289941356166521801e-02,3.534238633576381773e-03,1.505117399157134255e-03,8.885767163912859992e-03,1.566436996900573073e-02,2.301157268044685261e-02,6.522175396347582206e-03,2.991281468102660254e-02,2.990166566325506634e-02,3.865364461390951439e-02,8.105335919905455599e-03,4.939014872789707078e-02,2.535286641246906059e-02,3.812964077864740287e-02,2.372510981782504844e-02,4.653600017838428748e-02,1.692420897718911049e-02,1.519611122260128809e-02,1.321158605926817803e-02,7.882355564474769621e-03,1.438223292527928375e-02,2.009053002430485901e-02,2.741543470020291196e-02,1.661203647958614874e-02,5.372711664102392676e-02,4.685932169375878198e-02,1.252034695743304941e-02,4.086115013267330870e-02,1.099962093339576785e-01,4.374874573550070062e-02,6.092938212143510224e-02,4.772894507993846042e-02,8.540147612995294818e-03,3.460655116284255123e-02
1.289941356166521801e-02,2.573193301670122918e-02,1.895333021160835671e-02,5.975873525542399999e-03,3.120610074252458399e-02,3.579949606439672416e-02,4.743907061787856760e-02,8.283720204250005423e-03,5.685999063482507360e-02,3.002430485874194380e-02,3.785091533435904626e-02,2.734854059357370512e-02,6.189934666755858572e-02,1.353490757464267426e-02,0.000000000000000000e+00,1.782727941668339061e-02,9.688496443463331595e-03,2.021316921979173648e-02,2.470622338172007160e-02,3.691439784155015752e-02,2.067027894842464464e-02,7.378419961201418409e-02,5.573393983990010403e-02,2.243182375632706699e-02,5.368252056993778887e-02,1.247017637746114516e-01,5.908979418913194032e-02,7.870091644926081875e-02,6.564541663879412681e-02,1.324503311258278145e-02,4.544339643677391960e-02,1.468325640511070930e-02,1.044662965192766531e-02,1.784957745222645956e-02,8.384061364193813939e-03,1.446027604968002332e-02,8.952661270542065092e-03,6.466430307489909844e-03,1.326733114812585039e-02,1.036858652752692574e-02,1.139429616250808332e-02,8.896916181684394465e-03,1.603228755546636311e-02,4.359265948669922321e-03,1.917631056703904312e-03,1.163957455348183824e-02,2.007938100653332281e-02,3.000200682319887485e-02,8.149931990991593489e-03,3.761678596115682061e-02,3.780631926327290837e-02,4.835329007514437699e-02,1.051352375855687041e-02,6.241220148504916798e-02,3.220951234196267610e-02,4.850937632394586307e-02,3.151827324012754228e-02,5.853234330055522017e-02,2.131692197917363363e-02,1.999018886436105050e-02,1.648939728409927127e-02,1.003411599438089503e-02,1.852966753629005370e-02,2.578767810555889980e-02,3.555421767342296924e-02,2.149530626351818519e-02,6.929114545008584203e-02,6.143108792115414829e-02,1.575356211117800651e-02,5.235578745512520227e-02,1.411354159698530453e-01,5.586772805315851770e-02,7.701741476575914291e-02,6.104087229915044349e-02,1.105982562936205262e-02,4.451802796173657401e-02
1.277677436617834054e-02,2.574308203447276192e-02,1.880839298057841030e-02,6.009320578857002548e-03,3.164091243561441974e-02,3.614511561531429107e-02,4.819720382634289785e-02,8.161081008763127961e-03,5.746203759448792470e-02,3.048141458737485196e-02,3.826342899190581653e-02,2.724819943362989660e-02,6.261288380493679195e-02,1.380248400115949813e-02,1.782727941668339061e-02,0.000000000000000000e+00,9.822284656721743529e-03,2.059223582402390507e-02,2.478426650612081117e-02,3.742725265904073978e-02,2.077062010836845315e-02,7.458692889156465222e-02,5.552210850224095079e-02,2.227573750752558784e-02,5.423997145851450208e-02,1.247017637746114516e-01,5.948000981113563818e-02,7.939215555109595257e-02,6.658193413160300167e-02,1.315584097041050740e-02,4.564407875666153663e-02,1.468325640511070930e-02,1.052467277632840488e-02,1.786072646999799229e-02,8.395210381965348412e-03,1.480589560059758676e-02,9.119896537115080443e-03,6.444132271946841767e-03,1.346801346801346742e-02,1.051352375855687041e-02,1.143889223359422121e-02,8.986108323856668509e-03,1.640020514192699549e-02,4.481905144156799782e-03,1.917631056703904312e-03,1.150578634022342631e-02,2.015742413093406585e-02,2.992396369879813528e-02,8.272571186478470950e-03,3.780631926327290837e-02,3.796240551207438751e-02,4.901108212366490219e-02,1.048007670524226873e-02,6.308114255134122939e-02,3.253283385733717059e-02,4.881039980377728515e-02,3.109461056480923927e-02,5.906749615358886790e-02,2.166254153009120054e-02,1.974491047338729557e-02,1.675697371061609514e-02,1.005641402992396398e-02,1.857426360737619159e-02,2.596606238990344789e-02,3.558766472673757786e-02,2.140611412134590941e-02,6.912391018351282668e-02,6.117466051240885716e-02,1.568666800454879967e-02,5.262336388164202960e-02,1.410908198987669282e-01,5.611300644413227262e-02,7.803197538296875735e-02,6.152028006332642407e-02,1.110442170044819050e-02,4.449572992619350159e-02
7.146520391553503986e-03,1.430418980087854244e-02,1.011215911878163461e-02,3.433897473632572823e-03,1.813945191428635237e-02,2.000133788213258323e-02,2.768301112671973582e-02,4.470756126385265310e-03,3.180814770218743509e-02,1.760429906125270463e-02,2.157334938791892476e-02,1.544138961357504475e-02,3.544272749570762798e-02,7.871206546703235149e-03,9.688496443463331595e-03,9.822284656721743529e-03,0.000000000000000000e+00,1.155038241130956420e-02,1.341226837915579680e-02,2.060338484179543780e-02,1.175106473119718123e-02,4.120676968359087561e-02,2.995741075211274043e-02,1.256494302851918730e-02,3.072669297834860688e-02,7.009387472963632404e-02,3.286730439048320129e-02,4.445113385510736370e-02,3.662452337949026471e-02,7.012732178295092052e-03,2.584342319441657043e-02,8.306018239793074368e-03,6.087363703257742988e-03,1.021250027872544486e-02,4.883269783932035583e-03,8.406359399736882884e-03,5.206591299306530946e-03,3.634579793520190723e-03,7.715120297901755138e-03,6.143108792115414482e-03,6.499877360804513261e-03,5.184293263763462868e-03,9.354025910317300893e-03,2.586572122995964198e-03,1.070305706067295470e-03,6.466430307489909844e-03,1.116016678930586287e-02,1.628871496421165424e-02,4.738332552902089177e-03,2.176288269003500905e-02,2.135036903248823878e-02,2.835195219301179723e-02,5.764042187883247625e-03,3.555421767342296924e-02,1.835128325194550214e-02,2.751577586014672047e-02,1.700225210158985006e-02,3.360313956340446606e-02,1.240885677971770643e-02,1.081454723838829769e-02,9.420920016946507727e-03,5.697148081254041659e-03,1.045777866969919978e-02,1.437108390750774928e-02,1.949963208241354065e-02,1.202979017548553957e-02,3.837491916962115779e-02,3.345820233237451619e-02,9.019555377171271926e-03,2.918812852587687051e-02,7.895734385800610988e-02,3.128414386692532356e-02,4.435079269516355865e-02,3.419403750529578095e-02,6.154257809886948954e-03,2.496265079046535926e-02
1.460521328070996973e-02,2.955604611233750290e-02,2.133922001471670257e-02,7.035030213838160996e-03,3.705933507258010740e-02,4.180881664325372671e-02,5.648092403059290501e-02,9.275982785916561321e-03,6.658193413160300167e-02,3.589983722434053615e-02,4.436194171293508792e-02,3.133988895578299766e-02,7.319330167012286226e-02,1.600998951992329417e-02,2.021316921979173648e-02,2.059223582402390507e-02,1.155038241130956420e-02,0.000000000000000000e+00,2.819586594421031461e-02,4.289027136709255839e-02,2.388119606662653105e-02,8.607041719624501652e-02,6.304769549802662076e-02,2.570963498115816023e-02,6.309229156911276559e-02,1.447365487100586434e-01,6.846611813499230148e-02,9.196824759738667088e-02,7.685017949918612756e-02,1.495083283162753317e-02,5.313621869913260493e-02,1.712489129707672753e-02,1.238655874417463748e-02,2.080406716168305484e-02,9.900327781122483101e-03,1.696880504827524838e-02,1.063616295404374960e-02,7.391798782527259776e-03,1.572011505786340135e-02,1.239770776194617195e-02,1.328962918366891933e-02,1.056926884741454277e-02,1.904252235378063249e-02,5.251187370392668835e-03,2.229803554306865419e-03,1.341226837915579680e-02,2.331259616027827816e-02,3.436127277186879631e-02,9.655049390148728178e-03,4.416125939304747089e-02,4.432849465962048624e-02,5.748433563003099711e-02,1.205208821102860851e-02,7.365041139875576348e-02,3.756104087229915345e-02,5.671505340379512372e-02,3.518630008696233685e-02,6.899012197025441995e-02,2.531941935915445890e-02,2.256561196958548066e-02,1.936584386915512698e-02,1.172876669565411228e-02,2.156220037014738855e-02,3.015809307200035747e-02,4.088344816821638111e-02,2.472852141726314054e-02,7.990501036858652095e-02,7.021651392512319456e-02,1.830668718085936772e-02,6.086248801480589887e-02,1.638905612415546276e-01,6.503222066135973256e-02,9.122126340669386990e-02,7.129796864896202624e-02,1.281022141949294223e-02,5.163110129997547371e-02
1.770464022119651315e-02,3.574375097553905700e-02,2.614444667424799945e-02,8.239124133163867533e-03,4.353691439784154738e-02,5.005908979418913218e-02,6.606907931411243329e-02,1.108212366490512156e-02,7.948134769326822835e-02,4.195375387428367658e-02,5.242268156175441257e-02,3.761678596115682061e-02,8.604811916070194411e-02,1.885298905166454819e-02,2.470622338172007160e-02,2.478426650612081117e-02,1.341226837915579680e-02,2.819586594421031461e-02,0.000000000000000000e+00,5.155305817557473413e-02,2.836310121078332996e-02,1.038531005418422692e-01,7.702856378353066524e-02,3.063750083617633457e-02,7.483220728253840714e-02,1.719513010903739314e-01,8.202332374517805336e-02,1.093718643387517619e-01,9.202399268624433804e-02,1.878609494503534136e-02,6.302539746248354835e-02,2.020202020202020374e-02,1.441567997859388543e-02,2.447209400851784941e-02,1.159497848239570035e-02,2.019087118424866753e-02,1.239770776194617195e-02,8.852320110598256575e-03,1.835128325194550214e-02,1.452717015630922842e-02,1.583160523557874608e-02,1.247575088634691326e-02,2.239837670301246531e-02,6.087363703257742988e-03,2.686913282939773148e-03,1.584275425335027881e-02,2.811782281980957504e-02,4.145204807456463053e-02,1.134970009142194543e-02,5.246727763284054352e-02,5.310277164581800324e-02,6.775258099761410913e-02,1.410350748099092541e-02,8.788770709300511297e-02,4.494169063705487355e-02,6.727317323343813549e-02,4.251120476286038979e-02,8.224630410060873587e-02,2.982362253885432676e-02,2.721475238031529492e-02,2.302272169821838535e-02,1.402546435659018410e-02,2.554239971458514488e-02,3.562111178005217954e-02,4.949048988784088277e-02,2.916583049033380157e-02,9.668428211474569545e-02,8.427542533502797861e-02,2.184092581443574863e-02,7.309296051017905027e-02,1.946729993087608912e-01,7.807657145405490218e-02,1.081120253305683787e-01,8.630454656944723524e-02,1.555287979129038774e-02,6.174326041875710658e-02
2.642317211853635606e-02,5.360447744553704930e-02,3.916649943140009665e-02,1.256494302851918730e-02,6.594644011862554889e-02,7.507748567351216207e-02,1.001962227127790039e-01,1.681271879947376577e-02,1.200526233638816442e-01,6.383927575980556657e-02,7.961513590652663508e-02,5.675964947488126161e-02,1.301647824826632771e-01,2.856378353067094700e-02,3.691439784155015752e-02,3.742725265904073978e-02,2.060338484179543780e-02,4.289027136709255839e-02,5.155305817557473413e-02,0.000000000000000000e+00,4.274533413606261545e-02,1.554953508595892653e-01,1.149909692956050528e-01,4.616808259192364816e-02,1.129284010078712014e-01,2.596271768457198981e-01,1.235199678908288218e-01,1.646263964144758785e-01,1.383258634914263929e-01,2.762726603786206520e-02,9.521261176890316591e-02,3.063750083617633457e-02,2.191896893883648820e-02,3.710393114366624528e-02,1.763774611456730632e-02,3.052601065846098985e-02,1.883069101612147925e-02,1.335652329029812443e-02,2.799518362432269758e-02,2.198586304546569503e-02,2.384774901331192590e-02,1.884184003389301545e-02,3.392646107877896056e-02,9.298280821459630266e-03,3.969050326666220992e-03,2.387004704885499484e-02,4.232167146074430897e-02,6.246794657390684208e-02,1.721408343924900330e-02,7.896849287577764609e-02,7.982696724418578138e-02,1.021473008227975071e-01,2.156220037014738855e-02,1.320043704149664321e-01,6.759649474881262998e-02,1.016678930586215335e-01,6.408455415077932149e-02,1.237763952995741129e-01,4.500858474368408385e-02,4.106183245256093267e-02,3.486297857158784236e-02,2.117198474814368722e-02,3.857560148950877482e-02,5.386090485428234043e-02,7.435279951836243351e-02,4.416125939304747089e-02,1.451936584386915585e-01,1.268758222400606372e-01,3.296764555042700634e-02,1.096728878185831840e-01,2.939995986353602375e-01,1.175886904363725588e-01,1.630766829442326094e-01,1.289829865988806334e-01,2.320110598256293691e-02,9.308314937454009730e-02
1.520726024037282256e-02,2.979017548553972508e-02,2.153990233460432308e-02,7.046179231609695469e-03,3.704818605480857119e-02,4.147434611010770295e-02,5.675964947488126161e-02,9.532410194661850716e-03,6.591299306531094027e-02,3.605592347314201529e-02,4.470756126385265483e-02,3.251053582179409818e-02,7.350547416772582054e-02,1.597654246660869248e-02,2.067027894842464464e-02,2.077062010836845315e-02,1.175106473119718123e-02,2.388119606662653105e-02,2.836310121078332996e-02,4.274533413606261545e-02,0.000000000000000000e+00,8.524538988115147597e-02,6.379467968871942174e-02,2.630053292304947860e-02,6.321493076459963611e-02,1.455615760251521840e-01,6.836577697504850337e-02,9.254799652150645650e-02,7.618123843289406616e-02,1.506232300934287616e-02,5.373826565879546296e-02,1.715833835039132921e-02,1.242000579748924090e-02,2.110509064151448386e-02,9.989519923294757145e-03,1.705799719044752069e-02,1.060271590072914619e-02,7.480990924699533820e-03,1.577586014672107545e-02,1.235311169086003580e-02,1.346801346801346742e-02,1.070305706067295470e-02,1.902022431823756354e-02,5.228889334849599890e-03,2.274399625393002874e-03,1.362409971681494830e-02,2.320110598256293691e-02,3.436127277186879631e-02,9.788837603407140112e-03,4.472985929939572031e-02,4.370414966441456273e-02,5.761812384328940384e-02,1.229736660200236344e-02,7.246861551497313370e-02,3.782861729881597385e-02,5.704952393694115442e-02,3.698129194817936782e-02,6.902356902356902857e-02,2.527482328806832101e-02,2.314536089370526628e-02,1.943273797578433382e-02,1.158382946462416588e-02,2.155105135237585581e-02,2.990166566325506634e-02,4.085000111490177943e-02,2.552010167904207594e-02,7.973777510201351948e-02,7.070707070707070441e-02,1.870805182063460179e-02,6.056146453497446985e-02,1.648828238232211696e-01,6.503222066135973256e-02,9.057462037594488091e-02,7.003812964077864300e-02,1.278792338394987328e-02,5.196557183312150441e-02
