0.000000000000000000e+00,8.576669475980368273e-03,7.105911126534794273e-03,4.346173549485234273e-03,1.196437129211904912e-02,1.869019880025779567e-02,1.821096293358451940e-02,2.875415200039660706e-03,2.176391849685191740e-02,1.231140416108935341e-02,1.594698659792110826e-02,1.198089666683192084e-02,2.893593112223819680e-02,6.544048386297159417e-03,7.601672367920942266e-03,4.594054170178309138e-03,5.304645282831788565e-03,9.832597954158609974e-03,8.989803843802157690e-03,1.649232396344587140e-02,8.163535108158577122e-03,2.458975757275296339e-02,2.511856956356485482e-02,1.034488457025763142e-02,2.391221720952522653e-02,4.884900765124849248e-02,2.713466527853519022e-02,3.942954406491167019e-02,2.660585328772329880e-02,3.800836183960471133e-03,1.576520747607951939e-02,5.651678151802091987e-03,4.395749673623849420e-03,7.733875365623915123e-03,4.825409416158511419e-03,8.394890354138779404e-03,2.908465949465404137e-03,1.140250855188141427e-03,5.536000528811990846e-03,4.461851172475336282e-03,7.568621618495199703e-03,3.899988432237700992e-03,6.643200634574388842e-03,2.478806206930742138e-03,1.107200105762398213e-03,1.619486721861418139e-03,9.601242708178407692e-03,1.274106390362401454e-02,5.238543783980301703e-03,1.373258638639631227e-02,1.771520169219837140e-02,1.979739890602019367e-02,5.089815411564457132e-03,2.379653958653512452e-02,1.368301026225769712e-02,2.268933948077272653e-02,1.452580437261414940e-02,2.777915489233718366e-02,9.105481466792259698e-03,9.882174078297225120e-03,7.353791747227868270e-03,4.379224298910977704e-03,9.122006841505131414e-03,1.290631765075272996e-02,1.502156561400029740e-02,9.254209839208103403e-03,2.577958455207971997e-02,2.999355510386197965e-02,6.841505131128848560e-03,2.283806785318857197e-02,6.496124799629832136e-02,2.815923851073322964e-02,3.800836183960470960e-02,2.454018144861434825e-02,5.238543783980301703e-03,1.857452117726769367e-02
8.576669475980368273e-03,0.000000000000000000e+00,1.913638391750532852e-02,1.176606679556459027e-02,3.194354931998082819e-02,4.997273313172376219e-02,4.901426139837720963e-02,7.519045494356584557e-03,5.719432188124865674e-02,3.275329268091153878e-02,4.205707864425825560e-02,3.243931056136697966e-02,7.778493877348668928e-02,1.763257481863401283e-02,1.976434815659445024e-02,1.216267578867350797e-02,1.422834762778246026e-02,2.591178754978269022e-02,2.354865896584204879e-02,4.351131161899095962e-02,2.164824087386181539e-02,6.501082412043693304e-02,6.596929585378348559e-02,2.768000264405995337e-02,6.335828664914977537e-02,1.308809677259431814e-01,7.226546361938757101e-02,1.047708756796060375e-01,7.091038289293209729e-02,9.997851701287327128e-03,4.197445177069390049e-02,1.531902235883198654e-02,1.203047279097053598e-02,2.102027663477269367e-02,1.320377439558441911e-02,2.283806785318857197e-02,7.783451489762530269e-03,3.156346570158478134e-03,1.502156561400029740e-02,1.229487878637648170e-02,2.088807363706971995e-02,1.062581594037644885e-02,1.804570918645580224e-02,6.824979756415976845e-03,3.024143572455505278e-03,4.494901921901078845e-03,2.513509493827772653e-02,3.422405103035711105e-02,1.383173863467354082e-02,3.642192586716903879e-02,4.627104919604051875e-02,5.266636920992183446e-02,1.351775651512897997e-02,6.277989853419926880e-02,3.685158560970370339e-02,6.089600581693190018e-02,3.911556194536711106e-02,7.353791747227868270e-02,2.439145307619850281e-02,2.611009204633715081e-02,1.958256903475286137e-02,1.166691454728735998e-02,2.407747095665394368e-02,3.443888090162444682e-02,3.936344256606018333e-02,2.447407994976286139e-02,6.836547518714987393e-02,7.956967924247682067e-02,1.845884355427759166e-02,6.035066845140713704e-02,1.740782972253895888e-01,7.462859220332820898e-02,1.013170723646158733e-01,6.542395848825871552e-02,1.379868788524779739e-02,5.033629137540693993e-02
7.105911126534794273e-03,1.913638391750532852e-02,0.000000000000000000e+00,1.013005469899029912e-02,2.696941153140647307e-02,4.301555037760481509e-02,4.137953828103052567e-02,6.279642390891213705e-03,4.883248227653561729e-02,2.729991902566390738e-02,3.556260638209971653e-02,2.771305339348569680e-02,6.585361823079338706e-02,1.469105811974286482e-02,1.659147621172310169e-02,1.013005469899029912e-02,1.189826979326756226e-02,2.181349462099053255e-02,1.994612727843603911e-02,3.622362137061457821e-02,1.809528531059441739e-02,5.380662006510997936e-02,5.595491877778328849e-02,2.351560821641630883e-02,5.329433344901095965e-02,1.109017896980813989e-01,6.078032819394179470e-02,8.812982334374432070e-02,5.964007733875365674e-02,8.213111232297192268e-03,3.503379439128782163e-02,1.308809677259431883e-02,1.021268157255465769e-02,1.796308231289144366e-02,1.125378017946556883e-02,1.936773916348553254e-02,6.610149885148645411e-03,2.611009204633714994e-03,1.284021615190124484e-02,1.039446069439624483e-02,1.814486143473303253e-02,9.336836712772461980e-03,1.493893874043593882e-02,5.783881149505064843e-03,2.577958455207971997e-03,3.850412308099086280e-03,2.085502288764397652e-02,2.901855799580255538e-02,1.174954142085171856e-02,3.124948358204022308e-02,3.931386644192157165e-02,4.443673260291176874e-02,1.118767868061408370e-02,5.372399319154561731e-02,3.101812833606001907e-02,5.122866160990200562e-02,3.311685092459471652e-02,6.233371341695172901e-02,2.022705864855485480e-02,2.194569761869350280e-02,1.639317171516864111e-02,9.716920331168509700e-03,2.030968552211921338e-02,2.893593112223819680e-02,3.295159717746599937e-02,2.047493926924793053e-02,5.709516963297142644e-02,6.710954670897162355e-02,1.593046122320823654e-02,5.043544362368417022e-02,1.468775304480029187e-01,6.266422091120915638e-02,8.485779915059574185e-02,5.451721117776345271e-02,1.122072943003982540e-02,4.291639812932758480e-02
4.346173549485234273e-03,1.176606679556459027e-02,1.013005469899029912e-02,0.000000000000000000e+00,1.672367920942607541e-02,2.632492191760448311e-02,2.607704129691140738e-02,3.899988432237700992e-03,3.032406259811941396e-02,1.700461057954489111e-02,2.207790061639647652e-02,1.715333895196073655e-02,4.101598003734734793e-02,9.006329218515029406e-03,1.032835919554475970e-02,6.230066266752598558e-03,7.403367871366483416e-03,1.345165501627749484e-02,1.231140416108935341e-02,2.191264686926775937e-02,1.131988167831705569e-02,3.260456430849569681e-02,3.437277940277295996e-02,1.450927899790127769e-02,3.267066580734718367e-02,6.810106919174392648e-02,3.726471997752549281e-02,5.464941417546642644e-02,3.673590798671359792e-02,4.990663163287227706e-03,2.153256325087171338e-02,8.328788855287294277e-03,6.279642390891213705e-03,1.110505180704972512e-02,6.973708128831821416e-03,1.194784591740617741e-02,4.098292928792160277e-03,1.619486721861418139e-03,8.262687356435807415e-03,6.494472262158544271e-03,1.108852643233685341e-02,5.800406524217936559e-03,9.303785963346718549e-03,3.668633186257498277e-03,1.602961347148546640e-03,2.396179333366383994e-03,1.288979227603985998e-02,1.824401368301026283e-02,7.386842496653611700e-03,1.949994216118850626e-02,2.407747095665394368e-02,2.782873101647579880e-02,6.990233503544693132e-03,3.319947779815907163e-02,1.948341678647563455e-02,3.186092244641647309e-02,2.078892138879248966e-02,3.876852907639680851e-02,1.259233553120817084e-02,1.350123114041610825e-02,1.008047857485168397e-02,6.081337894336753987e-03,1.259233553120817084e-02,1.778130319104985826e-02,1.999570340257465426e-02,1.267496240477252768e-02,3.488506601887197967e-02,4.144563977988200559e-02,9.799547204732866543e-03,3.133211045560457819e-02,9.047642655297208347e-02,3.807446333845619646e-02,5.291424983061490672e-02,3.331515542114917711e-02,6.924132004693206270e-03,2.634144729231735482e-02
1.196437129211904912e-02,3.194354931998082819e-02,2.696941153140647307e-02,1.672367920942607541e-02,0.000000000000000000e+00,7.072860377109051189e-02,7.059640077338753816e-02,1.065886668980219054e-02,8.161882570687289951e-02,4.699816568340687423e-02,6.041676995025862390e-02,4.628757457075339393e-02,1.105382314543982281e-01,2.472196057045593365e-02,2.840711913142630538e-02,1.713681357724786483e-02,2.012790640027762798e-02,3.660370498901062419e-02,3.356303604184224937e-02,5.968965346289226842e-02,3.093550146249566049e-02,8.925354882421958347e-02,9.293870738518995867e-02,3.913208732007998625e-02,8.938575182192255719e-02,1.834151339381620560e-01,1.005899558772495178e-01,1.479021036802009581e-01,9.951580652091286672e-02,1.379868788524779739e-02,5.911126534794176185e-02,2.234230661180242397e-02,1.688893295655478910e-02,2.967957298431742053e-02,1.865714805083205224e-02,3.237320906251549280e-02,1.120420405532695368e-02,4.346173549485234273e-03,2.227620511295093711e-02,1.741774494736668052e-02,2.944821773833721651e-02,1.543469998182208855e-02,2.534992480954505537e-02,9.964800951861583697e-03,4.197445177069389702e-03,6.312693140316956268e-03,3.524862426255515047e-02,4.838629715928808445e-02,2.007833027613901283e-02,5.329433344901095965e-02,6.524217936641713012e-02,7.560358931138763672e-02,1.931816303934691739e-02,8.895609207938789953e-02,5.281509758233767643e-02,8.693999636441755718e-02,5.635152777089220272e-02,1.052335861715664456e-01,3.463718539817890046e-02,3.690116173384231507e-02,2.771305339348569680e-02,1.644274783930725625e-02,3.395964503495117054e-02,4.813841653859501218e-02,5.469899029960504505e-02,3.491811676829772310e-02,9.465734635532860319e-02,1.128848346636259908e-01,2.647365029002032508e-02,8.485779915059574185e-02,2.439641068861236328e-01,1.029365590864772806e-01,1.438038107514088004e-01,9.074083254837803092e-02,1.900418091980235480e-02,7.029894402855585422e-02
1.869019880025779567e-02,4.997273313172376219e-02,4.301555037760481509e-02,2.632492191760448311e-02,7.072860377109051189e-02,0.000000000000000000e+00,1.090178969808140441e-01,1.665757771057458855e-02,1.279064002776262865e-01,7.148877100788260386e-02,9.244294614380381414e-02,7.231503974352618269e-02,1.726240642506568779e-01,3.870242757754532165e-02,4.408969973394146619e-02,2.652322641415894022e-02,3.128253433146596652e-02,5.742567712722886075e-02,5.246806471336737387e-02,9.536793746798208349e-02,4.757655379835738080e-02,1.412093269214879376e-01,1.472576140663989508e-01,6.157354618015963704e-02,1.400194999421612019e-01,2.909457471948176388e-01,1.604283377125576282e-01,2.313221952307768503e-01,1.568919075240031158e-01,2.158213937501032853e-02,9.283955513691273531e-02,3.427362715449572966e-02,2.655627716358468365e-02,4.721299555467420306e-02,2.971262373374316396e-02,5.078247649265447278e-02,1.735164344851519366e-02,6.858030505841720276e-03,3.352998529241650594e-02,2.733296977508965081e-02,4.673375968800092678e-02,2.411052170607968365e-02,3.924776494307008479e-02,1.507114173813891254e-02,6.593624510435774563e-03,1.008047857485168397e-02,5.512865004213970271e-02,7.687604316427874840e-02,3.088592533835704881e-02,8.137094508617982724e-02,1.039776576933881952e-01,1.166360947234478529e-01,2.971262373374316396e-02,1.406970403053889318e-01,7.983408523788276812e-02,1.336737560524184909e-01,8.665906499429874843e-02,1.626923140482210428e-01,5.383967081453572279e-02,5.793796374332788046e-02,4.293292350404045304e-02,2.553170393138664424e-02,5.331085882372382789e-02,7.661163716887280095e-02,8.667559036901162361e-02,5.299687670417926877e-02,1.503148083882802077e-01,1.776477781633698516e-01,4.202402789483251216e-02,1.321534215788343070e-01,3.843471650719680333e-01,1.652537471287161552e-01,2.222497645134103306e-01,1.438533868755474121e-01,2.948126848776295994e-02,1.121411928015467740e-01
1.821096293358451940e-02,4.901426139837720963e-02,4.137953828103052567e-02,2.607704129691140738e-02,7.059640077338753816e-02,1.090178969808140441e-01,0.000000000000000000e+00,1.637664634045576939e-02,1.263860658040421026e-01,7.127394113661526809e-02,9.262472526564539954e-02,7.072860377109051189e-02,1.707732222828152735e-01,3.797531109017897311e-02,4.339563399600086108e-02,2.629187116817873968e-02,3.060499396823822965e-02,5.580619040536743958e-02,5.117908548576338701e-02,9.065820567481368275e-02,4.739477467651578846e-02,1.350949382777254515e-01,1.425974583973691479e-01,5.985490721002098558e-02,1.367640011237254705e-01,2.817080627303223950e-01,1.539338654503990822e-01,2.278188157916480883e-01,1.526779369722208457e-01,2.078892138879248966e-02,8.983193693917009004e-02,3.475286302116900594e-02,2.622576966932725281e-02,4.585791482821872933e-02,2.862194900269363768e-02,5.005536000528811730e-02,1.736816882322806538e-02,6.775403632277361698e-03,3.478591377059474937e-02,2.695288615669360135e-02,4.503164609257515050e-02,2.394526795895096996e-02,3.898335894766413734e-02,1.531902235883198654e-02,6.477946887445672555e-03,9.832597954158609974e-03,5.412060218465453848e-02,7.492604894815989292e-02,3.124948358204022308e-02,8.196585857584320900e-02,1.002759737577049587e-01,1.171318559648339974e-01,2.939864161419860136e-02,1.382017087237453201e-01,8.150314808388280097e-02,1.333101978087353201e-01,8.660948887016013675e-02,1.621469766826962866e-01,5.316213045130798592e-02,5.613669789962487389e-02,4.223885776609984793e-02,2.536645018425792708e-02,5.205493034554558446e-02,7.378579809297175496e-02,8.327136317816007105e-02,5.314560507659511074e-02,1.443491481169335566e-01,1.733511807380232472e-01,4.061937104423842676e-02,1.300877497397253391e-01,3.740353312511361383e-01,1.577512270090724311e-01,2.209442599110934824e-01,1.386809445904185756e-01,2.875415200039660793e-02,1.080594252474674916e-01
2.875415200039660706e-03,7.519045494356584557e-03,6.279642390891213705e-03,3.899988432237700992e-03,1.065886668980219054e-02,1.665757771057458855e-02,1.637664634045576939e-02,0.000000000000000000e+00,1.926858691520830225e-02,1.070844281394080569e-02,1.417877150364384511e-02,1.052666369209921855e-02,2.586221142564407507e-02,5.800406524217936559e-03,6.808454381703105129e-03,4.048716804653545130e-03,4.577528795465437422e-03,8.576669475980368273e-03,7.899129112752631410e-03,1.442665212433691911e-02,7.337266372514996554e-03,2.148298712673309824e-02,2.201179911754498966e-02,9.039379967940772836e-03,2.098722588534695024e-02,4.303207575231768334e-02,2.379653958653512452e-02,3.468676152231751908e-02,2.359823508998066394e-02,3.354651066712937852e-03,1.399699238180225798e-02,4.957612413861484275e-03,3.966089931089187420e-03,6.874555880554591991e-03,4.296597425346619994e-03,7.353791747227868270e-03,2.544907705782228566e-03,1.008047857485168571e-03,4.957612413861484275e-03,3.999140680514930851e-03,6.758878257564489983e-03,3.569480937980268852e-03,5.866508023069423421e-03,2.214400211524796425e-03,9.584717333465536410e-04,1.421182225306958855e-03,8.262687356435807415e-03,1.123725480475269711e-02,4.660155669029795132e-03,1.232792953580222513e-02,1.559995372895080397e-02,1.773172706691124312e-02,4.610579544891179986e-03,2.082197213821823309e-02,1.214615041396063626e-02,2.024358402326772652e-02,1.282369077718837312e-02,2.450713069918860482e-02,8.097433609307090260e-03,8.808024721960570555e-03,6.461421512732800840e-03,3.850412308099086280e-03,8.014806735742733418e-03,1.133640705302992741e-02,1.305504602316857540e-02,8.394890354138779404e-03,2.235883198651529569e-02,2.672153091071340081e-02,6.064812519623882271e-03,2.007833027613901283e-02,5.716127113182291331e-02,2.462280832217870682e-02,3.334820617057492054e-02,2.148298712673309824e-02,4.461851172475336282e-03,1.640969708988151282e-02
2.176391849685191740e-02,5.719432188124865674e-02,4.883248227653561729e-02,3.032406259811941396e-02,8.161882570687289951e-02,1.279064002776262865e-01,1.263860658040421026e-01,1.926858691520830225e-02,0.000000000000000000e+00,8.249467056665510389e-02,1.064564639003189456e-01,8.183365557814023528e-02,1.986350040487168123e-01,4.491596846958504502e-02,5.122866160990200562e-02,3.086939996364417710e-02,3.572786012922843368e-02,6.601887197792209727e-02,6.023499082841703156e-02,1.091831507279427543e-01,5.527737841455555162e-02,1.616677408160230034e-01,1.694016161816469246e-01,7.015021565614000532e-02,1.613702840711913056e-01,3.332672318344818696e-01,1.837952175565580881e-01,2.670665807347181731e-01,1.798126022507560429e-01,2.480458744402029223e-02,1.063407862773288332e-01,3.961132318675326253e-02,3.058846859352535794e-02,5.337696032257531475e-02,3.374481516368383477e-02,5.879728322839720273e-02,1.999570340257465426e-02,7.849552988614016263e-03,3.868590220283244646e-02,3.129905970617883476e-02,5.266636920992183446e-02,2.759737577049559479e-02,4.564308495695140050e-02,1.726901657495083856e-02,7.552096243782327988e-03,1.138598317716854255e-02,6.398625088823889362e-02,8.817939946788293237e-02,3.572786012922843368e-02,9.429378811164543239e-02,1.192966800522201887e-01,1.353923950225571493e-01,3.473633764645613076e-02,1.629732454183398516e-01,9.318658800588303093e-02,1.544131013170723654e-01,9.953233189562572802e-02,1.888685075934096735e-01,6.210235817097152500e-02,6.663031084229835421e-02,4.951002263976335416e-02,2.941516698891147308e-02,6.157354618015963704e-02,8.723745310924925500e-02,9.946623039677424116e-02,6.160659692958538047e-02,1.732520284897459961e-01,2.045180374464991013e-01,4.719647017996132787e-02,1.530910713400426282e-01,4.396906449853750232e-01,1.888519822186968122e-01,2.578288962702229292e-01,1.653033232528547669e-01,3.467023614760464389e-02,1.279890271511906485e-01
1.231140416108935341e-02,3.275329268091153878e-02,2.729991902566390738e-02,1.700461057954489111e-02,4.699816568340687423e-02,7.148877100788260386e-02,7.127394113661526809e-02,1.070844281394080569e-02,8.249467056665510389e-02,0.000000000000000000e+00,6.165617305372399215e-02,4.719647017996132787e-02,1.118272106820022149e-01,2.574653380265397654e-02,2.837406838200056194e-02,1.766562556805975626e-02,2.049146464396080225e-02,3.728124535223836106e-02,3.433972865334721652e-02,6.172227455257547901e-02,3.088592533835704881e-02,9.226116702196222874e-02,9.386412836911077473e-02,3.956174706261464391e-02,9.160015203344736012e-02,1.873646984945383509e-01,1.022259679738238003e-01,1.513228562457653859e-01,1.014823261117445835e-01,1.449275362318840597e-02,6.038371920083288047e-02,2.212747674053509167e-02,1.728554194966371027e-02,3.022491034984218367e-02,1.908680779336671338e-02,3.336473154528778878e-02,1.140250855188141427e-02,4.428800423049592851e-03,2.204484986697073309e-02,1.773172706691124312e-02,2.999355510386197965e-02,1.538512385768347340e-02,2.634144729231735482e-02,1.006395320013881399e-02,4.296597425346619994e-03,6.527523011584287702e-03,3.584353775221853222e-02,4.860112703055542022e-02,2.034273627154495681e-02,5.382314543982284760e-02,6.593624510435773522e-02,7.669426404243716300e-02,1.910333316807958509e-02,9.019549518285327472e-02,5.377356931568423593e-02,8.834465321501165647e-02,5.674813676400112389e-02,1.060433295324971492e-01,3.554608100738684134e-02,3.714904235453538733e-02,2.819228926015897307e-02,1.688893295655478910e-02,3.447193165105019025e-02,4.903078677309007788e-02,5.593839340307041330e-02,3.501726901657495339e-02,9.713615256225935357e-02,1.143555930130715770e-01,2.685373390841637453e-02,8.689042024027894551e-02,2.484590088080247117e-01,1.053492637945565441e-01,1.468114289491514179e-01,9.239337001966520246e-02,1.994612727843603911e-02,7.168707550443706444e-02
1.594698659792110826e-02,4.205707864425825560e-02,3.556260638209971653e-02,2.207790061639647652e-02,6.041676995025862390e-02,9.244294614380381414e-02,9.262472526564539954e-02,1.417877150364384511e-02,1.064564639003189456e-01,6.165617305372399215e-02,0.000000000000000000e+00,6.091253119164476842e-02,1.451093153537256486e-01,3.281939417976302564e-02,3.751260059821856507e-02,2.247450960950539423e-02,2.652322641415894022e-02,4.808884041445640051e-02,4.417232660750582823e-02,7.955315386776394548e-02,4.085072629021863078e-02,1.190157486821013660e-01,1.230479401120420369e-01,5.157569447887230818e-02,1.182555814453092741e-01,2.426916530332325350e-01,1.325665559466560894e-01,1.954786574785583320e-01,1.314428304661808267e-01,1.849189430370333509e-02,7.839637763786293234e-02,2.895245649695106852e-02,2.230925586237668054e-02,3.916513806950572274e-02,2.462280832217870682e-02,4.265199213392163735e-02,1.479021036802009512e-02,5.635152777089220272e-03,2.839059375671343366e-02,2.292069472675293054e-02,3.881810520053542019e-02,2.006180490142614112e-02,3.351345991770363075e-02,1.300546989902996026e-02,5.602102027663476841e-03,8.361839604713037707e-03,4.656850594087220963e-02,6.322608365144680165e-02,2.630839654289161139e-02,6.986928428602118268e-02,8.667559036901162361e-02,9.964800951861584044e-02,2.546560243253515737e-02,1.171153305901211361e-01,6.871250805612016954e-02,1.142233900153686033e-01,7.325698610215986006e-02,1.381190818501809581e-01,4.559350883281278188e-02,4.873333002825839394e-02,3.662023036372349938e-02,2.168129162328755882e-02,4.480029084659494648e-02,6.347396427213987391e-02,7.297605473204105131e-02,4.617189694776328845e-02,1.263695404293292412e-01,1.489101515376861085e-01,3.465371077289177565e-02,1.125378017946556952e-01,3.218812486573133236e-01,1.370945086179829187e-01,1.892816419612314838e-01,1.206517607786756624e-01,2.558128005552525938e-02,9.303785963346718202e-02
1.198089666683192084e-02,3.243931056136697966e-02,2.771305339348569680e-02,1.715333895196073655e-02,4.628757457075339393e-02,7.231503974352618269e-02,7.072860377109051189e-02,1.052666369209921855e-02,8.183365557814023528e-02,4.719647017996132787e-02,6.091253119164476842e-02,0.000000000000000000e+00,1.116454315601606295e-01,2.493679044172326595e-02,2.794440863946590081e-02,1.726901657495083856e-02,2.047493926924793053e-02,3.680200948556508478e-02,3.386049278667394025e-02,6.076380281922892646e-02,3.072067159122833166e-02,9.077388329780378129e-02,9.384760299439789955e-02,4.000793217986217676e-02,9.031117280584337326e-02,1.875464776163799641e-01,1.021268157255465769e-01,1.499347247698841479e-01,1.008874126220812018e-01,1.406309388065374311e-02,5.960702658932791331e-02,2.235883198651529569e-02,1.721944045081222341e-02,3.090245071306992053e-02,1.928511228992117396e-02,3.291854642804025594e-02,1.133640705302992741e-02,4.445325797762464566e-03,2.204484986697073309e-02,1.763257481863401283e-02,3.060499396823822965e-02,1.569910597722803253e-02,2.561433080495100281e-02,9.981326326574455413e-03,4.346173549485234273e-03,6.544048386297159417e-03,3.531472576140663733e-02,4.914646439608018336e-02,1.997917802786178254e-02,5.309602895245649906e-02,6.596929585378348559e-02,7.555401318724902504e-02,1.880587642324789768e-02,9.012939368400178786e-02,5.276552145819906475e-02,8.750185910465520245e-02,5.643415464445656476e-02,1.052335861715664456e-01,3.467023614760464389e-02,3.713251697982251909e-02,2.779568026705005537e-02,1.659147621172310169e-02,3.429015252920859791e-02,4.903078677309007788e-02,5.545915753639713702e-02,3.457108389932742054e-02,9.624378232776428788e-02,1.136450019004180967e-01,2.723381752681242052e-02,8.596499925635814332e-02,2.485251103068762124e-01,1.048039264290317740e-01,1.444152496157850296e-01,9.178193115528894552e-02,1.916943466693107195e-02,7.200105762398162357e-02
2.893593112223819680e-02,7.778493877348668928e-02,6.585361823079338706e-02,4.101598003734734793e-02,1.105382314543982281e-01,1.726240642506568779e-01,1.707732222828152735e-01,2.586221142564407507e-02,1.986350040487168123e-01,1.118272106820022149e-01,1.451093153537256486e-01,1.116454315601606295e-01,0.000000000000000000e+00,6.020194007899128813e-02,6.801844231817956443e-02,4.129691140746616362e-02,4.853502553170393335e-02,8.874126220812056376e-02,8.118916596433824184e-02,1.454893989721216807e-01,7.462859220332820898e-02,2.164989341133310152e-01,2.259349230743807058e-01,9.449209260819989298e-02,2.163336803662022911e-01,4.466808784889197415e-01,2.449721547436088109e-01,3.592781716325417762e-01,2.419149604217275540e-01,3.328210467172343368e-02,1.424487300249533128e-01,5.397187381223868957e-02,4.128038603275329538e-02,7.244724274122915642e-02,4.554393270867417021e-02,7.927222249764513673e-02,2.706856377968370336e-02,1.065886668980219054e-02,5.349263794556541329e-02,4.243716226265430852e-02,7.178622775271428780e-02,3.744649909936707821e-02,6.149091930659527500e-02,2.379653958653512452e-02,1.032835919554475970e-02,1.550080148067357368e-02,8.532050964255614989e-02,1.180407515740419383e-01,4.881595690182274905e-02,1.272619106638243069e-01,1.590236808619635567e-01,1.827541189496471874e-01,4.622147307190190707e-02,2.168294416075884634e-01,1.270305554178441099e-01,2.095252259844991860e-01,1.355411233949729843e-01,2.544742452035099745e-01,8.368449754598185353e-02,8.922049807479384698e-02,6.646505709516963012e-02,3.997488143043643333e-02,8.239551831837786666e-02,1.170657544659825106e-01,1.330457918133293727e-01,8.355229454827887980e-02,2.305124518698461467e-01,2.735610529968767191e-01,6.428370763307057756e-02,2.055921868028357524e-01,5.924512088311602032e-01,2.520780658701435861e-01,3.473138003404226959e-01,2.201840926743013904e-01,4.608927007419893335e-02,1.720291507609935100e-01
6.544048386297159417e-03,1.763257481863401283e-02,1.469105811974286482e-02,9.006329218515029406e-03,2.472196057045593365e-02,3.870242757754532165e-02,3.797531109017897311e-02,5.800406524217936559e-03,4.491596846958504502e-02,2.574653380265397654e-02,3.281939417976302564e-02,2.493679044172326595e-02,6.020194007899128813e-02,0.000000000000000000e+00,1.538512385768347340e-02,9.452514335762563988e-03,1.105547568291110998e-02,1.986350040487168053e-02,1.831011518186174969e-02,3.333168079586204535e-02,1.659147621172310169e-02,4.972485251103068993e-02,5.091467949035744650e-02,2.113595425776279568e-02,4.894815989952572277e-02,1.001602961347148602e-01,5.616974864905061732e-02,8.120569133905111703e-02,5.461636342604068300e-02,7.717349990911044275e-03,3.230710756366400593e-02,1.193132054269330569e-02,9.320311338059590264e-03,1.596351197263397997e-02,1.013005469899029912e-02,1.750037182093103910e-02,6.114388643762497418e-03,2.379653958653512279e-03,1.181564291970320368e-02,9.254209839208103403e-03,1.581478360021813453e-02,8.064382859881348564e-03,1.396394163237651455e-02,5.354221406970402844e-03,2.280501710376282853e-03,3.321600317287194421e-03,1.936773916348553254e-02,2.632492191760448311e-02,1.077454431279229255e-02,2.855584750384215081e-02,3.586006312693140047e-02,4.085072629021863078e-02,1.042751144382198826e-02,4.886553302596136072e-02,2.850627137970353567e-02,4.703121643283261766e-02,3.014228347627782509e-02,5.651678151802091987e-02,1.869019880025779567e-02,2.017748252441623966e-02,1.523639548526762796e-02,9.088956092079387983e-03,1.877282567382215425e-02,2.644059954059458165e-02,3.010923272685208166e-02,1.855799580255482195e-02,5.241848858922876220e-02,6.139176705831804470e-02,1.426139837720820369e-02,4.633715069489200561e-02,1.325996066960818398e-01,5.711169500768430163e-02,7.795019252061539949e-02,4.987358088344653190e-02,1.052666369209921855e-02,3.837192008328788734e-02
7.601672367920942266e-03,1.976434815659445024e-02,1.659147621172310169e-02,1.032835919554475970e-02,2.840711913142630538e-02,4.408969973394146619e-02,4.339563399600086108e-02,6.808454381703105129e-03,5.122866160990200562e-02,2.837406838200056194e-02,3.751260059821856507e-02,2.794440863946590081e-02,6.801844231817956443e-02,1.538512385768347340e-02,0.000000000000000000e+00,1.062581594037644885e-02,1.211309966453489283e-02,2.275544097962421339e-02,2.088807363706971995e-02,3.795878571546609792e-02,1.935121378877266082e-02,5.663245914101102535e-02,5.853287723299125528e-02,2.397831870837671339e-02,5.540958141225852535e-02,1.141407631418042412e-01,6.337481202386263668e-02,9.122006841505131414e-02,6.210235817097152500e-02,8.642770974831855135e-03,3.701683935683241361e-02,1.336902814271313626e-02,1.037793531968337311e-02,1.817791218415877597e-02,1.143555930130715770e-02,1.951646753590137798e-02,6.775403632277361698e-03,2.693636078198073137e-03,1.325335051972303425e-02,1.059276519095070541e-02,1.783087931518847341e-02,9.518615834614049115e-03,1.536859848297060169e-02,5.849982648356551705e-03,2.528382331069356850e-03,3.734734685108984705e-03,2.221010361409945025e-02,2.989440285558474936e-02,1.232792953580222513e-02,3.248888668550559133e-02,4.139606365574339392e-02,4.678333581213953846e-02,1.250970865764381226e-02,5.545915753639713702e-02,3.207575231768380192e-02,5.336043494786243957e-02,3.392659428552542711e-02,6.494472262158544618e-02,2.116900500718853911e-02,2.303637234974302908e-02,1.700461057954489111e-02,1.017963082312891426e-02,2.113595425776279568e-02,2.986135210615900593e-02,3.427362715449572966e-02,2.194569761869350280e-02,5.977228033645663047e-02,7.066250227223902503e-02,1.598003734734685169e-02,5.291424983061490672e-02,1.507775188802406019e-01,6.525870474113000530e-02,8.814634871845719588e-02,5.721084725596153192e-02,1.171649067142597513e-02,4.327995637301075560e-02
4.594054170178309138e-03,1.216267578867350797e-02,1.013005469899029912e-02,6.230066266752598558e-03,1.713681357724786483e-02,2.652322641415894022e-02,2.629187116817873968e-02,4.048716804653545130e-03,3.086939996364417710e-02,1.766562556805975626e-02,2.247450960950539423e-02,1.726901657495083856e-02,4.129691140746616362e-02,9.452514335762563988e-03,1.062581594037644885e-02,0.000000000000000000e+00,7.601672367920942266e-03,1.369953563697056884e-02,1.257581015649529912e-02,2.335035446928759167e-02,1.143555930130715770e-02,3.460413464875315703e-02,3.531472576140663733e-02,1.460843124617850625e-02,3.382744203724819682e-02,6.953877679176374837e-02,3.866937682811957822e-02,5.598796952720903192e-02,3.784310809247599938e-02,5.321170657544659413e-03,2.224315436352519368e-02,8.163535108158577122e-03,6.510997636871415986e-03,1.110505180704972512e-02,6.940657379406077986e-03,1.219572653809925140e-02,4.180919802356518854e-03,1.669062846000033068e-03,8.080908234594220280e-03,6.510997636871415986e-03,1.103895030819823826e-02,5.635152777089220272e-03,9.749971080594253131e-03,3.652107811544626562e-03,1.586435972435674925e-03,2.379653958653512279e-03,1.335250276800026455e-02,1.835969130600036484e-02,7.419893246079355131e-03,1.968172128303009166e-02,2.478806206930742051e-02,2.817576388544610136e-02,7.254639498950638844e-03,3.372828978897096652e-02,1.974782278188157852e-02,3.248888668550559133e-02,2.085502288764397652e-02,3.914861269479285449e-02,1.310462214730719055e-02,1.391436550823789940e-02,1.047708756796060341e-02,6.246591641465470274e-03,1.285674152661411655e-02,1.834316593128749312e-02,2.088807363706971995e-02,1.297241914960421683e-02,3.642192586716903879e-02,4.260241600978301874e-02,9.799547204732866543e-03,3.209227769239667710e-02,9.214548939897211632e-02,3.966089931089187420e-02,5.410407680994166330e-02,3.470328689703038733e-02,7.386842496653611700e-03,2.672153091071340081e-02
5.304645282831788565e-03,1.422834762778246026e-02,1.189826979326756226e-02,7.403367871366483416e-03,2.012790640027762798e-02,3.128253433146596652e-02,3.060499396823822965e-02,4.577528795465437422e-03,3.572786012922843368e-02,2.049146464396080225e-02,2.652322641415894022e-02,2.047493926924793053e-02,4.853502553170393335e-02,1.105547568291110998e-02,1.211309966453489283e-02,7.601672367920942266e-03,0.000000000000000000e+00,1.604613884619833855e-02,1.492241336572306711e-02,2.691983540726786139e-02,1.326987589443590597e-02,3.995835605572356508e-02,4.073504866722853224e-02,1.700461057954489111e-02,3.957827243732751910e-02,8.110653909077387980e-02,4.463503709946622933e-02,6.570488985837753815e-02,4.423842810635731509e-02,6.213540892039726843e-03,2.586221142564407507e-02,9.601242708178407692e-03,7.519045494356584557e-03,1.310462214730719055e-02,8.328788855287294277e-03,1.444317749904979083e-02,4.924561664435740845e-03,1.900418091980235567e-03,9.551666584039792546e-03,7.684299241485300844e-03,1.310462214730719055e-02,6.643200634574388842e-03,1.146861005073290113e-02,4.346173549485234273e-03,1.867367342554492353e-03,2.858889825326789424e-03,1.550080148067357368e-02,2.106985275891130882e-02,8.675821724257596831e-03,2.315204997273313109e-02,2.862194900269363768e-02,3.305074942574322966e-02,8.213111232297192268e-03,3.919818881893146617e-02,2.316857534744600280e-02,3.828929320972353223e-02,2.444102920033711795e-02,4.603969395006031473e-02,1.536859848297060169e-02,1.601308809677259512e-02,1.229487878637648170e-02,7.254639498950638844e-03,1.490588799101019539e-02,2.141688562788161138e-02,2.434187695205988766e-02,1.487283724158445369e-02,4.213970551782261764e-02,4.947697189033761073e-02,1.163386379786161655e-02,3.742997372465420997e-02,1.076628162543585704e-01,4.592401632707021619e-02,6.347396427213987391e-02,4.015666055227802567e-02,8.659296349544725116e-03,3.148083882802042710e-02
9.832597954158609974e-03,2.591178754978269022e-02,2.181349462099053255e-02,1.345165501627749484e-02,3.660370498901062419e-02,5.742567712722886075e-02,5.580619040536743958e-02,8.576669475980368273e-03,6.601887197792209727e-02,3.728124535223836106e-02,4.808884041445640051e-02,3.680200948556508478e-02,8.874126220812056376e-02,1.986350040487168053e-02,2.275544097962421339e-02,1.369953563697056884e-02,1.604613884619833855e-02,0.000000000000000000e+00,2.695288615669360135e-02,4.932824351792176876e-02,2.470543519574306193e-02,7.317435922859551189e-02,7.543833556425892650e-02,3.123295820732735137e-02,7.185232925156577466e-02,1.485135425445771873e-01,8.213111232297191922e-02,1.192471039280815631e-01,8.087518384479368272e-02,1.133640705302992741e-02,4.759307917307024904e-02,1.758299869449539768e-02,1.369953563697056884e-02,2.391221720952522653e-02,1.503809098871316911e-02,2.584568605093120336e-02,8.907176970237800848e-03,3.536430188554525421e-03,1.735164344851519366e-02,1.391436550823789940e-02,2.373043808768363766e-02,1.222877728752499484e-02,2.042536314510931539e-02,7.750400740336786838e-03,3.404227190851552565e-03,5.073290036851585416e-03,2.855584750384215081e-02,3.911556194536711106e-02,1.586435972435674968e-02,4.204055326954538735e-02,5.327780807429808446e-02,6.008626245600118959e-02,1.553385223009931711e-02,7.185232925156577466e-02,4.157784277758497932e-02,6.929089617107067611e-02,4.445325797762464393e-02,8.396542891610067616e-02,2.777915489233718366e-02,2.982830135673326249e-02,2.232578123708955226e-02,1.315419827144580570e-02,2.725034290152529223e-02,3.914861269479285449e-02,4.445325797762464393e-02,2.787830714061441395e-02,7.733875365623915643e-02,9.090608629550675501e-02,2.115247963247566740e-02,6.841505131128848560e-02,1.970981442004197393e-01,8.439508865863533382e-02,1.146199990084775105e-01,7.370317121940740679e-02,1.540164923239634512e-02,5.697949200998132790e-02
8.989803843802157690e-03,2.354865896584204879e-02,1.994612727843603911e-02,1.231140416108935341e-02,3.356303604184224937e-02,5.246806471336737387e-02,5.117908548576338701e-02,7.899129112752631410e-03,6.023499082841703156e-02,3.433972865334721652e-02,4.417232660750582823e-02,3.386049278667394025e-02,8.118916596433824184e-02,1.831011518186174969e-02,2.088807363706971995e-02,1.257581015649529912e-02,1.492241336572306711e-02,2.695288615669360135e-02,0.000000000000000000e+00,4.503164609257515050e-02,2.277196635433708510e-02,6.692776758713003815e-02,6.930742154578355130e-02,2.880372812453522308e-02,6.616760035033794618e-02,1.357559532662403201e-01,7.502520119643713015e-02,1.093318791003586032e-01,7.395105184010047905e-02,1.037793531968337311e-02,4.366003999140680852e-02,1.611224034504982541e-02,1.241055640936658197e-02,2.191264686926775937e-02,1.379868788524779739e-02,2.376348883710938109e-02,8.163535108158577122e-03,3.189397319584221565e-03,1.584783434964387797e-02,1.262538628063391254e-02,2.174739312213904568e-02,1.122072943003982540e-02,1.872324954968353911e-02,7.155487250673409419e-03,3.106770446019863421e-03,4.610579544891179986e-03,2.607704129691140738e-02,3.562870788095120339e-02,1.455885512203989283e-02,3.848759770627799282e-02,4.896468527423859102e-02,5.511212466742683447e-02,1.409614463007948654e-02,6.593624510435773522e-02,3.819014096144630194e-02,6.368879414340719580e-02,4.060284566952555851e-02,7.723960140796191920e-02,2.528382331069356850e-02,2.725034290152529223e-02,2.027663477269346995e-02,1.216267578867350797e-02,2.513509493827772653e-02,3.569480937980269025e-02,4.118123378447606509e-02,2.566390692908961796e-02,7.097648439178358415e-02,8.368449754598185353e-02,1.938426453819840425e-02,6.306082990431807755e-02,1.801761604944392137e-01,7.765273577578371555e-02,1.054153652934080310e-01,6.820022144002114983e-02,1.434402525077256053e-02,5.215408259382281475e-02
1.649232396344587140e-02,4.351131161899095962e-02,3.622362137061457821e-02,2.191264686926775937e-02,5.968965346289226842e-02,9.536793746798208349e-02,9.065820567481368275e-02,1.442665212433691911e-02,1.091831507279427543e-01,6.172227455257547901e-02,7.955315386776394548e-02,6.076380281922892646e-02,1.454893989721216807e-01,3.333168079586204535e-02,3.795878571546609792e-02,2.335035446928759167e-02,2.691983540726786139e-02,4.932824351792176876e-02,4.503164609257515050e-02,0.000000000000000000e+00,4.101598003734734793e-02,1.256754746913886223e-01,1.261216598086361551e-01,5.202187959611984103e-02,1.203047279097053529e-01,2.485085849321633233e-01,1.394576372019235566e-01,1.975278039429544108e-01,1.350949382777254515e-01,1.915290929221820024e-02,8.019764348156593892e-02,2.807661163716887454e-02,2.250756035893113766e-02,3.939649331548592676e-02,2.492026506701039423e-02,4.266851750863450560e-02,1.449275362318840597e-02,5.866508023069423421e-03,2.744864739807975282e-02,2.277196635433708510e-02,3.944606943962454537e-02,1.991307652901029568e-02,3.377786591310957820e-02,1.246013253350519712e-02,5.701254275940707134e-03,8.394890354138779404e-03,4.772528217077322277e-02,6.487862112273395931e-02,2.564738155437674624e-02,6.786971394576371552e-02,8.890651595524928785e-02,9.763191380364549810e-02,2.587873680035694679e-02,1.187843934361211690e-01,6.887776180324889364e-02,1.141407631418042412e-01,7.287690248376381408e-02,1.376067952340819245e-01,4.590749095235734795e-02,4.995620775701088701e-02,3.696726323269380193e-02,2.217705286467370682e-02,4.603969395006031473e-02,6.540743311354585421e-02,7.560358931138763672e-02,4.640325219374349247e-02,1.308974931006560705e-01,1.515376861170326939e-01,3.481896452002049280e-02,1.140581362682398792e-01,3.291358881562639338e-01,1.436716077537058267e-01,1.895956240807760429e-01,1.245352238362004843e-01,2.619271891990150938e-02,9.513658222200188641e-02
8.163535108158577122e-03,2.164824087386181539e-02,1.809528531059441739e-02,1.131988167831705569e-02,3.093550146249566049e-02,4.757655379835738080e-02,4.739477467651578846e-02,7.337266372514996554e-03,5.527737841455555162e-02,3.088592533835704881e-02,4.085072629021863078e-02,3.072067159122833166e-02,7.462859220332820898e-02,1.659147621172310169e-02,1.935121378877266082e-02,1.143555930130715770e-02,1.326987589443590597e-02,2.470543519574306193e-02,2.277196635433708510e-02,4.101598003734734793e-02,0.000000000000000000e+00,6.139176705831804470e-02,6.358964189512997245e-02,2.635797266703022654e-02,6.013583858013980127e-02,1.245847999603390960e-01,6.815064531588253816e-02,9.987936476459603752e-02,6.727480045610034765e-02,9.369887462198205411e-03,4.018971130170376910e-02,1.477368499330722340e-02,1.140250855188141427e-02,2.011138102556475626e-02,1.265843703005965597e-02,2.149951250144596995e-02,7.502520119643712841e-03,2.958042073604018850e-03,1.460843124617850625e-02,1.171649067142597513e-02,1.976434815659445024e-02,1.046056219324773169e-02,1.674020458413894366e-02,6.477946887445672555e-03,2.842364450613917709e-03,4.197445177069389702e-03,2.420967395435691394e-02,3.258803893378282163e-02,1.356733263926759511e-02,3.556260638209971653e-02,4.506469684200089393e-02,5.093120486507031475e-02,1.343512964156462312e-02,5.993753408358534762e-02,3.513294663956505193e-02,5.835109811114966988e-02,3.764480359592153880e-02,7.094343364235783378e-02,2.335035446928759167e-02,2.523424718655495683e-02,1.850841967841620681e-02,1.107200105762398169e-02,2.295374547617867397e-02,3.248888668550559133e-02,3.736387222580272310e-02,2.387916646009948310e-02,6.481251962388247245e-02,7.667773866772428781e-02,1.778130319104985826e-02,5.778923537091203849e-02,1.652372217540032662e-01,7.082775601936773524e-02,9.644208682431873458e-02,6.195362979855568303e-02,1.275758927833688626e-02,4.751045229950589394e-02
