0.000000000000000000e+00,1.631243267274250577e-02,1.145632064018603687e-02,6.719901509840466199e-03,2.674281415112083823e-02,3.079527384026127176e-02,3.684831489492673001e-02,5.933348152454559141e-03,4.033650804507292464e-02,2.221158285313680827e-02,3.166732212779781869e-02,1.646632354701366152e-02,5.314364858163910660e-02,1.354239693586170405e-02,1.073816322692064396e-02,1.024229263204692007e-02,8.156216336371252887e-03,1.762905459706239422e-02,1.807362823384573228e-02,3.416377408819656902e-02,1.549168134329634294e-02,4.844142742335379170e-02,4.078108168185626270e-02,1.732127284852008273e-02,4.255937622898962186e-02,7.942479010994647759e-02,5.208351144777114555e-02,6.637826376895850089e-02,4.656053896003967130e-02,9.831916967323836923e-03,3.272745926166578667e-02,1.096045004531231298e-02,7.968127490039840499e-03,1.513260263666364562e-02,8.532394029034077662e-03,1.677410529555597302e-02,7.198673118684061761e-03,2.068977309645537999e-03,1.304652634098798017e-02,7.968127490039840499e-03,1.426055434912709696e-02,8.429800112853307742e-03,1.232836892772258552e-02,4.668023186225056520e-03,3.488193150146196367e-03,9.353145358480242227e-03,1.764615358309252341e-02,1.978352683685857469e-02,1.010550074380589178e-02,2.804233708941059749e-02,3.019680932920677796e-02,4.040490398919344139e-02,9.489937246721268788e-03,4.050749790537420958e-02,2.788844621513944175e-02,3.948155874356650691e-02,2.626404254227724180e-02,5.406699382726604108e-02,2.034779337585281359e-02,1.927055725595472335e-02,1.318331822922900673e-02,9.301848400389856400e-03,1.689379819776687386e-02,2.038199134791306849e-02,3.565138587281774241e-02,2.323752201494451441e-02,5.307525263751859679e-02,5.068139459330061464e-02,1.316621924319887754e-02,4.153343706718191919e-02,1.018586597814749584e-01,5.204931347571088718e-02,7.470546996563104392e-02,4.488483832908708726e-02,1.172990441666809172e-02,3.294974608005745570e-02
1.631243267274250577e-02,0.000000000000000000e+00,2.371629362378811084e-02,1.350819896380144741e-02,5.423798368756732602e-02,6.376211890634884971e-02,7.520134056050475913e-02,1.193509224902963330e-02,8.334045791084589150e-02,4.548330284014157759e-02,6.548911649539182478e-02,3.382179436759399915e-02,1.084759673751346520e-01,2.881179146076637623e-02,2.161311834208231447e-02,2.163021732811244366e-02,1.694509515585725795e-02,3.638664227211326624e-02,3.760067028025237956e-02,7.190123625668998208e-02,3.115435254689397082e-02,1.020809465998666343e-01,8.400731836602089164e-02,3.548039601251645747e-02,8.795718413898055699e-02,1.618590017611955534e-01,1.087837491236769705e-01,1.379546192910760527e-01,9.717353760921977612e-02,2.084366397072653573e-02,6.854983499478481401e-02,2.195509806268488434e-02,1.610724484038096593e-02,3.076107586820101686e-02,1.744096575073098010e-02,3.414667510216644331e-02,1.443154420942838016e-02,4.377340423712874212e-03,2.578527093343364884e-02,1.588495802198929691e-02,2.872629653061573377e-02,1.680830326761623139e-02,2.552878614298172144e-02,9.130858540088573200e-03,7.215772104714190081e-03,1.906536942359318004e-02,3.650633517432416014e-02,4.047329993331395120e-02,2.009130858540088618e-02,5.695672246635774538e-02,6.124856795991997366e-02,8.262230049758050032e-02,1.915086435374382251e-02,8.320366602260485800e-02,5.644375288545389058e-02,8.075851102029649176e-02,5.266487697279551017e-02,1.099977771318160769e-01,4.194381273190499887e-02,3.908828206487355295e-02,2.761486243865738863e-02,1.971513089273806141e-02,3.517261426397414598e-02,4.214900056426654218e-02,7.415830241266692380e-02,4.666313287622043948e-02,1.104594497546295545e-01,1.051245661132294840e-01,2.640083443051827183e-02,8.554622710873245606e-02,2.068977309645537999e-01,1.086640562214660627e-01,1.556691688182890720e-01,9.365114648701332312e-02,2.544329121283107897e-02,6.960997212865277506e-02
1.145632064018603687e-02,2.371629362378811084e-02,0.000000000000000000e+00,9.438640288630884695e-03,3.804524391703571762e-02,4.454285860848451739e-02,5.251098609852435789e-02,8.378503154762921915e-03,5.851273019509942858e-02,3.165022314176769297e-02,4.594497546295504831e-02,2.359660072157721000e-02,7.650086349879452186e-02,1.978352683685857469e-02,1.514970162269377481e-02,1.501290973445274651e-02,1.174700340269821917e-02,2.530649932459005241e-02,2.629824051433750018e-02,5.004873211018586593e-02,2.183540516047398350e-02,7.104628695518355741e-02,5.852982918112956123e-02,2.472513379956568433e-02,6.116307302976933813e-02,1.137937520305045969e-01,7.590239898774002458e-02,9.609630148932168936e-02,6.728451002855530272e-02,1.436314826530786688e-02,4.779166595420891728e-02,1.532069148299505801e-02,1.155891455636680679e-02,2.204059299283552334e-02,1.236256689978284216e-02,2.410957030248106134e-02,1.020809465998666343e-02,3.112015457483371158e-03,1.839850896841817296e-02,1.131952875194501031e-02,2.055298120821435343e-02,1.207188413727065986e-02,1.798813330369508981e-02,6.429218747328283023e-03,5.129695809038523763e-03,1.340560504762067576e-02,2.546039019886120816e-02,2.840141579604329308e-02,1.427765333515722442e-02,3.984063745019920250e-02,4.303814783783321829e-02,5.777747379580391168e-02,1.345690200571106158e-02,5.805105757228596480e-02,3.968674657592805022e-02,5.630696099721286402e-02,3.683121590889660429e-02,7.675734828924644926e-02,2.959834481815228416e-02,2.723868474599456385e-02,1.899697347947266676e-02,1.357659490792196069e-02,2.446864900911376040e-02,2.973513670639331072e-02,5.169023476907819159e-02,3.257356838739462745e-02,7.674024930321632354e-02,7.320075919497973094e-02,1.829591505223740130e-02,5.972675820323854884e-02,1.446916197869466403e-01,7.559461723919772003e-02,1.079458988082006715e-01,6.524973069097002309e-02,1.752646068088162257e-02,4.837303147923328189e-02
6.719901509840466199e-03,1.350819896380144741e-02,9.438640288630884695e-03,0.000000000000000000e+00,2.209188995092591090e-02,2.552878614298172144e-02,3.055588803583947355e-02,4.907408990646854735e-03,3.322332985653950882e-02,1.815912316399637474e-02,2.629824051433750018e-02,1.367918882410273061e-02,4.396149308346015278e-02,1.121693483576423865e-02,8.737581861395619237e-03,8.686284903305233410e-03,6.634406579689824598e-03,1.451703913957902263e-02,1.513260263666364562e-02,2.812783201956123996e-02,1.275584357847579613e-02,3.990903339431971925e-02,3.370210146538310525e-02,1.463673204178992174e-02,3.483063454337157611e-02,6.554041345348220193e-02,4.312364276798386076e-02,5.505873501701349232e-02,3.828462972145751930e-02,8.190414308431509527e-03,2.720448677393430548e-02,9.045363609937930732e-03,6.617307593659696278e-03,1.272164560641553949e-02,7.198673118684061761e-03,1.379888172631362972e-02,5.882051194364174181e-03,1.778294547133355040e-03,1.077236119898090060e-02,6.583109621599438771e-03,1.203768616521040322e-02,7.061881230443034334e-03,1.036198553425781918e-02,3.881469828839149896e-03,2.906827625121830450e-03,7.797137629738556432e-03,1.451703913957902263e-02,1.644922456098353233e-02,8.446899098883436929e-03,2.344270984730605425e-02,2.474223278559581352e-02,3.347981464699143622e-02,7.677444727527657324e-03,3.336012174478053538e-02,2.318622505685412685e-02,3.250517244327411071e-02,2.181830617444385431e-02,4.452575962245439167e-02,1.715028298821879779e-02,1.566267120359762788e-02,1.089205410119179970e-02,7.745840671648171472e-03,1.398697057264504211e-02,1.685960022570661548e-02,2.925636509754971429e-02,1.899697347947266676e-02,4.343142451652617225e-02,4.153343706718191919e-02,1.072106424089051477e-02,3.409537814407605921e-02,8.344305182702665968e-02,4.296975189371270154e-02,6.224030914966742489e-02,3.719029461552929988e-02,9.951609869534736030e-03,2.778585229895867009e-02
2.674281415112083823e-02,5.423798368756732602e-02,3.804524391703571762e-02,2.209188995092591090e-02,0.000000000000000000e+00,1.019954516697159919e-01,1.237966588581297100e-01,1.964673494861754813e-02,1.344322281688695997e-01,7.473966793769129535e-02,1.062018022331275707e-01,5.538361575158592953e-02,1.780859395037874271e-01,4.592787647692491565e-02,3.443735786467862214e-02,3.491612947352221857e-02,2.703349691363302054e-02,5.866662106937058779e-02,6.097498418343792054e-02,1.134859702819622784e-01,5.131405707641537028e-02,1.614315271104423410e-01,1.353726724005266391e-01,5.789716669801480559e-02,1.416138023015235115e-01,2.637860574867910146e-01,1.720841954072123425e-01,2.236205393020193888e-01,1.545235367542704685e-01,3.336012174478053538e-02,1.097241933553340237e-01,3.717319562949917416e-02,2.667441820700032495e-02,5.085238445360189957e-02,2.888018740488688951e-02,5.695672246635774538e-02,2.414376827454131971e-02,7.113178188533420161e-03,4.363661234888770862e-02,2.660602226287981167e-02,4.782586392626917565e-02,2.792264418719970012e-02,4.250807927089923777e-02,1.569686917565788278e-02,1.181539934681873419e-02,3.100046167262281507e-02,5.852982918112956123e-02,6.567720534172323543e-02,3.390728929774464162e-02,9.536104509002615859e-02,9.958449463946787705e-02,1.358514440093702424e-01,3.117145153292409654e-02,1.348597028196227843e-01,9.409572012379666117e-02,1.325513397055554654e-01,8.727322469777541725e-02,1.793341654839868127e-01,6.974676401689379468e-02,6.129986491801036469e-02,4.397859206949027849e-02,3.175281705794846115e-02,5.671733666193595064e-02,6.803686541388095921e-02,1.178804096917052818e-01,7.648376451276439614e-02,1.749568250602739350e-01,1.670741925003847161e-01,4.261067318708000595e-02,1.381085101653471980e-01,3.339773951404681473e-01,1.725800660020860855e-01,2.518509652377614039e-01,1.494109399312620878e-01,4.067848776567549451e-02,1.118102696510096944e-01
3.079527384026127176e-02,6.376211890634884971e-02,4.454285860848451739e-02,2.552878614298172144e-02,1.019954516697159919e-01,0.000000000000000000e+00,1.417334952037344054e-01,2.227997879725732155e-02,1.567464049381871727e-01,8.528974231828052865e-02,1.217789785065745561e-01,6.360822803207770437e-02,2.046577637946069839e-01,5.377631106475386225e-02,4.057589384949472633e-02,4.079818066788639536e-02,3.147923328146640803e-02,6.820785527418224414e-02,7.089239608091239819e-02,1.342783372945984266e-01,5.851273019509942858e-02,1.907904861241728478e-01,1.580288288904468097e-01,6.714771814031428310e-02,1.645948395260161123e-01,3.061402458834190932e-01,2.035805276747088832e-01,2.594600140211685280e-01,1.818135184583554165e-01,3.857531248396969814e-02,1.281910982678727273e-01,4.201220867602550868e-02,3.086366978438178504e-02,5.876921498555135598e-02,3.334302275875040272e-02,6.492484995639757894e-02,2.744387257835610369e-02,8.378503154762921915e-03,4.936477266898072619e-02,3.038489817553819208e-02,5.507583400304361804e-02,3.223158866679205758e-02,4.857821931159482520e-02,1.733837183455021191e-02,1.364499085204247397e-02,3.590787066326966981e-02,6.843014209257390623e-02,7.626147769437272017e-02,3.854111451190944670e-02,1.078262059059897776e-01,1.159140262982405190e-01,1.555494759160781781e-01,3.573688080296838487e-02,1.568318998683378152e-01,1.063556931073987299e-01,1.512918283945761944e-01,9.944770275122685743e-02,2.066754441461621239e-01,7.985226476069968993e-02,7.321785818100987053e-02,5.138245302053588009e-02,3.676281996477608754e-02,6.576270027187387790e-02,7.903151343125353057e-02,1.391002513550946562e-01,8.662346322863054282e-02,2.064702563138005875e-01,1.962963596258741894e-01,4.931347571089034210e-02,1.602174991023032347e-01,3.884889626045175404e-01,2.035292307166184922e-01,2.912812270232374989e-01,1.757946753757502201e-01,4.739838927551596331e-02,1.304139664517894037e-01
3.684831489492673001e-02,7.520134056050475913e-02,5.251098609852435789e-02,3.055588803583947355e-02,1.237966588581297100e-01,1.417334952037344054e-01,0.000000000000000000e+00,2.710189285775353382e-02,1.866354325188516183e-01,1.030726877896140786e-01,1.470341808730742383e-01,7.564591419728809718e-02,2.454730434485234980e-01,6.365952499016808153e-02,4.796265581451020221e-02,4.821914060496212268e-02,3.777166014055366450e-02,8.152796539165227396e-02,8.422960518441256761e-02,1.573277704632115304e-01,7.096079202503291494e-02,2.237573311902604223e-01,1.868577193372432943e-01,7.962997794230802784e-02,1.965699434023562286e-01,3.648581639108801067e-01,2.393174084776772681e-01,3.089615785783902946e-01,2.137886223346955605e-01,4.620146025340697571e-02,1.512405314364858033e-01,5.102337431390318451e-02,3.688251286698698839e-02,6.996905083528547065e-02,3.978934049210881840e-02,7.862113776653044395e-02,3.325752782859976719e-02,9.797718995263580283e-03,6.046201460253407267e-02,3.664312706256518670e-02,6.608758100644632205e-02,3.891729220457226801e-02,5.875211599952123026e-02,2.168151428620282775e-02,1.627823470068225087e-02,4.310654378195372810e-02,8.130567857326061187e-02,9.062462595968058532e-02,4.709060752697365182e-02,1.319528751945009681e-01,1.380572132072568070e-01,1.874390848622676797e-01,4.320913769813450322e-02,1.869261152813638249e-01,1.297642049826445154e-01,1.830617444385548021e-01,1.197612981550194022e-01,2.493545132773626605e-01,9.647247918198451067e-02,8.544363319255168787e-02,6.070140040695586742e-02,4.408118598567104668e-02,7.851854385034967576e-02,9.368534445907357455e-02,1.633979105039071178e-01,1.053468529316211599e-01,2.423097310329497545e-01,2.313663799736675741e-01,5.878631397158148864e-02,1.915599404955286023e-01,4.628866508216062936e-01,2.398987740027016535e-01,3.491270967631619482e-01,2.071371167689755877e-01,5.635825795530324811e-02,1.545748337123608596e-01
5.933348152454559141e-03,1.193509224902963330e-02,8.378503154762921915e-03,4.907408990646854735e-03,1.964673494861754813e-02,2.227997879725732155e-02,2.710189285775353382e-02,0.000000000000000000e+00,2.923926611151958857e-02,1.627823470068225087e-02,2.316912607082400113e-02,1.232836892772258552e-02,3.893439119060240067e-02,1.000290682762512186e-02,7.968127490039840499e-03,7.626147769437272364e-03,5.950447138484687461e-03,1.294393242480720851e-02,1.325171417334952001e-02,2.503291554810799582e-02,1.147341962621616605e-02,3.587367269120941143e-02,2.985482960860420809e-02,1.280714053656618195e-02,3.103465964468306998e-02,5.820494844655711708e-02,3.835302566557802911e-02,4.907408990646854735e-02,3.394148726980490000e-02,7.335465006925089189e-03,2.422926320469196218e-02,7.933929517979583859e-03,5.950447138484687461e-03,1.108014294752321209e-02,6.275327873057128143e-03,1.214028008139117314e-02,5.317784655369936150e-03,1.521809756681428722e-03,9.421541302600755508e-03,5.813655250243660901e-03,1.055007438058923157e-02,6.138535984816100716e-03,9.062462595968059920e-03,3.385599233965426013e-03,2.616144862609647275e-03,7.147376160593676801e-03,1.279004155053605277e-02,1.446574218148863854e-02,7.403860951045603336e-03,2.062137715233486671e-02,2.174991023032334103e-02,2.951284988800164169e-02,7.027683258382777694e-03,2.927346408357984348e-02,2.031359540379255521e-02,2.893148436297727708e-02,1.940734914419574991e-02,3.915667800899406970e-02,1.508130567857325979e-02,1.419215840500658368e-02,9.712224065112939550e-03,6.907990356171878586e-03,1.243096284390335718e-02,1.494451379033223323e-02,2.612725065403621524e-02,1.721867893233931107e-02,3.876340133030111573e-02,3.744677940598122728e-02,9.575432176871911255e-03,3.023100730126703634e-02,7.453448010532975898e-02,3.825043174939726093e-02,5.487064617068208167e-02,3.281295419181642220e-02,8.703383889335362597e-03,2.451994596720414449e-02
4.033650804507292464e-02,8.334045791084589150e-02,5.851273019509942858e-02,3.322332985653950882e-02,1.344322281688695997e-01,1.567464049381871727e-01,1.866354325188516183e-01,2.923926611151958857e-02,0.000000000000000000e+00,1.117760716789494430e-01,1.608330625993878438e-01,8.260520151155036073e-02,2.688131593796487806e-01,7.070430723458098754e-02,5.273327291691602692e-02,5.351982627430193484e-02,4.139664517894088569e-02,8.963288476993314102e-02,9.293298907374793194e-02,1.761879520544431810e-01,7.660345741497529004e-02,2.498332848862062361e-01,2.064018603696800847e-01,8.735871962792605971e-02,2.162508763230340525e-01,4.009541234204811455e-01,2.654959560898038640e-01,3.398252483627721143e-01,2.381888753996888042e-01,5.090368141169228366e-02,1.674332712070174256e-01,5.557170459791734018e-02,4.043910196125369977e-02,7.715062496793939628e-02,4.379050322315886784e-02,8.563172203888309852e-02,3.631824632799274949e-02,1.084075714310141388e-02,6.495904792845784426e-02,4.008002325462100418e-02,7.178154335447907430e-02,4.201220867602550868e-02,6.475386009609630789e-02,2.308363114067335867e-02,1.790263837354444734e-02,4.668023186225056520e-02,8.961578578390301530e-02,1.005078398850948185e-01,5.049330574696920398e-02,1.423148607287587908e-01,1.523519655284441554e-01,2.050852384453601962e-01,4.702221158285313507e-02,2.069661269086743027e-01,1.411008327206196566e-01,1.992544842090863966e-01,1.299180958569156885e-01,2.722158575996443397e-01,1.054665458338320538e-01,9.496776841133321156e-02,6.716481712634440882e-02,4.840722945129354027e-02,8.602499871757604555e-02,1.039789340492108805e-01,1.828052596481028746e-01,1.140160388488962590e-01,2.708650377032641998e-01,2.562454046475043934e-01,6.463416719388540010e-02,2.102320332404288561e-01,5.083015577176273059e-01,2.669664688883949255e-01,3.837696424602021206e-01,2.302720448677393339e-01,6.265068481439051151e-02,1.704084947762597724e-01
2.221158285313680827e-02,4.548330284014157759e-02,3.165022314176769297e-02,1.815912316399637474e-02,7.473966793769129535e-02,8.528974231828052865e-02,1.030726877896140786e-01,1.627823470068225087e-02,1.117760716789494430e-01,0.000000000000000000e+00,8.925670707727031972e-02,4.567139168647299519e-02,1.472222697194056351e-01,3.886599524648188392e-02,2.898278132106766117e-02,2.934186002770035676e-02,2.269035446198040470e-02,4.903989193440828898e-02,5.116016620214421107e-02,9.566882683856847702e-02,4.269616811723064842e-02,1.363815125763042369e-01,1.130755946172391918e-01,4.780876494023904300e-02,1.183591813005488713e-01,2.189867140878545837e-01,1.451361934237299645e-01,1.869774122394541882e-01,1.297129080245541521e-01,2.829882187986252490e-02,9.166766410751842065e-02,2.997452251081510893e-02,2.227997879725732155e-02,4.197801070396525724e-02,2.357950173554708082e-02,4.760357710787749969e-02,2.010840757143101537e-02,5.950447138484687461e-03,3.565138587281774241e-02,2.214318690901629499e-02,3.939606381341586444e-02,2.304943316861310029e-02,3.551459398457671585e-02,1.287553648068669523e-02,9.951609869534736030e-03,2.597335977976505950e-02,4.888600106013713670e-02,5.452866645007951180e-02,2.776875331292854437e-02,7.884342458492211991e-02,8.224612280491766514e-02,1.127678128686968873e-01,2.575107296137339047e-02,1.120325564694013704e-01,7.826205905989774836e-02,1.099122822016654344e-01,7.202092915890087599e-02,1.490860591966896298e-01,5.798266162816544805e-02,5.158764085289742340e-02,3.696800779713763085e-02,2.684540806730160989e-02,4.756937913581724825e-02,5.683702956414684454e-02,9.905442607253389653e-02,6.347143614383667087e-02,1.468973889848332048e-01,1.398013097823299078e-01,3.513841629191388760e-02,1.154181557033667899e-01,2.777217311013456813e-01,1.450335995075492102e-01,2.108133987654532138e-01,1.249251919361181878e-01,3.452285279482926461e-02,9.383923533334473377e-02
3.166732212779781869e-02,6.548911649539182478e-02,4.594497546295504831e-02,2.629824051433750018e-02,1.062018022331275707e-01,1.217789785065745561e-01,1.470341808730742383e-01,2.316912607082400113e-02,1.608330625993878438e-01,8.925670707727031972e-02,0.000000000000000000e+00,6.612177897850657349e-02,2.114631602345981021e-01,5.538361575158592953e-02,4.132824923482037588e-02,4.216609955029666790e-02,3.272745926166578667e-02,7.031103055588804052e-02,7.325205615307012197e-02,1.376126395704734828e-01,6.080399432313663560e-02,1.956636971427594407e-01,1.620983875656173689e-01,6.890891370141750960e-02,1.697416343210847722e-01,3.142451652616999880e-01,2.076500863498794425e-01,2.679924080502026351e-01,1.857975822033753333e-01,4.016551818477163971e-02,1.316963904040490407e-01,4.334592958637552979e-02,3.178701503000871953e-02,6.037651967238343020e-02,3.423217003231708577e-02,6.786587555357967427e-02,2.869209855855547886e-02,8.566592001094334302e-03,5.092078039772241632e-02,3.142793632337602394e-02,5.658054477369491714e-02,3.296684506608758142e-02,5.083528546757177385e-02,1.833011302429765968e-02,1.429475232118735360e-02,3.679701793683634592e-02,7.024263461176752377e-02,7.848434587828942433e-02,3.987483542225946087e-02,1.124771301061847084e-01,1.185130721748200305e-01,1.607646666552673409e-01,3.712189867140878313e-02,1.607304686832070895e-01,1.121693483576423900e-01,1.577039481558743517e-01,1.032607766359454893e-01,2.130704649214301694e-01,8.299847819024332163e-02,7.402151052442590418e-02,5.288716379118717920e-02,3.840432262366841321e-02,6.784877656754954856e-02,8.147666843356188293e-02,1.423148607287587908e-01,9.052203204349981713e-02,2.110869825419352530e-01,2.006566010635569275e-01,5.045910777490894561e-02,1.647145324282270062e-01,3.970897525776721504e-01,2.077868782381204760e-01,3.014722226971940366e-01,1.796248482464989915e-01,4.919378280867944819e-02,1.343980301968093205e-01
1.646632354701366152e-02,3.382179436759399915e-02,2.359660072157721000e-02,1.367918882410273061e-02,5.538361575158592953e-02,6.360822803207770437e-02,7.564591419728809718e-02,1.232836892772258552e-02,8.260520151155036073e-02,4.567139168647299519e-02,6.612177897850657349e-02,0.000000000000000000e+00,1.095019065369423616e-01,2.864080160046509130e-02,2.195509806268488434e-02,2.185250414650411269e-02,1.667151137937520136e-02,3.613015748166133884e-02,3.784005608467418125e-02,7.096079202503291494e-02,3.187250996015936200e-02,1.010721064240890504e-01,8.457158490501513748e-02,3.602756356548056371e-02,8.758100644631773568e-02,1.633295145597866149e-01,1.083562744729237581e-01,1.388950635227330921e-01,9.582271771283962236e-02,2.084366397072653573e-02,6.870372586905595935e-02,2.219448386710667909e-02,1.672280833746558892e-02,3.176991604397859381e-02,1.768035155515277831e-02,3.498452541764273532e-02,1.485901886018159077e-02,4.565429270044286600e-03,2.655472530478942758e-02,1.641502658892327743e-02,2.992322555272472484e-02,1.726997589042969863e-02,2.563138005916249310e-02,9.421541302600755508e-03,7.420959937075731656e-03,1.942444813022587910e-02,3.602756356548056371e-02,4.090077458406716354e-02,2.060427816630473752e-02,5.784586973992442149e-02,6.097498418343792054e-02,8.328916095275550047e-02,1.925345826992459417e-02,8.229741976300805617e-02,5.748679103329172591e-02,8.137407451738111475e-02,5.418668672947694193e-02,1.098096882854846662e-01,4.231999042456782018e-02,3.898568814869278476e-02,2.751226852247661697e-02,1.969803190670793222e-02,3.524101020809466273e-02,4.238838636868833692e-02,7.323495716703999625e-02,4.774036899611853318e-02,1.084759673751346520e-01,1.048851803088076823e-01,2.645213138860865593e-02,8.532394029034078009e-02,2.069661269086743027e-01,1.072277413949352803e-01,1.551903972094454687e-01,9.262520732520561351e-02,2.511841047825863829e-02,7.019133765367713274e-02
5.314364858163910660e-02,1.084759673751346520e-01,7.650086349879452186e-02,4.396149308346015278e-02,1.780859395037874271e-01,2.046577637946069839e-01,2.454730434485234980e-01,3.893439119060240067e-02,2.688131593796487806e-01,1.472222697194056351e-01,2.114631602345981021e-01,1.095019065369423616e-01,0.000000000000000000e+00,9.166766410751842065e-02,6.954157618453225831e-02,6.960997212865277506e-02,5.411829078535642518e-02,1.171793512644700164e-01,1.217960774926046819e-01,2.279123847955816240e-01,1.016705709351435477e-01,3.243848639775661069e-01,2.702323752201494234e-01,1.149564830805533261e-01,2.829369218405348718e-01,5.260161072448403807e-01,3.463057640681907468e-01,4.448814185318810677e-01,3.097139339637159372e-01,6.661764957338030257e-02,2.193115948224270417e-01,7.289297744643742638e-02,5.326334148385000744e-02,1.013969871586614946e-01,5.731580117299044097e-02,1.128704067848776554e-01,4.767197305199801644e-02,1.415796043294632704e-02,8.658926525657029138e-02,5.278456987500641101e-02,9.544654002017680106e-02,5.596498127661029415e-02,8.369953661747858709e-02,3.065848195202024520e-02,2.354530376348682591e-02,6.225740813569755061e-02,1.170596583622591225e-01,1.314228066275669737e-01,6.716481712634440882e-02,1.880888463314125403e-01,1.988270095583331842e-01,2.692235350443718533e-01,6.196672537318537177e-02,2.689841492399500655e-01,1.854727014688029030e-01,2.623326436742300927e-01,1.724774720859053034e-01,3.576594907921959998e-01,1.379888172631363041e-01,1.241557375647624056e-01,8.759810543234786140e-02,6.328334729750526022e-02,1.130584956312090661e-01,1.355094642887676726e-01,2.361711950481336364e-01,1.513431253526665854e-01,3.505292136176324513e-01,3.351059282184566390e-01,8.517004941606962087e-02,2.756014568336097592e-01,6.680744831831472164e-01,3.460663782637689589e-01,5.007951028504009638e-01,2.993519484294581146e-01,8.096369885265804200e-02,2.232443616093565675e-01
1.354239693586170405e-02,2.881179146076637623e-02,1.978352683685857469e-02,1.121693483576423865e-02,4.592787647692491565e-02,5.377631106475386225e-02,6.365952499016808153e-02,1.000290682762512186e-02,7.070430723458098754e-02,3.886599524648188392e-02,5.538361575158592953e-02,2.864080160046509130e-02,9.166766410751842065e-02,0.000000000000000000e+00,1.762905459706239422e-02,1.844980592650855705e-02,1.439734623736812352e-02,3.057298702186960274e-02,3.187250996015936200e-02,6.005163893781098605e-02,2.600755775182531787e-02,8.540943522049142256e-02,7.005454576543611311e-02,2.988902758066446647e-02,7.451738111929961939e-02,1.363644135902740973e-01,9.074431886189149310e-02,1.169741634321084800e-01,8.156216336371252540e-02,1.752646068088162257e-02,5.760648393550262675e-02,1.884308260520151102e-02,1.364499085204247397e-02,2.578527093343364884e-02,1.482482088812133413e-02,2.888018740488688951e-02,1.232836892772258552e-02,3.727578954567994148e-03,2.209188995092591090e-02,1.343980301968093240e-02,2.422926320469196218e-02,1.424345536309696778e-02,2.212608792298616581e-02,7.933929517979583859e-03,6.206931928936613996e-03,1.567977018962775360e-02,3.070977891011062930e-02,3.390728929774464162e-02,1.709898603012841370e-02,4.850982336747430845e-02,5.174153172716857568e-02,7.003744677940598740e-02,1.614144281244122084e-02,7.037942650000854339e-02,4.842432843732366599e-02,6.853273600875467442e-02,4.445736367833387492e-02,9.301848400389857441e-02,3.587367269120941143e-02,3.200930184840038856e-02,2.320332404288425604e-02,1.667151137937520136e-02,2.964964177624266825e-02,3.560008891472735831e-02,6.239420002393857717e-02,3.898568814869278476e-02,9.260810833917548779e-02,8.713643280953439763e-02,2.181830617444385431e-02,7.200383017287075027e-02,1.728023528204777337e-01,9.113759554058444012e-02,1.313544106834464709e-01,7.868953371065096070e-02,2.140793050972077463e-02,5.870081904143084617e-02
1.073816322692064396e-02,2.161311834208231447e-02,1.514970162269377481e-02,8.737581861395619237e-03,3.443735786467862214e-02,4.057589384949472633e-02,4.796265581451020221e-02,7.968127490039840499e-03,5.273327291691602692e-02,2.898278132106766117e-02,4.132824923482037588e-02,2.195509806268488434e-02,6.954157618453225831e-02,1.762905459706239422e-02,0.000000000000000000e+00,1.345690200571106158e-02,1.060137133867961566e-02,2.316912607082400113e-02,2.385308551202913740e-02,4.531231297984029266e-02,2.034779337585281359e-02,6.506164184463861244e-02,5.375921207872372959e-02,2.277584939213104717e-02,5.586238736042952596e-02,1.046628934904160202e-01,6.955867517056238403e-02,8.741001658601645075e-02,6.128276593198023203e-02,1.311492228510849345e-02,4.320913769813450322e-02,1.393567361455465628e-02,1.058427235264948821e-02,1.976642785082844550e-02,1.116563787767385456e-02,2.149342543987141710e-02,9.301848400389856400e-03,2.718738778790417629e-03,1.655181847716430399e-02,1.031068857616743335e-02,1.877468666108099773e-02,1.113143990561359792e-02,1.583366106389890934e-02,5.864952208334045861e-03,4.531231297984029960e-03,1.284133850862643859e-02,2.306653215464322948e-02,2.602465673785544359e-02,1.314912025716875009e-02,3.635244430005300786e-02,3.920797496708445379e-02,5.256228305661474198e-02,1.279004155053605277e-02,5.269907494485576854e-02,3.590787066326966981e-02,5.150214592274678094e-02,3.465964468307029117e-02,6.998614982131559636e-02,2.655472530478942758e-02,2.600755775182531787e-02,1.732127284852008273e-02,1.232836892772258552e-02,2.229707778328745074e-02,2.677701212318109661e-02,4.731289434536532085e-02,3.094916471453242751e-02,7.008874373749636455e-02,6.793427149770019102e-02,1.735547082058034110e-02,5.444317151992886933e-02,1.348939007916830635e-01,6.931928936614058234e-02,9.796009096660568405e-02,5.929928355248533650e-02,1.556007728741685622e-02,4.394439409743002012e-02
1.024229263204692007e-02,2.163021732811244366e-02,1.501290973445274651e-02,8.686284903305233410e-03,3.491612947352221857e-02,4.079818066788639536e-02,4.821914060496212268e-02,7.626147769437272364e-03,5.351982627430193484e-02,2.934186002770035676e-02,4.216609955029666790e-02,2.185250414650411269e-02,6.960997212865277506e-02,1.844980592650855705e-02,1.345690200571106158e-02,0.000000000000000000e+00,1.072106424089051477e-02,2.320332404288425604e-02,2.458834191132465777e-02,4.603047039310569077e-02,1.978352683685857469e-02,6.499324590051809569e-02,5.360532120445257731e-02,2.299813621052271620e-02,5.589658533248978434e-02,1.037053502727288273e-01,6.923379443598993987e-02,8.872663851033633919e-02,6.225740813569755061e-02,1.352529794983157486e-02,4.391019612536976868e-02,1.410666347485594121e-02,1.041328249234820327e-02,2.004001162731050209e-02,1.130242976591488112e-02,2.234837474137783483e-02,9.472838260691141335e-03,2.889728639091701697e-03,1.679120428158610220e-02,1.031068857616743335e-02,1.862079578680984199e-02,1.084075714310141388e-02,1.660311543525468808e-02,5.950447138484687461e-03,4.736419130345570667e-03,1.181539934681873419e-02,2.334011593112528260e-02,2.592206282167467540e-02,1.292683343877708106e-02,3.681411692286647164e-02,3.919087598105432113e-02,5.310945060957885516e-02,1.188379529093924747e-02,5.309235162354872251e-02,3.696800779713763085e-02,5.186122462937947653e-02,3.366790349332284688e-02,7.034522852794829195e-02,2.708479387172340810e-02,2.419506523263170381e-02,1.783424242942393406e-02,1.273874459244566867e-02,2.250226561564899058e-02,2.711899184378366301e-02,4.736419130345570494e-02,2.946155292991125760e-02,7.005454576543611311e-02,6.620727390865721596e-02,1.643212557495340662e-02,5.461416138023015426e-02,1.300719867311868339e-01,6.896021065950788675e-02,1.003368500247935335e-01,5.972675820323854884e-02,1.653471949113417480e-02,4.455995759451464311e-02
8.156216336371252887e-03,1.694509515585725795e-02,1.174700340269821917e-02,6.634406579689824598e-03,2.703349691363302054e-02,3.147923328146640803e-02,3.777166014055366450e-02,5.950447138484687461e-03,4.139664517894088569e-02,2.269035446198040470e-02,3.272745926166578667e-02,1.667151137937520136e-02,5.411829078535642518e-02,1.439734623736812352e-02,1.060137133867961566e-02,1.072106424089051477e-02,0.000000000000000000e+00,1.798813330369508981e-02,1.870629071696048445e-02,3.556589094266709994e-02,1.545748337123608630e-02,5.068139459330061464e-02,4.156763503924217062e-02,1.744096575073098010e-02,4.389309713933963603e-02,8.069011507617598888e-02,5.369081613460321978e-02,6.875502282714635038e-02,4.820204161893199696e-02,1.044748046440845991e-02,3.378759639553374772e-02,1.092625207325205634e-02,8.019424448130226327e-03,1.518389959475403145e-02,8.583690987124463490e-03,1.737256980661046682e-02,7.267069062804575909e-03,2.137373253766051712e-03,1.284133850862643859e-02,8.036523434160353779e-03,1.429475232118735360e-02,8.429800112853307742e-03,1.289263546671682442e-02,4.548330284014158280e-03,3.607886052357095041e-03,9.455739274661012148e-03,1.809072721987586146e-02,2.002291264128037290e-02,1.008840175777576433e-02,2.852110869825419392e-02,3.038489817553819208e-02,4.119145734657934932e-02,9.472838260691141335e-03,4.144794213703127672e-02,2.841851478207342227e-02,4.026811210095241483e-02,2.595626079373493031e-02,5.509293298907375069e-02,2.118564369132910560e-02,1.911666638168356760e-02,1.361079287998221733e-02,9.917411897474479390e-03,1.738966879264059601e-02,2.070687208248550917e-02,3.676281996477608754e-02,2.304943316861310029e-02,5.461416138023015426e-02,5.191252158746986062e-02,1.285843749465656605e-02,4.255937622898962186e-02,1.020296496417762433e-01,5.367371714857308712e-02,7.773199049296376784e-02,4.620146025340697571e-02,1.268744763435528285e-02,3.443735786467862214e-02
1.762905459706239422e-02,3.638664227211326624e-02,2.530649932459005241e-02,1.451703913957902263e-02,5.866662106937058779e-02,6.820785527418224414e-02,8.152796539165227396e-02,1.294393242480720851e-02,8.963288476993314102e-02,4.903989193440828898e-02,7.031103055588804052e-02,3.613015748166133884e-02,1.171793512644700164e-01,3.057298702186960274e-02,2.316912607082400113e-02,2.320332404288425604e-02,1.798813330369508981e-02,0.000000000000000000e+00,4.062719080758511042e-02,7.650086349879452186e-02,3.382179436759399915e-02,1.088521450677974733e-01,9.004326043465622764e-02,3.821623377733700255e-02,9.424961099806782039e-02,1.751107159345450803e-01,1.156062445496982005e-01,1.483508027973941268e-01,1.038592411469999865e-01,2.236547372740796402e-02,7.284168048834703535e-02,2.398987740027016397e-02,1.747516372279123847e-02,3.324042884256963454e-02,1.889437956329189511e-02,3.720739360155942560e-02,1.585076004992903853e-02,4.668023186225056520e-03,2.831592086589265408e-02,1.735547082058034110e-02,3.120564950498435491e-02,1.841560795444830215e-02,2.788844621513944175e-02,1.003710479968537850e-02,7.814236615768684752e-03,2.067267411042525080e-02,3.924217293914471216e-02,4.360241437682745719e-02,2.216028589504642418e-02,6.212061624745652405e-02,6.615597695056682492e-02,8.929090504933057115e-02,2.067267411042525080e-02,8.964998375596326674e-02,6.171024058273344437e-02,8.722192773968504009e-02,5.675153463399620207e-02,1.191970316160251703e-01,4.575688661662363765e-02,4.148214010909152816e-02,2.941025597182087004e-02,2.132243557957013216e-02,3.760067028025237956e-02,4.524391703571978285e-02,7.942479010994647759e-02,5.028811791460766067e-02,1.177265188174341226e-01,1.118102696510096944e-01,2.821332694971188243e-02,9.204384180018125583e-02,2.224920062240309249e-01,1.162047090607526978e-01,1.678436468717404983e-01,1.001829591505223743e-01,2.730708069011507713e-02,7.414120342663679808e-02
1.807362823384573228e-02,3.760067028025237956e-02,2.629824051433750018e-02,1.513260263666364562e-02,6.097498418343792054e-02,7.089239608091239819e-02,8.422960518441256761e-02,1.325171417334952001e-02,9.293298907374793194e-02,5.116016620214421107e-02,7.325205615307012197e-02,3.784005608467418125e-02,1.217960774926046819e-01,3.187250996015936200e-02,2.385308551202913740e-02,2.458834191132465777e-02,1.870629071696048445e-02,4.062719080758511042e-02,0.000000000000000000e+00,7.998905664894072343e-02,3.489903048749209286e-02,1.130755946172391918e-01,9.409572012379666117e-02,3.973804353401843431e-02,9.698544876288836547e-02,1.814202417796624556e-01,1.209411281910982711e-01,1.540960621035172562e-01,1.076381170596583670e-01,2.296393823846245782e-02,7.590239898774002458e-02,2.457124292529452858e-02,1.853530085665919952e-02,3.518971325000427169e-02,1.969803190670793222e-02,3.922507395311457951e-02,1.644922456098353233e-02,5.061299864918010483e-03,2.913667219533881692e-02,1.810782620590599065e-02,3.271036027563565401e-02,1.913376536771369332e-02,2.929056306960997266e-02,1.048167843646871655e-02,8.258810252552022807e-03,2.091205991484704901e-02,4.066138877964536880e-02,4.548330284014157759e-02,2.289554229434194454e-02,6.437768240343347270e-02,6.884051775729699285e-02,9.240292050681395142e-02,2.101465383102782067e-02,9.308687994801907728e-02,6.446317733358411517e-02,9.019715130892738686e-02,5.902569977600328338e-02,1.228562146264726568e-01,4.772327001008840053e-02,4.276456406135116517e-02,3.043619513362857618e-02,2.186960313253424187e-02,3.891729220457226801e-02,4.707350854094351916e-02,8.287878528803241385e-02,5.134825504847562866e-02,1.224116409896893048e-01,1.154352546893969156e-01,2.860660362840483639e-02,9.479677855103192663e-02,2.285792452507566241e-01,1.209411281910982711e-01,1.738795889403758343e-01,1.040644289793615229e-01,2.843561376810355146e-02,7.733871381427080693e-02
3.416377408819656902e-02,7.190123625668998208e-02,5.004873211018586593e-02,2.812783201956123996e-02,1.134859702819622784e-01,1.342783372945984266e-01,1.573277704632115304e-01,2.503291554810799582e-02,1.761879520544431810e-01,9.566882683856847702e-02,1.376126395704734828e-01,7.096079202503291494e-02,2.279123847955816240e-01,6.005163893781098605e-02,4.531231297984029266e-02,4.603047039310569077e-02,3.556589094266709994e-02,7.650086349879452186e-02,7.998905664894072343e-02,0.000000000000000000e+00,6.504454285860848672e-02,2.154472239796180189e-01,1.775045739787630694e-01,7.456867807739001042e-02,1.843270694047842995e-01,3.413470581194535391e-01,2.294170955662329092e-01,2.905288716379118563e-01,2.051878323615409505e-01,4.351691944667681472e-02,1.432724039464459698e-01,4.608176735119607487e-02,3.431766496246772824e-02,6.518133474684950635e-02,3.676281996477608754e-02,7.244840380965408833e-02,3.062428397995998683e-02,9.387343330540498867e-03,5.423798368756732602e-02,3.380469538156387344e-02,6.076979635107638417e-02,3.561718790075748403e-02,5.464835935229041264e-02,1.939025015816562073e-02,1.530359249696493056e-02,3.956705367371714938e-02,7.687704119145734316e-02,8.513585144400936944e-02,4.254227724295948920e-02,1.194364174204469720e-01,1.292854333738009398e-01,1.724774720859053034e-01,4.004582528256074581e-02,1.749055281021835440e-01,1.197100011969290251e-01,1.693141596703315599e-01,1.099977771318160769e-01,2.299984610912572947e-01,8.896602431475814088e-02,8.197253902843561202e-02,5.805105757228596480e-02,4.160183301130242900e-02,7.367953080382333431e-02,8.876083648239659063e-02,1.580630268625070611e-01,9.667766701434604704e-02,2.341877126686387478e-01,2.198074654173007569e-01,5.440897354786861095e-02,1.796077492604688519e-01,4.323136637997366805e-01,2.292119077338713728e-01,3.268300189798745148e-01,1.970316160251697202e-01,5.375921207872372959e-02,1.462305285296582047e-01
1.549168134329634294e-02,3.115435254689397082e-02,2.183540516047398350e-02,1.275584357847579613e-02,5.131405707641537028e-02,5.851273019509942858e-02,7.096079202503291494e-02,1.147341962621616605e-02,7.660345741497529004e-02,4.269616811723064842e-02,6.080399432313663560e-02,3.187250996015936200e-02,1.016705709351435477e-01,2.600755775182531787e-02,2.034779337585281359e-02,1.978352683685857469e-02,1.545748337123608630e-02,3.382179436759399915e-02,3.489903048749209286e-02,6.504454285860848672e-02,0.000000000000000000e+00,9.306978096198895156e-02,7.786878238120480133e-02,3.329172580066001863e-02,8.137407451738111475e-02,1.517535010173896581e-01,9.936220782107621496e-02,1.278149205752098783e-01,8.855564865003505426e-02,1.921926029786433579e-02,6.294136757690269035e-02,2.084366397072653573e-02,1.542328539917582966e-02,2.908537523724843282e-02,1.641502658892327743e-02,3.214609373664141512e-02,1.385017868440401555e-02,4.001162731050048570e-03,2.486192568780671436e-02,1.526939452490467392e-02,2.761486243865738863e-02,1.607304686832070756e-02,2.381888753996887903e-02,8.959868679787288265e-03,6.839594412051365306e-03,1.841560795444830215e-02,3.363370552126258850e-02,3.777166014055366450e-02,1.954414103243677647e-02,5.437477557580835258e-02,5.709351435459877194e-02,7.771489150693364212e-02,1.821042012208675884e-02,7.665475437306568107e-02,5.372501410666347815e-02,7.579980507155925640e-02,5.081818648154164120e-02,1.026965100969512573e-01,3.936186584135560607e-02,3.652343416035429280e-02,2.525520236649966485e-02,1.814202417796624556e-02,3.253937041533436908e-02,3.900278713472291048e-02,6.748969786091685297e-02,4.461125455260502720e-02,1.005249388711249442e-01,9.686575586067745769e-02,2.498161859001761173e-02,7.913410734743429875e-02,1.943299762324094127e-01,9.908862404459416184e-02,1.437853735273498246e-01,8.568301899697347568e-02,2.298103722449258701e-02,6.393310876665013465e-02
