0.000000000000000000e+00,1.663230452041726884e-02,1.020094162538080426e-02,6.631381358279226160e-03,2.210973320614210633e-02,2.871034249315321252e-02,3.209527033264609336e-02,6.800627750253869508e-03,3.180293565559897534e-02,2.186355663599716739e-02,2.615626057789949971e-02,1.674000676985567745e-02,4.755823614487491441e-02,1.593993291688463459e-02,1.393974828445702745e-02,1.133950826230113555e-02,8.446933563098132577e-03,1.523217527771794297e-02,1.533987752715635332e-02,3.012585777148659924e-02,1.326276271655845232e-02,4.871218881742930135e-02,4.634273932978429100e-02,1.618610948702957353e-02,4.012678093362464365e-02,7.740714527494846342e-02,4.597347447456688607e-02,6.095947318213988664e-02,4.031141336123334612e-02,8.200756992953195379e-03,3.291073022125119013e-02,1.343200910853309567e-02,1.009323937594239391e-02,1.589377480998245898e-02,1.161645690371418925e-02,1.629381173646798214e-02,6.769855678985752141e-03,4.861987260362495358e-03,1.392436224882296833e-02,8.662338061974951542e-03,1.586300273871434421e-02,9.508570021848170017e-03,1.295504200387728039e-02,4.538880512047266044e-03,2.723328307228359627e-03,1.018555558974674514e-02,1.495522663630488927e-02,1.540142166969258632e-02,6.923716035326338107e-03,2.178662645782687701e-02,3.146444287164969211e-02,3.067975505431270664e-02,7.508385389420562002e-03,4.263470474197618432e-02,2.004800443117826098e-02,2.881804474259162460e-02,1.986337200356956198e-02,4.423485244791827004e-02,2.021725082315290606e-02,1.381665999938455798e-02,1.184724743822506733e-02,7.831492137735790449e-03,1.610917930885927968e-02,1.601686309505492845e-02,2.837184970920392582e-02,1.672462073422162007e-02,4.586577222512847052e-02,4.918915592208511489e-02,1.418592485460196291e-02,3.478782656860632955e-02,9.982459919377173474e-02,4.601963258146905822e-02,6.222112810413268913e-02,4.171154260393267199e-02,1.018555558974674514e-02,3.572637474228390619e-02
1.663230452041726884e-02,0.000000000000000000e+00,2.189432870726528563e-02,1.403206449826137868e-02,4.751207803797273532e-02,6.182109117764716943e-02,6.877557928424161970e-02,1.457057574545342696e-02,6.969874142228513203e-02,4.695818075514662793e-02,5.662061113333538565e-02,3.498784503184909633e-02,1.025325414653660283e-01,3.466473828353386355e-02,3.027971812782718347e-02,2.475613133520017384e-02,1.832476844016370579e-02,3.317229282703018645e-02,3.318767886266424383e-02,6.665230636674154829e-02,2.763331999876911596e-02,1.074253007969966506e-01,1.010400960088623512e-01,3.400313875126934754e-02,8.702341754623503511e-02,1.664769055605132830e-01,1.000400036926485520e-01,1.326122411299504589e-01,8.806966796935102038e-02,1.800166169184847995e-02,7.045265716835399927e-02,2.821798935286334159e-02,2.147890574514570508e-02,3.358771578914977046e-02,2.467920115702987999e-02,3.569560267101578449e-02,1.453980367418530872e-02,1.029325783918515549e-02,2.872572852878727337e-02,1.844785672523617526e-02,3.343385543280918276e-02,2.014032064498261221e-02,2.831030556666769282e-02,9.662430378188755983e-03,5.785149398406006817e-03,2.215589131304428194e-02,3.229528879588885321e-02,3.383389235929470246e-02,1.463211988798965996e-02,4.657352986429516561e-02,6.836015632212204263e-02,6.519063298150598595e-02,1.620149552266363091e-02,9.290088315844539923e-02,4.403483398467551019e-02,6.254423485244792191e-02,4.152691017632396953e-02,9.525494661045634526e-02,4.394251777087115896e-02,2.983352309443948816e-02,2.584853986521832778e-02,1.687848109056220430e-02,3.521863556635997095e-02,3.474166846170415740e-02,6.309813213527402931e-02,3.474166846170415740e-02,1.011477982583007668e-01,1.070406499061451883e-01,3.018740191402283224e-02,7.539157460688679369e-02,2.139274394559497749e-01,1.019478721112718062e-01,1.357356063636643295e-01,9.248546019632580828e-02,2.195587284980151863e-02,7.671477367141582571e-02
1.020094162538080426e-02,2.189432870726528563e-02,0.000000000000000000e+00,8.585407883804659426e-03,2.897190509893220883e-02,3.726497830568975544e-02,4.172692863956672937e-02,8.877742560851770506e-03,4.177308674646890152e-02,2.843339385174016229e-02,3.463396621226574879e-02,2.149429178077976593e-02,6.220574206849863175e-02,2.126350124626888785e-02,1.854017293904052649e-02,1.481675231559836242e-02,1.113948979905837397e-02,1.994030218173985236e-02,2.010954857371449744e-02,4.031141336123334612e-02,1.707849955380496762e-02,6.435978705726681792e-02,6.140566821552758542e-02,2.084807828414930730e-02,5.258946979721205311e-02,1.010400960088623512e-01,6.015939932916884725e-02,8.009970151090869961e-02,5.292796258116133634e-02,1.083176908637720377e-02,4.294242545465735278e-02,1.695541126873249815e-02,1.327814875219250970e-02,2.097116656922177330e-02,1.518601717081576735e-02,2.175585438655875878e-02,8.816198418315537508e-03,6.369818752500230712e-03,1.750930855155860555e-02,1.127796411976490082e-02,2.077114810597901345e-02,1.229344247161276438e-02,1.737083423085207870e-02,5.939009754746591915e-03,3.492630088931285987e-03,1.324737668092439320e-02,1.940179093454780582e-02,2.054035757146813537e-02,9.000830845924239973e-03,2.851032402991045267e-02,4.135766378434932444e-02,3.975751607840723872e-02,9.754746591993107216e-03,5.649752284826291965e-02,2.635627904114225956e-02,3.781887558851586284e-02,2.540234483183062900e-02,5.802074037603471152e-02,2.698710650213865733e-02,1.827861033326153017e-02,1.543219374096070455e-02,1.015478351847862865e-02,2.101732467612394892e-02,2.107886881866018539e-02,3.774194541034556899e-02,2.120195710373265138e-02,6.057482229128842433e-02,6.483675416192263841e-02,1.834015447579776664e-02,4.552727944117918729e-02,1.298427547158199080e-01,6.111333353848047434e-02,8.168446318121672101e-02,5.520509585500200239e-02,1.335507893036280355e-02,4.635812536541834838e-02
6.631381358279226160e-03,1.403206449826137868e-02,8.585407883804659426e-03,0.000000000000000000e+00,1.910945625750069127e-02,2.424839215927624206e-02,2.781795242637781843e-02,5.815921469674124183e-03,2.726405514355171103e-02,1.886327968735575580e-02,2.227897959811674794e-02,1.432439917530848976e-02,4.100378496476597689e-02,1.367818567867803113e-02,1.157029879681201363e-02,9.585500200018463868e-03,7.231436748007508304e-03,1.307813028894974985e-02,1.286272579007292916e-02,2.552543311690309846e-02,1.120103394159460870e-02,4.111148721420438551e-02,3.891128411853402025e-02,1.353971135797150428e-02,3.421854325014616477e-02,6.571375819306397859e-02,3.883435394036372640e-02,5.251253961904175926e-02,3.398775271563529016e-02,7.077576391666923206e-03,2.803335692525463912e-02,1.146259654737360328e-02,8.723882204511186275e-03,1.364741360740991463e-02,9.970151090869926180e-03,1.412438071206572991e-02,5.738991291503831201e-03,4.185001692463919364e-03,1.178570329568883260e-02,7.523771425054620252e-03,1.353971135797150428e-02,8.108440779148844146e-03,1.112410376342431659e-02,3.908053051050866533e-03,2.338677416376896447e-03,8.739268240145243657e-03,1.286272579007292916e-02,1.295504200387728039e-02,5.969781826014709282e-03,1.910945625750069127e-02,2.621780472043573271e-02,2.631012093424008394e-02,6.385204788134288961e-03,3.654183463088900297e-02,1.729390405268178485e-02,2.497153583407699107e-02,1.698618334000061639e-02,3.775733144597962637e-02,1.740160630212019693e-02,1.164722897498230575e-02,1.004708126904021830e-02,6.831399821521986875e-03,1.384743207065267621e-02,1.361664153614179813e-02,2.423300612364218121e-02,1.432439917530848976e-02,3.906514447487460101e-02,4.138843585561743921e-02,1.209342400837000280e-02,2.971043480936701869e-02,8.493091670000307847e-02,3.892667015416807763e-02,5.343570175708527159e-02,3.538788195833461603e-02,8.708496168877127158e-03,3.032587623472935909e-02
2.210973320614210633e-02,4.751207803797273532e-02,2.897190509893220883e-02,1.910945625750069127e-02,0.000000000000000000e+00,8.265378342616241936e-02,9.340862233436932061e-02,1.947872111271809620e-02,9.339323629873526322e-02,6.446748930670523348e-02,7.597624396098101585e-02,4.812751946333507919e-02,1.383973905283564509e-01,4.621965104471181807e-02,3.863433547712096655e-02,3.292611625688524751e-02,2.484844754900452507e-02,4.426562451918638480e-02,4.435794073299073603e-02,8.696187340369880558e-02,3.746499676893251529e-02,1.402898729113456755e-01,1.323506785241714556e-01,4.494261008708496513e-02,1.172108194602578674e-01,2.218820198787580522e-01,1.328430316644613474e-01,1.777856417515462917e-01,1.175185401729390428e-01,2.427916423054435682e-02,9.371634304705049601e-02,3.854201926331661532e-02,2.947964427485614061e-02,4.549650736991106559e-02,3.352617164661353399e-02,4.803520324953072795e-02,1.967873957596085951e-02,1.406283656952949518e-02,3.972674400713912396e-02,2.514078222605163615e-02,4.514262855032772498e-02,2.751023171369664996e-02,3.801889405175862269e-02,1.327814875219250970e-02,7.969966458442317297e-03,2.940271409668584676e-02,4.363479705818998355e-02,4.441948487552697250e-02,2.015570668061667306e-02,6.443671723543711871e-02,8.990060620980398765e-02,8.834661661076406713e-02,2.155583592331599893e-02,1.251807859187001881e-01,5.935932547619780092e-02,8.497707480690525061e-02,5.652829491953103441e-02,1.290734529341169834e-01,5.966704618887897632e-02,3.872665169092531778e-02,3.406468289380558401e-02,2.318675570052620288e-02,4.706588300458503654e-02,4.626580915161399715e-02,8.233067667784718657e-02,4.757362218050897179e-02,1.336431055174323868e-01,1.397205895928854968e-01,3.994214850601594119e-02,1.016709234698587594e-01,2.872880573591408693e-01,1.334584730898236704e-01,1.817552389451334016e-01,1.213188909745514937e-01,2.941810013231990761e-02,1.017940117549312184e-01
2.871034249315321252e-02,6.182109117764716943e-02,3.726497830568975544e-02,2.424839215927624206e-02,8.265378342616241936e-02,0.000000000000000000e+00,1.193187063421238953e-01,2.487921962027263983e-02,1.189955995938086625e-01,8.083823122134350947e-02,9.683970828076438053e-02,6.062098039819060341e-02,1.761854940456042129e-01,5.965166015324491200e-02,5.112779641197649078e-02,4.215773763732037077e-02,3.132596855094316179e-02,5.706680616672308443e-02,5.655906699079914918e-02,1.126411668769424917e-01,4.772748253684955255e-02,1.824937686555682115e-01,1.720774225313105865e-01,5.828230298181370783e-02,1.499523032895344055e-01,2.867803181832169201e-01,1.709234698587561996e-01,2.282056805243561082e-01,1.506600609287011006e-01,3.084900144628734825e-02,1.209803981906022036e-01,4.894297935194017596e-02,3.761885712527310299e-02,5.845154937378835291e-02,4.285010924085300155e-02,6.142105425116164280e-02,2.507923808351540315e-02,1.778625719297165925e-02,5.020463427393297845e-02,3.234144690279102535e-02,5.798996830476659675e-02,3.500323106748315372e-02,4.848139828291841980e-02,1.669384866295350184e-02,1.000092316213804268e-02,3.811121026556297392e-02,5.555897467458534300e-02,5.706680616672308443e-02,2.538695879619657161e-02,8.108440779148844146e-02,1.159491645382650649e-01,1.130565898390620688e-01,2.755638982059882558e-02,1.596301197033572206e-01,7.465304489645198383e-02,1.073945287257285219e-01,7.180662830415114606e-02,1.642151583223066813e-01,7.593008585407884370e-02,5.054312705788226862e-02,4.380404345016462864e-02,2.875650060005538813e-02,6.032864572114349233e-02,5.920546511985722016e-02,1.063021201957103784e-01,5.991322275902390831e-02,1.724620734221620488e-01,1.818629411945718033e-01,5.158937748099824694e-02,1.292734713973597571e-01,3.685724836138720706e-01,1.720620364956765291e-01,2.320983475397729034e-01,1.559528571868172564e-01,3.744961073329845791e-02,1.316890789919069327e-01
3.209527033264609336e-02,6.877557928424161970e-02,4.172692863956672937e-02,2.781795242637781843e-02,9.340862233436932061e-02,1.193187063421238953e-01,0.000000000000000000e+00,2.827953349539957459e-02,1.344431793704034261e-01,9.268547865956858200e-02,1.098870664984460122e-01,6.931409053143366972e-02,1.992953195679601219e-01,6.712927347139735490e-02,5.608209988614333563e-02,4.703511093331692178e-02,3.566483059974766973e-02,6.375973166753853838e-02,6.329815059851678916e-02,1.257039111302581669e-01,5.406652921808166590e-02,2.027571775856232827e-01,1.911099486106409839e-01,6.502138658953134087e-02,1.686924946918177126e-01,3.202295596516601672e-01,1.914792134658583889e-01,2.565467581622918880e-01,1.683847739791365372e-01,3.475705449733821478e-02,1.355817460073237557e-01,5.545127242514693439e-02,4.255777456380589047e-02,6.579068837123426550e-02,4.821983567713943042e-02,6.954488106594454433e-02,2.851032402991045267e-02,2.024802289442102429e-02,5.774379173462165782e-02,3.680339723666799928e-02,6.548296765855310397e-02,3.986521832784564734e-02,5.471274271471212453e-02,1.907868418623257650e-02,1.146259654737360328e-02,4.268086284887835646e-02,6.283656952949502605e-02,6.371357356063636623e-02,2.883343077822568198e-02,9.257777641013016645e-02,1.287657322214358357e-01,1.279810444040988537e-01,3.115672215896852018e-02,1.799704588115826065e-01,8.554635812536541539e-02,1.221497368987906618e-01,8.168446318121672101e-02,1.862018032433763182e-01,8.579253469551036126e-02,5.592823952980274793e-02,4.898913745884235504e-02,3.349539957534541923e-02,6.817552389451334016e-02,6.637535772532848766e-02,1.186878788811274871e-01,6.886789549804597788e-02,1.923408314613656578e-01,2.017724713050435548e-01,5.820537280364341398e-02,1.462596547373603839e-01,4.145305720528048576e-01,1.916792319291011348e-01,2.621318890974551619e-01,1.746930485891005358e-01,4.237314213619718800e-02,1.475674677662553447e-01
6.800627750253869508e-03,1.457057574545342696e-02,8.877742560851770506e-03,5.815921469674124183e-03,1.947872111271809620e-02,2.487921962027263983e-02,2.827953349539957459e-02,0.000000000000000000e+00,2.804874296088869651e-02,1.937101886327968758e-02,2.324829984306243588e-02,1.480136627996430504e-02,4.168077053266455029e-02,1.406283656952949518e-02,1.240114472105117473e-02,9.739360556359048099e-03,7.554543496322737618e-03,1.332430685909468532e-02,1.350893928670338778e-02,2.680247407452995834e-02,1.140105240483737029e-02,4.272702095578053555e-02,4.126534757054497321e-02,1.413976674769978729e-02,3.500323106748315372e-02,6.752931039788287459e-02,4.015755300489275842e-02,5.369726436286426097e-02,3.466473828353386355e-02,7.231436748007508304e-03,2.886420284949380022e-02,1.158568483244607275e-02,9.077761024094532089e-03,1.413976674769978729e-02,1.009323937594239391e-02,1.467827799489183557e-02,6.031325968550943148e-03,4.369634120072621829e-03,1.201649383019971068e-02,7.646859710127088851e-03,1.407822260516355430e-02,8.277687171123487495e-03,1.157029879681201363e-02,4.061913407391451632e-03,2.369449487645013380e-03,8.939286703388005240e-03,1.292426993260916389e-02,1.358586946487367990e-02,6.046712004185001398e-03,1.930947472074345458e-02,2.735637135735606226e-02,2.694094839523648172e-02,6.677539465181401776e-03,3.794196387358832884e-02,1.786318737114195310e-02,2.547927501000092285e-02,1.727851801704772747e-02,3.871126565529126040e-02,1.798627565621441909e-02,1.224728436471058876e-02,1.029325783918515549e-02,6.908329999692278990e-03,1.420131089023602203e-02,1.393974828445702745e-02,2.504846601224728492e-02,1.427824106840631414e-02,4.000369264855217072e-02,4.340400652367910894e-02,1.240114472105117473e-02,3.021817398529095047e-02,8.713111979567345067e-02,4.083453857279133181e-02,5.437424993076284130e-02,3.680339723666799928e-02,8.893128596485829623e-03,3.101824783826199333e-02
3.180293565559897534e-02,6.969874142228513203e-02,4.177308674646890152e-02,2.726405514355171103e-02,9.339323629873526322e-02,1.189955995938086625e-01,1.344431793704034261e-01,2.804874296088869651e-02,0.000000000000000000e+00,9.180847462842724183e-02,1.093793273225220769e-01,6.849863064282857295e-02,1.992953195679601219e-01,6.743699418407853030e-02,5.702064805982090534e-02,4.786595685755608287e-02,3.574176077791796358e-02,6.435978705726681792e-02,6.377511770317259576e-02,1.272117426223959014e-01,5.357417607779179497e-02,2.060651752469458697e-01,1.932024494568729545e-01,6.535987937348063104e-02,1.693387081884481782e-01,3.227528694956457445e-01,1.925562359602424889e-01,2.573929901221650995e-01,1.708465396805859127e-01,3.506477521001938324e-02,1.357048342923962148e-01,5.518970981936794501e-02,4.200387728097978307e-02,6.540603748038280318e-02,4.829676585530972427e-02,6.946795088777425742e-02,2.811028710342493298e-02,2.003261839554420359e-02,5.634366249192233195e-02,3.640336031018247959e-02,6.463673569867987856e-02,3.934209311628765471e-02,5.477428685724836099e-02,1.884789365172169842e-02,1.141643844047142767e-02,4.278856509831676508e-02,6.269809520878850961e-02,6.440594516416900395e-02,2.875650060005538813e-02,9.160845616518448198e-02,1.307813028894974916e-01,1.270271101947872128e-01,3.129519647967504703e-02,1.808936209496261327e-01,8.502323291380742276e-02,1.219804905068160167e-01,8.088438932824568162e-02,1.861556451364741460e-01,8.565406037480383095e-02,5.652829491953103441e-02,4.940456042096193212e-02,3.289534418561713275e-02,6.829861217958581310e-02,6.688309690125242291e-02,1.202880265870695797e-01,6.756008246915100324e-02,1.948487552697172054e-01,2.053574176077791746e-01,5.828230298181370783e-02,1.466443056282118462e-01,4.150998553712650363e-01,1.944794904144998005e-01,2.631012093424008325e-01,1.768778656491368506e-01,4.254238852817183308e-02,1.479521186571068070e-01
2.186355663599716739e-02,4.695818075514662793e-02,2.843339385174016229e-02,1.886327968735575580e-02,6.446748930670523348e-02,8.083823122134350947e-02,9.268547865956858200e-02,1.937101886327968758e-02,9.180847462842724183e-02,0.000000000000000000e+00,7.565313721266578306e-02,4.732744561036403286e-02,1.358279225774687016e-01,4.618887897344370330e-02,3.908053051050866533e-02,3.241837708096131920e-02,2.418684801674000559e-02,4.360402498692186879e-02,4.378865741453057125e-02,8.626950180016616787e-02,3.704957380681293821e-02,1.387512693479397985e-01,1.319814136689540507e-01,4.461950333876973235e-02,1.151029325783918533e-01,2.185894082530695226e-01,1.313813582792257850e-01,1.754315782995353457e-01,1.147644397944425632e-01,2.389451333969289451e-02,9.253161830322799430e-02,3.771117333907745423e-02,2.881804474259162460e-02,4.480413576637843481e-02,3.272609779364248767e-02,4.809674739206695748e-02,1.952487921962027181e-02,1.375511585684832498e-02,3.897282826107024978e-02,2.484844754900452507e-02,4.465027541003784711e-02,2.689479028833430610e-02,3.798812198049050792e-02,1.318583253838815847e-02,7.708403852663322717e-03,2.934116995414961376e-02,4.286549527648705893e-02,4.378865741453057125e-02,1.974028371849709251e-02,6.366741545373419409e-02,8.797735175554666220e-02,8.757731482906114251e-02,2.137120349570729647e-02,1.228421085023232856e-01,5.862079576576299106e-02,8.350001538603563089e-02,5.569744899529187332e-02,1.267193894821060374e-01,5.917469304858909845e-02,3.878819583346154731e-02,3.374157614549035122e-02,2.252515616826168687e-02,4.654275779302705085e-02,4.537341908483859959e-02,8.120749607656091440e-02,4.671200418500169593e-02,1.314736744930301293e-01,1.390128319537188017e-01,3.954211157953042149e-02,9.993230144321013642e-02,2.834107763793580759e-01,1.323968366310736278e-01,1.792165430655137393e-01,1.200418500169246339e-01,2.909499338400467830e-02,1.008246915099855340e-01
2.615626057789949971e-02,5.662061113333538565e-02,3.463396621226574879e-02,2.227897959811674794e-02,7.597624396098101585e-02,9.683970828076438053e-02,1.098870664984460122e-01,2.324829984306243588e-02,1.093793273225220769e-01,7.565313721266578306e-02,0.000000000000000000e+00,5.646675077699479794e-02,1.624149921531218288e-01,5.494353324922300608e-02,4.717358525402344516e-02,3.871126565529126040e-02,2.932578391851555638e-02,5.218943287072652648e-02,5.263562790411422526e-02,1.038711265655291316e-01,4.421946641228421265e-02,1.665999938455857421e-01,1.590454503492630123e-01,5.374342246976644005e-02,1.378742653167984722e-01,2.623165215250638505e-01,1.568452472535926401e-01,2.094654891220728010e-01,1.380588977444071885e-01,2.866418438625103690e-02,1.112871957411453311e-01,4.460411730313567497e-02,3.458780810536356970e-02,5.383573868357079129e-02,3.923439086684924609e-02,5.677447148967597335e-02,2.315598362925808465e-02,1.653998830661291761e-02,4.575806997569006190e-02,2.923346770471120515e-02,5.340492968581714989e-02,3.191063790503739089e-02,4.500415422962119466e-02,1.557066806166723140e-02,9.216235344801058937e-03,3.474166846170415740e-02,5.094316398436778831e-02,5.282026033172292773e-02,2.352524848447548958e-02,7.506846785857156090e-02,1.067790873003661850e-01,1.038403544942610029e-01,2.564852140197556793e-02,1.475520817306212873e-01,6.960642520848078774e-02,9.937840416038402902e-02,6.649844601040096059e-02,1.511831861402591071e-01,7.003723420623442220e-02,4.686586454134227669e-02,4.020371111179493750e-02,2.686401821706619134e-02,5.532818414007446839e-02,5.455888235837154376e-02,9.823983752346369946e-02,5.554358863895128562e-02,1.579222697479767401e-01,1.674000676985567815e-01,4.749669200233867794e-02,1.189955995938086625e-01,3.379850447733637187e-01,1.593070129550420155e-01,2.133735421731236814e-01,1.441517678554943560e-01,3.477244053297227216e-02,1.203803428008739240e-01
1.674000676985567745e-02,3.498784503184909633e-02,2.149429178077976593e-02,1.432439917530848976e-02,4.812751946333507919e-02,6.062098039819060341e-02,6.931409053143366972e-02,1.480136627996430504e-02,6.849863064282857295e-02,4.732744561036403286e-02,5.646675077699479794e-02,0.000000000000000000e+00,1.020555743607102217e-01,3.466473828353386355e-02,2.987968120134166378e-02,2.415607594547189083e-02,1.809397790565283118e-02,3.252607933039972782e-02,3.254146536603378520e-02,6.405206634458565640e-02,2.837184970920392582e-02,1.030095085700218488e-01,1.002246361202572544e-01,3.443394774902298894e-02,8.550020001846324325e-02,1.649229159614733764e-01,9.720897313598178546e-02,1.314275163861279572e-01,8.505400498507555140e-02,1.778625719297165925e-02,7.006800627750253696e-02,2.852571006554451352e-02,2.163276610148628931e-02,3.389543650183093892e-02,2.466381512139582260e-02,3.594177924116072342e-02,1.464750592362371907e-02,1.041634612425762323e-02,2.938732806105178938e-02,1.861710311721082034e-02,3.392620857309905369e-02,2.017109271625073044e-02,2.832569160230175020e-02,9.939379019601809681e-03,5.754377327137889450e-03,2.227897959811674794e-02,3.192602394067144828e-02,3.307997661322583521e-02,1.486291042250053804e-02,4.778902667938578902e-02,6.591377665630673843e-02,6.637535772532848766e-02,1.632458380773610038e-02,9.136227959503953611e-02,4.372711327199433479e-02,6.299042988583561375e-02,4.263470474197618432e-02,9.456257500692372142e-02,4.420408037665015527e-02,2.986429516570760292e-02,2.540234483183062900e-02,1.717081576760931885e-02,3.468012431916792093e-02,3.426470135704834385e-02,6.039018986367972186e-02,3.583407699172231481e-02,9.756285195556513301e-02,1.060405575899313751e-01,3.035664830599747732e-02,7.477613318152444288e-02,2.138658953134135454e-01,9.862448841431516178e-02,1.341046865864541360e-01,8.894667200049234668e-02,2.187894267163122825e-02,7.625319260239406260e-02
4.755823614487491441e-02,1.025325414653660283e-01,6.220574206849863175e-02,4.100378496476597689e-02,1.383973905283564509e-01,1.761854940456042129e-01,1.992953195679601219e-01,4.168077053266455029e-02,1.992799335323260645e-01,1.358279225774687016e-01,1.624149921531218288e-01,1.020555743607102217e-01,0.000000000000000000e+00,9.923992983967751258e-02,8.416161491830015384e-02,7.026802474074529681e-02,5.260485583284611050e-02,9.465489122072806571e-02,9.420869618734037387e-02,1.870172631319814149e-01,8.034587808105363160e-02,3.018278610333261502e-01,2.843493245530356872e-01,9.707049881527525514e-02,2.495768840200633942e-01,4.751669384866295531e-01,2.835800227713327626e-01,3.793427085577130153e-01,2.505000461581068927e-01,5.178939594424100679e-02,2.012801181647536630e-01,8.179216543065513656e-02,6.239037449610733421e-02,9.734744745668831578e-02,7.131427516386128207e-02,1.021940486814167520e-01,4.181924485337108061e-02,3.000276948641412977e-02,8.451549373788350139e-02,5.395882696864325728e-02,9.679355017386220839e-02,5.857463765886081891e-02,8.123826814782902916e-02,2.815644521032710859e-02,1.687848109056220430e-02,6.332892266978490392e-02,9.262393451703233860e-02,9.502415607594547065e-02,4.268086284887835646e-02,1.367356986798781426e-01,1.919254084992460807e-01,1.895559590116010773e-01,4.637351140105240577e-02,2.658399236852632685e-01,1.256885250946241095e-01,1.804320398806043557e-01,1.207957657629935011e-01,2.751638612795027083e-01,1.269501800166169259e-01,8.376157799181463415e-02,7.300673908360771902e-02,4.889682124503800381e-02,1.006708311536449463e-01,9.860910237868110439e-02,1.767086192571621917e-01,1.016247653629565872e-01,2.861341046865864546e-01,3.020740376034710684e-01,8.636181801397052604e-02,2.162968889435948061e-01,6.139951380127396385e-01,2.854263470474197595e-01,3.884666276887097092e-01,2.593624026833246110e-01,6.285195556512908344e-02,2.194817983198449063e-01
1.593993291688463459e-02,3.466473828353386355e-02,2.126350124626888785e-02,1.367818567867803113e-02,4.621965104471181807e-02,5.965166015324491200e-02,6.712927347139735490e-02,1.406283656952949518e-02,6.743699418407853030e-02,4.618887897344370330e-02,5.494353324922300608e-02,3.466473828353386355e-02,9.923992983967751258e-02,0.000000000000000000e+00,2.851032402991045267e-02,2.352524848447548958e-02,1.794011754931224348e-02,3.177216358433086058e-02,3.234144690279102535e-02,6.308274609963997193e-02,2.703326460904083295e-02,1.009631658306920643e-01,9.619349478413391497e-02,3.283380004308090322e-02,8.396159645505739400e-02,1.593070129550420155e-01,9.547035110933316249e-02,1.273656029787365029e-01,8.374619195618057677e-02,1.741699233775425432e-02,6.760624057605317538e-02,2.764870603440317681e-02,2.135581746007323908e-02,3.298766039942148398e-02,2.421762008800812382e-02,3.429547342831645862e-02,1.420131089023602203e-02,1.018555558974674514e-02,2.846416592300827705e-02,1.787857340677601048e-02,3.291073022125119013e-02,1.986337200356956198e-02,2.774102224820752804e-02,9.585500200018463868e-03,5.769763362771948567e-03,2.097116656922177330e-02,3.134135458657721918e-02,3.240299104532726182e-02,1.447825953164907573e-02,4.614272086654152422e-02,6.511370280333569904e-02,6.360587131119795068e-02,1.557066806166723140e-02,9.028525710065544996e-02,4.251161645690371138e-02,6.074406868326306941e-02,4.071145028771886581e-02,9.256239037449610907e-02,4.294242545465735278e-02,2.823337538849739897e-02,2.458688494322552875e-02,1.655537434224697499e-02,3.375696218112440861e-02,3.366464596732005737e-02,5.954395790380650338e-02,3.397236668000123277e-02,9.607040649906145591e-02,1.009016216881558348e-01,2.906422131273656007e-02,7.266824629965842886e-02,2.067113887435763353e-01,9.636274117610856005e-02,1.298581407514539932e-01,8.777733329230390236e-02,2.118657106809859400e-02,7.319137151121642149e-02
1.393974828445702745e-02,3.027971812782718347e-02,1.854017293904052649e-02,1.157029879681201363e-02,3.863433547712096655e-02,5.112779641197649078e-02,5.608209988614333563e-02,1.240114472105117473e-02,5.702064805982090534e-02,3.908053051050866533e-02,4.717358525402344516e-02,2.987968120134166378e-02,8.416161491830015384e-02,2.851032402991045267e-02,0.000000000000000000e+00,2.050958550020001714e-02,1.521678924208388385e-02,2.734098532172200488e-02,2.777179431947564281e-02,5.531279810444041101e-02,2.320214173616026027e-02,8.871588146598147206e-02,8.580792073114441865e-02,2.969504877373296131e-02,7.182201433978521732e-02,1.393051666307659198e-01,8.274609963996676365e-02,1.092870111087177326e-01,7.222205126627073701e-02,1.470905006615995381e-02,5.912853494168692631e-02,2.314059759362402727e-02,1.790934547804412871e-02,2.844877988737421967e-02,2.047881342893190237e-02,2.920269563344308691e-02,1.198572175893159418e-02,8.785426347047419274e-03,2.369449487645013466e-02,1.500138474320706489e-02,2.844877988737421967e-02,1.660153244914915061e-02,2.340216019940302011e-02,8.046896636612611148e-03,4.785057082192202375e-03,1.838631258269994226e-02,2.660245561128719502e-02,2.831030556666769282e-02,1.218574022217435403e-02,3.817275440809921039e-02,5.772840569898760044e-02,5.405114318244760852e-02,1.373972982121426586e-02,7.700710834846292985e-02,3.592639320552666604e-02,5.148167523155983832e-02,3.517247745945779880e-02,7.857648398313690774e-02,3.614179770440348327e-02,2.560236329507339231e-02,2.140197556697541470e-02,1.384743207065267621e-02,2.875650060005538813e-02,2.895651906329815145e-02,5.206634458565406048e-02,2.909499338400467830e-02,8.299227621011170952e-02,9.086992645474967212e-02,2.571006554451180093e-02,6.195956549835369281e-02,1.791242268517093950e-01,8.496168877127119323e-02,1.108102286364895245e-01,7.609933224605348878e-02,1.812474997692094594e-02,6.369818752500230885e-02
1.133950826230113555e-02,2.475613133520017384e-02,1.481675231559836242e-02,9.585500200018463868e-03,3.292611625688524751e-02,4.215773763732037077e-02,4.703511093331692178e-02,9.739360556359048099e-03,4.786595685755608287e-02,3.241837708096131920e-02,3.871126565529126040e-02,2.415607594547189083e-02,7.026802474074529681e-02,2.352524848447548958e-02,2.050958550020001714e-02,0.000000000000000000e+00,1.258577714865987546e-02,2.254054220389574426e-02,2.275594670277256495e-02,4.492722405145090081e-02,1.910945625750069127e-02,7.346832015262946824e-02,6.874480721297350494e-02,2.309443948672185165e-02,6.017478536480290463e-02,1.147336677231744484e-01,6.840631442902421477e-02,9.103917284672431720e-02,6.140566821552758542e-02,1.257039111302581808e-02,4.783518478628796811e-02,1.923254454257316073e-02,1.447825953164907573e-02,2.243283995445733564e-02,1.669384866295350184e-02,2.404837369603347874e-02,9.785518663261223715e-03,6.939102070960396357e-03,1.940179093454780582e-02,1.237037264978305649e-02,2.243283995445733564e-02,1.363202757177585552e-02,1.943256300581592058e-02,6.631381358279226160e-03,3.984983229221158649e-03,1.529371942025417770e-02,2.217127734867833933e-02,2.283287688094285534e-02,1.010862541157645303e-02,3.218758654645044459e-02,4.660430193556328038e-02,4.475797765947626267e-02,1.101640151398590624e-02,6.328276456288273177e-02,3.007969966458442362e-02,4.317321598916823433e-02,2.855648213681262829e-02,6.599070683447702534e-02,3.038742037726559209e-02,2.043265532202972676e-02,1.787857340677601048e-02,1.157029879681201363e-02,2.426377819491029944e-02,2.370988091208419205e-02,4.289626734775518063e-02,2.414068990983782997e-02,6.966796935101701727e-02,7.309905529741206331e-02,2.035572514385943291e-02,5.211250269255623263e-02,1.471366587685017102e-01,6.945256485214020004e-02,9.350093854817367878e-02,6.300581592146967114e-02,1.509370095701141612e-02,5.243560944087146541e-02
8.446933563098132577e-03,1.832476844016370579e-02,1.113948979905837397e-02,7.231436748007508304e-03,2.484844754900452507e-02,3.132596855094316179e-02,3.566483059974766973e-02,7.554543496322737618e-03,3.574176077791796358e-02,2.418684801674000559e-02,2.932578391851555638e-02,1.809397790565283118e-02,5.260485583284611050e-02,1.794011754931224348e-02,1.521678924208388385e-02,1.258577714865987546e-02,0.000000000000000000e+00,1.683232298366002869e-02,1.712465766070714324e-02,3.388005046619688154e-02,1.424746899713819764e-02,5.438963596639689868e-02,5.148167523155983832e-02,1.717081576760931885e-02,4.471181955257408358e-02,8.486937255746684894e-02,5.120472659014678463e-02,6.811397975197711063e-02,4.486567990891467128e-02,9.323937594239467552e-03,3.588023509862448696e-02,1.449364556728313311e-02,1.129335015539895994e-02,1.740160630212019693e-02,1.272425146936640231e-02,1.850940086777240826e-02,7.508385389420562002e-03,5.369726436286426270e-03,1.493984060067083189e-02,9.616272271286580367e-03,1.734006215958396047e-02,1.049327630242791708e-02,1.470905006615995381e-02,5.092777794873372572e-03,2.969504877373295958e-03,1.127796411976490082e-02,1.652460227097886022e-02,1.709388558943902500e-02,7.631473674493029734e-03,2.438686647998276891e-02,3.441856171338893156e-02,3.371080407422223646e-02,8.308459242391605729e-03,4.795827307136043410e-02,2.257131427516386249e-02,3.220297258208450197e-02,2.126350124626888785e-02,4.921992799335322966e-02,2.297135120164938218e-02,1.497061267193894839e-02,1.304735821768163162e-02,8.677724097609010659e-03,1.795550358494630433e-02,1.757085269409483855e-02,3.167984737052650934e-02,1.778625719297165925e-02,5.128165676831707848e-02,5.431270578822660483e-02,1.526294734898605947e-02,3.863433547712096655e-02,1.095639597501307794e-01,5.177400990860694940e-02,6.940640674523802789e-02,4.692740868387851316e-02,1.124719204849678432e-02,3.904975843924054363e-02
1.523217527771794297e-02,3.317229282703018645e-02,1.994030218173985236e-02,1.307813028894974985e-02,4.426562451918638480e-02,5.706680616672308443e-02,6.375973166753853838e-02,1.332430685909468532e-02,6.435978705726681792e-02,4.360402498692186879e-02,5.218943287072652648e-02,3.252607933039972782e-02,9.465489122072806571e-02,3.177216358433086058e-02,2.734098532172200488e-02,2.254054220389574426e-02,1.683232298366002869e-02,0.000000000000000000e+00,3.034126227036341647e-02,6.034403175677754971e-02,2.547927501000092285e-02,9.774748438317383548e-02,9.210080930547434597e-02,3.104901990953011157e-02,8.031510600978551684e-02,1.529987383450780170e-01,9.163922823645259674e-02,1.224266855402037085e-01,8.096131950641598241e-02,1.669384866295350184e-02,6.435978705726681792e-02,2.597162815029079724e-02,2.006339046681232183e-02,3.089515955318952387e-02,2.263285841770009549e-02,3.260300950857002167e-02,1.341662307289903655e-02,9.631658306920639484e-03,2.684863218143213048e-02,1.703234144690279200e-02,3.086438748192140910e-02,1.870941933101517157e-02,2.621780472043573271e-02,9.000830845924239973e-03,5.385112471920485387e-03,2.034033910822537553e-02,2.960273255992861008e-02,3.044896451980182855e-02,1.357048342923962252e-02,4.345016463058128109e-02,6.209803981906022313e-02,6.051327814875219480e-02,1.498599870757300750e-02,8.559251623226758754e-02,4.038834353940363997e-02,5.771301966335354305e-02,3.846508908514632147e-02,8.834661661076406713e-02,4.083453857279133181e-02,2.703326460904083295e-02,2.370988091208419205e-02,1.567837031110564175e-02,3.260300950857002167e-02,3.163368926362433720e-02,5.685140166784626026e-02,3.217220051081638027e-02,9.237775794688740660e-02,9.708588485090931253e-02,2.752561774933070735e-02,6.960642520848078774e-02,1.974951533987752694e-01,9.242391605378957875e-02,1.244884143151675504e-01,8.380773609871680629e-02,2.001723235991014621e-02,7.026802474074529681e-02
1.533987752715635332e-02,3.318767886266424383e-02,2.010954857371449744e-02,1.286272579007292916e-02,4.435794073299073603e-02,5.655906699079914918e-02,6.329815059851678916e-02,1.350893928670338778e-02,6.377511770317259576e-02,4.378865741453057125e-02,5.263562790411422526e-02,3.254146536603378520e-02,9.420869618734037387e-02,3.234144690279102535e-02,2.777179431947564281e-02,2.275594670277256495e-02,1.712465766070714324e-02,3.034126227036341647e-02,0.000000000000000000e+00,6.112871957411453172e-02,2.583315382958427039e-02,9.796288888205065271e-02,9.299319937224974353e-02,3.104901990953011157e-02,8.054589654429639145e-02,1.529833523094439596e-01,9.237775794688740660e-02,1.218881742930116585e-01,8.125365418346308655e-02,1.678616487675785307e-02,6.479059605502046626e-02,2.567929347324368269e-02,2.020186478751884868e-02,3.154137304981998596e-02,2.287903498784503095e-02,3.306459057759177783e-02,1.338585100163092005e-02,9.600886235652521250e-03,2.621780472043573271e-02,1.681693694802597130e-02,3.114133612333446280e-02,1.854017293904052649e-02,2.661784164692125587e-02,9.031602917192356472e-03,5.231252115579899421e-03,2.021725082315290606e-02,2.954118841739237361e-02,3.100286180262793595e-02,1.369357171431209025e-02,4.331169030987475771e-02,6.277502538695879652e-02,5.999015293719420217e-02,1.489368249376865627e-02,8.625411576453211049e-02,4.044988768193986950e-02,5.771301966335354305e-02,3.829584269317167639e-02,8.820814229005755069e-02,4.120380342800873674e-02,2.752561774933070735e-02,2.354063452010954696e-02,1.535526356279041070e-02,3.209527033264609336e-02,3.203372619010985689e-02,5.769763362771947873e-02,3.197218204757362042e-02,9.259316244576422383e-02,9.780902852571006501e-02,2.723328307228359627e-02,6.923716035326338281e-02,1.969258700803151185e-01,9.397790565282948538e-02,1.239345170323414430e-01,8.465396805859001783e-02,2.023263685878696344e-02,6.986798781425977711e-02
3.012585777148659924e-02,6.665230636674154829e-02,4.031141336123334612e-02,2.552543311690309846e-02,8.696187340369880558e-02,1.126411668769424917e-01,1.257039111302581669e-01,2.680247407452995834e-02,1.272117426223959014e-01,8.626950180016616787e-02,1.038711265655291316e-01,6.405206634458565640e-02,1.870172631319814149e-01,6.308274609963997193e-02,5.531279810444041101e-02,4.492722405145090081e-02,3.388005046619688154e-02,6.034403175677754971e-02,6.112871957411453172e-02,0.000000000000000000e+00,5.055851309351632600e-02,1.956642151583223022e-01,1.840016001477059460e-01,6.199033756962181452e-02,1.594608733113825894e-01,3.041665384497030389e-01,1.827861033326153295e-01,2.416992337754254316e-01,1.608148444471797500e-01,3.315690679139612906e-02,1.282733790811459440e-01,5.140474505338954447e-02,3.978828814967535349e-02,6.249807674554574283e-02,4.558882358371541682e-02,6.494445641136105396e-02,2.644859525494661079e-02,1.914022832876880950e-02,5.251253961904175926e-02,3.377234821675847293e-02,6.197495153398775020e-02,3.709573191371511036e-02,5.202018647875188140e-02,1.770932701480136540e-02,1.061636458750038481e-02,3.983444625657753257e-02,5.882081422900575784e-02,6.175954703511093297e-02,2.684863218143213048e-02,8.545404191156107110e-02,1.249346093485552561e-01,1.190109856294427199e-01,2.969504877373296131e-02,1.706772932886112537e-01,7.976120872695940944e-02,1.142259285472505131e-01,7.580699756900637076e-02,1.746776625534664784e-01,8.054589654429639145e-02,5.457426839400560115e-02,4.681970643444010455e-02,3.077207126811705787e-02,6.417515462965811546e-02,6.365202941810013670e-02,1.150567744714896812e-01,6.328276456288273177e-02,1.842477767178508918e-01,1.954488106594454988e-01,5.498969135612517822e-02,1.374126842477767230e-01,3.901129335015540156e-01,1.859556266732313723e-01,2.471305043542480762e-01,1.680462811951872470e-01,4.021909714742899489e-02,1.395205711296427231e-01
1.326276271655845232e-02,2.763331999876911596e-02,1.707849955380496762e-02,1.120103394159460870e-02,3.746499676893251529e-02,4.772748253684955255e-02,5.406652921808166590e-02,1.140105240483737029e-02,5.357417607779179497e-02,3.704957380681293821e-02,4.421946641228421265e-02,2.837184970920392582e-02,8.034587808105363160e-02,2.703326460904083295e-02,2.320214173616026027e-02,1.910945625750069127e-02,1.424746899713819764e-02,2.547927501000092285e-02,2.583315382958427039e-02,5.055851309351632600e-02,0.000000000000000000e+00,8.143828661107178901e-02,7.842262362679632004e-02,2.707942271594300856e-02,6.712927347139735490e-02,1.296273502169431047e-01,7.693017817029264294e-02,1.035018617103117267e-01,6.765239868295534753e-02,1.406283656952949518e-02,5.543588638951287700e-02,2.232513770501892356e-02,1.703234144690279200e-02,2.681786011016401572e-02,1.954026525525433267e-02,2.787949656891405489e-02,1.146259654737360328e-02,8.216143028587254496e-03,2.312521155798996988e-02,1.449364556728313311e-02,2.680247407452995834e-02,1.586300273871434421e-02,2.220204941994645756e-02,7.785334030833615700e-03,4.538880512047266044e-03,1.757085269409483855e-02,2.520232636858786915e-02,2.607933039972920586e-02,1.173954518878665698e-02,3.709573191371511036e-02,5.260485583284611050e-02,5.178939594424100679e-02,1.270886543373234492e-02,7.169892605471274438e-02,3.403391082253746230e-02,4.915838385081700013e-02,3.358771578914977046e-02,7.436071021940486581e-02,3.460319414099762708e-02,2.335600209250084797e-02,1.994030218173985236e-02,1.324737668092439320e-02,2.711019478721112680e-02,2.698710650213865733e-02,4.775825460811767426e-02,2.792565467581623051e-02,7.688402006339047079e-02,8.336154106532910057e-02,2.374065298335231028e-02,5.869772594393328491e-02,1.678770348032126158e-01,7.802258670031080035e-02,1.048558328461088734e-01,7.023725266947718204e-02,1.710927162507308238e-02,5.999015293719420217e-02
