0.000000000000000000e+00,1.564569197373271228e-02,1.190492443376520507e-02,7.153876609280926044e-03,2.607615328955452047e-02,3.164634729067401786e-02,3.444509672751102508e-02,6.662388903299793462e-03,4.544896036697748665e-02,2.371428181358963341e-02,3.211053012410064467e-02,1.810313050363837259e-02,5.253457479487214782e-02,1.563203953745545896e-02,1.067620516881237491e-02,1.529072863052411725e-02,1.066255273253512159e-02,2.086092263164361638e-02,1.716111240050786912e-02,3.161904241811951122e-02,1.572760659139623568e-02,5.652108618783022176e-02,3.991972367468974575e-02,1.671058200335849911e-02,4.531243600420495343e-02,8.385326361489207903e-02,4.686881373981186677e-02,6.759321200868294299e-02,5.384520867748849443e-02,1.030758938932652483e-02,3.138695100140619781e-02,1.503133234125629721e-02,9.502095648968558045e-03,1.679249662102202251e-02,8.628339727224322922e-03,1.787103908692506266e-02,8.368943437956502876e-03,4.204950373394132287e-03,1.362513140469916867e-02,9.543052957800319744e-03,1.135882698267505833e-02,9.720534629404616392e-03,1.238275970346908346e-02,4.068426010621595604e-03,2.607615328955452047e-03,9.870711428454408132e-03,1.692902098379455919e-02,2.480647671576993035e-02,8.082242276134176187e-03,2.468360478927464699e-02,2.929812825098638759e-02,3.485466981582863166e-02,8.095894712411429509e-03,4.905320354417246065e-02,2.619902521604980383e-02,3.925075429710431912e-02,2.636285445137684716e-02,5.548350103075894157e-02,1.944106925880923278e-02,1.376165576747170535e-02,1.744781356233019928e-02,9.324613977364261397e-03,1.699728316518082580e-02,2.524335467664204705e-02,3.100468278564309788e-02,1.828061217524267271e-02,5.522410474149112153e-02,5.413190983931082806e-02,1.287424740945021691e-02,3.784455336054719232e-02,1.187898480483842306e-01,5.384520867748849443e-02,6.943629090611219690e-02,4.540800305814572668e-02,8.723906781165099641e-03,3.377612734992559151e-02
1.564569197373271228e-02,0.000000000000000000e+00,1.870383769983753608e-02,1.114038800223899998e-02,4.068426010621595257e-02,4.994061190219394736e-02,5.391347085887476798e-02,1.025297964421750981e-02,7.256269881360329077e-02,3.739402296339781884e-02,5.045940448072958745e-02,2.796018949581552740e-02,8.277472114898903888e-02,2.479282427949267703e-02,1.645118571409067906e-02,2.436959875489781019e-02,1.684710636613103579e-02,3.351673106065777147e-02,2.707278113779404069e-02,5.058227640722486734e-02,2.421942195584802018e-02,9.043373790052834649e-02,6.274659713025788899e-02,2.581675700028670042e-02,7.117015031332341035e-02,1.322648026540336197e-01,7.448769232869605073e-02,1.078815514628585492e-01,8.570999494859857237e-02,1.645118571409067906e-02,4.951738637759908052e-02,2.357775745081709673e-02,1.507228965008805890e-02,2.595328136305923711e-02,1.337938755170860194e-02,2.824689065763785409e-02,1.290155228200472355e-02,6.621431594468032630e-03,2.109301404835692978e-02,1.519516157658334053e-02,1.767990497904350922e-02,1.477193605198847716e-02,1.975507529318606958e-02,6.580474285636271799e-03,4.068426010621595604e-03,1.530438106680137057e-02,2.725026280939833734e-02,3.862274222835065246e-02,1.283329010061845521e-02,3.889579095389572583e-02,4.658211257798954008e-02,5.450052561879667468e-02,1.295616202711373857e-02,7.835133179515885171e-02,4.106652832197905945e-02,6.147692055647330234e-02,4.094365639548377261e-02,8.715715319398746608e-02,3.092276816797957448e-02,2.140702008273376311e-02,2.774175051537947079e-02,1.455349707155241881e-02,2.734582986333911406e-02,4.023372970906658602e-02,4.951738637759908052e-02,2.850628694690567413e-02,8.822204322361325290e-02,8.513659262495391900e-02,1.980968503829508287e-02,6.084890848771963567e-02,1.890589375674089079e-01,8.554616571327153252e-02,1.101205510123281495e-01,7.226234521550370382e-02,1.391183256652149536e-02,5.283492839297172783e-02
1.190492443376520507e-02,1.870383769983753608e-02,0.000000000000000000e+00,8.355291001679249555e-03,3.081354867776154791e-02,3.757150463500211895e-02,4.069791254249320589e-02,7.699974060371073646e-03,5.433669638346962788e-02,2.804210411347905080e-02,3.815855939492402565e-02,2.105205673952516982e-02,6.224145698799950915e-02,1.858096577334225272e-02,1.258754624762788848e-02,1.840348410173795607e-02,1.276502791923218687e-02,2.531161685802831365e-02,2.091553237675263313e-02,3.819951670375578562e-02,1.849905115567872932e-02,6.778434611656450337e-02,4.759239286250631362e-02,1.982333747457233619e-02,5.359946482449793465e-02,9.865250453943506803e-02,5.607055579068084827e-02,8.089068494272802501e-02,6.493098693461847593e-02,1.234180239463732350e-02,3.789916310565620561e-02,1.763894767021174925e-02,1.157726596311111668e-02,2.053326416098952972e-02,1.044411375209906151e-02,2.114762379346594307e-02,9.775144374513631412e-03,5.010444113752099068e-03,1.570030171884172904e-02,1.178205250726992170e-02,1.393913743907600374e-02,1.149535134544759502e-02,1.494941772359277554e-02,4.792005133316039854e-03,3.262932270263628389e-03,1.215066828675577179e-02,2.023291056288994624e-02,2.933908555981815103e-02,9.420181031305036382e-03,2.895681734405504762e-02,3.466353570794708516e-02,4.102557101314729948e-02,1.003454066378145146e-02,5.859625650197277519e-02,3.088181085914781451e-02,4.630906385244446671e-02,3.115485958469288788e-02,6.525864540527256952e-02,2.334566603410378680e-02,1.641022840525891910e-02,2.068344096003931973e-02,1.093560145808019496e-02,2.034213005310797628e-02,3.067702431498901122e-02,3.718923641923901208e-02,2.198042240637841996e-02,6.651466954277990284e-02,6.504020642483651637e-02,1.560473466490095232e-02,4.550357011208649993e-02,1.415757641951206069e-01,6.454871871885538293e-02,8.296585525687058538e-02,5.454148292762843464e-02,1.071716247764413488e-02,4.072521741504771253e-02
7.153876609280926044e-03,1.114038800223899998e-02,8.355291001679249555e-03,0.000000000000000000e+00,1.856731333706499940e-02,2.223981869564623653e-02,2.456073286277936363e-02,4.641828334266249849e-03,3.211053012410064467e-02,1.705189291028984255e-02,2.289513563695441331e-02,1.277868035550944019e-02,3.761246194383387892e-02,1.124960749245702829e-02,7.426925334825999411e-03,1.082638196786216492e-02,7.631711878984804437e-03,1.499037503242453551e-02,1.206875366909225013e-02,2.238999549469603001e-02,1.115404043851625331e-02,3.959206520403565910e-02,2.782366513304299072e-02,1.170013788960640004e-02,3.226070692315043814e-02,5.937444536977623533e-02,3.291602386445861145e-02,4.857536827446858052e-02,3.825412644886479890e-02,7.167529045558180233e-03,2.204868458776468657e-02,1.093560145808019496e-02,6.990047373953881850e-03,1.193222930631971344e-02,6.225510942427675901e-03,1.279233279178669351e-02,5.966114653159856722e-03,3.030840853550315853e-03,9.734187065681871448e-03,6.962742501399374340e-03,8.273376384015727891e-03,6.894480320013105998e-03,9.106174996928201315e-03,3.044493289827569608e-03,1.856731333706499853e-03,7.044657119062896870e-03,1.212336341420126341e-02,1.714745996423061580e-02,5.734023236446544186e-03,1.778912446926153926e-02,2.079266045025734977e-02,2.501126325992873364e-02,5.829590290387320038e-03,3.470449301677884513e-02,1.897688642538260945e-02,2.782366513304299072e-02,1.900419129793711609e-02,3.933266891476783905e-02,1.411661911068030038e-02,9.734187065681871448e-03,1.249197919368711350e-02,6.648736467022540141e-03,1.220527803186478681e-02,1.799391101342034602e-02,2.183024560732862648e-02,1.313364369871803695e-02,3.892309582645023247e-02,3.819951670375578562e-02,9.106174996928201315e-03,2.731852499078460395e-02,8.560077545838054580e-02,3.822682157631029226e-02,4.961295343153986070e-02,3.196035332505085813e-02,6.198206069873169258e-03,2.421942195584802018e-02
2.607615328955452047e-02,4.068426010621595257e-02,3.081354867776154791e-02,1.856731333706499940e-02,0.000000000000000000e+00,8.158695919286797216e-02,8.880909798353515960e-02,1.676519174846751239e-02,1.181208786707988040e-01,6.254181058609908916e-02,8.366212950701053253e-02,4.659576501426679340e-02,1.367701066255273268e-01,4.068426010621595257e-02,2.716834819173481394e-02,3.968763225797643929e-02,2.793288462326102076e-02,5.474626947178724140e-02,4.476633855311480670e-02,8.248801998716670525e-02,4.050677843461165939e-02,1.462585498382186211e-01,1.022294428440755215e-01,4.290960721940830641e-02,1.171515556951137904e-01,2.162818955042527247e-01,1.211926768331808846e-01,1.775226289131295598e-01,1.405654839106038334e-01,2.663590317692192053e-02,8.098625199666881214e-02,3.942823596870861924e-02,2.516144005897852365e-02,4.348300954305295979e-02,2.256747716630032666e-02,4.666402719565306695e-02,2.174833098966510656e-02,1.112673556596174666e-02,3.520963315903723190e-02,2.499761082365148032e-02,2.974865864813576108e-02,2.486108646087894364e-02,3.320272502628093814e-02,1.090829658552568658e-02,6.839870574904091845e-03,2.572118994634592370e-02,4.449328982756972639e-02,6.291042636558494272e-02,2.091553237675263313e-02,6.476715769929143607e-02,7.582563108386691786e-02,9.074774393490518676e-02,2.127049571996122643e-02,1.272953158491132719e-01,6.875366909224951695e-02,1.014785588488265750e-01,6.846696793042718332e-02,1.435144101464906341e-01,5.134681283875107416e-02,3.555094406596857187e-02,4.542165549442298000e-02,2.416481221073900690e-02,4.439772277362895314e-02,6.594126721913524947e-02,8.048111185441042537e-02,4.759239286250631362e-02,1.434324955288271142e-01,1.394869414447008071e-01,3.318907259000368482e-02,9.964913238767457437e-02,3.107977118516799253e-01,1.402378254399497537e-01,1.813726159433150797e-01,1.178341775089764704e-01,2.294974538206343007e-02,8.798995180689994644e-02
3.164634729067401786e-02,4.994061190219394736e-02,3.757150463500211895e-02,2.223981869564623653e-02,8.158695919286797216e-02,0.000000000000000000e+00,1.078952038991358026e-01,2.035578248938522961e-02,1.433096236023318482e-01,7.463786912774585114e-02,1.007822845986866417e-01,5.553811077586795486e-02,1.657269239695823848e-01,4.976313023058964724e-02,3.290237142818135813e-02,4.857536827446858052e-02,3.354403593321228505e-02,6.663754146927519662e-02,5.471896459923273476e-02,1.008368943437956550e-01,4.899859379906344042e-02,1.799254576979261999e-01,1.257116332409518589e-01,5.193386759867298086e-02,1.435417150190451407e-01,2.638879408030362916e-01,1.476510983384985154e-01,2.167051210288475915e-01,1.718432154217920116e-01,3.292967630073586477e-02,9.923955929935697473e-02,4.721012464674321368e-02,3.033571340805766778e-02,5.335372097150736792e-02,2.733217742706186074e-02,5.634360451622592164e-02,2.592597649050473047e-02,1.314729613499529028e-02,4.165358308190096615e-02,3.039032315316668106e-02,3.598782202684069204e-02,2.987153057463104444e-02,3.957841276775840578e-02,1.309268638988627526e-02,8.205114202629459549e-03,3.181017652600106466e-02,5.409095253047906116e-02,7.765505754501890456e-02,2.537987903941458373e-02,7.777792947151419833e-02,9.312326784714732020e-02,1.092467950905839091e-01,2.581675700028670042e-02,1.560746515215640229e-01,8.216036151651262553e-02,1.233907190738187248e-01,8.241975780578043864e-02,1.733313309760126653e-01,6.188649364479091586e-02,4.333283274400316631e-02,5.527871448660013481e-02,2.912064657938209095e-02,5.441861100113315475e-02,8.110912392316409203e-02,9.876172402965309460e-02,5.765423839884227519e-02,1.758570316873045991e-01,1.704643193577893845e-01,4.098461370431553258e-02,1.207557988723087644e-01,3.773942960121233758e-01,1.715155569511379319e-01,2.203639739511515927e-01,1.450298305732657944e-01,2.831515283902412417e-02,1.068985760508962823e-01
3.444509672751102508e-02,5.391347085887476798e-02,4.069791254249320589e-02,2.456073286277936363e-02,8.880909798353515960e-02,1.078952038991358026e-01,0.000000000000000000e+00,2.218520895053722325e-02,1.561975234480593167e-01,8.211940420768086557e-02,1.103389899927642026e-01,6.154518273785956894e-02,1.798435430802626800e-01,5.376329405982497450e-02,3.590590740917716517e-02,5.246631261348587427e-02,3.683427307603041878e-02,7.231695496061271711e-02,5.873278086474531534e-02,1.090420085464251093e-01,5.342198315289363453e-02,1.931410160143077481e-01,1.350772045271478594e-01,5.665761055060275497e-02,1.551053285458790232e-01,2.857045339740876821e-01,1.602796018949581569e-01,2.334020505959288339e-01,1.852362554097778669e-01,3.507310879626469174e-02,1.072671918303821359e-01,5.192021516239572754e-02,3.318907259000368482e-02,5.739484210957445515e-02,2.973500621185850776e-02,6.144961568391879569e-02,2.868376861850997425e-02,1.453984463527516549e-02,4.665037475937581363e-02,3.318907259000368482e-02,3.949649815009488585e-02,3.294332873701311809e-02,4.345570467049845315e-02,1.438966783622537375e-02,9.065217688096441351e-03,3.410378582057968511e-02,5.856895162941826855e-02,8.314333692847489243e-02,2.770079320654770735e-02,8.523215967889469225e-02,1.001542725299329611e-01,1.194042076808606440e-01,2.815132360369708084e-02,1.681570576269335315e-01,9.069313418979617347e-02,1.338894425710268066e-01,9.065217688096441351e-02,1.889360656409136141e-01,6.755225469985118303e-02,4.695072835747539364e-02,6.007071961991617554e-02,3.187843870738733126e-02,5.856895162941826855e-02,8.680218985077886584e-02,1.059565579477657754e-01,6.273294469398063566e-02,1.887585839693093348e-01,1.839256215271615202e-01,4.404275943042035985e-02,1.314866137862301665e-01,4.111431184894944746e-01,1.844580665419744137e-01,2.383988422734036883e-01,1.550234139282155033e-01,2.987153057463104444e-02,1.162777997733695640e-01
6.662388903299793462e-03,1.025297964421750981e-02,7.699974060371073646e-03,4.641828334266249849e-03,1.676519174846751239e-02,2.035578248938522961e-02,2.218520895053722325e-02,0.000000000000000000e+00,2.938004286864991099e-02,1.524977132169235555e-02,2.049230685215776629e-02,1.179570494354717676e-02,3.400821876663890492e-02,1.013010771772222818e-02,6.771608393517823503e-03,9.938973609840676474e-03,6.908132756290360187e-03,1.351591191448113863e-02,1.107212582085273164e-02,2.062883121493030297e-02,1.022567477166300316e-02,3.667044384070337198e-02,2.574849481890043382e-02,1.094925389435744828e-02,2.916160388821385091e-02,5.429573907463786792e-02,3.045858533455295114e-02,4.393353994020232633e-02,3.510041366881919839e-02,6.580474285636271799e-03,2.034213005310797628e-02,9.665924884295603106e-03,6.252815814982183411e-03,1.084003440413941824e-02,5.583846437396753314e-03,1.145439403661583332e-02,5.351755020683440778e-03,2.744139691727988731e-03,8.628339727224322922e-03,6.239163378704930089e-03,7.372315589716985258e-03,6.225510942427675901e-03,8.054937403579669544e-03,2.689529946618974144e-03,1.624639916993187534e-03,6.348382868922959263e-03,1.108577825712998496e-02,1.598700288066405573e-02,5.160620912801889074e-03,1.601430775321856237e-02,1.893592911655084948e-02,2.245825767608229662e-02,5.324450148128933268e-03,3.170095703578303808e-02,1.686075880240828911e-02,2.531161685802831365e-02,1.720206970933963256e-02,3.589225497289991185e-02,1.268311330156866520e-02,8.996955506710173009e-03,1.130421723756604331e-02,5.938809780605349212e-03,1.108577825712998496e-02,1.632831378759539570e-02,2.009638620011740956e-02,1.194588174259696677e-02,3.591955984545441849e-02,3.538711483064152508e-02,8.205114202629459549e-03,2.486108646087894364e-02,7.762775267246439792e-02,3.474545032561060509e-02,4.495747266099635320e-02,2.950291479514519435e-02,5.638456182505768334e-03,2.202137971521017992e-02
4.543530793070023333e-02,7.256269881360329077e-02,5.433669638346962788e-02,3.211053012410064467e-02,1.181208786707988040e-01,1.433096236023318482e-01,1.561975234480593167e-01,2.938004286864991099e-02,0.000000000000000000e+00,1.085914781492757358e-01,1.455213182792469417e-01,8.061763621718295858e-02,2.388493726705530618e-01,7.149780878397750394e-02,4.746952093601103373e-02,7.063770529851051694e-02,4.879380725490464060e-02,9.736917552937321418e-02,7.891108168252625177e-02,1.464496839461001954e-01,7.007795541114311688e-02,2.612939779103580773e-01,1.812770488893743204e-01,7.500648490723169082e-02,2.071893729436017906e-01,3.819815146012806029e-01,2.140428959547831245e-01,3.127090529304954458e-01,2.484470353734623826e-01,4.718281977418870704e-02,1.435007577102133947e-01,6.824852894999113018e-02,4.396084481275683992e-02,7.649460046145234449e-02,3.952380302264939249e-02,8.157330675659071884e-02,3.751689488989309873e-02,1.915436809698690609e-02,6.028915860035223562e-02,4.428850328341092657e-02,5.202943465261376105e-02,4.325091812633964639e-02,5.759962865373326191e-02,1.897688642538260945e-02,1.193222930631971344e-02,4.532608844048220675e-02,7.852881346676314489e-02,1.116086665665488031e-01,3.668409627698062531e-02,1.124551176157385229e-01,1.348724179829890735e-01,1.581498218357065833e-01,3.755785219872486563e-02,2.265758324573020066e-01,1.187352383032752173e-01,1.774953240405750532e-01,1.185714090679481775e-01,2.506041203052684629e-01,8.939615274345706630e-02,6.237798135077204237e-02,7.981214247682498486e-02,4.211776591532759295e-02,7.899299630018977170e-02,1.164689338812511105e-01,1.427498737149644481e-01,8.277472114898903888e-02,2.540172293745818766e-01,2.466585662211421559e-01,5.855529919314101522e-02,1.759799036137998929e-01,5.458107499283246788e-01,2.481193769028083029e-01,3.185932529659917800e-01,2.096604639097847111e-01,4.065695523366144593e-02,1.544363591682935688e-01
2.371428181358963341e-02,3.739402296339781884e-02,2.804210411347905080e-02,1.705189291028984255e-02,6.254181058609908916e-02,7.463786912774585114e-02,8.211940420768086557e-02,1.524977132169235555e-02,1.085914781492757358e-01,0.000000000000000000e+00,7.689052111349270469e-02,4.225429027810012617e-02,1.246877005201578181e-01,3.777629117916091878e-02,2.477917184321542024e-02,3.654757191420809209e-02,2.537987903941458373e-02,5.045940448072958745e-02,4.101191857687003922e-02,7.589389326525318447e-02,3.680696820347591214e-02,1.345311070760577266e-01,9.309596297459281355e-02,3.915518724316354587e-02,1.077040697912542561e-01,1.981105028192280959e-01,1.104072521741504831e-01,1.631329610769041705e-01,1.285922972954523791e-01,2.473821453438366028e-02,7.458325938263683785e-02,3.583764522779089856e-02,2.309992218111322007e-02,4.005624803746228590e-02,2.054691659726678304e-02,4.318265594495337978e-02,2.012369107267191967e-02,1.008915040889046648e-02,3.213783499665515131e-02,2.303165999972694999e-02,2.737313473589362070e-02,2.271765396535011666e-02,3.064971944243450111e-02,1.000723579122694482e-02,6.307425560091198431e-03,2.378254399497590349e-02,4.073886985132496585e-02,5.698526902125684163e-02,1.922263027837317617e-02,5.953827460510328212e-02,6.894480320013106345e-02,8.351195270796073211e-02,1.946837413136374290e-02,1.160047510478244837e-01,6.311521290974374254e-02,9.286387155787950709e-02,6.281485931164416947e-02,1.315139186587846731e-01,4.722377708302046700e-02,3.250645077614100487e-02,4.136688192007863946e-02,2.204868458776468657e-02,4.077982716015673276e-02,6.067142681611533556e-02,7.361393640695182428e-02,4.391988750392507301e-02,1.307220773547039527e-01,1.274727975207175790e-01,3.055415238849372786e-02,9.132114625854984014e-02,2.851720889592747610e-01,1.279642852266986985e-01,1.666962469452673845e-01,1.078132892814722826e-01,2.109301404835692978e-02,8.074050814367823847e-02
3.211053012410064467e-02,5.045940448072958745e-02,3.815855939492402565e-02,2.289513563695441331e-02,8.366212950701053253e-02,1.007822845986866417e-01,1.103389899927642026e-01,2.049230685215776629e-02,1.455213182792469417e-01,7.687686867721545136e-02,0.000000000000000000e+00,5.708083607519762182e-02,1.685666307152511312e-01,5.082802026021543407e-02,3.339385913416249158e-02,4.914877059811323390e-02,3.425396261962947164e-02,6.785260829795076998e-02,5.541523884937266803e-02,1.019427416822532018e-01,4.980408753942140720e-02,1.812087867079880399e-01,1.260802490204376847e-01,5.278031864786271454e-02,1.451936598085928343e-01,2.669733914016956255e-01,1.495897442898685148e-01,2.200909252256064985e-01,1.736589894466667450e-01,3.347577375182601150e-02,1.008368943437956550e-01,4.811118544104195371e-02,3.105929253075211116e-02,5.404999522164730119e-02,2.789192731442926079e-02,5.799554930577361517e-02,2.681338484852622064e-02,1.354321678703564701e-02,4.241811951342717296e-02,3.100468278564309788e-02,3.669774871325787863e-02,3.047223777083020446e-02,4.099826614059278590e-02,1.337938755170860194e-02,8.478162928174532917e-03,3.211053012410064467e-02,5.491009870711428126e-02,7.784619165290046494e-02,2.583040943656395375e-02,8.009884363864731849e-02,9.362840798940570697e-02,1.118544104195393629e-01,2.643111663276311724e-02,1.578904255464387563e-01,8.472701953663631935e-02,1.256433710595655784e-01,8.415361721299165210e-02,1.770720985159801864e-01,6.382513959616092913e-02,4.398814968531134656e-02,5.615247040834436820e-02,2.980326839324477436e-02,5.491009870711428126e-02,8.206479446257185228e-02,9.988122380438789472e-02,5.910139664423116196e-02,1.780277690553879466e-01,1.726214042895954648e-01,4.132592461124687949e-02,1.229401886766693514e-01,3.831146668122926702e-01,1.734815077750624657e-01,2.249102352314770459e-01,1.461356779117233551e-01,2.883394541755976426e-02,1.089054841836525761e-01
1.810313050363837259e-02,2.796018949581552740e-02,2.105205673952516982e-02,1.277868035550944019e-02,4.659576501426679340e-02,5.553811077586795486e-02,6.154518273785956894e-02,1.179570494354717676e-02,8.061763621718295858e-02,4.225429027810012617e-02,5.708083607519762182e-02,0.000000000000000000e+00,9.361475555312845365e-02,2.800114680464729083e-02,1.866288039100577612e-02,2.730487255450735062e-02,1.901784373421436941e-02,3.721654129179351872e-02,3.043128046199844450e-02,5.626168989856240171e-02,2.804210411347905080e-02,9.999044329460592129e-02,7.054213824456974369e-02,2.962578672164047772e-02,8.037189236419238492e-02,1.491119090201646347e-01,8.289759307548431877e-02,1.204417928379319241e-01,9.567627343099376069e-02,1.810313050363837259e-02,5.579750706513577491e-02,2.704547626523953058e-02,1.728398432700315249e-02,3.010362199134435437e-02,1.548186273840566896e-02,3.196035332505085813e-02,1.496307015987002886e-02,7.618059442707551115e-03,2.432864144606605022e-02,1.727033189072589917e-02,2.058787390609854301e-02,1.732494163583491592e-02,2.234903818586426658e-02,7.426925334825999411e-03,4.655480770543503170e-03,1.761164279765724261e-02,3.045858533455295114e-02,4.356492416071647972e-02,1.438966783622537375e-02,4.457520444523325326e-02,5.159255669174164088e-02,6.251450571354458252e-02,1.460810681666143383e-02,8.669297036056083927e-02,4.673228937703933356e-02,6.951820552377571683e-02,4.746952093601103373e-02,9.876172402965309460e-02,3.511406610509645171e-02,2.446516580883858691e-02,3.096372547681133791e-02,1.642388084153617242e-02,3.036301828061217442e-02,4.477999098939206002e-02,5.460974510901470125e-02,3.287506655562685148e-02,9.784701079907709431e-02,9.645446229879721389e-02,2.270400152907286334e-02,6.813930945977308973e-02,2.136333228664655248e-01,9.540322470544868039e-02,1.235272434365912581e-01,8.034458749163787827e-02,1.538629568446489224e-02,6.061681707100632227e-02
5.253457479487214782e-02,8.277472114898903888e-02,6.224145698799950915e-02,3.761246194383387892e-02,1.367701066255273268e-01,1.657269239695823848e-01,1.798435430802626800e-01,3.400821876663890492e-02,2.388493726705530618e-01,1.246877005201578181e-01,1.685666307152511312e-01,9.361475555312845365e-02,0.000000000000000000e+00,8.280202602154354552e-02,5.484183652572801465e-02,8.041284967302414488e-02,5.619342771717612817e-02,1.108304776987453361e-01,9.010607942987426677e-02,1.671740822149712646e-01,8.180539817330402530e-02,2.970906658293172575e-01,2.070801534533837640e-01,8.663836061545182599e-02,2.383305800920174078e-01,4.378063265389708913e-01,2.451567982306442628e-01,3.592092508908214521e-01,2.847761683072344008e-01,5.433669638346962788e-02,1.636927109642715705e-01,7.911586822668505159e-02,5.059592884350212066e-02,8.786707988040465267e-02,4.540800305814572668e-02,9.414720056794134706e-02,4.376971070487528648e-02,2.206233702404193989e-02,7.078788209756030347e-02,5.077341051510642078e-02,6.002976231108441557e-02,5.011809357379824748e-02,6.654197441533442337e-02,2.204868458776468657e-02,1.370704602236269033e-02,5.238439799582235434e-02,8.975111608666566654e-02,1.275547121383810989e-01,4.219968053299111288e-02,1.300394555408412589e-01,1.534670361926085691e-01,1.827378595710404396e-01,4.295056452824006638e-02,2.572801616448455175e-01,1.380807405081436734e-01,2.050595928843502169e-01,1.382582221797479805e-01,2.894999112591641888e-01,1.033762474913648283e-01,7.183911969090883698e-02,9.193550589102625348e-02,4.886206943629090721e-02,9.009242699359701345e-02,1.335481316640954597e-01,1.625049490081505177e-01,9.618141357325214746e-02,2.896091307493822153e-01,2.817589798899613474e-01,6.759321200868294299e-02,2.012232582904419365e-01,6.290496539107404139e-01,2.824825590126557873e-01,3.656258959411307075e-01,2.381940557292448746e-01,4.622714923478094678e-02,1.782325555995467325e-01
1.563203953745545896e-02,2.479282427949267703e-02,1.858096577334225272e-02,1.124960749245702829e-02,4.068426010621595257e-02,4.976313023058964724e-02,5.376329405982497450e-02,1.013010771772222818e-02,7.149780878397750394e-02,3.777629117916091878e-02,5.082802026021543407e-02,2.800114680464729083e-02,8.280202602154354552e-02,0.000000000000000000e+00,1.650579545919969582e-02,2.408289759307548350e-02,1.696997829262631916e-02,3.321637746255819146e-02,2.712739088290305398e-02,5.009078870124373389e-02,2.445151337256133359e-02,8.898657965513945278e-02,6.179092659085013567e-02,2.592597649050473047e-02,7.110188813193714374e-02,1.311862601881305657e-01,7.365489371578358424e-02,1.084139964776714427e-01,8.530042186028097273e-02,1.656040520430870910e-02,4.906685598044971397e-02,2.352314770570808344e-02,1.509959452264256555e-02,2.604884841700001383e-02,1.343399729681761696e-02,2.808306142231081076e-02,1.313364369871803695e-02,6.744303520963315993e-03,2.105205673952516982e-02,1.494941772359277554e-02,1.769355741532076254e-02,1.484019823337474550e-02,2.021925812661269292e-02,6.594126721913525120e-03,4.123035755730609757e-03,1.538629568446489224e-02,2.699086652013051729e-02,3.815855939492402565e-02,1.268311330156866520e-02,3.920979698827255916e-02,4.606331999945389999e-02,5.467800729040097479e-02,1.287424740945021691e-02,7.746392343713735806e-02,4.181741231722800600e-02,6.183188389968189563e-02,4.133957704752413281e-02,8.704793370376943951e-02,3.122312176607915796e-02,2.159815419061531655e-02,2.759157371632967731e-02,1.470367387060220882e-02,2.690895190246699389e-02,4.026103458162109267e-02,4.886206943629090721e-02,2.875203079989624086e-02,8.704793370376943951e-02,8.412631234043714545e-02,2.000081914617663631e-02,6.035742078173850222e-02,1.877756085573470679e-01,8.495911095334962582e-02,1.102980326839324426e-01,7.133397954865045021e-02,1.413027154695755544e-02,5.287588570180348779e-02
1.067620516881237491e-02,1.645118571409067906e-02,1.258754624762788848e-02,7.426925334825999411e-03,2.716834819173481394e-02,3.290237142818135813e-02,3.590590740917716517e-02,6.771608393517823503e-03,4.746952093601103373e-02,2.477917184321542024e-02,3.339385913416249158e-02,1.866288039100577612e-02,5.484183652572801465e-02,1.650579545919969582e-02,0.000000000000000000e+00,1.595969800810954561e-02,1.112673556596174666e-02,2.196676997010116317e-02,1.821234999385640263e-02,3.321637746255819146e-02,1.636927109642715913e-02,5.873278086474531534e-02,4.163993064562371282e-02,1.758433792510273597e-02,4.723742951929772033e-02,8.715715319398746608e-02,4.901224623534069375e-02,7.107458325938263710e-02,5.648012887899845486e-02,1.068985760508962823e-02,3.299793848212213138e-02,1.574125902767348900e-02,1.021202233538574984e-02,1.759799036137998929e-02,9.037912815541932973e-03,1.881305719005556612e-02,8.764864089996859606e-03,4.327822299889415650e-03,1.406200936557128536e-02,1.014376015399948150e-02,1.204144879653774175e-02,1.002088822750419814e-02,1.322921075265881194e-02,4.327822299889415650e-03,2.730487255450734976e-03,1.051237593348532985e-02,1.783008177809329922e-02,2.569388507379141706e-02,8.423553183065517896e-03,2.611711059838628043e-02,3.084085355031605455e-02,3.641104755143555194e-02,8.655644599778831300e-03,5.151064207407812096e-02,2.729122011823009730e-02,4.109383319453356609e-02,2.749600666238890406e-02,5.766789083511952851e-02,2.066978852376206641e-02,1.436236296367086711e-02,1.826695973896541939e-02,9.679577320572856428e-03,1.792564883203407594e-02,2.654033612298114728e-02,3.258836539380452479e-02,1.930454489603669610e-02,5.796824443321910852e-02,5.683509222220705509e-02,1.354321678703564701e-02,4.023372970906658602e-02,1.250972736084754455e-01,5.658934836921648837e-02,7.302688164702991758e-02,4.798831351454667382e-02,9.201742050868978035e-03,3.553729162969131855e-02
1.529072863052411725e-02,2.436959875489781019e-02,1.840348410173795607e-02,1.082638196786216492e-02,3.968763225797643929e-02,4.857536827446858052e-02,5.246631261348587427e-02,9.938973609840676474e-03,7.063770529851051694e-02,3.654757191420809209e-02,4.914877059811323390e-02,2.730487255450735062e-02,8.041284967302414488e-02,2.408289759307548350e-02,1.595969800810954561e-02,0.000000000000000000e+00,1.642388084153617242e-02,3.249279833986375154e-02,2.663590317692192053e-02,4.946277663249006723e-02,2.357775745081709673e-02,8.822204322361325290e-02,6.108099990443294908e-02,2.543448878452359702e-02,6.934072385217142365e-02,1.284830778052343525e-01,7.268557074009857066e-02,1.052602836976258421e-01,8.400344041394186556e-02,1.613717967971384573e-02,4.830231954892350715e-02,2.281322101929089338e-02,1.482654579709749218e-02,2.568023263751416374e-02,1.322921075265881194e-02,2.735948229961636738e-02,1.256024137507338184e-02,6.484907231695495947e-03,2.041039223449424636e-02,1.489480797848376052e-02,1.748877087116195925e-02,1.455349707155241881e-02,1.934550220486845953e-02,6.389340177754720095e-03,4.041121138067088094e-03,1.512689939519707219e-02,2.644476906904037056e-02,3.777629117916091878e-02,1.239641213974633852e-02,3.787185823310169897e-02,4.531243600420495343e-02,5.312162955479405452e-02,1.269676573784591853e-02,7.619424686335277142e-02,4.016546752768031248e-02,5.997515256597539535e-02,4.023372970906658602e-02,8.465875735525003887e-02,3.014457930017611781e-02,2.118858110229770650e-02,2.689529946618974057e-02,1.417122885578931540e-02,2.643111663276311724e-02,3.946919327754037921e-02,4.820675249498272696e-02,2.808306142231081076e-02,8.603765341925266597e-02,8.321159910986115904e-02,1.959124605785902626e-02,5.927887831583546208e-02,1.838437069094980003e-01,8.336177590891094558e-02,1.073354540117684025e-01,7.054213824456974369e-02,1.378896064002621200e-02,5.209769683400002765e-02
1.066255273253512159e-02,1.684710636613103579e-02,1.276502791923218687e-02,7.631711878984804437e-03,2.793288462326102076e-02,3.354403593321228505e-02,3.683427307603041878e-02,6.908132756290360187e-03,4.879380725490464060e-02,2.537987903941458373e-02,3.425396261962947164e-02,1.901784373421436941e-02,5.619342771717612817e-02,1.696997829262631916e-02,1.112673556596174666e-02,1.642388084153617242e-02,0.000000000000000000e+00,2.254017229374582001e-02,1.844444141056971603e-02,3.418570043824320503e-02,1.653310033175420246e-02,6.075334143377885548e-02,4.218602809671385956e-02,1.752972817999371921e-02,4.852075852935956723e-02,8.939615274345706630e-02,4.999522164730296064e-02,7.339549742651575726e-02,5.796824443321910852e-02,1.120865018362526833e-02,3.377612734992559151e-02,1.613717967971384573e-02,1.048507106093082321e-02,1.814408781247013602e-02,9.297309104809753019e-03,1.945472169508648957e-02,9.010607942987426330e-03,4.491651535216458976e-03,1.422583860089833042e-02,1.051237593348532985e-02,1.234180239463732350e-02,1.015741259027673482e-02,1.370704602236269033e-02,4.477999098939205655e-03,2.867011618223272093e-03,1.064890029625786654e-02,1.830791704779717935e-02,2.595328136305923711e-02,8.696601908610591264e-03,2.662225074064466721e-02,3.115485958469288788e-02,3.743498027222957880e-02,8.887736016492142968e-03,5.276666621158545428e-02,2.817862847625158748e-02,4.185836962605977291e-02,2.804210411347905080e-02,5.918331126189468189e-02,2.133875790134749650e-02,1.455349707155241881e-02,1.866288039100577612e-02,9.938973609840676474e-03,1.830791704779717935e-02,2.740043960844812734e-02,3.321637746255819146e-02,1.975507529318606958e-02,5.941540267860799529e-02,5.780441519789206173e-02,1.367974114980818369e-02,4.113479050336532605e-02,1.280052425355304724e-01,5.779076276161480841e-02,7.514300927000423791e-02,4.869824020096386041e-02,9.584010266632079708e-03,3.645200486026731190e-02
2.086092263164361638e-02,3.351673106065777147e-02,2.531161685802831365e-02,1.499037503242453551e-02,5.474626947178724140e-02,6.663754146927519662e-02,7.231695496061271711e-02,1.351591191448113863e-02,9.736917552937321418e-02,5.045940448072958745e-02,6.785260829795076998e-02,3.721654129179351872e-02,1.108304776987453361e-01,3.321637746255819146e-02,2.196676997010116317e-02,3.249279833986375154e-02,2.254017229374582001e-02,0.000000000000000000e+00,3.658852922303985206e-02,6.794817535189154323e-02,3.245184103103198464e-02,1.206465793820907378e-01,8.325255641869291900e-02,3.467718814422433848e-02,9.525304790639889385e-02,1.761437328491269327e-01,9.910303493658442764e-02,1.447840867202752346e-01,1.150900378172484834e-01,2.204868458776468657e-02,6.636449274373011631e-02,3.160538998184225790e-02,2.057422146982128969e-02,3.526424290414624518e-02,1.832156948407443267e-02,3.796742528704247222e-02,1.751607574371646589e-02,8.887736016492142968e-03,2.819228091252884080e-02,2.060152634237579633e-02,2.426037926467978362e-02,2.004177645500839627e-02,2.701817139268502393e-02,8.846778707660381269e-03,5.611151309951260824e-03,2.086092263164361638e-02,3.631548049749477869e-02,5.137411771130558080e-02,1.709285021912160252e-02,5.209769683400002765e-02,6.229606673310852244e-02,7.319071088235695743e-02,1.750242330743921257e-02,1.047961008641992153e-01,5.564733026608598143e-02,8.217401395278987886e-02,5.499201332477780813e-02,1.162504949008150573e-01,4.177645500839624604e-02,2.879298810872800082e-02,3.708001692902098551e-02,1.959124605785902626e-02,3.632913293377203201e-02,5.406364765792455451e-02,6.610509645446230320e-02,3.854082761068712559e-02,1.178341775089764704e-01,1.136155746993050969e-01,2.700451895640777061e-02,8.170983111936325205e-02,2.529932966537878913e-01,1.145848976749900966e-01,1.481016287356478889e-01,9.676846833317405416e-02,1.894958155282810280e-02,7.168894289185905044e-02
1.716111240050786912e-02,2.707278113779404069e-02,2.091553237675263313e-02,1.206875366909225013e-02,4.476633855311480670e-02,5.471896459923273476e-02,5.873278086474531534e-02,1.107212582085273164e-02,7.891108168252625177e-02,4.101191857687003922e-02,5.541523884937266803e-02,3.043128046199844450e-02,9.010607942987426677e-02,2.712739088290305398e-02,1.821234999385640263e-02,2.663590317692192053e-02,1.844444141056971603e-02,3.658852922303985206e-02,0.000000000000000000e+00,5.530601935915464146e-02,2.671781779458544392e-02,9.862519966688056139e-02,6.897210807268557009e-02,2.865646374595546414e-02,7.777792947151419833e-02,1.431867516758365544e-01,8.158695919286797216e-02,1.183393176512348571e-01,9.407893838655508045e-02,1.844444141056971603e-02,5.493740357966879484e-02,2.522970224036479372e-02,1.654675276803145578e-02,2.944830505003617760e-02,1.493576528731552222e-02,3.075893893265253115e-02,1.414392398323480876e-02,7.290400972053462728e-03,2.240364793097328333e-02,1.662866738569497571e-02,1.972777042063156294e-02,1.643753327781342574e-02,2.184389804360587981e-02,7.044657119062896870e-03,4.614523461711742339e-03,1.747511843488470593e-02,2.946195748631343092e-02,4.282769260174477954e-02,1.384357038513522702e-02,4.232255245948639277e-02,5.048670935328409409e-02,5.959288435021229541e-02,1.447158245388889715e-02,8.540964135049899930e-02,4.495747266099635320e-02,6.755225469985118303e-02,4.503938727865988007e-02,9.537591983289417374e-02,3.395360902152989163e-02,2.385080617636217010e-02,3.010362199134435437e-02,1.595969800810954561e-02,2.947560992259068771e-02,4.486190560705557995e-02,5.456878780018294128e-02,3.189209114366458458e-02,9.710977924010540108e-02,9.401067620516881385e-02,2.251286742119130990e-02,6.595491965541250279e-02,2.052916843010635373e-01,9.417450544049585370e-02,1.211926768331808846e-01,7.968927055032970497e-02,1.576856390022799564e-02,5.863721381080453515e-02
3.161904241811951122e-02,5.058227640722486734e-02,3.819951670375578562e-02,2.238999549469603001e-02,8.248801998716670525e-02,1.008368943437956550e-01,1.090420085464251093e-01,2.062883121493030297e-02,1.464496839461001954e-01,7.589389326525318447e-02,1.019427416822532018e-01,5.626168989856240171e-02,1.671740822149712646e-01,5.009078870124373389e-02,3.321637746255819146e-02,4.946277663249006723e-02,3.418570043824320503e-02,6.794817535189154323e-02,5.530601935915464146e-02,0.000000000000000000e+00,4.903955110789520733e-02,1.831610850956353065e-01,1.266809562166368586e-01,5.254822723114940114e-02,1.443881660682348744e-01,2.670006962742501599e-01,1.501358417409586754e-01,2.185072426174450855e-01,1.737545565006075321e-01,3.344846887927150486e-02,1.005092358731415614e-01,4.740125875462476018e-02,3.054049995221647454e-02,5.310797711851680120e-02,2.733217742706186074e-02,5.713544582030663510e-02,2.613076303466353723e-02,1.339303998798585527e-02,4.195393668000054616e-02,3.088181085914781451e-02,3.615165126216773189e-02,3.014457930017611781e-02,4.022007727278933270e-02,1.316094857127254360e-02,8.341638565401996233e-03,3.142790831023796472e-02,5.506027550616407473e-02,7.837863666771335835e-02,2.568023263751416374e-02,7.866533782953567810e-02,9.413354813166409374e-02,1.103526424290414559e-01,2.634920201509959384e-02,1.584638278700834235e-01,8.321159910986115904e-02,1.244965664122762716e-01,8.273376384015727891e-02,1.761846901579586788e-01,6.273294469398063566e-02,4.379701557742979312e-02,5.586576924652204151e-02,2.938004286864991099e-02,5.495105601594604816e-02,8.196922740863106516e-02,1.002361871475964950e-01,5.821398828620967525e-02,1.788332627957459064e-01,1.730992395592993449e-01,4.053408330716616603e-02,1.230767130394418846e-01,3.813261976599724434e-01,1.732221114857946387e-01,2.236132537851379665e-01,1.469002143432495411e-01,2.869742105478722757e-02,1.077450271000860160e-01
1.572760659139623568e-02,2.421942195584802018e-02,1.849905115567872932e-02,1.115404043851625331e-02,4.050677843461165939e-02,4.899859379906344042e-02,5.342198315289363453e-02,1.022567477166300316e-02,7.007795541114311688e-02,3.680696820347591214e-02,4.980408753942140720e-02,2.804210411347905080e-02,8.180539817330402530e-02,2.445151337256133359e-02,1.636927109642715913e-02,2.357775745081709673e-02,1.653310033175420246e-02,3.245184103103198464e-02,2.671781779458544392e-02,4.903955110789520733e-02,0.000000000000000000e+00,8.697967152238317290e-02,6.169535953690936242e-02,2.600789110816825386e-02,7.013256515625213017e-02,1.294250959083648456e-01,7.234425983316722375e-02,1.055879421682799357e-01,8.364847707073327920e-02,1.586413095416877236e-02,4.873919750979562038e-02,2.356410501453984341e-02,1.504498477753355053e-02,2.623998252488156380e-02,1.346130216937212361e-02,2.782366513304299072e-02,1.306538151733176861e-02,6.512212104250003457e-03,2.107936161207967646e-02,1.509959452264256555e-02,1.793930126831132926e-02,1.505863721381080385e-02,1.948202656764099622e-02,6.416645050309227605e-03,4.041121138067088094e-03,1.560473466490095232e-02,2.625363496115881712e-02,3.804933990470599214e-02,1.238275970346908346e-02,3.845891299302360566e-02,4.514860676887790664e-02,5.400903791281554123e-02,1.273772304667768022e-02,7.567545428481713132e-02,4.069791254249320589e-02,6.095812797793766225e-02,4.121670512102884598e-02,8.580556200253935950e-02,3.055415238849372786e-02,2.143432495528826975e-02,2.711373844662580065e-02,1.441697270877988213e-02,2.655398855925840060e-02,3.930536404221333241e-02,4.787909402432864031e-02,2.880664054500525761e-02,8.530042186028097273e-02,8.403074528649637220e-02,2.012369107267191967e-02,5.919696369817194215e-02,1.855912187529864810e-01,8.341638565401995886e-02,1.081546001884036157e-01,7.061040042595601030e-02,1.363878384097642199e-02,5.290319057435799444e-02
