0.000000000000000000e+00,2.094975801492018549e-02,1.778122409690098549e-02,9.358538998368940917e-03,3.038851306184657194e-02,4.151180512847937182e-02,4.327655819674322557e-02,6.591085323136982449e-03,5.304954677932564866e-02,3.156501510735581356e-02,3.176555522874942999e-02,2.320917671595497042e-02,6.853124415091312038e-02,2.082943394208401286e-02,1.475975293457044285e-02,1.735340517126126442e-02,1.119013877376400477e-02,2.699270033958127077e-02,2.131073023342869993e-02,3.965346667023182670e-02,2.168507179336345847e-02,6.956068344073371157e-02,5.683307040295194901e-02,1.883740206957405447e-02,5.726088932859167702e-02,1.154977405812989688e-01,6.815690259097836878e-02,9.255595069386882146e-02,6.065670205085697819e-02,1.779459343832722959e-02,4.333003556244819504e-02,1.562876012727612909e-02,1.094949062809165950e-02,2.195245862188828501e-02,1.038797828818952343e-02,1.949249979945988018e-02,8.529639829941976573e-03,3.703307575068852213e-03,1.411802454611085778e-02,1.201903794219096738e-02,1.859675392390170920e-02,1.078905853097676323e-02,1.334260274338886117e-02,5.508168667611433068e-03,3.168533918019198273e-03,1.315543196342148190e-02,2.426535468862803940e-02,2.366373432444717623e-02,1.054841038530441970e-02,3.016123425760047078e-02,4.246102836974250533e-02,4.854407871868231944e-02,8.997566779860424746e-03,4.988101286130645212e-02,3.303564266424235951e-02,3.807588438193534874e-02,3.001417150191181688e-02,6.806331720099467741e-02,2.161822508623225184e-02,2.294178988743014388e-02,1.861012326532794983e-02,1.060188775100938570e-02,2.112355945346132413e-02,2.361025695874221370e-02,3.649830209363887079e-02,2.701943902243375550e-02,6.572368245140244869e-02,6.661942832696061967e-02,1.816893499826198466e-02,5.389181528917885711e-02,1.400171127570255802e-01,6.710072461830529633e-02,9.575122329474050620e-02,6.299633680044920692e-02,1.209925399074841638e-02,4.661889355330356421e-02
2.094975801492018549e-02,0.000000000000000000e+00,2.288831252172518135e-02,1.229979411214203629e-02,4.056258188721623831e-02,5.441321960480226955e-02,5.738121340142784271e-02,8.395946415679563304e-03,7.045642931629188255e-02,4.184603866413540152e-02,4.171234524987298825e-02,3.016123425760047078e-02,9.022968528570282642e-02,2.836974250648413229e-02,1.871707799673788183e-02,2.266103371747907672e-02,1.497366239739030512e-02,3.536190807240835454e-02,2.760769004518837458e-02,5.212706222091499642e-02,2.803550897082809565e-02,9.092489103986738097e-02,7.303671221155645654e-02,2.402470654295569413e-02,7.533623893686997031e-02,1.492954357068370930e-01,8.996229845717799989e-02,1.225968608786331127e-01,8.032300328885799701e-02,2.373058103157838286e-02,5.625818872162357404e-02,2.074921789352656559e-02,1.466616754458675322e-02,2.839648118933661355e-02,1.369020562047113497e-02,2.619053985400679116e-02,1.104307601807534914e-02,4.853070937725607360e-03,1.850316853391801783e-02,1.562876012727612909e-02,2.361025695874221370e-02,1.369020562047113497e-02,1.800850290114709013e-02,7.500200540121393193e-03,3.970694403593678749e-03,1.651113666140805944e-02,3.169870852161822683e-02,3.077622396320757112e-02,1.367683627904489434e-02,4.049573518008502820e-02,5.562982967459022959e-02,6.437337896735206844e-02,1.175165111366614085e-02,6.565683574427123859e-02,4.410545736517019338e-02,5.066980400545469110e-02,3.875772079467365572e-02,8.992219043289927105e-02,2.917190299205861190e-02,2.935907377202599117e-02,2.430546271290676130e-02,1.406454718040589351e-02,2.804887831225433975e-02,3.151153774165084409e-02,4.788898098879649373e-02,3.466670231824380000e-02,8.671354849060135261e-02,8.698093531912617915e-02,2.310222198454504189e-02,7.188694884889970660e-02,1.818364127383085005e-01,8.834460814460279310e-02,1.260327816251771427e-01,8.199417096713815245e-02,1.565549881012861383e-02,6.087061151367683526e-02
1.778122409690098549e-02,2.288831252172518135e-02,0.000000000000000000e+00,1.032113158105831680e-02,3.358378566271825322e-02,4.558945426348297997e-02,4.755474745314045709e-02,7.018904248776705254e-03,5.906575042113425267e-02,3.474691836680125073e-02,3.497419717104735537e-02,2.486697505280889911e-02,7.504211342549266250e-02,2.350330222733228169e-02,1.574908420011230173e-02,1.925185165378753491e-02,1.231316345356827692e-02,2.993395545335436614e-02,2.343645552020107506e-02,4.413219604802267465e-02,2.323591539880745516e-02,7.722131607797000363e-02,6.164603331639883360e-02,2.012085884649322115e-02,6.284927404476055302e-02,1.259124575523409839e-01,7.532286959544372273e-02,1.024492633492874172e-01,6.722104869114146897e-02,1.971977860370598135e-02,4.736757667317308129e-02,1.701917163560523125e-02,1.200566860076472675e-02,2.395785983582448750e-02,1.132383218802641804e-02,2.188561191475707837e-02,9.211476242680285281e-03,4.024171769298644750e-03,1.514746383593144202e-02,1.323564801197892916e-02,2.037487633359180705e-02,1.164469638225621058e-02,1.497366239739030512e-02,6.109789031792293643e-03,3.449290087970266743e-03,1.447899676461937568e-02,2.641781865825289580e-02,2.631086392684296379e-02,1.145752560228883131e-02,3.354367763843953132e-02,4.707345116179576655e-02,5.334367229070296340e-02,9.906681996844834623e-03,5.480093050616326872e-02,3.645819406936014195e-02,4.208668680980774679e-02,3.230032888579908307e-02,7.476135725554158840e-02,2.403807588438193477e-02,2.481349768710393311e-02,2.060215513783791169e-02,1.157784967512500394e-02,2.361025695874221370e-02,2.681889890104013560e-02,4.056258188721623831e-02,2.895799352923875136e-02,7.286291077301532138e-02,7.406615150137704773e-02,1.961282387229604934e-02,5.978769485815128848e-02,1.526244017219711702e-01,7.453407845129549070e-02,1.049626995374207811e-01,6.946709805075002020e-02,1.332923340196261880e-02,5.117783897965186291e-02
9.358538998368940917e-03,1.229979411214203629e-02,1.032113158105831680e-02,0.000000000000000000e+00,1.838284446108184866e-02,2.414503061579186677e-02,2.584293697692451736e-02,3.783523623626300347e-03,3.144469103451964093e-02,1.905131153239391500e-02,1.898446482526270837e-02,1.366346693761865370e-02,4.068290596005241094e-02,1.272761303778175909e-02,8.449423781384529306e-03,1.028102355677959316e-02,6.791625444530602351e-03,1.580256156581726773e-02,1.248696489210941556e-02,2.340971683734859379e-02,1.272761303778175909e-02,4.103050883713468128e-02,3.300890398138987825e-02,1.082916655525548860e-02,3.367737105270194459e-02,6.743495815396133297e-02,4.024171769298644230e-02,5.562982967459022959e-02,3.592342041231048888e-02,1.070884248241931597e-02,2.558891948982593145e-02,9.305061632663974916e-03,6.591085323136982449e-03,1.296826118345410263e-02,6.256851787480948411e-03,1.181849782079734748e-02,4.960025669135538495e-03,2.165833311051097460e-03,8.275622342843390669e-03,7.099120297334153389e-03,1.080242787240300560e-02,6.149897056071018143e-03,8.182036952859702769e-03,3.315596673707853041e-03,1.844969116821305356e-03,7.580416588678841328e-03,1.430519532607823704e-02,1.395759244899596324e-02,6.163266397497259644e-03,1.848979919249177720e-02,2.481349768710393311e-02,2.921201101633733380e-02,5.267520521939089533e-03,2.937244311345223180e-02,1.996042674937832662e-02,2.304874461884007589e-02,1.770100804834353822e-02,4.042888847295382504e-02,1.316880130484772253e-02,1.335597208481510180e-02,1.078905853097676323e-02,6.337067836038396546e-03,1.246022620925693256e-02,1.438541137463568605e-02,2.143105430626487257e-02,1.574908420011230173e-02,3.863739672183748308e-02,3.934597181742827132e-02,1.052167170245193670e-02,3.205968074012674474e-02,8.182036952859701728e-02,3.942618786598572206e-02,5.695339447578812164e-02,3.676568892216369733e-02,7.152597663039118522e-03,2.754084333805716794e-02
3.038851306184657194e-02,4.056258188721623831e-02,3.358378566271825322e-02,1.838284446108184866e-02,0.000000000000000000e+00,7.957432016898847993e-02,8.603171207786304564e-02,1.274098237920799973e-02,1.045883579774860295e-01,6.295622877617049196e-02,6.208722158346479530e-02,4.522848204497446206e-02,1.332923340196262019e-01,4.210005615123398742e-02,2.758095136233588984e-02,3.381106446696435786e-02,2.228669215754431818e-02,5.173935131955399724e-02,4.100377015428220001e-02,7.665980373806786929e-02,4.207331746838150616e-02,1.340142784566432377e-01,1.078103692612101955e-01,3.540201609668707644e-02,1.114869381534265569e-01,2.198855584373913818e-01,1.321158319741169429e-01,1.814487018369475013e-01,1.183454103050883693e-01,3.505441321960479917e-02,8.252894462418781940e-02,3.160512313163453546e-02,2.183213454905211237e-02,4.180593063985667962e-02,2.074921789352656559e-02,3.961335864595309786e-02,1.663146073424423207e-02,7.152597663039118522e-03,2.804887831225433975e-02,2.322254605738121452e-02,3.474691836680125073e-02,2.020107489505066842e-02,2.672531351105644423e-02,1.127035482232145204e-02,5.976095617529880374e-03,2.410492259151314140e-02,4.659215487045108295e-02,4.524185138640070269e-02,2.021444423647691252e-02,6.148560121928393907e-02,8.174015348003957349e-02,9.644642904890504687e-02,1.772774673119602296e-02,9.728869755875825531e-02,6.656595096125564326e-02,7.616513810529693118e-02,5.811652717987111916e-02,1.341479718709056301e-01,4.343699029385812704e-02,4.365089975667798411e-02,3.534853873098211391e-02,2.108345142918259876e-02,4.084333805716730548e-02,4.631139870050001578e-02,6.976122356212732800e-02,5.243455707371855179e-02,1.267012486964892160e-01,1.287066499104254080e-01,3.405171261263670313e-02,1.057514906815690270e-01,2.672531351105644770e-01,1.297895665659509479e-01,1.861413406775582202e-01,1.204711355918607479e-01,2.298189791170886925e-02,8.972165031150565462e-02
4.151180512847937182e-02,5.441321960480226955e-02,4.558945426348297997e-02,2.414503061579186677e-02,7.957432016898847993e-02,0.000000000000000000e+00,1.125431161260996293e-01,1.697906361132650588e-02,1.387470253215326577e-01,8.164656809005588212e-02,8.155298270007219075e-02,5.948020000534773311e-02,1.788149415759779648e-01,5.603090991737746940e-02,3.754111072488568873e-02,4.488087916789219173e-02,2.922538035776357790e-02,7.029599721917698107e-02,5.473408379903205861e-02,1.038797828818952412e-01,5.533570416321292179e-02,1.819433674697184533e-01,1.449102917190299156e-01,4.784887296451776489e-02,1.492419583411321027e-01,2.960373272012620793e-01,1.784272306746169656e-01,2.415973689136073077e-01,1.596433059707478841e-01,4.636487606620497831e-02,1.112462900077542116e-01,4.112409422711837265e-02,2.902484023636995800e-02,5.621808069734485214e-02,2.701943902243375550e-02,5.184630605096392925e-02,2.188561191475707837e-02,9.438755046926388184e-03,3.636460867937645058e-02,3.149816840022460346e-02,4.720714457605818676e-02,2.712639375384368404e-02,3.520147597529346001e-02,1.463942886173427022e-02,7.887911441482393232e-03,3.304901200566860014e-02,6.192678948634990077e-02,6.129843043931655633e-02,2.727345650953234141e-02,7.936041070616861592e-02,1.108585791063932124e-01,1.269418968421615612e-01,2.323591539880745516e-02,1.303510789058530961e-01,8.526965961656728099e-02,9.899997326131715347e-02,7.616513810529693118e-02,1.774646380919275845e-01,5.727425867001791765e-02,5.851760742265835896e-02,4.815636781732132027e-02,2.736704189951602931e-02,5.599080189309874750e-02,6.254177919195699764e-02,9.520308029626460555e-02,6.845102810235567659e-02,1.718495146929062412e-01,1.719965774485948951e-01,4.576325570202411513e-02,1.417952351667156885e-01,3.589400786117276088e-01,1.744030589053183200e-01,2.495521270622209076e-01,1.636942164228989971e-01,3.089654803604374375e-02,1.209123238589267096e-01
4.327655819674322557e-02,5.738121340142784271e-02,4.755474745314045709e-02,2.584293697692451736e-02,8.603171207786304564e-02,1.125431161260996293e-01,0.000000000000000000e+00,1.802187224257333076e-02,1.475173132971469847e-01,8.817080670606165793e-02,8.776972646327442507e-02,6.382523596887616779e-02,1.878927244043958333e-01,5.968074012674135648e-02,3.909195433032968542e-02,4.760822481884542656e-02,3.131099762025722766e-02,7.333083772293376434e-02,5.772881627851011999e-02,1.082649268697024048e-01,5.926629054252787604e-02,1.897109548383646704e-01,1.523436455520200961e-01,5.009492232412631613e-02,1.576780127810903931e-01,3.106901254044225902e-01,1.864220968475092943e-01,2.559961496296692673e-01,1.670098130966068684e-01,4.942645525281424979e-02,1.167277199925131626e-01,4.431936682799005045e-02,3.077622396320757112e-02,5.918607449397042530e-02,2.901147089494371389e-02,5.593732452739377803e-02,2.347656354447980043e-02,1.006711409395973089e-02,3.951977325596941343e-02,3.314259739565229151e-02,4.952004064279793422e-02,2.877082274927137209e-02,3.786197491911548474e-02,1.590951629722719973e-02,8.502901147089493572e-03,3.441268483114522103e-02,6.572368245140244869e-02,6.377175860317120526e-02,2.886440813925505999e-02,8.636594561351908228e-02,1.152437230942003760e-01,1.361533730848418500e-01,2.500066846707131238e-02,1.369154255461375869e-01,9.314420171662343706e-02,1.066606058985534317e-01,8.196743228428567118e-02,1.887216235728227942e-01,6.112462900077542116e-02,6.173961870638252497e-02,4.996122890986390286e-02,2.950613652771464507e-02,5.806304981416615663e-02,6.506858472151662298e-02,9.899997326131715347e-02,7.370517928286852982e-02,1.797106874515361497e-01,1.808738201556191472e-01,4.823658386587876407e-02,1.495628225353619056e-01,3.777908500227278865e-01,1.824246637610631439e-01,2.630952699270033834e-01,1.708468140859381312e-01,3.255434637289766897e-02,1.267413567207679448e-01
6.591085323136982449e-03,8.395946415679563304e-03,7.018904248776705254e-03,3.783523623626300347e-03,1.274098237920799973e-02,1.697906361132650588e-02,1.802187224257333076e-02,0.000000000000000000e+00,2.200593598759325101e-02,1.292815315917537899e-02,1.287467579347041299e-02,9.438755046926388184e-03,2.799540094654937375e-02,8.863873365598011478e-03,5.842402203267467106e-03,7.045642931629188255e-03,4.558945426348297823e-03,1.090938260381293587e-02,8.489531805663252939e-03,1.609668707719457900e-02,8.850504024171769110e-03,2.795529292227064838e-02,2.256744832749538882e-02,7.406615150137704426e-03,2.318243803310248916e-02,4.607075055482767051e-02,2.776812214230326911e-02,3.792882162624668790e-02,2.466643493141527921e-02,7.246183053022808157e-03,1.720634241557261052e-02,6.497499933153292814e-03,4.639161474905745958e-03,8.797026658466803109e-03,4.238081232118506153e-03,8.248883659990909403e-03,3.476028770822749310e-03,1.510735581165271752e-03,5.842402203267467106e-03,4.960025669135538495e-03,7.433353832990186559e-03,4.318297280675954287e-03,5.601754057595122703e-03,2.393112115297200363e-03,1.243348752640444999e-03,5.080349741971710263e-03,9.772988582582421355e-03,9.505601754057594818e-03,4.331666622102194920e-03,1.274098237920799973e-02,1.705927965988395315e-02,1.998716543223080788e-02,3.676568892216369212e-03,2.028129094360811915e-02,1.355651220620872170e-02,1.569560683440733573e-02,1.215273135645338065e-02,2.810235567795930228e-02,9.131260194122838014e-03,9.131260194122838014e-03,7.500200540121393193e-03,4.318297280675954287e-03,8.756918634188079475e-03,9.478863071205111818e-03,1.473301425171795985e-02,1.101633733522286614e-02,2.668520548677772233e-02,2.681889890104013560e-02,7.179336345891601523e-03,2.219310676756063028e-02,5.616460333163988267e-02,2.711302441241744340e-02,3.887804486750982835e-02,2.548196475841599945e-02,4.759485547741918593e-03,1.886414075242653574e-02
5.304954677932564866e-02,7.045642931629188255e-02,5.906575042113425267e-02,3.144469103451964093e-02,1.045883579774860295e-01,1.387470253215326577e-01,1.475173132971469847e-01,2.200593598759325101e-02,0.000000000000000000e+00,1.068878847027995432e-01,1.067274526056846418e-01,7.714110002941254596e-02,2.306478782855156673e-01,7.347790047862241825e-02,4.810289045161635080e-02,5.845076071552715580e-02,3.814273108906655191e-02,9.079119762560496076e-02,7.131206716757132469e-02,1.345089440894141619e-01,7.177999411748976766e-02,2.354608411989625449e-01,1.873846894301986754e-01,6.112462900077542116e-02,1.942565309232867077e-01,3.822695794005187553e-01,2.308484184069092837e-01,3.140458301024091625e-01,2.071178373753309043e-01,6.072354875798818136e-02,1.430786919436348448e-01,5.382496858204764700e-02,3.747426401775448557e-02,7.220781304312949567e-02,3.513462926816224990e-02,6.839755073665071405e-02,2.854354394502526746e-02,1.216610069787962302e-02,4.735420733174684066e-02,4.065616727719992274e-02,6.018877510093852828e-02,3.473354902537501010e-02,4.609748923768015177e-02,1.923848231236129427e-02,1.032113158105831680e-02,4.227385758977512953e-02,8.036311131313671197e-02,7.913313190192251823e-02,3.529506136527714444e-02,1.047621594160271646e-01,1.433728174550121526e-01,1.659001577582288334e-01,3.032166635471536531e-02,1.694697719190352558e-01,1.127971336131982083e-01,1.298965212973609007e-01,9.895986523703842463e-02,2.308083103826305549e-01,7.472124923126287344e-02,7.540308564400118041e-02,6.203374421775983277e-02,3.586994304660552635e-02,7.224792106740822450e-02,8.104494772587501894e-02,1.227439236343217666e-01,8.922698467873473038e-02,2.224792106740821895e-01,2.232680018182304216e-01,5.890531832401935813e-02,1.846573437792454475e-01,4.642102730019519452e-01,2.264900131019546015e-01,3.234578464664830677e-01,2.115965667531217453e-01,4.021497901013396103e-02,1.551913152758095105e-01
3.156501510735581356e-02,4.184603866413540152e-02,3.474691836680125073e-02,1.905131153239391500e-02,6.295622877617049196e-02,8.164656809005588212e-02,8.817080670606165793e-02,1.292815315917537899e-02,1.068878847027995432e-01,0.000000000000000000e+00,6.436000962592582086e-02,4.615096660338511431e-02,1.365678226690553165e-01,4.382470119521912622e-02,2.849006657932030145e-02,3.463996363539131873e-02,2.270114174175780208e-02,5.338378031498168530e-02,4.224711890692264826e-02,7.891922243910265422e-02,4.315623412390705294e-02,1.381988823230567709e-01,1.109120564720981889e-01,3.631113131367148805e-02,1.140137436829861822e-01,2.265969678333645265e-01,1.356185994277921969e-01,1.866761143346078733e-01,1.209524318832054385e-01,3.607048316799914278e-02,8.548356907938714500e-02,3.153827642450333230e-02,2.220647610898687091e-02,4.347709831813684894e-02,2.112355945346132413e-02,4.085670739859354611e-02,1.717960373272012578e-02,7.406615150137704426e-03,2.846332789646782019e-02,2.426535468862803940e-02,3.636460867937645058e-02,2.102997406347763276e-02,2.758095136233588984e-02,1.140404823658386531e-02,6.216743763202224778e-03,2.549533409984224008e-02,4.806278242733762890e-02,4.676595630899221812e-02,2.108345142918259876e-02,6.279579667905559048e-02,8.318404235407364511e-02,9.889301852990721453e-02,1.800850290114709013e-02,9.905345062702211600e-02,6.791625444530602351e-02,7.731490146795369500e-02,5.998823497954490491e-02,1.370892269846787359e-01,4.465360036364608709e-02,4.476055509505601909e-02,3.627102328939276615e-02,2.148453167196983857e-02,4.212679483408647563e-02,4.776865691596032110e-02,7.226129040883445820e-02,5.351747372924409857e-02,1.306050963929516751e-01,1.320890932912644755e-01,3.525495334099842254e-02,1.085724217225059463e-01,2.754351720634241607e-01,1.328377764111339787e-01,1.925051471964490946e-01,1.243749832883232209e-01,2.397122917725072813e-02,9.251584266959009262e-02
3.176555522874942999e-02,4.171234524987298825e-02,3.497419717104735537e-02,1.898446482526270837e-02,6.208722158346479530e-02,8.155298270007219075e-02,8.776972646327442507e-02,1.287467579347041299e-02,1.067274526056846418e-01,6.436000962592582086e-02,0.000000000000000000e+00,4.612422792053263304e-02,1.366881467418915030e-01,4.331666622102195441e-02,2.869060670071392136e-02,3.453300890398138673e-02,2.291505120457766262e-02,5.353084307067033920e-02,4.238081232118506153e-02,7.934704136474236835e-02,4.288884729538222640e-02,1.387202866386801903e-01,1.116340009091152108e-01,3.643145538650766069e-02,1.146287333885932791e-01,2.269445707104467969e-01,1.362068504505468125e-01,1.870771945773951062e-01,1.216342682959437455e-01,3.636460867937645058e-02,8.564400117650204647e-02,3.140458301024091209e-02,2.209952137757693891e-02,4.302254070964463967e-02,2.098986603919890739e-02,4.050910452151126884e-02,1.723308109842509178e-02,7.286291077301531791e-03,2.804887831225433975e-02,2.398459851867696876e-02,3.604374448514666152e-02,2.073584855210032496e-02,2.758095136233588984e-02,1.131046284660017567e-02,6.270221128907189911e-03,2.525468595416989828e-02,4.788898098879649373e-02,4.679269499184469938e-02,2.092301933206770076e-02,6.247493248482579448e-02,8.406641888820556852e-02,9.850530762854621536e-02,1.816893499826198466e-02,9.989571913687532445e-02,6.748843551966629550e-02,7.768924302788844660e-02,5.956041605390518384e-02,1.369689029118425494e-01,4.462686168079360582e-02,4.485414048503970352e-02,3.631113131367148805e-02,2.163159442765849247e-02,4.230059627262761079e-02,4.783550362309152426e-02,7.224792106740822450e-02,5.351747372924409857e-02,1.308457445386240203e-01,1.321292013155432044e-01,3.524158399957218191e-02,1.088531778924570204e-01,2.753950640391454319e-01,1.335730901895772482e-01,1.925987325864327859e-01,1.244953073611593936e-01,2.419850798149683277e-02,9.227519452391774735e-02
2.320917671595497042e-02,3.016123425760047078e-02,2.486697505280889911e-02,1.366346693761865370e-02,4.522848204497446206e-02,5.948020000534773311e-02,6.382523596887616779e-02,9.438755046926388184e-03,7.714110002941254596e-02,4.615096660338511431e-02,4.612422792053263304e-02,0.000000000000000000e+00,9.941442284553063391e-02,3.127088959597849882e-02,2.085617262493649413e-02,2.476002032139896711e-02,1.659135270996550671e-02,3.849033396614882918e-02,3.006764886761678288e-02,5.688654776865691848e-02,3.173881654589694873e-02,9.950800823551432528e-02,7.989518436321826900e-02,2.705954704671247740e-02,8.311719564694243501e-02,1.652450600283429938e-01,9.799727265434904355e-02,1.343485119922992466e-01,8.736864622048717832e-02,2.544185673413727755e-02,6.192678948634990077e-02,2.348993288590604106e-02,1.657798336853926607e-02,3.175218588732318936e-02,1.545495868873499219e-02,2.909168694350116463e-02,1.221957806358458729e-02,5.374475253349019800e-03,2.094975801492018549e-02,1.762079199978609095e-02,2.637771063397417043e-02,1.540148132303002793e-02,1.971977860370598135e-02,8.329099708548356670e-03,4.438621353512126055e-03,1.819567368111446939e-02,3.482713441535870147e-02,3.359715500414449385e-02,1.525441856734137229e-02,4.538891414208936353e-02,6.045616192946335482e-02,7.180673280034224892e-02,1.284793711061793173e-02,7.208748897029332303e-02,4.845049332869862807e-02,5.613786464878740140e-02,4.371774646380919421e-02,9.961496296692425034e-02,3.226022086152036117e-02,3.260782373860263844e-02,2.637771063397417043e-02,1.544158934730875156e-02,3.056231450038771058e-02,3.437257680686649219e-02,5.188641407524265114e-02,3.898499959891976036e-02,9.433407310355891584e-02,9.421374903072274321e-02,2.570924356266210409e-02,7.850477285488917378e-02,2.001791491751116203e-01,9.512286424770716176e-02,1.389475654429262741e-01,8.981523570148934599e-02,1.688547822134281798e-02,6.728789539827267907e-02
6.853124415091312038e-02,9.022968528570282642e-02,7.504211342549266250e-02,4.068290596005241094e-02,1.332923340196262019e-01,1.788149415759779648e-01,1.878927244043958333e-01,2.799540094654937375e-02,2.306478782855156673e-01,1.365678226690553165e-01,1.366881467418915030e-01,9.941442284553063391e-02,0.000000000000000000e+00,9.295703093665605432e-02,6.200700553490735151e-02,7.460092515842670080e-02,4.885157357148586788e-02,1.162731623840209672e-01,9.064413486991630686e-02,1.720634241557260913e-01,9.251584266959009262e-02,3.006497499933153406e-01,2.403139121366881514e-01,7.941388807187357846e-02,2.475199871654322203e-01,4.906147223187785622e-01,2.956629856413273139e-01,4.019759886627984891e-01,2.650471937752346130e-01,7.764913500360971776e-02,1.845370197064092610e-01,6.846439744378192416e-02,4.799593572020642573e-02,9.309072435091847453e-02,4.505468060643332689e-02,8.624562154068290964e-02,3.675231958073744976e-02,1.586940827294847436e-02,6.108452097649669926e-02,5.197999946522634251e-02,7.802347656354448324e-02,4.518837402069574016e-02,5.874488622690446360e-02,2.449263349287414057e-02,1.320890932912644790e-02,5.457365170191716408e-02,1.034118559319767844e-01,1.013529773523356298e-01,4.502794192358084563e-02,1.328511457525602402e-01,1.823711863953581536e-01,2.116634134602529416e-01,3.871761277039492688e-02,2.155405224738629333e-01,1.439343297949143008e-01,1.657129869782614506e-01,1.274499318163587191e-01,2.952619053985400810e-01,9.516297227198587672e-02,9.688761731597100857e-02,7.950747346185726983e-02,4.625792133479504631e-02,9.214150110965534102e-02,1.034385946148292795e-01,1.563410786384662743e-01,1.144950399743308589e-01,2.831893900906441441e-01,2.853284847188427564e-01,7.623198481242814128e-02,2.348592208347816679e-01,5.965934918045937563e-01,2.884970186368619460e-01,4.147838177491376954e-01,2.690045188374020624e-01,5.152544185673414018e-02,2.002326265408166106e-01
2.082943394208401286e-02,2.836974250648413229e-02,2.350330222733228169e-02,1.272761303778175909e-02,4.210005615123398742e-02,5.603090991737746940e-02,5.968074012674135648e-02,8.863873365598011478e-03,7.347790047862241825e-02,4.382470119521912622e-02,4.331666622102195441e-02,3.127088959597849882e-02,9.295703093665605432e-02,0.000000000000000000e+00,1.914489692237760290e-02,2.370384234872590160e-02,1.565549881012861383e-02,3.637797802080269816e-02,2.870397604214016546e-02,5.386507660632636890e-02,2.875745340784512799e-02,9.429396507928020088e-02,7.498863605978769997e-02,2.484023636995641438e-02,7.805021524639696451e-02,1.530254819647584030e-01,9.279659883954116673e-02,1.265140779165218332e-01,8.288991684269632343e-02,2.447926415144789994e-02,5.776892430278884188e-02,2.189898125618331901e-02,1.512072515307895902e-02,2.893125484638626663e-02,1.445225808176689268e-02,2.728682585095858204e-02,1.155111099227252094e-02,5.080349741971710263e-03,1.943902243375491418e-02,1.605657905291585363e-02,2.391775181154576213e-02,1.394422310756972087e-02,1.873044733816412247e-02,7.847803417203667864e-03,4.171234524987299519e-03,1.651113666140805944e-02,3.252760769004518770e-02,3.143132169309340029e-02,1.403780849755341051e-02,4.235407363833257333e-02,5.806304981416615663e-02,6.711409395973154390e-02,1.239337950212572592e-02,6.803657851814219615e-02,4.615096660338511431e-02,5.287574534078451349e-02,3.977379074306799933e-02,9.337148052086954864e-02,3.005427952619053877e-02,3.025481964758415868e-02,2.497392978421883111e-02,1.477312227599668522e-02,2.886440813925505999e-02,3.247413032434022517e-02,4.893178962004331861e-02,3.588331238803176698e-02,8.925372336158721165e-02,8.978849701863686472e-02,2.358351827588972896e-02,7.419984491563945406e-02,1.854193962405411844e-01,9.151314206262199658e-02,1.299232599802133681e-01,8.440065242386160516e-02,1.609668707719457900e-02,6.208722158346479530e-02
1.475975293457044285e-02,1.871707799673788183e-02,1.574908420011230173e-02,8.449423781384529306e-03,2.758095136233588984e-02,3.754111072488568873e-02,3.909195433032968542e-02,5.842402203267467106e-03,4.810289045161635080e-02,2.849006657932030145e-02,2.869060670071392136e-02,2.085617262493649413e-02,6.200700553490735151e-02,1.914489692237760290e-02,0.000000000000000000e+00,1.568223749298109509e-02,1.024091553250086953e-02,2.447926415144789994e-02,1.910478889809888101e-02,3.568277226663814361e-02,1.943902243375491418e-02,6.263536458194068901e-02,5.105751490681569027e-02,1.699243295275274651e-02,5.191315275809513935e-02,1.042808631246824741e-01,6.185994277921869761e-02,8.420011230246797485e-02,5.529559613893419295e-02,1.620364180860450753e-02,3.894489157464103152e-02,1.413139388753710014e-02,1.001363672825476663e-02,1.959945453086980871e-02,9.331800315516457917e-03,1.767426936549105695e-02,7.700740661515013963e-03,3.248749966576646407e-03,1.271424369635551672e-02,1.082916655525548860e-02,1.645765929570309344e-02,9.532340436910077819e-03,1.219283938073210428e-02,5.040241717692986630e-03,2.794192358084440601e-03,1.164469638225621058e-02,2.177865718334714984e-02,2.121714484344501203e-02,9.545709778336318452e-03,2.748736597235220194e-02,3.845022594187010034e-02,4.383807053664536685e-02,8.088451562876013134e-03,4.525522072782695027e-02,3.000080216048557277e-02,3.461322495253883746e-02,2.687237626674510160e-02,6.164603331639883360e-02,1.988021070082087588e-02,2.050856974785422032e-02,1.676515414850664534e-02,9.666033851172491087e-03,1.929195967806625681e-02,2.136420759913366593e-02,3.312922805422605088e-02,2.418513864007058867e-02,5.960052407818390574e-02,5.985454156528249164e-02,1.608331773576833490e-02,4.898526698574828114e-02,1.260996283323083389e-01,6.044279258803711419e-02,8.676702585630631515e-02,5.708708789005053491e-02,1.082916655525548860e-02,4.211342549266023499e-02
1.735340517126126442e-02,2.266103371747907672e-02,1.925185165378753491e-02,1.028102355677959316e-02,3.381106446696435786e-02,4.488087916789219173e-02,4.760822481884542656e-02,7.045642931629188255e-03,5.845076071552715580e-02,3.463996363539131873e-02,3.453300890398138673e-02,2.476002032139896711e-02,7.458755581700045323e-02,2.370384234872590160e-02,1.568223749298109509e-02,0.000000000000000000e+00,1.235327147784700055e-02,2.923874969918981853e-02,2.312896066739752315e-02,4.363753041525174348e-02,2.322254605738121452e-02,7.583090456964089454e-02,6.100430492793924853e-02,1.971977860370598135e-02,6.238134709484211005e-02,1.236530388513061851e-01,7.476135725554158840e-02,1.020749217893526517e-01,6.675312174122302600e-02,1.984010267654215398e-02,4.653867750474611348e-02,1.712612636701515978e-02,1.215273135645338065e-02,2.365036498302093559e-02,1.131046284660017567e-02,2.219310676756063028e-02,9.412016364073905184e-03,3.943955720741196616e-03,1.528115725019385529e-02,1.316880130484772253e-02,1.984010267654215398e-02,1.131046284660017567e-02,1.506724778737399476e-02,6.203374421775983277e-03,3.369074039412818609e-03,1.389074574186475661e-02,2.598999973261317126e-02,2.566913553838337872e-02,1.155111099227252094e-02,3.379769512553811722e-02,4.643172277333618841e-02,5.337041097355544467e-02,9.946790021123559991e-03,5.441321960480226955e-02,3.641808604508142005e-02,4.195299339554533352e-02,3.213989678868418853e-02,7.458755581700045323e-02,2.434557073718548667e-02,2.457284954143158784e-02,2.010748950506698052e-02,1.151100296799379731e-02,2.344982486162731569e-02,2.613706248830182516e-02,4.001443888874033766e-02,2.889114682210754126e-02,7.199390358030963166e-02,7.242172250594935967e-02,1.906468087382015564e-02,5.942672263964277057e-02,1.499371640952966711e-01,7.357148586860610961e-02,1.047755287574534122e-01,6.897243241797909596e-02,1.312869328056899890e-02,5.066980400545469110e-02
1.119013877376400477e-02,1.497366239739030512e-02,1.231316345356827692e-02,6.791625444530602351e-03,2.228669215754431818e-02,2.922538035776357790e-02,3.131099762025722766e-02,4.558945426348297823e-03,3.814273108906655191e-02,2.270114174175780208e-02,2.291505120457766262e-02,1.659135270996550671e-02,4.885157357148586788e-02,1.565549881012861383e-02,1.024091553250086953e-02,1.235327147784700055e-02,0.000000000000000000e+00,1.910478889809888101e-02,1.510735581165271839e-02,2.832963448220540692e-02,1.534800395732506192e-02,4.966710339848658812e-02,3.966683601165806733e-02,1.310195459771651590e-02,4.107061686141341011e-02,8.124548784726864925e-02,4.877135752292841714e-02,6.676649108264927357e-02,4.357068370812054031e-02,1.303510789058530926e-02,3.054894515896146995e-02,1.128372416374769441e-02,7.954758148613599866e-03,1.548169737158747519e-02,7.540308564400117694e-03,1.447899676461937568e-02,6.136527714644776643e-03,2.647129602395785833e-03,1.005374475253349026e-02,8.596486537073183207e-03,1.284793711061793173e-02,7.366507125858979925e-03,9.866573972566110989e-03,4.037541110724885383e-03,2.232680018182304528e-03,8.903981389876735111e-03,1.717960373272012578e-02,1.664483007567047271e-02,7.486831198695152560e-03,2.224658413326559628e-02,3.006764886761678288e-02,3.534853873098211391e-02,6.377175860317121046e-03,3.574961897376935371e-02,2.419850798149683277e-02,2.766116741089334058e-02,2.125725286772373740e-02,4.898526698574828114e-02,1.602984037006337237e-02,1.590951629722719973e-02,1.304847723201155163e-02,7.740848685793737596e-03,1.505387844594775239e-02,1.715286504986764451e-02,2.585630631835075799e-02,1.883740206957405447e-02,4.683280301612342822e-02,4.697986577181208212e-02,1.254044225781437982e-02,3.881119816037861825e-02,9.827802882430011766e-02,4.784887296451776489e-02,6.909275649081526860e-02,4.458675365651487699e-02,8.543009171368218940e-03,3.304901200566860014e-02
2.699270033958127077e-02,3.536190807240835454e-02,2.993395545335436614e-02,1.580256156581726773e-02,5.173935131955399724e-02,7.029599721917698107e-02,7.333083772293376434e-02,1.090938260381293587e-02,9.079119762560496076e-02,5.338378031498168530e-02,5.353084307067033920e-02,3.849033396614882918e-02,1.162731623840209672e-01,3.637797802080269816e-02,2.447926415144789994e-02,2.923874969918981853e-02,1.910478889809888101e-02,0.000000000000000000e+00,3.586994304660552635e-02,6.794299312815850478e-02,3.592342041231048888e-02,1.185726891093344809e-01,9.464156795636247121e-02,3.109708815743736365e-02,9.690098665739725614e-02,1.930265515120725139e-01,1.166341346025294851e-01,1.581726784138613451e-01,1.039733682718789326e-01,3.056231450038771058e-02,7.251530789593305104e-02,2.632423326826920443e-02,1.882403272814781037e-02,3.653841011791759269e-02,1.754057595122864369e-02,3.375758710125939532e-02,1.441215005748816731e-02,6.283590470333431412e-03,2.355677959303724769e-02,2.026792160218187505e-02,3.074948528035508985e-02,1.766090002406481285e-02,2.314233000882376379e-02,9.545709778336318452e-03,5.267520521939089533e-03,2.141768496483863193e-02,4.065616727719992274e-02,3.994759218160913450e-02,1.767426936549105695e-02,5.168587395384903471e-02,7.236824514024439714e-02,8.246209791705660930e-02,1.534800395732506192e-02,8.484184069092756686e-02,5.615123399021364203e-02,6.496162999010668404e-02,4.960025669135538495e-02,1.158453434583812391e-01,3.734057060349207230e-02,3.806251504050910117e-02,3.156501510735581356e-02,1.795502553544212412e-02,3.643145538650766069e-02,4.089681542287226801e-02,6.211396026631728351e-02,4.458675365651487699e-02,1.119682344447712474e-01,1.126233321746570731e-01,2.981363138051819697e-02,9.247573464531137766e-02,2.342576004706008186e-01,1.143479772186422050e-01,1.631059654001443815e-01,1.066472365571271980e-01,2.030802962646060042e-02,7.866520495200406138e-02
2.131073023342869993e-02,2.760769004518837458e-02,2.343645552020107506e-02,1.248696489210941556e-02,4.100377015428220001e-02,5.473408379903205861e-02,5.772881627851011999e-02,8.489531805663252939e-03,7.131206716757132469e-02,4.224711890692264826e-02,4.238081232118506153e-02,3.006764886761678288e-02,9.064413486991630686e-02,2.870397604214016546e-02,1.910478889809888101e-02,2.312896066739752315e-02,1.510735581165271839e-02,3.586994304660552635e-02,0.000000000000000000e+00,5.330356426642423456e-02,2.803550897082809565e-02,9.299713896093478316e-02,7.474798791411535470e-02,2.427872403005428004e-02,7.599133666675579601e-02,1.515548544078718640e-01,9.139281798978582394e-02,1.244819380197331460e-01,8.152624401721970948e-02,2.418513864007058867e-02,5.722078130431294818e-02,2.056204711355918632e-02,1.455921281317682295e-02,2.865049867643519946e-02,1.362335891333992834e-02,2.659162009679403096e-02,1.124361613946896904e-02,4.826332254873125227e-03,1.830262841252439793e-02,1.578919222439102710e-02,2.410492259151314140e-02,1.382389903473354824e-02,1.832936709537688266e-02,7.446723174416428059e-03,4.171234524987299519e-03,1.721971175699885115e-02,3.183240193588064010e-02,3.131099762025722766e-02,1.387737640043851424e-02,4.092355410572474927e-02,5.673948501296826458e-02,6.493489130725420277e-02,1.205914596646969102e-02,6.652584293697692830e-02,4.457338431508863635e-02,5.100403754111072774e-02,3.907858498890344479e-02,9.071098157704751697e-02,2.934570443059974706e-02,2.986710874622315950e-02,2.451937217572662531e-02,1.430519532607823704e-02,2.858365196930399282e-02,3.215326613011042917e-02,4.853070937725607881e-02,3.516136795101473117e-02,8.782320382897938760e-02,8.890612048450492744e-02,2.347656354447980043e-02,7.276932538303163001e-02,1.837214898794085338e-01,8.985534372576807483e-02,1.278911200834246809e-01,8.389261744966443335e-02,1.620364180860450753e-02,6.141875451215272896e-02
3.965346667023182670e-02,5.212706222091499642e-02,4.413219604802267465e-02,2.340971683734859379e-02,7.665980373806786929e-02,1.038797828818952412e-01,1.082649268697024048e-01,1.609668707719457900e-02,1.345089440894141619e-01,7.891922243910265422e-02,7.934704136474236835e-02,5.688654776865691848e-02,1.720634241557260913e-01,5.386507660632636890e-02,3.568277226663814361e-02,4.363753041525174348e-02,2.832963448220540692e-02,6.794299312815850478e-02,5.331693360785047520e-02,0.000000000000000000e+00,5.264846653653840886e-02,1.748308778309580480e-01,1.399903740741731129e-01,4.601727318912270104e-02,1.435332495521270679e-01,2.854220701088264200e-01,1.728254766170218559e-01,2.339634749592235108e-01,1.543624161073825496e-01,4.516163533784325890e-02,1.071686408727506035e-01,3.895826091606727215e-02,2.748736597235220194e-02,5.389181528917885711e-02,2.577609026979331072e-02,4.977405812989652012e-02,2.109682077060883940e-02,9.117890852696595647e-03,3.442605417257146166e-02,2.980026203909195287e-02,4.532206743495815343e-02,2.577609026979331072e-02,3.413192866119414692e-02,1.411802454611085778e-02,7.780956710072462097e-03,3.195272600871681273e-02,5.996149629669242365e-02,5.895879568972432760e-02,2.601673841546565252e-02,7.656621834808417792e-02,1.074895050669804064e-01,1.220754565630097072e-01,2.256744832749538882e-02,1.256985480895211060e-01,8.339795181689349524e-02,9.589828605042916010e-02,7.318377496724511044e-02,1.710473542073317477e-01,5.500147062755688515e-02,5.599080189309874750e-02,4.661889355330356421e-02,2.679216021818765087e-02,5.390518463060509774e-02,6.077702612369314389e-02,9.211476242680285975e-02,6.558998903714002848e-02,1.661809139281799075e-01,1.667691649509345231e-01,4.405197999946522391e-02,1.365544533276290828e-01,3.456242145511911890e-01,1.696836813818551337e-01,2.407016230380491506e-01,1.582662638038450365e-01,3.028155833043664341e-02,1.160726222626273368e-01
2.168507179336345847e-02,2.803550897082809565e-02,2.323591539880745516e-02,1.272761303778175909e-02,4.207331746838150616e-02,5.533570416321292179e-02,5.926629054252787604e-02,8.850504024171769110e-03,7.177999411748976766e-02,4.315623412390705294e-02,4.288884729538222640e-02,3.173881654589694873e-02,9.251584266959009262e-02,2.875745340784512799e-02,1.943902243375491418e-02,2.322254605738121452e-02,1.534800395732506192e-02,3.592342041231048888e-02,2.803550897082809565e-02,5.264846653653840886e-02,0.000000000000000000e+00,9.244899596245888251e-02,7.485494264552527977e-02,2.497392978421883111e-02,7.706088398085510216e-02,1.538811198160378590e-01,9.104521511270355361e-02,1.253776838952913308e-01,8.096473167731757514e-02,2.374395037300462696e-02,5.767533891280515745e-02,2.157811706195352647e-02,1.524104922591513166e-02,2.957298323484585170e-02,1.415813257038958314e-02,2.693922297387630824e-02,1.153774165084627858e-02,4.973395010561779996e-03,1.934543704377122281e-02,1.627048851573571417e-02,2.454611085857910657e-02,1.433193400893072005e-02,1.851653787534426193e-02,7.794326051498703598e-03,4.171234524987299519e-03,1.708601834273643788e-02,3.246076098291398454e-02,3.132436696168346829e-02,1.439878071606192668e-02,4.207331746838150616e-02,5.609775662450867950e-02,6.639214952271450809e-02,1.204577662504345038e-02,6.695366186261664243e-02,4.514826599641701826e-02,5.200673814807882378e-02,4.078986069146233601e-02,9.235541057247520502e-02,3.000080216048557277e-02,3.042862108612529731e-02,2.459958822428407257e-02,1.449236610604561631e-02,2.839648118933661355e-02,3.157838444878205419e-02,4.871788015722345461e-02,3.619080724083531542e-02,8.794352790181556023e-02,8.784994251183186886e-02,2.407818390866066013e-02,7.288964945586780264e-02,1.863686194818043318e-01,8.882590443594748364e-02,1.289740367389502484e-01,8.411989625391053105e-02,1.585603893152223373e-02,6.262199524051445532e-02
