0.000000000000000000e+00,1.608984396090923710e-02,1.421809477530010940e-02,8.278890628655759948e-03,2.791425948922844277e-02,2.874214855209401842e-02,3.793891618523118070e-02,8.404873746917913141e-03,4.143044831992512972e-02,2.822021849072224239e-02,3.547324658495761701e-02,2.256897575724852931e-02,6.147976171193059863e-02,1.833954250130482438e-02,1.321022982920288733e-02,1.429008512859276936e-02,7.738962978960818931e-03,2.147112286953548055e-02,2.192106257761460009e-02,3.741698612385940120e-02,1.623382466749455702e-02,6.293756636610693678e-02,5.183305437071432376e-02,1.785360761657937834e-02,4.686571999352086987e-02,9.684502276694922918e-02,4.934938718211759334e-02,8.102514263088746171e-02,5.167107607580584405e-02,1.254431906124579311e-02,4.110649173010816337e-02,1.418209959865378116e-02,8.692835160088547772e-03,2.012130374529812887e-02,1.162644205676439425e-02,1.695372820042114273e-02,8.476864100210571365e-03,6.461134208016125480e-03,1.527995248636682644e-02,8.692835160088547772e-03,1.553191872289113283e-02,9.520724222954123420e-03,1.227435523639832347e-02,5.201303025394597018e-03,2.861616543383186523e-03,8.566852041826394579e-03,2.010330615697496562e-02,2.082320968990155480e-02,1.013264222594172440e-02,2.607850548026564505e-02,3.495131652358583751e-02,4.191638320465057577e-02,1.349819124237352196e-02,4.229433255943703535e-02,2.863416302215503195e-02,4.089052067023019044e-02,2.674441624822273753e-02,5.953602217302881444e-02,1.905944603423141356e-02,1.574788978276910750e-02,1.608984396090923710e-02,8.602847218472724558e-03,1.682774508215898954e-02,2.508863812249158623e-02,3.579720317477458336e-02,2.285693717041916220e-02,5.870813311016323532e-02,6.255961701132048414e-02,1.502798624984252179e-02,4.407609380343033983e-02,1.094793297698108403e-01,5.737631157424905037e-02,7.539189748573690841e-02,4.907942335727012717e-02,1.400212371542213299e-02,4.108849414178500359e-02
1.608984396090923710e-02,0.000000000000000000e+00,2.222702157910839971e-02,1.250832388459946314e-02,4.335619027050375413e-02,4.502996598455807215e-02,5.797023198891348289e-02,1.250832388459946314e-02,6.423339272537480216e-02,4.359015891870489379e-02,5.550456238863991920e-02,3.487932617029317756e-02,9.459532422655364536e-02,2.899411478861832481e-02,2.082320968990155480e-02,2.258697334557169256e-02,1.222036247142882850e-02,3.347551428108633265e-02,3.487932617029317756e-02,5.994996670446160053e-02,2.510663571081474948e-02,9.954466101542393253e-02,8.178104134046038087e-02,2.710436801468603038e-02,7.292622788546335166e-02,1.496499469071144450e-01,7.852347785396757152e-02,1.260551086154455269e-01,8.185303169375303389e-02,2.053524827673091843e-02,6.385544337058833564e-02,2.098518798481003450e-02,1.303025394597123916e-02,3.156776991883087496e-02,1.769162932167089516e-02,2.660043554163742108e-02,1.285027806273959274e-02,9.970663931033241223e-03,2.193906016593776334e-02,1.337220812411136876e-02,2.427874664794917384e-02,1.418209959865378116e-02,1.904144844590824684e-02,7.864946097222972124e-03,4.661375375699656001e-03,1.270629735615427455e-02,3.142378921224556199e-02,3.282760110145240690e-02,1.560390907618379105e-02,4.036859060885841094e-02,5.458668538415852034e-02,6.387344095891150930e-02,2.026528445188344879e-02,6.567319979122797358e-02,4.386012274355236690e-02,6.358547954574086947e-02,4.098050861184601018e-02,9.113978726850602285e-02,3.000197973471554688e-02,2.451271529615031697e-02,2.516062847578424619e-02,1.322822741752605231e-02,2.609650306858880831e-02,3.873081007145042637e-02,5.746629951586487706e-02,3.462735993376887811e-02,9.283156057088350066e-02,9.657505894210176300e-02,2.283893958209599895e-02,6.833684286305635736e-02,1.680074869967424500e-01,9.171571009484728865e-02,1.183881359897773766e-01,7.846948508899807828e-02,2.282094199377283569e-02,6.471932761010024127e-02
1.421809477530010940e-02,2.222702157910839971e-02,0.000000000000000000e+00,1.115850476036211146e-02,3.801090653852384066e-02,4.000863884239511808e-02,5.084318701294026493e-02,1.105051923042312326e-02,5.683638392455411109e-02,3.826287277504814011e-02,4.873746917912999410e-02,3.045191944279466642e-02,8.331083634792937898e-02,2.544858988895487908e-02,1.848352320789014430e-02,2.010330615697496562e-02,1.067256987563666541e-02,2.937206414340478439e-02,3.113582779907492562e-02,5.323686625992116866e-02,2.199305293090726005e-02,8.820618037183017290e-02,7.184637258607345922e-02,2.393679246980904424e-02,6.462933966848442846e-02,1.319763151737667062e-01,6.894876086604395660e-02,1.107571585407555320e-01,7.222432194085992574e-02,1.792559796987203830e-02,5.624246350988967164e-02,1.839353526627431762e-02,1.141047099688641785e-02,2.807623778413692595e-02,1.569389701779961427e-02,2.336086964346777498e-02,1.133848064359375789e-02,8.692835160088547772e-03,1.920342674081673001e-02,1.168043482173388749e-02,2.147112286953548055e-02,1.267030217950794631e-02,1.704371614203696594e-02,6.839083562802584192e-03,4.031459784388891771e-03,1.128448787862426465e-02,2.737433183953350349e-02,2.906610514191098477e-02,1.367816712560516838e-02,3.538325864334179033e-02,4.839551500098986797e-02,5.647643215809081824e-02,1.783561002825621508e-02,5.858214999190108213e-02,3.855083418821877994e-02,5.570253586019473235e-02,3.565322246818926344e-02,8.059320051113150196e-02,2.652844518834476112e-02,2.157910839947447049e-02,2.213703363749257649e-02,1.137447582024008787e-02,2.287493475874232893e-02,3.419541781401292529e-02,5.082518942461709821e-02,3.043392185447149970e-02,8.203300757698468726e-02,8.552453971167862934e-02,2.028328204020661205e-02,6.032791605924806011e-02,1.471482821301945410e-01,8.107913539585695495e-02,1.042240339794467535e-01,6.873278980616596978e-02,2.010330615697496562e-02,5.687237910120043760e-02
8.278890628655759948e-03,1.250832388459946314e-02,1.115850476036211146e-02,0.000000000000000000e+00,2.156111081115130723e-02,2.219102640246206973e-02,2.906610514191098477e-02,6.371146266400302266e-03,3.180173856703201463e-02,2.184907222432194013e-02,2.759030289941147990e-02,1.767363173334773191e-02,4.765761387974011554e-02,1.432608030523909760e-02,1.024062775588071260e-02,1.119449993700844144e-02,6.011194499937008544e-03,1.657577884563468662e-02,1.725968720191494235e-02,2.910210031855731475e-02,1.252632147292262813e-02,4.857549088422151440e-02,4.033259543221208443e-02,1.393013336212947477e-02,3.622914529453053617e-02,7.481597465939564262e-02,3.810089448013966040e-02,6.241563630473516422e-02,4.018861472562676451e-02,9.772690459478429806e-03,3.180173856703201463e-02,1.074456022892932364e-02,6.641110091247772775e-03,1.603585119593974387e-02,9.106779691521335596e-03,1.322822741752605231e-02,6.569119737955113683e-03,5.057322318809279703e-03,1.133848064359375789e-02,6.785090797833090090e-03,1.229235282472148673e-02,7.289023270881701995e-03,9.664704929539441602e-03,4.067454961035220883e-03,2.267696128718751838e-03,6.497129384662455459e-03,1.554991631121429782e-02,1.621582707917139030e-02,7.846948508899807134e-03,2.055324586505408169e-02,2.696038730810071393e-02,3.255763727660493378e-02,1.033061569749653581e-02,3.261163004157442702e-02,2.231700952072422292e-02,3.187372892032467459e-02,2.085920486654788131e-02,4.576786710580782458e-02,1.520796213307416822e-02,1.209437935316667531e-02,1.245433111962996990e-02,6.641110091247772775e-03,1.292226841603225096e-02,1.952738333063369636e-02,2.762629807605780988e-02,1.733167755520760231e-02,4.524593704443604508e-02,4.817954394111188809e-02,1.153645411514856930e-02,3.408743228407393189e-02,8.403073988085596469e-02,4.438205280492413946e-02,5.865414034519374209e-02,3.846084624660295326e-02,1.092453611216097006e-02,3.198171445026366799e-02
2.791425948922844277e-02,4.335619027050375413e-02,3.801090653852384066e-02,2.156111081115130723e-02,0.000000000000000000e+00,7.843348991235174483e-02,1.010024656696002776e-01,2.168709392941345696e-02,1.106311754224933858e-01,7.591382754710868097e-02,9.542321328941921754e-02,5.980598599787628755e-02,1.645339524503716400e-01,4.990731242013569935e-02,3.513129240681748394e-02,3.874880765977359309e-02,2.150711804618181053e-02,5.780825369400500319e-02,5.960801252632147440e-02,1.015603909076183836e-01,4.328419991721109417e-02,1.690153519428396478e-01,1.385454349117218320e-01,4.682972481687453642e-02,1.259291254971833807e-01,2.567535950182675553e-01,1.340280402426074768e-01,2.179867897701708024e-01,1.409571117470259094e-01,3.507729964184799071e-02,1.099112718895668001e-01,3.730900059392041473e-02,2.246099022730953937e-02,5.433471914763421395e-02,3.095585191584327572e-02,4.619980922556377739e-02,2.240699746234004613e-02,1.697172578874430945e-02,3.900077389629789948e-02,2.305491064197397535e-02,4.168241455644943610e-02,2.492665982758310306e-02,3.316955527959253303e-02,1.373215989057466335e-02,7.810953332253478022e-03,2.174108669438295366e-02,5.318287349495167543e-02,5.609848280330435866e-02,2.723035113294818357e-02,7.053254863848244793e-02,9.333549304393211343e-02,1.116210427802674376e-01,3.523927793675647735e-02,1.141587027338336613e-01,7.679570937494376026e-02,1.103792091859690794e-01,7.089250040494574079e-02,1.585947483037273009e-01,5.212101578388495665e-02,4.159242661483360942e-02,4.312222162230261446e-02,2.305491064197397535e-02,4.502996598455807215e-02,6.709500926875798521e-02,9.680902759030289573e-02,6.034591364757122683e-02,1.574069074743984220e-01,1.655958101614383726e-01,3.918074977952954591e-02,1.177762179867897635e-01,2.883573601137447429e-01,1.559131076435757712e-01,2.036967046415780191e-01,1.335781005345283712e-01,3.896477871965156603e-02,1.113870741320663049e-01
2.874214855209401842e-02,4.502996598455807215e-02,4.000863884239511808e-02,2.219102640246206973e-02,7.843348991235174483e-02,0.000000000000000000e+00,1.042600291560930870e-01,2.226301675575472969e-02,1.162824181559670988e-01,7.803754296924211853e-02,9.922070442560697312e-02,6.023792811763224037e-02,1.702571855371380338e-01,5.235498443208610325e-02,3.714702229901193503e-02,4.062055684538271733e-02,2.211903604916940977e-02,6.054388711912603999e-02,6.282958083616795031e-02,1.085254575886831219e-01,4.467001421809477235e-02,1.791839893454277022e-01,1.459244461242193425e-01,4.798157046955708188e-02,1.321922862336446791e-01,2.675521480121663687e-01,1.414790418083976820e-01,2.274355236398322710e-01,1.489660385508341789e-01,3.788492342026168747e-02,1.145186545002969541e-01,3.795691377355434049e-02,2.323488652520562178e-02,5.597249968504220546e-02,3.162176268380036820e-02,4.776559940967910201e-02,2.278494681712650571e-02,1.747565826179291876e-02,3.898277630797473275e-02,2.354084552669942140e-02,4.258229397260766824e-02,2.523261882907690268e-02,3.473534546370786458e-02,1.400212371542213299e-02,8.116912333747278510e-03,2.229901193240105967e-02,5.534258409373143950e-02,5.976999082122995410e-02,2.832820402066123233e-02,7.233230747079891221e-02,9.884275507082050660e-02,1.141227075571873417e-01,3.592318629303672961e-02,1.198999334089232011e-01,7.702967802314489298e-02,1.140507172038946748e-01,7.172038946781131297e-02,1.635440850925976020e-01,5.465867573745118030e-02,4.359015891870489379e-02,4.540791533934452479e-02,2.319889134855929180e-02,4.677573205190504319e-02,6.975865234058635511e-02,1.044400050393247265e-01,6.228965318647301103e-02,1.679534942317729429e-01,1.743606356748195751e-01,4.103450137681550342e-02,1.231215017187696908e-01,3.005957201734967277e-01,1.666936630491514248e-01,2.128394795097456882e-01,1.412090779835502019e-01,4.134046037830930997e-02,1.166963626873998849e-01
3.793891618523118070e-02,5.797023198891348289e-02,5.084318701294026493e-02,2.906610514191098477e-02,1.010024656696002776e-01,1.042600291560930870e-01,0.000000000000000000e+00,2.933606896675845441e-02,1.490380289041268458e-01,1.017943595558195163e-01,1.286107661573349104e-01,8.055720533448518239e-02,2.203984666054748798e-01,6.666306714900203934e-02,4.681172722855137663e-02,5.186904954736065027e-02,2.854417508053920874e-02,7.796555261594946551e-02,7.989129456652808992e-02,1.356298256033691418e-01,5.807821751885247630e-02,2.264456562820582053e-01,1.858250994366754949e-01,6.295556395443011044e-02,1.696092723575040873e-01,3.462735993376887533e-01,1.795079459352446893e-01,2.929467451361517649e-01,1.882907690369490517e-01,4.684772240519770314e-02,1.470942893652250616e-01,5.046523765815380536e-02,3.014596044130086680e-02,7.245829058906107234e-02,4.152043626154095640e-02,6.196569659665604468e-02,3.034393391285567648e-02,2.283893958209599895e-02,5.329085902489066190e-02,3.106383744578226566e-02,5.593650450839587202e-02,3.358349981102532605e-02,4.467001421809477235e-02,1.857351114950596752e-02,1.051059158072818224e-02,2.951604484999010083e-02,7.152241599625649981e-02,7.512193366088944224e-02,3.675107535590230873e-02,9.452333387326097847e-02,1.250652412576714612e-01,1.496859420837607646e-01,4.745964040818530238e-02,1.529435055702535740e-01,1.030361931501178885e-01,1.482641326062307530e-01,9.560318917265087091e-02,2.128394795097456882e-01,6.966866439897054231e-02,5.541457444702409946e-02,5.771826575238917650e-02,3.111783021075175890e-02,6.079585335565033943e-02,8.987995608588449092e-02,1.288267372172128833e-01,8.124111369076543465e-02,2.103558123211489717e-01,2.222522182027608373e-01,5.300289761172002900e-02,1.581088134190018479e-01,3.883519608372478227e-01,2.082500944873386939e-01,2.734553569821643881e-01,1.789500206972265695e-01,5.188704713568381699e-02,1.495059662005291390e-01
8.404873746917913141e-03,1.250832388459946314e-02,1.105051923042312326e-02,6.371146266400302266e-03,2.168709392941345696e-02,2.226301675575472969e-02,2.933606896675845441e-02,0.000000000000000000e+00,3.199971203858682778e-02,2.174108669438295366e-02,2.746431978114932670e-02,1.738567032017709554e-02,4.742364523153897587e-02,1.425408995194643938e-02,1.013264222594172440e-02,1.115850476036211146e-02,5.939204146644349452e-03,1.671975955222000307e-02,1.715170167197595588e-02,2.913809549520364126e-02,1.254431906124579311e-02,4.879146194409948734e-02,4.018861472562676451e-02,1.375015747889782834e-02,3.642711876608534238e-02,7.508593848424310879e-02,3.838885589331029330e-02,6.263160736461313716e-02,4.026060507891942447e-02,9.808685636124759785e-03,3.172974821373936161e-02,1.078055540557565362e-02,6.641110091247772775e-03,1.554991631121429782e-02,8.944801396612854158e-03,1.317423465255655735e-02,6.569119737955113683e-03,4.913341612223962387e-03,1.148246135017907607e-02,6.677105267894101887e-03,1.207638176484351032e-02,7.271025682558537005e-03,9.592714576246783378e-03,4.031459784388891771e-03,2.213703363749257736e-03,6.551122149631949561e-03,1.547792595792163786e-02,1.621582707917139030e-02,7.972931627161960327e-03,2.022928927523711881e-02,2.724834872127135030e-02,3.230567104008062740e-02,1.018663499091121763e-02,3.288159386642190013e-02,2.193906016593776334e-02,3.171175062541619488e-02,2.042726274679192849e-02,4.582185987077731781e-02,1.492000071990353359e-02,1.207638176484351032e-02,1.234634558969098170e-02,6.515126972985619581e-03,1.295826359267858094e-02,1.929341468243255323e-02,2.791425948922844277e-02,1.761963896837823867e-02,4.553389845760667798e-02,4.830552705937404129e-02,1.155445170347173429e-02,3.419541781401292529e-02,8.430070370570343086e-02,4.486798768964958550e-02,5.861814516854741558e-02,3.837085830498713351e-02,1.101452405377679328e-02,3.199971203858682778e-02
4.143044831992512972e-02,6.423339272537480216e-02,5.683638392455411109e-02,3.180173856703201463e-02,1.106311754224933858e-01,1.162824181559670988e-01,1.490380289041268458e-01,3.199971203858682778e-02,0.000000000000000000e+00,1.117290283102064380e-01,1.410830948652880557e-01,8.705433471914762744e-02,2.422475388297967991e-01,7.407807353814588325e-02,5.219300613717761661e-02,5.786224645897449642e-02,3.127980850566024207e-02,8.604646977305041577e-02,8.923204290625055823e-02,1.528895128052840946e-01,6.362147472238720292e-02,2.536040170617137046e-01,2.067202994798696958e-01,6.876878498281230323e-02,1.880028076237784118e-01,3.817108507460000300e-01,2.003671508017925706e-01,3.230567104008063017e-01,2.106077785576732642e-01,5.275093137519572262e-02,1.619962924968054163e-01,5.438871191260371413e-02,3.304357216133037983e-02,7.954934038838795685e-02,4.510195633785072516e-02,6.806687903820887731e-02,3.282760110145240690e-02,2.496265500422943304e-02,5.622446592156651185e-02,3.372748051761063903e-02,6.068786782571135296e-02,3.601317423465255629e-02,4.940337994708709352e-02,2.003131580368230566e-02,1.155445170347173429e-02,3.192772168529416782e-02,7.890142720875402416e-02,8.428270611738027107e-02,4.020661231394993124e-02,1.032161690333495280e-01,1.395173046811727102e-01,1.638320465057682140e-01,5.167107607580584405e-02,1.708331083634792857e-01,1.116210427802674376e-01,1.624102370282382024e-01,1.028742148552094088e-01,2.334107229631229297e-01,7.738962978960818584e-02,6.180371830174756498e-02,6.453935172686860178e-02,3.340352392779367269e-02,6.659107679570937244e-02,9.925669960225329269e-02,1.468783183053470887e-01,8.885409355146410559e-02,2.368302647445242326e-01,2.479527743282400054e-01,5.836617893202310919e-02,1.753505030325936409e-01,4.277126865000089873e-01,2.354624480319637281e-01,3.035113294818494456e-01,1.999892014470061041e-01,5.860014758022424886e-02,1.648399114518654396e-01
2.822021849072224239e-02,4.359015891870489379e-02,3.826287277504814011e-02,2.184907222432194013e-02,7.591382754710868097e-02,7.803754296924211853e-02,1.017943595558195163e-01,2.174108669438295366e-02,1.117290283102064380e-01,0.000000000000000000e+00,9.646707341216277654e-02,6.000395946943109377e-02,1.652538559832982257e-01,5.078919424797077170e-02,3.531126829004913037e-02,3.905476666126739271e-02,2.116516386804168093e-02,5.827619099040728251e-02,6.047189676583338003e-02,1.020823209689901562e-01,4.308622644565628101e-02,1.699872217122905538e-01,1.400212371542213230e-01,4.681172722855137663e-02,1.267930097366952724e-01,2.589672983820168195e-01,1.347659413638572501e-01,2.185447150081888945e-01,1.413350611018123482e-01,3.547324658495761701e-02,1.098572791245973068e-01,3.678707053254863524e-02,2.255097816892536258e-02,5.460468297248168706e-02,3.086586397422745251e-02,4.693771034681352983e-02,2.273095405215701248e-02,1.716969926029911914e-02,3.901877148462105926e-02,2.339686482011410495e-02,4.229433255943703535e-02,2.507064053416842297e-02,3.392545398916545218e-02,1.384014542051365156e-02,8.008926803808290307e-03,2.204704569587675328e-02,5.352482767309180850e-02,5.631445386318233159e-02,2.753631013444198319e-02,7.073052211003726109e-02,9.313751957237730028e-02,1.119809945467307444e-01,3.513129240681748394e-02,1.141587027338336613e-01,7.728164425966919937e-02,1.110091247772798384e-01,7.134244011302486033e-02,1.588647121285747810e-01,5.293090725842736904e-02,4.130446520166297653e-02,4.326620232888792744e-02,2.301891546532764538e-02,4.542591292766769151e-02,6.709500926875798521e-02,9.733095765167468216e-02,5.984198117452261406e-02,1.576948688875690618e-01,1.660097546928711587e-01,3.923474254449903914e-02,1.182081601065457233e-01,2.892572395299030097e-01,1.563630473516548769e-01,2.059644007702967905e-01,1.351978834836131960e-01,3.918074977952954591e-02,1.118910066051149177e-01
3.547324658495761701e-02,5.550456238863991920e-02,4.873746917912999410e-02,2.759030289941147990e-02,9.542321328941921754e-02,9.922070442560697312e-02,1.286107661573349104e-01,2.746431978114932670e-02,1.410830948652880557e-01,9.646707341216277654e-02,0.000000000000000000e+00,7.627377931357198770e-02,2.091499739034969330e-01,6.380145060561884240e-02,4.499397080791173870e-02,4.976333171355038637e-02,2.708637042636286713e-02,7.402408077317639001e-02,7.701168043482173320e-02,1.305005129312672152e-01,5.473066609074384026e-02,2.164209995860554570e-01,1.778161726328671977e-01,5.968000287961413436e-02,1.605384878426290851e-01,3.277540809531522825e-01,1.708151107751561260e-01,2.780447420045714102e-01,1.800118784082933021e-01,4.497597321958857197e-02,1.394993070928495504e-01,4.654176340370390352e-02,2.877814372874034840e-02,6.939870057412306226e-02,3.916275219120637918e-02,5.872613069848640205e-02,2.858017025718553872e-02,2.166909634109029370e-02,4.877346435577632755e-02,2.906610514191098477e-02,5.305689037668952224e-02,3.154977233050771518e-02,4.278026744416248139e-02,1.751165343843924874e-02,1.004265428432590118e-02,2.800424743084426599e-02,6.794089591994673105e-02,7.154041358457965960e-02,3.475334305203103130e-02,8.971797779097601122e-02,1.195039864658135748e-01,1.421629501646779203e-01,4.472400698306427252e-02,1.453485232978780906e-01,9.729496247502834871e-02,1.404171840973309493e-01,8.986195849756133114e-02,2.017529651026762350e-01,6.709500926875798521e-02,5.323686625992116866e-02,5.521660097546928631e-02,2.912009790688047800e-02,5.748429710418803684e-02,8.556053488832496279e-02,1.246332991379155153e-01,7.598581790040134787e-02,2.019869337508773954e-01,2.115076579738315032e-01,4.992531000845886607e-02,1.502078721451325649e-01,3.675647463239926083e-01,2.000611918002987710e-01,2.605870813311016443e-01,1.716429998380216981e-01,4.987131724348937284e-02,1.418569911631841207e-01
2.256897575724852931e-02,3.487932617029317756e-02,3.045191944279466642e-02,1.767363173334773191e-02,5.980598599787628755e-02,6.023792811763224037e-02,8.055720533448518239e-02,1.738567032017709554e-02,8.705433471914762744e-02,6.000395946943109377e-02,7.627377931357198770e-02,0.000000000000000000e+00,1.316523585839497468e-01,4.033259543221208443e-02,2.832820402066123233e-02,3.097384950416644245e-02,1.655778125731151990e-02,4.546190810431402496e-02,4.787358493961808847e-02,8.079117398268631511e-02,3.363749257599481929e-02,1.343879920090707836e-01,1.122509583715782105e-01,3.808289689181649368e-02,1.000665910767957051e-01,2.077641596026132409e-01,1.053578820438061253e-01,1.716070046613753786e-01,1.106851681874628790e-01,2.688839695480805744e-02,8.809819484189118644e-02,2.946205208502060760e-02,1.823155697136583792e-02,4.513795151449705861e-02,2.525061641740006940e-02,3.732699818224358146e-02,1.833954250130482438e-02,1.407411406871479295e-02,3.133380127062973530e-02,1.911343879920090680e-02,3.504130446520166420e-02,2.026528445188344879e-02,2.683440418983856074e-02,1.128448787862426465e-02,6.533124561308784571e-03,1.808757626478051800e-02,4.330219750553426089e-02,4.488598527797275223e-02,2.168709392941345696e-02,5.642243939312132500e-02,7.373611936000576406e-02,8.957399708439069130e-02,2.811223296078325593e-02,8.885409355146410559e-02,6.210967730324136460e-02,8.838615625506182627e-02,5.829418857873044924e-02,1.261091013804150340e-01,4.179040008638842257e-02,3.307956733797671328e-02,3.388945881251912567e-02,1.855551356118280079e-02,3.559922970321977020e-02,5.370480355632345493e-02,7.598581790040134787e-02,4.639778269711858361e-02,1.241473642531900762e-01,1.312204164641938009e-01,3.109983262242859564e-02,9.257959433435919427e-02,2.313230027176358394e-01,1.216636970645933458e-01,1.624102370282382024e-01,1.067976891096593106e-01,3.046991703111782968e-02,8.869211525655562589e-02
6.147976171193059863e-02,9.459532422655364536e-02,8.331083634792937898e-02,4.765761387974011554e-02,1.645339524503716400e-01,1.702571855371380338e-01,2.203984666054748798e-01,4.742364523153897587e-02,2.422475388297967991e-01,1.652538559832982257e-01,2.091499739034969330e-01,1.316523585839497468e-01,0.000000000000000000e+00,1.095513201231035072e-01,7.731763943631553282e-02,8.512859276856901691e-02,4.625380199053327063e-02,1.262350844986771803e-01,1.307884743444378550e-01,2.230621096773032497e-01,9.407339416518185893e-02,3.707323218688695632e-01,3.051131148426111106e-01,1.028562172668862351e-01,2.756330651692673328e-01,5.638644421647499572e-01,2.927307740762737920e-01,4.770980688587729279e-01,3.086586397422745320e-01,7.681370696326692005e-02,2.406277558807119743e-01,8.107913539585695495e-02,4.916941129888594691e-02,1.191800298759966154e-01,6.765293450677609122e-02,1.014164102010330637e-01,4.911541853391645368e-02,3.761495959541421436e-02,8.543455177006281653e-02,5.069920630635494502e-02,9.180569803646311533e-02,5.440670950092687391e-02,7.353814588845095090e-02,3.012796285297770008e-02,1.733167755520760231e-02,4.841351258931303470e-02,1.163184133326134323e-01,1.236794269567877969e-01,5.982398358619944734e-02,1.538253873980886532e-01,2.044526033511509522e-01,2.431834134226013577e-01,7.683170455159009371e-02,2.491406151575688843e-01,1.665316847542429313e-01,2.414016521786080671e-01,1.555891510537587841e-01,3.467955293990605536e-01,1.148966038550834207e-01,9.079783309036588979e-02,9.448733869661465890e-02,5.012328348001367923e-02,9.866277918758886711e-02,1.472382700718103676e-01,2.114176700322156766e-01,1.314363875240717738e-01,3.443478573871101012e-01,3.631373395964940798e-01,8.631643359789788195e-02,2.568075877832370346e-01,6.331011644439644703e-01,3.405683638392455470e-01,4.473480553605816978e-01,2.929287475478286051e-01,8.512859276856901691e-02,2.439573097204974506e-01
1.833954250130482438e-02,2.899411478861832481e-02,2.544858988895487908e-02,1.432608030523909760e-02,4.990731242013569935e-02,5.235498443208610325e-02,6.666306714900203934e-02,1.425408995194643938e-02,7.407807353814588325e-02,5.078919424797077170e-02,6.380145060561884240e-02,4.033259543221208443e-02,1.095513201231035072e-01,0.000000000000000000e+00,2.373881899825423455e-02,2.638446448175944467e-02,1.448805860014758078e-02,3.874880765977359309e-02,4.035059302053525115e-02,6.887677051275128970e-02,2.829220884401490235e-02,1.136007774958155553e-01,9.324550510231628675e-02,3.115382538739808888e-02,8.446268200061192444e-02,1.717149901913143650e-01,8.968198261432967777e-02,1.452045425912927568e-01,9.464931699152313860e-02,2.339686482011410495e-02,7.312420135701816482e-02,2.431474182459550382e-02,1.502798624984252179e-02,3.669708259093281549e-02,2.071522415996256486e-02,3.081187120925795928e-02,1.495599589654986183e-02,1.159044688011806427e-02,2.530460918236956264e-02,1.547792595792163786e-02,2.811223296078325593e-02,1.652178608066518992e-02,2.269495887551068250e-02,9.178770044813995554e-03,5.453269261918902537e-03,1.443406583517808581e-02,3.576120799812824991e-02,3.772294512535320082e-02,1.814156902975001470e-02,4.724366934830732945e-02,6.246962906970465745e-02,7.445602289293234977e-02,2.332487446682144500e-02,7.636376725518780051e-02,5.145510501592786418e-02,7.391609524323740354e-02,4.724366934830732945e-02,1.059877976351168982e-01,3.568921764483558995e-02,2.784226913593578628e-02,2.904810755358781804e-02,1.533394525133632141e-02,3.007397008800820684e-02,4.502996598455807215e-02,6.502528661159404089e-02,3.923474254449903914e-02,1.058618145168547381e-01,1.102532260677069331e-01,2.588053200871083190e-02,7.834350197073591815e-02,1.919082842899051400e-01,1.043500170977089136e-01,1.372136133758076471e-01,8.977197055594550446e-02,2.613249824523513828e-02,7.422205424473120317e-02
1.321022982920288733e-02,2.082320968990155480e-02,1.848352320789014430e-02,1.024062775588071260e-02,3.513129240681748394e-02,3.714702229901193503e-02,4.681172722855137663e-02,1.013264222594172440e-02,5.219300613717761661e-02,3.531126829004913037e-02,4.499397080791173870e-02,2.832820402066123233e-02,7.731763943631553282e-02,2.373881899825423455e-02,0.000000000000000000e+00,1.853751597285963754e-02,9.934668754386912978e-03,2.721235354462502032e-02,2.897611720029516155e-02,4.947537030037974654e-02,1.994132786206648245e-02,8.154707269225923427e-02,6.709500926875798521e-02,2.215503122581573975e-02,5.930205352482767478e-02,1.224015981858430913e-01,6.385544337058833564e-02,1.025502582653924355e-01,6.709500926875798521e-02,1.668376437557367309e-02,5.248096755034825645e-02,1.670176196389683634e-02,1.069056746395982867e-02,2.607850548026564505e-02,1.445206342350125080e-02,2.174108669438295366e-02,1.040260605078919404e-02,8.116912333747278510e-03,1.749365585011608548e-02,1.085254575886831184e-02,1.995932545038964917e-02,1.166243723341072250e-02,1.578388495941543748e-02,6.335151089753973154e-03,3.797491136187750808e-03,1.056458434569767721e-02,2.546658747727804581e-02,2.719435595630185706e-02,1.276029012112376952e-02,3.286359627809873341e-02,4.497597321958857197e-02,5.201303025394597018e-02,1.655778125731151990e-02,5.359681802638446152e-02,3.527527311340280386e-02,5.186904954736065027e-02,3.307956733797671328e-02,7.443802530460917610e-02,2.483667188596727984e-02,2.019329409859078883e-02,2.049925310008458845e-02,1.054658675737451222e-02,2.118316145636484765e-02,3.178374097870885484e-02,4.742364523153897587e-02,2.784226913593578628e-02,7.620178896027932081e-02,7.918938862192466399e-02,1.862750391447546075e-02,5.536058168205460622e-02,1.366196929611432076e-01,7.483397224771880241e-02,9.637708547054694985e-02,6.403541925381998901e-02,1.864550150279862401e-02,5.275093137519572262e-02
1.429008512859276936e-02,2.258697334557169256e-02,2.010330615697496562e-02,1.119449993700844144e-02,3.874880765977359309e-02,4.062055684538271733e-02,5.186904954736065027e-02,1.115850476036211146e-02,5.786224645897449642e-02,3.905476666126739271e-02,4.976333171355038637e-02,3.097384950416644245e-02,8.512859276856901691e-02,2.638446448175944467e-02,1.853751597285963754e-02,0.000000000000000000e+00,1.094253370048413505e-02,2.969602073322174726e-02,3.158576750715404169e-02,5.363281320303079497e-02,2.202904810755358656e-02,8.856613213829346576e-02,7.337616759354247120e-02,2.422475388297968060e-02,6.552921908464265366e-02,1.343519968324244640e-01,7.015459928369598142e-02,1.127188956679804899e-01,7.353814588845095090e-02,1.832154491298166113e-02,5.708835016107841748e-02,1.869949426776812071e-02,1.175242517502654571e-02,2.841819196227705555e-02,1.583787772438493072e-02,2.420675629465651735e-02,1.159044688011806427e-02,8.818818278350700965e-03,1.958137609560318959e-02,1.198639382322768711e-02,2.186706981264510685e-02,1.272429494447743954e-02,1.758364379173190870e-02,7.127044975973219690e-03,4.139445314327879974e-03,1.146446376185591108e-02,2.789626190090527952e-02,2.960603279160592405e-02,1.405611648039162796e-02,3.628313805950002940e-02,4.904342818062379372e-02,5.759228263412703025e-02,1.806957867645735474e-02,5.912207764159602835e-02,3.925274013282219893e-02,5.698036463113942407e-02,3.633713082446952264e-02,8.219498587189316696e-02,2.746431978114932670e-02,2.165109875276713045e-02,2.251498299227903607e-02,1.169843241005705248e-02,2.318089376023612855e-02,3.491532134693951100e-02,5.134711948598887771e-02,3.045191944279466642e-02,8.289689181649659289e-02,8.658639742274534812e-02,2.042726274679192849e-02,6.117380271043679901e-02,1.500098986735777518e-01,8.203300757698468726e-02,1.066537084030739907e-01,7.026258481363496788e-02,2.060723863002357839e-02,5.782625128232816991e-02
7.738962978960818931e-03,1.222036247142882850e-02,1.067256987563666541e-02,6.011194499937008544e-03,2.150711804618181053e-02,2.211903604916940977e-02,2.854417508053920874e-02,5.939204146644349452e-03,3.127980850566024207e-02,2.116516386804168093e-02,2.708637042636286713e-02,1.655778125731151990e-02,4.625380199053327063e-02,1.448805860014758078e-02,9.934668754386912978e-03,1.094253370048413505e-02,0.000000000000000000e+00,1.621582707917139030e-02,1.709770890700646265e-02,2.897611720029516155e-02,1.205838417652034707e-02,4.787358493961808847e-02,3.921674495617587242e-02,1.288627323938592271e-02,3.581520076309774314e-02,7.229631229415257876e-02,3.826287277504814011e-02,6.153375447690009881e-02,4.015261954898043800e-02,1.036661087414286406e-02,3.093785432752011247e-02,1.018663499091121763e-02,6.209167971491819961e-03,1.535194283965948640e-02,8.620844806795889548e-03,1.317423465255655735e-02,6.263160736461314063e-03,4.679372964022820991e-03,1.058258193402084046e-02,6.479131796339290469e-03,1.168043482173388749e-02,6.857081151125749181e-03,9.538721811277288409e-03,3.725500782895092150e-03,2.231700952072422292e-03,6.047189676583337656e-03,1.495599589654986183e-02,1.594586325432392065e-02,7.648975037344995717e-03,1.983334233212749598e-02,2.629447654014362146e-02,3.117182297572125213e-02,9.646707341216276613e-03,3.230567104008062740e-02,2.136313733959649408e-02,3.122581574069074883e-02,1.970735921386534278e-02,4.456202868815578588e-02,1.499199107319619181e-02,1.162644205676439425e-02,1.223836005975199349e-02,6.389143854723467256e-03,1.276029012112376952e-02,1.884347497435343716e-02,2.782427154761261956e-02,1.671975955222000307e-02,4.483199251300325899e-02,4.663175134531973021e-02,1.087054334719147683e-02,3.300757698468405332e-02,8.034123427460720945e-02,4.467001421809477235e-02,5.788024404729766315e-02,3.811889206846282713e-02,1.126649029030109966e-02,3.169375303709302816e-02
2.147112286953548055e-02,3.347551428108633265e-02,2.937206414340478439e-02,1.657577884563468662e-02,5.780825369400500319e-02,6.054388711912603999e-02,7.796555261594946551e-02,1.671975955222000307e-02,8.604646977305041577e-02,5.827619099040728251e-02,7.402408077317639001e-02,4.546190810431402496e-02,1.262350844986771803e-01,3.874880765977359309e-02,2.721235354462502032e-02,2.969602073322174726e-02,1.621582707917139030e-02,0.000000000000000000e+00,4.646977305041124356e-02,7.895541997372351739e-02,3.307956733797671328e-02,1.312744092291632803e-01,1.075175926425858963e-01,3.574321040980508318e-02,9.715098176844302880e-02,1.986213847344455719e-01,1.037201015063981407e-01,1.679534942317729429e-01,1.089394021201159080e-01,2.735633425121033677e-02,8.435469647067292409e-02,2.820222090239907914e-02,1.742166549682342552e-02,4.139445314327880321e-02,2.352284793837625815e-02,3.554523693825027697e-02,1.720569443694544912e-02,1.299425876932491092e-02,2.980400626316073720e-02,1.752965102676241546e-02,3.163976027212353492e-02,1.902345085758508358e-02,2.577254647877184543e-02,1.049259399240501725e-02,6.011194499937008544e-03,1.686374025880531952e-02,4.105249896513867014e-02,4.332019509385742068e-02,2.111117110307218769e-02,5.377679390961611489e-02,7.244029300073789868e-02,8.521858071018482972e-02,2.708637042636286713e-02,8.827817072512283980e-02,5.842017169699260243e-02,8.511059518024584325e-02,5.390277702787826114e-02,1.215917067113006789e-01,4.029660025556575098e-02,3.198171445026366799e-02,3.336752875114734618e-02,1.743966308514658878e-02,3.464535752209203789e-02,5.168907366412900384e-02,7.542789266238324186e-02,4.619980922556377739e-02,1.222396198909346116e-01,1.284307902741032570e-01,3.030793873620934650e-02,9.103180173856703639e-02,2.226481651458704636e-01,1.212497525331605597e-01,1.574069074743984220e-01,1.031981714450263682e-01,3.021795079459352329e-02,8.570451559491028271e-02
2.192106257761460009e-02,3.487932617029317756e-02,3.113582779907492562e-02,1.725968720191494235e-02,5.960801252632147440e-02,6.282958083616795031e-02,7.989129456652808992e-02,1.715170167197595588e-02,8.923204290625055823e-02,6.047189676583338003e-02,7.701168043482173320e-02,4.787358493961808847e-02,1.307884743444378550e-01,4.035059302053525115e-02,2.897611720029516155e-02,3.158576750715404169e-02,1.709770890700646265e-02,4.646977305041124356e-02,0.000000000000000000e+00,8.374277846768532485e-02,3.410542987239709861e-02,1.383834566168133384e-01,1.130248546694742895e-01,3.718301747565826154e-02,1.014164102010330637e-01,2.064143404783758962e-01,1.084714648237136286e-01,1.744866187930817214e-01,1.139787268506020218e-01,2.849018231556971203e-02,8.822417796015333269e-02,2.841819196227705555e-02,1.790760038154887157e-02,4.411208898007666634e-02,2.442272735453449375e-02,3.716501988733509482e-02,1.783561002825621508e-02,1.366016953728200339e-02,2.966002555657541728e-02,1.830354732465849441e-02,3.370948292928747231e-02,1.979734715548116600e-02,2.690639454313122070e-02,1.076255781725248863e-02,6.425139031369796368e-03,1.754764861508557872e-02,4.281626262080881484e-02,4.555189604592984470e-02,2.154311322282814051e-02,5.611648039162752538e-02,7.576984684052337493e-02,8.874610802152511912e-02,2.784226913593578628e-02,9.212965462628007474e-02,6.097582923888199280e-02,8.818818278350701312e-02,5.591850692007271223e-02,1.265050483235246603e-01,4.234832532440652858e-02,3.388945881251912567e-02,3.480733581700052454e-02,1.794359555819520155e-02,3.588719111639040310e-02,5.386678185123193463e-02,8.008926803808290307e-02,4.709968864172200953e-02,1.286287637456580701e-01,1.335960981228515310e-01,3.117182297572125213e-02,9.441534834332199200e-02,2.299551860050753072e-01,1.273149397980670727e-01,1.645519500386948275e-01,1.089933948850854012e-01,3.181973615535518135e-02,8.919604772960423866e-02
3.741698612385940120e-02,5.994996670446160053e-02,5.323686625992116866e-02,2.910210031855731475e-02,1.015603909076183836e-01,1.085254575886831219e-01,1.356298256033691418e-01,2.913809549520364126e-02,1.528895128052840946e-01,1.020823209689901562e-01,1.305005129312672152e-01,8.079117398268631511e-02,2.230621096773032497e-01,6.887677051275128970e-02,4.947537030037974654e-02,5.363281320303079497e-02,2.897611720029516155e-02,7.895541997372351739e-02,8.374277846768532485e-02,0.000000000000000000e+00,5.815020787214512932e-02,2.368122671562010728e-01,1.931501178842035260e-01,6.322552777927757661e-02,1.727948454907042575e-01,3.529327070172597058e-01,1.868509619710958802e-01,2.971401832154491052e-01,1.954898043662149365e-01,4.913341612223962040e-02,1.500998866151935507e-01,4.843151017763619448e-02,3.037992908950200646e-02,7.447402048125550955e-02,4.159242661483360942e-02,6.290157118946061721e-02,2.987599661645339369e-02,2.336086964346777498e-02,5.037524971653798561e-02,3.102784226913593568e-02,5.674639598293828441e-02,3.309756492629987307e-02,4.578586469413098436e-02,1.826755214801216790e-02,1.097852887713046503e-02,2.962403037992909077e-02,7.386210247826791031e-02,7.877544409049187790e-02,3.667908500260964877e-02,9.482929287475477809e-02,1.294746503968468299e-01,1.497039396720839521e-01,4.742364523153897587e-02,1.565610208232096900e-01,1.021003185573133160e-01,1.497399348487302717e-01,9.493727840469376456e-02,2.139373323974587404e-01,7.206234364595144604e-02,5.789824163562082987e-02,5.966200529129096763e-02,3.054190738441048963e-02,6.108381476882097927e-02,9.196767633137159503e-02,1.388333963248924718e-01,8.035923186293036924e-02,2.225221820276082896e-01,2.290733041772402556e-01,5.354282526141496829e-02,1.614563648471104840e-01,3.941471842773068279e-01,2.197505534258409332e-01,2.802224501916742994e-01,1.861310584381692945e-01,5.494663715062182013e-02,1.527635296870219483e-01
1.623382466749455702e-02,2.510663571081474948e-02,2.199305293090726005e-02,1.252632147292262813e-02,4.328419991721109417e-02,4.467001421809477235e-02,5.807821751885247630e-02,1.254431906124579311e-02,6.362147472238720292e-02,4.308622644565628101e-02,5.473066609074384026e-02,3.363749257599481929e-02,9.407339416518185893e-02,2.829220884401490235e-02,1.994132786206648245e-02,2.202904810755358656e-02,1.205838417652034707e-02,3.307956733797671328e-02,3.410542987239709861e-02,5.815020787214512932e-02,0.000000000000000000e+00,9.736695282832100173e-02,7.922538379857099744e-02,2.683440418983856074e-02,7.199035329265877914e-02,1.468423231287007413e-01,7.666972625668160013e-02,1.248672677861166619e-01,8.037722945125352902e-02,2.008530856865180236e-02,6.279358565952163074e-02,2.112916869139535442e-02,1.304825153429440415e-02,3.073988085596529932e-02,1.752965102676241546e-02,2.593452477368032513e-02,1.281428288609326276e-02,9.628709752893111623e-03,2.237100228569371616e-02,1.310224429926389912e-02,2.361283587999208136e-02,1.421809477530010940e-02,1.851951838453647081e-02,7.774958155607148910e-03,4.373413962529021370e-03,1.279628529777009950e-02,3.039792667782516972e-02,3.239565898169645408e-02,1.554991631121429782e-02,3.977467019419397842e-02,5.388477943955510135e-02,6.335151089753972287e-02,2.035527239349927200e-02,6.534924320141101417e-02,4.296024332739412782e-02,6.282958083616795031e-02,4.026060507891942447e-02,9.038388855893310370e-02,2.924608102514263119e-02,2.417076111801018737e-02,2.462070082608930344e-02,1.303025394597123916e-02,2.588053200871083190e-02,3.819088242175548709e-02,5.609848280330435866e-02,3.534726346669546382e-02,9.079783309036588979e-02,9.612511923402264347e-02,2.300091787700448212e-02,6.756294656516026453e-02,1.661177402228101452e-01,9.032989579396361046e-02,1.160664470960891259e-01,7.612979860698666779e-02,2.211903604916940977e-02,6.396342890052733599e-02
