0.000000000000000000e+00,1.342894989265975420e-02,1.099285920918406136e-02,5.998873308058892684e-03,2.162030481584676853e-02,3.159305105132538538e-02,3.549079614488649670e-02,4.430639930571415169e-03,3.874906743403522952e-02,2.154417698198815567e-02,2.289925242467150818e-02,1.621522861188507900e-02,5.161467135614123541e-02,1.286560392210600069e-02,1.326146865817080106e-02,8.861279861142830339e-03,6.486091444754030731e-03,1.741804838685119886e-02,1.647406324700436894e-02,2.204662068545501508e-02,1.411410039738729243e-02,3.559737511228855400e-02,3.737876642458015652e-02,1.729624385267741760e-02,3.651090911859194293e-02,8.212670716667427873e-02,4.497632424366997117e-02,6.878911067464486828e-02,4.269248922791150924e-02,1.084060354146683045e-02,3.909925546978486322e-02,9.302821297522800847e-03,5.024437034668615722e-03,1.096240807564061517e-02,6.988535148220892737e-03,1.662631891472160159e-02,7.521429985231200058e-03,2.999436654029446342e-03,6.973309581449169646e-03,6.988535148220892737e-03,8.419738424762861564e-03,6.744926079873323280e-03,1.099285920918406136e-02,4.141354161908677306e-03,9.896618401620000532e-04,9.363723564609693212e-03,1.871222156244766247e-02,2.047838730796753756e-02,8.419738424762861564e-03,2.067631967599993861e-02,2.917218593462141477e-02,3.197369022061846006e-02,9.104888929490399796e-03,3.797256352867735274e-02,2.169643264970538485e-02,3.206504362124880381e-02,2.716241112075397021e-02,4.674248998918984627e-02,1.394661916289833929e-02,1.135827281170541554e-02,1.539304800621203208e-02,7.018986281764338919e-03,1.498195770337550775e-02,1.440338616605003202e-02,2.527444084106030692e-02,1.971710896938138474e-02,4.278384262854184605e-02,5.159944578936950799e-02,1.690037911661261549e-02,3.993666164222962889e-02,1.121058481401970147e-01,4.448910610697483226e-02,5.746128899648289545e-02,4.112425585042403520e-02,1.055131777280409258e-02,3.092312611336956937e-02
1.342894989265975420e-02,0.000000000000000000e+00,1.712876261818846099e-02,8.693798626653877204e-03,3.200414135416190797e-02,4.820414439927526301e-02,5.217801732669498371e-02,6.486091444754030731e-03,5.870978547176418372e-02,3.252181062440049480e-02,3.507970584204996717e-02,2.390413983160523045e-02,7.606693159152849715e-02,1.959530443520760001e-02,2.006729700513101497e-02,1.347462659297492434e-02,9.927069535163446715e-03,2.595959134578784688e-02,2.542669650877753956e-02,3.434887863700726574e-02,2.095037987789095599e-02,5.403553647284520256e-02,5.677613849175535549e-02,2.554850104295132429e-02,5.494907047914858456e-02,1.215152484051218867e-01,6.915452427716621553e-02,1.030314103442500628e-01,6.530245588392027956e-02,1.658064221440642971e-02,5.915132690814415423e-02,1.384004019549627679e-02,7.536655552002923149e-03,1.638270984637403213e-02,1.030770870445652312e-02,2.519831300720169406e-02,1.090150580855372281e-02,4.689474565690707718e-03,1.014022746996756999e-02,1.047518993894547799e-02,1.234793465186741560e-02,9.607332632957262669e-03,1.673289788212366236e-02,6.044550008374061957e-03,1.568233377487476864e-03,1.339849875911630801e-02,2.903515583367590955e-02,3.127331414911919960e-02,1.230225795155224719e-02,3.067951704502199992e-02,4.430639930571415863e-02,4.726015925942843310e-02,1.318534082431218474e-02,5.685226632561397181e-02,3.253703619117221529e-02,4.806711429832975779e-02,3.908402990301314273e-02,6.965696798063307493e-02,2.122444007978196989e-02,1.708308591787329259e-02,2.347782396199698390e-02,1.061222003989098495e-02,2.245771098829153767e-02,2.184868831742261749e-02,3.887087196820901425e-02,2.879154676532834009e-02,6.516542578297476740e-02,7.781787177027664482e-02,2.463496703664793883e-02,6.020189101539304838e-02,1.666133771829656496e-01,6.798215563574354359e-02,8.678573059882153939e-02,6.291204190075976033e-02,1.629135644574369185e-02,4.712312915848292788e-02
1.099285920918406136e-02,1.712876261818846099e-02,0.000000000000000000e+00,7.277820916883630600e-03,2.655338844988504657e-02,4.002801504285997264e-02,4.334718859909560129e-02,5.237594969472738997e-03,4.837162563376421615e-02,2.678177195146089207e-02,2.912650923430624636e-02,1.965620670229449238e-02,6.301862086816181763e-02,1.638270984637403213e-02,1.661109334794987763e-02,1.126691941107507700e-02,8.054324822241507378e-03,2.154417698198815567e-02,2.110263554560818516e-02,2.851748656343732272e-02,1.700695808401467626e-02,4.474794074209412220e-02,4.697087349076569524e-02,2.098083101143440043e-02,4.561579804808234273e-02,1.010673122306977867e-01,5.736993559585255864e-02,8.544588072290991432e-02,5.406598760638865048e-02,1.355075442683353892e-02,4.888929490400280298e-02,1.144962621233575409e-02,6.318610210265076729e-03,1.384004019549627679e-02,8.571994092480092475e-03,2.128534234686886226e-02,9.043986662403507432e-03,3.928196227104554031e-03,8.465415125078031705e-03,8.754700893740769568e-03,1.044473880540203181e-02,8.054324822241507378e-03,1.417500266447418479e-02,4.993985901125169539e-03,1.309398742368184749e-03,1.108421260981439990e-02,2.408684663286590755e-02,2.626410268122230871e-02,1.026203200414135472e-02,2.563985444358166110e-02,3.693722498820018602e-02,3.931241340458898476e-02,1.070357344052132349e-02,4.739718936037393832e-02,2.661429071697193893e-02,3.979963154128412367e-02,3.165395331841228121e-02,5.802463496703665069e-02,1.792049209031806173e-02,1.403797256352867784e-02,1.982368793678344551e-02,8.769926460512491792e-03,1.860564259504560169e-02,1.816410115866563119e-02,3.259793845825911113e-02,2.356917736262732418e-02,5.405076203961692305e-02,6.437369631084517707e-02,2.015865040576135525e-02,5.015301694605581867e-02,1.381720184533869189e-01,5.676091292498363500e-02,7.194080299639153686e-02,5.251297979567289692e-02,1.380958906195283060e-02,3.916015773687175211e-02
5.998873308058892684e-03,8.693798626653877204e-03,7.277820916883630600e-03,0.000000000000000000e+00,1.452519070022381502e-02,2.090470317757578411e-02,2.379756086420316968e-02,2.892857686627384704e-03,2.580733567807061771e-02,1.455564183376726120e-02,1.545395027329892271e-02,1.059699447311926272e-02,3.459248770535483519e-02,8.632896359566984840e-03,8.419738424762861564e-03,5.983647741287169593e-03,4.369737663484522805e-03,1.157143074650953882e-02,1.091673137532544677e-02,1.444906286636520043e-02,9.226693463664184525e-03,2.312763592624735368e-02,2.437613240152864541e-02,1.141917507879230791e-02,2.410207219963763151e-02,5.344173936874799941e-02,2.944624613651243214e-02,4.602688835091886532e-02,2.799981729319873935e-02,7.262595350111907509e-03,2.585301237838578611e-02,6.242482376406462141e-03,3.258271289148738457e-03,7.201693083025016012e-03,4.613346731832092262e-03,1.100808477595578531e-02,4.963534767581723357e-03,1.994549247095723198e-03,4.735151266005876991e-03,4.613346731832092262e-03,5.405076203961692131e-03,4.293609829625908217e-03,7.521429985231200058e-03,2.847180986312215431e-03,6.699249379558153573e-04,6.166354542547846686e-03,1.228703238478052323e-02,1.342894989265975420e-02,5.633459705537538498e-03,1.377913792840938442e-02,1.897105619756695588e-02,2.165075594939021644e-02,5.937971040972000319e-03,2.522876414074513851e-02,1.455564183376726120e-02,2.143759801458609143e-02,1.764643188842704782e-02,3.131899084943436801e-02,9.424625831696585576e-03,7.247369783340184418e-03,1.035338540477169327e-02,4.735151266005876991e-03,1.006409963610895367e-02,9.607332632957262669e-03,1.645883768023264498e-02,1.288082948887772292e-02,2.807594512705735568e-02,3.401391616802935253e-02,1.105376147627095372e-02,2.659906515020021497e-02,7.320452503844455949e-02,2.889812573273040086e-02,3.833797713119870693e-02,2.694925318594984867e-02,7.125565249166400557e-03,2.046316174119581707e-02
2.162030481584676853e-02,3.200414135416190797e-02,2.655338844988504657e-02,1.452519070022381502e-02,0.000000000000000000e+00,7.609738272507193813e-02,8.579606875865954108e-02,1.033815983799996931e-02,9.360678451255348420e-02,5.347219050229144732e-02,5.639549932246228081e-02,3.880996970112212535e-02,1.250019031958464755e-01,3.099925394722818570e-02,3.078609601242406416e-02,2.154417698198815567e-02,1.603252181062440190e-02,4.167237625420606301e-02,3.993666164222962889e-02,5.298497236559630841e-02,3.345057019747560423e-02,8.406035414668311390e-02,8.867370087851519922e-02,4.132218821845642931e-02,8.725772316874495782e-02,1.940650740723823542e-01,1.073097946071042558e-01,1.669635652187152763e-01,1.029400569436197260e-01,2.694925318594984867e-02,9.403310038216172728e-02,2.279267345726944741e-02,1.189116764871572286e-02,2.615752371382024793e-02,1.674812344889538632e-02,4.027162411120754210e-02,1.830113125961113987e-02,7.277820916883630600e-03,1.717443931850363287e-02,1.667199561503676999e-02,1.968665783583794029e-02,1.560620594101615362e-02,2.720808782106913862e-02,1.024680643736963076e-02,2.420865116703969314e-03,2.200094398513984667e-02,4.482406857595273852e-02,4.893497160431797138e-02,2.026522937316341602e-02,5.025959591345787597e-02,6.929155437811172769e-02,7.836599217405867956e-02,2.136147018072747858e-02,9.161223526545775320e-02,5.331993483457421468e-02,7.824418763988488790e-02,6.396260600800865448e-02,1.136588559509127683e-01,3.413572070220313726e-02,2.667519298405883130e-02,3.751579652552566174e-02,1.743327395362292281e-02,3.629775118378781446e-02,3.512538254236514251e-02,6.012576318153443206e-02,4.669681328887467786e-02,1.018742672695991114e-01,1.233727675512720917e-01,4.002801504285997264e-02,9.646919106563742186e-02,2.651075686292422295e-01,1.055284032948126532e-01,1.394814171957551030e-01,9.838761247887452266e-02,2.580733567807061771e-02,7.492501408364926618e-02
3.159305105132538538e-02,4.820414439927526301e-02,4.002801504285997264e-02,2.090470317757578411e-02,7.609738272507193813e-02,0.000000000000000000e+00,1.234032186848155466e-01,1.522556677172307721e-02,1.377304770170069692e-01,7.606693159152849715e-02,8.150245892903362765e-02,5.577125108482162974e-02,1.797834924405060930e-01,4.616391845186437054e-02,4.694042235722224732e-02,3.208026918802052430e-02,2.292970355821495609e-02,6.096316935397920467e-02,5.886204113948141636e-02,8.034531585438267620e-02,4.882839263691590714e-02,1.274988961464090520e-01,1.324167542136756026e-01,5.986692854641514211e-02,1.292193851916137448e-01,2.863015575754807585e-01,1.617716469495577014e-01,2.428477900089830721e-01,1.527885625542410863e-01,3.893177423529591008e-02,1.388419433913427314e-01,3.250658505762876738e-02,1.753985292102498358e-02,3.844455609860077117e-02,2.426955343412658464e-02,5.939493597649172368e-02,2.597481691255957084e-02,1.090150580855372281e-02,2.390413983160523045e-02,2.440658353507209333e-02,2.894380243304556927e-02,2.248816212183498559e-02,3.963215030679517054e-02,1.438816059927830807e-02,3.730263859072153847e-03,3.160827661809710587e-02,6.706862162944016159e-02,7.332632957261833728e-02,2.909605810076280191e-02,7.200170526347843269e-02,1.039753954840968997e-01,1.113750209351543063e-01,3.090790054659784541e-02,1.344722057278582295e-01,7.591467592381126450e-02,1.125169384430335373e-01,9.159700969868603271e-02,1.639489029979140922e-01,5.024437034668615548e-02,4.002801504285997264e-02,5.516222841395270610e-02,2.489380167176723224e-02,5.310677689977009314e-02,5.153854352228261909e-02,9.132294949679502227e-02,6.714474946329877791e-02,1.524383745184914596e-01,1.828742824951658796e-01,5.800940940026492326e-02,1.414302897425356587e-01,3.909621035643051634e-01,1.597161954353750746e-01,2.044945873110126655e-01,1.472312306825621642e-01,3.839887939828560276e-02,1.104158102285357629e-01
3.549079614488649670e-02,5.217801732669498371e-02,4.334718859909560129e-02,2.379756086420316968e-02,8.579606875865954108e-02,1.234032186848155466e-01,0.000000000000000000e+00,1.711353705141674050e-02,1.515705172125032252e-01,8.660302379756086577e-02,9.155133299837087124e-02,6.297294416784664228e-02,2.036419555717961516e-01,5.083816745078335864e-02,4.980282891030618497e-02,3.515583367590858349e-02,2.612707258027680002e-02,6.834756923826489083e-02,6.501317011525753475e-02,8.543065515613819383e-02,5.459888244339895780e-02,1.371366799129097591e-01,1.444754030968802838e-01,6.747971193227668418e-02,1.424808538497845667e-01,3.174226160568827115e-01,1.741195816014250997e-01,2.723701639793541518e-01,1.672680765541497416e-01,4.317970736460664816e-02,1.528494648213279683e-01,3.696767612174363393e-02,1.933646980008830660e-02,4.278384262854184605e-02,2.740602018910153967e-02,6.591147855478919626e-02,2.987256200612067869e-02,1.175413754777021591e-02,2.807594512705735568e-02,2.734511792201464730e-02,3.217162258865086111e-02,2.560940331003821666e-02,4.419982033831209439e-02,1.670244674858021444e-02,3.973872927419723304e-03,3.637387901764643078e-02,7.300659267041215150e-02,7.940133071453585323e-02,3.319173556235630734e-02,8.205057933281566240e-02,1.124103594756314800e-01,1.281079188172779826e-01,3.518628480945203141e-02,1.492714566299730428e-01,8.654212153047396994e-02,1.274379938793221700e-01,1.044930647543354796e-01,1.854930799799022478e-01,5.560376985033267661e-02,4.340809086618249019e-02,6.110019945492470989e-02,2.842613316280698590e-02,5.921222917523105006e-02,5.695884529301602911e-02,9.782426650832076742e-02,7.658460086176707704e-02,1.660652567791836010e-01,2.011754137547770160e-01,6.495226784817065280e-02,1.571583002177256161e-01,4.331673746555215754e-01,1.712267239147977349e-01,2.271654562341083039e-01,1.603099925394722847e-01,4.188553418901018455e-02,1.214391205712632704e-01
4.430639930571415169e-03,6.486091444754030731e-03,5.237594969472738997e-03,2.892857686627384704e-03,1.033815983799996931e-02,1.522556677172307721e-02,1.711353705141674050e-02,0.000000000000000000e+00,1.842293579378492460e-02,1.029248313768480090e-02,1.093195694209716899e-02,7.536655552002923149e-03,2.452838806924587806e-02,6.120677842232677413e-03,6.242482376406462141e-03,4.232707562539015853e-03,3.212594588833569183e-03,8.297933890589076836e-03,7.886843587752554244e-03,1.049041550571720022e-02,6.668798246014707824e-03,1.715921375173190891e-02,1.775301085582910859e-02,8.191354923187016066e-03,1.750940178748153914e-02,3.908402990301314273e-02,2.133101904718403066e-02,3.297857762755218580e-02,2.035658277379375283e-02,5.283271669787908270e-03,1.872744712921938642e-02,4.415414363799692078e-03,2.436090683475692405e-03,5.131016002070677359e-03,3.334399123007353912e-03,7.917294721296000426e-03,3.623684891670092209e-03,1.461654410085415443e-03,3.303947989463907730e-03,3.319173556235630821e-03,3.958647360648000213e-03,3.121241188203231071e-03,5.313722803331353585e-03,1.979323680324000106e-03,4.719925699234153900e-04,4.384963230256245896e-03,8.983084395316615067e-03,9.683460466815877257e-03,4.004324060963169486e-03,1.003364850256550748e-02,1.385526576226800075e-02,1.548440140684236889e-02,4.202256428995569670e-03,1.802707105772012250e-02,1.036861097154341549e-02,1.543872470652720048e-02,1.275902495470393819e-02,2.241203428797636926e-02,6.790602780188492553e-03,5.313722803331353585e-03,7.262595350111907509e-03,3.395301390094246276e-03,7.216918649796739103e-03,6.821053913731938735e-03,1.208910001674812391e-02,9.257144597207630707e-03,2.043271060765236916e-02,2.455883920278932250e-02,7.932520288067722650e-03,1.926034196622969374e-02,5.316767916685698897e-02,2.111786111237990912e-02,2.760395255713394072e-02,1.968665783583794029e-02,4.933083634038277175e-03,1.467744636794104593e-02
3.874906743403522952e-02,5.870978547176418372e-02,4.837162563376421615e-02,2.580733567807061771e-02,9.360678451255348420e-02,1.377304770170069692e-01,1.515705172125032252e-01,1.842293579378492460e-02,0.000000000000000000e+00,9.371336347995554150e-02,9.974268792155788210e-02,6.860640387338418078e-02,2.204357557210067098e-01,5.653252942340778603e-02,5.685226632561397181e-02,3.934286453813243267e-02,2.804549399351390776e-02,7.436166811309551095e-02,7.139268259260951599e-02,9.744362733902769969e-02,5.972989844546962995e-02,1.547983373681085240e-01,1.607819851093957031e-01,7.309794607104248831e-02,1.579500296898551925e-01,3.490004415414363903e-01,1.963184579545973474e-01,2.981318229571096046e-01,1.865588696539228764e-01,4.732106152651532199e-02,1.693996559021909709e-01,3.995188720900135632e-02,2.133101904718403066e-02,4.700132462430914315e-02,2.968985520486000160e-02,7.271730690174942058e-02,3.203459248770535589e-02,1.324624309139907710e-02,2.956805067068621687e-02,3.008571994092480023e-02,3.530808934362581614e-02,2.757350142359049280e-02,4.878271593660073874e-02,1.776823642260083255e-02,4.521993331201753716e-03,3.880996970112212535e-02,8.159381232966397834e-02,8.928272354938412980e-02,3.564305181260372241e-02,8.811035490796144398e-02,1.259306627689215641e-01,1.373955145480290629e-01,3.797256352867735274e-02,1.646340535026416252e-01,9.330227317711901891e-02,1.376695747499200595e-01,1.123037805082294227e-01,2.013124438557225282e-01,6.143516192390261615e-02,4.850865573470972136e-02,6.737313296487461300e-02,3.051203581053304678e-02,6.487614001431203647e-02,6.330790663682456243e-02,1.102635545608185302e-01,8.246166963565218500e-02,1.857214634814781107e-01,2.234960946421230554e-01,7.107294569040333021e-02,1.730081152270893374e-01,4.774737739612356924e-01,1.935474048021437465e-01,2.504148966945294319e-01,1.786415749326268620e-01,4.707745245816775254e-02,1.346092358288037139e-01
2.154417698198815567e-02,3.252181062440049480e-02,2.678177195146089207e-02,1.455564183376726120e-02,5.347219050229144732e-02,7.606693159152849715e-02,8.660302379756086577e-02,1.029248313768480090e-02,9.371336347995554150e-02,0.000000000000000000e+00,5.666955952435329125e-02,3.850545836568766006e-02,1.242863015575754876e-01,3.212594588833569270e-02,3.087744941305440097e-02,2.180301161710744562e-02,1.572801047518994008e-02,4.194643645609708038e-02,4.013459401026202994e-02,5.376147627095418519e-02,3.355714916487766153e-02,8.549155742322507578e-02,8.890208438009104819e-02,4.101767688302197096e-02,8.762313677126630507e-02,1.943543598410450712e-01,1.079797195450600683e-01,1.669635652187152763e-01,1.034729517806300403e-01,2.669041855083055526e-02,9.444419068499824987e-02,2.254906438892187795e-02,1.190639321548744682e-02,2.644680948248298580e-02,1.659586778117815367e-02,4.132218821845642931e-02,1.813365002512218674e-02,7.430076584600861511e-03,1.697650695047123182e-02,1.699173251724295577e-02,1.973233453615310870e-02,1.554530367392926125e-02,2.771053152453600149e-02,1.017067860351101617e-02,2.451316250247415496e-03,2.210752295254190744e-02,4.549399351390855800e-02,4.926993407329587765e-02,2.011297370544618685e-02,5.030527261377304438e-02,6.947426117937240131e-02,7.780264620350492433e-02,2.111786111237990912e-02,9.212990453569634697e-02,5.338083710166111051e-02,7.795490187122215697e-02,6.330790663682456243e-02,1.136740815176845026e-01,3.472951780630034041e-02,2.672086968437399970e-02,3.807914249607941698e-02,1.744849952039464677e-02,3.623684891670092556e-02,3.539944274425615295e-02,6.076523698594680362e-02,4.686429452336363100e-02,1.031684404451955750e-01,1.240731436227713591e-01,3.944944350553449691e-02,9.703253703619117709e-02,2.655947867659373407e-01,1.065332907017463721e-01,1.401513421337109155e-01,9.924024421809102270e-02,2.658383958342849449e-02,7.533610438648578878e-02
2.289925242467150818e-02,3.507970584204996717e-02,2.912650923430624636e-02,1.545395027329892271e-02,5.639549932246228081e-02,8.150245892903362765e-02,9.155133299837087124e-02,1.093195694209716899e-02,9.974268792155788210e-02,5.666955952435329125e-02,0.000000000000000000e+00,4.116993255073920360e-02,1.321426940117845783e-01,3.409004400188796885e-02,3.349624689779077263e-02,2.320376376010597000e-02,1.697650695047123182e-02,4.445865497343138434e-02,4.325583519846526448e-02,5.790283043286286596e-02,3.587143531417957137e-02,9.162746083222947369e-02,9.595152179539882809e-02,4.375827890193212388e-02,9.400264924861828630e-02,2.079051142678786102e-01,1.162928790024208708e-01,1.782152590630186328e-01,1.109791561990895042e-01,2.859361439729593904e-02,1.010977633642412277e-01,2.401071879900729469e-02,1.286560392210600069e-02,2.824342636154630881e-02,1.769210858874221623e-02,4.413891807122519856e-02,1.916898856559935346e-02,7.993422555154615014e-03,1.779868755614427700e-02,1.802707105772012250e-02,2.096560544466267648e-02,1.635225871283058421e-02,2.924831376848003109e-02,1.059699447311926272e-02,2.710150885366707611e-03,2.318853819333424604e-02,4.917858067266554084e-02,5.300019793236803584e-02,2.137669574749919907e-02,5.368534843709556886e-02,7.533610438648578878e-02,8.237031623502184818e-02,2.242725985474809322e-02,9.818968011084212855e-02,5.660865725726640235e-02,8.299456447266249925e-02,6.717520059684221889e-02,1.210432558351984683e-01,3.699812725528707491e-02,2.870019336469799981e-02,4.081974451498956991e-02,1.854474032795870933e-02,3.870339073372006111e-02,3.765282662647116696e-02,6.572877175352852264e-02,4.963534767581723184e-02,1.106746448636550528e-01,1.329648746174576235e-01,4.202256428995569670e-02,1.034120495135431445e-01,2.834239254556250587e-01,1.149530291265092319e-01,1.497129980663530202e-01,1.071270878058435683e-01,2.830432862863320118e-02,8.055847378918680468e-02
1.621522861188507900e-02,2.390413983160523045e-02,1.965620670229449238e-02,1.059699447311926272e-02,3.880996970112212535e-02,5.577125108482162974e-02,6.297294416784664228e-02,7.536655552002923149e-03,6.860640387338418078e-02,3.850545836568766006e-02,4.116993255073920360e-02,0.000000000000000000e+00,9.092708476073022017e-02,2.329511716073630681e-02,2.308195922593218527e-02,1.584981500936372481e-02,1.154097961296609264e-02,3.063384034470683151e-02,2.937011830265381582e-02,3.947989463907793789e-02,2.489380167176723224e-02,6.268365839918391136e-02,6.563741835289818582e-02,3.049681024376132282e-02,6.423666620989966491e-02,1.438816059927830737e-01,7.970584204997030464e-02,1.222308500433928607e-01,7.573196912255059088e-02,1.939737206717519896e-02,6.973309581449169126e-02,1.665677004826504604e-02,8.906956561458000479e-03,1.985413907032689343e-02,1.233270908509569337e-02,3.002481767383790787e-02,1.326146865817080106e-02,5.450752904276861405e-03,1.243928805249775414e-02,1.263722042053015346e-02,1.499718327014723171e-02,1.167800971391159959e-02,2.012819927221790733e-02,7.414851017829138420e-03,1.781391312291600139e-03,1.656541664763470922e-02,3.343534463070387680e-02,3.654136025213538391e-02,1.478402533534310843e-02,3.690677385465673810e-02,5.109700208590264858e-02,5.651730385663606554e-02,1.568233377487476821e-02,6.725132843070083521e-02,3.882519526789384584e-02,5.727858219522221489e-02,4.716880585879809629e-02,8.281185767140181175e-02,2.518308744042997011e-02,1.982368793678344551e-02,2.772575709130772545e-02,1.254586701989981491e-02,2.646203504925470976e-02,2.627932824799403266e-02,4.476316630886584963e-02,3.477519450661550882e-02,7.574719468932231137e-02,9.159700969868603271e-02,2.958327623745794083e-02,7.070753208788196909e-02,1.964098113552276981e-01,7.857915010886280804e-02,1.020417485040880645e-01,7.271730690174942058e-02,1.916898856559935346e-02,5.563422098387612452e-02
5.161467135614123541e-02,7.606693159152849715e-02,6.301862086816181763e-02,3.459248770535483519e-02,1.250019031958464755e-01,1.797834924405060930e-01,2.036419555717961516e-01,2.452838806924587806e-02,2.204357557210067098e-01,1.242863015575754876e-01,1.321426940117845783e-01,9.092708476073022017e-02,0.000000000000000000e+00,7.433121697955206997e-02,7.320452503844455949e-02,5.117312991976126491e-02,3.751579652552566174e-02,9.911843968391723103e-02,9.429193501728101723e-02,1.248496475281292289e-01,7.937087958099239837e-02,2.008100001522556688e-01,2.098539868146591658e-01,9.768723640737526914e-02,2.075397006653572629e-01,4.607561016458837644e-01,2.535970401498195970e-01,3.942965026873125334e-01,2.428477900089830721e-01,6.186147779351086617e-02,2.223846282677872654e-01,5.321335586717215738e-02,2.822820079477458485e-02,6.225734252957566134e-02,3.963215030679517054e-02,9.630170983114846872e-02,4.299700056334596759e-02,1.723534158559052523e-02,4.024117297766409418e-02,4.008891730994686153e-02,4.694042235722224732e-02,3.715038292300430756e-02,6.444982414470379339e-02,2.404116993255073914e-02,5.831392073569938682e-03,5.275658886402046638e-02,1.063353583337139779e-01,1.162167511685622545e-01,4.799098646447114147e-02,1.183635560833752043e-01,1.639641285646858127e-01,1.848231550419464353e-01,5.062500951597923016e-02,2.170252287641407374e-01,1.242253992904885918e-01,1.837878165014692755e-01,1.503372463039936713e-01,2.682440353842171499e-01,8.084775955784953561e-02,6.329268107005282806e-02,8.890208438009104819e-02,4.063703771372889628e-02,8.590264772606159838e-02,8.279663210463009126e-02,1.428310418855341934e-01,1.108573516649157265e-01,2.417058725011038411e-01,2.934575739581906095e-01,9.430716058405273772e-02,2.280637646736399793e-01,6.308713591863457371e-01,2.509477915315397878e-01,3.300446109106411341e-01,2.333622619101995976e-01,6.143516192390261615e-02,1.770276648548242127e-01
1.286560392210600069e-02,1.959530443520760001e-02,1.638270984637403213e-02,8.632896359566984840e-03,3.099925394722818570e-02,4.616391845186437054e-02,5.083816745078335864e-02,6.120677842232677413e-03,5.653252942340778603e-02,3.212594588833569270e-02,3.409004400188796885e-02,2.329511716073630681e-02,7.433121697955206997e-02,0.000000000000000000e+00,1.881880052984972324e-02,1.315488969076873856e-02,9.546430365870370305e-03,2.490902723853895620e-02,2.445226023538726173e-02,3.262838959180255211e-02,2.005207143835929448e-02,5.109700208590264858e-02,5.385282967158452200e-02,2.463496703664793883e-02,5.252820536244461741e-02,1.167953227058877302e-01,6.586580185447403479e-02,1.002755827585681825e-01,6.239437263052117350e-02,1.594116840999406162e-02,5.683704075884225132e-02,1.361165669392043129e-02,7.201693083025016012e-03,1.591071727645061717e-02,1.000319736902206130e-02,2.416297446672452387e-02,1.084060354146683045e-02,4.506767764430030625e-03,1.010977633642412381e-02,1.007932520288067763e-02,1.186071651517227668e-02,9.302821297522800847e-03,1.639793541314575262e-02,6.014098874830615775e-03,1.492105543628861625e-03,1.294173175596461528e-02,2.752782472327532440e-02,3.010094550769652419e-02,1.198252104934606141e-02,2.984211087257723077e-02,4.235752675893360297e-02,4.620959515217953895e-02,1.271334825438876978e-02,5.549719088293061930e-02,3.174530671904261803e-02,4.701655019108086364e-02,3.774418002710151071e-02,6.789080223511320678e-02,2.056974070859787784e-02,1.620000304511335504e-02,2.276222232372599949e-02,1.041428767185858563e-02,2.160507924907504804e-02,2.148327471490126331e-02,3.675451818693950545e-02,2.786278719225323067e-02,6.184625222673913875e-02,7.462050274821480089e-02,2.375188416388800128e-02,5.831392073569938855e-02,1.599293533701792169e-01,6.467820764627962848e-02,8.358836157675969547e-02,5.994305638027375843e-02,1.575846160873338453e-02,4.529606114587615695e-02
1.326146865817080106e-02,2.006729700513101497e-02,1.661109334794987763e-02,8.419738424762861564e-03,3.078609601242406416e-02,4.694042235722224732e-02,4.980282891030618497e-02,6.242482376406462141e-03,5.685226632561397181e-02,3.087744941305440097e-02,3.349624689779077263e-02,2.308195922593218527e-02,7.320452503844455949e-02,1.881880052984972324e-02,0.000000000000000000e+00,1.309398742368184619e-02,9.333272431066247030e-03,2.501560620594101697e-02,2.443703466861553777e-02,3.364850256550799834e-02,2.006729700513101497e-02,5.307632576622664522e-02,5.511655171363753769e-02,2.474154600404999960e-02,5.309155133299837265e-02,1.185919395849510533e-01,6.734268183133117203e-02,9.946862771966685779e-02,6.333835777036800341e-02,1.600207067708095399e-02,5.714155209427670967e-02,1.306353629013840001e-02,7.414851017829138420e-03,1.592594284322233766e-02,9.881392834848276574e-03,2.416297446672452387e-02,1.047518993894547799e-02,4.552444464745199898e-03,9.607332632957262669e-03,1.000319736902206130e-02,1.199774661611778537e-02,9.241919030435908483e-03,1.606297294416784635e-02,5.724813106167877044e-03,1.507331110400584716e-03,1.309398742368184619e-02,2.810639626060080012e-02,3.048158467698960233e-02,1.176936311454193813e-02,2.950714840359932450e-02,4.307312839720458392e-02,4.503722651075686007e-02,1.274379938793221596e-02,5.494907047914858456e-02,3.075564487888061624e-02,4.595076051706024900e-02,3.771372889355806279e-02,6.696204266203809041e-02,2.064586854245649417e-02,1.647406324700436894e-02,2.265564335632393872e-02,1.001842293579378526e-02,2.186391388419433798e-02,2.122444007978196989e-02,3.821617259702492220e-02,2.777143379162289386e-02,6.336880890391144439e-02,7.545790892065956657e-02,2.413252333318107595e-02,5.799418383349320277e-02,1.620152560179052570e-01,6.647482452534295150e-02,8.346655704258590380e-02,6.116110172201159878e-02,1.574323604196166057e-02,4.575282814902784795e-02
8.861279861142830339e-03,1.347462659297492434e-02,1.126691941107507700e-02,5.983647741287169593e-03,2.154417698198815567e-02,3.208026918802052430e-02,3.515583367590858349e-02,4.232707562539015853e-03,3.934286453813243267e-02,2.180301161710744562e-02,2.320376376010597000e-02,1.584981500936372481e-02,5.117312991976126491e-02,1.315488969076873856e-02,1.309398742368184619e-02,0.000000000000000000e+00,6.501317011525753822e-03,1.722011601881880127e-02,1.662631891472160159e-02,2.270132005663910713e-02,1.374868679486593824e-02,3.574963078000578665e-02,3.739399199135187701e-02,1.691560468338433945e-02,3.655658581890711134e-02,8.095433852525160678e-02,4.581373041611473684e-02,6.900226860944898288e-02,4.310357953074803183e-02,1.082537797469510822e-02,3.908402990301314273e-02,9.272370163979354665e-03,4.933083634038277175e-03,1.100808477595578531e-02,6.927632881134000373e-03,1.694605581692778390e-02,7.399625451057415329e-03,3.075564487888061797e-03,6.912407314362277282e-03,6.927632881134000373e-03,8.221806056730462248e-03,6.455640311210584549e-03,1.135827281170541554e-02,4.141354161908677306e-03,1.050564107248892418e-03,8.922182128229722703e-03,1.901673289788212429e-02,2.098083101143440043e-02,8.252257190273908430e-03,2.040225947410892471e-02,2.918741150139313872e-02,3.165395331841228121e-02,8.693798626653877204e-03,3.826184929734009060e-02,2.169643264970538485e-02,3.200414135416190797e-02,2.592914021224440244e-02,4.649888092084227681e-02,1.423590493156107716e-02,1.125169384430335477e-02,1.581936387582027689e-02,7.049437415307785101e-03,1.504285997046240012e-02,1.482970203565827684e-02,2.565508001035338506e-02,1.892537949725178401e-02,4.313403066429147975e-02,5.167557362322812431e-02,1.642838654668920054e-02,4.033252637829443099e-02,1.109943817658612386e-01,4.517425661170237222e-02,5.778102589868908123e-02,4.136786491877160465e-02,1.090150580855372281e-02,3.124286301557575515e-02
6.486091444754030731e-03,9.927069535163446715e-03,8.054324822241507378e-03,4.369737663484522805e-03,1.603252181062440190e-02,2.292970355821495609e-02,2.612707258027680002e-02,3.212594588833569183e-03,2.804549399351390776e-02,1.572801047518994008e-02,1.697650695047123182e-02,1.154097961296609264e-02,3.751579652552566174e-02,9.546430365870370305e-03,9.333272431066247030e-03,6.501317011525753822e-03,0.000000000000000000e+00,1.246973918604120032e-02,1.211955115029157010e-02,1.607819851093957031e-02,1.007932520288067763e-02,2.560940331003821666e-02,2.697970431949329312e-02,1.254586701989981491e-02,2.641635834893953788e-02,5.858798093759039899e-02,3.226297598928119792e-02,5.033572374731649229e-02,3.109060734785852251e-02,8.176129356415292107e-03,2.859361439729593904e-02,6.714474946329877098e-03,3.684587158756984573e-03,7.917294721296000426e-03,5.070113734983784995e-03,1.216522785060673850e-02,5.344173936874799767e-03,2.238158315443292221e-03,4.963534767581723357e-03,5.161467135614123541e-03,5.937971040972000319e-03,4.567670031516922989e-03,8.115227089328399743e-03,3.029887787572892524e-03,7.612783385861539038e-04,6.623121545699538551e-03,1.384004019549627679e-02,1.467744636794104593e-02,6.059775575145785048e-03,1.521034120495135498e-02,2.087425204403233966e-02,2.344737282845353946e-02,6.501317011525753822e-03,2.734511792201464730e-02,1.589549170967889322e-02,2.358440292939904814e-02,1.927556753300141770e-02,3.424229966960520150e-02,1.041428767185858563e-02,8.008648121926338972e-03,1.134304724493369332e-02,5.222369402701015906e-03,1.097763364241233913e-02,1.044473880540203181e-02,1.837725909346975273e-02,1.408364926384384624e-02,3.109060734785852251e-02,3.760714992615599855e-02,1.207387444997639996e-02,2.894380243304556927e-02,7.996467668508960847e-02,3.192801352030329165e-02,4.220527109121637033e-02,2.978120860549033841e-02,7.856392454209108062e-03,2.256428995569360191e-02
1.741804838685119886e-02,2.595959134578784688e-02,2.154417698198815567e-02,1.157143074650953882e-02,4.167237625420606301e-02,6.094794378720747724e-02,6.834756923826489083e-02,8.297933890589076836e-03,7.436166811309551095e-02,4.194643645609708038e-02,4.445865497343138434e-02,3.063384034470683151e-02,9.911843968391723103e-02,2.490902723853895620e-02,2.501560620594101697e-02,1.722011601881880127e-02,1.246973918604120032e-02,0.000000000000000000e+00,3.206504362124880381e-02,4.246410572633566027e-02,2.667519298405883130e-02,6.845414820566696201e-02,7.165151722772880594e-02,3.282632195983495316e-02,6.997670488283926071e-02,1.562447662114222202e-01,8.645076812984363313e-02,1.331628069854900454e-01,8.224851170084807039e-02,2.066109410922821465e-02,7.494023965042098667e-02,1.784436425645944541e-02,9.576881499413816487e-03,2.119398894623852544e-02,1.339849875911630801e-02,3.236955495668326216e-02,1.441861173282175425e-02,5.937971040972000319e-03,1.344417545943147815e-02,1.350507772651836878e-02,1.603252181062440190e-02,1.263722042053015346e-02,2.162030481584676853e-02,7.978196988382892790e-03,1.964098113552277015e-03,1.775301085582910859e-02,3.616072108284230924e-02,3.981485710805584416e-02,1.600207067708095399e-02,3.987575937514273999e-02,5.560376985033267661e-02,6.158741759161984880e-02,1.708308591787329259e-02,7.346335967356384944e-02,4.168760182097778350e-02,6.201373346122809188e-02,5.051843054857717286e-02,9.004400188797027915e-02,2.719286225429741466e-02,2.160507924907504804e-02,3.013139664123996864e-02,1.359643112714870733e-02,2.891335129950212482e-02,2.809117069382907617e-02,4.878271593660073874e-02,3.724173632363464437e-02,8.209625603313083775e-02,9.933159761872135951e-02,3.171485558549917011e-02,7.728497693326634443e-02,2.133558671721554889e-01,8.555245969031197162e-02,1.109182539320026223e-01,7.911204494587310843e-02,2.052406400828270944e-02,5.986692854641514211e-02
1.647406324700436894e-02,2.542669650877753956e-02,2.110263554560818516e-02,1.091673137532544677e-02,3.993666164222962889e-02,5.886204113948141636e-02,6.501317011525753475e-02,7.886843587752554244e-03,7.139268259260951599e-02,4.013459401026202994e-02,4.325583519846526448e-02,2.937011830265381582e-02,9.429193501728101723e-02,2.445226023538726173e-02,2.443703466861553777e-02,1.662631891472160159e-02,1.211955115029157010e-02,3.206504362124880381e-02,0.000000000000000000e+00,4.145921831940194147e-02,2.570075671066855347e-02,6.597238082187609209e-02,6.938290777874206450e-02,3.169963001872744962e-02,6.741880966518978835e-02,1.497739003334399022e-01,8.406035414668311390e-02,1.269507757426270311e-01,7.949268411516619004e-02,2.023477823961997157e-02,7.282388586915147788e-02,1.711353705141674050e-02,9.409400264924861618e-03,2.053928957505442993e-02,1.274379938793221596e-02,3.165395331841228121e-02,1.362688226069215351e-02,5.831392073569938682e-03,1.262199485375843123e-02,1.301785958982323160e-02,1.524079233849480117e-02,1.183026538162883050e-02,2.075244750985855494e-02,7.506204418459476967e-03,1.979323680324000106e-03,1.665677004826504604e-02,3.571917964646233873e-02,3.823139816379664963e-02,1.537782243944030812e-02,3.841410496505732325e-02,5.469023584402929461e-02,5.854230423727523058e-02,1.618477747834163108e-02,7.022031395118683017e-02,3.998233834254480423e-02,5.942538711003517160e-02,4.793008419738424564e-02,8.648121926338707410e-02,2.646203504925470976e-02,2.081334977694544730e-02,2.935489273588209186e-02,1.312443855722529237e-02,2.777143379162289386e-02,2.679699751823261603e-02,4.776260296289529250e-02,3.555169841197338559e-02,7.975151875028547999e-02,9.547952922547542354e-02,3.020752447509858496e-02,7.410283347797622100e-02,2.041291737084912905e-01,8.310114344006455656e-02,1.068987043042677332e-01,7.740678146744012222e-02,2.028045493993513998e-02,5.808553723412353958e-02
2.204662068545501508e-02,3.434887863700726574e-02,2.851748656343732272e-02,1.444906286636520043e-02,5.298497236559630841e-02,8.034531585438267620e-02,8.543065515613819383e-02,1.049041550571720022e-02,9.744362733902769969e-02,5.376147627095418519e-02,5.790283043286286596e-02,3.947989463907793789e-02,1.248496475281292289e-01,3.262838959180255211e-02,3.364850256550799834e-02,2.270132005663910713e-02,1.607819851093957031e-02,4.246410572633566027e-02,4.145921831940194147e-02,0.000000000000000000e+00,3.421184853606175358e-02,9.027238538954612812e-02,9.363723564609692518e-02,4.159624842034744668e-02,9.068347569238265071e-02,1.998964661459522729e-01,1.153488938625740340e-01,1.699782274395164328e-01,1.084212609814400319e-01,2.746692245618843203e-02,9.765678527383181429e-02,2.259474108923704636e-02,1.233270908509569337e-02,2.708628328689535389e-02,1.682425128275399917e-02,4.171805295452123141e-02,1.796616879063323013e-02,7.749813486807046424e-03,1.648928881377609290e-02,1.703740921755812418e-02,2.023477823961997157e-02,1.559098037424443139e-02,2.787801275902495463e-02,9.835716134533108168e-03,2.588346351192923316e-03,2.186391388419433798e-02,4.803666316478630988e-02,5.210188949283636739e-02,1.999116917127240212e-02,5.025959591345787597e-02,7.340245740647695361e-02,7.701091673137532012e-02,2.136147018072747858e-02,9.403310038216172728e-02,5.360922060323695254e-02,7.859437567563452853e-02,6.352106457162867703e-02,1.141765252211513620e-01,3.547557057811476927e-02,2.857838883052421508e-02,3.912970660332831113e-02,1.744849952039464677e-02,3.707425508914569123e-02,3.637387901764643078e-02,6.524155361683338372e-02,4.686429452336363100e-02,1.084973888152986482e-01,1.284885579865710503e-01,4.045433091246821572e-02,9.955998112029720848e-02,2.741667808584174471e-01,1.136588559509127683e-01,1.433943878560879348e-01,1.043408090866182469e-01,2.751259915650360044e-02,7.807670640539593476e-02
1.411410039738729243e-02,2.095037987789095599e-02,1.700695808401467626e-02,9.226693463664184525e-03,3.345057019747560423e-02,4.882839263691590714e-02,5.459888244339895780e-02,6.668798246014707824e-03,5.972989844546962995e-02,3.355714916487766153e-02,3.587143531417957137e-02,2.489380167176723224e-02,7.937087958099239837e-02,2.005207143835929448e-02,2.006729700513101497e-02,1.374868679486593824e-02,1.007932520288067763e-02,2.667519298405883130e-02,2.570075671066855347e-02,3.421184853606175358e-02,0.000000000000000000e+00,5.475113811111618350e-02,5.732425889553738330e-02,2.650771174956987816e-02,5.587783005222369398e-02,1.252759633977374720e-01,6.939813334551378499e-02,1.064114861675725943e-01,6.598760638864781258e-02,1.688515354984089153e-02,6.044550008374061784e-02,1.435770946573486188e-02,7.810715753893938788e-03,1.708308591787329259e-02,1.071879900729304572e-02,2.595959134578784688e-02,1.152575404619437041e-02,4.750376832777600082e-03,1.079492684115166204e-02,1.079492684115166204e-02,1.285037835533427673e-02,1.010977633642412381e-02,1.722011601881880127e-02,6.379512477351969094e-03,1.522556677172307808e-03,1.435770946573486188e-02,2.911128366753452240e-02,3.151692321746676906e-02,1.278947608824738437e-02,3.194323908707501908e-02,4.477839187563757012e-02,4.926993407329587765e-02,1.376391236163766220e-02,5.846617640341661426e-02,3.381598379999695148e-02,4.969624994290412767e-02,4.110903028365230777e-02,7.232144216568461847e-02,2.174210935002055325e-02,1.729624385267741760e-02,2.396504209869212282e-02,1.093195694209716899e-02,2.321898932687769396e-02,2.250338768860670954e-02,3.903835320269796738e-02,3.007049437415307627e-02,6.592670412156093063e-02,7.943178184807929421e-02,2.554850104295132429e-02,6.163309429193501721e-02,1.712114983480260144e-01,6.846937377243868250e-02,8.861279861142831726e-02,6.346016230454178120e-02,1.647406324700436894e-02,4.805188873155803037e-02
