0.000000000000000000e+00,1.221693442780031301e-02,9.518029959436583032e-03,6.228241080839374937e-03,2.448177840237631200e-02,2.912900443961800173e-02,3.396786866396243887e-02,6.739276246446708300e-03,3.743332588073716716e-02,2.398671308569420846e-02,2.018588904148966787e-02,1.970679357373279414e-02,4.168130569484812531e-02,1.202529624069756387e-02,1.200932639177233405e-02,1.148232137723977087e-02,8.575808872848063660e-03,1.700788910536906243e-02,1.277587914018333409e-02,2.687725574116068758e-02,1.533105496822000091e-02,4.722284327190264669e-02,4.310262224919352014e-02,1.724743683924749929e-02,3.556485355648535823e-02,8.195726468427608213e-02,4.722284327190264669e-02,5.935992845507681581e-02,4.278322527068893766e-02,1.061994953527739712e-02,2.957616020952441929e-02,1.328691430579066746e-02,8.607748570698521562e-03,1.398958765850074996e-02,7.042703376026062702e-03,1.426107509022964646e-02,5.589447123830208232e-03,3.625155706027020832e-03,1.367019067999616748e-02,7.202401865278354812e-03,1.108307515410904276e-02,7.857165671212749600e-03,9.613849052987958471e-03,4.120221022709124811e-03,2.970391900092625177e-03,7.873135520137979418e-03,1.472420070906129211e-02,1.660864288223833432e-02,6.483758663643041618e-03,2.168705484046120832e-02,3.027883356223450007e-02,3.411159730428950376e-02,7.968954613689354857e-03,3.340892395157941952e-02,2.518445175508639625e-02,2.384298444536714703e-02,2.195854227219010482e-02,4.366156696157654643e-02,1.376600977354754292e-02,1.231275352135168845e-02,1.272796959340764637e-02,6.148391836213229315e-03,1.482001980261266755e-02,1.585805998275256409e-02,2.619055223737583316e-02,1.668849212686447994e-02,4.211249161582931305e-02,4.842058194129483795e-02,1.252036155737966741e-02,3.372832093008400201e-02,9.577118400459931624e-02,5.377048133124660845e-02,6.268165703152447921e-02,4.006835095339997960e-02,9.933246031492542691e-03,3.168418026765466855e-02
1.221693442780031301e-02,0.000000000000000000e+00,1.563448209779935358e-02,1.044428119709987605e-02,4.006835095339997960e-02,4.832476284774345904e-02,5.613401897218052439e-02,1.014085406752052165e-02,6.256986808904788089e-02,3.877479319045641637e-02,3.291385863489731251e-02,3.042256220256156496e-02,6.873422977418633395e-02,2.013797949471397841e-02,1.866875339359289759e-02,1.903605991887316606e-02,1.413331629882781312e-02,2.844230093583314731e-02,2.108020058130249952e-02,4.501900412022102199e-02,2.333194927975981367e-02,7.949790794979079422e-02,6.825513430642946022e-02,2.684531604331023141e-02,5.959947618895525268e-02,1.316873742374397027e-01,7.905075217988437319e-02,9.797502315628094094e-02,7.106582771726979719e-02,1.732728608387364491e-02,4.851640103484620992e-02,2.108020058130249952e-02,1.462838161550991667e-02,2.278897441630202067e-02,1.138650228368839716e-02,2.397074323676897864e-02,9.422210865885209327e-03,5.988693346960938073e-03,2.168705484046120832e-02,1.220096457887508319e-02,1.834935641508831164e-02,1.290363793158516743e-02,1.579418058705164482e-02,6.867035037848541641e-03,4.870803922194895906e-03,1.156217062186591649e-02,2.480117538088089796e-02,2.705292407933820864e-02,1.087546711808106380e-02,3.497396914625187925e-02,5.127918489891085396e-02,5.557507425979750504e-02,1.205723593854802177e-02,5.611804912325529110e-02,4.104251173783896034e-02,3.976492382382062346e-02,3.382414002363537397e-02,7.232744578236290078e-02,2.291673320770385575e-02,1.894024082532179409e-02,2.104826088345204335e-02,1.038040180139895852e-02,2.473729598517997869e-02,2.647800951802995947e-02,4.404484333578204125e-02,2.473729598517997869e-02,7.033121466670924637e-02,7.616020952441790448e-02,1.980261266728416611e-02,5.610207927433006475e-02,1.535500974160784460e-01,8.893608866460123163e-02,1.034846210354850027e-01,6.699351624133635663e-02,1.614551726340668694e-02,5.196588840269571186e-02
9.518029959436583032e-03,1.563448209779935358e-02,0.000000000000000000e+00,7.905075217988437319e-03,3.055032099396339657e-02,3.669871283017662328e-02,4.284710466638985693e-02,7.681497333035229406e-03,4.733463221437925195e-02,2.964003960522533510e-02,2.504072311475933482e-02,2.337985882653549966e-02,5.223737583442460836e-02,1.541090421284614653e-02,1.435689418378102190e-02,1.458047206873422895e-02,1.063591938420262520e-02,2.151138650228368726e-02,1.603372832093008515e-02,3.463860231882206347e-02,1.793414034303235371e-02,6.081318470727267028e-02,5.236513462582643996e-02,2.058513526462039597e-02,4.513079306269762725e-02,1.009933246031492482e-01,5.980708422498322990e-02,7.480277236577341504e-02,5.405793861190073130e-02,1.320706506116452184e-02,3.693826056405506708e-02,1.565045194672458340e-02,1.122680379443610418e-02,1.755086396882685543e-02,8.879236002427416327e-03,1.826950717046216602e-02,7.058673224951291653e-03,4.567376792615541505e-03,1.598581877415439570e-02,9.438180714810437411e-03,1.410137660097735522e-02,9.933246031492542691e-03,1.221693442780031301e-02,5.158261202849021357e-03,3.736944648503625222e-03,9.134753585231083009e-03,1.887636142962087482e-02,2.048931617106902053e-02,8.256411894343479441e-03,2.694113513686160685e-02,3.858315500335366549e-02,4.233606950078252357e-02,9.102813887380625107e-03,4.287904436424031657e-02,3.136478328915008607e-02,3.019898431760835444e-02,2.585518540994602085e-02,5.487240090708742080e-02,1.764668306237823087e-02,1.475614040691175001e-02,1.593790922737870971e-02,7.761346577661375028e-03,1.874860263821904321e-02,2.024976843719058367e-02,3.382414002363537397e-02,1.913187901242454150e-02,5.375451148232137516e-02,5.881695359161902281e-02,1.512344693219202195e-02,4.241591874540866919e-02,1.173464499025839158e-01,6.779200868759781284e-02,7.897090293525822757e-02,5.135903414353699958e-02,1.248842185952920951e-02,3.973298412597017076e-02
6.228241080839374937e-03,1.044428119709987605e-02,7.905075217988437319e-03,0.000000000000000000e+00,2.063304481139608543e-02,2.436998945989971022e-02,2.885751700788910523e-02,5.062442109297645917e-03,3.184387875690695979e-02,2.005813025008783279e-02,1.659267303331310450e-02,1.542687406177137635e-02,3.494202944840141961e-02,1.015682391644574974e-02,9.374301319109521607e-03,9.709668146539333911e-03,7.186432016353124994e-03,1.450062282410808333e-02,1.054010029065124976e-02,2.288479350985339611e-02,1.181768820466958317e-02,4.027595898942795682e-02,3.443099428279408625e-02,1.368616052892139556e-02,3.032674310901018952e-02,6.669008911175700050e-02,4.003641125554951996e-02,4.961832061068702227e-02,3.604394902424223196e-02,8.671627966399437365e-03,2.480117538088089796e-02,1.058800983742693748e-02,7.633587786259541687e-03,1.189753744929573052e-02,5.924813951260021402e-03,1.221693442780031301e-02,4.774984828643521334e-03,3.034271295793541847e-03,1.090740681593152170e-02,6.340030023315979327e-03,9.518029959436583032e-03,6.675396850745791630e-03,8.096713405091188198e-03,3.545306461400875211e-03,2.459356734485291813e-03,5.908844102334791584e-03,1.250439170845443759e-02,1.373407007569708328e-02,5.653326519531124902e-03,1.815771822798556423e-02,2.627040148200197878e-02,2.841036123798268767e-02,6.116452138362771414e-03,2.836245169120700169e-02,2.120795937270433459e-02,2.026573828611581349e-02,1.739116547957456418e-02,3.682647162157846182e-02,1.176977865789389718e-02,9.581909355137500570e-03,1.046025104602510414e-02,5.270050145325624880e-03,1.245648216167874987e-02,1.336676355041681308e-02,2.224599955284423114e-02,1.271199974448241656e-02,3.532530582260692137e-02,3.869494394583027075e-02,1.018876361429620937e-02,2.834648184228177187e-02,7.806062154652017304e-02,4.503497396914625528e-02,5.238110447475166631e-02,3.404771790858858449e-02,8.208502347567791721e-03,2.649397936695518929e-02
2.448177840237631200e-02,4.006835095339997960e-02,3.055032099396339657e-02,2.063304481139608543e-02,0.000000000000000000e+00,9.430195790347822848e-02,1.110543294260436242e-01,1.980261266728416611e-02,1.215784598677696476e-01,7.731003864703439588e-02,6.439043086652400383e-02,5.990290331853460881e-02,1.346258264396818782e-01,3.934970775176466901e-02,3.653901434092433204e-02,3.773675301031652329e-02,2.770768788527260690e-02,5.591044108722731387e-02,4.099460219106327435e-02,8.785013893768564563e-02,4.639241112779073084e-02,1.545721677472930988e-01,1.338752435401961149e-01,5.292407933820945931e-02,1.164361685138458613e-01,2.576735124085726136e-01,1.539174039413587214e-01,1.920214634769555062e-01,1.384426203328116556e-01,3.376026062793446164e-02,9.514835989651537762e-02,4.139384841419400246e-02,2.922482353316937717e-02,4.564182822830496061e-02,2.291673320770385575e-02,4.757417994825768881e-02,1.854099460219106252e-02,1.162605001756683402e-02,4.249576799003481481e-02,2.443386885560062602e-02,3.674662237695231620e-02,2.587115525887125067e-02,3.146060238270145804e-02,1.367019067999616748e-02,9.454150563735667229e-03,2.334791912868504349e-02,4.770193873965952042e-02,5.311571752531221019e-02,2.146347695550800128e-02,6.993196844357851827e-02,1.000031939697850480e-01,1.099524098502028119e-01,2.377910504966623123e-02,1.093615254399693398e-01,8.186144559072471016e-02,7.786898335941741522e-02,6.726500367306524619e-02,1.414768916286051892e-01,4.541825034335175010e-02,3.725765754255964957e-02,4.048356702545594099e-02,2.028170813504104331e-02,4.795745632246319057e-02,5.164649142419112937e-02,8.519914401609761379e-02,4.969816985531316789e-02,1.354881982816442676e-01,1.499568814079018930e-01,3.931776805391420937e-02,1.089622792168386117e-01,3.013989587658501001e-01,1.735124085726149068e-01,2.028330511993356455e-01,1.308090325465521009e-01,3.174805966335558782e-02,1.023986713085694167e-01
2.912900443961800173e-02,4.832476284774345904e-02,3.669871283017662328e-02,2.436998945989971022e-02,9.430195790347822848e-02,0.000000000000000000e+00,1.326136254751029975e-01,2.349164776901210491e-02,1.471302181481363158e-01,9.022964642754480180e-02,7.657542559647385894e-02,7.124149605544731478e-02,1.611996550512632131e-01,4.736657191222971158e-02,4.431633076751093775e-02,4.498706442237056236e-02,3.294579833274777214e-02,6.625890319077581969e-02,4.933086333003289942e-02,1.062154652016991940e-01,5.464882302213421028e-02,1.877894535117697883e-01,1.611996550512632131e-01,6.338433038423456345e-02,1.396563288511290801e-01,3.108690791785109764e-01,1.850905490434060496e-01,2.303331310485802752e-01,1.672522277939250679e-01,4.099460219106327435e-02,1.139289022325848805e-01,4.880385831550033277e-02,3.478233095914912837e-02,5.385033057587275407e-02,2.708486377718866828e-02,5.645341595068510687e-02,2.176690408508735394e-02,1.411734644990258331e-02,4.979398894886454680e-02,2.877766776326295961e-02,4.308665240026829379e-02,3.027883356223450007e-02,3.751317512536331278e-02,1.606566801878054132e-02,1.159411031971637612e-02,2.737232105784279113e-02,5.822606918138554383e-02,6.387939570091666353e-02,2.566354722284327344e-02,8.194129483535085579e-02,1.212910025871155317e-01,1.302660576830943218e-01,2.807499441055287537e-02,1.326455651729534502e-01,9.546775687501996011e-02,9.280079210450668803e-02,7.951387779871602057e-02,1.693123383052796416e-01,5.445718483503145940e-02,4.493915487559487637e-02,4.933086333003289942e-02,2.398671308569420846e-02,5.801846114535756660e-02,6.249001884442172833e-02,1.041234149924941677e-01,5.805040084320802624e-02,1.659906097288319782e-01,1.798045290491551984e-01,4.683956689769714493e-02,1.307770928487016482e-01,3.611581334440576163e-01,2.103229103452681215e-01,2.431090101887636024e-01,1.582771726979462779e-01,3.815196908237247775e-02,1.223450126161806512e-01
3.396786866396243887e-02,5.613401897218052439e-02,4.284710466638985693e-02,2.885751700788910523e-02,1.110543294260436242e-01,1.326136254751029975e-01,0.000000000000000000e+00,2.750007984924462620e-02,1.720591523204190454e-01,1.079402088856239450e-01,9.037337506787185282e-02,8.393752595100451019e-02,1.895940464403206849e-01,5.525567728129291561e-02,5.113545625858379601e-02,5.279632054680762770e-02,3.901434092433485323e-02,7.861956625890319239e-02,5.755533552652591922e-02,1.233511130984700915e-01,6.488549618320610390e-02,2.174294931169951095e-01,1.879172123031715991e-01,7.394040052381103956e-02,1.637708007282251133e-01,3.618767766456929547e-01,2.165511514261075077e-01,2.695550800089431265e-01,1.947842473410201503e-01,4.715896387620173436e-02,1.330448113960842060e-01,5.886486313839470880e-02,4.056341627008208661e-02,6.276150627615062483e-02,3.147657223162669132e-02,6.675396850745791977e-02,2.622249193522629279e-02,1.619342681018237640e-02,6.058960682231945977e-02,3.398383851288766522e-02,5.095978792040627148e-02,3.588425053498994072e-02,4.422051167395956578e-02,1.946724583985435381e-02,1.331885400364112536e-02,3.211536618863585629e-02,6.699351624133635663e-02,7.509022964642754483e-02,3.023092401545881408e-02,9.810278194768277948e-02,1.406304896355680401e-01,1.547318662365453901e-01,3.305758727522437740e-02,1.546999265386949374e-01,1.146794851320706438e-01,1.097767415120252943e-01,9.353540515506723885e-02,1.995272924718132224e-01,6.391133539876713010e-02,5.182215976236864696e-02,5.674087323133922972e-02,2.853812002938452275e-02,6.772812929189689357e-02,7.288639049474592013e-02,1.201252036155738001e-01,6.889392826343862519e-02,1.909514835989651604e-01,2.099396339710626336e-01,5.520776773451722963e-02,1.531987607397234108e-01,4.206617905394615109e-01,2.439394423328755390e-01,2.850138937685649521e-01,1.844038455396211917e-01,4.447602925676322899e-02,1.429461177297262631e-01
6.739276246446708300e-03,1.014085406752052165e-02,7.681497333035229406e-03,5.062442109297645917e-03,1.980261266728416611e-02,2.349164776901210491e-02,2.750007984924462620e-02,0.000000000000000000e+00,3.002331597943083338e-02,1.909993931457408534e-02,1.633715545050943782e-02,1.573030119135072902e-02,3.377623047685968799e-02,9.933246031492542691e-03,9.677728448688876009e-03,9.358331470184291789e-03,6.835095339998083740e-03,1.373407007569708328e-02,1.039637165032418833e-02,2.195854227219010482e-02,1.232872337027691653e-02,3.853524545657797951e-02,3.460666262097160384e-02,1.392570826279983416e-02,2.911303459069277191e-02,6.662620971605608122e-02,3.840748666517614790e-02,4.853237088377143627e-02,3.487815005270050034e-02,8.671627966399437365e-03,2.398671308569420846e-02,1.036443195247373043e-02,7.106582771726979372e-03,1.148232137723977087e-02,5.717205915232041573e-03,1.162605001756683402e-02,4.471557699064166932e-03,2.954422051167395792e-03,1.065188923312785502e-02,5.956753649110479304e-03,9.070874189530167206e-03,6.340030023315979327e-03,7.761346577661375028e-03,3.273819029671979144e-03,2.411447187709604093e-03,6.419879267942124948e-03,1.218499472994985511e-02,1.330288415471589554e-02,5.254080296400395929e-03,1.747101472420070981e-02,2.454565779807723128e-02,2.750007984924462620e-02,6.276150627615062656e-03,2.710083362611389809e-02,2.021782873934012750e-02,1.937142674630297837e-02,1.769459260915391685e-02,3.550097416078443896e-02,1.124277364336133400e-02,9.997125427193458494e-03,1.036443195247373043e-02,5.014532562521958198e-03,1.200932639177233405e-02,1.296751732728608324e-02,2.151138650228368726e-02,1.338273339934204290e-02,3.468651186559774946e-02,3.906225047111054616e-02,1.007697467181960412e-02,2.745217030246894022e-02,7.806062154652017304e-02,4.345395892554856226e-02,5.115142610750902236e-02,3.275416014564502126e-02,8.128653102941646100e-03,2.588712510779648049e-02
3.743332588073716716e-02,6.256986808904788089e-02,4.733463221437925195e-02,3.184387875690695979e-02,1.215784598677696476e-01,1.471461879970615561e-01,1.720591523204190454e-01,3.002331597943083338e-02,0.000000000000000000e+00,1.168194448880513631e-01,9.920470152352359183e-02,9.193842026254431254e-02,2.087578651505956617e-01,6.119646108147817204e-02,5.674087323133922972e-02,5.816218978568462455e-02,4.259158708358618678e-02,8.630106359193842613e-02,6.357596857133732127e-02,1.377878565268772504e-01,7.055479255166245689e-02,2.438276533903989407e-01,2.079434028554089930e-01,8.120668178479031885e-02,1.812098757545753669e-01,4.015937909227378921e-01,2.399789197994187107e-01,2.987000542974863615e-01,2.165032418793318147e-01,5.270050145325624880e-02,1.471142482992110756e-01,6.316075249928135293e-02,4.447602925676322899e-02,6.908556645054138301e-02,3.479830080807435472e-02,7.310996837969913065e-02,2.857005972723497891e-02,1.806189913443418879e-02,6.451818965792584237e-02,3.748123542751285314e-02,5.563895365549841737e-02,3.906225047111054616e-02,4.858028043054712919e-02,2.080871314957360649e-02,1.494777859401450089e-02,3.524545657798077575e-02,7.528186783353028877e-02,8.273978728161231200e-02,3.312146667092528973e-02,1.064550129355776309e-01,1.570634641796288533e-01,1.690408508735507243e-01,3.602797917531699867e-02,1.731610718962598716e-01,1.245009422210865829e-01,1.207001181768820458e-01,1.024465808553451096e-01,2.201283975853588482e-01,7.076240058769044106e-02,5.769906416685298411e-02,6.352805902456162834e-02,3.112523555527164573e-02,7.521798843782938337e-02,8.127056118049123812e-02,1.351368616052892047e-01,7.465904372544636403e-02,2.151617745696125794e-01,2.322654827685330103e-01,6.058960682231945977e-02,1.696636749816346768e-01,4.651218499472994927e-01,2.723338337219329830e-01,3.160273403813599891e-01,2.057076240058769157e-01,4.985786834456545913e-02,1.577980772301894041e-01
2.398671308569420846e-02,3.877479319045641637e-02,2.964003960522533510e-02,2.005813025008783279e-02,7.731003864703439588e-02,9.022964642754480180e-02,1.079402088856239450e-01,1.909993931457408534e-02,1.168194448880513631e-01,0.000000000000000000e+00,6.245807914657127563e-02,5.779488326040435608e-02,1.293398064454310270e-01,3.827972787377431629e-02,3.529336612475646173e-02,3.655498418984956532e-02,2.673352710083362616e-02,5.412181800760165057e-02,3.962119518349356551e-02,8.537481235427513138e-02,4.524258200517423251e-02,1.493979366955188737e-01,1.298508416110383534e-01,5.092784822255581184e-02,1.122840077932862751e-01,2.473889297007250410e-01,1.484557156089303387e-01,1.857453128493404548e-01,1.337794244466447291e-01,3.308952697307483704e-02,9.174678207544156860e-02,3.911016001788623214e-02,2.786738637452489814e-02,4.398096394008112892e-02,2.181481363186304340e-02,4.639241112779073084e-02,1.810980868120987478e-02,1.119486409658564628e-02,4.062729566578299895e-02,2.353955731578779437e-02,3.543709476508351969e-02,2.484908492765658394e-02,3.074195918106614744e-02,1.317512536331406220e-02,9.022964642754479486e-03,2.254942668242358381e-02,4.570570762400587989e-02,5.095978792040627148e-02,2.058513526462039597e-02,6.827110415535468657e-02,9.554760611964610573e-02,1.062154652016991940e-01,2.278897441630202067e-02,1.052572742661854466e-01,8.004088281324858722e-02,7.524992813567983607e-02,6.469385799610335996e-02,1.365102686128589204e-01,4.430036091858571140e-02,3.558082340541058458e-02,3.888658213293302163e-02,1.965888402695710468e-02,4.626465233638889923e-02,4.971413970423840117e-02,8.210099332460314703e-02,4.803730556708933619e-02,1.303938164744961603e-01,1.451499568814079155e-01,3.760899421891469169e-02,1.050017566833817695e-01,2.894854514676291068e-01,1.680028106934108312e-01,1.965888402695710468e-01,1.260021080200581234e-01,3.098150691494458431e-02,9.800696285413139364e-02
2.018588904148966787e-02,3.291385863489731251e-02,2.504072311475933482e-02,1.659267303331310450e-02,6.439043086652400383e-02,7.657542559647385894e-02,9.037337506787185282e-02,1.633715545050943782e-02,9.920470152352359183e-02,6.245807914657127563e-02,0.000000000000000000e+00,4.942668242358427139e-02,1.100162892459037312e-01,3.243476316714043878e-02,3.027883356223450007e-02,3.071001948321568781e-02,2.243763773994697855e-02,4.530646140087514484e-02,3.380817017471014763e-02,7.237535532913857983e-02,3.813599923344725140e-02,1.274074547254782919e-01,1.106231435050624434e-01,4.339007952984764993e-02,9.549969657287042668e-02,2.123351113098470022e-01,1.262576256028618005e-01,1.576224088920118727e-01,1.137692037433325892e-01,2.804305471270241920e-02,7.793286275511833450e-02,3.329713500910281426e-02,2.337985882653549966e-02,3.674662237695231620e-02,1.844517550863968708e-02,3.859912485227889878e-02,1.505956753649110441e-02,9.581909355137500570e-03,3.407965760643904413e-02,1.965888402695710468e-02,2.951228081382350002e-02,2.077677345172314685e-02,2.567951707176849979e-02,1.097128621163243750e-02,7.761346577661375028e-03,1.924366795490114676e-02,3.963716503241879185e-02,4.335813983199719029e-02,1.740713532849979400e-02,5.680475262704014899e-02,8.170174710147241892e-02,8.944712383020857194e-02,1.938739659522820818e-02,9.013382733399341595e-02,6.614711424829920750e-02,6.343223993101025637e-02,5.488837075601264714e-02,1.156696157654348578e-01,3.722571784470918993e-02,3.082180842569229307e-02,3.348877319620556514e-02,1.649685393976172906e-02,3.963716503241879185e-02,4.249576799003481481e-02,7.060270209843814981e-02,4.053147657223162698e-02,1.129068319013702137e-01,1.236226005301989811e-01,3.181193905905650016e-02,8.952697307483471756e-02,2.471972915136222693e-01,1.425309016576703225e-01,1.669008911175700327e-01,1.073333546264652327e-01,2.638219042447858403e-02,8.368200836820083310e-02
1.970679357373279414e-02,3.042256220256156496e-02,2.337985882653549966e-02,1.542687406177137635e-02,5.990290331853460881e-02,7.124149605544731478e-02,8.393752595100451019e-02,1.573030119135072902e-02,9.193842026254431254e-02,5.779488326040435608e-02,4.942668242358427139e-02,0.000000000000000000e+00,1.019355456897377693e-01,2.991152703695423160e-02,2.861796927401066837e-02,2.836245169120700169e-02,2.084065284742406265e-02,4.185697403302564984e-02,3.149254208055191767e-02,6.686575744993451809e-02,3.661886358555047766e-02,1.173464499025839158e-01,1.039637165032418764e-01,4.089878309751189545e-02,8.792998818231179126e-02,1.984413427448976364e-01,1.164042288159953947e-01,1.457248714427161473e-01,1.050336963812322361e-01,2.604682359704877173e-02,7.218371714203583589e-02,3.114120540419687555e-02,2.159123574690983288e-02,3.443099428279408625e-02,1.710370819892043787e-02,3.558082340541058458e-02,1.387779871602414644e-02,8.847296304576958426e-03,3.217924558433677557e-02,1.818965792583602040e-02,2.757992909387077182e-02,1.933948704845252220e-02,2.389089399214283302e-02,1.015682391644574974e-02,7.234341563128812713e-03,1.870069309144335376e-02,3.639528570059727408e-02,4.002044140662429361e-02,1.612954741448146059e-02,5.286019994250854698e-02,7.435561659586700789e-02,8.304321441119166813e-02,1.862084384681720814e-02,8.227666166278066462e-02,6.177137564278641774e-02,5.852949631096489996e-02,5.210961704302276981e-02,1.070139576479606502e-01,3.422338624676610902e-02,2.917691398639368772e-02,3.091762751924366850e-02,1.517135647896770967e-02,3.629946660704589517e-02,3.896643137755916725e-02,6.494937557890702318e-02,3.909419016896099885e-02,1.039317768053914237e-01,1.161806509310421981e-01,3.000734613050560703e-02,8.293142546871506982e-02,2.316586285093742981e-01,1.317672234820658483e-01,1.542687406177137566e-01,9.901306333642083402e-02,2.436998945989971022e-02,7.775719441694081691e-02
4.168130569484812531e-02,6.873422977418633395e-02,5.223737583442460836e-02,3.494202944840141961e-02,1.346258264396818782e-01,1.611996550512632131e-01,1.895940464403206849e-01,3.377623047685968799e-02,2.087578651505956617e-01,1.293398064454310270e-01,1.100162892459037312e-01,1.019355456897377693e-01,0.000000000000000000e+00,6.799961672362579701e-02,6.220256156376760548e-02,6.403909419016895477e-02,4.680762719984669223e-02,9.498866140726308638e-02,7.029927496885879368e-02,1.501964291417803299e-01,7.871538535245456436e-02,2.666006579577757107e-01,2.291353923791880909e-01,8.975055095978791420e-02,1.997987799035421119e-01,4.439298604235203949e-01,2.629595324028234926e-01,3.300808074355616739e-01,2.379986585326902826e-01,5.849755661311444033e-02,1.621259062889265079e-01,7.063464179628860251e-02,4.872400907087418714e-02,7.544156632278258001e-02,3.784854195279312855e-02,8.067967677025775219e-02,3.114120540419687555e-02,1.988246191191031173e-02,7.291833019259637283e-02,4.091475294643712873e-02,6.121243093040339839e-02,4.302277300456737452e-02,5.345108435274202596e-02,2.304449199910568735e-02,1.625730620588329220e-02,3.974895397489539711e-02,8.296336516656552251e-02,9.157111373726405101e-02,3.642722539844773372e-02,1.180810629531444667e-01,1.703024689386438417e-01,1.884282474687789533e-01,4.033983838512887610e-02,1.891309208214890236e-01,1.378677057715033960e-01,1.327733239643552887e-01,1.145836660385192718e-01,2.437318342968475549e-01,7.742182758951100807e-02,6.363984796703822666e-02,7.029927496885879368e-02,3.449487367849499858e-02,8.302724456226644179e-02,8.928742534095628069e-02,1.477530422562202683e-01,8.467213900156504713e-02,2.366571912229710195e-01,2.573221757322175507e-01,6.689769714778498466e-02,1.873263278929381270e-01,5.168801303139671788e-01,2.970870995560381811e-01,3.496279025200421664e-01,2.255900859177872309e-01,5.487240090708742080e-02,1.751413331629882719e-01
1.202529624069756387e-02,2.013797949471397841e-02,1.541090421284614653e-02,1.015682391644574974e-02,3.934970775176466901e-02,4.736657191222971158e-02,5.525567728129291561e-02,9.933246031492542691e-03,6.119646108147817204e-02,3.827972787377431629e-02,3.243476316714043878e-02,2.991152703695423160e-02,6.799961672362579701e-02,0.000000000000000000e+00,1.826950717046216602e-02,1.886039158069564500e-02,1.379794947139800082e-02,2.799514516592672975e-02,2.093647194097543809e-02,4.422051167395956578e-02,2.291673320770385575e-02,7.793286275511833450e-02,6.704142578811204956e-02,2.636622057555335422e-02,5.852949631096489996e-02,1.292280175029544287e-01,7.742182758951100807e-02,9.701683222076719348e-02,6.945287297582164454e-02,1.723146699032227294e-02,4.770193873965952042e-02,2.068095435817177141e-02,1.438883388163147981e-02,2.242166789102175220e-02,1.124277364336133400e-02,2.345970807116164528e-02,9.182663132006770729e-03,5.908844102334791584e-03,2.116004982592864514e-02,1.205723593854802177e-02,1.806189913443418879e-02,1.279184898910856218e-02,1.547478360854706234e-02,6.691366699671021448e-03,4.774984828643521334e-03,1.149829122616500068e-02,2.440192915775016638e-02,2.652591906480564546e-02,1.061994953527739712e-02,3.465457216774728982e-02,5.004950653166821001e-02,5.508000894311539802e-02,1.181768820466958317e-02,5.522373758344246292e-02,4.041968762975502172e-02,3.907822032003577251e-02,3.344086364942987916e-02,7.122552620652208843e-02,2.258136638027404344e-02,1.862084384681720814e-02,2.048931617106902053e-02,1.007697467181960412e-02,2.433804976204925058e-02,2.619055223737583316e-02,4.287904436424031657e-02,2.457759749592768744e-02,6.908556645054138301e-02,7.513813919320323775e-02,1.937142674630297837e-02,5.492031045386310678e-02,1.510907406815931442e-01,8.701970679357373673e-02,1.022070331214666727e-01,6.557219968699096180e-02,1.581015043597687464e-02,5.119933565428470834e-02
1.200932639177233405e-02,1.866875339359289759e-02,1.435689418378102190e-02,9.374301319109521607e-03,3.653901434092433204e-02,4.431633076751093775e-02,5.113545625858379601e-02,9.677728448688876009e-03,5.674087323133922972e-02,3.529336612475646173e-02,3.027883356223450007e-02,2.861796927401066837e-02,6.220256156376760548e-02,1.826950717046216602e-02,0.000000000000000000e+00,1.747101472420070981e-02,1.282378868695902181e-02,2.569548692069372961e-02,1.940336644415343800e-02,4.113833083139033231e-02,2.208630106359193990e-02,7.237535532913857983e-02,6.394327509661758280e-02,2.567951707176849979e-02,5.378645118017183480e-02,1.226165000479095407e-01,7.173656137212941486e-02,8.954294292375994391e-02,6.496534542783224953e-02,1.609760771663100096e-02,4.473154683956689914e-02,1.925963780382637658e-02,1.343064294611772888e-02,2.130377846625571003e-02,1.071576862882877082e-02,2.159123574690983288e-02,8.400140534670542600e-03,5.621386821680667001e-03,1.986649206298508538e-02,1.106710530518381294e-02,1.683222076719154137e-02,1.191350729822095861e-02,1.453256252195854296e-02,6.196301382988917035e-03,4.599316490466000273e-03,1.130665303906224980e-02,2.254942668242358381e-02,2.492893417228272956e-02,9.981155578268230411e-03,3.197163754830879140e-02,4.642435082564119048e-02,5.028905426554664687e-02,1.145038167938931296e-02,5.059248139512600301e-02,3.703407965760643905e-02,3.583634098821425473e-02,3.203551694400971067e-02,6.525280270848637931e-02,2.095244178990066791e-02,1.817368807691079405e-02,1.932351719952729238e-02,9.278482225558146168e-03,2.230987894854514694e-02,2.416238142387172952e-02,4.002044140662429361e-02,2.390686384106806284e-02,6.419879267942124601e-02,7.196013925708262537e-02,1.868472324251812741e-02,5.070427033760260827e-02,1.432495448593056331e-01,8.168577725254719257e-02,9.383883228464658111e-02,6.106870229007633349e-02,1.466032131336037631e-02,4.784566737998658531e-02
1.148232137723977087e-02,1.903605991887316606e-02,1.458047206873422895e-02,9.709668146539333911e-03,3.773675301031652329e-02,4.498706442237056236e-02,5.279632054680762770e-02,9.358331470184291789e-03,5.816218978568462455e-02,3.655498418984956532e-02,3.071001948321568781e-02,2.836245169120700169e-02,6.403909419016895477e-02,1.886039158069564500e-02,1.747101472420070981e-02,0.000000000000000000e+00,1.314318566546360430e-02,2.649397936695518929e-02,1.965888402695710468e-02,4.216040116260499904e-02,2.183078348078827322e-02,7.425979750231562204e-02,6.397521479446804937e-02,2.516848190616116643e-02,5.547925516624612613e-02,1.226324698968347809e-01,7.357309399853077803e-02,9.177872177329202130e-02,6.614711424829920750e-02,1.636909514835989746e-02,4.525855185409945886e-02,1.962694432910664505e-02,1.382988916924845872e-02,2.165511514261075215e-02,1.085949726915583398e-02,2.251748698457312764e-02,8.783416908876042623e-03,5.605416972755438050e-03,2.012200964578875206e-02,1.151426107509023050e-02,1.727937653709795893e-02,1.215305503209939721e-02,1.509150723434156231e-02,6.499728512568271437e-03,4.535437094765083603e-03,1.093934651378197960e-02,2.277300456737679432e-02,2.526430099971254187e-02,1.026861285892235499e-02,3.308952697307483704e-02,4.794148647353795728e-02,5.234916477690121361e-02,1.119486409658564628e-02,5.249289341722827157e-02,3.861509470120412513e-02,3.697020026190551978e-02,3.162030087195374928e-02,6.744067201124277766e-02,2.163914529368552234e-02,1.787026094733143791e-02,1.940336644415343800e-02,9.661758599763646191e-03,2.296464275447954173e-02,2.480117538088089796e-02,4.091475294643712873e-02,2.345970807116164528e-02,6.531668210418729859e-02,7.168865182535373581e-02,1.860487399789197832e-02,5.193394870484525222e-02,1.432655147082308733e-01,8.325082244721965230e-02,9.671340509118783735e-02,6.260180778689833359e-02,1.518732632789293775e-02,4.861222012839758883e-02
8.575808872848063660e-03,1.413331629882781312e-02,1.063591938420262520e-02,7.186432016353124994e-03,2.770768788527260690e-02,3.294579833274777214e-02,3.901434092433485323e-02,6.835095339998083740e-03,4.259158708358618678e-02,2.673352710083362616e-02,2.243763773994697855e-02,2.084065284742406265e-02,4.680762719984669223e-02,1.379794947139800082e-02,1.282378868695902181e-02,1.314318566546360430e-02,0.000000000000000000e+00,1.933948704845252220e-02,1.432495448593056227e-02,3.091762751924366850e-02,1.617745696125714658e-02,5.440927528825577342e-02,4.691941614232329055e-02,1.825353732153693967e-02,4.073908460825960420e-02,8.987830975118975274e-02,5.410584815867641728e-02,6.718515442843910057e-02,4.853237088377143627e-02,1.188156760037050071e-02,3.312146667092528973e-02,1.430898463700533418e-02,1.007697467181960412e-02,1.568239164457504303e-02,7.841195822287521516e-03,1.664058258008879396e-02,6.499728512568271437e-03,4.024401929157750239e-03,1.482001980261266755e-02,8.464019930371458403e-03,1.264812034878150075e-02,8.847296304576958426e-03,1.108307515410904276e-02,4.743045130793062565e-03,3.321728576447666864e-03,7.984924462614582941e-03,1.672043182471493958e-02,1.850905490434060635e-02,7.473889297007250444e-03,2.433804976204925058e-02,3.471845156344820910e-02,3.837554696732568826e-02,8.128653102941646100e-03,3.842345651410137425e-02,2.861796927401066837e-02,2.718068287074004372e-02,2.314031109265706279e-02,4.957041106391133628e-02,1.604969816985531150e-02,1.293557762943562534e-02,1.413331629882781312e-02,7.154492318502667092e-03,1.686416046504200100e-02,1.807786898335941861e-02,2.995943658372991758e-02,1.697594940751860626e-02,4.770193873965952042e-02,5.210961704302276981e-02,1.357437158644479204e-02,3.823181832699862337e-02,1.043949024242230711e-01,6.094094349867450189e-02,7.125746590437254113e-02,4.588137596218339748e-02,1.122680379443610418e-02,3.537321536938260735e-02
1.700788910536906243e-02,2.844230093583314731e-02,2.151138650228368726e-02,1.450062282410808333e-02,5.591044108722731387e-02,6.625890319077581969e-02,7.861956625890319239e-02,1.373407007569708328e-02,8.630106359193842613e-02,5.412181800760165057e-02,4.530646140087514484e-02,4.185697403302564984e-02,9.498866140726308638e-02,2.799514516592672975e-02,2.569548692069372961e-02,2.649397936695518929e-02,1.933948704845252220e-02,0.000000000000000000e+00,2.884154715896387541e-02,6.247404899549650198e-02,3.232297422466383352e-02,1.104953847136606049e-01,9.441374684595484068e-02,3.676259222587754255e-02,8.224472196493021192e-02,1.810980868120987686e-01,1.089622792168386117e-01,1.359193842026254484e-01,9.810278194768277948e-02,2.414641157494649970e-02,6.673799865853269342e-02,2.888945670573956487e-02,2.039349707751764509e-02,3.152448177840237731e-02,1.576224088920118865e-02,3.348877319620556514e-02,1.315915551438883412e-02,8.208502347567791721e-03,2.975182854770194035e-02,1.705579865214475188e-02,2.548787888466575238e-02,1.788623079625666773e-02,2.234181864639560658e-02,9.709668146539333911e-03,6.611517455044874959e-03,1.600178862307962552e-02,3.379220032578492128e-02,3.743332588073716716e-02,1.512344693219202195e-02,4.896355680475262401e-02,7.093806892586795865e-02,7.767734517231467128e-02,1.636909514835989746e-02,7.793286275511833450e-02,5.776294356255389645e-02,5.498418984956402605e-02,4.655210961704302208e-02,1.000670733654859673e-01,3.214730588648631593e-02,2.604682359704877173e-02,2.871378836756204381e-02,1.434092433485579209e-02,3.415950685106518975e-02,3.665080328340093729e-02,6.087706410297358262e-02,3.451084352742023187e-02,9.679325433581398297e-02,1.056565204893161747e-01,2.735635120891756478e-02,7.731003864703439588e-02,2.115525887125107862e-01,1.232073844581430266e-01,1.436647609313616014e-01,9.318406847871218979e-02,2.262927592704972943e-02,7.162477242965281654e-02
1.277587914018333409e-02,2.108020058130249952e-02,1.603372832093008515e-02,1.054010029065124976e-02,4.099460219106327435e-02,4.933086333003289942e-02,5.755533552652591922e-02,1.039637165032418833e-02,6.357596857133732127e-02,3.962119518349356551e-02,3.380817017471014763e-02,3.149254208055191767e-02,7.029927496885879368e-02,2.093647194097543809e-02,1.940336644415343800e-02,1.965888402695710468e-02,1.432495448593056227e-02,2.884154715896387541e-02,0.000000000000000000e+00,4.648823022134210281e-02,2.419432112172218916e-02,8.192532498642562944e-02,7.069852119198952178e-02,2.761186879172123146e-02,6.073333546264652466e-02,1.359034143537002082e-01,8.079146571273436439e-02,1.008975055095978762e-01,7.256699351624133765e-02,1.806189913443418879e-02,4.995368743811683804e-02,2.112811012807818897e-02,1.501165798971541669e-02,2.342776837331118911e-02,1.172186911111820946e-02,2.473729598517997869e-02,9.597879204062730388e-03,6.196301382988917035e-03,2.168705484046120832e-02,1.260021080200581303e-02,1.882845188284518884e-02,1.319109521223929202e-02,1.644894439298604308e-02,6.946884282474688130e-03,5.014532562521958198e-03,1.205723593854802177e-02,2.532818039541345767e-02,2.746814015139416656e-02,1.113098470088473048e-02,3.602797917531699867e-02,5.179022006451818733e-02,5.706027020984381221e-02,1.232872337027691653e-02,5.771503401577821046e-02,4.192085342872656217e-02,4.032386853620364975e-02,3.486218020377527399e-02,7.403621961736242540e-02,2.385895429429237685e-02,1.965888402695710468e-02,2.138362771088185565e-02,1.046025104602510414e-02,2.526430099971254187e-02,2.713277332396435426e-02,4.530646140087514484e-02,2.550384873359097873e-02,7.259893321409179034e-02,7.884314414385640291e-02,2.016991919256443805e-02,5.712414960554473148e-02,1.577661375323389514e-01,9.113992781628285633e-02,1.066626209716056151e-01,6.879810916988725322e-02,1.684819061611677118e-02,5.348302405059247866e-02
2.687725574116068758e-02,4.501900412022102199e-02,3.463860231882206347e-02,2.288479350985339611e-02,8.785013893768564563e-02,1.062154652016991940e-01,1.233511130984700915e-01,2.195854227219010482e-02,1.377878565268772504e-01,8.537481235427513138e-02,7.237535532913857983e-02,6.686575744993451809e-02,1.501964291417803299e-01,4.422051167395956578e-02,4.113833083139033231e-02,4.216040116260499904e-02,3.091762751924366850e-02,6.247404899549650198e-02,4.648823022134210281e-02,0.000000000000000000e+00,5.099172761825673111e-02,1.760196748538758738e-01,1.506435849116867232e-01,5.875307419591810354e-02,1.306653039062250499e-01,2.891660544891245244e-01,1.735443482704653595e-01,2.157366891309208112e-01,1.567280973521990584e-01,3.827972787377431629e-02,1.063272541441757923e-01,4.476348653741735878e-02,3.214730588648631593e-02,5.025711456769618724e-02,2.521639145293685588e-02,5.250886326615350486e-02,2.061707496247085561e-02,1.319109521223929202e-02,4.602510460251046237e-02,2.686128589223545776e-02,4.033983838512887610e-02,2.831454214443131223e-02,3.476636111022389508e-02,1.478808010476220965e-02,1.063591938420262520e-02,2.536012009326391731e-02,5.458494362643329101e-02,5.929604905937589654e-02,2.376313520074100141e-02,7.699064166852981339e-02,1.127631032610431489e-01,1.215624900188444213e-01,2.609473314382445772e-02,1.248203391995911654e-01,9.077262129100258092e-02,8.730716407422785263e-02,7.408412916413810445e-02,1.590277555974320411e-01,5.062442109297646264e-02,4.211249161582931305e-02,4.626465233638889923e-02,2.269315532275064523e-02,5.469673256890989627e-02,5.865725510236673157e-02,9.839023922833689539e-02,5.402599891405027166e-02,1.565045194672458340e-01,1.679549011466351660e-01,4.313456194704397978e-02,1.231754447602925739e-01,3.366284454949056149e-01,1.970679357373279206e-01,2.278897441630202136e-01,1.485675045514069370e-01,3.586828068606470743e-02,1.139289022325848805e-01
1.533105496822000091e-02,2.333194927975981367e-02,1.793414034303235371e-02,1.181768820466958317e-02,4.639241112779073084e-02,5.464882302213421028e-02,6.488549618320610390e-02,1.232872337027691653e-02,7.055479255166245689e-02,4.524258200517423251e-02,3.813599923344725140e-02,3.661886358555047766e-02,7.871538535245456436e-02,2.291673320770385575e-02,2.208630106359193990e-02,2.183078348078827322e-02,1.617745696125714658e-02,3.232297422466383352e-02,2.419432112172218916e-02,5.099172761825673111e-02,0.000000000000000000e+00,8.967070171516176857e-02,8.045609888530454168e-02,3.225909482896292119e-02,6.758440065156984256e-02,1.534862180203775406e-01,8.973458111086268785e-02,1.127790731099683752e-01,8.093519435306141541e-02,2.021782873934012750e-02,5.581462199367594190e-02,2.459356734485291726e-02,1.667252227793925012e-02,2.652591906480564546e-02,1.327094445686543764e-02,2.727650196429141916e-02,1.057203998850170940e-02,6.914944584624229361e-03,2.529624069756300150e-02,1.370213037784662538e-02,2.103229103452681353e-02,1.482001980261266755e-02,1.846114535756491690e-02,7.952984764764125039e-03,5.573477274904979281e-03,1.453256252195854296e-02,2.797917531700149993e-02,3.120508479989779135e-02,1.244051231275352179e-02,4.094669264428758837e-02,5.741160688619885433e-02,6.419879267942124601e-02,1.461241176658468859e-02,6.285732536970199680e-02,4.731866236545402560e-02,4.522661215624899922e-02,4.080296400396052348e-02,8.216487272030406630e-02,2.636622057555335422e-02,2.275703471845156450e-02,2.389089399214283302e-02,1.180171835574435509e-02,2.794723561915104376e-02,3.011913507298220882e-02,4.937877287680858540e-02,3.067807978536523164e-02,7.922642051806190466e-02,9.070874189530167553e-02,2.339582867546072947e-02,6.373566706058961251e-02,1.797406496534542653e-01,1.016480884090836534e-01,1.184323996294995018e-01,7.592066179053946762e-02,1.863681369574243796e-02,5.988693346960937552e-02
