0.000000000000000000e+00,1.549126740991062061e-02,1.419638063354704272e-02,6.190190443103938019e-03,2.348166629820295018e-02,3.289328238006505867e-02,3.412500394782553431e-02,3.679373401130657441e-03,3.331964753813599495e-02,2.104980576698354394e-02,2.226573603259324879e-02,2.084451883902346467e-02,4.609481097811325701e-02,1.302782427438966585e-02,1.318573729589741887e-02,8.969459621640399685e-03,7.690364147427596921e-03,1.564918043141837536e-02,1.266462432492183356e-02,2.411331838423396226e-02,1.045384202381328433e-02,4.560528061143921674e-02,4.299971575656128669e-02,1.729147585509901303e-02,3.442503868869026956e-02,8.382023181631557962e-02,4.813188895556327895e-02,6.708145153649369696e-02,4.533682847487603695e-02,9.095790038846602449e-03,3.695164703281432483e-02,9.079998736695828188e-03,8.148311909800082589e-03,1.536493699270441785e-02,8.574677067871017133e-03,1.549126740991062061e-02,4.942677573192685511e-03,4.026782048447715041e-03,1.035909421090863182e-02,7.627198938824495539e-03,1.372264156902378192e-02,7.311372895808988630e-03,1.190664182168461697e-02,4.690016738780279984e-03,1.579130215077535196e-03,7.769320658181473431e-03,1.719672804219436052e-02,1.760730189811451907e-02,8.590468370021791394e-03,2.169724915516533376e-02,3.235637810693869909e-02,3.576729937150617544e-02,6.158607838802387761e-03,3.813599469412247422e-02,2.506079651328048385e-02,2.839276126709408543e-02,2.371853583046458144e-02,4.892145406310204059e-02,1.575971954647380213e-02,1.269620692922338381e-02,1.290149385718346309e-02,9.348450873259009711e-03,1.304361557654044185e-02,1.809683226478855586e-02,3.071408268325806143e-02,1.618608470454473841e-02,4.652117613618418634e-02,4.639484571897798532e-02,1.531756308625209159e-02,3.197738685532008907e-02,1.051226984177115187e-01,4.742128035877838516e-02,6.633926033540725464e-02,4.525787196412216218e-02,1.062754634747181334e-02,3.827811641347945298e-02
1.549126740991062061e-02,0.000000000000000000e+00,2.506079651328048385e-02,1.092758108833654339e-02,4.129425512427754852e-02,5.793828759119477173e-02,5.988061775574014117e-02,6.395477371064018160e-03,5.833307014496415255e-02,3.714114265862362985e-02,3.911505542747054781e-02,3.635157755108486127e-02,8.089884091842212965e-02,2.329217067239364516e-02,2.382907494552000821e-02,1.585446735937845464e-02,1.354893724536525290e-02,2.757161355525376487e-02,2.213940561538704430e-02,4.288917664150585646e-02,1.857057132931181492e-02,7.982503237216941050e-02,7.702997189148216850e-02,2.979818715851309183e-02,6.030698291381107051e-02,1.471117708366231902e-01,8.539936203139310289e-02,1.184979313394182443e-01,8.031456273884345076e-02,1.623345861099706119e-02,6.513912137194832752e-02,1.552285001421217260e-02,1.422796323784859297e-02,2.668730063481034726e-02,1.463853709376875152e-02,2.746107444019833810e-02,8.701007485077219897e-03,6.837633831285727833e-03,1.789154533682847659e-02,1.334365031740517363e-02,2.403436187348008748e-02,1.256987651201718105e-02,2.147617092505448022e-02,8.132520607649306593e-03,2.795060480687237663e-03,1.362789375611912941e-02,3.047721315099643016e-02,3.087199570476581445e-02,1.515965006474433857e-02,3.826232511132868219e-02,5.703818336860057292e-02,6.311783469664908330e-02,1.110128541199507241e-02,6.646559075261346261e-02,4.394719388560780482e-02,4.964785396203771212e-02,4.187853330385623435e-02,8.609417932602722590e-02,2.858225689290339044e-02,2.273947509711650786e-02,2.308688374443356589e-02,1.658086725831411923e-02,2.316584025518744414e-02,3.161418690585225677e-02,5.454315762877806617e-02,2.814010043268167990e-02,8.279379717651517978e-02,8.266746675930897181e-02,2.654517891545336850e-02,5.665919211698196289e-02,1.848687742791270683e-01,8.296750150017370706e-02,1.184189748286643695e-01,8.017244101948646506e-02,1.943909294760445827e-02,6.815526008274642999e-02
1.419638063354704272e-02,2.506079651328048385e-02,0.000000000000000000e+00,1.002747686574234978e-02,3.772542083820231568e-02,5.293244480939898050e-02,5.457474023307962163e-02,5.748033982882228346e-03,5.356409689542999952e-02,3.379338660265925748e-02,3.575150806935539771e-02,3.289328238006505867e-02,7.380854625272399716e-02,2.106559706913432167e-02,2.196570129172851701e-02,1.425954584215014323e-02,1.239617218835865203e-02,2.523450083693901461e-02,2.013391024223857434e-02,3.952562928339070636e-02,1.691248460348040300e-02,7.398225057638252444e-02,7.049237280106117332e-02,2.712945709503205780e-02,5.561696617503079226e-02,1.346208508353598787e-01,7.865647601301203884e-02,1.085494109844297728e-01,7.322426807314531827e-02,1.504911094968891180e-02,5.947004389981998262e-02,1.411742412279316621e-02,1.316994599374664461e-02,2.455547484445567280e-02,1.351735464106370264e-02,2.521870953478824035e-02,7.927233679689227319e-03,6.348103464611691907e-03,1.612291949594163443e-02,1.225405046900167327e-02,2.193411868742696502e-02,1.135394624640747793e-02,2.016549284654012633e-02,7.342955500110538887e-03,2.605564854877933084e-03,1.261725041846950730e-02,2.782427438966617039e-02,2.848750907999873794e-02,1.375422417332533218e-02,3.494615165966585835e-02,5.261661876638347446e-02,5.762246154817926569e-02,1.004326816789312404e-02,6.119129583425449159e-02,3.977829011780311536e-02,4.532103717272526616e-02,3.786754255755929444e-02,7.873543252376591361e-02,2.660834412405646901e-02,2.092347534977734291e-02,2.108138837128509593e-02,1.523860657549821508e-02,2.111297097558664793e-02,2.921390897893440253e-02,5.081641032119508378e-02,2.553453557780374639e-02,7.690364147427597441e-02,7.631936329469728164e-02,2.423964880144016676e-02,5.147964501152765132e-02,1.689985156175978220e-01,7.647727631620503119e-02,1.079651328048510939e-01,7.423491141079494038e-02,1.784417143037615033e-02,6.248618261061807122e-02
6.190190443103938019e-03,1.092758108833654339e-02,1.002747686574234978e-02,0.000000000000000000e+00,1.669140637336954947e-02,2.303950983798123964e-02,2.416069229068628851e-02,2.542399646274831702e-03,2.316584025518744414e-02,1.498594574108580955e-02,1.580709345292612839e-02,1.459116318731642527e-02,3.262483024350187888e-02,9.522155196917536993e-03,9.474781290465212474e-03,6.348103464611691907e-03,5.463790544168271694e-03,1.100653759909042163e-02,8.858920506584972918e-03,1.702302371853582977e-02,7.390329406562865140e-03,3.181947383381233951e-02,3.052458705744875642e-02,1.189085051953384098e-02,2.428702270789249301e-02,5.880680920948741508e-02,3.395129962416700703e-02,4.764235858888923869e-02,3.219846508543094260e-02,6.474433881817894670e-03,2.602406594447778318e-02,6.316520860310140782e-03,5.763825285033003475e-03,1.073808546252724011e-02,5.969112212993083616e-03,1.105391150554274789e-02,3.521460379622903553e-03,2.826643084988788353e-03,7.295581593658212634e-03,5.447999242017496566e-03,9.616903009822189499e-03,5.053216688248113146e-03,8.779963995831096407e-03,3.284590847361273588e-03,1.121182452705049961e-03,5.526955752771373943e-03,1.206455484319237000e-02,1.234879828190632578e-02,6.000694817294633873e-03,1.542810220130752009e-02,2.275526639926728212e-02,2.548716167135142013e-02,4.374190695764773075e-03,2.663992672835802100e-02,1.789154533682847659e-02,2.011811894008780008e-02,1.681773679057575049e-02,3.475665603385655333e-02,1.154344187221678295e-02,9.127372643148154441e-03,9.332659571108233715e-03,6.742886018381075326e-03,9.285285664655907462e-03,1.266462432492183356e-02,2.169724915516533376e-02,1.140132015285980419e-02,3.289328238006505867e-02,3.303540409942203743e-02,1.076966806682879037e-02,2.278684900356883411e-02,7.432965922369959288e-02,3.308277800587436368e-02,4.768973249534156494e-02,3.210371727252629009e-02,7.706155449578372049e-03,2.723999621008748456e-02
2.348166629820295018e-02,4.129425512427754852e-02,3.772542083820231568e-02,1.669140637336954947e-02,0.000000000000000000e+00,8.693111834001832072e-02,9.144743075514007169e-02,9.774816031329944255e-03,8.762593563465242985e-02,5.697501815999747588e-02,5.964374822347850991e-02,5.534851403846761247e-02,1.227931655244291487e-01,3.551463853709376645e-02,3.551463853709376645e-02,2.393961406057543498e-02,2.046552758740485811e-02,4.187853330385623435e-02,3.355651707039762621e-02,6.408110412784638610e-02,2.787164829611849665e-02,1.198559833243849349e-01,1.154186274200170587e-01,4.538420238132836321e-02,9.144743075514007169e-02,2.228626472538925429e-01,1.280358778384865504e-01,1.803208792597037480e-01,1.214824874459147913e-01,2.449230963585257229e-02,9.842718630578277395e-02,2.406594447778163948e-02,2.166566655086378523e-02,4.031519439092947493e-02,2.237627514764867556e-02,4.170482898019770707e-02,1.321731990019897086e-02,1.045384202381328433e-02,2.746107444019833810e-02,2.027603196159555310e-02,3.624103843602943797e-02,1.904431039383507399e-02,3.257745633704955263e-02,1.241196349050942803e-02,4.200486372106244058e-03,2.074977102611881216e-02,4.585794144585162574e-02,4.652117613618418634e-02,2.302371853583046538e-02,5.882260051163819281e-02,8.601522281527335112e-02,9.661118655844361247e-02,1.677036288412342424e-02,1.009695859520576000e-01,6.736569497520765448e-02,7.595616334522944935e-02,6.365473896977544288e-02,1.313678425923001658e-01,4.326816789312446648e-02,3.423554306288096455e-02,3.477244733600732413e-02,2.507658781543126159e-02,3.470928212740422708e-02,4.781606291254776597e-02,8.145153649369926696e-02,4.290496794365663419e-02,1.239301392792849649e-01,1.246881217825221849e-01,4.072576824684963348e-02,8.547831854214699154e-02,2.802482392698101843e-01,1.250197391276884618e-01,1.794365663392603338e-01,1.204402615039636137e-01,2.894545684237122274e-02,1.024381770520797208e-01
3.289328238006505867e-02,5.793828759119477173e-02,5.293244480939898050e-02,2.303950983798123964e-02,8.693111834001832072e-02,0.000000000000000000e+00,1.261093389760919725e-01,1.326469380665129712e-02,1.238196001642295485e-01,7.832485866784574813e-02,8.246217983134888907e-02,7.548242428070618681e-02,1.699617850487951110e-01,4.930044531472065061e-02,4.990051479645011417e-02,3.279853456716040616e-02,2.809272652622935365e-02,5.798566149764709798e-02,4.710545431576287911e-02,9.054732653254587982e-02,3.884660329090736802e-02,1.693459242649148766e-01,1.612134036572655804e-01,6.264409563212582077e-02,1.286201560180652570e-01,3.113255219025360954e-01,1.797681836844266245e-01,2.497552348166629799e-01,1.693932981713672237e-01,3.423554306288096455e-02,1.369579635536746498e-01,3.284590847361273241e-02,3.024034361873480237e-02,5.575908789438777102e-02,3.087199570476581445e-02,5.729084420301298192e-02,1.820737137984398263e-02,1.448062407226099850e-02,3.722009916937750462e-02,2.799797871332470114e-02,5.010580172441019692e-02,2.615039636168398421e-02,4.538420238132836321e-02,1.714935413574203427e-02,5.890155702239206238e-03,2.850330038214951220e-02,6.428639105580645496e-02,6.554969522786849301e-02,3.180368253166156178e-02,8.100938003347755989e-02,1.208192527555822238e-01,1.331996336417901050e-01,2.294476202507658713e-02,1.407005021634084030e-01,9.170009158955247375e-02,1.054858983671793510e-01,8.694690964216909845e-02,1.806998705113223580e-01,6.032277421596184824e-02,4.776868900609543972e-02,4.835296718567413249e-02,3.466190822095190083e-02,4.844771499857878500e-02,6.738148627735843221e-02,1.143764014780658811e-01,5.904367874174904635e-02,1.742728105359568069e-01,1.749834191327416799e-01,5.582225310299087501e-02,1.197138616050279492e-01,3.894450936424217469e-01,1.758993146574866495e-01,2.492341218456873841e-01,1.688721852003916279e-01,4.121529861352367374e-02,1.433850235290402009e-01
3.412500394782553431e-02,5.988061775574014117e-02,5.457474023307962163e-02,2.416069229068628851e-02,9.144743075514007169e-02,1.261093389760919725e-01,0.000000000000000000e+00,1.416479802924549072e-02,1.277358430976218429e-01,8.227268420553958406e-02,8.634684016043962795e-02,8.018823232163724279e-02,1.782048447714998651e-01,5.154281022013075531e-02,5.117961027066291607e-02,3.467769952310267162e-02,2.971923064775921358e-02,6.089126109338976328e-02,4.824242807061870225e-02,9.290023055301140087e-02,4.034677699523102345e-02,1.739569844929412801e-01,1.671193506616555635e-01,6.586552127088399211e-02,1.327101032751160647e-01,3.231689985156175893e-01,1.848845655812778321e-01,2.613776331996336411e-01,1.761361841897482738e-01,3.562517765214919668e-02,1.424849193064460229e-01,3.502510817041973312e-02,3.125098695638442448e-02,5.820673972775795152e-02,3.237216940908947682e-02,6.041752202886650075e-02,1.921801471749360474e-02,1.509648485614123806e-02,4.029940308877870414e-02,2.915074377033130201e-02,5.244291444272494718e-02,2.782427438966617039e-02,4.729494994157218413e-02,1.806524966048700387e-02,6.032277421596184998e-03,2.987714366926696660e-02,6.654454726336733739e-02,6.739727757950920994e-02,3.349335186179452223e-02,8.520986640558379788e-02,1.245302087610144354e-01,1.403057196096390014e-01,2.433439661434481927e-02,1.467011969807030247e-01,9.754287338533935980e-02,1.100337933866026574e-01,9.214224804977418082e-02,1.906641821684616211e-01,6.258093042352272373e-02,4.945835833622840710e-02,5.061112339323500797e-02,3.633578624893409048e-02,5.035846255882259898e-02,6.915011211824527437e-02,1.173451662824116504e-01,6.254934781922116827e-02,1.790417837854909600e-01,1.800840097274421236e-01,5.883839181378896360e-02,1.237248523513248960e-01,4.065786564760129895e-01,1.806367053027192748e-01,2.593879291286359523e-01,1.743201844424091262e-01,4.170482898019770707e-02,1.483750750086852144e-01
3.679373401130657441e-03,6.395477371064018160e-03,5.748033982882228346e-03,2.542399646274831702e-03,9.774816031329944255e-03,1.326469380665129712e-02,1.416479802924549072e-02,0.000000000000000000e+00,1.340681552600827414e-02,8.511511859267914884e-03,9.079998736695828188e-03,8.574677067871017133e-03,1.888639737232732096e-02,5.542747054922149072e-03,5.416416637715946308e-03,3.742538609733758823e-03,3.205634336607396644e-03,6.427059975365568417e-03,5.021634083946562022e-03,9.774816031329944255e-03,4.311025487161671693e-03,1.853898872501026293e-02,1.790733663897925085e-02,6.963964248491930596e-03,1.402267630988851370e-02,3.444082999084104729e-02,1.951804945835833652e-02,2.758740485740454260e-02,1.857057132931181492e-02,3.726747307582983261e-03,1.493857183463348330e-02,3.679373401130657441e-03,3.379338660265925661e-03,6.127025234500836637e-03,3.363547358115150099e-03,6.600764299024097434e-03,2.131825790354672720e-03,1.626504121529861449e-03,4.247860278558570311e-03,3.158260430155070391e-03,5.637494867826800711e-03,2.984556106496541808e-03,5.195338407605091038e-03,1.973912768846919265e-03,6.316520860310141433e-04,3.300382149512048717e-03,7.042920759245807107e-03,7.058712061396583103e-03,3.600416890376780497e-03,9.048416132394277930e-03,1.316994599374664461e-02,1.508069355399046206e-02,2.589773552727157955e-03,1.563338912926760110e-02,1.034330290875785582e-02,1.162239838297065946e-02,9.916937750686921280e-03,2.024444935729400111e-02,6.742886018381075326e-03,5.195338407605091038e-03,5.353251429112844927e-03,3.837286422638410896e-03,5.274294918358967549e-03,7.153459874301234742e-03,1.260145911631873131e-02,6.663929507627198816e-03,1.906010169598585172e-02,1.901272778953352546e-02,6.205981745254714015e-03,1.301203297223889159e-02,4.350503742538609775e-02,1.917064081104127848e-02,2.757161355525376487e-02,1.883902346587499471e-02,4.468938508669424714e-03,1.585446735937845464e-02
3.331964753813599495e-02,5.833307014496415255e-02,5.356409689542999952e-02,2.316584025518744414e-02,8.762593563465242985e-02,1.238196001642295485e-01,1.277358430976218429e-01,1.340681552600827414e-02,0.000000000000000000e+00,7.935129330764614797e-02,8.326753624103844231e-02,7.582983292802324138e-02,1.720620282348482577e-01,4.952152354483150415e-02,5.018475823516407169e-02,3.289328238006505867e-02,2.855067428860183845e-02,5.894893092884439384e-02,4.757919338028614165e-02,9.185800461106022330e-02,3.902030761456589530e-02,1.727094716230300475e-01,1.627135773615892289e-01,6.338628683321226309e-02,1.309098948299276810e-01,3.162839907778795534e-01,1.822158355177967981e-01,2.531819473833812340e-01,1.723620629757129652e-01,3.504089947257051085e-02,1.388845024160692276e-01,3.339860404888986972e-02,3.020876101443325037e-02,5.635915737611723458e-02,3.139310867574140324e-02,5.806461800840097276e-02,1.847582351640716242e-02,1.476486751097495428e-02,3.767804693174998942e-02,2.828222215203865866e-02,5.020054953731484942e-02,2.635568328964406348e-02,4.568423712219309846e-02,1.705460632283738176e-02,5.826990493636104856e-03,2.877175251871269199e-02,6.520228658055143844e-02,6.662350377412121216e-02,3.199317815747086680e-02,8.179894514101632153e-02,1.222720525534535529e-01,1.345734769289075594e-01,2.311846634873511788e-02,1.438903451978650050e-01,9.318447399172535839e-02,1.069071155607491386e-01,8.715219657012916732e-02,1.837318005242712382e-01,6.089126109338976328e-02,4.822663676846792452e-02,4.877933234374506183e-02,3.546726463064144019e-02,4.931623661687142834e-02,6.831317310425417955e-02,1.160344882038972930e-01,5.989640905789091196e-02,1.770836623187947989e-01,1.773047405489056594e-01,5.631178346966490833e-02,1.207876701512806683e-01,3.939614060575434840e-01,1.788838707639832104e-01,2.523923822758424862e-01,1.711145501058017326e-01,4.161008116729305456e-02,1.452326058806809317e-01
2.104980576698354394e-02,3.714114265862362985e-02,3.379338660265925748e-02,1.498594574108580955e-02,5.697501815999747588e-02,7.832485866784574813e-02,8.227268420553958406e-02,8.511511859267914884e-03,7.935129330764614797e-02,0.000000000000000000e+00,5.378517512554085306e-02,4.925307140826832436e-02,1.101917064081104070e-01,3.253008243059722637e-02,3.204055206392319305e-02,2.138142311214982771e-02,1.819158007769320490e-02,3.737801219088526111e-02,2.994030887787007059e-02,5.770141805893314046e-02,2.495025739822505709e-02,1.083599153586204678e-01,1.030382465338091774e-01,3.998357704576319116e-02,8.227268420553958406e-02,1.987809114739601535e-01,1.152449230963585314e-01,1.623345861099706189e-01,1.097179673435871583e-01,2.258156207560875484e-02,8.794176167766794283e-02,2.086031014117424240e-02,1.923380601964437900e-02,3.571992546505384919e-02,1.967596247986608954e-02,3.775700344250387114e-02,1.190664182168461697e-02,9.474781290465212474e-03,2.452389224015412428e-02,1.790733663897925085e-02,3.224583899188326885e-02,1.692827590563117726e-02,2.994030887787007059e-02,1.110128541199507241e-02,3.679373401130657441e-03,1.822316268199475689e-02,4.113634210276979203e-02,4.165745507374538081e-02,2.049711019170640663e-02,5.307456652875595926e-02,7.638252850330037869e-02,8.708903136152607027e-02,1.509648485614123806e-02,9.068944825190285164e-02,6.060701765467580576e-02,6.825000789565106862e-02,5.669077472128351836e-02,1.181505226921011897e-01,3.947825537693838011e-02,3.042983924454410391e-02,3.132994346713829925e-02,2.297634462937813912e-02,3.144048258219372949e-02,4.282601143290275941e-02,7.327164197959763758e-02,3.848340334143953573e-02,1.119603322489972491e-01,1.113760540694185702e-01,3.590942109086315420e-02,7.680889366137132190e-02,2.494078261693459253e-01,1.119445409468464714e-01,1.628083251744938953e-01,1.083125414521681484e-01,2.681363105201654828e-02,9.193696112181409807e-02
2.226573603259324879e-02,3.911505542747054781e-02,3.575150806935539771e-02,1.580709345292612839e-02,5.964374822347850991e-02,8.246217983134888907e-02,8.634684016043962795e-02,9.079998736695828188e-03,8.326753624103844231e-02,5.378517512554085306e-02,0.000000000000000000e+00,5.193759277390013612e-02,1.157502447651833355e-01,3.388813441556390998e-02,3.371443009190537576e-02,2.267630988851340734e-02,1.936013643685058350e-02,3.949404667908915784e-02,3.197738685532008907e-02,6.115971322995294307e-02,2.654517891545336850e-02,1.140447841328996043e-01,1.092284369769131180e-01,4.274705492214887770e-02,8.694690964216909845e-02,2.103559359504784676e-01,1.216719830717240963e-01,1.705460632283738176e-01,1.147553927296844911e-01,2.321321416163977039e-02,9.301076966806683111e-02,2.248681426270410233e-02,2.059185800461105914e-02,3.789912516186084990e-02,2.112876227773742219e-02,3.963616839844613660e-02,1.253829390771563079e-02,9.948520354988471537e-03,2.561349208855762116e-02,1.915484950889050422e-02,3.403025613492088874e-02,1.790733663897925085e-02,3.125098695638442448e-02,1.163818968512143545e-02,3.947825537693838531e-03,1.950225815620756226e-02,4.307867226731516147e-02,4.413668951141710983e-02,2.160250134226068125e-02,5.568013138363389625e-02,8.176736253671477994e-02,9.152638726589394647e-02,1.566497173356914963e-02,9.579003884660329537e-02,6.349682594826769333e-02,7.200833780753561342e-02,5.978586994283548867e-02,1.243565044373559081e-01,4.140479423933297876e-02,3.211950857467706782e-02,3.297223889081894038e-02,2.393961406057543498e-02,3.286169977576351015e-02,4.525787196412216218e-02,7.772478918611629151e-02,4.037835959953257892e-02,1.182926444114581754e-01,1.175820358146732747e-01,3.824653380917790446e-02,8.070934529261282464e-02,2.633989198749329130e-01,1.187032182673783270e-01,1.704828980197707067e-01,1.149290970533430184e-01,2.772952657676152136e-02,9.667435176704670952e-02
2.084451883902346467e-02,3.635157755108486127e-02,3.289328238006505867e-02,1.459116318731642527e-02,5.534851403846761247e-02,7.548242428070618681e-02,8.018823232163724279e-02,8.574677067871017133e-03,7.582983292802324138e-02,4.925307140826832436e-02,5.193759277390013612e-02,0.000000000000000000e+00,1.078388023876448859e-01,3.128256956068597300e-02,3.144048258219372949e-02,2.133404920569750146e-02,1.838107570350250991e-02,3.677794270915579755e-02,2.907178725957742377e-02,5.591700091589552751e-02,2.493446609607428283e-02,1.048700375832991166e-01,1.016170293402393898e-01,3.985724662855699013e-02,7.939866721409848116e-02,1.953857815115434549e-01,1.116760888102832916e-01,1.574076998389287163e-01,1.047752897703944641e-01,2.125509269494362669e-02,8.618892713893187840e-02,2.081293623472191615e-02,1.917064081104127848e-02,3.614629062312478547e-02,1.975491899061996778e-02,3.733063828443293486e-02,1.168556359157376170e-02,9.222120456052806947e-03,2.389224015412310873e-02,1.806524966048700387e-02,3.268799545210498286e-02,1.702302371853582977e-02,2.916653507248207627e-02,1.099074629693964564e-02,3.774121214035309514e-03,1.893377127877964722e-02,3.988882923285853865e-02,4.056785522534188393e-02,2.018128414869090059e-02,5.147964501152765132e-02,7.480339828822284154e-02,8.506774468622682606e-02,1.484382402172883253e-02,8.830496162713577513e-02,5.910684395035214339e-02,6.659192116981965670e-02,5.729084420301298192e-02,1.148027666361368104e-01,3.797808167261472467e-02,2.990872627356851859e-02,3.047721315099643016e-02,2.183937087452231252e-02,3.020876101443325037e-02,4.172062028234848480e-02,7.232416385055111252e-02,3.780437734895619739e-02,1.088494457252945080e-01,1.085809935887313282e-01,3.609891671667245922e-02,7.412437229573951014e-02,2.467864700123172106e-01,1.093705586962700899e-01,1.560180652496604981e-01,1.062438808704165710e-01,2.501342260682815760e-02,8.947351798629314679e-02
4.609481097811325701e-02,8.089884091842212965e-02,7.380854625272399716e-02,3.262483024350187888e-02,1.227931655244291487e-01,1.699617850487951110e-01,1.782206360736506290e-01,1.888639737232732096e-02,1.720620282348482577e-01,1.101917064081104070e-01,1.157502447651833355e-01,1.078388023876448859e-01,0.000000000000000000e+00,6.932381644190380166e-02,6.929223383760224619e-02,4.660013264693806806e-02,4.012569876512016992e-02,8.156207560875469720e-02,6.498120835044057797e-02,1.250197391276884618e-01,5.459053153523039242e-02,2.352114455357988687e-01,2.256419164324290072e-01,8.832075292928655286e-02,1.785680447209676835e-01,4.357609828506458505e-01,2.499131478381707294e-01,3.507248207687205799e-01,2.371695670024950298e-01,4.810030635126172349e-02,1.921327732684837142e-01,4.680541957489814386e-02,4.211540283611786561e-02,7.886176294097210770e-02,4.377348956194927754e-02,8.167261472381012744e-02,2.586615292297002669e-02,2.037077977450020561e-02,5.370621861478697828e-02,3.954142058554148409e-02,7.104506837633831062e-02,3.734642958658371259e-02,6.438113886871110747e-02,2.427123140574171875e-02,8.211477118403183104e-03,4.070997694469886269e-02,8.964722230995167407e-02,9.111581340997378098e-02,4.491046331680510068e-02,1.141869058522565761e-01,1.680984113950036440e-01,1.885797302845592660e-01,3.264062154565265661e-02,1.972017812588826025e-01,1.307203992041183760e-01,1.477434229226541884e-01,1.241828001136973808e-01,2.560717556769731007e-01,8.486245775826674331e-02,6.684458200423207264e-02,6.813946878059565226e-02,4.907936708460979708e-02,6.802892966554022203e-02,9.343713482613776045e-02,1.595553169314341546e-01,8.407289265072798168e-02,2.422069923885923626e-01,2.437545399993683581e-01,7.916179768183684295e-02,1.665350724820768846e-01,5.478160629125478076e-01,2.438019139058206775e-01,3.501247512869911094e-01,2.360010106433376442e-01,5.686447904494204564e-02,2.008811546600132725e-01
1.302782427438966585e-02,2.329217067239364516e-02,2.106559706913432167e-02,9.522155196917536993e-03,3.551463853709376645e-02,4.930044531472065061e-02,5.154281022013075531e-02,5.542747054922149072e-03,4.952152354483150415e-02,3.253008243059722637e-02,3.388813441556390998e-02,3.128256956068597300e-02,6.932381644190380166e-02,0.000000000000000000e+00,1.999178852288159558e-02,1.358051984966680316e-02,1.155923317436755894e-02,2.352904020465527643e-02,1.904431039383507399e-02,3.617787322742633399e-02,1.566497173356914963e-02,6.755519060101695950e-02,6.483908663108359227e-02,2.547137036920064587e-02,5.135331459432145029e-02,1.247828695954268374e-01,7.229258124624957094e-02,1.019802292897072360e-01,6.877112086662666435e-02,1.380159807977765843e-02,5.526955752771373770e-02,1.345418943246060040e-02,1.211192874964469625e-02,2.242364905410100182e-02,1.253829390771563079e-02,2.321321416163977039e-02,7.421912010864416265e-03,5.921738306540757363e-03,1.550705871206139660e-02,1.122761582920127517e-02,2.018128414869090059e-02,1.072229416037646411e-02,1.846003221425638816e-02,6.979755550642705725e-03,2.384486624767078247e-03,1.136973754855825393e-02,2.573982250576382566e-02,2.605564854877933170e-02,1.282253734642958658e-02,3.313015191232668993e-02,4.849508890503111125e-02,5.451157502447651765e-02,9.522155196917536993e-03,5.683289644064049712e-02,3.805703818336859945e-02,4.317342008021981398e-02,3.567255155860152294e-02,7.409278969143795468e-02,2.430281401004326727e-02,1.923380601964437900e-02,1.970754508416764153e-02,1.429112844645169522e-02,1.978650159492151631e-02,2.687679626061965227e-02,4.568423712219309846e-02,2.419227489498784051e-02,6.973439029782395326e-02,6.998705113223636920e-02,2.277105770141805985e-02,4.830559327922180624e-02,1.572655781195717306e-01,7.030287717525186830e-02,1.011906641821684605e-01,6.780785143542936155e-02,1.632820642390171370e-02,5.743296592236996068e-02
1.318573729589741887e-02,2.382907494552000821e-02,2.196570129172851701e-02,9.474781290465212474e-03,3.551463853709376645e-02,4.990051479645011417e-02,5.117961027066291607e-02,5.416416637715946308e-03,5.018475823516407169e-02,3.204055206392319305e-02,3.371443009190537576e-02,3.144048258219372949e-02,6.929223383760224619e-02,1.999178852288159558e-02,0.000000000000000000e+00,1.342260682815905014e-02,1.160660708081988519e-02,2.357641411110760268e-02,1.932855383254903150e-02,3.722009916937750462e-02,1.598079777658465567e-02,6.916590342039605210e-02,6.700249502573982219e-02,2.545557906704986814e-02,5.204813188895556636e-02,1.265514954363136657e-01,7.448757224520734244e-02,1.023118466348735128e-01,6.897640779458674709e-02,1.399109370558696344e-02,5.643811388687110936e-02,1.320152859804819487e-02,1.242775479266020229e-02,2.343429239175062392e-02,1.266462432492183356e-02,2.345008369390139819e-02,7.311372895808988630e-03,5.874364400088431110e-03,1.504911094968891180e-02,1.140132015285980419e-02,2.098664055838044343e-02,1.065912895177336360e-02,1.890218867447809870e-02,6.932381644190380339e-03,2.495025739822505882e-03,1.176452010232763822e-02,2.633989198749328922e-02,2.693996146922275278e-02,1.282253734642958658e-02,3.287749107791428788e-02,4.950573224268073336e-02,5.406941856425481058e-02,9.664276916274515752e-03,5.700660076429902440e-02,3.739380349303603884e-02,4.287338533935508567e-02,3.655686447904494402e-02,7.330322458389919305e-02,2.491867479392350856e-02,1.966017117771531528e-02,1.988124940782616881e-02,1.419638063354704272e-02,1.997599722073082132e-02,2.761898746170609112e-02,4.754761077598458618e-02,2.387644885197233446e-02,7.203992041183715500e-02,7.202412910968639115e-02,2.289738811862426088e-02,4.874774973944351331e-02,1.595711082335849462e-01,7.203992041183715500e-02,1.010801250671130302e-01,6.943435555695923189e-02,1.672298897767109799e-02,5.890155702239206759e-02
8.969459621640399685e-03,1.585446735937845464e-02,1.425954584215014323e-02,6.348103464611691907e-03,2.393961406057543498e-02,3.279853456716040616e-02,3.467769952310267162e-02,3.742538609733758823e-03,3.289328238006505867e-02,2.138142311214982771e-02,2.267630988851340734e-02,2.133404920569750146e-02,4.660013264693806806e-02,1.358051984966680316e-02,1.342260682815905014e-02,0.000000000000000000e+00,7.958816283990777576e-03,1.580709345292612839e-02,1.266462432492183356e-02,2.433439661434481927e-02,1.075387676467801611e-02,4.522628935982061366e-02,4.423143732432176234e-02,1.729147585509901303e-02,3.451978650159492207e-02,8.446767520449736943e-02,4.851088020718188204e-02,6.823421659350030477e-02,4.560528061143921674e-02,9.143163945298928702e-03,3.720430786722673383e-02,9.064207434545052192e-03,8.306224931307835610e-03,1.536493699270441785e-02,8.448346650664814370e-03,1.618608470454473841e-02,5.084799292549663403e-03,3.947825537693838531e-03,1.032751160660708156e-02,7.785111960332249427e-03,1.381738938192843442e-02,7.248207687205887248e-03,1.277516343997726032e-02,4.753181947383381366e-03,1.610712819379086103e-03,8.037772794744654087e-03,1.719672804219436052e-02,1.762309320026529333e-02,8.779963995831096407e-03,2.226573603259324879e-02,3.257745633704955263e-02,3.674636010485424903e-02,6.411268673214793289e-03,3.810441208982092570e-02,2.553453557780374639e-02,2.880333512301424398e-02,2.442914442724947177e-02,4.969522786849003837e-02,1.665982376906799747e-02,1.285411995073113683e-02,1.337523292170672388e-02,9.490572592615986736e-03,1.310678078514354236e-02,1.803366705618545188e-02,3.142469128004295176e-02,1.629662381960016518e-02,4.723178473296908014e-02,4.704228910715977513e-02,1.550705871206139660e-02,3.226163029403404658e-02,1.064491677983766538e-01,4.735811515017528117e-02,6.810788617629409680e-02,4.636326311467643679e-02,1.102232890124119589e-02,3.870448157155038926e-02
7.690364147427596921e-03,1.354893724536525290e-02,1.239617218835865203e-02,5.463790544168271694e-03,2.046552758740485811e-02,2.809272652622935365e-02,2.971923064775921358e-02,3.205634336607396644e-03,2.855067428860183845e-02,1.819158007769320490e-02,1.936013643685058350e-02,1.838107570350250991e-02,4.012569876512016992e-02,1.155923317436755894e-02,1.160660708081988519e-02,7.958816283990777576e-03,0.000000000000000000e+00,1.350156333891292665e-02,1.070650285822568985e-02,2.095505795407889491e-02,9.143163945298928702e-03,3.941509016833528306e-02,3.789912516186084990e-02,1.462274579161797726e-02,2.945077851119603379e-02,7.254524208066197299e-02,4.173641158449925559e-02,5.856993967722578381e-02,3.941509016833528306e-02,8.006190190443103830e-03,3.183526513596311031e-02,7.674572845276821792e-03,7.106085967848908488e-03,1.315415469159586861e-02,7.153459874301234742e-03,1.392792849698386119e-02,4.326816789312446822e-03,3.474086473170577734e-03,9.016833528092725938e-03,6.600764299024097434e-03,1.203297223889081974e-02,6.300729558159365654e-03,1.108549410984429814e-02,4.153112465653917805e-03,1.373843287117455705e-03,6.995546852793481721e-03,1.493857183463348330e-02,1.514385876259356431e-02,7.564033730221394157e-03,1.904431039383507399e-02,2.780848308751539613e-02,3.169314341660613155e-02,5.526955752771373943e-03,3.284590847361273241e-02,2.210782301108549577e-02,2.458705744875722479e-02,2.108138837128509593e-02,4.279442882860120395e-02,1.429112844645169522e-02,1.124340713135205116e-02,1.155923317436755894e-02,8.274642327006285353e-03,1.133815494425670367e-02,1.544389350345829436e-02,2.712945709503205780e-02,1.413321542494394047e-02,4.072576824684963348e-02,4.040994220383412744e-02,1.321731990019897086e-02,2.754003095095221634e-02,9.187379591321100103e-02,4.080472475760351520e-02,5.839623535356725653e-02,3.995199444146164264e-02,9.490572592615986736e-03,3.358809967469917473e-02
1.564918043141837536e-02,2.757161355525376487e-02,2.523450083693901461e-02,1.100653759909042163e-02,4.187853330385623435e-02,5.798566149764709798e-02,6.089126109338976328e-02,6.427059975365568417e-03,5.894893092884439384e-02,3.737801219088526111e-02,3.949404667908915784e-02,3.677794270915579755e-02,8.156207560875469720e-02,2.352904020465527643e-02,2.357641411110760268e-02,1.580709345292612839e-02,1.350156333891292665e-02,0.000000000000000000e+00,2.231310993904557505e-02,4.285759403720430794e-02,1.853898872501026293e-02,8.037772794744654781e-02,7.715630230868837647e-02,3.030350882733790288e-02,6.057543505037425724e-02,1.483908663108359782e-01,8.503616208192527059e-02,1.196980703028771714e-01,8.096200612702524058e-02,1.635978902820326569e-02,6.523386918485298003e-02,1.577551084862457639e-02,1.433850235290401974e-02,2.657676151975492049e-02,1.465432839591952752e-02,2.766636136815841737e-02,8.811546600132646664e-03,6.900799039888829214e-03,1.825474528629630888e-02,1.339102422385749988e-02,2.406594447778163948e-02,1.272778953352493407e-02,2.163408394656223324e-02,8.243059722704735096e-03,2.795060480687237663e-03,1.377001547547610817e-02,3.057196096390108267e-02,3.104570002842434520e-02,1.534914569055364358e-02,3.884660329090736802e-02,5.724347029656065566e-02,6.404952152354483064e-02,1.116445062059817465e-02,6.727094716230300198e-02,4.438935034582951883e-02,5.026371474591794647e-02,4.208382023181631709e-02,8.705744875722451481e-02,2.862963079935571323e-02,2.270789249281495586e-02,2.324479676594131891e-02,1.664403246691722321e-02,2.335533588099674568e-02,3.181947383381233951e-02,5.462211413953194789e-02,2.836117866279253344e-02,8.279379717651517978e-02,8.280958847866595751e-02,2.687679626061965227e-02,5.700660076429902440e-02,1.869532261630293957e-01,8.328332754318920617e-02,1.188927138931876321e-01,8.047247576035120031e-02,1.945488424975523600e-02,6.834475570855572113e-02
1.266462432492183356e-02,2.213940561538704430e-02,2.013391024223857434e-02,8.858920506584972918e-03,3.355651707039762621e-02,4.710545431576287911e-02,4.824242807061870225e-02,5.021634083946562022e-03,4.757919338028614165e-02,2.994030887787007059e-02,3.197738685532008907e-02,2.907178725957742377e-02,6.498120835044057797e-02,1.904431039383507399e-02,1.932855383254903150e-02,1.266462432492183356e-02,1.070650285822568985e-02,2.231310993904557505e-02,0.000000000000000000e+00,3.500931686826895539e-02,1.501752834538735981e-02,6.518649527840066071e-02,6.194927833749171164e-02,2.436597921864637126e-02,4.922148880396677584e-02,1.192243312383539089e-01,6.941856425480845416e-02,9.599532577456336424e-02,6.510753876764678594e-02,1.321731990019897086e-02,5.279032309004200174e-02,1.241196349050942803e-02,1.168556359157376170e-02,2.166566655086378523e-02,1.189085051953384098e-02,2.210782301108549577e-02,7.011338154944256849e-03,5.669077472128351836e-03,1.407005021634083995e-02,1.089599848403499313e-02,1.926538862394593099e-02,1.002747686574234978e-02,1.744938887660676605e-02,6.506016486119445795e-03,2.289738811862426174e-03,1.103812020339197189e-02,2.455547484445567280e-02,2.512396172188358784e-02,1.206455484319237000e-02,3.098253481982124122e-02,4.617376748886713178e-02,5.116381896851214528e-02,8.811546600132646664e-03,5.408520986640558137e-02,3.523039509837981587e-02,4.047310741243723142e-02,3.335123014243754347e-02,6.957647727631620371e-02,2.329217067239364516e-02,1.820737137984398263e-02,1.842844960995483616e-02,1.339102422385749988e-02,1.871269304866879368e-02,2.589773552727157868e-02,4.407352430281401279e-02,2.262893598206108109e-02,6.719199065154912720e-02,6.703407763004137765e-02,2.155512743580835847e-02,4.607901967596247927e-02,1.491646401162239899e-01,6.769731232037393132e-02,9.564791712724630968e-02,6.496541704828980024e-02,1.574392824432302787e-02,5.466948804598427414e-02
2.411331838423396226e-02,4.288917664150585646e-02,3.952562928339070636e-02,1.702302371853582977e-02,6.408110412784638610e-02,9.054732653254587982e-02,9.290023055301140087e-02,9.774816031329944255e-03,9.185800461106022330e-02,5.770141805893314046e-02,6.115971322995294307e-02,5.591700091589552751e-02,1.250197391276884618e-01,3.617787322742633399e-02,3.722009916937750462e-02,2.433439661434481927e-02,2.095505795407889491e-02,4.285759403720430794e-02,3.500931686826895539e-02,0.000000000000000000e+00,2.867700470580803948e-02,1.254934781922117382e-01,1.196349050942740744e-01,4.622114139531945803e-02,9.488993462400908963e-02,2.306477592142248123e-01,1.339102422385750057e-01,1.839528787543820987e-01,1.251776521491962113e-01,2.506079651328048385e-02,1.014275337144300987e-01,2.392382275842466072e-02,2.237627514764867556e-02,4.149954205223762432e-02,2.273947509711650786e-02,4.225752455547484437e-02,1.340681552600827414e-02,1.084862457758266688e-02,2.727157881438903309e-02,2.070239711966648938e-02,3.714114265862362985e-02,1.928117992609670525e-02,3.352493446609607769e-02,1.247512869911252854e-02,4.374190695764773075e-03,2.106559706913432167e-02,4.759498468243691244e-02,4.868458453084041626e-02,2.322900546379054465e-02,5.929633957616144840e-02,8.920506584972996700e-02,9.779553421975176186e-02,1.710198022928970801e-02,1.040488898714587995e-01,6.796576445693712498e-02,7.767741527966395831e-02,6.441272147301266293e-02,1.333733379654486184e-01,4.457884597163882384e-02,3.557780374569687043e-02,3.589362978871237647e-02,2.588194422512080442e-02,3.600416890376780671e-02,4.971101917064080916e-02,8.604680541957489270e-02,4.356820263398920173e-02,1.303887818589520853e-01,1.296150080535641014e-01,4.104159428986513952e-02,8.825758772068344193e-02,2.880965164387455646e-01,1.310678078514354306e-01,1.839212961500805432e-01,1.255250607965132936e-01,3.028771752518712862e-02,1.061175504532103769e-01
1.045384202381328433e-02,1.857057132931181492e-02,1.691248460348040300e-02,7.390329406562865140e-03,2.787164829611849665e-02,3.884660329090736802e-02,4.034677699523102345e-02,4.311025487161671693e-03,3.902030761456589530e-02,2.495025739822505709e-02,2.654517891545336850e-02,2.493446609607428283e-02,5.459053153523039242e-02,1.566497173356914963e-02,1.598079777658465567e-02,1.075387676467801611e-02,9.143163945298928702e-03,1.853898872501026293e-02,1.501752834538735981e-02,2.867700470580803948e-02,0.000000000000000000e+00,5.369042731263620055e-02,5.184284496099548362e-02,2.040236237880175760e-02,4.026782048447714868e-02,9.923254271547231331e-02,5.746454852667150920e-02,8.009348450873259029e-02,5.364305340618387430e-02,1.081704197328111662e-02,4.391561128130625630e-02,1.043805072166250833e-02,9.743233427028392263e-03,1.831791049489940940e-02,9.964311657139247533e-03,1.857057132931181492e-02,5.826990493636104856e-03,4.753181947383381366e-03,1.208034614534314426e-02,9.048416132394277930e-03,1.654928465401257071e-02,8.606259672172567390e-03,1.463853709376875152e-02,5.558538357072924201e-03,1.926538862394593012e-03,9.458989988314436478e-03,2.060764930676183687e-02,2.079714493257113841e-02,1.021697249155165306e-02,2.564507469285917315e-02,3.832549031993177924e-02,4.268388971354578065e-02,7.532451125919843032e-03,4.484729810820200363e-02,2.973502194990999131e-02,3.354072576824684848e-02,2.894545684237122274e-02,5.804882670625019503e-02,1.910747560243817797e-02,1.514385876259356431e-02,1.542810220130752009e-02,1.118024192274895065e-02,1.553864131636294686e-02,2.141300571645137971e-02,3.652528187474338855e-02,1.898114518523197347e-02,5.564854877933234079e-02,5.556959226857846601e-02,1.828632789059785740e-02,3.797808167261472467e-02,1.252566086599500861e-01,5.593279221804629830e-02,7.908284117108296818e-02,5.380096642769163079e-02,1.279095474212803632e-02,4.574740233079619550e-02
