0.000000000000000000e+00,2.480404602147937704e-02,1.835620302645630739e-02,1.112252916641479766e-02,3.477805315440569284e-02,3.846541336718450887e-02,4.656551612968224535e-02,1.221060267182494039e-02,4.982973664591267005e-02,2.816901408450704289e-02,3.703479820266376843e-02,2.331298232888029051e-02,6.506276572165467509e-02,2.111668580870055753e-02,1.746962461464063310e-02,1.561586975357150131e-02,1.192850954079268180e-02,2.180176912692175992e-02,2.788692095347478431e-02,3.888855306373290022e-02,1.960547260674202694e-02,6.230228293941042494e-02,6.149630256503254427e-02,2.293014165105079771e-02,5.452457232666384906e-02,1.007878458159543883e-01,6.262467508916158554e-02,8.402345402889439818e-02,5.601563601926293212e-02,1.529347760382034765e-02,4.138709222430433932e-02,1.166656591911986902e-02,9.832960567410183039e-03,2.071369562151161720e-02,9.953857623566866528e-03,2.311148723528582208e-02,8.825485099437828732e-03,3.425416591106006728e-03,9.591166455096817797e-03,7.797860122106026887e-03,1.474944085111527456e-02,9.752362529972394625e-03,1.523302907574200504e-02,5.923955751677446695e-03,2.700034254165911002e-03,1.124342622257148115e-02,2.083459267766829895e-02,2.641600677023514532e-02,1.231135021862217634e-02,2.869290132785266845e-02,3.632956537508311851e-02,4.245501622035503103e-02,1.329867617723508484e-02,4.807672933164077594e-02,2.990187188941949292e-02,4.412742549718914192e-02,2.947873219287110505e-02,5.700296197787584063e-02,2.049205101855769776e-02,1.885994076044248194e-02,1.551512220677426536e-02,1.071953897922585559e-02,2.260774950129964406e-02,2.174132059884341731e-02,3.784077857704164910e-02,2.403836466582038797e-02,5.754699873058091025e-02,6.911281710290353986e-02,1.583751435652541728e-02,5.166334199762236123e-02,1.202321223478208245e-01,5.938060408229059450e-02,7.086582441717544090e-02,4.688790827943339901e-02,1.311733059300006048e-02,4.152813878982046514e-02
2.480404602147937704e-02,0.000000000000000000e+00,3.838481532974671873e-02,2.315178625400471368e-02,7.271957927824457268e-02,8.005400068508332356e-02,9.758407382780229233e-02,2.512643817123053069e-02,1.050595418001571690e-01,5.978359426947953831e-02,7.695097624372845835e-02,4.749239356021681124e-02,1.361099357230651508e-01,4.463116323117532341e-02,3.628926635636422343e-02,3.298474682141489672e-02,2.484434504019827211e-02,4.497370489028592461e-02,5.817163352072377003e-02,8.176670898063631565e-02,4.068185939672368939e-02,1.308509137802494615e-01,1.273851981704245406e-01,4.586028330210159543e-02,1.148320538394890095e-01,2.094944488101714852e-01,1.309516613270466923e-01,1.777992705877611823e-01,1.171895464345443227e-01,3.274295270910153322e-02,8.551451772149348818e-02,2.413911221261762219e-02,2.083459267766829895e-02,4.303935199177900267e-02,2.045175199983880268e-02,4.900360676217534184e-02,1.837635253581575145e-02,7.294122388119848865e-03,1.964577162546091854e-02,1.607930846883878426e-02,3.054665618892180023e-02,2.043160249047935514e-02,3.419371738298172120e-02,1.281508795260835436e-02,5.621713111285740576e-03,2.347417840375586734e-02,4.322069757601402357e-02,5.537085171976062481e-02,2.617421265792177834e-02,6.067017268129520913e-02,7.545991255112938223e-02,8.932277499042898250e-02,2.746378125692639297e-02,1.024602550927884853e-01,6.282617018275604703e-02,9.250639746922162399e-02,6.014628543794958704e-02,1.182171714118761263e-01,4.459086421245642834e-02,3.876765600757621499e-02,3.276310221846098075e-02,2.234580587962682954e-02,4.759314110701404199e-02,4.588043281146104296e-02,8.073908400330452595e-02,4.968869008039654422e-02,1.213201958532309777e-01,1.440085433919684188e-01,3.236011203127203695e-02,1.094924338592355301e-01,2.487859920610933084e-01,1.247456124443369757e-01,1.497310040500513806e-01,9.901468899232303278e-02,2.818916359386649043e-02,8.700558141409256430e-02
1.835620302645630739e-02,3.838481532974671873e-02,0.000000000000000000e+00,1.678454129641943071e-02,5.250962139071913698e-02,5.863507223599105644e-02,7.022104011767313358e-02,1.849724959197243668e-02,7.689052771565012268e-02,4.245501622035503103e-02,5.557234681335509324e-02,3.449596002337343426e-02,9.830945616474238979e-02,3.227951399383424680e-02,2.659735235447016968e-02,2.401821515646094043e-02,1.779201676439178675e-02,3.296459731205544919e-02,4.271695984202784901e-02,5.974329525076064323e-02,2.984142336134115031e-02,9.581091700417095069e-02,9.442060085836910532e-02,3.348848455540107821e-02,8.341896874811098594e-02,1.526929819258900922e-01,9.540792681698199995e-02,1.290777569566181060e-01,8.569586330572850907e-02,2.387716859094481114e-02,6.222168490197263480e-02,1.716738197424892698e-02,1.517258054766366417e-02,3.131233754458079277e-02,1.468899232303693368e-02,3.530194039775131493e-02,1.333897519595397818e-02,5.198573414737350969e-03,1.404420802353462637e-02,1.158596788168208061e-02,2.232565637026738548e-02,1.466884281367748614e-02,2.450180338108767092e-02,9.188176267907875727e-03,3.969453343811078089e-03,1.714723246488947944e-02,3.159443067561305135e-02,4.088335449031815783e-02,1.875919321364524772e-02,4.374458481935964566e-02,5.567309436015233093e-02,6.427693485663624196e-02,2.014950935944709656e-02,7.433154002700034790e-02,4.479235930605089677e-02,6.750085635414777852e-02,4.446996715629974312e-02,8.543391968405569803e-02,3.242056055935037956e-02,2.835035966874206725e-02,2.381672006286646853e-02,1.613975699691712340e-02,3.453625904209232239e-02,3.381087670515223187e-02,5.960224868524451741e-02,3.620866831892643328e-02,8.873843921900501086e-02,1.064095589272401193e-01,2.367567349735033924e-02,7.944951540429991133e-02,1.820306675532450680e-01,9.145862298253037981e-02,1.082230147695903560e-01,7.259868222208788746e-02,2.059279856535493197e-02,6.381349614136895554e-02
1.112252916641479766e-02,2.315178625400471368e-02,1.678454129641943071e-02,0.000000000000000000e+00,3.264220516230429553e-02,3.542283745390800015e-02,4.414757500654858946e-02,1.112252916641479766e-02,4.723044993854399326e-02,2.629510971407846356e-02,3.393177376130891015e-02,2.119728384613834768e-02,6.107316286848415293e-02,1.946442604122589765e-02,1.583751435652541728e-02,1.438674968264522756e-02,1.094118358217977330e-02,1.972636966289870869e-02,2.544883032098168435e-02,3.514074432287573463e-02,1.787261480182957690e-02,5.645892522517076406e-02,5.583429043502790429e-02,2.059279856535493197e-02,5.019242781438271878e-02,9.236535090370549816e-02,5.706341050595418324e-02,7.820024582401419178e-02,5.138124886659009571e-02,1.398375949545628549e-02,3.763928348344718067e-02,1.102178161961756171e-02,9.228475286626770802e-03,1.920248241955308313e-02,9.228475286626770802e-03,2.145922746781115872e-02,8.402345402889439124e-03,3.203771988152088589e-03,9.107578230470087313e-03,7.032178766447036954e-03,1.372181587378347271e-02,9.067279211751193974e-03,1.480988937919361717e-02,5.843357714239658281e-03,2.438090632493098656e-03,1.033669830139636106e-02,1.885994076044248194e-02,2.440105583429043670e-02,1.176731346591710498e-02,2.710109008845634770e-02,3.302504584013379180e-02,3.977513147554857104e-02,1.239194825605996475e-02,4.493340587156702953e-02,2.782647242539644170e-02,4.134679320558544424e-02,2.710109008845634770e-02,5.244917286264079437e-02,1.950472505994478925e-02,1.688528884321666840e-02,1.420540409841020320e-02,9.953857623566866528e-03,2.097563924318442824e-02,2.041145298111991108e-02,3.371012915835499418e-02,2.206371274859457096e-02,5.184468758185738213e-02,6.322916036994499778e-02,1.448749722944246351e-02,4.809687884100022348e-02,1.102984142336134177e-01,5.373874146164540899e-02,6.556650345564085658e-02,4.253561425779282118e-02,1.200910757823047022e-02,3.840496483910616626e-02
3.477805315440569284e-02,7.271957927824457268e-02,5.250962139071913698e-02,3.264220516230429553e-02,0.000000000000000000e+00,1.103185637429728583e-01,1.394950532954522537e-01,3.497954824800016127e-02,1.464667835338209489e-01,8.420479961312941908e-02,1.069938946986640910e-01,6.705756714823994658e-02,1.925688609482359148e-01,6.171794716798646024e-02,4.982973664591267005e-02,4.551774164299099423e-02,3.453625904209232239e-02,6.183884422414314547e-02,8.027564528803723953e-02,1.112857401922263262e-01,5.651937375324910667e-02,1.778798686251989725e-01,1.754216284833464423e-01,6.429708436599568255e-02,1.585161901307703125e-01,2.897700940982086970e-01,1.783836063591851540e-01,2.472546293497753234e-01,1.611759253662173319e-01,4.422817304398637961e-02,1.185597130709867275e-01,3.461685707953011254e-02,2.857200427169598322e-02,5.974329525076064323e-02,2.905559249632271371e-02,6.778294948518003016e-02,2.617421265792177834e-02,9.994156642285759867e-03,2.835035966874206725e-02,2.210401176731346604e-02,4.285800640754397484e-02,2.865260230913377337e-02,4.614237643313385401e-02,1.793306332990791604e-02,7.777710612746579349e-03,3.256160712486651232e-02,5.903806242317999331e-02,7.642708900038283626e-02,3.667210703419371970e-02,8.613915251163634101e-02,1.025207036208668349e-01,1.260351810433416042e-01,3.894900159181124283e-02,1.413085091378024905e-01,8.900038284067783578e-02,1.307703157428116714e-01,8.535332164661790788e-02,1.665155453464708113e-01,6.109331237784360047e-02,5.313425618086199675e-02,4.511475145580205043e-02,3.151383263817526120e-02,6.566725100243808733e-02,6.361200104777448017e-02,1.069737451893046365e-01,7.016059158959479791e-02,1.643192488262910922e-01,1.990771524713373097e-01,4.553789115235044177e-02,1.515847589111205262e-01,3.463499163795361602e-01,1.690342340164016910e-01,2.079026375707751506e-01,1.345785730117471657e-01,3.844526385782506134e-02,1.206351125350097753e-01
3.846541336718450887e-02,8.005400068508332356e-02,5.863507223599105644e-02,3.542283745390800015e-02,1.103185637429728583e-01,0.000000000000000000e+00,1.493683128815813388e-01,3.788107759576054417e-02,1.607326361603095000e-01,8.900038284067783578e-02,1.162223699852908548e-01,7.187329988514779000e-02,2.080839831550101715e-01,6.816579016300952643e-02,5.434322674242882123e-02,4.991033468335046019e-02,3.790122710511999171e-02,6.913296661226299433e-02,8.799290737270547280e-02,1.241209776541941229e-01,6.071047170001410420e-02,1.981301255314432963e-01,1.936166354349271590e-01,7.088597392653489537e-02,1.754417779927058829e-01,3.206189929275222172e-01,1.990771524713373097e-01,2.693183420983699117e-01,1.798948195611436984e-01,5.085736162324447363e-02,1.316568941546273352e-01,3.717584476817989425e-02,3.151383263817526120e-02,6.447842995023071733e-02,3.109069294162686986e-02,7.507707187329988596e-02,2.881379838400935020e-02,1.084043603538253908e-02,3.026456305788954165e-02,2.476374700276048196e-02,4.598118035825827371e-02,3.092949686675129303e-02,5.107900622619838960e-02,1.958532309738257940e-02,8.482943440327227538e-03,3.568478107558081119e-02,6.582844707731366762e-02,8.426524814120775475e-02,3.975498196618912350e-02,9.254669648794051906e-02,1.167865562473553720e-01,1.362106832698623815e-01,4.207217554252554170e-02,1.557557073485260624e-01,9.438030183965021025e-02,1.406838743476596376e-01,9.111608132341977861e-02,1.806202018980837820e-01,6.774265046646113508e-02,5.907836144189888838e-02,5.023272683310161385e-02,3.395192327066835769e-02,7.225614056297728627e-02,7.020089060831369299e-02,1.222672227931249911e-01,7.564125813536440313e-02,1.841866650547059059e-01,2.205363799391484858e-01,4.976928811783432743e-02,1.662133027060791191e-01,3.810675210058634965e-01,1.895262850349593853e-01,2.277902033085494327e-01,1.502750408027564433e-01,4.241471720163614290e-02,1.325233230570835585e-01
4.656551612968224535e-02,9.758407382780229233e-02,7.022104011767313358e-02,4.414757500654858946e-02,1.394950532954522537e-01,1.493683128815813388e-01,0.000000000000000000e+00,4.684760926071450393e-02,1.986741622841483867e-01,1.136432327872816256e-01,1.452376634628946839e-01,8.988696125249349966e-02,2.599286707368675398e-01,8.388240746337827236e-02,6.653367990489431061e-02,6.145600354631364920e-02,4.674686171391726625e-02,8.345926776682988102e-02,1.077998750730419647e-01,1.492071168067057585e-01,7.509722138265932656e-02,2.388522839468859016e-01,2.352656712809043094e-01,8.692498337665477415e-02,2.141691349815632028e-01,3.902355477644119386e-01,2.398396099054987962e-01,3.325878014870338184e-01,2.176952991194664455e-01,6.042837856898184562e-02,1.605512905760744791e-01,4.682745975135505639e-02,3.792137661447943925e-02,7.961071147917547774e-02,3.913034717604626372e-02,9.204295875395433757e-02,3.576537911301860134e-02,1.352032078018900255e-02,3.890870257309234775e-02,2.970037679582502102e-02,5.720445707147030906e-02,3.876765600757621499e-02,6.159705011182977502e-02,2.432045779685264655e-02,1.051804388563138543e-02,4.356323923512462476e-02,7.922787080134598148e-02,1.028027967518990865e-01,4.966854057103709669e-02,1.165649116444014560e-01,1.389107175240282821e-01,1.712708295553003190e-01,5.232827580648410914e-02,1.921457212516875235e-01,1.207560095911664605e-01,1.758850671986137149e-01,1.140462229744705763e-01,2.261177940317153356e-01,8.170626045255797998e-02,7.132926313244272731e-02,6.030748151282516040e-02,4.277740837010618469e-02,8.821455197565938877e-02,8.553466723085292878e-02,1.425779282274476645e-01,9.397731165246125951e-02,2.195087549618166822e-01,2.675250357653791156e-01,6.133510649015696398e-02,2.037518386427290551e-01,4.663603941244030548e-01,2.273872131213604819e-01,2.800177315682363388e-01,1.812246871788671942e-01,5.107900622619838960e-02,1.612968224223740032e-01
1.221060267182494039e-02,2.512643817123053069e-02,1.849724959197243668e-02,1.112252916641479766e-02,3.497954824800016127e-02,3.788107759576054417e-02,4.684760926071450393e-02,0.000000000000000000e+00,4.982973664591267005e-02,2.843095770617985393e-02,3.661165850611537709e-02,2.323238429144250383e-02,6.478067259062242345e-02,2.115698482741945260e-02,1.748977412400008064e-02,1.567631828164984045e-02,1.168671542847931656e-02,2.158012452396784048e-02,2.776602389731809908e-02,3.890870257309234775e-02,2.006891132200930988e-02,6.208063833645650897e-02,6.153660158375143241e-02,2.202341372987567589e-02,5.442382477986661138e-02,1.001027624977331859e-01,6.210078784581595651e-02,8.452719176288057967e-02,5.527010417296338712e-02,1.503153398214753488e-02,4.092365350903705290e-02,1.150536984424429220e-02,1.005460517036410248e-02,2.089504120574664156e-02,9.752362529972394625e-03,2.303088919784803193e-02,8.865784118156722071e-03,3.485865119184348038e-03,9.409820870861795167e-03,7.737411594027685142e-03,1.497108545406919400e-02,9.671764492534606211e-03,1.593826190332265497e-02,6.125450845271917730e-03,2.639585726087569691e-03,1.112252916641479766e-02,2.045175199983880268e-02,2.649660480767293200e-02,1.247254629349775316e-02,2.885409740272824528e-02,3.598702371597251731e-02,4.213262407060387738e-02,1.317777912107840135e-02,4.821777589715690177e-02,2.996232041749783553e-02,4.465131274053477095e-02,2.982127385198170277e-02,5.599548650990348458e-02,2.091519071510608563e-02,1.849724959197243668e-02,1.541437465997702941e-02,1.065909045114751472e-02,2.242640391706461969e-02,2.206371274859457096e-02,3.826391827359004044e-02,2.415926172197706973e-02,5.714400854339196645e-02,6.887102299059018329e-02,1.561586975357150131e-02,5.176408954441959198e-02,1.187813576739406435e-01,5.899776340446109824e-02,7.070462834229986060e-02,4.682745975135505639e-02,1.327852666787563730e-02,4.203187652380664663e-02
4.982973664591267005e-02,1.050595418001571690e-01,7.689052771565012268e-02,4.723044993854399326e-02,1.464667835338209489e-01,1.607326361603095000e-01,1.986741622841483867e-01,4.982973664591267005e-02,0.000000000000000000e+00,1.176529851498115953e-01,1.534183642628302036e-01,9.391686312438292383e-02,2.744161679663100206e-01,8.936307400914787757e-02,7.066432932358096553e-02,6.578814805859477255e-02,4.991033468335046019e-02,9.065264260815249220e-02,1.163835660601664351e-01,1.604908420479961295e-01,7.836144189888975820e-02,2.594450825122408544e-01,2.546897983034113189e-01,9.206310826331379205e-02,2.314977130306876962e-01,4.192105422232968448e-01,2.593241854560841553e-01,3.544298696326744214e-01,2.349835781498720577e-01,6.538515787140583568e-02,1.718753148360837313e-01,4.918495234641036273e-02,4.023857019081585051e-02,8.416450059441052400e-02,4.102440105583429059e-02,9.891394144552580203e-02,3.836466582038727119e-02,1.392331096737794462e-02,4.039976626569143081e-02,3.205786939088033083e-02,6.022688347538737719e-02,4.064156037800479432e-02,6.609039069898647867e-02,2.623466118600012095e-02,1.096133309153922084e-02,4.666626367647947610e-02,8.553466723085292878e-02,1.115678333232585778e-01,5.299320961534586399e-02,1.224082693586411169e-01,1.531967196598762737e-01,1.810030425759132644e-01,5.549174877591730309e-02,2.094138507727336951e-01,1.252292006689637027e-01,1.865643071591206736e-01,1.197686836325535520e-01,2.394769187370287544e-01,8.797275786334603220e-02,7.697112575308791282e-02,6.506276572165467509e-02,4.444981764694029558e-02,9.460194644260412622e-02,9.290938765641056085e-02,1.571460234943279077e-01,9.806766205242901935e-02,2.379657055350702100e-01,2.899312901730842773e-01,6.566725100243808733e-02,2.185617280219226688e-01,5.002115698482741957e-01,2.476777690463237147e-01,2.999657458340889149e-01,1.970017530073142620e-01,5.514920711680670884e-02,1.725805476636644020e-01
2.816901408450704289e-02,5.978359426947953831e-02,4.245501622035503103e-02,2.629510971407846356e-02,8.420479961312941908e-02,8.900038284067783578e-02,1.136432327872816256e-01,2.843095770617985393e-02,1.176529851498115953e-01,0.000000000000000000e+00,8.819440246629994817e-02,5.478651594833666011e-02,1.555743617642910415e-01,5.138124886659009571e-02,4.104455056519373812e-02,3.765943299280662820e-02,2.800781800963146606e-02,5.099840818876060639e-02,6.600979266154868852e-02,9.174071611356263145e-02,4.638417054544721752e-02,1.467287271554937600e-01,1.436861512422172582e-01,5.206633218481129810e-02,1.303068770275443711e-01,2.375425658385218186e-01,1.450361683693001946e-01,2.027040641560378109e-01,1.308509137802494615e-01,3.667210703419371970e-02,9.740272824356727144e-02,2.774587438795865155e-02,2.349432791311531488e-02,4.837897197203248206e-02,2.327268331016139891e-02,5.607608454734127473e-02,2.089504120574664156e-02,8.100102762497733005e-03,2.266819802937798320e-02,1.825545547965906970e-02,3.483850168248402851e-02,2.323238429144250383e-02,3.834451631102782365e-02,1.454794575752080439e-02,6.467992504382518056e-03,2.645630578895404039e-02,4.858046706562695050e-02,6.189929275222148114e-02,2.980112434262225871e-02,7.082552539845654582e-02,8.386225795401881788e-02,1.033468335046041631e-01,3.129218803522134523e-02,1.155574361764291069e-01,7.336436357774688000e-02,1.059662697213322874e-01,6.899192004674686851e-02,1.366942714944891224e-01,5.033347437989885154e-02,4.340204316024905140e-02,3.715569525882044671e-02,2.589211952688951976e-02,5.361784440548872377e-02,5.150214592274678094e-02,8.968546615889902429e-02,5.720445707147030906e-02,1.356061979890789693e-01,1.621834008341896949e-01,3.665195752483427216e-02,1.245239678413830597e-01,2.824356726913699878e-01,1.390114650708255128e-01,1.722581555139132414e-01,1.121320195853230950e-01,3.215861693767756851e-02,9.865199782385299099e-02
3.703479820266376843e-02,7.695097624372845835e-02,5.557234681335509324e-02,3.393177376130891015e-02,1.069938946986640910e-01,1.162223699852908548e-01,1.452376634628946839e-01,3.661165850611537709e-02,1.534183642628302036e-01,8.819440246629994817e-02,0.000000000000000000e+00,7.062403030486207045e-02,2.007294122388119939e-01,6.570755002115698240e-02,5.279171452175139556e-02,4.831852344395413945e-02,3.659150899675592955e-02,6.615083922706481434e-02,8.503092949686674729e-02,1.185395635616272730e-01,5.938060408229059450e-02,1.896471820911160844e-01,1.859195228596183802e-01,6.806504261621229568e-02,1.689334864696044602e-01,3.080255495778677632e-01,1.892441919039271336e-01,2.604928569989320986e-01,1.704044006528440958e-01,4.751254306957625878e-02,1.259344334965443457e-01,3.614821979084809067e-02,3.048620766084345762e-02,6.268512361723992121e-02,3.014366600173285643e-02,7.207479497874226537e-02,2.722198714461302946e-02,1.035684781075580860e-02,2.931753611799552822e-02,2.355477644119365749e-02,4.477220979669144924e-02,2.972052630518446856e-02,4.944689596808317378e-02,1.888009026980192948e-02,8.301597856092204908e-03,3.397207278002780523e-02,6.328960889802333345e-02,8.059803743778838625e-02,3.846541336718450887e-02,9.063249309879303772e-02,1.103790122710511939e-01,1.327651171693969290e-01,4.021842068145640992e-02,1.500936952185214224e-01,9.294968667512945593e-02,1.367748695319268848e-01,8.893993431259948623e-02,1.750387878055169322e-01,6.534485885268694061e-02,5.659997179068689682e-02,4.831852344395413945e-02,3.308549436821213441e-02,6.947550827137359553e-02,6.727921175119386255e-02,1.166858087005581412e-01,7.282032682504180343e-02,1.767313465917104975e-01,2.103810272219871491e-01,4.749239356021681124e-02,1.606318886135122692e-01,3.656732958552459389e-01,1.811843881601483131e-01,2.207983235608212969e-01,1.445928791633923627e-01,4.108484958391263320e-02,1.279493844324890717e-01
2.331298232888029051e-02,4.749239356021681124e-02,3.449596002337343426e-02,2.119728384613834768e-02,6.705756714823994658e-02,7.187329988514779000e-02,8.988696125249349966e-02,2.323238429144250383e-02,9.391686312438292383e-02,5.478651594833666011e-02,7.062403030486207045e-02,0.000000000000000000e+00,1.245038183320236191e-01,4.046021479376977342e-02,3.324669044308770777e-02,2.986157287070059785e-02,2.254730097322130145e-02,4.108484958391263320e-02,5.319470470894033937e-02,7.366660621813858612e-02,3.804227367063611753e-02,1.170686493783876375e-01,1.166656591911987007e-01,4.267666082330895394e-02,1.037901227105119950e-01,1.911986943117935100e-01,1.173507425094198892e-01,1.615184670253279331e-01,1.048378971972032531e-01,2.847125672489874901e-02,7.779725563682524103e-02,2.230550686090793794e-02,1.910173487275584892e-02,3.987587902234580872e-02,1.894053879788027209e-02,4.420802353462693207e-02,1.694573737129500754e-02,6.508291523101412263e-03,1.807410989542404534e-02,1.472929134175582876e-02,2.875334985593100759e-02,1.857784762941022336e-02,3.016381551109230397e-02,1.156581837232263481e-02,5.218722924096798506e-03,2.147937697717060626e-02,3.915049668540571126e-02,4.980958713655322251e-02,2.393761711902315029e-02,5.575369239759012108e-02,6.784339801325837971e-02,8.136371879344737879e-02,2.528763424610610752e-02,9.161981905740594623e-02,5.770819480545649055e-02,8.466823832839670549e-02,5.641862620645187593e-02,1.080215196759958945e-01,3.985572951298636118e-02,3.530194039775131493e-02,2.925708758991718561e-02,2.033085494368212093e-02,4.267666082330895394e-02,4.124604565878820656e-02,7.169195430091276910e-02,4.616252594249330155e-02,1.080819682040742302e-01,1.303673255556227206e-01,2.994217090813838800e-02,9.843035322089907502e-02,2.270849704809687897e-01,1.115476838138991372e-01,1.356464970077978505e-01,8.934292449978843698e-02,2.522718571802776491e-02,7.924802031070543595e-02
6.506276572165467509e-02,1.361099357230651508e-01,9.830945616474238979e-02,6.107316286848415293e-02,1.925688609482359148e-01,2.080839831550101715e-01,2.599286707368675398e-01,6.478067259062242345e-02,2.744161679663100206e-01,1.555743617642910415e-01,2.007294122388119939e-01,1.245038183320236191e-01,0.000000000000000000e+00,1.163835660601664351e-01,9.280864010961333010e-02,8.531302262789901281e-02,6.498216768421688494e-02,1.168873037941526166e-01,1.497310040500513806e-01,2.094742993008120169e-01,1.043543089725765122e-01,3.353281347599185724e-01,3.284974510870660169e-01,1.210582522315581666e-01,2.982328880291764683e-01,5.449434806262467568e-01,3.367184509057204456e-01,4.615245118781357569e-01,3.038546011404622549e-01,8.482943440327228579e-02,2.238610489834572392e-01,6.447842995023071733e-02,5.299320961534586399e-02,1.108021519675995853e-01,5.422232968627213601e-02,1.277881883576134914e-01,4.936629793064539057e-02,1.873904370428580018e-02,5.313425618086199675e-02,4.160873682725825529e-02,7.920772129198654088e-02,5.347679783997259795e-02,8.607870398355800534e-02,3.348848455540107821e-02,1.454794575752080439e-02,6.091196679360857263e-02,1.111245441173507459e-01,1.428398718491204755e-01,6.879042495315239314e-02,1.603296459731205492e-01,1.949263535432912142e-01,2.360313526365633019e-01,7.219569203489895060e-02,2.664772612786878714e-01,1.655685184065767979e-01,2.427209897438997455e-01,1.570855749662495582e-01,3.122569465433516767e-01,1.142880170867839329e-01,1.003445566100465425e-01,8.470853734711560057e-02,5.909851095125833592e-02,1.232343992423784451e-01,1.191843478611295803e-01,2.029660077777106220e-01,1.301456809526687908e-01,3.086300348586512032e-01,3.731689133369602285e-01,8.503092949686674729e-02,2.838058393278123925e-01,6.493582381269016324e-01,3.195913679501903859e-01,3.898930061053013096e-01,2.545286022285357386e-01,7.169195430091276910e-02,2.251909166011807628e-01
2.111668580870055753e-02,4.463116323117532341e-02,3.227951399383424680e-02,1.946442604122589765e-02,6.171794716798646024e-02,6.816579016300952643e-02,8.388240746337827236e-02,2.115698482741945260e-02,8.936307400914787757e-02,5.138124886659009571e-02,6.570755002115698240e-02,4.046021479376977342e-02,1.163835660601664351e-01,0.000000000000000000e+00,3.070785226379737706e-02,2.806826653770980520e-02,2.129803139293558190e-02,3.814302121743335522e-02,4.924540087448870535e-02,6.895162102802797344e-02,3.443551149529509164e-02,1.101573676680972780e-01,1.075177819420097131e-01,3.927139374156238955e-02,9.742287775292671204e-02,1.778194200971206229e-01,1.102984142336134177e-01,1.509198251022587645e-01,9.994156642285760561e-02,2.782647242539644170e-02,7.290092486247959358e-02,2.075399464023050880e-02,1.753007314271897571e-02,3.596687420661306978e-02,1.742932559592173802e-02,4.090350399967760536e-02,1.559572024421205377e-02,6.085151826553023523e-03,1.708678393681114030e-02,1.345987225211066167e-02,2.573092345201394293e-02,1.732857804912450381e-02,2.863245279977432584e-02,1.075983799794475067e-02,4.735134699470068022e-03,1.956517358802313186e-02,3.683330310906929306e-02,4.672671220455781871e-02,2.204356323923512342e-02,5.224767776904632594e-02,6.369259908521227032e-02,7.658828507525841656e-02,2.337343085695863312e-02,8.630034858651192131e-02,5.420218017691269541e-02,7.953011344173768760e-02,5.150214592274678094e-02,1.013318825686594510e-01,3.792137661447943925e-02,3.296459731205544919e-02,2.826976163130427711e-02,1.942412702250700257e-02,4.044006528441032589e-02,3.904974913860847358e-02,6.760160390094500926e-02,4.241471720163614290e-02,1.031251889016502471e-01,1.220858772088899702e-01,2.750408027564528804e-02,9.359447097463176324e-02,2.121944830643373858e-01,1.052811864031110850e-01,1.277478893388946102e-01,8.374136089786213266e-02,2.385701908158536361e-02,7.410989542404641806e-02
1.746962461464063310e-02,3.628926635636422343e-02,2.659735235447016968e-02,1.583751435652541728e-02,4.982973664591267005e-02,5.434322674242882123e-02,6.653367990489431061e-02,1.748977412400008064e-02,7.066432932358096553e-02,4.104455056519373812e-02,5.279171452175139556e-02,3.324669044308770777e-02,9.280864010961333010e-02,3.070785226379737706e-02,0.000000000000000000e+00,2.266819802937798320e-02,1.694573737129500754e-02,3.113099196034576494e-02,4.017812166273751484e-02,5.615668258477905794e-02,2.853170525297709162e-02,8.964516714018014309e-02,8.827500050373773832e-02,3.187652380664530993e-02,7.888532914223538028e-02,1.441294404481250901e-01,8.966531664953958369e-02,1.216425880029821244e-01,7.953011344173768760e-02,2.202341372987567589e-02,5.911866046061778346e-02,1.648229865602772459e-02,1.456809526688025193e-02,3.022426403917064658e-02,1.414495557033186232e-02,3.344818553668218314e-02,1.253299482157609404e-02,5.017227830502327471e-03,1.337927421467287326e-02,1.110237965705535013e-02,2.141892844909226365e-02,1.392331096737794462e-02,2.319208527272360876e-02,8.603840496483911027e-03,3.888855306373289675e-03,1.609945797819823179e-02,2.994217090813838800e-02,3.804227367063611753e-02,1.771141872695400007e-02,4.150798928046101760e-02,5.204618267545185056e-02,6.060972415321686652e-02,1.900098732595861123e-02,6.927401317777912015e-02,4.279755787946563222e-02,6.367244957585282972e-02,4.221322210804166752e-02,8.067863547522617640e-02,3.042575913276511848e-02,2.665780088254850883e-02,2.262789901065909159e-02,1.529347760382034765e-02,3.244071006870982710e-02,3.165487920369138702e-02,5.597533700054403705e-02,3.451610953273287485e-02,8.362046384170546132e-02,9.913558604847971800e-02,2.222490882347014779e-02,7.467408168611094910e-02,1.708476898587519277e-01,8.567571379636905460e-02,1.023192085272723595e-01,6.832698623788510672e-02,1.954502407866368432e-02,6.024703298474682472e-02
1.561586975357150131e-02,3.298474682141489672e-02,2.401821515646094043e-02,1.438674968264522756e-02,4.551774164299099423e-02,4.991033468335046019e-02,6.145600354631364920e-02,1.567631828164984045e-02,6.578814805859477255e-02,3.765943299280662820e-02,4.831852344395413945e-02,2.986157287070059785e-02,8.531302262789901281e-02,2.806826653770980520e-02,2.266819802937798320e-02,0.000000000000000000e+00,1.559572024421205377e-02,2.800781800963146606e-02,3.651091095931813940e-02,5.103870720747949452e-02,2.526748473674665998e-02,8.138386830280683326e-02,7.950996393237824700e-02,2.893469544016603195e-02,7.199419694130447522e-02,1.312942029861572935e-01,8.154506437768239968e-02,1.108424509863184804e-01,7.330391504966854432e-02,2.039130347176046354e-02,5.359769489612927623e-02,1.523302907574200504e-02,1.301658304620282453e-02,2.679884744806463812e-02,1.287553648068669523e-02,3.072800177315682460e-02,1.148522033488484639e-02,4.453041568437808573e-03,1.239194825605996475e-02,1.001430615164520740e-02,1.902113683531805877e-02,1.265389187773277753e-02,2.107638678998166246e-02,7.959056196981603715e-03,3.506014628543795142e-03,1.468899232303693368e-02,2.710109008845634770e-02,3.465715609824900761e-02,1.628080356243325616e-02,3.844526385782506134e-02,4.729089846662233587e-02,5.633802816901408578e-02,1.700618589937335015e-02,6.427693485663624196e-02,3.953333736323520753e-02,5.827238106752100771e-02,3.776018053960385895e-02,7.457333413931370447e-02,2.782647242539644170e-02,2.423985975941485987e-02,2.071369562151161720e-02,1.404420802353462637e-02,2.955933023030889173e-02,2.889439642144713688e-02,5.069616554836890027e-02,3.098994539482963564e-02,7.590320175703721417e-02,9.010860585544741563e-02,2.018980837816599164e-02,6.834713574724456120e-02,1.553930161800560206e-01,7.795845171170082133e-02,9.393701263374236443e-02,6.238288097684821509e-02,1.771141872695400007e-02,5.440367527050716384e-02
1.192850954079268180e-02,2.484434504019827211e-02,1.779201676439178675e-02,1.094118358217977330e-02,3.453625904209232239e-02,3.790122710511999171e-02,4.674686171391726625e-02,1.168671542847931656e-02,4.991033468335046019e-02,2.800781800963146606e-02,3.659150899675592955e-02,2.254730097322130145e-02,6.498216768421688494e-02,2.129803139293558190e-02,1.694573737129500754e-02,1.559572024421205377e-02,0.000000000000000000e+00,2.133833041165447697e-02,2.726228616333192453e-02,3.846541336718450887e-02,1.892038928852082455e-02,6.151645207439199181e-02,5.980374377883898585e-02,2.212416127667291357e-02,5.442382477986661138e-02,9.971992181990368964e-02,6.153660158375143241e-02,8.446674323480223012e-02,5.565294485079288339e-02,1.575691631908763060e-02,4.078260694352092708e-02,1.150536984424429220e-02,9.792661548691289700e-03,2.006891132200930988e-02,9.732213020612948823e-03,2.333313183823973805e-02,8.825485099437828732e-03,3.364968063027665417e-03,9.510568417659029383e-03,7.576215519152108314e-03,1.434645066392633422e-02,9.631465473815712872e-03,1.587781337524431235e-02,6.044852807834129316e-03,2.599286707368675484e-03,1.102178161961756171e-02,2.039130347176046354e-02,2.591226903624896730e-02,1.243224727477885982e-02,2.921678857119829054e-02,3.576537911301860134e-02,4.295875395434121252e-02,1.307703157428116540e-02,4.833867295331358699e-02,3.000261943621672714e-02,4.386548187551633088e-02,2.833021015938261972e-02,5.690221443107860294e-02,2.115698482741945260e-02,1.843680106389409407e-02,1.567631828164984045e-02,1.075983799794475067e-02,2.276894557617522089e-02,2.158012452396784048e-02,3.761913397408773313e-02,2.375627153478812939e-02,5.714400854339196645e-02,6.792399605069616986e-02,1.527332809446090012e-02,5.220737875032743086e-02,1.186806101271433989e-01,5.875596929214773473e-02,7.151060871667774821e-02,4.672671220455781871e-02,1.325837715851618977e-02,4.132664369622599670e-02
2.180176912692175992e-02,4.497370489028592461e-02,3.296459731205544919e-02,1.972636966289870869e-02,6.183884422414314547e-02,6.913296661226299433e-02,8.345926776682988102e-02,2.158012452396784048e-02,9.065264260815249220e-02,5.099840818876060639e-02,6.615083922706481434e-02,4.108484958391263320e-02,1.168873037941526166e-01,3.814302121743335522e-02,3.113099196034576494e-02,2.800781800963146606e-02,2.133833041165447697e-02,0.000000000000000000e+00,5.013197928630437616e-02,7.048298373934594463e-02,3.473775413568679776e-02,1.122730661508392208e-01,1.095327328779544251e-01,4.021842068145640992e-02,9.867214733321243159e-02,1.809022950291160337e-01,1.125350097725120457e-01,1.525720848697334209e-01,1.011908360031433252e-01,2.812871506578814781e-02,7.384795180237360701e-02,2.081444316830885141e-02,1.785246529247012937e-02,3.683330310906929306e-02,1.750992363335952817e-02,4.193112897700940894e-02,1.601885994076044165e-02,6.165749863990811937e-03,1.712708295553003190e-02,1.374196538314292025e-02,2.621451167664067342e-02,1.734872755848395134e-02,2.869290132785266845e-02,1.096133309153922084e-02,4.795583227548408899e-03,1.986741622841483798e-02,3.723629329625823686e-02,4.751254306957625878e-02,2.236595538898627708e-02,5.202603316609240303e-02,6.556650345564085658e-02,7.652783654718008088e-02,2.371597251606923432e-02,8.781156178847045191e-02,5.381933949908319914e-02,7.963086098853493222e-02,5.198573414737351489e-02,1.021983114711156743e-01,3.800197465191722246e-02,3.368997964899554665e-02,2.835035966874206725e-02,1.944427653186645011e-02,4.116544762135042335e-02,3.945273932579741738e-02,6.903221906546574971e-02,4.279755787946563222e-02,1.042737109351387359e-01,1.240000805980374377e-01,2.782647242539644170e-02,9.421910576477462995e-02,2.148139192810654963e-01,1.075782304700880487e-01,1.285740192226319245e-01,8.525257409982066326e-02,2.395776662838259782e-02,7.485542727034596999e-02
2.788692095347478431e-02,5.817163352072377003e-02,4.271695984202784901e-02,2.544883032098168435e-02,8.027564528803723953e-02,8.799290737270547280e-02,1.077998750730419647e-01,2.776602389731809908e-02,1.163835660601664351e-01,6.600979266154868852e-02,8.503092949686674729e-02,5.319470470894033937e-02,1.497310040500513806e-01,4.924540087448870535e-02,4.017812166273751484e-02,3.651091095931813940e-02,2.726228616333192453e-02,5.013197928630437616e-02,0.000000000000000000e+00,8.970561566825847877e-02,4.507445243708315535e-02,1.442503375042817615e-01,1.426182272461665457e-01,5.097825867940115885e-02,1.276068427733784705e-01,2.317193576336416261e-01,1.433234600737472164e-01,1.961353241048580387e-01,1.284531221664752532e-01,3.570493058494025873e-02,9.440045134900965085e-02,2.671824941062685144e-02,2.313163674464526962e-02,4.771403816317072721e-02,2.264804852001853913e-02,5.410143263011545772e-02,2.039130347176046354e-02,7.858308650184367763e-03,2.166072256140563063e-02,1.767111970823510500e-02,3.385117572387112694e-02,2.224505833282959533e-02,3.735719035241492209e-02,1.414495557033186232e-02,6.185899373350258607e-03,2.550927884906002696e-02,4.799613129420298580e-02,6.165749863990811763e-02,2.889439642144713688e-02,6.729936126055330314e-02,8.440629470672389445e-02,9.865199782385299099e-02,3.030486207660843326e-02,1.136633822966410801e-01,6.923371415906022508e-02,1.029236938080557717e-01,6.768220193838279941e-02,1.311934554393600627e-01,4.916480283705091520e-02,4.277740837010618469e-02,3.608777126276975500e-02,2.466299945596324775e-02,5.184468758185738213e-02,5.109915573555783713e-02,8.958471861210179354e-02,5.434322674242882123e-02,1.340345362590421030e-01,1.598057587297749271e-01,3.584597715045638455e-02,1.208769066473231318e-01,2.752624473594068033e-01,1.377017469624614576e-01,1.656692659533740286e-01,1.097946764996272362e-01,3.117129097906466001e-02,9.603256160712486666e-02
3.888855306373290022e-02,8.176670898063631565e-02,5.974329525076064323e-02,3.514074432287573463e-02,1.112857401922263262e-01,1.241209776541941229e-01,1.492071168067057585e-01,3.890870257309234775e-02,1.604908420479961295e-01,9.174071611356263145e-02,1.185395635616272730e-01,7.366660621813858612e-02,2.094742993008120169e-01,6.895162102802797344e-02,5.615668258477905794e-02,5.103870720747949452e-02,3.846541336718450887e-02,7.048298373934594463e-02,8.970561566825847877e-02,0.000000000000000000e+00,6.320901086058554330e-02,2.026637651373189020e-01,1.976062382880976742e-01,7.193374841322613955e-02,1.778798686251989725e-01,3.259787624171351372e-01,2.033891474742590133e-01,2.744766164943883702e-01,1.817888734409317253e-01,5.111930524491728467e-02,1.337121441092909424e-01,3.697434967458542582e-02,3.229966350319369434e-02,6.631203530194039464e-02,3.155413165689415628e-02,7.521811843881601178e-02,2.792721997219367591e-02,1.116282818513369274e-02,3.002276894557617468e-02,2.514658768058997823e-02,4.708940337302786744e-02,3.139293558201857598e-02,5.202603316609240303e-02,1.932337947570976489e-02,8.704588043281145243e-03,3.651091095931813940e-02,6.721876322311551299e-02,8.573616232444740415e-02,3.983558000362691365e-02,9.379596606822623861e-02,1.175119385842954695e-01,1.370166636442402552e-01,4.255576376715226872e-02,1.572266215317656979e-01,9.706018658445667024e-02,1.428398718491204755e-01,9.278849060025388951e-02,1.824336577404340187e-01,6.893147151866851896e-02,6.044852807834129316e-02,5.164319248826291370e-02,3.489895021056237112e-02,7.406959640532753686e-02,7.086582441717544090e-02,1.268210119083600373e-01,7.747486348707409431e-02,1.900703217876644757e-01,2.236998529085816867e-01,5.005138124886659295e-02,1.693163271474339704e-01,3.863466924580386541e-01,1.946644099216184032e-01,2.325253380080194998e-01,1.546071853150375874e-01,4.390578089423522595e-02,1.353845533861250394e-01
1.960547260674202694e-02,4.068185939672368939e-02,2.984142336134115031e-02,1.787261480182957690e-02,5.651937375324910667e-02,6.071047170001410420e-02,7.509722138265932656e-02,2.006891132200930988e-02,7.836144189888975820e-02,4.638417054544721752e-02,5.938060408229059450e-02,3.804227367063611753e-02,1.043543089725765122e-01,3.443551149529509164e-02,2.853170525297709162e-02,2.526748473674665998e-02,1.892038928852082455e-02,3.473775413568679776e-02,4.507445243708315535e-02,6.320901086058554330e-02,0.000000000000000000e+00,1.003042575913276474e-01,9.963932378246589949e-02,3.584597715045638455e-02,8.787201031654878758e-02,1.613169719317334716e-01,9.982066936670092039e-02,1.362308327792218221e-01,8.861754216284833952e-02,2.413911221261762219e-02,6.592919462411089837e-02,1.857784762941022336e-02,1.642185012794938545e-02,3.423401640170061627e-02,1.581736484716597321e-02,3.735719035241492209e-02,1.410465655161296898e-02,5.742610167442423197e-03,1.515243103830421663e-02,1.253299482157609404e-02,2.442120534364988077e-02,1.565616877229039638e-02,2.581152148945173308e-02,9.571016945737371995e-03,4.453041568437808573e-03,1.809425940478349287e-02,3.332728848052549792e-02,4.257591327651171625e-02,1.972636966289870869e-02,4.664611416712002856e-02,5.730520461826754675e-02,6.796429506941506493e-02,2.155997501460839294e-02,7.660843458461787103e-02,4.864091559370529311e-02,7.157105724475608388e-02,4.825807491587579684e-02,9.031010094904189101e-02,3.385117572387112694e-02,2.990187188941949292e-02,2.502569062443329648e-02,1.724798001168671713e-02,3.610792077212919560e-02,3.520119285095407724e-02,6.210078784581595651e-02,3.906989864796792111e-02,9.284893912833222518e-02,1.112252916641479766e-01,2.530778375546555506e-02,8.339881923875153147e-02,1.908763021620423495e-01,9.530717927018476920e-02,1.145499607084567439e-01,7.586290273831831910e-02,2.186221765500009906e-02,6.764190291966390434e-02
