0.000000000000000000e+00,1.803142109021661429e-02,1.640978338490835589e-02,7.751130683170673850e-03,2.185491549631040156e-02,3.683646750773625356e-02,3.231373482504165673e-02,9.774458462270887993e-03,5.160973577719590866e-02,2.785051178290883292e-02,3.601820995001190490e-02,2.326826945965246307e-02,6.017912401809093204e-02,1.617174482266127075e-02,1.892406569864318183e-02,1.425255891454415592e-02,1.133658652701737685e-02,1.987621994763151545e-02,2.137883837181623475e-02,3.246250892644608754e-02,2.267317305403475369e-02,5.839383480123780390e-02,5.805165436800761858e-02,2.094739347774339511e-02,4.339740537967150952e-02,9.134729826231849370e-02,5.567126874553677413e-02,8.069507260176148056e-02,5.503154010949774105e-02,1.734706022375624712e-02,4.003511068793144667e-02,1.396988812187574362e-02,9.134729826231849717e-03,1.771899547726731722e-02,9.104975005950963207e-03,1.867114972625565431e-02,5.921209235896215083e-03,5.742680314210902096e-03,1.086050940252320830e-02,9.164484646512734492e-03,1.452035229707212584e-02,1.023565817662461241e-02,1.481790049988098053e-02,4.135920019043085212e-03,3.183765770054748992e-03,1.083075458224232353e-02,1.835872411330635723e-02,2.487502975482028256e-02,1.105391573434896454e-02,2.948702689835753371e-02,3.378659842894549126e-02,4.048143299214472524e-02,1.053320637943346884e-02,5.339502499404903679e-02,2.752320875981908999e-02,3.758033801475839375e-02,2.587181623422994681e-02,5.619197810045227504e-02,2.332777910021423609e-02,2.175077362532730138e-02,1.484765532016186704e-02,9.164484646512734492e-03,1.638002856462747112e-02,2.310461794810759334e-02,3.400975958105213054e-02,1.990597476791240023e-02,5.934598905022613752e-02,6.050642704118067150e-02,1.588907402999285845e-02,3.836884075220185764e-02,1.193912163770530777e-01,5.143120685551059307e-02,7.507141156867412624e-02,5.703999047845750847e-02,1.394013330159485885e-02,4.881278267079267041e-02
1.803142109021661429e-02,0.000000000000000000e+00,2.759759581052130539e-02,1.298797905260652176e-02,3.671744822661271446e-02,6.254463223042132369e-02,5.485301118781242546e-02,1.574029992858843111e-02,8.737502975482028256e-02,4.616460366579385605e-02,6.083373006427041096e-02,3.713401571054510825e-02,1.013151630564151362e-01,2.743394429897643566e-02,3.081111640085693743e-02,2.402701737681504565e-02,1.917698167103070589e-02,3.377172101880504540e-02,3.531897167341109534e-02,5.497203046893596456e-02,3.652404189478695301e-02,9.859259700071411336e-02,9.511128302785051836e-02,3.387586288978814558e-02,7.419364437038800109e-02,1.522256605570102284e-01,9.436741252082837816e-02,1.359795286836467387e-01,9.345989050226136130e-02,2.907045941442513645e-02,6.675493930016662691e-02,2.361044989288264839e-02,1.545762913592001880e-02,2.936800761723399114e-02,1.532373244465603385e-02,3.177814805998571690e-02,9.967864794096644235e-03,9.521542489883360466e-03,1.832896929302546898e-02,1.574029992858843111e-02,2.402701737681504565e-02,1.713877648179005023e-02,2.539573910973577653e-02,7.111402047131635575e-03,5.370745060699833734e-03,1.810580814091882970e-02,3.100452273268269540e-02,4.135920019043085039e-02,1.855213044513211174e-02,4.961616281837658016e-02,5.712925493930016974e-02,6.845096405617709379e-02,1.745120209473934730e-02,9.094560818852653883e-02,4.580754582242323181e-02,6.321411568674124848e-02,4.211794810759342950e-02,9.399547726731730113e-02,3.949952392287550684e-02,3.551237800523684984e-02,2.548500357057843432e-02,1.548738395620090531e-02,2.773149250178529035e-02,3.820518924065698790e-02,5.751606760295167875e-02,3.217983813377767177e-02,1.000208283741966242e-01,9.941085455843846896e-02,2.660080933111164114e-02,6.525232087598191455e-02,1.981522256605570131e-01,8.727088788383717544e-02,1.260562961199714338e-01,9.740240418947869461e-02,2.346167579147822105e-02,8.197452987383956058e-02
1.640978338490835589e-02,2.759759581052130539e-02,0.000000000000000000e+00,1.170852178052844521e-02,3.326588907402999035e-02,5.598369435848607467e-02,4.964591763865746493e-02,1.422280409426327115e-02,7.950487979052606180e-02,4.177576767436324418e-02,5.494227564865507979e-02,3.348905022613663657e-02,9.168947869554867902e-02,2.503868126636515229e-02,2.820756962627945716e-02,2.176565103546774724e-02,1.728755058319447757e-02,3.049869078790764035e-02,3.235836705546298736e-02,4.986907879076410421e-02,3.313199238276600539e-02,8.994882170911687458e-02,8.712211378243275850e-02,3.082599381099738328e-02,6.694834563199238142e-02,1.376457986193763416e-01,8.566412758866936983e-02,1.239883361104498899e-01,8.441442513687216764e-02,2.688348012378005344e-02,6.022375624851225573e-02,2.120030945013092263e-02,1.414841704356105748e-02,2.679421566293739565e-02,1.407402999285884380e-02,2.898119495358247866e-02,9.045465365389193657e-03,8.539633420614140338e-03,1.636515115448702526e-02,1.408890740299928619e-02,2.210783146869792909e-02,1.553201618662223248e-02,2.325339204951202068e-02,6.263389669126398669e-03,4.820280885503451518e-03,1.648417043561056783e-02,2.810342775529635698e-02,3.775886693644370240e-02,1.678171863841942252e-02,4.460247560104736719e-02,5.223458700309450281e-02,6.163711021185432071e-02,1.578493215900975827e-02,8.190014282313734517e-02,4.118067126874553480e-02,5.732266127112592424e-02,3.795227326826945691e-02,8.560461794810760028e-02,3.630088074268031373e-02,3.234348964532254150e-02,2.308974053796715095e-02,1.379135920019043150e-02,2.496429421566293688e-02,3.496191383004046416e-02,5.236848369435848777e-02,2.908533682456557884e-02,9.084146631754344559e-02,9.084146631754344559e-02,2.392287550583194547e-02,5.931623422994525274e-02,1.788859795286836529e-01,7.914782194715544450e-02,1.146155677219709568e-01,8.846108069507260807e-02,2.160199952392287404e-02,7.431266365151154019e-02
7.751130683170673850e-03,1.298797905260652176e-02,1.170852178052844521e-02,0.000000000000000000e+00,1.587419661985241606e-02,2.648179004998809857e-02,2.368483694358486033e-02,6.813853844322780018e-03,3.777374434658414826e-02,1.995060699833373086e-02,2.630326112830278645e-02,1.609735777195905881e-02,4.390323732444655763e-02,1.181266365151154539e-02,1.303261128302785066e-02,1.017614853606284286e-02,8.271840038086170424e-03,1.438645560580814088e-02,1.532373244465603385e-02,2.334265651035467848e-02,1.581468697929064651e-02,4.199892882646989040e-02,4.083849083551535641e-02,1.460961675791478190e-02,3.183765770054748645e-02,6.547548202808854689e-02,4.028802666031897073e-02,5.855748631278267363e-02,3.981194953582480045e-02,1.248214710783146844e-02,2.859438228993096964e-02,1.028029040704594131e-02,6.665079742918352673e-03,1.261604379909545340e-02,6.620447512497024643e-03,1.368721732920733132e-02,4.240061890026184527e-03,4.106165198762199570e-03,7.929659604855986837e-03,6.724589383480123958e-03,1.028029040704594131e-02,7.364318019519162234e-03,1.093489645322542198e-02,3.064746488931206856e-03,2.276243751487740802e-03,7.810640323732444268e-03,1.324089502499404929e-02,1.757022137586288987e-02,8.063556296119971795e-03,2.148298024279933494e-02,2.441383004046655467e-02,2.972506546060461885e-02,7.468459890502261549e-03,3.893418233753868224e-02,1.986134253749107306e-02,2.722566055701023530e-02,1.834384670316591137e-02,4.057069745298738650e-02,1.707926684122828068e-02,1.498155201142585026e-02,1.105391573434896454e-02,6.665079742918352673e-03,1.199119257319685751e-02,1.642466079504879828e-02,2.439895263032611228e-02,1.379135920019043150e-02,4.256427041180671500e-02,4.228159961913829923e-02,1.147048321828136180e-02,2.799928588431326026e-02,8.500952154248987702e-02,3.692573196857890788e-02,5.437693406331825519e-02,4.171625803380147463e-02,1.013151630564151397e-02,3.508093311116401020e-02
2.185491549631040156e-02,3.671744822661271446e-02,3.326588907402999035e-02,1.587419661985241606e-02,0.000000000000000000e+00,7.490776005712924956e-02,6.825755772435133928e-02,1.902820756962627854e-02,1.080546298500357077e-01,5.763508688407521785e-02,7.538383718162341984e-02,4.543561056891216171e-02,1.257736253273030180e-01,3.396512735063079991e-02,3.697036419900023851e-02,2.947214948821709132e-02,2.372946917400618749e-02,4.132944537014996561e-02,4.350154725065460276e-02,6.589204951202094762e-02,4.490002380385622188e-02,1.191531778148059995e-01,1.155230897405379736e-01,4.106165198762199570e-02,9.020173768150439864e-02,1.833194477505355746e-01,1.137675553439657233e-01,1.676089026422280526e-01,1.132170911687693377e-01,3.566115210664127372e-02,8.081409188288503354e-02,2.971018805046417646e-02,1.901333015948583616e-02,3.591406807902880471e-02,1.914722685074982111e-02,4.013925255891454685e-02,1.239288264698881238e-02,1.160437990954534676e-02,2.280706974529873865e-02,1.920673649131159413e-02,2.941263984765532177e-02,2.124494168055224980e-02,3.186741252082837123e-02,8.985955724827422372e-03,6.575815282075696613e-03,2.210783146869792909e-02,3.710426089026422347e-02,4.992858843132587376e-02,2.294096643656272361e-02,6.199416805522494495e-02,6.959652463699118885e-02,8.517317305403475369e-02,2.128957391097357696e-02,1.112086407998095633e-01,5.741192573196857857e-02,7.821054510830754980e-02,5.254701261604379642e-02,1.156272316115210669e-01,4.921447274458462529e-02,4.238574149012139941e-02,3.148059985717686221e-02,1.896869792906450899e-02,3.377172101880504540e-02,4.710188050464175075e-02,6.955189240656986516e-02,3.914246607950488260e-02,1.200011901928112329e-01,1.205367769578671727e-01,3.259640561771007250e-02,7.946024756010473811e-02,2.392733872887407853e-01,1.046923351582956380e-01,1.542341109259700027e-01,1.191978100452273232e-01,2.886217567245893956e-02,9.938109973815757725e-02
3.683646750773625356e-02,6.254463223042132369e-02,5.598369435848607467e-02,2.648179004998809857e-02,7.490776005712924956e-02,0.000000000000000000e+00,1.118781242561294881e-01,3.210545108307545636e-02,1.782760057129254838e-01,9.476910259462033304e-02,1.238693168293263508e-01,7.605332063794334463e-02,2.062009045465365287e-01,5.638538443227802954e-02,6.264877410140443081e-02,5.001785289216852809e-02,3.903832420852178242e-02,6.935848607474411065e-02,7.220007141156867259e-02,1.125327303023089809e-01,7.413413472982623154e-02,2.022732682694596551e-01,1.955933111164008531e-01,6.900142823137347947e-02,1.528356343727683975e-01,3.119346584146631685e-01,1.932129254939300156e-01,2.791448464651273276e-01,1.924988098071887532e-01,6.020887883837181681e-02,1.366341347298262454e-01,4.860449892882647005e-02,3.127231611521066185e-02,5.946500833134967662e-02,3.127231611521066185e-02,6.464234706022375931e-02,2.035229707212568573e-02,1.919185908117114828e-02,3.731254463223042384e-02,3.170376100928350149e-02,4.858962151868602419e-02,3.458997857652940100e-02,5.202630326112830245e-02,1.422280409426327115e-02,1.078612235182099463e-02,3.713401571054510825e-02,6.328850273744346389e-02,8.472685074982147513e-02,3.786300880742680258e-02,1.015532016186622283e-01,1.176803142109021649e-01,1.398774101404427483e-01,3.545286836467508029e-02,1.867710069031182918e-01,9.317721970959295941e-02,1.291805522494644254e-01,8.526243751487741496e-02,1.915169007379195487e-01,8.134967864794097336e-02,7.252737443465841205e-02,5.238336110449892669e-02,3.159961913830040131e-02,5.681682932635086919e-02,7.819566769816710394e-02,1.181266365151154435e-01,6.563913353963342356e-02,2.053975243989526189e-01,2.046834087122113843e-01,5.401987621994763095e-02,1.342388716972149620e-01,4.059747679124018349e-01,1.806415139252559032e-01,2.587925493930016696e-01,2.011872173292073296e-01,4.899131159247797906e-02,1.676237800523684707e-01
3.231373482504165673e-02,5.485301118781242546e-02,4.964591763865746493e-02,2.368483694358486033e-02,6.825755772435133928e-02,1.118781242561294881e-01,0.000000000000000000e+00,2.834146631754344212e-02,1.603636039038324190e-01,8.521780528445607739e-02,1.121161628183765802e-01,6.706736491311592052e-02,1.860271363960961655e-01,5.056831706736491377e-02,5.479350154725065591e-02,4.381397286360390331e-02,3.518507498214711038e-02,6.157760057129255116e-02,6.467210188050463715e-02,9.853308736015234381e-02,6.623422994525113294e-02,1.778743156391335289e-01,1.711943584860747547e-01,6.069983337300642601e-02,1.348934777433944410e-01,2.736253273030230804e-01,1.699297786241371067e-01,2.485866460366579489e-01,1.684122827898119623e-01,5.288919304927398174e-02,1.205665317781480644e-01,4.382885027374434916e-02,2.835634372768388450e-02,5.326112830278505184e-02,2.832658890740299973e-02,5.928647940966436797e-02,1.834384670316591137e-02,1.707926684122828068e-02,3.409902404189478486e-02,2.868364675077362397e-02,4.376934063318257268e-02,3.164425136872173194e-02,4.696798381337776579e-02,1.331528207569626296e-02,9.744703641990003218e-03,3.270054748869316574e-02,5.565639133539633521e-02,7.462508926446084767e-02,3.400975958105213054e-02,9.191263984765532524e-02,1.033682456557962343e-01,1.264579861937633887e-01,3.162937395858129302e-02,1.655706974529873865e-01,8.496488931206855333e-02,1.160437990954534676e-01,7.763032611283027240e-02,1.718787193525350976e-01,7.297369673887169061e-02,6.316948345631992479e-02,4.680433230183289606e-02,2.838609854796476928e-02,5.034515591525827449e-02,6.980480837895738921e-02,1.033980004760771260e-01,5.782849321590097930e-02,1.791388955010711770e-01,1.785735539157343454e-01,4.838133777671983077e-02,1.183497976672220897e-01,3.565371340157105218e-01,1.559152582718400515e-01,2.291716258033801579e-01,1.765799809569150169e-01,4.293620566531777816e-02,1.482236372292311255e-01
9.774458462270887993e-03,1.574029992858843111e-02,1.422280409426327115e-02,6.813853844322780018e-03,1.902820756962627854e-02,3.210545108307545636e-02,2.834146631754344212e-02,0.000000000000000000e+00,4.490002380385622188e-02,2.427993334920256971e-02,3.164425136872173194e-02,2.096227088788383749e-02,5.217507736253273326e-02,1.434182337538681198e-02,1.693049273982384986e-02,1.264579861937633817e-02,9.982742204237086622e-03,1.759997619614377465e-02,1.873065936681742386e-02,2.853487264936919662e-02,2.045643894310878244e-02,5.146096167579147784e-02,5.168412282789811713e-02,1.837360152344679962e-02,3.805641513925255709e-02,8.051654368007617191e-02,4.888716972149487888e-02,7.112889788145679293e-02,4.833670554629850014e-02,1.539811949535824752e-02,3.497679124018091001e-02,1.234825041656748348e-02,8.063556296119971795e-03,1.535348726493692036e-02,7.855272554153773165e-03,1.646929302547012544e-02,5.266603189716734419e-03,5.013687217329207760e-03,9.536419900023804588e-03,7.989169245417758122e-03,1.254165674839323973e-02,8.703284932159010071e-03,1.322601761485360690e-02,3.689597714829802311e-03,2.737443465841466524e-03,9.670316591287787811e-03,1.615686741252082836e-02,2.164663175434420467e-02,9.804213282551772768e-03,2.585693882408950095e-02,2.963580099976196106e-02,3.564627469650083480e-02,9.521542489883360466e-03,4.637288740776005641e-02,2.381873363484884529e-02,3.286419900023803548e-02,2.247976672220899919e-02,4.897643418233754015e-02,2.078374196619852537e-02,1.925136872173292130e-02,1.304748869316829304e-02,8.078433706260414182e-03,1.437157819566769849e-02,2.035229707212568573e-02,2.975482028088550362e-02,1.789752439895262934e-02,5.227921923351582650e-02,5.375208283741966103e-02,1.364258509878600416e-02,3.386098547964769973e-02,1.050047607712449454e-01,4.507855272554153747e-02,6.614496548440847168e-02,5.034515591525827449e-02,1.243751487741014128e-02,4.232623184955962986e-02
5.160973577719590866e-02,8.737502975482028256e-02,7.950487979052606180e-02,3.777374434658414826e-02,1.080546298500357077e-01,1.782760057129254838e-01,1.603636039038324190e-01,4.490002380385622188e-02,0.000000000000000000e+00,1.344471554391811485e-01,1.774428707450607101e-01,1.059717924303737180e-01,2.955695072601761675e-01,8.093311116400857264e-02,8.780647464889311526e-02,7.042965960485599031e-02,5.573077838609855061e-02,9.828017138776481976e-02,1.029963104022851711e-01,1.573881218757438583e-01,1.044542965960485598e-01,2.853040942632706356e-01,2.744138300404665443e-01,9.700071411568673974e-02,2.159753630088074305e-01,4.362949297786241631e-01,2.714383480123779835e-01,3.964532254225184293e-01,2.706498452749345196e-01,8.575339204951201721e-02,1.919483456319923953e-01,6.935848607474411065e-02,4.464710783146869783e-02,8.451856700785527476e-02,4.501904308497976792e-02,9.436741252082837816e-02,2.947214948821709132e-02,2.728517019757200832e-02,5.342477981432992157e-02,4.595631992382766262e-02,6.940311830516543434e-02,4.970542727921923448e-02,7.496726969769101911e-02,2.067960009521542519e-02,1.550226136634134770e-02,5.241311592477981146e-02,8.835693882408950095e-02,1.188853844322780295e-01,5.446619852416091645e-02,1.449654844084741767e-01,1.676089026422280526e-01,1.995804570340395101e-01,5.019638181385384368e-02,2.653088550345155672e-01,1.334950011901928080e-01,1.834830992620804513e-01,1.217120923589621456e-01,2.732087598190907074e-01,1.168471792430373773e-01,1.009729826231849509e-01,7.508628897881457209e-02,4.472149488217091323e-02,8.029338252796952569e-02,1.110152344679838088e-01,1.665377291121161729e-01,9.223994287074506471e-02,2.870149964294215761e-01,2.874018090930730573e-01,7.669304927398239158e-02,1.891960247560104669e-01,5.681236610330873127e-01,2.515918828850273736e-01,3.672339919066888725e-01,2.842626755534396477e-01,6.888240895024994037e-02,2.355242799333492065e-01
2.785051178290883292e-02,4.616460366579385605e-02,4.177576767436324418e-02,1.995060699833373086e-02,5.763508688407521785e-02,9.476910259462033304e-02,8.521780528445607739e-02,2.427993334920256971e-02,1.344471554391811485e-01,0.000000000000000000e+00,9.459057367293501051e-02,5.782849321590097930e-02,1.564359676267555455e-01,4.272792192335158473e-02,4.741430611759105129e-02,3.716377053082599302e-02,2.956141394905974912e-02,5.184777433944298686e-02,5.486788859795287132e-02,8.326886455605808646e-02,5.720364199000237820e-02,1.502172101880504540e-01,1.473309926208045684e-01,5.214532254225184155e-02,1.130534396572244749e-01,2.327719590573673059e-01,1.435818852654129896e-01,2.103814567960009541e-01,1.427785051178290798e-01,4.528683646750773784e-02,1.020739109735777222e-01,3.640502261366341391e-02,2.358069507260176015e-02,4.484051416329445233e-02,2.359557248274220254e-02,4.972030468935967340e-02,1.530885503451559146e-02,1.447572006665079694e-02,2.822244703641989955e-02,2.395263032611283024e-02,3.679183527731492293e-02,2.624375148774101343e-02,3.951440133301594576e-02,1.102416091406807977e-02,8.048678885979529407e-03,2.820756962627945716e-02,4.692335158295644210e-02,6.297607712449417028e-02,2.854975005950963901e-02,7.733277791002142465e-02,8.691383004046655814e-02,1.060908117114972571e-01,2.677933825279695326e-02,1.383747917162580221e-01,7.169423946679362447e-02,9.732801713877647920e-02,6.610033325398714799e-02,1.450993810997381617e-01,6.171149726255653611e-02,5.419840514163294654e-02,3.930611759104975234e-02,2.393775291597238786e-02,4.268328969293025410e-02,5.922696976910259148e-02,8.756843608664603706e-02,5.036003332539871341e-02,1.515264222804094396e-01,1.530439181147345840e-01,4.049631040228517109e-02,9.979766722208997798e-02,3.035735539157343732e-01,1.327362532730302358e-01,1.950726017614853591e-01,1.498899071649607284e-01,3.646453225422518346e-02,1.253273030230897533e-01
3.601820995001190490e-02,6.083373006427041096e-02,5.494227564865507979e-02,2.630326112830278645e-02,7.538383718162341984e-02,1.238693168293263508e-01,1.121161628183765802e-01,3.164425136872173194e-02,1.774428707450607101e-01,9.459057367293501051e-02,0.000000000000000000e+00,7.527969531064032660e-02,2.052933825279695257e-01,5.625148774101404459e-02,6.147345870030945097e-02,4.911033087360152510e-02,3.893418233753868224e-02,6.818317067364913775e-02,7.160497500595096321e-02,1.092299452511306807e-01,7.422339919066889280e-02,1.971256843608664711e-01,1.919483456319923953e-01,6.755831944775053666e-02,1.490121399666745894e-01,3.038264698881218973e-01,1.889877410140442804e-01,2.755445132111402073e-01,1.875743870507022015e-01,5.916746012854082193e-02,1.334206141394906064e-01,4.835158295643894599e-02,3.109378719352534973e-02,5.861699595334444318e-02,3.113841942394668036e-02,6.550523684836943861e-02,2.038205189240657050e-02,1.899845274934539377e-02,3.707450606998333870e-02,3.155498690787907762e-02,4.789038324208521463e-02,3.427755296358010045e-02,5.224946441323494173e-02,1.453522970721256823e-02,1.069685789097833857e-02,3.649428707450606824e-02,6.139907164960723557e-02,8.258450368959771581e-02,3.761009283503927852e-02,1.016573434896453215e-01,1.151511544870268966e-01,1.394310878362294559e-01,3.515532016186622560e-02,1.833343251606760205e-01,9.374256129492977707e-02,1.283920495120209337e-01,8.561949535824803226e-02,1.897911211616281901e-01,8.120090454653654255e-02,7.054867888597952941e-02,5.168412282789811713e-02,3.136158057605332311e-02,5.574565579623898953e-02,7.748155201142585546e-02,1.154784575101166361e-01,6.499940490359437661e-02,1.994465603427755251e-01,1.998036181861461424e-01,5.306772197095929733e-02,1.314121637705308321e-01,3.956052130445132375e-01,1.748393239704832125e-01,2.553856224708402900e-01,1.973934777433944410e-01,4.823256367531539995e-02,1.632646988812187505e-01
2.326826945965246307e-02,3.713401571054510825e-02,3.348905022613663657e-02,1.609735777195905881e-02,4.543561056891216171e-02,7.605332063794334463e-02,6.706736491311592052e-02,2.096227088788383749e-02,1.059717924303737180e-01,5.782849321590097930e-02,7.527969531064032660e-02,0.000000000000000000e+00,1.236610330873601504e-01,3.369733396810282999e-02,4.000535586765056190e-02,2.994822661271125813e-02,2.371459176386574511e-02,4.152285170197572012e-02,4.466198524160914368e-02,6.718638419423947350e-02,4.943763389669126457e-02,1.207748155201142648e-01,1.232295881932873177e-01,4.315936681742442438e-02,8.996369911925732044e-02,1.904903594382290066e-01,1.154635800999761902e-01,1.679808378957391157e-01,1.142287550583194478e-01,3.619673887169721355e-02,8.253987145917639212e-02,2.912996905498690947e-02,1.873065936681742386e-02,3.592894548916924363e-02,1.858188526541299651e-02,3.871102118543204296e-02,1.216972149488217136e-02,1.172339919066888760e-02,2.256903118305165351e-02,1.871578195667698147e-02,2.933825279695310637e-02,2.060521304451320979e-02,3.100452273268269540e-02,8.628897881456796398e-03,6.412163770530826014e-03,2.297072125684360838e-02,3.787788621756724844e-02,5.113365865270173838e-02,2.286657938586050820e-02,6.169661985241609026e-02,6.952213758628897344e-02,8.442930254701261350e-02,2.239050226136634139e-02,1.093935967626755573e-01,5.733753868126636316e-02,7.786836467507736448e-02,5.422815996191383131e-02,1.159842894548916981e-01,4.873839562009045501e-02,4.495953344441799837e-02,3.067721970959295247e-02,1.916210426089026350e-02,3.403951440133301531e-02,4.780111878124256031e-02,6.980480837895738921e-02,4.283206379433468491e-02,1.224113306355629621e-01,1.267406569864318044e-01,3.228398000476077195e-02,7.993632468459890839e-02,2.487949297786241354e-01,1.067454177576767499e-01,1.569269221613901477e-01,1.193465841466317540e-01,2.944239466793620655e-02,1.000357057843370562e-01
6.017912401809093204e-02,1.013151630564151362e-01,9.168947869554867902e-02,4.390323732444655763e-02,1.257736253273030180e-01,2.062009045465365287e-01,1.860271363960961655e-01,5.217507736253273326e-02,2.955695072601761675e-01,1.564359676267555455e-01,2.052933825279695257e-01,1.236610330873601504e-01,0.000000000000000000e+00,9.353427755296357671e-02,1.016127112592239978e-01,8.087360152344680309e-02,6.461259223994286760e-02,1.137378005236848316e-01,1.188705070221375837e-01,1.815936681742442160e-01,1.219947631516305614e-01,3.284337062604141821e-01,3.160408236134253923e-01,1.125773625327303046e-01,2.486312782670792587e-01,5.057873125446322726e-01,3.127826707926684158e-01,4.588937157819567014e-01,3.125000000000000000e-01,9.841406807902880471e-02,2.227297072125684341e-01,8.065044037134015686e-02,5.202630326112830245e-02,9.859259700071411336e-02,5.211556772197095677e-02,1.091406807902880333e-01,3.386098547964769973e-02,3.167400618900261672e-02,6.236610330873601504e-02,5.312723161152106688e-02,8.109676267555343543e-02,5.827481552011425786e-02,8.627410140442751119e-02,2.425017852892168493e-02,1.785289216853130217e-02,6.075934301356819556e-02,1.023268269459652463e-01,1.377350630802189890e-01,6.309509640561770938e-02,1.688437276838847811e-01,1.907879076410378405e-01,2.328463461080695074e-01,5.831944775053558849e-02,3.045554629850035777e-01,1.556325874791716357e-01,2.131189002618424089e-01,1.427338728874077700e-01,3.172607712449416750e-01,1.344025232087598110e-01,1.171893596762675488e-01,8.615508212330397209e-02,5.216019995239228740e-02,9.320697452987383724e-02,1.286003332539871480e-01,1.912639847655320247e-01,1.072958819328731217e-01,3.302933825279695257e-01,3.314240656986431888e-01,8.917519638181385655e-02,2.184747679124018072e-01,6.584444179957152921e-01,2.881605570102356850e-01,4.245566531778148245e-01,3.263359914306117604e-01,7.908831230659367495e-02,2.746816234229945142e-01
1.617174482266127075e-02,2.743394429897643566e-02,2.503868126636515229e-02,1.181266365151154539e-02,3.396512735063079991e-02,5.638538443227802954e-02,5.056831706736491377e-02,1.434182337538681198e-02,8.093311116400857264e-02,4.272792192335158473e-02,5.625148774101404459e-02,3.369733396810282999e-02,9.353427755296357671e-02,0.000000000000000000e+00,2.756784099024042062e-02,2.188467031659128634e-02,1.771899547726731722e-02,3.094501309212092238e-02,3.267079266841228097e-02,4.939300166626993394e-02,3.310223756248512061e-02,8.904129969054987159e-02,8.642287550583194200e-02,3.075160676029516787e-02,6.743930016662699756e-02,1.362473220661747086e-01,8.527731492501784694e-02,1.247470840276124759e-01,8.457807664841704431e-02,2.674958343251606849e-02,6.007498214710783185e-02,2.216734110925969864e-02,1.420792668412282876e-02,2.679421566293739565e-02,1.410378481313972858e-02,2.953165912877886087e-02,9.209116876934063389e-03,8.658652701737681173e-03,1.696024756010473811e-02,1.432694596524636960e-02,2.195905736729350174e-02,1.571054510830754633e-02,2.384848845512973006e-02,6.650202332777910286e-03,4.879790526065222803e-03,1.635027374434658287e-02,2.792489883361104486e-02,3.753570578433706312e-02,1.715365389193049261e-02,4.564389431087836208e-02,5.202630326112830245e-02,6.294632230421327856e-02,1.593370626041418561e-02,8.268864556058080906e-02,4.248988336110449959e-02,5.833432516067602741e-02,3.847298262318495782e-02,8.618483694358486380e-02,3.674720304689359923e-02,3.173351582956438627e-02,2.347655320161866344e-02,1.413353963342061335e-02,2.515770054748869486e-02,3.534872649369198011e-02,5.183289692930254794e-02,2.896631754344203627e-02,8.977029278743156593e-02,8.981492501785288962e-02,2.419066888835991538e-02,5.930135681980480689e-02,1.783206379433468214e-01,7.825517733872887349e-02,1.151362770768864507e-01,8.881813853844322537e-02,2.155736729350154687e-02,7.419364437038800109e-02
1.892406569864318183e-02,3.081111640085693743e-02,2.820756962627945716e-02,1.303261128302785066e-02,3.697036419900023851e-02,6.264877410140443081e-02,5.479350154725065591e-02,1.693049273982384986e-02,8.780647464889311526e-02,4.741430611759105129e-02,6.147345870030945097e-02,4.000535586765056190e-02,1.016127112592239978e-01,2.756784099024042062e-02,0.000000000000000000e+00,2.472625565341585174e-02,1.938526541299690625e-02,3.414365627231611550e-02,3.647940966436562932e-02,5.596881694834562881e-02,3.949952392287550684e-02,1.007795762913591964e-01,1.010622470840276121e-01,3.582480361818614345e-02,7.437217329207330974e-02,1.561532968340871297e-01,9.575101166388955143e-02,1.388508688407522063e-01,9.456081885265413267e-02,3.021601999523922805e-02,6.800464175196381522e-02,2.361044989288264839e-02,1.556177100690311899e-02,2.997798143299214638e-02,1.533860985479647623e-02,3.180790288026660168e-02,1.005712925493930029e-02,9.640561771006903036e-03,1.800166626993572952e-02,1.533860985479647623e-02,2.448821709116877007e-02,1.685610568912163792e-02,2.575279695310640424e-02,6.903118305165436945e-03,5.296358009997619194e-03,1.886455605808140881e-02,3.149547726731730807e-02,4.275767674363246951e-02,1.856700785527255412e-02,4.977981432992144989e-02,5.815579623899071876e-02,6.830218995477267685e-02,1.844798857414901155e-02,9.046953106403236855e-02,4.632825517733872578e-02,6.418114734587003489e-02,4.342716019995239429e-02,9.511128302785051836e-02,4.033265889074030136e-02,3.765472506546060222e-02,2.542549393001666130e-02,1.571054510830754633e-02,2.791002142347060247e-02,3.973756248512259198e-02,5.863187336348488210e-02,3.476850749821470965e-02,1.024012139966674617e-01,1.050642704118067150e-01,2.663056415139252592e-02,6.566888835991430140e-02,2.038205189240656912e-01,8.914544156153296484e-02,1.286003332539871480e-01,9.856284218043323553e-02,2.427993334920256971e-02,8.292668412282790114e-02
1.425255891454415592e-02,2.402701737681504565e-02,2.176565103546774724e-02,1.017614853606284286e-02,2.947214948821709132e-02,5.001785289216852809e-02,4.381397286360390331e-02,1.264579861937633817e-02,7.042965960485599031e-02,3.716377053082599302e-02,4.911033087360152510e-02,2.994822661271125813e-02,8.087360152344680309e-02,2.188467031659128634e-02,2.472625565341585174e-02,0.000000000000000000e+00,1.548738395620090531e-02,2.689835753392049583e-02,2.837122113782432689e-02,4.382885027374434916e-02,2.935313020709354875e-02,7.852297072125684341e-02,7.673768150440371527e-02,2.698762199476315016e-02,5.906331825755772175e-02,1.204475124970245115e-01,7.545822423232563525e-02,1.090365389193049261e-01,7.492263746726969542e-02,2.358069507260176015e-02,5.287431563913354282e-02,1.896869792906450899e-02,1.212508926446084247e-02,2.300047607712449316e-02,1.211021185432040008e-02,2.529159723875267635e-02,7.944537014996429225e-03,7.453582480361818294e-03,1.455010711735301061e-02,1.224410854558438504e-02,1.883480123780052404e-02,1.338966912639847663e-02,2.053082599381099785e-02,5.623661033087360393e-03,4.180552249464413242e-03,1.443108783622946978e-02,2.450309450130921246e-02,3.287907641037848133e-02,1.466912639847655318e-02,3.973756248512259198e-02,4.606046179481076280e-02,5.457034039514401663e-02,1.395501071173530123e-02,7.261663889550107331e-02,3.677695786717448401e-02,5.065758152820756810e-02,3.357831468697929089e-02,7.484825041656748001e-02,3.185253511068793231e-02,2.844560818852654230e-02,2.044156153296834005e-02,1.240776005712925477e-02,2.204832182813615954e-02,3.076648417043561026e-02,4.607533920495120172e-02,2.597595810521304352e-02,7.995120209473935424e-02,8.017436324684598659e-02,2.103665793858604943e-02,5.201142585098785659e-02,1.573881218757438583e-01,7.014698881218757454e-02,1.009283503927636272e-01,7.861223518209950467e-02,1.925136872173292130e-02,6.468697929064508301e-02
1.133658652701737685e-02,1.917698167103070589e-02,1.728755058319447757e-02,8.271840038086170424e-03,2.372946917400618749e-02,3.903832420852178242e-02,3.518507498214711038e-02,9.982742204237086622e-03,5.573077838609855061e-02,2.956141394905974912e-02,3.893418233753868224e-02,2.371459176386574511e-02,6.461259223994286760e-02,1.771899547726731722e-02,1.938526541299690625e-02,1.548738395620090531e-02,0.000000000000000000e+00,2.140859319209711953e-02,2.262854082361342653e-02,3.429243037372053937e-02,2.314925017852892050e-02,6.226196143775291486e-02,6.052130445132111736e-02,2.128957391097357696e-02,4.705724827422042705e-02,9.566174720304689016e-02,5.945013092120923770e-02,8.692870745060700399e-02,5.916746012854082193e-02,1.877529159723875102e-02,4.213282551773387535e-02,1.523446798381337779e-02,9.685194001428231933e-03,1.852237562485122696e-02,9.759581052130445605e-03,2.057545822423232501e-02,6.427041180671268401e-03,5.980718876457986367e-03,1.158950249940490437e-02,9.878600333253986440e-03,1.504106165198762154e-02,1.065222566055700967e-02,1.633539633420614048e-02,4.537610092835039216e-03,3.317662461318733515e-03,1.152999285884313309e-02,1.941502023327779103e-02,2.597595810521304352e-02,1.185729588193287255e-02,3.194179957153058663e-02,3.625624851225898310e-02,4.388835991430611871e-02,1.106879314448940693e-02,5.775410616519876389e-02,2.942751725779576416e-02,4.040704594144251677e-02,2.686860271363961106e-02,5.982206617472030780e-02,2.549988098071887671e-02,2.237562485122589900e-02,1.643953820518924067e-02,9.923232563675315338e-03,1.762973101642465942e-02,2.444358486074743944e-02,3.643477743394429869e-02,2.050107117353011307e-02,6.297607712449417028e-02,6.316948345631992479e-02,1.670733158771721058e-02,4.138895501071173516e-02,1.251636515115448767e-01,5.516543680076172601e-02,8.048678885979528019e-02,6.229171625803379964e-02,1.524934539395382017e-02,5.165436800761723235e-02
1.987621994763151545e-02,3.377172101880504540e-02,3.049869078790764035e-02,1.438645560580814088e-02,4.132944537014996561e-02,6.935848607474411065e-02,6.157760057129255116e-02,1.759997619614377465e-02,9.828017138776481976e-02,5.184777433944298686e-02,6.818317067364913775e-02,4.152285170197572012e-02,1.137378005236848316e-01,3.094501309212092238e-02,3.414365627231611550e-02,2.689835753392049583e-02,2.140859319209711953e-02,0.000000000000000000e+00,3.949952392287550684e-02,6.069983337300642601e-02,4.067483932397048668e-02,1.097655320161866205e-01,1.061354439419185947e-01,3.746131873363484771e-02,8.268864556058080906e-02,1.679957153058795616e-01,1.049303737205427300e-01,1.525827184003808734e-01,1.046030706974529906e-01,3.284932159009759656e-02,7.400023803856224658e-02,2.673470602237562610e-02,1.710902166150916545e-02,3.234348964532254150e-02,1.706438943108783482e-02,3.578017138776481976e-02,1.114318019519162060e-02,1.047369673887169755e-02,2.053082599381099785e-02,1.730242799333491996e-02,2.645203522970721380e-02,1.884967864794096643e-02,2.881754344203760893e-02,7.959414425136871613e-03,5.891454415615329440e-03,2.005474886931683104e-02,3.436681742442275478e-02,4.598607474410854740e-02,2.082837419661985254e-02,5.576053320637943539e-02,6.397286360390383453e-02,7.666329445370149986e-02,1.959354915496310315e-02,1.013895501071173516e-01,5.131218757438705397e-02,7.087598190906926887e-02,4.683408712211378083e-02,1.046625803380147601e-01,4.463223042132825197e-02,3.951440133301594576e-02,2.869852416091406636e-02,1.734706022375624712e-02,3.085574863127826806e-02,4.304034753630087834e-02,6.409188288502737363e-02,3.595870030945012841e-02,1.115061890026184249e-01,1.113276600809331163e-01,2.933825279695310637e-02,7.297369673887169061e-02,2.200368959771482891e-01,9.720899785765294010e-02,1.407402999285884415e-01,1.092299452511306807e-01,2.664544156153296831e-02,9.069269221613901477e-02
2.137883837181623475e-02,3.531897167341109534e-02,3.235836705546298736e-02,1.532373244465603385e-02,4.350154725065460276e-02,7.220007141156867259e-02,6.467210188050463715e-02,1.873065936681742386e-02,1.029963104022851711e-01,5.486788859795287132e-02,7.160497500595096321e-02,4.466198524160914368e-02,1.188705070221375837e-01,3.267079266841228097e-02,3.647940966436562932e-02,2.837122113782432689e-02,2.262854082361342653e-02,3.949952392287550684e-02,0.000000000000000000e+00,6.397286360390383453e-02,4.393299214472744241e-02,1.154487026898357582e-01,1.141394905974767865e-01,4.027314925017853181e-02,8.663115924779814236e-02,1.783206379433468214e-01,1.103011187812425603e-01,1.609140680790288047e-01,1.088877648179004953e-01,3.481313972863604028e-02,7.792787431563913403e-02,2.783563437276838706e-02,1.815044037134015686e-02,3.423292073315876982e-02,1.807605332063794493e-02,3.796715067840990276e-02,1.182754106165198778e-02,1.118781242561294950e-02,2.124494168055224980e-02,1.834384670316591137e-02,2.816293739585813000e-02,1.986134253749107306e-02,3.020114258509878566e-02,8.227207807664841527e-03,6.278267079266841057e-03,2.145322542251844669e-02,3.609259700071411336e-02,4.867888597952868546e-02,2.207807664841704431e-02,5.858724113306355841e-02,6.761782908831230621e-02,8.069507260176148056e-02,2.038205189240657050e-02,1.061800761723399184e-01,5.400499880980719203e-02,7.450606998333729469e-02,4.966079504879790385e-02,1.108664603665793918e-01,4.738455129731016652e-02,4.144846465127350471e-02,3.011187812425612786e-02,1.804629850035705668e-02,3.247738633658652646e-02,4.525708164722685306e-02,6.752856462746964494e-02,3.822006665079742682e-02,1.171893596762675488e-01,1.179034753630088111e-01,3.093013568198047999e-02,7.663353963342060815e-02,2.316561532968340886e-01,1.021334206141394918e-01,1.491906688883599119e-01,1.149428707450606962e-01,2.828195667698167257e-02,9.537907641037847439e-02
3.246250892644608754e-02,5.497203046893596456e-02,4.986907879076410421e-02,2.334265651035467848e-02,6.589204951202094762e-02,1.125327303023089809e-01,9.853308736015234381e-02,2.853487264936919662e-02,1.573881218757438583e-01,8.326886455605808646e-02,1.092299452511306807e-01,6.718638419423947350e-02,1.815787907641037979e-01,4.939300166626993394e-02,5.596881694834562881e-02,4.382885027374434916e-02,3.429243037372053937e-02,6.069983337300642601e-02,6.397286360390383453e-02,0.000000000000000000e+00,6.615984289454891754e-02,1.784247798143299146e-01,1.731879314448940832e-01,6.095274934539395700e-02,1.343727683884789470e-01,2.754106165198761946e-01,1.712538681266365104e-01,2.446441323494406017e-01,1.683230183289692872e-01,5.269578671744822723e-02,1.196441323494406156e-01,4.247500595096405374e-02,2.747857652939776282e-02,5.247262556534158795e-02,2.741906688883598980e-02,5.689121637705308460e-02,1.795703403951440236e-02,1.676684122827898013e-02,3.268567007855272682e-02,2.773149250178529035e-02,4.295108307545822401e-02,3.040942632706498602e-02,4.548024279933349234e-02,1.243751487741014128e-02,9.551297310164246976e-03,3.274517971911449638e-02,5.601344917876695945e-02,7.493751487741014128e-02,3.317662461318733602e-02,8.895203522970721033e-02,1.036806712687455417e-01,1.221881694834563159e-01,3.142109021661509266e-02,1.636812663651511512e-01,8.192989764341823689e-02,1.137675553439657233e-01,7.539871459176386570e-02,1.685461794810759473e-01,7.130742680314211546e-02,6.421090216615091273e-02,4.586705546298500136e-02,2.798440847417281441e-02,4.994346584146631962e-02,6.928409902404189524e-02,1.044691740061890056e-01,5.797726731730540317e-02,1.809836943584860747e-01,1.806266365151154574e-01,4.747381575815282084e-02,1.178290883123065957e-01,3.568049273982384917e-01,1.593370626041418769e-01,2.278624137110211723e-01,1.769221613901452161e-01,4.302547012616043942e-02,1.468251606760295203e-01
2.267317305403475369e-02,3.652404189478695301e-02,3.313199238276600539e-02,1.581468697929064651e-02,4.490002380385622188e-02,7.413413472982623154e-02,6.623422994525113294e-02,2.045643894310878244e-02,1.044542965960485598e-01,5.720364199000237820e-02,7.422339919066889280e-02,4.943763389669126457e-02,1.219947631516305614e-01,3.310223756248512061e-02,3.949952392287550684e-02,2.935313020709354875e-02,2.314925017852892050e-02,4.067483932397048668e-02,4.393299214472744241e-02,6.615984289454891754e-02,0.000000000000000000e+00,1.193614615567721998e-01,1.208045703403951426e-01,4.272792192335158473e-02,8.831230659366817726e-02,1.870239228755058436e-01,1.137229231135443996e-01,1.652731492501785249e-01,1.122054272792192275e-01,3.560164246607950417e-02,8.091823375386812678e-02,2.860925970007141203e-02,1.861164008569388129e-02,3.554213282551773462e-02,1.838847893358724200e-02,3.829445370149964223e-02,1.199119257319685751e-02,1.161925731968578915e-02,2.201856700785527129e-02,1.835872411330635723e-02,2.896631754344203627e-02,2.024815520114258555e-02,3.048381337776719796e-02,8.509878600333253829e-03,6.337776719828612342e-03,2.245001190192811094e-02,3.747619614377529357e-02,5.046417519638181359e-02,2.234587003094501423e-02,6.034277552963580177e-02,6.871875743870506370e-02,8.292668412282790114e-02,2.216734110925969864e-02,1.076826945965246307e-01,5.631099738157581414e-02,7.688645560580814609e-02,5.357355391573435238e-02,1.142585098786003395e-01,4.786062842180432986e-02,4.467686265174958260e-02,3.024577481552011282e-02,1.877529159723875102e-02,3.337003094501309053e-02,4.733991906688883589e-02,6.895679600095215578e-02,4.170138062366103571e-02,1.208938348012378039e-01,1.247173292073315842e-01,3.165912877886217780e-02,7.832956438943108890e-02,2.445846227088788460e-01,1.049601285408236079e-01,1.539216853130207230e-01,1.166835277314925007e-01,2.887705308259938194e-02,9.862235182099500508e-02
