0.000000000000000000e+00,9.937367103987964842e-03,1.002415633633720569e-02,4.108023664530687132e-03,2.103192397263246166e-02,2.991335541637134277e-02,2.887188462818046295e-02,8.230512201119581650e-03,3.293651367653652878e-02,1.784965211982699959e-02,2.087281037999218908e-02,1.767607365512852136e-02,4.246886436289470934e-02,1.068954045101471080e-02,1.248318458623233485e-02,9.387701965776111893e-03,6.711700635007883213e-03,1.567992131109600257e-02,1.335107690972473296e-02,2.581979662389886215e-02,1.582457003167806950e-02,4.390088669665716953e-02,4.401660567312282168e-02,1.329321742149190688e-02,3.212648084127695675e-02,7.416139904242546876e-02,4.151418280705307384e-02,5.877077517249360006e-02,4.051610663503681098e-02,8.678923234923986360e-03,2.518334225333776835e-02,1.119581097305194332e-02,7.275830645277942682e-03,1.054489173043264387e-02,8.085863480537514719e-03,1.219388714506820272e-02,5.973992160039344641e-03,3.399244933678561599e-03,1.194798432007868928e-02,7.116717052637669232e-03,1.109455686864449682e-02,7.348155005568976147e-03,1.015434018486106524e-02,3.413709805736768119e-03,2.719395946942849106e-03,7.333690133510768761e-03,1.403092589646044545e-02,1.157189764656531630e-02,5.120564708605152178e-03,2.040993447412957698e-02,2.960959310314900325e-02,3.219880520156799542e-02,8.852501699622466330e-03,3.402137908090203250e-02,1.923827983741483935e-02,2.525566661362880355e-02,1.721319774926590926e-02,4.284495103640808406e-02,1.617172696107502944e-02,1.300391998032777476e-02,1.084865404365498338e-02,8.433020409934474659e-03,1.199137893625330797e-02,1.256997381858157396e-02,2.824989512967757826e-02,1.556420233463035041e-02,4.145632331882024429e-02,4.476877902014956417e-02,1.009648069662823916e-02,3.240131341038288842e-02,8.074291582890949504e-02,4.087772843649197657e-02,5.771483951224451459e-02,3.869353275570277390e-02,8.042468864362894293e-03,2.751218665470903796e-02
9.937367103987964842e-03,0.000000000000000000e+00,1.698175979633460148e-02,6.870814227648156663e-03,3.630682886609867821e-02,5.068491169195608187e-02,5.043900886696656843e-02,1.352465537442321293e-02,5.652872000347156783e-02,3.133091287807559383e-02,3.607539091316737390e-02,2.929136591786845809e-02,7.410353955419264615e-02,1.821127392128216518e-02,2.020742626531468397e-02,1.589689439196910470e-02,1.181780047155482974e-02,2.745432716647621188e-02,2.320165478136345868e-02,4.437822747457798728e-02,2.567514790331679522e-02,7.651917318791315314e-02,7.346708518363155582e-02,2.169730808730996677e-02,5.645639564318053610e-02,1.252079325358367301e-01,7.183255464105420263e-02,1.029609593103149034e-01,7.035713769111712201e-02,1.517365078905877004e-02,4.361158925549303567e-02,1.920935009329842458e-02,1.285927125974570782e-02,1.774839801541955309e-02,1.387181230382017287e-02,2.132122141379659552e-02,1.027005916132671740e-02,5.742554207108037725e-03,2.056904806676984956e-02,1.268569279504722785e-02,1.877540393155222379e-02,1.285927125974570782e-02,1.729998698161514664e-02,5.843808311515484230e-03,4.715548290975366159e-03,1.183226534361303539e-02,2.466260685924233018e-02,2.014956677708185789e-02,8.635528618749367669e-03,3.526535807790780186e-02,5.078616579636353184e-02,5.677462282846108127e-02,1.450826667438126494e-02,5.872738055631897963e-02,3.350064368680658738e-02,4.411785977753026472e-02,2.895867386052970380e-02,7.510161572620889514e-02,2.757004614294186404e-02,2.155265936672789984e-02,1.890558778007608506e-02,1.459505590673050579e-02,2.088727525205039473e-02,2.187088655200844847e-02,4.928181910231003993e-02,2.535692071803625006e-02,7.288849030130328810e-02,7.633112985115646232e-02,1.667799748311226196e-02,5.671676334022825866e-02,1.368521545426930608e-01,7.181808976899599350e-02,1.012685692795047276e-01,6.784024995298916505e-02,1.397306640822761938e-02,4.745924522297600284e-02
1.002415633633720569e-02,1.698175979633460148e-02,0.000000000000000000e+00,6.928673715880982742e-03,3.554019064701372660e-02,5.010631680962782109e-02,4.890573242879666521e-02,1.338000665384114600e-02,5.529920587852400760e-02,3.044855568252498659e-02,3.533768243819883359e-02,2.917564694140280246e-02,7.199166823369447521e-02,1.799430084040906652e-02,2.026528575354751005e-02,1.581010515961986385e-02,1.160082739068172934e-02,2.674554843562408635e-02,2.262305989903519443e-02,4.365498387166765609e-02,2.554496405479293394e-02,7.505822111003428165e-02,7.271491183660480639e-02,2.172623783142638154e-02,5.489418946089422158e-02,1.230237368550475135e-01,6.985086716907988602e-02,1.000245902824989513e-01,6.837545021914280541e-02,1.479756411554539880e-02,4.271476718788422278e-02,1.835592264186423211e-02,1.265676305093081482e-02,1.769053852718672701e-02,1.355358511853962597e-02,2.101745910057425601e-02,1.013987531280285785e-02,5.713624462991624686e-03,1.986026933591772403e-02,1.235300073770847530e-02,1.881879854772684421e-02,1.255550894652336831e-02,1.725659236544052622e-02,5.684694718875211647e-03,4.643223930684332694e-03,1.175994098332200193e-02,2.409847684897227157e-02,1.933953394182228586e-02,8.505344770225508125e-03,3.449871985882285025e-02,4.970130039199803507e-02,5.496651382118525331e-02,1.426236384939175150e-02,5.715070950197445598e-02,3.248810264273212234e-02,4.306192411728117925e-02,2.835114923408502477e-02,7.267151722043017903e-02,2.745432716647621188e-02,2.113317807703990817e-02,1.834145776980602646e-02,1.436361795379919801e-02,2.029421549766392482e-02,2.133568628585480118e-02,4.818248882588633403e-02,2.477832583570798233e-02,7.082001359697973064e-02,7.436390725124036871e-02,1.646102440223916330e-02,5.509669766970911459e-02,1.339591801310517361e-01,6.947478049556651825e-02,9.841898948403801639e-02,6.594535171336408930e-02,1.353912024648142032e-02,4.643223930684332867e-02
4.108023664530687132e-03,6.870814227648156663e-03,6.928673715880982742e-03,0.000000000000000000e+00,1.472523975525436533e-02,2.045332909030419741e-02,1.990366395209234446e-02,5.482186510060318638e-03,2.268091938726802051e-02,1.259890356269798874e-02,1.465291539496333187e-02,1.209263304066075621e-02,2.965298771932362368e-02,7.492803726151042211e-03,8.230512201119581650e-03,6.480262682076577165e-03,4.744478035091779199e-03,1.099330276423705031e-02,9.387701965776111893e-03,1.769053852718672701e-02,1.040024300985057867e-02,3.050641517075781614e-02,2.972531207961465541e-02,8.968220676088120222e-03,2.266645451520981139e-02,5.104653349341124746e-02,2.900206847670432422e-02,4.113809613353969913e-02,2.816310589732833741e-02,5.988457032097551161e-03,1.764714391101210658e-02,7.579592958500282196e-03,5.207353940954392163e-03,7.391549621743595706e-03,5.612370358584178182e-03,8.664458362865780708e-03,4.252672385112754062e-03,2.386703889604096553e-03,8.114793224653927758e-03,5.149494452721566085e-03,7.767636295256968686e-03,5.120564708605152178e-03,7.145646796754083138e-03,2.328844401371270040e-03,1.909363111683277069e-03,4.874661883615639610e-03,9.850577871638725724e-03,8.071398608479307332e-03,3.543893654260628096e-03,1.416110974498430500e-02,2.039546960207137133e-02,2.263752477109340008e-02,5.887202927690104656e-03,2.344755760635297212e-02,1.339447152589935339e-02,1.777732775953596786e-02,1.180333559949662235e-02,3.001460952077878927e-02,1.123920558922656375e-02,8.809107083447847639e-03,7.565128086442075676e-03,5.930597543864724215e-03,8.433020409934474659e-03,8.852501699622466330e-03,1.981687471974310361e-02,1.034238352161775086e-02,2.908885770905356508e-02,3.085357210015477261e-02,6.856349355589950144e-03,2.273877887550084659e-02,5.519795177411655762e-02,2.856812231495812343e-02,4.063182561150246314e-02,2.719395946942849279e-02,5.540045998293144716e-03,1.926720958153125066e-02
2.103192397263246166e-02,3.630682886609867821e-02,3.554019064701372660e-02,1.472523975525436533e-02,0.000000000000000000e+00,1.062010906513531916e-01,1.064614583484009142e-01,2.864044667524915863e-02,1.187565995978765582e-01,6.648055197951774353e-02,7.621541087469081710e-02,6.282093934879146024e-02,1.559891802757004675e-01,3.888157609245946472e-02,4.304745924522297706e-02,3.361636266327224648e-02,2.496636917246466969e-02,5.759912053577886243e-02,4.876108370821460175e-02,9.296573271809410732e-02,5.519795177411655762e-02,1.594462846976118509e-01,1.544848335816469687e-01,4.608508237744637220e-02,1.184673021567124174e-01,2.633763904358266128e-01,1.500151881156611133e-01,2.165535995834116934e-01,1.463121808687602166e-01,3.162021031923972769e-02,9.167835910491371754e-02,4.038592278651295664e-02,2.752665152676724708e-02,3.831744608218940612e-02,2.950833899874155675e-02,4.566560108775837706e-02,2.208785963288154713e-02,1.220835201712640837e-02,4.348140540696917439e-02,2.684680254003153285e-02,4.040038765857115882e-02,2.729521357383593930e-02,3.743508888663879541e-02,1.261336843475619439e-02,9.821648127522312685e-03,2.503869353275570142e-02,5.185656632867081950e-02,4.191919922468285986e-02,1.850057136244629905e-02,7.549216727178048592e-02,1.062300203954695960e-01,1.198559298743002571e-01,3.078124773986374088e-02,1.226187204374177275e-01,7.067536487639766718e-02,9.312484631073437991e-02,6.196751189735726778e-02,1.571029754241823617e-01,5.904560774159952480e-02,4.563667134364196576e-02,3.950356559096234593e-02,3.104161543691145997e-02,4.355372976726020612e-02,4.612847699362099263e-02,1.021798562191717358e-01,5.463382176384649902e-02,1.513314914729579352e-01,1.593594954652625961e-01,3.527982294996601098e-02,1.192050106316809577e-01,2.872144995877511375e-01,1.493931986171582182e-01,2.132266790100241505e-01,1.406708807660596305e-01,2.908885770905356508e-02,9.983654694574226052e-02
2.991335541637134277e-02,5.068491169195608187e-02,5.010631680962782109e-02,2.045332909030419741e-02,1.061866257792949825e-01,0.000000000000000000e+00,1.465580836937497300e-01,3.977839816006827761e-02,1.650875848003124369e-01,9.062242344466463206e-02,1.049426467822892062e-01,8.623956721102801759e-02,2.162353723981311482e-01,5.375146456829589525e-02,6.044870033124556674e-02,4.732906137445214156e-02,3.444086037059002070e-02,8.033789941127970902e-02,6.802829328974585588e-02,1.300247349312195211e-01,7.546323752766406767e-02,2.245816035757163820e-01,2.178843678127666827e-01,6.478816194870756773e-02,1.648127522312065052e-01,3.685360102989889142e-01,2.097985043322291854e-01,3.008259441945235757e-01,2.053433237383015253e-01,4.442162209075260770e-02,1.272185497519274511e-01,5.590673050496868662e-02,3.779671068809396101e-02,5.281124788451246194e-02,4.076200946002632441e-02,6.292219345319891022e-02,3.033283670605933444e-02,1.705408415662563321e-02,5.945062415922931082e-02,3.708793195724183894e-02,5.550171408733890061e-02,3.703007246900900939e-02,5.140815529486641999e-02,1.722766262132411491e-02,1.391520691999479330e-02,3.562697987936296745e-02,7.148539771165723922e-02,5.856826696367870705e-02,2.538585046215266136e-02,1.027439862294417944e-01,1.494076634892164412e-01,1.648561468473811464e-01,4.252672385112753889e-02,1.713653392735741132e-01,9.687124817380990405e-02,1.277682148901392867e-01,8.408430127435523316e-02,2.184051032068621279e-01,8.146615943181982622e-02,6.367436680022564577e-02,5.518348690205834850e-02,4.294620514081552709e-02,6.127319803856334790e-02,6.347185859141075970e-02,1.445619313497172043e-01,7.423372340271650049e-02,2.127204084879869284e-01,2.246973225521820272e-01,4.939753807877569208e-02,1.653334876253019503e-01,4.013568049990597908e-01,2.086702443116890682e-01,2.950544602432991215e-01,1.984291148944787586e-01,4.063182561150246314e-02,1.386313338058524913e-01
2.887188462818046295e-02,5.043900886696656843e-02,4.890573242879666521e-02,1.990366395209234446e-02,1.064614583484009142e-01,1.465580836937497300e-01,0.000000000000000000e+00,3.972053867183544806e-02,1.643354114532857013e-01,9.162049961668089493e-02,1.048703224219981744e-01,8.593580489780568155e-02,2.160907236775490847e-01,5.359235097565562267e-02,5.940722954305469039e-02,4.640330956272691737e-02,3.449871985882285025e-02,7.945554221572910525e-02,6.698682250155497953e-02,1.278550041224885414e-01,7.640345421144749405e-02,2.209509206891065169e-01,2.134581169629554687e-01,6.347185859141075970e-02,1.641184383724126061e-01,3.632997266139180725e-01,2.071948273617519876e-01,3.001316303357297044e-01,2.023635600943109736e-01,4.361158925549303567e-02,1.268713928225304877e-01,5.668783359611184042e-02,3.788349992044320186e-02,5.256534505952294850e-02,4.083433382031735615e-02,6.284986909290787849e-02,3.027497721782650836e-02,1.664906773899584719e-02,6.094050598122459361e-02,3.737722939840597280e-02,5.560296819174634364e-02,3.807154325719989268e-02,5.123457683016793829e-02,1.754588980660466008e-02,1.378502307147093202e-02,3.446979011470643200e-02,7.186148438517060699e-02,5.752679617548783070e-02,2.542924507832728179e-02,1.044653060043683884e-01,1.472668624246018521e-01,1.662737043090853906e-01,4.233868051437084806e-02,1.697742033471713874e-01,9.769574588112768521e-02,1.279851879710124096e-01,8.516916667872072300e-02,2.177975785804174558e-01,8.158187840828548532e-02,6.302344755760634631e-02,5.463382176384649902e-02,4.280155642023346363e-02,6.015940289008143982e-02,6.332720987082869624e-02,1.414664487292609796e-01,7.547770239972227679e-02,2.098129692042873806e-01,2.205892988876513305e-01,4.884787294056384260e-02,1.647693576150318917e-01,3.977116572403917028e-01,2.067753460720639924e-01,2.941431733036321550e-01,1.951311240652076340e-01,4.005323072917420235e-02,1.378646955867675328e-01
8.230512201119581650e-03,1.352465537442321293e-02,1.338000665384114600e-02,5.482186510060318638e-03,2.864044667524915863e-02,3.977839816006827761e-02,3.972053867183544806e-02,0.000000000000000000e+00,4.452287619516005074e-02,2.448902839454385194e-02,2.787380845616420355e-02,2.382364427986634337e-02,5.791734772105940759e-02,1.434915308174099235e-02,1.659120825076302111e-02,1.259890356269798874e-02,9.257518117252252349e-03,2.136461602997121595e-02,1.824020366539857996e-02,3.477355242792877499e-02,2.121996730938914902e-02,5.950848364746214036e-02,5.865505619602794790e-02,1.764714391101210658e-02,4.361158925549303567e-02,9.935920616782144277e-02,5.577654665644482535e-02,8.003413709805737297e-02,5.418541073004209258e-02,1.171654636714738323e-02,3.442639549853181852e-02,1.501453719641849746e-02,1.025559428926851174e-02,1.443594231409023147e-02,1.106562712452808378e-02,1.672139209928688239e-02,8.172652712886753837e-03,4.672153674800746601e-03,1.633084055371530202e-02,9.995226592220792655e-03,1.533276438169904436e-02,1.028452403338492478e-02,1.377055819941272637e-02,4.686618546858953120e-03,3.760866735133727625e-03,9.517885814299973171e-03,1.928167445358945631e-02,1.536169412581545740e-02,6.928673715880982742e-03,2.797506256057165006e-02,3.989411713653392977e-02,4.429143824222874642e-02,1.157189764656531630e-02,4.578132006422402922e-02,2.621034816947044252e-02,3.422388728971692551e-02,2.301361144460677133e-02,5.864059132396973878e-02,2.203000014464872106e-02,1.721319774926590926e-02,1.458059103467229840e-02,1.154296790244890326e-02,1.608493772872578859e-02,1.692390030810177540e-02,3.859227865129533086e-02,2.049672370647881783e-02,5.661550923582080869e-02,5.958080800775317210e-02,1.326428767737549384e-02,4.400214080106461256e-02,1.082984970997931534e-01,5.563189793586275494e-02,7.896373656575007838e-02,5.276785326833784151e-02,1.070400532307291819e-02,3.730490503811494107e-02
3.293651367653652878e-02,5.652872000347156783e-02,5.529920587852400760e-02,2.268091938726802051e-02,1.187565995978765582e-01,1.650875848003124369e-01,1.643354114532857013e-01,4.452287619516005074e-02,0.000000000000000000e+00,1.017893046736001589e-01,1.172233231597066550e-01,9.614800457089957286e-02,2.412306713147122084e-01,5.989903519303371726e-02,6.697235762949677040e-02,5.253641531540653720e-02,3.860674352335353304e-02,8.979792573734685091e-02,7.566574573647896762e-02,1.450971316158708446e-01,8.434466897140294184e-02,2.502856812231495920e-01,2.413608551632360766e-01,7.147093283959903010e-02,1.841088915568541706e-01,4.094426684795973159e-01,2.337812622047358013e-01,3.362070212488970644e-01,2.288198110887709191e-01,4.925288935819362862e-02,1.418136056586579430e-01,6.219894985028857209e-02,4.233868051437084806e-02,5.890095902101746134e-02,4.544862800688528187e-02,7.029927820288429940e-02,3.380440600002893037e-02,1.900684188448353157e-02,6.665413044421622524e-02,4.180348024821720770e-02,6.224234446646319252e-02,4.189026948056644162e-02,5.735321771078934899e-02,1.926720958153125066e-02,1.539062386993187044e-02,3.925766276597283250e-02,7.990395324953350475e-02,6.504852964575527641e-02,2.820650051350295784e-02,1.152127059436159340e-01,1.658542230193973954e-01,1.846585566950660340e-01,4.730013163033573026e-02,1.908929165521530968e-01,1.087469081335975529e-01,1.429852602953726737e-01,9.422417658715809274e-02,2.442538295748774013e-01,9.069474780495566379e-02,7.053071615581560372e-02,6.146124137532003873e-02,4.809569959353709317e-02,6.818740688238612846e-02,7.074768923668869891e-02,1.608783070313743180e-01,8.284032227734945686e-02,2.367754907207845760e-01,2.492008158187840883e-01,5.470614612413753075e-02,1.848032054156480974e-01,4.465884599250719567e-01,2.328699752650687793e-01,3.304933967859054467e-01,2.211968235140960304e-01,4.531844415836142059e-02,1.548030607669275138e-01
1.784965211982699959e-02,3.133091287807559383e-02,3.044855568252498659e-02,1.259890356269798874e-02,6.648055197951774353e-02,9.062242344466463206e-02,9.162049961668089493e-02,2.448902839454385194e-02,1.017893046736001589e-01,0.000000000000000000e+00,6.520764323839556287e-02,5.318733455802583665e-02,1.337422070501786409e-01,3.344278419857376478e-02,3.685649400431053463e-02,2.905992796493715030e-02,2.136461602997121595e-02,4.971576526405623725e-02,4.202045332909030290e-02,7.978823427306785954e-02,4.686618546858953294e-02,1.376332576338362423e-01,1.324837631811146554e-01,3.912747891744897816e-02,1.019484182662404315e-01,2.251457335859864406e-01,1.284046692607003770e-01,1.860037897964792464e-01,1.255550894652336935e-01,2.703484587678822021e-02,7.855872014812029236e-02,3.439746575441540027e-02,2.369346043134248556e-02,3.276293521183805402e-02,2.511101789304673662e-02,3.919980327774000989e-02,1.896344726830891114e-02,1.038577813779237129e-02,3.718918606164928198e-02,2.334630350194552562e-02,3.470122806763774326e-02,2.354881171076041863e-02,3.209755109716054544e-02,1.077632968336394992e-02,8.519809642283713777e-03,2.133568628585480118e-02,4.462413029956750071e-02,3.580055834406144916e-02,1.567992131109600257e-02,6.457118886783445866e-02,9.082493165347951813e-02,1.025993375088597309e-01,2.590658585624810301e-02,1.047546034455325292e-01,6.063674366800225757e-02,7.955679632013655522e-02,5.244962608305729634e-02,1.341038288516337995e-01,5.077170092430532272e-02,3.882371660422663517e-02,3.357296804709762605e-02,2.673108356356588070e-02,3.710239682930004806e-02,3.963374943948620721e-02,8.836590340358439766e-02,4.609954724950458133e-02,1.302127782679762258e-01,1.360131919633170983e-01,2.997121490460416884e-02,1.019484182662404315e-01,2.458305006292219319e-01,1.281587664357108636e-01,1.827491935833827630e-01,1.214036711845283695e-01,2.487957994011542884e-02,8.525595591106996385e-02
2.087281037999218908e-02,3.607539091316737390e-02,3.533768243819883359e-02,1.465291539496333187e-02,7.621541087469081710e-02,1.049426467822892062e-01,1.048703224219981744e-01,2.787380845616420355e-02,1.172233231597066550e-01,6.520764323839556287e-02,0.000000000000000000e+00,6.154803060766927264e-02,1.540074928037261648e-01,3.846209480277146958e-02,4.242546974672008891e-02,3.334153009416631480e-02,2.461921224306770975e-02,5.732428796667293769e-02,4.824034831411916358e-02,9.228588373135838963e-02,5.372253482417947701e-02,1.589400141755746287e-01,1.530672761199427245e-01,4.523165492601217974e-02,1.179465667626169861e-01,2.611921947550374101e-01,1.492196201524597643e-01,2.146297715996701994e-01,1.463121808687602166e-01,3.176485903982179115e-02,9.015954753880202344e-02,3.925766276597283250e-02,2.676001330768229200e-02,3.701560759695080721e-02,2.836561410614323042e-02,4.502914671719728673e-02,2.161051885496072938e-02,1.189012483184586147e-02,4.193366409674106204e-02,2.635499689005250598e-02,3.912747891744897816e-02,2.636946176211071510e-02,3.692881836460156636e-02,1.228067637741744184e-02,9.662534534882038367e-03,2.490850968423184361e-02,5.130690119045897002e-02,4.173115588792616903e-02,1.829806315363140604e-02,7.404568006595980967e-02,1.045954898528922566e-01,1.179754965067334044e-01,3.011586362518623577e-02,1.208395411742583109e-01,7.003891050583657685e-02,9.221355937106735789e-02,6.041977058712915544e-02,1.553961205213139907e-01,5.836575875486381404e-02,4.488449799661522327e-02,3.922873302185642119e-02,3.059320440310705352e-02,4.349587027902738351e-02,4.553541723923451578e-02,1.016735856971345137e-01,5.302822096538556407e-02,1.505937829979893949e-01,1.580721218520822202e-01,3.444086037059002070e-02,1.179754965067334044e-01,2.840032979908292954e-01,1.484819116774912240e-01,2.115342889792139747e-01,1.397161992102179950e-01,2.940708489433411024e-02,9.839005973992159815e-02
1.767607365512852136e-02,2.929136591786845809e-02,2.917564694140280246e-02,1.209263304066075621e-02,6.282093934879146024e-02,8.623956721102801759e-02,8.593580489780568155e-02,2.382364427986634337e-02,9.614800457089957286e-02,5.318733455802583665e-02,6.154803060766927264e-02,0.000000000000000000e+00,1.259601058828634657e-01,3.175039416776358897e-02,3.568483936759579700e-02,2.739646767824338580e-02,2.019296139325647832e-02,4.650456366713436734e-02,3.963374943948620721e-02,7.524626444679097248e-02,4.557881185540913621e-02,1.288530802945047904e-01,1.268424630784140694e-01,3.782564043221037925e-02,9.520778788711613261e-02,2.144995877511463311e-01,1.210131196389567926e-01,1.746922598469616561e-01,1.178597775302677453e-01,2.538585046215266136e-02,7.450855597182243217e-02,3.261828649125598362e-02,2.203000014464872106e-02,3.137430749425021426e-02,2.389596864015737857e-02,3.691435349254335724e-02,1.787858186394341437e-02,9.937367103987964842e-03,3.519303371761677013e-02,2.182749193583382805e-02,3.324027598975887177e-02,2.208785963288154713e-02,3.027497721782650836e-02,1.013987531280285785e-02,8.028003992304688641e-03,2.094513474028322081e-02,4.193366409674106204e-02,3.360189779121403736e-02,1.504346694053491050e-02,6.083925187681715058e-02,8.580562104928181333e-02,9.614800457089957286e-02,2.505315840481391054e-02,9.888186538990062502e-02,5.707838514168342425e-02,7.488464264533579995e-02,4.997613296110395981e-02,1.260902897313873339e-01,4.805230497736247275e-02,3.736276452634776368e-02,3.151895621483227772e-02,2.509655302098853097e-02,3.487480653233621802e-02,3.726151042194032065e-02,8.325980356703745200e-02,4.453734106721825986e-02,1.219678011947984281e-01,1.292002372239017538e-01,2.897313873258790945e-02,9.585870712973543206e-02,2.347359437605774368e-01,1.200295083389987388e-01,1.717414259470874949e-01,1.140121215627847712e-01,2.350541709458579820e-02,8.082970506125873589e-02
4.246886436289470934e-02,7.410353955419264615e-02,7.199166823369447521e-02,2.965298771932362368e-02,1.559891802757004675e-01,2.162353723981311482e-01,2.160907236775490847e-01,5.791734772105940759e-02,2.412306713147122084e-01,1.337277421781204456e-01,1.540074928037261648e-01,1.259601058828634657e-01,0.000000000000000000e+00,7.852979040400387412e-02,8.684709183747270356e-02,6.844777457943385102e-02,5.049686835519939798e-02,1.171943934155902367e-01,9.878061128549317504e-02,1.888533695919459576e-01,1.109600335585031738e-01,3.256187349022897637e-01,3.132801990366395062e-01,9.292233810191949384e-02,2.408835143853152727e-01,5.330160704728567067e-01,3.049773624752288859e-01,4.389944020945134584e-01,2.989599756990149459e-01,6.438314553107778171e-02,1.861629033891195328e-01,8.200135969797346658e-02,5.521241664617476674e-02,7.683740037319369831e-02,5.943615928717110169e-02,9.183747269755399012e-02,4.436376260251977816e-02,2.451795813866026325e-02,8.809107083447846598e-02,5.467721638002111945e-02,8.123472147888852191e-02,5.522688151823296893e-02,7.505822111003428165e-02,2.538585046215266136e-02,2.010617216090723747e-02,5.067044681989787969e-02,1.050439008866966561e-01,8.512577206254610951e-02,3.711686170135825025e-02,1.516497186582384804e-01,2.165969941995863068e-01,2.422287474867284851e-01,6.195304702529905866e-02,2.493020699231915382e-01,1.433324172247696371e-01,1.876817149552312269e-01,1.239928832829473582e-01,3.195579535099011825e-01,1.193062647360884077e-01,9.193872680196144009e-02,8.032343453922149989e-02,6.280647447673325112e-02,8.884324418150521541e-02,9.276322450927922125e-02,2.086268496955144547e-01,1.094556868644496889e-01,3.082608884324418153e-01,3.251124643802525416e-01,7.149986258371544834e-02,2.420262392779135852e-01,5.831079224104263048e-01,3.036465942458738687e-01,4.314726686242459919e-01,2.867950182980631424e-01,5.920472133423979738e-02,2.024069547104855871e-01
1.068954045101471080e-02,1.821127392128216518e-02,1.799430084040906652e-02,7.492803726151042211e-03,3.888157609245946472e-02,5.375146456829589525e-02,5.359235097565562267e-02,1.434915308174099235e-02,5.989903519303371726e-02,3.344278419857376478e-02,3.846209480277146958e-02,3.175039416776358897e-02,7.852979040400387412e-02,0.000000000000000000e+00,2.185642167995023935e-02,1.714087338897487406e-02,1.259890356269798874e-02,2.908885770905356508e-02,2.461921224306770975e-02,4.680832598035670339e-02,2.790273820028061832e-02,8.007753171423198646e-02,7.822602809078153807e-02,2.337523324606193692e-02,5.979778108862627423e-02,1.329321742149190688e-01,7.576699984088640372e-02,1.090940650629945163e-01,7.381424211302850535e-02,1.591135926402731035e-02,4.635991494655229694e-02,2.019296139325647832e-02,1.368376896706348551e-02,1.928167445358945631e-02,1.472523975525436533e-02,2.272431400344264094e-02,1.118134610099373594e-02,6.147570624737824611e-03,2.185642167995023935e-02,1.333661203766652731e-02,2.038100473001316221e-02,1.366930409500527986e-02,1.892005265213429072e-02,6.350078833552717621e-03,4.932521371848465688e-03,1.256997381858157396e-02,2.610909406506299602e-02,2.106085371674887644e-02,9.315377605485080162e-03,3.784010530426858143e-02,5.357788610359741355e-02,6.024619212243067373e-02,1.547741310228110956e-02,6.164928471207672261e-02,3.584395296023606958e-02,4.692404495682235555e-02,3.133091287807559383e-02,7.892034194957545101e-02,2.973977695167286106e-02,2.302807631666498045e-02,1.993259369620875576e-02,1.575224567138703777e-02,2.201553527259051540e-02,2.320165478136345868e-02,5.145154991104103348e-02,2.761344075911648446e-02,7.615755138645798061e-02,8.033789941127970902e-02,1.786411699188520524e-02,6.002921904155757854e-02,1.450971316158708446e-01,7.534751855119840858e-02,1.071991668233694406e-01,7.089233795727076237e-02,1.462398565084691883e-02,5.049686835519939798e-02
1.248318458623233485e-02,2.020742626531468397e-02,2.026528575354751005e-02,8.230512201119581650e-03,4.304745924522297706e-02,6.044870033124556674e-02,5.940722954305469039e-02,1.659120825076302111e-02,6.697235762949677040e-02,3.685649400431053463e-02,4.242546974672008891e-02,3.568483936759579700e-02,8.684709183747270356e-02,2.185642167995023935e-02,0.000000000000000000e+00,1.925274470947304500e-02,1.388627717587837852e-02,3.235791879420826800e-02,2.719395946942849279e-02,5.256534505952294850e-02,3.175039416776358897e-02,8.956648778441554659e-02,8.901682264620369711e-02,2.683233766797332720e-02,6.568498401631638062e-02,1.502176963244760133e-01,8.480754487726556434e-02,1.205791734772105883e-01,8.272460330088379776e-02,1.771946827130314178e-02,5.156726888750669258e-02,2.272431400344264094e-02,1.502900206847670485e-02,2.161051885496072938e-02,1.646102440223916330e-02,2.518334225333776835e-02,1.228067637741744184e-02,6.885279099706363183e-03,2.447456352248564282e-02,1.462398565084691883e-02,2.260859502697698531e-02,1.501453719641849746e-02,2.091620499616680950e-02,7.015462948230222727e-03,5.540045998293144716e-03,1.460952077878871144e-02,2.894420898847149815e-02,2.340416299017835169e-02,1.041470788190878433e-02,4.186133973645003031e-02,6.002921904155757854e-02,6.635036813099387532e-02,1.771946827130314178e-02,6.898297484558749137e-02,3.947463584684593463e-02,5.153833914339027433e-02,3.497606063674366800e-02,8.754140569626661650e-02,3.305223265300218094e-02,2.608016432094658124e-02,2.221804348140540841e-02,1.737231134190618184e-02,2.434437967396178501e-02,2.573300739154962130e-02,5.759912053577886243e-02,3.140323723836662556e-02,8.514023693460431863e-02,9.069474780495566379e-02,2.032314524178033613e-02,6.633590325893568007e-02,1.641762978606454149e-01,8.373714434495826975e-02,1.182213993317229178e-01,7.893480682163366013e-02,1.628744593754068160e-02,5.592119537702688881e-02
9.387701965776111893e-03,1.589689439196910470e-02,1.581010515961986385e-02,6.480262682076577165e-03,3.361636266327224648e-02,4.732906137445214156e-02,4.640330956272691737e-02,1.259890356269798874e-02,5.253641531540653720e-02,2.905992796493715030e-02,3.334153009416631480e-02,2.739646767824338580e-02,6.844777457943385102e-02,1.714087338897487406e-02,1.925274470947304500e-02,0.000000000000000000e+00,1.103669738041167074e-02,2.528459635774521486e-02,2.163944859907714069e-02,4.139846383058742169e-02,2.396829300044841030e-02,7.053071615581560372e-02,6.880939638088900967e-02,2.048225883442060871e-02,5.192889068896185817e-02,1.156755818494785426e-01,6.619125453835360273e-02,9.568512866503696424e-02,6.501959990163887204e-02,1.398753128028582503e-02,3.992304688065034107e-02,1.758928442277928050e-02,1.190458970390406886e-02,1.675032184340329369e-02,1.285927125974570782e-02,2.007724241679082269e-02,9.705929151056658793e-03,5.380932405652872133e-03,1.896344726830891114e-02,1.165868687891455542e-02,1.756035467866286573e-02,1.174547611126379627e-02,1.662013799487943588e-02,5.568975742409558623e-03,4.368391361578407087e-03,1.103669738041167074e-02,2.253627066668595358e-02,1.829806315363140604e-02,8.071398608479307332e-03,3.263275136331419274e-02,4.728566675827752114e-02,5.227604761835881464e-02,1.349572563030679989e-02,5.406969175357644042e-02,3.107054518102787474e-02,4.038592278651295664e-02,2.673108356356588070e-02,6.908422894999494135e-02,2.606569944888837559e-02,2.014956677708185789e-02,1.751696006248824877e-02,1.382841768764555244e-02,1.916595547712380415e-02,1.994705856826696488e-02,4.553541723923451578e-02,2.366453068722607078e-02,6.707361173390422038e-02,7.048732153964097635e-02,1.560759695080497084e-02,5.200121504925288990e-02,1.260324302431544974e-01,6.549694067955968979e-02,9.331288964749107073e-02,6.253164190762733332e-02,1.272908741122184828e-02,4.368391361578406740e-02
6.711700635007883213e-03,1.181780047155482974e-02,1.160082739068172934e-02,4.744478035091779199e-03,2.496636917246466969e-02,3.444086037059002070e-02,3.449871985882285025e-02,9.257518117252252349e-03,3.860674352335353304e-02,2.136461602997121595e-02,2.461921224306770975e-02,2.019296139325647832e-02,5.049686835519939798e-02,1.259890356269798874e-02,1.388627717587837852e-02,1.103669738041167074e-02,0.000000000000000000e+00,1.878986880361043291e-02,1.591135926402731035e-02,3.050641517075781614e-02,1.757481955072107485e-02,5.230497736247522594e-02,5.027989527432629585e-02,1.479756411554539880e-02,3.860674352335353304e-02,8.515470180666251387e-02,4.881894319644742436e-02,7.066090000433945806e-02,4.799444548912965014e-02,1.044363762602519737e-02,2.971084720755644976e-02,1.309070921267701387e-02,8.924826059913499796e-03,1.230960612153385487e-02,9.488956070183558397e-03,1.478309924348719141e-02,7.102252180579462712e-03,3.963374943948621068e-03,1.416110974498430500e-02,8.693388106982193747e-03,1.304731459650239345e-02,8.881431443738879369e-03,1.210709791271896187e-02,4.064629048356067573e-03,3.196736724863668590e-03,7.941214759955447788e-03,1.680818133163612324e-02,1.345233101413217947e-02,5.901667799748311176e-03,2.421419582543792373e-02,3.459997396323029328e-02,3.876585711599380563e-02,9.749323767231279220e-03,3.976393328801006849e-02,2.286896272402470440e-02,2.992782028842954842e-02,1.962883138298641625e-02,5.122011195810972917e-02,1.913702573300739285e-02,1.463845052290512448e-02,1.285927125974570782e-02,1.015434018486106524e-02,1.421896923321713281e-02,1.482649385966181184e-02,3.351510855886479651e-02,1.725659236544052622e-02,4.949879218318314206e-02,5.137922555075000175e-02,1.125367046128476940e-02,3.866460301158636259e-02,9.271982989310459389e-02,4.850071601116687919e-02,6.915655331028597308e-02,4.618633648185381524e-02,9.445561454008939706e-03,3.237238366626647018e-02
1.567992131109600257e-02,2.745432716647621188e-02,2.674554843562408635e-02,1.099330276423705031e-02,5.759912053577886243e-02,8.033789941127970902e-02,7.945554221572910525e-02,2.136461602997121595e-02,8.979792573734685091e-02,4.971576526405623725e-02,5.732428796667293769e-02,4.650456366713436734e-02,1.171943934155902367e-01,2.908885770905356508e-02,3.235791879420826800e-02,2.528459635774521486e-02,1.878986880361043291e-02,0.000000000000000000e+00,3.694328323665976854e-02,7.071875949257229454e-02,4.057396612326964053e-02,1.217363632418671238e-01,1.167893769979604507e-01,3.451318473088105243e-02,8.927719034325141967e-02,1.983712554062459221e-01,1.137662187377952577e-01,1.637423516988992245e-01,1.119870394746358411e-01,2.401168761662303072e-02,6.869367740442336445e-02,3.017372311341906185e-02,2.040993447412957698e-02,2.827882487379398957e-02,2.187088655200844847e-02,3.396351959266920295e-02,1.637423516988992245e-02,9.098404524611979766e-03,3.222773494568440672e-02,2.006277754473261704e-02,2.985549592813851669e-02,2.022189113737288962e-02,2.791720307233882398e-02,9.358772221659698853e-03,7.463873982034629172e-03,1.864522008302836598e-02,3.889604096451766690e-02,3.154788595894869596e-02,1.378502307147093202e-02,5.583440614467764795e-02,8.072845095685128591e-02,8.953755804029912835e-02,2.291235734019932482e-02,9.260411091663894867e-02,5.308608045361838668e-02,6.973514819261424080e-02,4.547755775100169318e-02,1.184817670287706265e-01,4.391535156871537171e-02,3.433960626618257767e-02,3.001460952077878927e-02,2.340416299017835169e-02,3.300883803682756745e-02,3.449871985882285025e-02,7.808137937019947461e-02,4.006769560123240453e-02,1.152850303039069657e-01,1.205936383492687974e-01,2.615248868123761297e-02,8.976899599323044654e-02,2.160617939334326665e-01,1.127536776937207996e-01,1.605890095902101633e-01,1.076041832409992266e-01,2.208785963288154713e-02,7.471106418063731824e-02
1.335107690972473296e-02,2.320165478136345868e-02,2.262305989903519443e-02,9.387701965776111893e-03,4.876108370821460175e-02,6.802829328974585588e-02,6.698682250155497953e-02,1.824020366539857996e-02,7.566574573647896762e-02,4.202045332909030290e-02,4.824034831411916358e-02,3.963374943948620721e-02,9.878061128549317504e-02,2.461921224306770975e-02,2.719395946942849279e-02,2.163944859907714069e-02,1.591135926402731035e-02,3.694328323665976854e-02,0.000000000000000000e+00,5.940722954305469039e-02,3.441193062647360940e-02,1.023968293000448448e-01,9.853470846050366161e-02,2.920457668551921723e-02,7.557895650412972677e-02,1.672283858649270261e-01,9.555494481651309602e-02,1.377345117382436646e-01,9.337074913572389334e-02,2.025082088148930440e-02,5.809092618575788930e-02,2.521227199745418313e-02,1.740124108602259315e-02,2.412740659308868288e-02,1.845717674627167862e-02,2.897313873258790945e-02,1.395860153616941199e-02,7.767636295256968686e-03,2.709270536502104629e-02,1.703961928456742755e-02,2.550156943861831699e-02,1.708301390074204798e-02,2.370792530340069121e-02,7.854425527606208671e-03,6.306684217378097194e-03,1.566545643903779692e-02,3.292204880447832660e-02,2.661536458710022854e-02,1.160082739068172934e-02,4.721334239798648941e-02,6.799936354562943763e-02,7.559342137618792201e-02,1.929613932564766543e-02,7.816816860254871546e-02,4.495682235690625500e-02,5.877077517249360006e-02,3.840423531453864003e-02,9.989440643397509700e-02,3.742062401458059323e-02,2.845240333849247127e-02,2.508208814893032185e-02,1.978794497562669230e-02,2.774362460764034574e-02,2.908885770905356508e-02,6.595981658542229842e-02,3.351510855886479651e-02,9.688571304586811317e-02,1.006610446530600417e-01,2.208785963288154713e-02,7.527519419090737685e-02,1.816353984349008410e-01,9.530904199152358258e-02,1.353767375927559802e-01,9.066581806083924555e-02,1.865968495508657163e-02,6.318256115024663278e-02
2.581979662389886215e-02,4.437822747457798728e-02,4.365498387166765609e-02,1.769053852718672701e-02,9.296573271809410732e-02,1.300247349312195211e-01,1.278550041224885414e-01,3.477355242792877499e-02,1.450971316158708446e-01,7.978823427306785954e-02,9.228588373135838963e-02,7.524626444679097248e-02,1.888533695919459576e-01,4.680832598035670339e-02,5.256534505952294850e-02,4.139846383058742169e-02,3.050641517075781614e-02,7.071875949257229454e-02,5.940722954305469039e-02,0.000000000000000000e+00,6.588749222513126669e-02,1.961870597254567195e-01,1.891860616492847258e-01,5.623942256230743397e-02,1.443015636526694956e-01,3.208308622510233632e-01,1.835302966745259168e-01,2.633185309475937763e-01,1.797260353232175700e-01,3.872246249981919214e-02,1.109744984305613830e-01,4.857304037145791786e-02,3.274847033977984490e-02,4.575239032010761792e-02,3.533768243819883359e-02,5.479293535648677160e-02,2.626820765770326860e-02,1.479756411554539880e-02,5.197228530513647859e-02,3.228559443391722933e-02,4.822588344206095445e-02,3.254596213096495189e-02,4.500021697308087543e-02,1.507239668465132354e-02,1.206370329654434144e-02,3.057873953104884787e-02,6.277754473261684676e-02,5.097420913312021573e-02,2.217464886523078799e-02,8.950862829618272398e-02,1.299668754429867124e-01,1.443304933967859138e-01,3.729044016605673195e-02,1.494510581053910547e-01,8.535721001547741382e-02,1.121461530672761137e-01,7.374191775273747362e-02,1.906759434712800017e-01,7.077661898080511715e-02,5.551617895939710279e-02,4.822588344206095445e-02,3.766652683957010667e-02,5.315840481390941841e-02,5.560296819174634364e-02,1.264085169166678790e-01,6.512085400604632202e-02,1.860761141567702781e-01,1.954782809946045974e-01,4.281602129229167275e-02,1.443594231409023321e-01,3.497895361115531121e-01,1.828504476877902130e-01,2.586174475286766028e-01,1.732457726411409937e-01,3.565590962347937876e-02,1.211288386154224517e-01
1.582457003167806950e-02,2.567514790331679522e-02,2.554496405479293394e-02,1.040024300985057867e-02,5.519795177411655762e-02,7.546323752766406767e-02,7.640345421144749405e-02,2.121996730938914902e-02,8.434466897140294184e-02,4.686618546858953294e-02,5.372253482417947701e-02,4.557881185540913621e-02,1.109600335585031738e-01,2.790273820028061832e-02,3.175039416776358897e-02,2.396829300044841030e-02,1.757481955072107485e-02,4.057396612326964053e-02,3.441193062647360940e-02,6.588749222513126669e-02,0.000000000000000000e+00,1.125511694849058997e-01,1.122763369157999819e-01,3.376101138385430994e-02,8.352017126408517456e-02,1.899671647404278796e-01,1.063457393719352551e-01,1.534433627934560784e-01,1.034383000882357212e-01,2.224697322552181972e-02,6.546801093544327155e-02,2.908885770905356508e-02,1.923827983741483935e-02,2.739646767824338580e-02,2.095959961234142993e-02,3.221327007362619760e-02,1.554973746257214302e-02,8.606598874632954629e-03,3.130198313395918253e-02,1.887665803595967029e-02,2.882849001200584252e-02,1.931060419770587108e-02,2.648518073857636726e-02,8.953755804029912835e-03,7.000998076172016207e-03,1.863075521097016032e-02,3.681309938813591420e-02,2.933476053404307504e-02,1.322089306120087342e-02,5.406969175357644042e-02,7.552109701589689028e-02,8.487986923755659607e-02,2.246394630639491838e-02,8.697727568599655790e-02,5.010631680962782109e-02,6.574284350454920323e-02,4.469645465985853244e-02,1.110178930467359965e-01,4.225189128202160721e-02,3.335599496622452392e-02,2.788827332822241267e-02,2.185642167995023935e-02,3.056427465899064222e-02,3.253149725890674276e-02,7.232436029103322950e-02,4.011109021740702496e-02,1.071268424630784089e-01,1.140121215627847712e-01,2.577640200772424173e-02,8.415662563464626489e-02,2.077010978837892097e-01,1.053476631999189922e-01,1.502610909406506268e-01,9.914223308694834758e-02,2.071369678735191650e-02,7.086340821315435801e-02
