0.000000000000000000e+00,2.016946177535942908e-02,1.517496688953070931e-02,7.372065933715234165e-03,2.728621806634859426e-02,4.017935502401506070e-02,3.917407330578116798e-02,6.047647162073752601e-03,3.899854792640699425e-02,2.588201503135521483e-02,2.944039317684979742e-02,2.082369273484497782e-02,5.859356300563276637e-02,1.407394405527453811e-02,1.547814709026791580e-02,1.196763950278447071e-02,1.027621311972426628e-02,1.879717244570680915e-02,1.887695670905870440e-02,3.776987027078779202e-02,1.412181461328567561e-02,5.792337519347683789e-02,5.881695894301807587e-02,1.997797954331487560e-02,4.488662656177695720e-02,9.628364901306865620e-02,5.902439802773300909e-02,7.408766694857106538e-02,5.672661124319838821e-02,1.370693644385581438e-02,3.958895147521102748e-02,1.265378416761078068e-02,8.760312116038232108e-03,1.811102778088049745e-02,1.096235778455057451e-02,1.622811916577574301e-02,6.350827362810959088e-03,6.047647162073752601e-03,1.183998468142143622e-02,1.008473088767971454e-02,1.565367246964208953e-02,1.260591360959964317e-02,1.450477907737477909e-02,4.515789305717340420e-03,2.952017744020169615e-03,8.201822272574956635e-03,2.042477141808549806e-02,2.573840335732180060e-02,8.664571000015957106e-03,2.313743637204997844e-02,3.893472051572547526e-02,4.238140069252740311e-02,8.776268968708611853e-03,5.351928385645215308e-02,3.095629418053583159e-02,4.195056567042716733e-02,3.339769263910385977e-02,5.859356300563276637e-02,2.157366481035280503e-02,1.827059630758429143e-02,1.483987298345274333e-02,1.029216997239464429e-02,1.592493896503853479e-02,2.361614195216135692e-02,2.996696931497231514e-02,1.707383235730584523e-02,5.115766966123602016e-02,6.524757056918092935e-02,1.463243389873781358e-02,4.523767732052529772e-02,1.172509534219470517e-01,5.637556048445004769e-02,7.335365172573361792e-02,5.112575595589526067e-02,1.239847452488471169e-02,4.158355805900844360e-02
2.016946177535942908e-02,0.000000000000000000e+00,2.746174344572276452e-02,1.340375624311860789e-02,4.887583972937177557e-02,7.305047152499641316e-02,7.072077103512103280e-02,1.072300499449488527e-02,7.097608067784709485e-02,4.678549202955208791e-02,5.291292345497774358e-02,3.746669007005058033e-02,1.056184078252405539e-01,2.546713686192535533e-02,2.727026121367821451e-02,2.155770795768242529e-02,1.862164706633263542e-02,3.403596674591903570e-02,3.365300228182992875e-02,6.878999186200514260e-02,2.457355311238411388e-02,1.046929103703585495e-01,1.050918316871180397e-01,3.566356571829772115e-02,8.051827857473392580e-02,1.725254910721409352e-01,1.072460067976192394e-01,1.341173466945379811e-01,1.038950677368395831e-01,2.457355311238411388e-02,7.129521773125468975e-02,2.308956581403883920e-02,1.605259378640156928e-02,3.253602259490338128e-02,1.975458360592956611e-02,2.953613429287207243e-02,1.139319280665081549e-02,1.101022834256171375e-02,2.141409628364901452e-02,1.814294148622125694e-02,2.810001755253793698e-02,2.257894652858670123e-02,2.647241858015924806e-02,8.441175062630645876e-03,5.074279149180615893e-03,1.415372831862643337e-02,3.743477636470982778e-02,4.571638290063667620e-02,1.552601764827905330e-02,4.134420526895275089e-02,7.064098677176913754e-02,7.616205779572036982e-02,1.557388820629019080e-02,9.676235459318004162e-02,5.580111378831639074e-02,7.459828623402320336e-02,5.972649954522969706e-02,1.051397022451291685e-01,3.906237533708851323e-02,3.242432462621072653e-02,2.637667746413697306e-02,1.843016483428808541e-02,2.824362922657135122e-02,4.271649459860537429e-02,5.460434983803794801e-02,2.974357337758700565e-02,9.259761604621104258e-02,1.171552123059247802e-01,2.557883483061801008e-02,8.171504252501236854e-02,2.092581659193540611e-01,1.011504890775343501e-01,1.331439786816448201e-01,9.314014903700394699e-02,2.219598206449759775e-02,7.450254511800093182e-02
1.517496688953070931e-02,2.746174344572276452e-02,0.000000000000000000e+00,1.008473088767971454e-02,3.663693373119086133e-02,5.572132952496449548e-02,5.289696660230736036e-02,8.185865419904578624e-03,5.374267979383746258e-02,3.496146420080103318e-02,3.957299462254065120e-02,2.814788811054907622e-02,7.960873797252229767e-02,1.897269782508097941e-02,2.103113181955991104e-02,1.635577398713877750e-02,1.412181461328567561e-02,2.607349726339976831e-02,2.573840335732180060e-02,5.197146914742536289e-02,1.849399224496960092e-02,7.938534203513698817e-02,8.027892578467822615e-02,2.704686527629290502e-02,6.057221273675979928e-02,1.301121766742727726e-01,8.072571765944884514e-02,1.010387911088416885e-01,7.849175828559575019e-02,1.838229427627694618e-02,5.364693867781519104e-02,1.731318514736153447e-02,1.206338061880674571e-02,2.476503534442866389e-02,1.493561409947502007e-02,2.230768003319025250e-02,8.632657294675197615e-03,8.249692830586095871e-03,1.605259378640156928e-02,1.357928162249277988e-02,2.143005313631939079e-02,1.718553032599849997e-02,1.993010898530373984e-02,6.286999952129441842e-03,3.861558346231789077e-03,1.054747961512071328e-02,2.803619014185642147e-02,3.483380937943800215e-02,1.180807097608067846e-02,3.087650991718393634e-02,5.364693867781519104e-02,5.706170514927635939e-02,1.188785523943257372e-02,7.279516188227033724e-02,4.140803267963426987e-02,5.610429398905360243e-02,4.493449711978809297e-02,7.913003239241092612e-02,2.929678150281638319e-02,2.503630183982511262e-02,1.977054045859994585e-02,1.362715218050391738e-02,2.120665719893408130e-02,3.202540330945124331e-02,4.166334232236033885e-02,2.230768003319025250e-02,7.019419489699851855e-02,8.891158307935342897e-02,1.961097193189615187e-02,6.089134979016738725e-02,1.575420064146547672e-01,7.638545373310567932e-02,9.990585456924476471e-02,7.052928880307647586e-02,1.667491104054636200e-02,5.583302749365715023e-02
7.372065933715234165e-03,1.340375624311860789e-02,1.008473088767971454e-02,0.000000000000000000e+00,1.825463945491391168e-02,2.682346933890759552e-02,2.631285005345545755e-02,3.925385756913306323e-03,2.592988558936635407e-02,1.713765976798736074e-02,1.959501507922577213e-02,1.412181461328567561e-02,3.925385756913306323e-02,9.574111602227576567e-03,9.925162360975920556e-03,7.994383187860026885e-03,6.877403500933475938e-03,1.262187046227002118e-02,1.244634508289584919e-02,2.492460387113245787e-02,8.951794348082783848e-03,3.810496417686575626e-02,3.863154031498827051e-02,1.302079177902950441e-02,2.977548708292776167e-02,6.317317972203162491e-02,3.896663422106623476e-02,4.919497678277936353e-02,3.775391341811740881e-02,8.728398410697474352e-03,2.612136782141090408e-02,8.728398410697474352e-03,6.079560867414511224e-03,1.227081970352167720e-02,7.467807049737510035e-03,1.104214204790247150e-02,4.228565957650512810e-03,4.132824841628236941e-03,8.026296893200784641e-03,6.829532942922337570e-03,1.059535017313185078e-02,8.520959325982542867e-03,9.877291802964783055e-03,3.207327386746238167e-03,1.930779173115894538e-03,5.281718233895546510e-03,1.369097959118543463e-02,1.680256586190939649e-02,5.808294372018063360e-03,1.527070800555298431e-02,2.592988558936635407e-02,2.853085257463817970e-02,5.840208077358821984e-03,3.561569516028658539e-02,2.071199476615232307e-02,2.757344141441541926e-02,2.249916226523480597e-02,3.931768497981458221e-02,1.450477907737477909e-02,1.199955320812523020e-02,9.606025307568336058e-03,6.781662384911200069e-03,1.043578164642805853e-02,1.576537043833474427e-02,2.007372065933715061e-02,1.112192631125436849e-02,3.366895913450031197e-02,4.333881185275016701e-02,9.510284191546059321e-03,2.987122819895004014e-02,7.683224560787629831e-02,3.706776875329110404e-02,4.933858845681277777e-02,3.368491598717068825e-02,8.106081156552681632e-03,2.735004547703010977e-02
2.728621806634859426e-02,4.887583972937177557e-02,3.663693373119086133e-02,1.825463945491391168e-02,0.000000000000000000e+00,9.851760838692176503e-02,9.609216678102411313e-02,1.448882222470439934e-02,9.460817948267884192e-02,6.277425840527214862e-02,7.143882940528810399e-02,5.125341077725829170e-02,1.440584659081842744e-01,3.425936268330434520e-02,3.630183982511289709e-02,2.913721297611259267e-02,2.510012925050663160e-02,4.608339051205539993e-02,4.530150473120681670e-02,9.060300946241363340e-02,3.333386522842234773e-02,1.387288771162775991e-01,1.409628364901306941e-01,4.774290318977485181e-02,1.088257352119867821e-01,2.315020185418628085e-01,1.424149100831351988e-01,1.803283920279564190e-01,1.382661283888365900e-01,3.237645406819959076e-02,9.543793582153856092e-02,3.162648199269176008e-02,2.179706074773811453e-02,4.413665448626912652e-02,2.704686527629290502e-02,4.009957076066316545e-02,1.565367246964208953e-02,1.483987298345274333e-02,2.950422058753131641e-02,2.471716478641752812e-02,3.826453270356954678e-02,3.102012159121734711e-02,3.577526368699037590e-02,1.156871818602498922e-02,6.877403500933475938e-03,1.935566228917008288e-02,4.965772551022036574e-02,6.152962389698255624e-02,2.103113181955991104e-02,5.632768992643891193e-02,9.495923024142717550e-02,1.047088672230289258e-01,2.128644146228598003e-02,1.306547096650656492e-01,7.563548165759785558e-02,1.019802454163940691e-01,8.238523033716829702e-02,1.429574430739281032e-01,5.289696660230736036e-02,4.375369002218002651e-02,3.534442866489014012e-02,2.500438813448435313e-02,3.834431696692144204e-02,5.758828128739887364e-02,7.289090299829262265e-02,4.076975857281909393e-02,1.227879812985686742e-01,1.583398490481737475e-01,3.481785252676761894e-02,1.096076209928353723e-01,2.820214140962836735e-01,1.350109304440792191e-01,1.796741610684708668e-01,1.231230752046466315e-01,2.974357337758700565e-02,1.001452073593004505e-01
4.017935502401506070e-02,7.305047152499641316e-02,5.572132952496449548e-02,2.682346933890759552e-02,9.851760838692176503e-02,0.000000000000000000e+00,1.421596004404091229e-01,2.166940592637508350e-02,1.427500039892131700e-01,9.294866680495939004e-02,1.054109687405256207e-01,7.518868978282723659e-02,2.124814501587706794e-01,5.110979910322487746e-02,5.527453765019387649e-02,4.354625093746509329e-02,3.746669007005058033e-02,6.933252485279803312e-02,6.788045125979351446e-02,1.371172349965692761e-01,4.878009861334950403e-02,2.103432319009398699e-01,2.122261405160446035e-01,7.127926087858431348e-02,1.625045875951427465e-01,3.470296318754089171e-01,2.145398841532496215e-01,2.686974421165169158e-01,2.086039349598685089e-01,4.874818490800874454e-02,1.424308669358055890e-01,4.696101740892626164e-02,3.215305813081428127e-02,6.534331168520321476e-02,3.998787279197051070e-02,5.964671528187780181e-02,2.297786784534618446e-02,2.198854297978266800e-02,4.324307073672788854e-02,3.642949464647592811e-02,5.688617976990218567e-02,4.566851234262554043e-02,5.296079401298887934e-02,1.705787550463546548e-02,1.030812682506502403e-02,2.854680942730855597e-02,7.448658826533054167e-02,9.226252214013308528e-02,3.153074087666948855e-02,8.264053997989435907e-02,1.428617019579058178e-01,1.537602323317748820e-01,3.159456828735100059e-02,1.951523081587387687e-01,1.107565143851026862e-01,1.496752780481577783e-01,1.200912731972745701e-01,2.117953054939443747e-01,7.847580143292537391e-02,6.604541320269989579e-02,5.299270771832963883e-02,3.670076114187238031e-02,5.674256809586877143e-02,8.560851457658491537e-02,1.096235778455057486e-01,5.943927619716286859e-02,1.853388437664555133e-01,2.365443839857026553e-01,5.195551229475497967e-02,1.626481992691761469e-01,4.200960602530756649e-01,2.024924603871132434e-01,2.671496274074901534e-01,1.870781407075268465e-01,4.405687022291723126e-02,1.489412628253203308e-01
3.917407330578116798e-02,7.072077103512103280e-02,5.289696660230736036e-02,2.631285005345545755e-02,9.609216678102411313e-02,1.421596004404091229e-01,0.000000000000000000e+00,2.107900237757104681e-02,1.375321131659991425e-01,9.125724042189918561e-02,1.040227225582026210e-01,7.388022786385613216e-02,2.069922928401602136e-01,4.962581180487960625e-02,5.243421787486635816e-02,4.206226363911982208e-02,3.636566723579440913e-02,6.660390304616317647e-02,6.526352742185131950e-02,1.312610700665400865e-01,4.795034227448977809e-02,2.012159121734828915e-01,2.038328360114251003e-01,6.930061114745728057e-02,1.580366688474365289e-01,3.354289999840431302e-01,2.067369831974341376e-01,2.603679650225789732e-01,2.003063715712712911e-01,4.662592350284829740e-02,1.377555091033844381e-01,4.641848441813336418e-02,3.161052514002138381e-02,6.338061880674655812e-02,3.925385756913306323e-02,5.801911630949911636e-02,2.259490338125708098e-02,2.154175110501204901e-02,4.332285500007978379e-02,3.571143627630886386e-02,5.495540059678628853e-02,4.469514432973240026e-02,5.130128133526943440e-02,1.686639327259091548e-02,9.893248655635162800e-03,2.784470790981186800e-02,7.220475833346630401e-02,8.891158307935342897e-02,3.052545915843558888e-02,8.160334455631970685e-02,1.374363720499768571e-01,1.517815826006478352e-01,3.060524342178748761e-02,1.896152802821171601e-01,1.090650880020424818e-01,1.474891892323158260e-01,1.190540777736999178e-01,2.068965517241379282e-01,7.636949688043530304e-02,6.299765434265745812e-02,5.117362651390639644e-02,3.607844388772758759e-02,5.533836506087539547e-02,8.342242576074294924e-02,1.052354433611514400e-01,5.865739041631428535e-02,1.775199859579696393e-01,2.283425617131276952e-01,5.026408591169477524e-02,1.589621663023185194e-01,4.077933268442132664e-01,1.949767827793645880e-01,2.601126553798528973e-01,1.788284478769407437e-01,4.265266718792385531e-02,1.442020775822176748e-01
6.047647162073752601e-03,1.072300499449488527e-02,8.185865419904578624e-03,3.925385756913306323e-03,1.448882222470439934e-02,2.166940592637508350e-02,2.107900237757104681e-02,0.000000000000000000e+00,2.117474349359332528e-02,1.381863441254846912e-02,1.589302525969777877e-02,1.115384001659512625e-02,3.137117234996569110e-02,7.627375576441303151e-03,8.106081156552681632e-03,6.366784215481338834e-03,5.584898434632752998e-03,1.011664459302047230e-02,1.014855829836123179e-02,2.031307344939284332e-02,7.435893344396751412e-03,3.094033732786545185e-02,3.138712920263607431e-02,1.061130702580223052e-02,2.401506326892083668e-02,5.101405798720260593e-02,3.169030940337327906e-02,3.950916721185913222e-02,3.042971804241331388e-02,7.068885732978027678e-03,2.103113181955991104e-02,6.829532942922337570e-03,4.803012653784168029e-03,9.653895865579473559e-03,5.792337519347683615e-03,8.887966937401266601e-03,3.382852766120410595e-03,3.271154797427755414e-03,6.462525331503613836e-03,5.457243613269718505e-03,8.457131915301025621e-03,6.813576090251958692e-03,7.866728366496992392e-03,2.553096427260687258e-03,1.563771561697170805e-03,4.244522810320892556e-03,1.104214204790247150e-02,1.367502273851505488e-02,4.691314685091512414e-03,1.241443137755509143e-02,2.104708867223029078e-02,2.291404043466466547e-02,4.691314685091512414e-03,2.875424851202348919e-02,1.669086789321674175e-02,2.243533485455328699e-02,1.804720037019898193e-02,3.140308605530645059e-02,1.169637300738802198e-02,9.590068454897956313e-03,7.739073545133957899e-03,5.473200465940098250e-03,8.409261357289888120e-03,1.265378416761078068e-02,1.618024860776460377e-02,8.919880642742026092e-03,2.719047695032631926e-02,3.465828400006382842e-02,7.611418723770923406e-03,2.406293382693197591e-02,6.212002744578659641e-02,3.028610636837989964e-02,3.936555553782571798e-02,2.762131197242655850e-02,6.494439036844372459e-03,2.205237039046418351e-02
3.899854792640699425e-02,7.097608067784709485e-02,5.374267979383746258e-02,2.592988558936635407e-02,9.460817948267884192e-02,1.427500039892131700e-01,1.375321131659991425e-01,2.117474349359332528e-02,0.000000000000000000e+00,9.053918205173211442e-02,1.024270372911646881e-01,7.258772279755540402e-02,2.056997877738594716e-01,4.933858845681277777e-02,5.329588791906684359e-02,4.225374587116437208e-02,3.631779667778327336e-02,6.713047918428569072e-02,6.585393097065535273e-02,1.338141664938007624e-01,4.758333466307105436e-02,2.053008664570999953e-01,2.050934273723850620e-01,6.942826596882030465e-02,1.575898769726659099e-01,3.372480811884663865e-01,2.091464679506614133e-01,2.604956198439419834e-01,2.027796837351800718e-01,4.731206816767460910e-02,1.385373948842330283e-01,4.506215194115112399e-02,3.074885509582090184e-02,6.309339545867972965e-02,3.850388549362523949e-02,5.769997925609152839e-02,2.214811150648646199e-02,2.122261405160446104e-02,4.169525602770109834e-02,3.539229922290127589e-02,5.484370262809363378e-02,4.405687022291723126e-02,5.087044631316919169e-02,1.635577398713877750e-02,9.973032918987059792e-03,2.758939826708579901e-02,7.241219741818123723e-02,8.982112368156504323e-02,3.034993377906141862e-02,8.058210598541543090e-02,1.381703872728143045e-01,1.487657374459461501e-01,3.027014951570951989e-02,1.897269782508098079e-01,1.077247123777306109e-01,1.452871435638034836e-01,1.166126793151318897e-01,2.052370390464184902e-01,7.544399942555329863e-02,6.371571271282452931e-02,5.120554021924715593e-02,3.551995404426430691e-02,5.477987521741211480e-02,8.335859835006143026e-02,1.064322073114298967e-01,5.741275590802469991e-02,1.799294707111969149e-01,2.286616987665352763e-01,5.026408591169477524e-02,1.581164531107884241e-01,4.080805501922800671e-01,1.967799071311174541e-01,2.591233305142893739e-01,1.817006813576090285e-01,4.292393368332030057e-02,1.444095166669326080e-01
2.588201503135521483e-02,4.678549202955208791e-02,3.496146420080103318e-02,1.713765976798736074e-02,6.277425840527214862e-02,9.294866680495939004e-02,9.125724042189918561e-02,1.381863441254846912e-02,9.053918205173211442e-02,0.000000000000000000e+00,6.877403500933475244e-02,4.780673060045636386e-02,1.353141106448164099e-01,3.315833984904817400e-02,3.443488806267851893e-02,2.747770029839314426e-02,2.403102012159121642e-02,4.314732962070561006e-02,4.337072555809091956e-02,8.753929374970080557e-02,3.151478402399910533e-02,1.338141664938007624e-01,1.342928720739121340e-01,4.525363417319568093e-02,1.035918875361023783e-01,2.191673714276596019e-01,1.361757806890168954e-01,1.707064098677176789e-01,1.316440345306291726e-01,3.084459621184317685e-02,9.033174296701718120e-02,2.926486779747562716e-02,2.055242623944853256e-02,4.123250730026009614e-02,2.502034498715473287e-02,3.875919513635130847e-02,1.461647704606743384e-02,1.416968517129681311e-02,2.749365715106352401e-02,2.355231454147983794e-02,3.591887536102379014e-02,2.915316982878297242e-02,3.427531953597472147e-02,1.101022834256171375e-02,6.638050710877786698e-03,1.825463945491391168e-02,4.761524836841181385e-02,5.860951985830314959e-02,2.008967751200753035e-02,5.412564425792656952e-02,9.009239017696149543e-02,9.827825559686607926e-02,2.016946177535942908e-02,1.239209178381655979e-01,7.247602482886275621e-02,9.642726068710207044e-02,7.699181413458008882e-02,1.350428441494199716e-01,5.099810113453222271e-02,4.104102506821554613e-02,3.328599467041120502e-02,2.360018509949097718e-02,3.626992611977213760e-02,5.509901227081970276e-02,6.966761875887600430e-02,3.877515198902168475e-02,1.169318163685394707e-01,1.489572196779907209e-01,3.258389315291451704e-02,1.045173849909843827e-01,2.661443456892562676e-01,1.296334710941614010e-01,1.712648997111809734e-01,1.185913290462589226e-01,2.848298201662704046e-02,9.468796374603073718e-02
2.944039317684979742e-02,5.291292345497774358e-02,3.957299462254065120e-02,1.959501507922577213e-02,7.143882940528810399e-02,1.054109687405256207e-01,1.040227225582026210e-01,1.589302525969777877e-02,1.024270372911646881e-01,6.877403500933475244e-02,0.000000000000000000e+00,5.517879653417159802e-02,1.543506358805789014e-01,3.709968245863185660e-02,3.906237533708851323e-02,3.129138808661379584e-02,2.744578659305238477e-02,4.954602754152771099e-02,4.919497678277936353e-02,9.869313376629593182e-02,3.622205556176099489e-02,1.511752221991734257e-01,1.527070800555298535e-01,5.171615950469929390e-02,1.177137021493880609e-01,2.494694346487098813e-01,1.541431967958639959e-01,1.946416888732866446e-01,1.491965724680464067e-01,3.480189567409724266e-02,1.027142606392315166e-01,3.395618248256714045e-02,2.339274601477604396e-02,4.710462908295967588e-02,2.884998962804576420e-02,4.357816464280585278e-02,1.664299733520560251e-02,1.606855063907194903e-02,3.137117234996569110e-02,2.634476375879621357e-02,4.068997430946719868e-02,3.304664188035551925e-02,3.856771290430675153e-02,1.241443137755509143e-02,7.451850197067130289e-03,2.068008106081156705e-02,5.393416202588201258e-02,6.650816193014090494e-02,2.278638561330163098e-02,6.111474572755269674e-02,1.027142606392315166e-01,1.120330625987330242e-01,2.281829931864239047e-02,1.414096283649013130e-01,8.168312881967160211e-02,1.096554915508465150e-01,8.832117953054939574e-02,1.534091815730265485e-01,5.733297164467280466e-02,4.686527629290399011e-02,3.792943879749158254e-02,2.690325360225949078e-02,4.105698192088592241e-02,6.234342338317190590e-02,7.911407553974053597e-02,4.380156058019116228e-02,1.331280218289744577e-01,1.694936890647688599e-01,3.714755301664299930e-02,1.182721919928513277e-01,3.036110357593068132e-01,1.465317780720930552e-01,1.936683208603934836e-01,1.345003111586270672e-01,3.226475609950693602e-02,1.075332301456860679e-01
2.082369273484497782e-02,3.746669007005058033e-02,2.814788811054907622e-02,1.412181461328567561e-02,5.125341077725829170e-02,7.518868978282723659e-02,7.388022786385613216e-02,1.115384001659512625e-02,7.258772279755540402e-02,4.780673060045636386e-02,5.517879653417159802e-02,0.000000000000000000e+00,1.098310169302206818e-01,2.664794395953342179e-02,2.766918253043769774e-02,2.211619780114570250e-02,1.932374858382932686e-02,3.515294643284558318e-02,3.456254288404154995e-02,6.944422282149069481e-02,2.541926630391421610e-02,1.065758189854633109e-01,1.082034179578419963e-01,3.671671799454275659e-02,8.321498667602801602e-02,1.775997702213215346e-01,1.088736057699979248e-01,1.375161563133287523e-01,1.055067098565478922e-01,2.414271809028387117e-02,7.311429893567793215e-02,2.419058864829501040e-02,1.699404809395394997e-02,3.419553527262282622e-02,2.071199476615232307e-02,3.116373326525076135e-02,1.199955320812523020e-02,1.163254559670650647e-02,2.259490338125708098e-02,1.948331711053311738e-02,2.988718505162041988e-02,2.406293382693197591e-02,2.744578659305238477e-02,9.031578611434680839e-03,5.441286760599339627e-03,1.477604557277122609e-02,3.823261899822878729e-02,4.702484481960778062e-02,1.624407601844612276e-02,4.332285500007978379e-02,7.252389538687389892e-02,7.997574558394102140e-02,1.629194657645725852e-02,1.000175525379374125e-01,5.827442595222518534e-02,7.798113900014361222e-02,6.405080661890248661e-02,1.094161387607908154e-01,4.084954283617099613e-02,3.350939060779652146e-02,2.667985766487418128e-02,1.905248208843287813e-02,2.916912668145334869e-02,4.423239560229140499e-02,5.604046657837208345e-02,3.127543123394341956e-02,9.368268202779683751e-02,1.211125117681788460e-01,2.663198710686304205e-02,8.334264149739105398e-02,2.164227927683543828e-01,1.030653113979798641e-01,1.381863441254846947e-01,9.448052466131580396e-02,2.277042876063125471e-02,7.708755525060237423e-02
5.859356300563276637e-02,1.056184078252405539e-01,7.960873797252229767e-02,3.925385756913306323e-02,1.440425090555138843e-01,2.124814501587706794e-01,2.069922928401602136e-01,3.137117234996569110e-02,2.056997877738594716e-01,1.353141106448164099e-01,1.543506358805789014e-01,1.098310169302206818e-01,0.000000000000000000e+00,7.419936491726371319e-02,7.876302478099220239e-02,6.302956804799821067e-02,5.423734222661922427e-02,9.993776827458551726e-02,9.775167945874355113e-02,1.969554325104916348e-01,7.158244107932151823e-02,3.027174520097655752e-01,3.048875839729371928e-01,1.033844484513874451e-01,2.356029296781502747e-01,5.015877068407027517e-01,3.093555027206433827e-01,3.892514640412325089e-01,3.002281829931864321e-01,7.089629641449519959e-02,2.066412420814118522e-01,6.861446648263096193e-02,4.653018238682602586e-02,9.444861095597503753e-02,5.825846909955480213e-02,8.658188258947804861e-02,3.347747690245576196e-02,3.188179163541782907e-02,6.377954012350603441e-02,5.312036253969266986e-02,8.203417957841994956e-02,6.647624822480013851e-02,7.651310855446871728e-02,2.474907849175828414e-02,1.490370039413426058e-02,4.182291084906412937e-02,1.077087555250602346e-01,1.333354609136893909e-01,4.549298696325136671e-02,1.210486843574973270e-01,2.057317014792002519e-01,2.253426734110964003e-01,4.562064178461440467e-02,2.832500917519028549e-01,1.622492779524166706e-01,2.187365364055593731e-01,1.768976687038248674e-01,3.087331854664985831e-01,1.134851361917375429e-01,9.433691298728238972e-02,7.676841819719477933e-02,5.371076608849670309e-02,8.257671256921285396e-02,1.240166589541878694e-01,1.578292297627215957e-01,8.723611354896360082e-02,2.667347492380602869e-01,3.410617689766870519e-01,7.533230145686065082e-02,2.364645997223507601e-01,6.097432542405335498e-01,2.918987058992484340e-01,3.883738371443616333e-01,2.684580893264612578e-01,6.417846144026552457e-02,2.160238714515948788e-01
1.407394405527453811e-02,2.546713686192535533e-02,1.897269782508097941e-02,9.574111602227576567e-03,3.425936268330434520e-02,5.110979910322487746e-02,4.962581180487960625e-02,7.627375576441303151e-03,4.933858845681277777e-02,3.315833984904817400e-02,3.709968245863185660e-02,2.664794395953342179e-02,7.419936491726371319e-02,0.000000000000000000e+00,1.865356077167339491e-02,1.523879430021222656e-02,1.326014456908519365e-02,2.382358103687628667e-02,2.356827139415021768e-02,4.742376613636726385e-02,1.720148717866887972e-02,7.225262889147744672e-02,7.321004005170020368e-02,2.474907849175828414e-02,5.672661124319838821e-02,1.197242655858558463e-01,7.411958065391181794e-02,9.353907035376342327e-02,7.139095884727696129e-02,1.675469530389826073e-02,4.962581180487960625e-02,1.624407601844612276e-02,1.137723595398043748e-02,2.281829931864239047e-02,1.394628923391150362e-02,2.069603791348194333e-02,8.201822272574956635e-03,7.834814661156232901e-03,1.511113947884919206e-02,1.276548213630343542e-02,1.988223842729260060e-02,1.606855063907194903e-02,1.879717244570680915e-02,6.063604014744131479e-03,3.606248703505720524e-03,9.845378097624025299e-03,2.583414447334407907e-02,3.180200737206593381e-02,1.093044407920981675e-02,2.904147186009031420e-02,4.917901993010898726e-02,5.387033461520050054e-02,1.104214204790247150e-02,6.776875329110086665e-02,3.952512406452951543e-02,5.275335492827394612e-02,4.258883977724233633e-02,7.405575324323029895e-02,2.754152770907466324e-02,2.246724855989404648e-02,1.838229427627694618e-02,1.303674863169988415e-02,1.989819527996298035e-02,2.998292616764269489e-02,3.804113676618423728e-02,2.109495923024142655e-02,6.368379900748376288e-02,8.173099937768274481e-02,1.790358869616556770e-02,5.701383459126521669e-02,1.455424532065295318e-01,7.040163398171345177e-02,9.321993330035584224e-02,6.401889291356173406e-02,1.533453541623450156e-02,5.205125341077725815e-02
1.547814709026791580e-02,2.727026121367821451e-02,2.103113181955991104e-02,9.925162360975920556e-03,3.630183982511289709e-02,5.527453765019387649e-02,5.243421787486635816e-02,8.106081156552681632e-03,5.329588791906684359e-02,3.443488806267851893e-02,3.906237533708851323e-02,2.766918253043769774e-02,7.876302478099220239e-02,1.865356077167339491e-02,0.000000000000000000e+00,1.611642119708308826e-02,1.373885014919657213e-02,2.573840335732180060e-02,2.565861909396990534e-02,5.155659097799550339e-02,1.852590595031036041e-02,7.852367199093650274e-02,8.016722781598557834e-02,2.711069268697442053e-02,6.017329142000031605e-02,1.304313137276803536e-01,8.067784710143771632e-02,9.995372512725589353e-02,7.804496641082513120e-02,1.835038057093619016e-02,5.345545644577063410e-02,1.716957347332812023e-02,1.190381209210295346e-02,2.473312163908790787e-02,1.485582983612312308e-02,2.186088815841963351e-02,8.568829883993680369e-03,8.137994861893439388e-03,1.597280952304967402e-02,1.362715218050391738e-02,2.162153536836394427e-02,1.704191865196508573e-02,1.983436786928146137e-02,6.286999952129441842e-03,3.925385756913306323e-03,1.099427148989133400e-02,2.771705308844883350e-02,3.520081699085672589e-02,1.168041615471764397e-02,3.044567489508369362e-02,5.334375847707797935e-02,5.672661124319838821e-02,1.190381209210295346e-02,7.222071518613668029e-02,4.108889562622668190e-02,5.592876860967942870e-02,4.434409357098405974e-02,7.860345625428839800e-02,2.902551500741993792e-02,2.484481960778056261e-02,1.991415213263336009e-02,1.356332476982240014e-02,2.123857090427484079e-02,3.196157589876972432e-02,4.116867988957857716e-02,2.270660134994973572e-02,6.981123043290941854e-02,8.915093586940911474e-02,1.991415213263336009e-02,6.073178126346359673e-02,1.584196333115256428e-01,7.648119484912796473e-02,9.877291802964782708e-02,6.997079895961320906e-02,1.646747195583143225e-02,5.596068231502018819e-02
1.196763950278447071e-02,2.155770795768242529e-02,1.635577398713877750e-02,7.994383187860026885e-03,2.913721297611259267e-02,4.354625093746509329e-02,4.206226363911982208e-02,6.366784215481338834e-03,4.225374587116437208e-02,2.747770029839314426e-02,3.129138808661379584e-02,2.211619780114570250e-02,6.302956804799821067e-02,1.523879430021222656e-02,1.611642119708308826e-02,0.000000000000000000e+00,1.109001260591360900e-02,2.026520289138170408e-02,2.029711659672246357e-02,4.089741339418213190e-02,1.452073593004515710e-02,6.227959597249038692e-02,6.259873302589796795e-02,2.115878664092294553e-02,4.817373821187508759e-02,1.021238570904274834e-01,6.365188530214301033e-02,7.995978873127064512e-02,6.170514927635672997e-02,1.476008872010084808e-02,4.236544383985702683e-02,1.362715218050391738e-02,9.494327338875679576e-03,1.940353284718122212e-02,1.172828671272878147e-02,1.764827905343949871e-02,6.813576090251958692e-03,6.430611626162855213e-03,1.274952528363305568e-02,1.072300499449488527e-02,1.670682474588712149e-02,1.346758365380012513e-02,1.594089581770891453e-02,4.978538033158340023e-03,3.031802007372065740e-03,8.425218209960267865e-03,2.205237039046418351e-02,2.735004547703010977e-02,9.254974548819990335e-03,2.471716478641752812e-02,4.215800475514209361e-02,4.531746158387719298e-02,9.286888254160749825e-03,5.738084220268394042e-02,3.312642614370741451e-02,4.418452504428026922e-02,3.539229922290127589e-02,6.285404266862404388e-02,2.332891860409452844e-02,1.933970543649970314e-02,1.582919784901625979e-02,1.086661666852829951e-02,1.691426383060205124e-02,2.519587036652890660e-02,3.252006574223300500e-02,1.775997702213215346e-02,5.508305541814932649e-02,6.969953246421675686e-02,1.515901003686032956e-02,4.878009861334950403e-02,1.239847452488471169e-01,6.036477365204487300e-02,7.916194609775167867e-02,5.546601988223842650e-02,1.340375624311860789e-02,4.413665448626912652e-02
1.027621311972426628e-02,1.862164706633263542e-02,1.412181461328567561e-02,6.877403500933475938e-03,2.510012925050663160e-02,3.746669007005058033e-02,3.636566723579440913e-02,5.584898434632752998e-03,3.631779667778327336e-02,2.403102012159121642e-02,2.744578659305238477e-02,1.932374858382932686e-02,5.423734222661922427e-02,1.326014456908519365e-02,1.373885014919657213e-02,1.109001260591360900e-02,0.000000000000000000e+00,1.736105570537267370e-02,1.745679682139494870e-02,3.532847181221975691e-02,1.263782731494040093e-02,5.385437776253011732e-02,5.404585999457466733e-02,1.807911407553974142e-02,4.153568750099730089e-02,8.733185466498587235e-02,5.455647928002680530e-02,6.910912891541272363e-02,5.324801736105570782e-02,1.257399990425888368e-02,3.630183982511289709e-02,1.163254559670650647e-02,8.169908567234198879e-03,1.656321307185370725e-02,9.973032918987059792e-03,1.558984505896057055e-02,5.872121782699580607e-03,5.648725845314270244e-03,1.077087555250602451e-02,9.334758812171887327e-03,1.431329684533022735e-02,1.158467503869536723e-02,1.375480700186695188e-02,4.324307073672788680e-03,2.648837543282962694e-03,7.228454259681819927e-03,1.905248208843287813e-02,2.356827139415021768e-02,8.042253745871164386e-03,2.154175110501204901e-02,3.646140835181668760e-02,3.920598701112192747e-02,8.106081156552681632e-03,4.992899200561681100e-02,2.894573074406803920e-02,3.853579919896599898e-02,3.086055306451355659e-02,5.422138537394884106e-02,2.048859882876701358e-02,1.657916992452408700e-02,1.345162680112974539e-02,9.446456780864542074e-03,1.439308110868212434e-02,2.202045668512342749e-02,2.825958607924173097e-02,1.536644912157526105e-02,4.716845649364119486e-02,5.998180918795576605e-02,1.295696436834798716e-02,4.167929917503071513e-02,1.062247682267149634e-01,5.203529655810688187e-02,6.874212130399399989e-02,4.803012653784167335e-02,1.156871818602498922e-02,3.797730935550271830e-02
1.879717244570680915e-02,3.403596674591903570e-02,2.607349726339976831e-02,1.262187046227002118e-02,4.608339051205539993e-02,6.933252485279803312e-02,6.660390304616317647e-02,1.011664459302047230e-02,6.713047918428569072e-02,4.314732962070561006e-02,4.954602754152771099e-02,3.515294643284558318e-02,9.993776827458551726e-02,2.382358103687628667e-02,2.573840335732180060e-02,2.026520289138170408e-02,1.736105570537267370e-02,0.000000000000000000e+00,3.202540330945124331e-02,6.432207311429893881e-02,2.292999728733504522e-02,9.866122006095517927e-02,9.910801193572579826e-02,3.339769263910385977e-02,7.574717962629051726e-02,1.625205444478131089e-01,1.006717834974229647e-01,1.262665751807113546e-01,9.810273021749189859e-02,2.275447190796087496e-02,6.684325583621886224e-02,2.170131963171583953e-02,1.501539836282691533e-02,3.062120027445786735e-02,1.860569021366225567e-02,2.787662161515262749e-02,1.075491869983564476e-02,1.029216997239464429e-02,2.036094400740397908e-02,1.721744403133925946e-02,2.667985766487418128e-02,2.152579425234166927e-02,2.471716478641752812e-02,7.978426335189647139e-03,4.787055801113788284e-03,1.324418771641481390e-02,3.494550734813065690e-02,4.345050982144282176e-02,1.483987298345274333e-02,3.880706569436244424e-02,6.706665177360417174e-02,7.233241315482934197e-02,1.480795927811198558e-02,9.130511097991032832e-02,5.217890823214029611e-02,7.028993601302079008e-02,5.695000718058370465e-02,9.950693325248527454e-02,3.660502002585010184e-02,3.068502768513938286e-02,2.462142367039524965e-02,1.712170291531698446e-02,2.664794395953342179e-02,4.008361390799278917e-02,5.134915189328057017e-02,2.787662161515262749e-02,8.658188258947804861e-02,1.108362986484545815e-01,2.431824346965804490e-02,7.616205779572036982e-02,1.969713893631619972e-01,9.468796374603073718e-02,1.256602147792369450e-01,8.763503486572309098e-02,2.075986532416346231e-02,7.000271266495396161e-02
1.887695670905870440e-02,3.365300228182992875e-02,2.573840335732180060e-02,1.244634508289584919e-02,4.530150473120681670e-02,6.788045125979351446e-02,6.526352742185131950e-02,1.014855829836123179e-02,6.585393097065535273e-02,4.337072555809091956e-02,4.919497678277936353e-02,3.456254288404154995e-02,9.775167945874355113e-02,2.356827139415021768e-02,2.565861909396990534e-02,2.029711659672246357e-02,1.745679682139494870e-02,3.202540330945124331e-02,0.000000000000000000e+00,6.408272032424325304e-02,2.285021302398314996e-02,9.762402463738052705e-02,9.888461599834048876e-02,3.314238299637779772e-02,7.517273293015686031e-02,1.594089581770891384e-01,9.888461599834048876e-02,1.239049609854952216e-01,9.626769216039827992e-02,2.272255820262011547e-02,6.623689543474445274e-02,2.138218257830825503e-02,1.480795927811198558e-02,3.038184748440217811e-02,1.827059630758429143e-02,2.766918253043769774e-02,1.067513443648374777e-02,1.008473088767971454e-02,1.993010898530373984e-02,1.672278159855750124e-02,2.628093634811469806e-02,2.111091608291180630e-02,2.468525108107676863e-02,7.755030397804336777e-03,4.787055801113788284e-03,1.305270548437026217e-02,3.429127638864510469e-02,4.289201997797954108e-02,1.455264963538591659e-02,3.831240326158068255e-02,6.588584467599610528e-02,7.048141824506534703e-02,1.466434760407857134e-02,8.967751200753162899e-02,5.154063412532512017e-02,6.925274058944613786e-02,5.519475338684198124e-02,9.816655762817341757e-02,3.630183982511289709e-02,3.034993377906141862e-02,2.449376884903221516e-02,1.688235012526129175e-02,2.629689320078507780e-02,3.955703776987026798e-02,5.112575595589526067e-02,2.781279420447110851e-02,8.575212625061832961e-02,1.091289154127240008e-01,2.403102012159121642e-02,7.530038775151988439e-02,1.930300467535783215e-01,9.456030892466769922e-02,1.231390320573170216e-01,8.686910593754487708e-02,2.071199476615232307e-02,6.875807815666437617e-02
3.776987027078779202e-02,6.878999186200514260e-02,5.197146914742536289e-02,2.492460387113245787e-02,9.060300946241363340e-02,1.371172349965692761e-01,1.312610700665400865e-01,2.031307344939284332e-02,1.338141664938007624e-01,8.753929374970080557e-02,9.869313376629593182e-02,6.944422282149069481e-02,1.969554325104916348e-01,4.742376613636726385e-02,5.155659097799550339e-02,4.089741339418213190e-02,3.532847181221975691e-02,6.432207311429893881e-02,6.408272032424325304e-02,0.000000000000000000e+00,4.573233975330705942e-02,1.991255644736632247e-01,1.981202827554293111e-01,6.681134213087810969e-02,1.521645470647369491e-01,3.247857792529001419e-01,2.026041583558058912e-01,2.510012925050663091e-01,1.950565670427164833e-01,4.638657071279261163e-02,1.338779939044822676e-01,4.226970272383474836e-02,2.969570281957586641e-02,6.098709090618966572e-02,3.676458855255389235e-02,5.532240820820501226e-02,2.125452775694522053e-02,2.064816735547080756e-02,3.880706569436244424e-02,3.382852766120410248e-02,5.270548437026281036e-02,4.223778901849398887e-02,4.946624327817581573e-02,1.544623338492715631e-02,9.701766423590611060e-03,2.648837543282962781e-02,6.969953246421675686e-02,8.635848665209273911e-02,2.915316982878297242e-02,7.727903748264691730e-02,1.325057045748296580e-01,1.411383618695048470e-01,2.913721297611259267e-02,1.814134580095422000e-01,1.044854712856436163e-01,1.392714101070704757e-01,1.109001260591361004e-01,1.967320365731063114e-01,7.306642837766678944e-02,6.108283202221193725e-02,4.948220013084619201e-02,3.440297435733775944e-02,5.286505289696660087e-02,8.055019228007467835e-02,1.033365778933763163e-01,5.552984729291994548e-02,1.744722270979272016e-01,2.195024653337375731e-01,4.806204024318243284e-02,1.528347348768928915e-01,3.912141569196891377e-01,1.910673538751216649e-01,2.486715920151909287e-01,1.755253793741722301e-01,4.156760120633806038e-02,1.394948060444557991e-01
1.412181461328567561e-02,2.457355311238411388e-02,1.849399224496960092e-02,8.951794348082783848e-03,3.333386522842234773e-02,4.878009861334950403e-02,4.795034227448977809e-02,7.435893344396751412e-03,4.758333466307105436e-02,3.151478402399910533e-02,3.622205556176099489e-02,2.541926630391421610e-02,7.158244107932151823e-02,1.720148717866887972e-02,1.852590595031036041e-02,1.452073593004515710e-02,1.263782731494040093e-02,2.292999728733504522e-02,2.285021302398314996e-02,4.573233975330705942e-02,0.000000000000000000e+00,7.005058322296510431e-02,7.140691569994733756e-02,2.431824346965804490e-02,5.476391836474173852e-02,1.165967224624614995e-01,7.158244107932151823e-02,9.009239017696149543e-02,6.898147409404968566e-02,1.645151510316105251e-02,4.775886004244522809e-02,1.574941358566436453e-02,1.081874611051716201e-02,2.195662927444190851e-02,1.333992883243709064e-02,2.007372065933715061e-02,7.818857808485854891e-03,7.356109081044854420e-03,1.471221816208970884e-02,1.222294914551053970e-02,1.908439579377363762e-02,1.536644912157526105e-02,1.777593387480253320e-02,5.728510108666166369e-03,3.510507587483444655e-03,1.000494662432781755e-02,2.486077646045094236e-02,3.114777641258038160e-02,1.054747961512071328e-02,2.825958607924173097e-02,4.767907577909333283e-02,5.198742600009573916e-02,1.070704814182450726e-02,6.534331168520321476e-02,3.776987027078779202e-02,5.115766966123602016e-02,4.110485247889706512e-02,7.126330402591392332e-02,2.642454802214811230e-02,2.197258612711228826e-02,1.782380443281367244e-02,1.263782731494040093e-02,1.925992117314780788e-02,2.867446424867159047e-02,3.654119261516858286e-02,2.066412420814118731e-02,6.173706298169748946e-02,7.901833442371826444e-02,1.766423590610987845e-02,5.482774577542325750e-02,1.421596004404091229e-01,6.837511369257527616e-02,8.947007292281670965e-02,6.239129394118304167e-02,1.496752780481577783e-02,5.016834479567250371e-02
