0.000000000000000000e+00,1.429966038306590241e-02,1.310343879332865821e-02,5.018630807518321794e-03,2.131199384014629758e-02,2.704560766681791267e-02,3.100551361905154804e-02,7.163579864978206896e-03,3.370044961432165642e-02,1.945578792503678198e-02,2.476316187490546980e-02,1.399716756727027722e-02,4.360021449490574658e-02,1.197596557081769333e-02,1.255345185551843060e-02,1.029850541049650084e-02,8.689793617401585929e-03,1.501464340221919658e-02,1.186596818325564781e-02,2.836557631756245895e-02,1.454715450508050484e-02,4.522267596144591284e-02,4.091902817308088608e-02,1.281469565097828958e-02,3.309546398273040951e-02,7.538945950033686116e-02,4.167526021256995339e-02,5.953608601795707528e-02,3.889782617662830566e-02,1.065599692007314879e-02,3.172049663820484394e-02,8.483548515722751440e-03,7.081081824306672753e-03,1.117848451099286329e-02,6.393598152043889100e-03,1.149472700023374504e-02,3.863658238116844668e-03,2.461191546700765981e-03,8.882289045635165595e-03,6.489845866160678933e-03,9.996012594700875650e-03,7.342325619766530871e-03,1.057349887940161465e-02,2.832432729722669188e-03,1.911204608890538798e-03,6.819838028846814636e-03,1.311718846677391477e-02,1.577087544170826042e-02,6.338599458262866339e-03,1.883705262000027331e-02,2.677061419791279887e-02,2.998803778410262869e-02,8.181055699927126251e-03,3.155550055686177219e-02,2.095450233056964789e-02,2.527189979237992948e-02,1.880955327310976366e-02,4.046528894938745263e-02,1.579837478859877006e-02,1.380467213903669756e-02,1.280094597753303302e-02,7.177329538423462586e-03,1.440965777062794793e-02,1.402466691416078860e-02,2.331944616315362664e-02,1.406591593449655654e-02,4.408145306548969661e-02,4.012154711325605777e-02,1.072474528729942637e-02,3.198174043366470293e-02,8.933162837382611909e-02,4.112527327475972577e-02,5.436620880254094262e-02,3.716536732252608694e-02,9.157282514540279403e-03,2.976804300897853764e-02
1.429966038306590241e-02,0.000000000000000000e+00,2.714185538093470337e-02,1.053224985906584671e-02,4.468643869708094352e-02,5.717114218537310000e-02,6.528344951807395213e-02,1.509714144289073072e-02,7.233703199549010310e-02,4.071278307140205333e-02,5.194626627617594111e-02,2.839307566445296860e-02,9.232905718489185787e-02,2.527189979237992948e-02,2.556064293473030158e-02,2.157323763560615310e-02,1.821831731496376811e-02,3.185799337265739911e-02,2.468066383423393739e-02,5.990732720097897979e-02,3.000178745754788351e-02,9.474899971125685938e-02,8.527547470747569303e-02,2.612437954598578402e-02,6.936710253131488091e-02,1.585337348237979282e-01,8.912538327214729328e-02,1.263045002681186246e-01,8.251179034497931053e-02,2.265946183778135350e-02,6.636967372024914213e-02,1.791582449916814465e-02,1.494589503499291899e-02,2.312695073492004524e-02,1.315843748710968097e-02,2.428192330432152324e-02,8.181055699927126251e-03,4.908633419956276271e-03,1.871330555899297296e-02,1.355717801702209513e-02,2.054201212721197892e-02,1.501464340221919658e-02,2.271446053156237627e-02,6.146104030029286673e-03,3.781160197445310525e-03,1.396966822037976584e-02,2.765059329840916305e-02,3.309546398273040951e-02,1.362592638424837445e-02,4.010779743981080642e-02,5.723989055259937758e-02,6.294600503238048650e-02,1.722834082690536187e-02,6.675466457671630494e-02,4.409520273893494796e-02,5.275749700944602771e-02,3.816909348402975494e-02,8.523422568713992509e-02,3.394794373633626405e-02,2.853057239890552724e-02,2.729310178883251684e-02,1.515214013667175348e-02,3.074426982359168906e-02,2.935555280562086519e-02,4.980131721871605688e-02,2.899806129604421898e-02,9.345653040740282969e-02,8.427174854597203890e-02,2.140824155426308481e-02,6.817088094157763845e-02,1.879030373028640621e-01,8.780541462140274700e-02,1.148647719616659041e-01,7.950061186046832040e-02,1.920829380302217781e-02,6.239601809457025194e-02
1.310343879332865821e-02,2.714185538093470337e-02,0.000000000000000000e+00,9.528523697562182176e-03,3.998405037880350260e-02,5.165752313382557248e-02,5.844986181578187834e-02,1.359842703735786307e-02,6.500845604916882792e-02,3.640913528303702656e-02,4.666639167319776293e-02,2.605563117875950296e-02,8.255303936531507847e-02,2.271446053156237627e-02,2.352569126483245940e-02,1.952453629226305956e-02,1.636211139985425250e-02,2.865431945991282758e-02,2.220572261408791659e-02,5.425621141497889710e-02,2.707310701370842579e-02,8.610045511419103792e-02,7.710816868099382160e-02,2.400692983541640943e-02,6.234101940078923265e-02,1.430653521978852982e-01,8.032559226718365142e-02,1.133248085357972806e-01,7.413823921681859941e-02,2.039076571931416546e-02,5.968733242585488874e-02,1.596337086994183835e-02,1.354342834357684031e-02,2.106449971813169342e-02,1.190721720359141401e-02,2.186198077795652520e-02,7.259827579094996729e-03,4.523642563489116940e-03,1.673335258287615701e-02,1.214096165216076162e-02,1.883705262000027331e-02,1.368092507802939721e-02,2.033576702553314269e-02,5.389871990540224568e-03,3.451168034759174389e-03,1.285594467131405579e-02,2.477691154835072809e-02,2.996053843721211557e-02,1.212721197871550506e-02,3.579039997800052136e-02,5.161627411348980454e-02,5.656615655378184615e-02,1.561962903381044696e-02,6.005857360887678631e-02,3.915906997208816465e-02,4.724387795789850020e-02,3.463542740859904684e-02,7.661318043696462021e-02,3.042802733435081078e-02,2.594563379119745744e-02,2.432317232465728771e-02,1.359842703735786307e-02,2.781558937975223134e-02,2.649562072900768506e-02,4.493393281909554421e-02,2.609688019909527090e-02,8.425799887252677367e-02,7.642068500873104575e-02,1.955203563915356921e-02,6.093855270937315050e-02,1.693409781517689061e-01,7.914312035089166031e-02,1.031912992066438411e-01,7.144330322154848756e-02,1.728333952068638463e-02,5.657990622722710444e-02
5.018630807518321794e-03,1.053224985906584671e-02,9.528523697562182176e-03,0.000000000000000000e+00,1.582587413548928318e-02,2.036326637242365581e-02,2.307195204113902248e-02,5.279874602978179045e-03,2.542314620027774294e-02,1.436840875029218000e-02,1.825956633529953604e-02,9.982262921255620827e-03,3.287546920760631847e-02,8.937287739416188356e-03,8.896038719080422152e-03,7.672317782452666574e-03,6.476096192715423243e-03,1.128848189855490881e-02,8.607295576730053521e-03,2.096825200401490619e-02,1.051850018562059189e-02,3.324671039062822298e-02,2.991928941687634763e-02,9.047285126978233880e-03,2.469441350767919222e-02,5.604366896286213512e-02,3.162424892408804977e-02,4.490643347220503456e-02,2.920430639772305520e-02,7.892312557576757620e-03,2.352569126483245940e-02,6.448596845824911862e-03,5.252375256087667664e-03,8.139806679591360047e-03,4.619890277605906773e-03,8.483548515722751440e-03,2.818683056277413498e-03,1.704959507211703659e-03,6.654841947503747218e-03,4.757387012058463677e-03,7.204828885313973967e-03,5.307373949868690426e-03,7.961060924803035205e-03,2.131199384014629845e-03,1.333718324189800452e-03,4.936132766846787652e-03,9.762268146131529781e-03,1.171472177535783608e-02,4.743637338613207986e-03,1.424466168928487965e-02,2.030826767864263305e-02,2.223322196097842623e-02,6.132354356584030983e-03,2.359443963205873698e-02,1.563337870725570178e-02,1.887830164033604124e-02,1.351592899668632893e-02,3.026303125300774249e-02,1.197596557081769333e-02,1.002351194159138703e-02,9.721019125795761842e-03,5.389871990540224568e-03,1.084849234830672846e-02,1.050475051217533533e-02,1.748958462236521738e-02,1.029850541049650084e-02,3.291671822794208641e-02,3.008428549821941592e-02,7.562320394890621050e-03,2.404817885575217737e-02,6.632842469991337420e-02,3.092301557838001216e-02,4.061653535728526609e-02,2.800808480798580927e-02,6.888586396073093088e-03,2.220572261408791659e-02
2.131199384014629758e-02,4.468643869708094352e-02,3.998405037880350260e-02,1.582587413548928318e-02,0.000000000000000000e+00,8.585296099217643029e-02,9.822766709290654819e-02,2.234321934854047176e-02,1.074261986277825903e-01,6.183228148331477297e-02,7.856563406619092305e-02,4.252773996617580099e-02,1.390366978784253749e-01,3.779785230100785043e-02,3.730286405697864904e-02,3.238048096357711708e-02,2.751309656395660441e-02,4.765636816125617264e-02,3.647788365026330415e-02,8.816290613097939322e-02,4.503018053321233838e-02,1.395316861224545901e-01,1.259195094116514757e-01,3.859533336083267874e-02,1.041537763478117412e-01,2.371818669306604010e-01,1.330280905828486460e-01,1.899379889727619009e-01,1.231008263553740600e-01,3.372794896121217301e-02,9.957513509054159717e-02,2.744434819673032683e-02,2.256321412366456280e-02,3.456667904137276925e-02,1.978578008772291508e-02,3.632663724236549069e-02,1.242970479451113025e-02,7.397324313547553633e-03,2.855807174579603688e-02,2.051451278032146580e-02,3.073052015014643423e-02,2.272821020500763109e-02,3.396169340978151541e-02,9.308528922438092865e-03,5.719864153226361138e-03,2.072075788200030202e-02,4.064403470417577574e-02,4.904508517922699651e-02,2.044576441309518822e-02,6.091105336248264085e-02,8.527547470747569303e-02,9.510649122083350560e-02,2.567064032229234710e-02,1.002901181096948896e-01,6.709840641284769980e-02,7.973435630903766280e-02,5.715739251192784171e-02,1.283944506317974965e-01,5.083254272711023453e-02,4.210150008937287719e-02,4.065778437762103403e-02,2.286570693946018626e-02,4.586891061337293463e-02,4.390270731070137350e-02,7.313451305531493141e-02,4.369646220902253381e-02,1.371254932695348538e-01,1.252320257393886860e-01,3.205048880089098051e-02,1.018163318621182756e-01,2.799571010188507958e-01,1.300581611186734377e-01,1.717471710046886424e-01,1.179034497930674108e-01,2.888806390848217345e-02,9.330528399950500928e-02
2.704560766681791267e-02,5.717114218537310000e-02,5.165752313382557248e-02,2.036326637242365581e-02,8.585296099217643029e-02,0.000000000000000000e+00,1.251632773721624015e-01,2.864056978646757276e-02,1.390229482049801235e-01,7.763065627191353957e-02,9.935514031541750612e-02,5.432495978220517469e-02,1.773295384234624406e-01,4.828885313973792920e-02,4.842634987419049131e-02,4.149651445778163028e-02,3.495166989783992512e-02,6.137854225962133259e-02,4.687263677487659569e-02,1.137647980860454627e-01,5.668990361478914997e-02,1.808219554785573946e-01,1.623148950212432440e-01,4.992506427972335376e-02,1.336880749082209330e-01,3.049540073423256392e-01,1.717196716577981397e-01,2.426817363087626633e-01,1.579424988656519535e-01,4.303647788365026067e-02,1.272669774092865247e-01,3.502041826506620270e-02,2.875056717402961828e-02,4.386145829036560556e-02,2.502440567036532879e-02,4.630890016362111672e-02,1.578462511515351524e-02,9.336028269328604245e-03,3.596914573278884447e-02,2.604188150531424814e-02,3.913157062519765500e-02,2.883306521470115069e-02,4.307772690398602861e-02,1.165972308157681332e-02,7.218578558759229657e-03,2.672936517757703093e-02,5.279874602978179565e-02,6.366098805153377893e-02,2.612437954598578402e-02,7.735566280300842923e-02,1.111936091517826408e-01,1.215608629295054227e-01,3.298546659516836399e-02,1.293981767933011506e-01,8.321302369068735161e-02,1.020913253310233859e-01,7.224078428137331587e-02,1.641986002832432623e-01,6.509095408984036379e-02,5.475119965900809849e-02,5.275749700944602771e-02,2.913555803049677415e-02,5.949483699762130734e-02,5.657990622722710444e-02,9.558772979141745563e-02,5.513619051547525435e-02,1.789932489103383817e-01,1.626861362042651415e-01,4.115277262165023542e-02,1.310893866270675945e-01,3.600076998171293230e-01,1.679385114603528240e-01,2.196785326348499323e-01,1.531301131598124532e-01,3.713786797563557729e-02,1.201721459115346058e-01
3.100551361905154804e-02,6.528344951807395213e-02,5.844986181578187834e-02,2.307195204113902248e-02,9.822766709290654819e-02,1.251632773721624015e-01,0.000000000000000000e+00,3.290296855449682811e-02,1.565400321742358714e-01,9.008786041331517946e-02,1.148097732678848848e-01,6.225852136011769677e-02,2.028076833175212201e-01,5.532868594370883575e-02,5.461370292455554332e-02,4.712013089689119638e-02,4.012154711325605777e-02,6.968334502055575919e-02,5.327998460036573874e-02,1.285731963865858196e-01,6.550344429319804318e-02,2.037426611117985897e-01,1.843006228602070695e-01,5.633241210521250375e-02,1.521813856920898045e-01,3.462305270249831368e-01,1.938428962312145065e-01,2.769321728608945543e-01,1.792544927057982407e-01,4.914133289334378374e-02,1.458840352541627139e-01,4.006654841947503848e-02,3.310921365617566781e-02,5.076379435988395000e-02,2.910805868360626450e-02,5.296374211112486047e-02,1.808082058051121294e-02,1.072474528729942637e-02,4.188150531424878614e-02,3.031802994678876526e-02,4.523642563489117113e-02,3.341170647197128779e-02,4.925133028090582926e-02,1.354342834357684031e-02,8.291053087489171775e-03,3.042802733435081078e-02,5.927484222249721629e-02,7.181454440457038513e-02,2.983679137620481522e-02,8.890538849702320223e-02,1.241870505575492639e-01,1.391191959190969107e-01,3.741286144454069457e-02,1.462140274168488574e-01,9.767768015509631363e-02,1.164872334282060773e-01,8.385925834261435952e-02,1.874767974260611314e-01,7.409699019648283147e-02,6.161228670819068193e-02,5.904109777392786695e-02,3.316421234995668710e-02,6.685091229083309217e-02,6.421097498934399961e-02,1.064499718131694389e-01,6.407347825489144444e-02,1.999065022205722686e-01,1.824031679247617999e-01,4.694138514210287327e-02,1.481114823522941271e-01,4.097952673624001285e-01,1.895667477897400033e-01,2.505327998460036842e-01,1.724621540238419348e-01,4.207400074248236754e-02,1.364105102503815614e-01
7.163579864978206896e-03,1.509714144289073072e-02,1.359842703735786307e-02,5.279874602978179045e-03,2.234321934854047176e-02,2.864056978646757276e-02,3.290296855449682811e-02,0.000000000000000000e+00,3.642288495648228486e-02,2.052826245376672409e-02,2.615187889287629366e-02,1.450590548474473690e-02,4.626765114328534878e-02,1.253970218207317577e-02,1.270469826341624406e-02,1.082099300141621707e-02,9.267279902102324926e-03,1.579837478859877006e-02,1.225095903972280714e-02,3.001553713099313833e-02,1.515214013667175348e-02,4.783511391604449575e-02,4.299522886331449967e-02,1.307593944643814683e-02,3.459417838826327890e-02,7.889562622887706655e-02,4.501643085976708009e-02,6.335849523573815201e-02,4.104277523408818990e-02,1.146722765334323366e-02,3.299921626861362228e-02,9.033535453532979057e-03,7.466072680773831217e-03,1.132973091889067675e-02,6.489845866160678933e-03,1.211346230527025024e-02,4.111152360131447095e-03,2.378693506029231838e-03,9.487274677226415973e-03,6.737339988175280493e-03,1.014725900259868911e-02,7.493572027664342598e-03,1.134348059233593158e-02,3.079926851737271182e-03,1.828706568219004873e-03,6.998583783635138611e-03,1.369467475147465203e-02,1.669210356254038907e-02,6.943585089854115849e-03,2.017077094419007441e-02,2.902556064293472862e-02,3.172049663820484394e-02,8.758541984627865248e-03,3.334295810474501021e-02,2.221947228753317141e-02,2.652312007589819817e-02,1.948328727192729162e-02,4.283023278197142791e-02,1.691209833766448012e-02,1.413466430172283413e-02,1.343343095601479478e-02,7.603569415226388122e-03,1.552338131969365799e-02,1.464340221919729380e-02,2.494190762969379638e-02,1.450590548474473690e-02,4.672139036697878223e-02,4.262398768029259516e-02,1.079349365452570569e-02,3.403044177700779299e-02,9.392401930454151449e-02,4.413645175927071590e-02,5.756988271528551415e-02,4.010779743981080642e-02,9.638521085124227700e-03,3.107426198627782563e-02
3.370044961432165642e-02,7.233703199549010310e-02,6.500845604916882792e-02,2.542314620027774294e-02,1.074261986277825903e-01,1.390229482049801235e-01,1.565400321742358714e-01,3.642288495648228486e-02,0.000000000000000000e+00,9.725144027829339677e-02,1.254107714941770091e-01,6.749714694276011395e-02,2.225797137317988561e-01,6.060856054668701393e-02,6.071855793424905945e-02,5.231750745919784562e-02,4.383395894347509592e-02,7.746566019057046781e-02,5.912359581459940283e-02,1.437940848904838420e-01,7.122330844642439651e-02,2.288358151493901926e-01,2.045951408654044512e-01,6.216227364600090954e-02,1.682547539495936884e-01,3.834371433678450125e-01,2.164336097017695859e-01,3.051877517908949677e-01,1.988340276918423299e-01,5.426996108842414845e-02,1.599362015152140104e-01,4.325647265877435171e-02,3.592789671245307653e-02,5.495744476068693124e-02,3.141800382240921702e-02,5.817486834687676106e-02,1.988202780183970578e-02,1.153597602056951124e-02,4.485143477842401527e-02,3.261422541214645948e-02,4.878384138376713752e-02,3.610664246724139964e-02,5.424246174153363881e-02,1.462965254575203898e-02,9.006036106642467676e-03,3.321921104373771333e-02,6.606718090445351521e-02,8.013309683895007696e-02,3.288921888105157676e-02,9.679770105459994944e-02,1.396829325303524105e-01,1.521676360186445531e-01,4.148276478433637199e-02,1.631811244482943568e-01,1.053224985906584671e-01,1.276107192454179196e-01,8.999161269919839223e-02,2.059838578833752820e-01,8.194805373372382462e-02,6.881711559350466023e-02,6.621842731235133561e-02,3.638163593614651692e-02,7.477072419530035596e-02,7.075581954928569783e-02,1.212583701137097958e-01,6.867961885905209118e-02,2.263196249089084178e-01,2.045676415185139485e-01,5.131378129769417762e-02,1.651060787306301569e-01,4.518692681048824822e-01,2.124874534229811984e-01,2.766434297185441649e-01,1.938978949249955397e-01,4.683138775454082775e-02,1.504901758583233606e-01
1.945578792503678198e-02,4.071278307140205333e-02,3.640913528303702656e-02,1.436840875029218000e-02,6.183228148331477297e-02,7.763065627191353957e-02,9.008786041331517946e-02,2.052826245376672409e-02,9.725144027829339677e-02,0.000000000000000000e+00,7.191079211868718624e-02,3.863658238116844668e-02,1.261670035336660833e-01,3.477292414305160201e-02,3.419543785835086475e-02,2.927305476494933278e-02,2.488690893591277362e-02,4.325647265877435171e-02,3.335670777819026850e-02,8.039434063440993594e-02,4.072653274484731162e-02,1.275144715313011323e-01,1.146997758803228462e-01,3.486917185716838924e-02,9.437775852823494793e-02,2.150998913775797883e-01,1.205846361148922713e-01,1.722834082690536117e-01,1.111661098048921381e-01,3.079926851737271182e-02,9.044535192289182568e-02,2.458441612011714669e-02,2.051451278032146580e-02,3.169299729131433430e-02,1.795707351950391259e-02,3.332920843129975885e-02,1.119223418443811985e-02,6.696090967839513422e-03,2.590438477086169297e-02,1.893330033411706401e-02,2.825557893000041343e-02,2.070700820855504720e-02,3.095051492527052528e-02,8.497298189168007998e-03,5.183626888861389212e-03,1.905704739512436435e-02,3.673912744572316313e-02,4.446644392195685247e-02,1.863080751832144055e-02,5.552118137194241715e-02,7.680567586519819467e-02,8.667794139889177518e-02,2.326444746937260388e-02,9.051410029011811020e-02,6.113104813760673190e-02,7.224078428137331587e-02,5.205626366373798664e-02,1.162534889796367349e-01,4.647389624496418153e-02,3.810034511680347735e-02,3.660163071127060797e-02,2.058326114754774686e-02,4.142776609055535270e-02,3.969530723645313397e-02,6.628717567957760626e-02,3.957156017544583015e-02,1.244620440264543743e-01,1.130635647403374217e-01,2.890181358192742828e-02,9.227405849111083858e-02,2.546439522061351157e-01,1.179996975071841980e-01,1.564025354397833023e-01,1.075774450356803968e-01,2.600063248497848020e-02,8.467048907588445306e-02
2.476316187490546980e-02,5.194626627617594111e-02,4.666639167319776293e-02,1.825956633529953604e-02,7.856563406619092305e-02,9.935514031541750612e-02,1.148097732678848848e-01,2.615187889287629366e-02,1.254107714941770091e-01,7.191079211868718624e-02,0.000000000000000000e+00,4.927882962779633891e-02,1.621086499195644182e-01,4.413645175927071590e-02,4.350396678078895935e-02,3.735786275075966834e-02,3.192674173988367670e-02,5.561742908605920438e-02,4.261023800684733687e-02,1.031912992066438411e-01,5.204251399029272834e-02,1.634286185703089644e-01,1.469427601094474012e-01,4.450769294229262041e-02,1.213408681543813317e-01,2.762309395151865132e-01,1.550550674421482533e-01,2.212597450810543376e-01,1.429691044837685110e-01,3.942031376754802363e-02,1.157722504090527849e-01,3.161049925064279842e-02,2.646812138211717541e-02,4.001154972569401225e-02,2.286570693946018626e-02,4.203275172214659960e-02,1.427216103617539103e-02,8.469798842277496617e-03,3.299921626861362228e-02,2.369068734617552768e-02,3.565290324354796619e-02,2.641312268833615265e-02,3.948906213477430122e-02,1.079349365452570569e-02,6.448596845824911862e-03,2.407567820264268701e-02,4.714763024378171297e-02,5.692364806335849237e-02,2.382818408062808632e-02,7.134705550743170033e-02,9.953388607020582923e-02,1.111111111111111049e-01,2.989179006998583799e-02,1.174359608959287260e-01,7.811189484249748960e-02,9.292029314303784648e-02,6.605343123100826386e-02,1.495276987171554606e-01,5.954983569140232663e-02,4.925133028090582926e-02,4.745012305957733295e-02,2.650937040245294335e-02,5.373372382405917913e-02,5.076379435988395000e-02,8.581171197184066235e-02,5.059879827854088519e-02,1.611186734315060154e-01,1.458427862338269598e-01,3.684912483328520866e-02,1.190309230155783826e-01,3.270497325688515033e-01,1.521813856920898045e-01,2.002777434035941662e-01,1.388029534298560463e-01,3.354920320642384990e-02,1.087599169519723880e-01
1.399716756727027722e-02,2.839307566445296860e-02,2.605563117875950296e-02,9.982262921255620827e-03,4.252773996617580099e-02,5.432495978220517469e-02,6.225852136011769677e-02,1.450590548474473690e-02,6.749714694276011395e-02,3.863658238116844668e-02,4.927882962779633891e-02,0.000000000000000000e+00,8.751667147905237143e-02,2.426817363087626842e-02,2.513440305792737431e-02,2.059701082099300168e-02,1.728333952068638463e-02,3.001553713099313833e-02,2.344319322416092699e-02,5.638741079899352304e-02,2.972679398864276970e-02,8.981286694441006913e-02,8.244304197775302601e-02,2.560189195506606605e-02,6.566844037454110106e-02,1.507239203068927169e-01,8.377676030194282364e-02,1.194021641986002802e-01,7.794689876115441785e-02,2.128449449325578446e-02,6.298725405271625444e-02,1.735208788791266221e-02,1.440965777062794793e-02,2.226072130786893935e-02,1.252595250862792095e-02,2.300320367391274490e-02,7.699817129343177954e-03,4.839885052729997819e-03,1.790207482572288983e-02,1.284219499786880096e-02,1.997827551595649648e-02,1.438215842373743655e-02,2.124324547292001653e-02,5.857360887678918042e-03,3.712411830219032507e-03,1.372217409836516341e-02,2.631687497421936195e-02,3.152800120997126254e-02,1.293844271198558993e-02,3.822409217781077423e-02,5.378872251784019842e-02,6.001732458854102531e-02,1.684334997043820253e-02,6.297350437927098921e-02,4.138651707021958476e-02,5.035130415652628449e-02,3.770160458689106320e-02,8.060058573608876176e-02,3.195424108677418634e-02,2.740309917639456236e-02,2.547814489405876570e-02,1.461590287230678242e-02,2.897056194915370933e-02,2.780183970630697651e-02,4.650139559185469118e-02,2.857182141924129171e-02,8.786041331518376629e-02,8.128806940835155148e-02,2.125699514636527482e-02,6.429347303001553549e-02,1.791719946651267048e-01,8.233304459019098742e-02,1.090899091146585315e-01,7.405574117614706353e-02,1.827331600874479087e-02,5.993482654786948943e-02
4.360021449490574658e-02,9.232905718489185787e-02,8.255303936531507847e-02,3.287546920760631847e-02,1.390366978784253749e-01,1.773295384234624406e-01,2.028076833175212201e-01,4.626765114328534878e-02,2.225797137317988561e-01,1.261670035336660833e-01,1.621086499195644182e-01,8.751667147905237143e-02,0.000000000000000000e+00,7.794689876115441785e-02,7.741066149678944852e-02,6.667216653604476906e-02,5.677240165546068584e-02,9.895639978550509197e-02,7.558195492857044950e-02,1.828156581281194515e-01,9.176532057363637196e-02,2.898568658994348790e-01,2.608313052565001677e-01,7.918436937122742825e-02,2.161586162328644756e-01,4.906983459142845172e-01,2.750897166192303178e-01,3.917144467818889364e-01,2.541627136355511518e-01,6.984834110189883094e-02,2.060113572302657847e-01,5.623616439109570958e-02,4.651514526529994947e-02,7.083831758995723371e-02,4.068528372451154368e-02,7.478447386874562119e-02,2.556064293473030158e-02,1.497339438188343037e-02,5.872485528468698868e-02,4.251399029273054964e-02,6.341349392951917130e-02,4.701013350932915086e-02,6.918835677652655780e-02,1.897454935445283195e-02,1.164597340813155676e-02,4.285773212886193756e-02,8.439549560697932884e-02,1.018713305558992949e-01,4.204650139559185790e-02,1.255895172489653322e-01,1.767108031184259354e-01,1.963728361451415605e-01,5.270249831566500148e-02,2.075788200030249386e-01,1.372904893508779256e-01,1.648448349351702980e-01,1.176284563241623005e-01,2.653136987996534968e-01,1.049512574076365695e-01,8.787416298862901765e-02,8.401050475051217992e-02,4.683138775454082775e-02,9.487274677226416320e-02,9.117408461549038334e-02,1.520301392841920118e-01,8.989536498508160500e-02,2.854569703969530581e-01,2.597450810543249777e-01,6.588843514966519210e-02,2.101087599169519649e-01,5.803324671039062910e-01,2.696448459349090609e-01,3.548515722751584556e-01,2.462291520576386228e-01,5.994857622131474079e-02,1.928529197431561037e-01
1.197596557081769333e-02,2.527189979237992948e-02,2.271446053156237627e-02,8.937287739416188356e-03,3.779785230100785043e-02,4.828885313973792920e-02,5.532868594370883575e-02,1.253970218207317577e-02,6.060856054668701393e-02,3.477292414305160201e-02,4.413645175927071590e-02,2.426817363087626842e-02,7.794689876115441785e-02,0.000000000000000000e+00,2.143574090115359793e-02,1.821831731496376811e-02,1.552338131969365799e-02,2.681186321824856680e-02,2.098200167746016101e-02,5.031005513619051656e-02,2.551939391439453364e-02,7.939061447290626794e-02,7.166329799667257860e-02,2.204072653274484830e-02,5.898609908014684766e-02,1.339768180505712947e-01,7.490822092975292501e-02,1.070137084244249248e-01,6.990333979567985023e-02,1.904329772167910953e-02,5.586492320807380507e-02,1.519338915700752142e-02,1.240220544762061887e-02,1.926329249680320058e-02,1.098598908275928362e-02,2.040451539275942028e-02,6.902336069518348778e-03,4.234899421138748309e-03,1.561962903381044696e-02,1.109598647032132915e-02,1.718709180656959393e-02,1.270469826341624406e-02,1.938703955781050092e-02,5.224875909197156283e-03,3.327420973751873609e-03,1.161847406124104538e-02,2.330569648970836835e-02,2.765059329840916305e-02,1.142597863300746572e-02,3.434668426624867821e-02,4.842634987419049131e-02,5.367872513027815290e-02,1.462965254575203898e-02,5.663490492100812373e-02,3.746786013832171386e-02,4.542892106312475253e-02,3.228423324946032291e-02,7.246077905649740691e-02,2.897056194915370933e-02,2.392443179474487355e-02,2.322319844903683594e-02,1.318593683400019236e-02,2.612437954598578402e-02,2.488690893591277362e-02,4.173025890635097268e-02,2.459816579356240152e-02,7.840063798484786517e-02,7.133330583398644897e-02,1.809457025395646776e-02,5.803737161242420589e-02,1.581349942938855280e-01,7.391824444169450836e-02,9.707269452350507366e-02,6.624592665924183832e-02,1.634836172640899768e-02,5.279874602978179565e-02
1.255345185551843060e-02,2.556064293473030158e-02,2.352569126483245940e-02,8.896038719080422152e-03,3.730286405697864904e-02,4.842634987419049131e-02,5.461370292455554332e-02,1.270469826341624406e-02,6.071855793424905945e-02,3.419543785835086475e-02,4.350396678078895935e-02,2.513440305792737431e-02,7.741066149678944852e-02,2.143574090115359793e-02,0.000000000000000000e+00,1.831456502908055881e-02,1.513839046322649866e-02,2.692186060581061233e-02,2.113324808535797447e-02,5.143752835870148143e-02,2.595938346464271573e-02,8.153556353036615911e-02,7.360200195245363008e-02,2.305820236769376766e-02,5.898609908014684766e-02,1.356542782108924872e-01,7.558195492857044950e-02,1.065324698538409748e-01,6.984834110189883094e-02,1.900204870134334159e-02,5.608491798319789612e-02,1.487714666776664141e-02,1.267719891652573268e-02,1.995077616906598336e-02,1.127473222510965399e-02,2.041826506620467857e-02,6.654841947503747218e-03,4.344896808700792964e-03,1.539963425868635591e-02,1.128848189855490881e-02,1.786082580538712189e-02,1.291094336509507855e-02,1.907079706856962265e-02,5.032380480963577485e-03,3.299921626861362228e-03,1.242970479451113025e-02,2.363568865239450492e-02,2.832432729722669101e-02,1.127473222510965399e-02,3.350795418608808196e-02,4.800010999738756057e-02,5.297749178457011876e-02,1.491839568810240761e-02,5.652490753344607821e-02,3.629913789547498104e-02,4.470018837052620181e-02,3.326046006407348127e-02,7.160829930289155931e-02,2.844807435823399136e-02,2.499690632347481914e-02,2.314070040836530007e-02,1.288344401820456717e-02,2.602813183186899332e-02,2.506565469070109672e-02,4.285773212886193756e-02,2.491440828280328326e-02,8.057308638919825905e-02,7.309326403497916347e-02,1.902954804823385471e-02,5.743238598083295204e-02,1.600874479231118308e-01,7.446823137950474292e-02,9.707269452350507366e-02,6.667216653604476906e-02,1.627961335918272009e-02,5.380247219128545672e-02
1.029850541049650084e-02,2.157323763560615310e-02,1.952453629226305956e-02,7.672317782452666574e-03,3.238048096357711708e-02,4.149651445778163028e-02,4.712013089689119638e-02,1.082099300141621707e-02,5.231750745919784562e-02,2.927305476494933278e-02,3.735786275075966834e-02,2.059701082099300168e-02,6.667216653604476906e-02,1.821831731496376811e-02,1.831456502908055881e-02,0.000000000000000000e+00,1.319968650744544891e-02,2.301695334735799972e-02,1.758583233648200808e-02,4.287148180230719585e-02,2.161448665594192103e-02,6.792338681956303081e-02,6.159853703474542364e-02,1.900204870134334159e-02,5.017255840173796139e-02,1.146035281662060590e-01,6.463721486614693035e-02,9.142157873750499097e-02,6.000357491509576702e-02,1.612836695128490663e-02,4.782136424259923746e-02,1.325468520122647167e-02,1.084849234830672846e-02,1.652710748119732079e-02,9.363527616219115626e-03,1.750333429581047567e-02,5.981107948686218388e-03,3.574915095766475603e-03,1.363967605769362927e-02,9.693519778905250461e-03,1.475339960675933933e-02,1.083474267486147190e-02,1.643085976708053356e-02,4.496143216598605559e-03,2.722435342160623665e-03,1.007851063537240979e-02,1.986827812839445095e-02,2.397943048852589631e-02,9.941013900919852889e-03,2.899806129604421898e-02,4.174400857979623097e-02,4.559391714446781735e-02,1.247095381484689819e-02,4.834385183351895543e-02,3.139050447551870737e-02,3.818284315747501323e-02,2.749934689051134959e-02,6.165353572852644987e-02,2.459816579356240152e-02,2.043201473964993339e-02,1.975828074083240543e-02,1.094474006242351742e-02,2.237071869543098487e-02,2.122949579947476170e-02,3.587289801867205724e-02,2.089950363678862513e-02,6.712590575973820251e-02,6.115854748449724154e-02,1.552338131969365799e-02,4.918258191367955168e-02,1.354342834357684100e-01,6.353724099052647512e-02,8.293803022178222739e-02,5.745988532772346863e-02,1.391466952659874308e-02,4.509892890043861596e-02
8.689793617401585929e-03,1.821831731496376811e-02,1.636211139985425250e-02,6.476096192715423243e-03,2.751309656395660441e-02,3.495166989783992512e-02,4.012154711325605777e-02,9.267279902102324926e-03,4.383395894347509592e-02,2.488690893591277362e-02,3.192674173988367670e-02,1.728333952068638463e-02,5.677240165546068584e-02,1.552338131969365799e-02,1.513839046322649866e-02,1.319968650744544891e-02,0.000000000000000000e+00,1.926329249680320058e-02,1.491839568810240761e-02,3.596914573278884447e-02,1.808082058051121294e-02,5.711614349159207377e-02,5.146502770559199108e-02,1.556463034002942419e-02,4.237649355827798753e-02,9.652270758569483911e-02,5.436620880254094262e-02,7.760315692502303686e-02,5.009006036106642551e-02,1.390091985315348826e-02,4.058903601039475645e-02,1.110973614376658571e-02,9.198531534876047341e-03,1.394216887348925446e-02,7.933561577912523824e-03,1.491839568810240761e-02,5.059879827854088866e-03,2.928680443839459021e-03,1.157722504090527918e-02,8.373551128160705917e-03,1.249845316173740957e-02,9.157282514540279403e-03,1.388717017970823170e-02,3.794909870890566216e-03,2.282445791912442006e-03,8.511047862613262821e-03,1.669210356254038907e-02,2.010202257696379682e-02,8.469798842277496617e-03,2.477691154835072809e-02,3.515791499951876481e-02,3.881532813595676978e-02,1.054599953251110327e-02,4.098777654030717060e-02,2.708685668715368061e-02,3.251797769802967225e-02,2.316819975525581318e-02,5.242750484675989114e-02,2.080325592267183790e-02,1.713209311278857117e-02,1.649960813430681114e-02,9.281029575547581484e-03,1.875455457932874090e-02,1.784707613194186707e-02,2.985054104965007005e-02,1.772332907093456672e-02,5.616741602386943200e-02,5.114878521635111280e-02,1.285594467131405579e-02,4.146901511089111370e-02,1.139847928611695538e-01,5.343123100826355221e-02,7.015083391769445786e-02,4.838510085385472337e-02,1.174222112224834746e-02,3.792159936201515424e-02
1.501464340221919658e-02,3.185799337265739911e-02,2.865431945991282758e-02,1.128848189855490881e-02,4.765636816125617264e-02,6.137854225962133259e-02,6.968334502055575919e-02,1.579837478859877006e-02,7.745191051712521646e-02,4.325647265877435171e-02,5.561742908605920438e-02,3.001553713099313833e-02,9.895639978550509197e-02,2.681186321824856680e-02,2.692186060581061233e-02,2.301695334735799972e-02,1.926329249680320058e-02,0.000000000000000000e+00,2.606938085220476126e-02,6.339974425607391995e-02,3.151425153652600425e-02,1.004551141910379614e-01,9.018410812743196669e-02,2.759559460462814029e-02,7.449573072639524562e-02,1.696984696613455523e-01,9.556023044452693904e-02,1.351592899668632997e-01,8.842414992643925220e-02,2.378693506029231838e-02,7.089331628373826688e-02,1.931829119058422334e-02,1.599087021683235146e-02,2.457066644667189187e-02,1.388717017970823170e-02,2.573938868951862469e-02,8.717292964292097310e-03,5.142377868525622141e-03,2.017077094419007441e-02,1.443715711751845931e-02,2.190322979829228967e-02,1.614211662473016146e-02,2.403442918230691908e-02,6.531094886496446004e-03,4.014904646014657262e-03,1.489089634121189623e-02,2.934180313217561037e-02,3.533666075430708792e-02,1.447840613785422552e-02,4.309147657743128690e-02,6.136479258617608123e-02,6.760714433032215254e-02,1.827331600874479087e-02,7.189704244524192100e-02,4.662514265286199500e-02,5.678615132890593720e-02,4.027279352115387123e-02,9.118783428893563470e-02,3.629913789547498104e-02,3.060677308913913389e-02,2.917680705083254208e-02,1.619711531851118422e-02,3.286171953416106711e-02,3.154175088341652083e-02,5.303249047835113805e-02,3.088176655804424769e-02,9.939638933575327406e-02,9.043160224944657433e-02,2.285195726601493144e-02,7.280452089262880178e-02,2.003052427504846689e-01,9.360777681530063621e-02,1.223308446424397483e-01,8.500048123857058269e-02,2.055576180065723374e-02,6.693341033150462804e-02
1.186596818325564781e-02,2.468066383423393739e-02,2.220572261408791659e-02,8.607295576730053521e-03,3.647788365026330415e-02,4.687263677487659569e-02,5.327998460036573874e-02,1.225095903972280714e-02,5.913734548804466112e-02,3.335670777819026850e-02,4.261023800684733687e-02,2.344319322416092699e-02,7.558195492857044950e-02,2.098200167746016101e-02,2.113324808535797447e-02,1.758583233648200808e-02,1.491839568810240761e-02,2.606938085220476126e-02,0.000000000000000000e+00,4.955382309670145619e-02,2.447441873255510117e-02,7.819439288316902548e-02,7.031582999903752962e-02,2.133949318703680723e-02,5.723989055259937758e-02,1.304431519751405866e-01,7.318951174909596458e-02,1.035350410427752360e-01,6.762089400376740389e-02,1.860330817143092744e-02,5.407746566019056705e-02,1.436840875029218000e-02,1.233345708039434128e-02,1.893330033411706401e-02,1.079349365452570569e-02,2.004702388318277406e-02,6.558594233386957385e-03,4.083653013240935714e-03,1.495964470843817382e-02,1.090349104208775122e-02,1.702209572522652564e-02,1.248470348829215301e-02,1.868580621210246331e-02,4.922383093401531962e-03,3.121175872073038253e-03,1.156347536746002262e-02,2.253571477677405316e-02,2.699060897303688991e-02,1.101348842964979501e-02,3.287546920760631847e-02,4.694138514210287327e-02,5.165752313382557248e-02,1.401091724071553378e-02,5.517743953581102229e-02,3.592789671245307653e-02,4.343521841356267482e-02,3.106051231283257080e-02,6.997208816290613476e-02,2.813183186899311308e-02,2.369068734617552768e-02,2.238446836887623970e-02,1.249845316173740957e-02,2.524440044548941983e-02,2.389693244785436391e-02,4.120777131543126165e-02,2.358068995861348216e-02,7.725941508889164200e-02,6.907835938896450534e-02,1.740708658169368497e-02,5.601616961597161853e-02,1.538175968320752429e-01,7.208953787347550934e-02,9.424026179378239276e-02,6.544844559941701001e-02,1.578462511515351524e-02,5.161627411348980454e-02
2.836557631756245895e-02,5.990732720097897979e-02,5.425621141497889710e-02,2.096825200401490619e-02,8.816290613097939322e-02,1.137647980860454627e-01,1.285731963865858196e-01,3.001553713099313833e-02,1.437940848904838420e-01,8.039434063440993594e-02,1.031912992066438411e-01,5.638741079899352304e-02,1.828156581281194515e-01,5.031005513619051656e-02,5.143752835870148143e-02,4.287148180230719585e-02,3.596914573278884447e-02,6.339974425607391995e-02,4.955382309670145619e-02,0.000000000000000000e+00,5.959108471173809457e-02,1.894155013818421829e-01,1.700422114974769472e-01,5.197376562306645076e-02,1.383904632264983670e-01,3.162699885877710559e-01,1.772745397296814074e-01,2.505877985397846897e-01,1.634286185703089644e-01,4.448019359540211076e-02,1.313231310756369508e-01,3.511666597918299687e-02,2.947929986662816901e-02,4.592390930715395392e-02,2.615187889287629366e-02,4.824760411940216126e-02,1.596337086994183835e-02,9.803517166467295985e-03,3.643663462992753621e-02,2.657811876967922093e-02,4.087777915274512508e-02,2.996053843721211557e-02,4.472768771741671145e-02,1.196221589737243678e-02,7.452323007328575527e-03,2.795308611420478651e-02,5.487494672001540230e-02,6.576468808865788829e-02,2.667436648379600816e-02,7.914312035089166031e-02,1.139710431877242885e-01,1.245582917405711615e-01,3.412668949112458716e-02,1.330830892766296791e-01,8.684293748023484694e-02,1.046762639387314592e-01,7.540320917378212640e-02,1.691072337031995498e-01,6.733215086141704220e-02,5.723989055259937758e-02,5.454495455732926573e-02,3.016678353889095179e-02,6.118604683138775119e-02,5.824361671410303865e-02,1.007163579864978203e-01,5.717114218537310000e-02,1.878205392621925263e-01,1.680897578682506166e-01,4.266523670062836310e-02,1.352280383340895564e-01,3.725886510195383083e-01,1.752670874066740991e-01,2.278870876816675717e-01,1.585199851503526769e-01,3.807284576991296771e-02,1.243382969654470704e-01
1.454715450508050484e-02,3.000178745754788351e-02,2.707310701370842579e-02,1.051850018562059189e-02,4.503018053321233838e-02,5.668990361478914997e-02,6.550344429319804318e-02,1.515214013667175348e-02,7.122330844642439651e-02,4.072653274484731162e-02,5.204251399029272834e-02,2.972679398864276970e-02,9.176532057363637196e-02,2.551939391439453364e-02,2.595938346464271573e-02,2.161448665594192103e-02,1.808082058051121294e-02,3.151425153652600425e-02,2.447441873255510117e-02,5.959108471173809457e-02,0.000000000000000000e+00,9.488649644570941455e-02,8.607295576730052133e-02,2.678436387135805369e-02,6.928460449064334503e-02,1.582312420080023152e-01,8.843789959988450355e-02,1.260570061461040170e-01,8.187930536649754010e-02,2.257696379710981763e-02,6.614967894512505109e-02,1.801207221328493535e-02,1.487714666776664141e-02,2.308570171458427731e-02,1.303469042610238063e-02,2.439192069188356876e-02,8.139806679591360047e-03,5.032380480963577485e-03,1.875455457932874090e-02,1.347467997635056099e-02,2.073450755544555685e-02,1.509714144289073072e-02,2.246696640954777210e-02,6.146104030029286673e-03,3.808659544335821906e-03,1.435465907684692517e-02,2.756809525773762717e-02,3.294421757483259605e-02,1.351592899668632893e-02,4.034154188838014882e-02,5.635991145210301340e-02,6.338599458262866859e-02,1.761333168337252120e-02,6.613592927167979973e-02,4.394395633103713450e-02,5.301874080490588670e-02,3.976405560367941155e-02,8.458799103521291718e-02,3.367295026743114678e-02,2.854432207235078206e-02,2.689436125892009921e-02,1.520713883045277624e-02,3.042802733435081078e-02,2.925930509150407796e-02,4.933382832157736514e-02,2.938305215251137831e-02,9.259030098035171685e-02,8.538547209503774549e-02,2.220572261408791659e-02,6.762089400376740389e-02,1.878892876294188108e-01,8.682918780678959558e-02,1.145485294724250258e-01,7.846938635207413582e-02,1.913954543579590023e-02,6.261601286969434299e-02
