0.000000000000000000e+00,1.251115822361080140e-02,6.792568623075206577e-03,4.421446105779960195e-03,2.422729301495201923e-02,2.941586699397455776e-02,3.389310421780852151e-02,4.519080562374469881e-03,3.205199732202633489e-02,1.849475563490292351e-02,2.359964293684445324e-02,1.301327828609685419e-02,4.464684222271814162e-02,1.265063601874581549e-02,1.106058915420665006e-02,1.157665699620620374e-02,6.667038607453693380e-03,1.544019192144610586e-02,1.122796250836866766e-02,2.864873912073197942e-02,1.159060477571970463e-02,4.499553671055567944e-02,3.625027895559027047e-02,1.107453693372015095e-02,3.788216915866993856e-02,8.022762776166034171e-02,4.668321803168935802e-02,5.930595849140817000e-02,4.553950011158223315e-02,9.972662352153537427e-03,3.198225842445882872e-02,1.677917875474224663e-02,8.563936621289890486e-03,1.449174291452800731e-02,8.661571077884400172e-03,1.192535148404373982e-02,4.505132782860968126e-03,4.742245034590492764e-03,1.318065164025887005e-02,8.982370006694934475e-03,1.178587368890872573e-02,9.777393438964516320e-03,1.138138808301718437e-02,3.333519303726846690e-03,3.459049319348359887e-03,8.591832180316893997e-03,1.485438518187904428e-02,1.714182102209328359e-02,7.197054228966748811e-03,2.188406605668377636e-02,3.277728185672840883e-02,3.293070743137692380e-02,7.336532024101762896e-03,3.950011158223611096e-02,2.159116268690024557e-02,2.987614371792010615e-02,1.947110020084802384e-02,4.545581343450122436e-02,1.418489176523097563e-02,1.534255746485159617e-02,1.093505913858513687e-02,6.569404150859182827e-03,1.327828609685338147e-02,1.693260432939076160e-02,2.488283865208658699e-02,1.511939299263557156e-02,4.548370899352822960e-02,4.004407498326266468e-02,1.219035929480026710e-02,3.432548538272706812e-02,9.565387190359295189e-02,4.878933273822807365e-02,6.187234992189243749e-02,3.892825262218255200e-02,8.745257754965408969e-03,3.615264449899575905e-02
1.251115822361080140e-02,0.000000000000000000e+00,1.129770140593617557e-02,7.280740906047757609e-03,4.067172506137022719e-02,5.051885739790225316e-02,5.713010488730194125e-02,7.448114260209774337e-03,5.502399018076322562e-02,3.180093729078330850e-02,3.990459718812765233e-02,2.171669270252175876e-02,7.575039053782638143e-02,2.154931934835974117e-02,1.859239009149743493e-02,1.976400357063155463e-02,1.179982146842222662e-02,2.670999776835527792e-02,1.882950234322695870e-02,4.911013166703860622e-02,1.920609239009149830e-02,7.646172729301495274e-02,6.131443874135237421e-02,1.813211336755188655e-02,6.488507029680874727e-02,1.342194822584244496e-01,7.983708993528230990e-02,1.010377147958045063e-01,7.827493862977014105e-02,1.690470877036375982e-02,5.353157777281856988e-02,2.813267127873242748e-02,1.457542959160901611e-02,2.400412854273599808e-02,1.457542959160901611e-02,2.028007141263111004e-02,7.741017629993305130e-03,7.992077661236331523e-03,2.216302164695380453e-02,1.497991519750055747e-02,1.977795135014505726e-02,1.647232760544521321e-02,1.993137692479357223e-02,5.802276277616603625e-03,5.913858513724615067e-03,1.366882392323142195e-02,2.505021200624860458e-02,2.884400803392099880e-02,1.199509038161124773e-02,3.657107788440080304e-02,5.551216246373577579e-02,5.556795358178977934e-02,1.231588931042178030e-02,6.704697612140146645e-02,3.687792903369783298e-02,5.030964070519973463e-02,3.240069180986387271e-02,7.653146619058245892e-02,2.431097969203302803e-02,2.588707877705869256e-02,1.891318902030796750e-02,1.120006694934166415e-02,2.259540281187235114e-02,2.883006025440749964e-02,4.230361526444990222e-02,2.477125641597857642e-02,7.799598303950011635e-02,6.721434947556348405e-02,1.997322026333407663e-02,5.859462173621959175e-02,1.597439187681321260e-01,8.318455701852264794e-02,1.046083463512608724e-01,6.629379602767239421e-02,1.516123633117607596e-02,6.111916982816335830e-02
6.792568623075206577e-03,1.129770140593617557e-02,0.000000000000000000e+00,3.779848248158892889e-03,2.142378933273822797e-02,2.662631109127426912e-02,3.014115152867663516e-02,4.016960499888417961e-03,2.906717250613702341e-02,1.652811872349922023e-02,2.099140816781968483e-02,1.146507476009819317e-02,3.970932827493862949e-02,1.125585806739567117e-02,9.875027895559027741e-03,1.047478241463959021e-02,6.150970765454139705e-03,1.400357063155545714e-02,1.027951350145056911e-02,2.601260879268020576e-02,1.033530461950457439e-02,4.090883731309975790e-02,3.283307297478241238e-02,9.637915643829502235e-03,3.406047757197053910e-02,7.085471992858737023e-02,4.237335416201740840e-02,5.282024101762999163e-02,4.128542735996429403e-02,8.996317786208435363e-03,2.836978353046195125e-02,1.474280294577103370e-02,7.643383173398794576e-03,1.276221825485382780e-02,7.643383173398794576e-03,1.072584244588261487e-02,3.975117161347913562e-03,4.281968310644945243e-03,1.173008257085472045e-02,7.866547645614818327e-03,1.057241687123409990e-02,8.828944432046417767e-03,1.044688685561258670e-02,2.984824815889310611e-03,3.110354831510823374e-03,7.573644275831287534e-03,1.305512162463735859e-02,1.525887078777058738e-02,6.346239678643159944e-03,1.930372684668600625e-02,2.961113590716358060e-02,2.912296362419103044e-02,6.625195268913188981e-03,3.551104664137469391e-02,1.913635349252398865e-02,2.675184110689578232e-02,1.725340325820129417e-02,4.061593394331622364e-02,1.281800937290783308e-02,1.378040615933943253e-02,9.875027895559027741e-03,5.816224057130104513e-03,1.192535148404373982e-02,1.521702744923008298e-02,2.252566391430484150e-02,1.343171167150189645e-02,4.115989734434277736e-02,3.592948002677973790e-02,1.083742468199062718e-02,3.083854050435170732e-02,8.490013389868332483e-02,4.406103548315108004e-02,5.499609462173622038e-02,3.528788216915867276e-02,7.782860968533809529e-03,3.213568399910734369e-02
4.421446105779960195e-03,7.280740906047757609e-03,3.779848248158892889e-03,0.000000000000000000e+00,1.372461504128542724e-02,1.676523097522874400e-02,1.933162240571301149e-02,2.524548091943762656e-03,1.849475563490292351e-02,1.079558134345012278e-02,1.354329390760990875e-02,7.503905378263780492e-03,2.562207096630216355e-02,7.280740906047757609e-03,6.332291899129658189e-03,6.764673064048203933e-03,3.933273822807409163e-03,8.982370006694934475e-03,6.443874135237670497e-03,1.647232760544521321e-02,6.583351930372684582e-03,2.591497433608569434e-02,2.051718366436063382e-02,6.346239678643159944e-03,2.199564829279178693e-02,4.595793349698727714e-02,2.708658781521981751e-02,3.447891095737558309e-02,2.643104217808524975e-02,5.690694041508592184e-03,1.829948672171390414e-02,9.582124525775496948e-03,4.979357286320018269e-03,8.257085471992858805e-03,5.007252845347020913e-03,6.862307520642713619e-03,2.566391430484267055e-03,2.747712564159785972e-03,7.559696496317785779e-03,5.118835081455032354e-03,6.792568623075206577e-03,5.607007364427583386e-03,6.764673064048203933e-03,1.938741352376701721e-03,1.994532470430707225e-03,4.784088373130997163e-03,8.689466636911403682e-03,9.916871234099532140e-03,4.114594956482927647e-03,1.249721044409730052e-02,1.880160678419995693e-02,1.882950234322695870e-02,4.184333854050435557e-03,2.259540281187235114e-02,1.248326266458379789e-02,1.721155991966078977e-02,1.104664137469314918e-02,2.608234769024771194e-02,8.382615487614372002e-03,8.731309975451908081e-03,6.332291899129658189e-03,3.738004909618388924e-03,7.699174291452800731e-03,9.763445659451015432e-03,1.419883954474447652e-02,8.522093282749386087e-03,2.631945994197723571e-02,2.276277616603436874e-02,6.792568623075206577e-03,2.000111582236107841e-02,5.463345235438517994e-02,2.830004463289444161e-02,3.579000223164472555e-02,2.230249944208882035e-02,5.216469538049542908e-03,2.092166927025217518e-02
2.422729301495201923e-02,4.067172506137022719e-02,2.142378933273822797e-02,1.372461504128542724e-02,0.000000000000000000e+00,9.530517741575540713e-02,1.088624191028788185e-01,1.412910064717696861e-02,1.035064717696942693e-01,6.106337871010934781e-02,7.612698058469091755e-02,4.184333854050435036e-02,1.448895335862530609e-01,4.065777728185673151e-02,3.481365766569961828e-02,3.777058692256193145e-02,2.234434278062932475e-02,5.049096183887524791e-02,3.594342780629324052e-02,9.223666592278509380e-02,3.664081678196830921e-02,1.446803168935505424e-01,1.156270921669270285e-01,3.485550100424012615e-02,1.229775719705422932e-01,2.543656549877259532e-01,1.509847132336532005e-01,1.919911850033474698e-01,1.477767239455478610e-01,3.205199732202633489e-02,1.022930149520196452e-01,5.477293014952019923e-02,2.828609685338094246e-02,4.654374023655433873e-02,2.809082794019192308e-02,3.906773041731756435e-02,1.471490738674403019e-02,1.534255746485159617e-02,4.312653425574648758e-02,2.866268690024548205e-02,3.810533363088595971e-02,3.191251952689131560e-02,3.842613255969649921e-02,1.128375362642267295e-02,1.124191028788216855e-02,2.703079669716581049e-02,4.768745815666145665e-02,5.460555679535818163e-02,2.327884400803392068e-02,7.075708547199285881e-02,1.054870564606114752e-01,1.062262887748270518e-01,2.368332961392546204e-02,1.271340102655657278e-01,7.061760767685784645e-02,9.664416424905154790e-02,6.298817228297255710e-02,1.460611470653871979e-01,4.687848694487837392e-02,4.891486275384959032e-02,3.565052443650970626e-02,2.113088596295469718e-02,4.247098861861191982e-02,5.484266904708770540e-02,7.980919437625530466e-02,4.818957821914750944e-02,1.477906717250613566e-01,1.282777281856728457e-01,3.871903592948002654e-02,1.110801160455255482e-01,3.057213791564383221e-01,1.573867440303503562e-01,1.986861191698281737e-01,1.238004909618388716e-01,2.878821691586699524e-02,1.168405489846016526e-01
2.941586699397455776e-02,5.051885739790225316e-02,2.662631109127426912e-02,1.676523097522874400e-02,9.530517741575540713e-02,0.000000000000000000e+00,1.339823700066949397e-01,1.735103771479580559e-02,1.278453470207542852e-01,7.396507476009819837e-02,9.255746485159561943e-02,5.071412631109127600e-02,1.765509930819013640e-01,5.044911850033474698e-02,4.329390760990850517e-02,4.627873242579780971e-02,2.735159562597634306e-02,6.206761883508145339e-02,4.427025217585360550e-02,1.144973220263334063e-01,4.496764115152867419e-02,1.793266012050881431e-01,1.437039723276054559e-01,4.248493639812541550e-02,1.520029011381388018e-01,3.122628877482704901e-01,1.861052220486498487e-01,2.363311760767685676e-01,1.816140370453023789e-01,3.966748493639812856e-02,1.250557911180540105e-01,6.622405713010488804e-02,3.396284311537603462e-02,5.647455925016737349e-02,3.425574648515956194e-02,4.820352599866101206e-02,1.799263557241687073e-02,1.887134568176746310e-02,5.196942646730640797e-02,3.528788216915867276e-02,4.659953135460834922e-02,3.860745369337201249e-02,4.694822584244588010e-02,1.352934612809640787e-02,1.380830171836643604e-02,3.235884847132336484e-02,5.849698727962508032e-02,6.740961838875250689e-02,2.802108904262441344e-02,8.568120955143941619e-02,1.298677750502120198e-01,1.300072528453470322e-01,2.876032135683999000e-02,1.568009372907833154e-01,8.541620174068288718e-02,1.175658335193037335e-01,7.595960723052889996e-02,1.787128989064940832e-01,5.717194822584244912e-02,6.024045971881276246e-02,4.408893104217808528e-02,2.592892211559919696e-02,5.286208435617049950e-02,6.692144610577996366e-02,9.904318232537380473e-02,5.845514394108457940e-02,1.826043293907609888e-01,1.578470207542959081e-01,4.693427806293238441e-02,1.363813880830171965e-01,3.729775719705422654e-01,1.946691586699397514e-01,2.449787993751394721e-01,1.545274492300825753e-01,3.558078553894220009e-02,1.427136799821468460e-01
3.389310421780852151e-02,5.713010488730194125e-02,3.014115152867663516e-02,1.933162240571301149e-02,1.088624191028788185e-01,1.339823700066949397e-01,0.000000000000000000e+00,1.990348136576657045e-02,1.452382280740905918e-01,8.533251506360187144e-02,1.070771033251506354e-01,5.865041285427360224e-02,2.022706985047980355e-01,5.732537380049096409e-02,4.873354162017407010e-02,5.291787547422450305e-02,3.138250390537826451e-02,7.064550323588485170e-02,5.039332738228074343e-02,1.296306627984824822e-01,5.145335862530685256e-02,2.028844008033920954e-01,1.627008480249944322e-01,4.869169828163356223e-02,1.727014059361749732e-01,3.562262887748270379e-01,2.116993974559250036e-01,2.693734657442535263e-01,2.071245257754965319e-01,4.505132782860968299e-02,1.433552778397678973e-01,7.636409283642044132e-02,3.951405936174960665e-02,6.487112251729525159e-02,3.913746931488507053e-02,5.482872126757420278e-02,2.061481812095514524e-02,2.143773711225173059e-02,6.043572863200178530e-02,4.026723945547868583e-02,5.326656996206204087e-02,4.470263334077215212e-02,5.360131667038607606e-02,1.573309529122963665e-02,1.583072974782414807e-02,3.777058692256193145e-02,6.650301272037491274e-02,7.661515286766347466e-02,3.259596072305288861e-02,9.900133898683328992e-02,1.479022539611693776e-01,1.490320241017629999e-01,3.313992412407944926e-02,1.786013166703860622e-01,9.897344342780629856e-02,1.351958268243695638e-01,8.831733987949118292e-02,2.053671055567953541e-01,6.559640705199731858e-02,6.846964963177862296e-02,4.998884177638920207e-02,2.966692702521758415e-02,5.986386967194822634e-02,7.679647400133898794e-02,1.120146172729301476e-01,6.747935728632001307e-02,2.069571524213345282e-01,1.798845123856282202e-01,5.446607900022316234e-02,1.557827493862977142e-01,4.282805177415755504e-01,2.204586029904039290e-01,2.787324257978129882e-01,1.739706538719035800e-01,4.019750055791117965e-02,1.633145503235884921e-01
4.519080562374469881e-03,7.448114260209774337e-03,4.016960499888417961e-03,2.524548091943762656e-03,1.412910064717696861e-02,1.735103771479580559e-02,1.990348136576657045e-02,0.000000000000000000e+00,1.896898013836197106e-02,1.082347690247712629e-02,1.372461504128542724e-02,7.573644275831287534e-03,2.619392992635572251e-02,7.420218701182771694e-03,6.541508591832180183e-03,6.848359741129211864e-03,3.975117161347913562e-03,9.121847801829948560e-03,6.527560812318679295e-03,1.684891765230975280e-02,6.778620843561704822e-03,2.659841553224726735e-02,2.135405043517072179e-02,6.415978576210666987e-03,2.235829056014282390e-02,4.689243472439187654e-02,2.760265565721936945e-02,3.510656103548315254e-02,2.704474447667931311e-02,5.802276277616603625e-03,1.873186788663244728e-02,9.916871234099532140e-03,5.146730640482034998e-03,8.480249944208881688e-03,5.090939522428029711e-03,7.071524213345235614e-03,2.664025887078777174e-03,2.775608123186788616e-03,7.796808748047311284e-03,5.300156215130550838e-03,6.932046418210220662e-03,5.774380718589600114e-03,6.778620843561704822e-03,2.022428029457710302e-03,2.050323588484713380e-03,4.979357286320018269e-03,8.731309975451908081e-03,9.888975675072528629e-03,4.254072751617942599e-03,1.273432269582682429e-02,1.924793572863200269e-02,1.937346574425351589e-02,4.268020531131443487e-03,2.308357509484490130e-02,1.260879268020531109e-02,1.749051550993081794e-02,1.145112698058469054e-02,2.664025887078777174e-02,8.410511046641375513e-03,9.052108904262440650e-03,6.513613032805177540e-03,3.793796027672394645e-03,7.796808748047311284e-03,9.791341218478018943e-03,1.463122070966302139e-02,8.801048873019415991e-03,2.697500557911180694e-02,2.355779959830394885e-02,7.127315331399240901e-03,2.033586253068511360e-02,5.598638696719482333e-02,2.864873912073197942e-02,3.622238339656326522e-02,2.297199285873689073e-02,5.132782860968534110e-03,2.125641597857621037e-02
3.205199732202633489e-02,5.502399018076322562e-02,2.906717250613702341e-02,1.849475563490292351e-02,1.035064717696942693e-01,1.278453470207542852e-01,1.452382280740905918e-01,1.896898013836197106e-02,0.000000000000000000e+00,8.064606114706539264e-02,1.012469314885070248e-01,5.514952019638473535e-02,1.918517072082124575e-01,5.513557241687123273e-02,4.733876366882392578e-02,5.037937960276724081e-02,2.994588261548761579e-02,6.788384289221155443e-02,4.863590716357955868e-02,1.257950234322695870e-01,4.891486275384959032e-02,1.966636911403704668e-01,1.573030573532693543e-01,4.651584467752734042e-02,1.659227850926132675e-01,3.415392769471100043e-01,2.041397009596072343e-01,2.581873465744253249e-01,1.998158893104217682e-01,4.348917652309752108e-02,1.359629546976121317e-01,7.141263110912743350e-02,3.698951126980584703e-02,6.109127426913635306e-02,3.698951126980584703e-02,5.238785985271144502e-02,1.969426467306404846e-02,2.054507922338763559e-02,5.643271591162686562e-02,3.813322918991296495e-02,5.051885739790225316e-02,4.192702521758535916e-02,5.120229859406382616e-02,1.457542959160901611e-02,1.516123633117607596e-02,3.495313546083463757e-02,6.388083017183664170e-02,7.374191028788217028e-02,3.054563713456817653e-02,9.241798705646060708e-02,1.418907609908502676e-01,1.408307297478241515e-01,3.134066056683775664e-02,1.720179647400133793e-01,9.262720374916313948e-02,1.276919214461057772e-01,8.163635349252398865e-02,1.953107565275608026e-01,6.208156661459495601e-02,6.531745146172729388e-02,4.824536933720151993e-02,2.823030573532693543e-02,5.772985940638250546e-02,7.291899129658557799e-02,1.084300379379602719e-01,6.312765007810756945e-02,1.997740459718812811e-01,1.719063825039053861e-01,5.083965632671278573e-02,1.481533139924124109e-01,4.060756527560812068e-01,2.125223164472216097e-01,2.667233876366882361e-01,1.698839544744476793e-01,3.869114037045302129e-02,1.552387859852711327e-01
1.849475563490292351e-02,3.180093729078330850e-02,1.652811872349922023e-02,1.079558134345012278e-02,6.106337871010934781e-02,7.396507476009819837e-02,8.533251506360187144e-02,1.082347690247712629e-02,8.064606114706539264e-02,0.000000000000000000e+00,6.010098192367775011e-02,3.256806516402589030e-02,1.122238339656326661e-01,3.234490069180986221e-02,2.701684891765231133e-02,2.969482258424458940e-02,1.746261995090381616e-02,3.930484266904708812e-02,2.788161124748940109e-02,7.254240124972104187e-02,2.820241017629993366e-02,1.126701629100647223e-01,8.947500557911181041e-02,2.645893773711225153e-02,9.640705199732202413e-02,1.965521089042624459e-01,1.174263557241687073e-01,1.497015175184110702e-01,1.146089042624414134e-01,2.516179424235661516e-02,7.913970095960723428e-02,4.199676411515286534e-02,2.184222271814327196e-02,3.581789779067172386e-02,2.149352823030573414e-02,3.083854050435170732e-02,1.161850033474670814e-02,1.175797812988172222e-02,3.334914081678196779e-02,2.242802945771033354e-02,2.952744923008257180e-02,2.461783084133006144e-02,3.029457710332515014e-02,8.787101093505913368e-03,8.745257754965408969e-03,2.071245257754965319e-02,3.703135460834634796e-02,4.221992858736889342e-02,1.809027002901138215e-02,5.502399018076322562e-02,8.078553894220040499e-02,8.305902700290113128e-02,1.817395670609239094e-02,9.869448783753625998e-02,5.521925909395224152e-02,7.442535148404373635e-02,4.890091497433608769e-02,1.135628207989288069e-01,3.683608569515733205e-02,3.786822137915643594e-02,2.785371568846239584e-02,1.658390984155322379e-02,3.320966302164695544e-02,4.238730194153091102e-02,6.203972327605445508e-02,3.714293684445436200e-02,1.149297031912519529e-01,9.921055567953582233e-02,2.982035259986610259e-02,8.640649408614148319e-02,2.356616826601204973e-01,1.216664806962731576e-01,1.551132559696496438e-01,9.583519303726846517e-02,2.252566391430484150e-02,9.020029011381387740e-02
2.359964293684445324e-02,3.990459718812765233e-02,2.099140816781968483e-02,1.354329390760990875e-02,7.612698058469091755e-02,9.255746485159561943e-02,1.070771033251506354e-01,1.372461504128542724e-02,1.012469314885070248e-01,6.010098192367775011e-02,0.000000000000000000e+00,4.117384512385627998e-02,1.412491631332291886e-01,4.026723945547868583e-02,3.432548538272706812e-02,3.721267574202186817e-02,2.198170051327828778e-02,4.943093059584913879e-02,3.527393438964517014e-02,9.114873912073198636e-02,3.585974112921223173e-02,1.422115599196607794e-01,1.131583351930372655e-01,3.390705199732202413e-02,1.211643606337871049e-01,2.487028565052443740e-01,1.478883061816558819e-01,1.885181879044856013e-01,1.440666145949564825e-01,3.160566837759428566e-02,9.985215353715688746e-02,5.301550993081901447e-02,2.742133452354385270e-02,4.534423119839321725e-02,2.736554340548984568e-02,3.852376701629100370e-02,1.443595179647400202e-02,1.499386297701406009e-02,4.134121847801829758e-02,2.802108904262441344e-02,3.707319794688685582e-02,3.076880160678420115e-02,3.793796027672394211e-02,1.097690247712564127e-02,1.092111135907163598e-02,2.629156438295023393e-02,4.686453916536487130e-02,5.357342111135907081e-02,2.283251506360187491e-02,6.920888194599419951e-02,1.026835527783976770e-01,1.040504351707208230e-01,2.306962731533139868e-02,1.247070966302164657e-01,6.881834411961615383e-02,9.420330283418880402e-02,6.114706538719035661e-02,1.426578888640928355e-01,4.630662798482481496e-02,4.798036152644499092e-02,3.519024771256416134e-02,2.071245257754965319e-02,4.185728632001785299e-02,5.341999553671055584e-02,7.840046864539165772e-02,4.690638250390537917e-02,1.452521758536041152e-01,1.252789555902700247e-01,3.733820575764338484e-02,1.084579334969872771e-01,2.971992858736889342e-01,1.540671725061370234e-01,1.950736442758312927e-01,1.218478018299486709e-01,2.849531354608346445e-02,1.135488730194153112e-01
1.301327828609685419e-02,2.171669270252175876e-02,1.146507476009819317e-02,7.503905378263780492e-03,4.184333854050435036e-02,5.071412631109127600e-02,5.865041285427360224e-02,7.573644275831287534e-03,5.514952019638473535e-02,3.256806516402589030e-02,4.117384512385627998e-02,0.000000000000000000e+00,7.731254184333853641e-02,2.196775273376478516e-02,1.899687569738897630e-02,2.002901138138808365e-02,1.195324704307074333e-02,2.689131890203079814e-02,1.926188350814550185e-02,4.943093059584913879e-02,1.988953358625306783e-02,7.669883954474447652e-02,6.184445436286543224e-02,1.869002454809194289e-02,6.581957152421334667e-02,1.368835081455032354e-01,8.067395670609238401e-02,1.028509261325596946e-01,7.830283418879714630e-02,1.707208212452577395e-02,5.475898237000669661e-02,2.924849363981254016e-02,1.517518411068957858e-02,2.495257754965409663e-02,1.497991519750055747e-02,2.082403481365766723e-02,7.894443204641821837e-03,8.103659897344342097e-03,2.301383619727739513e-02,1.550993081901361377e-02,2.040560142825262324e-02,1.711392546306627835e-02,2.032191475117161444e-02,6.025440749832626508e-03,5.899910734211113311e-03,1.442200401696049940e-02,2.535706315554563800e-02,2.933218031689354896e-02,1.253905378263780492e-02,3.799375139477795260e-02,5.563769247935728551e-02,5.718589600535594480e-02,1.256694934166480669e-02,6.750725284534701831e-02,3.778453470207542714e-02,5.189968756973889485e-02,3.386520865878152320e-02,7.863758089712118149e-02,2.514784646284311601e-02,2.654262441419326032e-02,1.902477125641597808e-02,1.133954474447667997e-02,2.290225396116938109e-02,2.929033697835304456e-02,4.230361526444990222e-02,2.581733987949118639e-02,7.828888640928363674e-02,6.810700736442758252e-02,2.050323588484713119e-02,5.950122740459718590e-02,1.629379602767239421e-01,8.321245257754965319e-02,1.066726177192590941e-01,6.594510153983486334e-02,1.523097522874358387e-02,6.244420888194599645e-02
4.464684222271814162e-02,7.575039053782638143e-02,3.970932827493862949e-02,2.562207096630216355e-02,1.448895335862530609e-01,1.765509930819013640e-01,2.022706985047980355e-01,2.619392992635572251e-02,1.918517072082124575e-01,1.122238339656326661e-01,1.412491631332291886e-01,7.731254184333853641e-02,0.000000000000000000e+00,7.633619727739343608e-02,6.449453247043070159e-02,6.994811426020977607e-02,4.113200178531577905e-02,9.343617496094622221e-02,6.619616157107788279e-02,1.712787324257978028e-01,6.743751394777951214e-02,2.688852934612809831e-01,2.143215800044633024e-01,6.417373354162017596e-02,2.284925239901807736e-01,4.701517518411069130e-01,2.797645614818121129e-01,3.560449676411515108e-01,2.741575541173845165e-01,5.943148850702967972e-02,1.893690024548091988e-01,1.005216469538049578e-01,5.194153090827940272e-02,8.594621736219594521e-02,5.180205311314439037e-02,7.293293907609908755e-02,2.742133452354385270e-02,2.842557464851595481e-02,7.927917875474224663e-02,5.358736889087257343e-02,7.081287659004686930e-02,5.909674179870564453e-02,7.104998884177639307e-02,2.074034813657665843e-02,2.090772149073867603e-02,4.990515509930819327e-02,8.785706315554563106e-02,1.011632448114260230e-01,4.287547422450346118e-02,1.304675295692925563e-01,1.951154876143717798e-01,1.971518634233430101e-01,4.371234099531354916e-02,2.354524659674179787e-01,1.303141039946440483e-01,1.784060477571970671e-01,1.165476456148181184e-01,2.714516848917652436e-01,8.664360633787100696e-02,9.082794019192144686e-02,6.601484043740236951e-02,3.908167819683106697e-02,7.927917875474224663e-02,1.014561481812095572e-01,1.488646507476009684e-01,8.874972104440972953e-02,2.740041285427359807e-01,2.382699174291452726e-01,7.185896005355947580e-02,2.060644945324704436e-01,5.650663914304843161e-01,2.918572863200178391e-01,3.695185226511939480e-01,2.297338763668823891e-01,5.336420441865655229e-02,2.163997991519749919e-01
1.265063601874581549e-02,2.154931934835974117e-02,1.125585806739567117e-02,7.280740906047757609e-03,4.065777728185673151e-02,5.044911850033474698e-02,5.732537380049096409e-02,7.420218701182771694e-03,5.513557241687123273e-02,3.234490069180986221e-02,4.026723945547868583e-02,2.196775273376478516e-02,7.633619727739343608e-02,0.000000000000000000e+00,1.849475563490292351e-02,2.001506360187458103e-02,1.188350814550323542e-02,2.673789332738227970e-02,1.902477125641597808e-02,4.917987056460611239e-02,1.922004016960499745e-02,7.681042178085248362e-02,6.117496094621736186e-02,1.839712117830841209e-02,6.535929480026779481e-02,1.340381611247489502e-01,8.025552332068734696e-02,1.017908948895335924e-01,7.833072974782415154e-02,1.707208212452577395e-02,5.367105556795358223e-02,2.838373130997545041e-02,1.468701182771702668e-02,2.425518857397902101e-02,1.467306404820352579e-02,2.043349698727962502e-02,7.768913189020307773e-03,8.159451015398349119e-03,2.238618611916982915e-02,1.499386297701406009e-02,1.991742914528007308e-02,1.662575318009372818e-02,2.048928810533363204e-02,5.872015175184110668e-03,5.983597411292122109e-03,1.393383173398794923e-02,2.532916759651863275e-02,2.883006025440749964e-02,1.209272483820575741e-02,3.689187681321133561e-02,5.572137915643829431e-02,5.597243918768132070e-02,1.252510600312430229e-02,6.713066279848248219e-02,3.728241463958937435e-02,5.079781298817228480e-02,3.283307297478241238e-02,7.672673510377148176e-02,2.486889087257308784e-02,2.585918321803169079e-02,1.899687569738897630e-02,1.121401472885516677e-02,2.263724615041285554e-02,2.888585137246150319e-02,4.242914528007141195e-02,2.524548091943762396e-02,7.863758089712118149e-02,6.757699174291452449e-02,2.016848917652309600e-02,5.894331622405712956e-02,1.606365766569962106e-01,8.339377371122516647e-02,1.049570408390984172e-01,6.601484043740236951e-02,1.530071412631109178e-02,6.123075206427136541e-02
1.106058915420665006e-02,1.859239009149743493e-02,9.875027895559027741e-03,6.332291899129658189e-03,3.481365766569961828e-02,4.329390760990850517e-02,4.873354162017407010e-02,6.541508591832180183e-03,4.733876366882392578e-02,2.701684891765231133e-02,3.432548538272706812e-02,1.899687569738897630e-02,6.449453247043070159e-02,1.849475563490292351e-02,0.000000000000000000e+00,1.705813434501227480e-02,9.902923454586029517e-03,2.280461950457487313e-02,1.631890203079669824e-02,4.251283195715242075e-02,1.682102209328275103e-02,6.619616157107788279e-02,5.314103994644052420e-02,1.617942423566168242e-02,5.547031912519526792e-02,1.173845123856282063e-01,6.905545637134567760e-02,8.671334523543851314e-02,6.733987949118500071e-02,1.446384735550100380e-02,4.616715018968980261e-02,2.415755411738451305e-02,1.266458379825931638e-02,2.090772149073867603e-02,1.272037491631332340e-02,1.722550769917429239e-02,6.569404150859182827e-03,6.959941977237224173e-03,1.898292791787547368e-02,1.299933050658335157e-02,1.704418656549877217e-02,1.426857844231198442e-02,1.668154429814773521e-02,4.839879491185003317e-03,4.993305065833519157e-03,1.186956036598973453e-02,2.160511046641374819e-02,2.502231644722160281e-02,1.039109573755858142e-02,3.115933943316223989e-02,4.764561481812095572e-02,4.753403258201294168e-02,1.046083463512608759e-02,5.761827717027449142e-02,3.107565275608123109e-02,4.325206427136799731e-02,2.793740236554340464e-02,6.576378040615933618e-02,2.068455701852265141e-02,2.265119392992635469e-02,1.641653648739120619e-02,9.512385628207989038e-03,1.956873465744253526e-02,2.453414416424905264e-02,3.633396563267127927e-02,2.139589377371122619e-02,6.692144610577996366e-02,5.793907609908502399e-02,1.719761214014728715e-02,5.050490961838875054e-02,1.376645837982593268e-01,7.187290783307297148e-02,9.013055121624637123e-02,5.726958268243695360e-02,1.287380049096183837e-02,5.286208435617049950e-02
1.157665699620620374e-02,1.976400357063155463e-02,1.047478241463959021e-02,6.764673064048203933e-03,3.777058692256193145e-02,4.627873242579780971e-02,5.291787547422450305e-02,6.848359741129211864e-03,5.037937960276724081e-02,2.969482258424458940e-02,3.721267574202186817e-02,2.002901138138808365e-02,6.994811426020977607e-02,2.001506360187458103e-02,1.705813434501227480e-02,0.000000000000000000e+00,1.097690247712564127e-02,2.440861414862753945e-02,1.760209774603883198e-02,4.545581343450122436e-02,1.772762776166034518e-02,7.102209328274938782e-02,5.655824592724838229e-02,1.666759651863423258e-02,6.022651193929926677e-02,1.233681097969203250e-01,7.404876143717920023e-02,9.370118277170275123e-02,7.199843784869448815e-02,1.581678196831064545e-02,4.951461727293014758e-02,2.612419102878821633e-02,1.345960723052889996e-02,2.231644722160231950e-02,1.338986833296139205e-02,1.905266681544297985e-02,7.155210890426244412e-03,7.350479803615264651e-03,2.055902700290113821e-02,1.387804061593394395e-02,1.838317339879491294e-02,1.520307966971658035e-02,1.867607676857844373e-02,5.369895112698058748e-03,5.467529569292568434e-03,1.290169604998884188e-02,2.327884400803392068e-02,2.659841553224726735e-02,1.115822361080115975e-02,3.413021646953805222e-02,5.121624637357732879e-02,5.146730640482035518e-02,1.136744030350368174e-02,6.202577549654095246e-02,3.413021646953805222e-02,4.659953135460834922e-02,3.022483820575764396e-02,7.085471992858737023e-02,2.280461950457487313e-02,2.387859852711448488e-02,1.758814996652532936e-02,1.029346128096407000e-02,2.087982593171167078e-02,2.644498995759874890e-02,3.936063378710109167e-02,2.330673956706092245e-02,7.261214014728854804e-02,6.248605222048649738e-02,1.855054675295693054e-02,5.408948895335862622e-02,1.479580450792233881e-01,7.722885516625753455e-02,9.669995536710555839e-02,6.106337871010934781e-02,1.410120508814996683e-02,5.654429814773487967e-02
6.667038607453693380e-03,1.179982146842222662e-02,6.150970765454139705e-03,3.933273822807409163e-03,2.234434278062932475e-02,2.735159562597634306e-02,3.138250390537826451e-02,3.975117161347913562e-03,2.994588261548761579e-02,1.746261995090381616e-02,2.198170051327828778e-02,1.195324704307074333e-02,4.113200178531577905e-02,1.188350814550323542e-02,9.902923454586029517e-03,1.097690247712564127e-02,0.000000000000000000e+00,1.443595179647400202e-02,1.034925239901807702e-02,2.686342334300379289e-02,1.032135683999107351e-02,4.178754742245034681e-02,3.313992412407944926e-02,9.735550100424011921e-03,3.572026333407721244e-02,7.219370676188351099e-02,4.344733318455702015e-02,5.514952019638473535e-02,4.227571970542289698e-02,9.303168935505467044e-03,2.889979915197500582e-02,1.544019192144610586e-02,7.908390984155322725e-03,1.291564382950234277e-02,7.852599866101317438e-03,1.136744030350368174e-02,4.254072751617942599e-03,4.323811649185449642e-03,1.217641151528676621e-02,8.159451015398349119e-03,1.068399910734211047e-02,8.940526668154430076e-03,1.104664137469314918e-02,3.221937067618835249e-03,3.235884847132336570e-03,7.308636465074760252e-03,1.364092836420441844e-02,1.555177415755411817e-02,6.611247489399687226e-03,2.001506360187458103e-02,2.995983039500111494e-02,3.043405489846016596e-02,6.625195268913188981e-03,3.672450345904931801e-02,2.018243695603659862e-02,2.736554340548984568e-02,1.764394108457933638e-02,4.175965186342334157e-02,1.343171167150189645e-02,1.379435393885293515e-02,1.032135683999107351e-02,6.109127426913635306e-03,1.227404597188127590e-02,1.552387859852711466e-02,2.294409729970988548e-02,1.343171167150189645e-02,4.259651863423342955e-02,3.638975675072528282e-02,1.076768578442311927e-02,3.180093729078330850e-02,8.635070296808748658e-02,4.507922338763668824e-02,5.697667931265342628e-02,3.570631555456371675e-02,8.382615487614372002e-03,3.300044632894442997e-02
1.544019192144610586e-02,2.670999776835527792e-02,1.400357063155545714e-02,8.982370006694934475e-03,5.049096183887524791e-02,6.206761883508145339e-02,7.064550323588485170e-02,9.121847801829948560e-03,6.788384289221155443e-02,3.930484266904708812e-02,4.943093059584913879e-02,2.689131890203079814e-02,9.343617496094622221e-02,2.673789332738227970e-02,2.280461950457487313e-02,2.440861414862753945e-02,1.443595179647400202e-02,0.000000000000000000e+00,2.329279178754742330e-02,6.084021423789332667e-02,2.358569515733095409e-02,9.509596072305288861e-02,7.551327828609685766e-02,2.238618611916982915e-02,8.039500111582235931e-02,1.654485605891542199e-01,9.870843561704976954e-02,1.247907833072974815e-01,9.683943316224057074e-02,2.097746038830618220e-02,6.616826601205087754e-02,3.479970988618612260e-02,1.795079223387636633e-02,2.972271814327159117e-02,1.802053113144387250e-02,2.534311537603213538e-02,9.554228966748493437e-03,9.916871234099532140e-03,2.756081231867886505e-02,1.860633787101093409e-02,2.467362195938406499e-02,2.051718366436063382e-02,2.467362195938406499e-02,7.141263110912742657e-03,7.378375362642267295e-03,1.707208212452577395e-02,3.086643606337870910e-02,3.541341218478018249e-02,1.484043740236554339e-02,4.505132782860968299e-02,6.842780629323812203e-02,6.867886632448114148e-02,1.507754965409506889e-02,8.287770586922561800e-02,4.545581343450122436e-02,6.183050658335192962e-02,4.029513501450569107e-02,9.466357955813434200e-02,2.997377817451461757e-02,3.201015398348582702e-02,2.341832180316893650e-02,1.378040615933943253e-02,2.786766346797589847e-02,3.544130774380718774e-02,5.245759875027895813e-02,3.071301048873019413e-02,9.660232091051104697e-02,8.344956482927917696e-02,2.493862977014059401e-02,7.237502789555902427e-02,1.976121401472885619e-01,1.028927694711001956e-01,1.293238116491854384e-01,8.153871903592947723e-02,1.878765900468645431e-02,7.562486052220486477e-02
1.122796250836866766e-02,1.882950234322695870e-02,1.027951350145056911e-02,6.443874135237670497e-03,3.594342780629324052e-02,4.427025217585360550e-02,5.039332738228074343e-02,6.527560812318679295e-03,4.863590716357955868e-02,2.788161124748940109e-02,3.527393438964517014e-02,1.926188350814550185e-02,6.619616157107788279e-02,1.902477125641597808e-02,1.631890203079669824e-02,1.760209774603883198e-02,1.034925239901807702e-02,2.329279178754742330e-02,0.000000000000000000e+00,4.351707208212452632e-02,1.721155991966078977e-02,6.803726846686007634e-02,5.413133229189912715e-02,1.620731979468868419e-02,5.735326935951796240e-02,1.179563713456817653e-01,7.091051104664138072e-02,8.886130328051773664e-02,6.866491854496764580e-02,1.530071412631109178e-02,4.722718143271591174e-02,2.431097969203302803e-02,1.249721044409730052e-02,2.114483374246819980e-02,1.265063601874581549e-02,1.804842669047087775e-02,6.667038607453693380e-03,7.043628654318232971e-03,1.942925686230751944e-02,1.311091274269136388e-02,1.747656773041731879e-02,1.450569069404150820e-02,1.782526221825485313e-02,4.993305065833519157e-03,5.188573979022539397e-03,1.241352376701629172e-02,2.224670832403481333e-02,2.576154876143717937e-02,1.061426020977460430e-02,3.244253514840437363e-02,4.894275831287658862e-02,4.880328051774157627e-02,1.092111135907163598e-02,5.941754072751617710e-02,3.217752733764784462e-02,4.431209551439410643e-02,2.853715688462396885e-02,6.778620843561704301e-02,2.175853604106226316e-02,2.258145503235884852e-02,1.673733541620174223e-02,9.763445659451015432e-03,1.993137692479357223e-02,2.516179424235661516e-02,3.742189243472439364e-02,2.226065610354831595e-02,6.902756081231867236e-02,5.961280964070519994e-02,1.772762776166034518e-02,5.146730640482035518e-02,1.408865208658781620e-01,7.382559696496317214e-02,9.312932381164919227e-02,5.911068957821914716e-02,1.357118946663691227e-02,5.358736889087257343e-02
2.864873912073197942e-02,4.911013166703860622e-02,2.601260879268020576e-02,1.647232760544521321e-02,9.223666592278509380e-02,1.144973220263334063e-01,1.296306627984824822e-01,1.684891765230975280e-02,1.257950234322695870e-01,7.254240124972104187e-02,9.114873912073198636e-02,4.943093059584913879e-02,1.712787324257978028e-01,4.917987056460611239e-02,4.251283195715242075e-02,4.545581343450122436e-02,2.686342334300379289e-02,6.084021423789332667e-02,4.351707208212452632e-02,0.000000000000000000e+00,4.364260209774603605e-02,1.754630662798482565e-01,1.405517741575541268e-01,4.128542735996429403e-02,1.482788440080339276e-01,3.053029457710332295e-01,1.831064494532470555e-01,2.299012497210444206e-01,1.777783976790894838e-01,3.898404374023655555e-02,1.220570185226511895e-01,6.329502343226958705e-02,3.293070743137692380e-02,5.478687792903369491e-02,3.294465521089042642e-02,4.665532247266235277e-02,1.749051550993081794e-02,1.824369560365989712e-02,5.014226735103771704e-02,3.422785092613255670e-02,4.521870118277170059e-02,3.738004909618388577e-02,4.570687346574425075e-02,1.288774827047534099e-02,1.357118946663691227e-02,3.161961615710778828e-02,5.690694041508592010e-02,6.572193706761883525e-02,2.722606561035482986e-02,8.262664583798259854e-02,1.261995090381611284e-01,1.257810756527560914e-01,2.788161124748940109e-02,1.532163579558134259e-01,8.303113144387413991e-02,1.133536041062262884e-01,7.339321580004463941e-02,1.733708993528230435e-01,5.555400580227627672e-02,5.880383842892211721e-02,4.337759428698951397e-02,2.537101093505913715e-02,5.152309752287435873e-02,6.492691363534924820e-02,9.725786654764562167e-02,5.651640258870787442e-02,1.786431600089265770e-01,1.541787547422450444e-01,4.562318678866324195e-02,1.323365320241017551e-01,3.624609462173621899e-01,1.903313992412407896e-01,2.377120062486052232e-01,1.515007810756527629e-01,3.454864985494309620e-02,1.386409283642044132e-01
1.159060477571970463e-02,1.920609239009149830e-02,1.033530461950457439e-02,6.583351930372684582e-03,3.664081678196830921e-02,4.496764115152867419e-02,5.145335862530685256e-02,6.778620843561704822e-03,4.891486275384959032e-02,2.820241017629993366e-02,3.585974112921223173e-02,1.988953358625306783e-02,6.743751394777951214e-02,1.922004016960499745e-02,1.682102209328275103e-02,1.772762776166034518e-02,1.032135683999107351e-02,2.358569515733095409e-02,1.721155991966078977e-02,4.364260209774603605e-02,0.000000000000000000e+00,6.823253738004909918e-02,5.521925909395224152e-02,1.670943985717473698e-02,5.772985940638250546e-02,1.212619950903816163e-01,7.125920553447891159e-02,9.008870787770587030e-02,6.926467306404821000e-02,1.513334077214907418e-02,4.810589154206650064e-02,2.546864539165364857e-02,1.315275608123186828e-02,2.173064048203526138e-02,1.313880830171836565e-02,1.809027002901138215e-02,6.848359741129211864e-03,7.197054228966748811e-03,2.018243695603659862e-02,1.354329390760990875e-02,1.778341887971434873e-02,1.493807185896005307e-02,1.750446328944432056e-02,5.160678419995536753e-03,5.258312876590046439e-03,1.269247935728631989e-02,2.251171613479134234e-02,2.599866101316670314e-02,1.087926802053113158e-02,3.305623744699844047e-02,4.948672171390314928e-02,5.005858067395670824e-02,1.103269359517964655e-02,5.975228743584021229e-02,3.269359517964740003e-02,4.527449230082571108e-02,2.951350145056906918e-02,6.895782191475116618e-02,2.174458826154876054e-02,2.332068734657442508e-02,1.694655210890426075e-02,9.916871234099532140e-03,2.022428029457710302e-02,2.541285427359964155e-02,3.750557911180540244e-02,2.263724615041285554e-02,6.930651640258871093e-02,6.014282526221825798e-02,1.822974782414639450e-02,5.248549430930595644e-02,1.438155545637134491e-01,7.402086587815219498e-02,9.395224280294577068e-02,5.912463735773264978e-02,1.334802499442088765e-02,5.473108681097969136e-02
