0.000000000000000000e+00,1.577795152462861672e-02,1.077404222048475302e-02,6.239249413604378708e-03,2.577013291634088973e-02,2.938232994526974312e-02,3.310398749022674253e-02,7.709147771696638410e-03,3.809225957779515531e-02,1.904612978889757766e-02,2.953870211102423843e-02,1.618451915559030591e-02,4.835027365129006965e-02,1.341673182173573099e-02,1.199374511336982058e-02,1.013291634089132087e-02,9.022673964034401070e-03,1.480844409695074304e-02,1.677873338545738877e-02,2.714620797498045260e-02,1.563721657544956886e-02,4.562939796716184576e-02,4.462861610633307025e-02,1.483971853010164141e-02,3.357310398749022845e-02,7.917122752150117238e-02,4.802189210320562812e-02,6.517591868647380771e-02,4.492572322126661688e-02,1.039874902267396393e-02,2.822517591868647230e-02,1.274433150899139874e-02,8.788115715402658110e-03,1.227521501172791282e-02,8.240813135261922801e-03,1.408913213448006324e-02,4.112587959343236808e-03,4.315871774824081401e-03,1.202501954652071894e-02,8.131352619233776780e-03,1.336982017200938171e-02,7.365129007036747694e-03,1.041438623924941312e-02,3.690383111806098439e-03,2.908522283033620169e-03,9.444878811571539440e-03,1.818608287724785000e-02,1.821735731039874837e-02,7.646598905394839940e-03,2.373729476153244727e-02,3.110242376856919497e-02,3.139953088350273813e-02,6.051602814698983299e-03,3.929632525410477195e-02,2.448788115715402544e-02,2.789679437060203424e-02,1.937451133698201572e-02,4.672400312744331291e-02,1.487099296325254151e-02,1.460516028146989845e-02,1.290070367474589579e-02,7.740422204847536777e-03,1.557466770914777213e-02,1.716966379984362703e-02,2.938232994526974312e-02,1.534010946051602743e-02,4.600469116497263311e-02,4.617670054730257934e-02,1.318217357310398803e-02,3.458952306489444795e-02,9.480844409695074471e-02,4.542611415168099770e-02,5.774824081313525981e-02,3.638780297107115091e-02,1.211884284597341752e-02,3.179046129788897640e-02
1.577795152462861672e-02,0.000000000000000000e+00,2.315871774824081186e-02,1.322908522283033558e-02,5.599687255668490959e-02,6.450351837372947372e-02,7.275996872556685091e-02,1.649726348709929652e-02,8.381548084440969271e-02,4.123534010946051931e-02,6.440969507427678209e-02,3.271305707584049732e-02,1.054886630179827922e-01,2.897576231430805394e-02,2.475371383893667024e-02,2.222048475371384002e-02,1.935887412040656827e-02,3.297888975762314212e-02,3.587177482408131224e-02,6.018764659890539492e-02,3.297888975762314212e-02,1.015637216575449586e-01,9.371383893666927756e-02,3.014855355746677221e-02,7.465207193119624551e-02,1.707427677873338545e-01,1.059108678655199393e-01,1.433463643471462046e-01,9.901485535574668095e-02,2.303362001563721492e-02,6.067240031274433176e-02,2.749022673964034505e-02,1.913995308835027276e-02,2.595777951524628688e-02,1.748240813135261765e-02,3.099296325254104895e-02,9.132134480062548826e-03,9.100860046911650458e-03,2.609851446442533127e-02,1.812353401094605326e-02,2.800625488663018026e-02,1.602814698983581060e-02,2.320562939796716115e-02,8.146989835809225963e-03,6.129788897576231819e-03,1.915559030492572368e-02,4.059421422986708022e-02,3.888975762314308277e-02,1.710711493354183030e-02,5.124315871774823977e-02,6.878811571540266456e-02,6.886630179827990528e-02,1.316653635652853711e-02,8.749022673964033936e-02,5.407349491790461316e-02,6.151681000781860503e-02,3.848318999218139358e-02,1.020953870211102482e-01,3.274433150899139916e-02,3.080531665363565180e-02,2.878811571540265679e-02,1.706020328381548101e-02,3.440187646598905080e-02,3.743549648162627225e-02,6.475371383893667454e-02,3.210320562939796701e-02,1.038154808444096966e-01,9.699765441751367900e-02,2.659890539483971902e-02,7.670054730258013542e-02,2.035340109460516134e-01,9.874902267396402922e-02,1.279593432369038331e-01,8.081313526192338004e-02,2.677091477716966525e-02,6.931978107896794028e-02
1.077404222048475302e-02,2.315871774824081186e-02,0.000000000000000000e+00,8.960125097732604335e-03,3.724784988272087510e-02,4.301798279906176442e-02,4.780297107114933608e-02,1.099296325254104853e-02,5.649726348709929735e-02,2.759968725566849107e-02,4.331508991399531106e-02,2.218921032056293818e-02,7.033620015637216671e-02,1.956215793588741286e-02,1.685691946833463642e-02,1.466770914777169692e-02,1.279124315871774803e-02,2.179827990617669992e-02,2.444096950742767616e-02,4.035965598123533726e-02,2.200156372165754451e-02,6.792806880375293344e-02,6.295543393275997157e-02,2.050039093041438470e-02,4.953870211102423537e-02,1.143236903831118118e-01,7.041438623924940743e-02,9.563721657544957400e-02,6.627052384675527485e-02,1.516810007818608294e-02,4.062548866301798206e-02,1.820172009382330092e-02,1.299452697419859262e-02,1.781078967943705918e-02,1.188428459734167282e-02,2.060985144644253420e-02,5.942142298670836410e-03,6.239249413604378708e-03,1.727912431587177652e-02,1.200938232994526976e-02,1.943706020328381592e-02,1.077404222048475302e-02,1.548084440969507355e-02,5.316653635652853448e-03,4.128225175918686859e-03,1.315089913995308793e-02,2.711493354182955423e-02,2.619233776387802984e-02,1.116497263487099302e-02,3.433932759968725407e-02,4.577013291634089015e-02,4.606724003127442985e-02,8.803752931978107293e-03,5.862392494136043491e-02,3.604378420641125846e-02,4.054730258014073441e-02,2.658326817826426811e-02,6.799061767005473711e-02,2.193901485535574777e-02,2.095387021110242318e-02,1.890539483971852980e-02,1.122752150117279149e-02,2.265832681782642757e-02,2.506645817044566085e-02,4.340891321344800963e-02,2.162627052384675369e-02,6.881939014855355252e-02,6.566067240031274455e-02,1.812353401094605326e-02,5.058639562157935671e-02,1.361688819390148575e-01,6.637998436278343128e-02,8.461297888975762016e-02,5.388584831899921601e-02,1.756059421422986877e-02,4.666145426114151618e-02
6.239249413604378708e-03,1.322908522283033558e-02,8.960125097732604335e-03,0.000000000000000000e+00,2.176700547302580155e-02,2.476935105551211769e-02,2.825645035183737414e-02,6.473807662236121668e-03,3.232212666145425906e-02,1.605942142298670897e-02,2.519155590304925779e-02,1.308835027365128946e-02,4.103205629397967125e-02,1.133698201720093751e-02,9.741985926505082605e-03,8.475371383893667496e-03,7.537138389366693052e-03,1.255668491008600507e-02,1.407349491790461232e-02,2.286161063330727217e-02,1.296325254104769426e-02,3.846755277560594266e-02,3.634089132134479816e-02,1.186864738076622364e-02,2.855355746677091383e-02,6.559812353401094087e-02,4.032838154808444237e-02,5.527756059421422979e-02,3.779515246286160868e-02,8.725566849100859640e-03,2.351837372947615176e-02,1.083659108678655149e-02,7.505863956215793817e-03,1.019546520719311934e-02,6.849100860046911619e-03,1.205629397967161905e-02,3.549648162627052315e-03,3.549648162627052315e-03,1.019546520719311934e-02,7.099296325254104631e-03,1.113369820172009465e-02,6.176700547302580238e-03,8.944487881157153417e-03,3.143080531665363563e-03,2.408131352619233712e-03,7.693510555121188359e-03,1.562157935887411968e-02,1.502736512900703682e-02,6.505082095387020903e-03,2.007818608287724807e-02,2.637998436278342351e-02,2.661454261141516647e-02,5.113369820172009722e-03,3.343236903831118406e-02,2.126661454261141379e-02,2.362783424550430125e-02,1.551211884284597366e-02,3.956215793588740981e-02,1.271305707584050038e-02,1.199374511336982058e-02,1.099296325254104853e-02,6.583268178264268557e-03,1.316653635652853711e-02,1.435496481626270457e-02,2.494136043784206391e-02,1.263487099296325272e-02,3.931196247068021593e-02,3.801407349491790766e-02,1.055512118842845924e-02,2.930414386239249547e-02,7.895230648944487339e-02,3.832681782642689827e-02,4.924159499609069568e-02,3.111806098514464589e-02,1.025801407349491781e-02,2.697419859265050984e-02
2.577013291634088973e-02,5.599687255668490959e-02,3.724784988272087510e-02,2.176700547302580155e-02,0.000000000000000000e+00,1.030492572322126710e-01,1.192025019546520681e-01,2.700547302580140821e-02,1.346051602814699044e-01,6.753713838936668823e-02,1.057388584831899930e-01,5.440187646598905469e-02,1.717591868647380671e-01,4.736512900703674506e-02,4.025019546520719471e-02,3.552775605942141979e-02,3.139953088350273813e-02,5.274433150899139611e-02,5.856137607505863818e-02,9.518373729476153899e-02,5.404222048475371132e-02,1.610320562939796807e-01,1.508991399530883459e-01,4.916340891321344803e-02,1.198436278342455003e-01,2.745738858483189881e-01,1.687881157154026701e-01,2.318999218139171092e-01,1.581078967943705949e-01,3.652853792025019530e-02,9.853010164190774411e-02,4.587959343236903964e-02,3.175918686473807456e-02,4.273651290070367564e-02,2.888193901485535536e-02,5.088350273651290334e-02,1.496481626270523835e-02,1.496481626270523835e-02,4.331508991399531106e-02,2.988272087568412741e-02,4.630179827990617974e-02,2.623924941360437912e-02,3.734167318217357368e-02,1.346364347146208028e-02,1.008600469116497332e-02,3.158717748240812834e-02,6.541047693510555761e-02,6.228303362001563759e-02,2.758405003909304015e-02,8.470680218921032567e-02,1.106333072713057142e-01,1.116340891321344758e-01,2.145426114151681093e-02,1.407505863956215741e-01,8.952306489444879223e-02,1.001407349491790499e-01,6.365910867865519351e-02,1.659108678655199509e-01,5.308835027365128856e-02,4.961688819390148303e-02,4.598905394839718219e-02,2.795934323690383097e-02,5.529319781078968071e-02,6.053166536356528737e-02,1.031743549648162644e-01,5.272869429241595213e-02,1.645035183737294793e-01,1.572165754495699896e-01,4.340891321344800963e-02,1.232056293979671563e-01,3.294605160281469658e-01,1.593901485535574591e-01,2.066614542611415195e-01,1.303205629397967136e-01,4.273651290070367564e-02,1.126817826426896041e-01
2.938232994526974312e-02,6.450351837372947372e-02,4.301798279906176442e-02,2.476935105551211769e-02,1.030492572322126710e-01,0.000000000000000000e+00,1.326661454261141571e-01,3.024237685691946731e-02,1.536982017200938244e-01,7.573103987490226174e-02,1.184988272087568462e-01,6.081313526192337615e-02,1.937138389366692692e-01,5.363565285379202213e-02,4.594214229867083638e-02,4.071931196247068063e-02,3.537138389366692448e-02,6.020328381548084584e-02,6.684910086004691721e-02,1.108991399530883520e-01,6.048475371383893462e-02,1.866927286942924036e-01,1.733698201720093868e-01,5.593432369038311286e-02,1.371540265832681682e-01,3.136825645035183907e-01,1.934010946051602786e-01,2.632681782642689594e-01,1.811727912431587151e-01,4.206411258795934166e-02,1.121501172791243145e-01,5.046129788897576324e-02,3.548084440969507397e-02,4.839718530101642241e-02,3.260359655981235477e-02,5.693510555121188144e-02,1.659108678655199509e-02,1.701329163408913173e-02,4.722439405785770067e-02,3.327599687255668182e-02,5.244722439405785641e-02,2.927286942924159363e-02,4.242376856919468503e-02,1.471462079749804620e-02,1.136825645035183761e-02,3.576231430805316969e-02,7.422986708365911235e-02,7.224394057857701223e-02,3.093041438623924874e-02,9.494917904612978909e-02,1.260672400312744246e-01,1.267552775605942095e-01,2.398749022673964115e-02,1.604691164972634754e-01,9.856137607505864595e-02,1.124472243940578542e-01,7.215011727912432060e-02,1.868647380766223498e-01,6.032838154808443931e-02,5.709147771696637674e-02,5.257232212666145682e-02,3.097732603596559803e-02,6.254886630179827545e-02,6.888193901485535620e-02,1.196872556684910049e-01,5.921813917122752124e-02,1.895856137607505876e-01,1.797341673182173694e-01,4.955433932759968629e-02,1.395777951524628524e-01,3.738858483189992366e-01,1.823455824863174368e-01,2.342924159499609194e-01,1.486786551993745098e-01,4.896012509773260690e-02,1.275215011727912351e-01
3.310398749022674253e-02,7.275996872556685091e-02,4.780297107114933608e-02,2.825645035183737414e-02,1.192025019546520681e-01,1.326661454261141571e-01,0.000000000000000000e+00,3.521501172791242917e-02,1.735887412040656719e-01,8.720875684128225058e-02,1.372322126661454367e-01,7.041438623924940743e-02,2.215324472243940523e-01,6.184519155590304657e-02,5.180609851446442427e-02,4.622361219702893209e-02,4.062548866301798206e-02,6.844409695074277211e-02,7.507427677873337868e-02,1.227990617670054740e-01,6.955433932759969018e-02,2.086004691164972669e-01,1.952775605942142223e-01,6.323690383111806035e-02,1.552306489444878757e-01,3.544800625488663259e-01,2.182799061767005389e-01,3.005473025801407294e-01,2.037216575449569966e-01,4.747458952306489455e-02,1.277247849882720832e-01,5.906176700547302594e-02,4.117279124315871563e-02,5.541829554339327418e-02,3.724784988272087510e-02,6.620797498045348506e-02,1.962470680218920960e-02,1.945269741985926337e-02,5.634089132134480205e-02,3.892103205629397766e-02,6.006254886630180145e-02,3.415168100078186386e-02,4.869429241594996211e-02,1.762314308053166551e-02,1.299452697419859262e-02,4.043784206411258492e-02,8.451915559030492853e-02,7.981235340109460452e-02,3.599687255668491265e-02,1.104300234558248661e-01,1.428303362001563659e-01,1.452071931196247112e-01,2.780297107114933566e-02,1.815480844409695094e-01,1.156059421422986760e-01,1.299139953088350175e-01,8.193901485535574902e-02,2.154808444096950881e-01,6.908522283033620426e-02,6.378420641125880086e-02,5.940578577013291839e-02,3.602814698983580755e-02,7.171227521501172264e-02,7.795152462861611176e-02,1.325410476935105497e-01,6.811571540265833058e-02,2.121032056293979673e-01,2.018451915559030529e-01,5.569976544175136990e-02,1.596872556684910127e-01,4.251602814698983712e-01,2.056137607505864051e-01,2.676465989053948280e-01,1.686786551993744998e-01,5.540265832681782326e-02,1.455199374511337018e-01
7.709147771696638410e-03,1.649726348709929652e-02,1.099296325254104853e-02,6.473807662236121668e-03,2.700547302580140821e-02,3.024237685691946731e-02,3.521501172791242917e-02,0.000000000000000000e+00,3.973416731821735604e-02,1.979671618451915582e-02,3.113369820172009333e-02,1.612197028928850570e-02,5.039874902267396650e-02,1.412040656763096161e-02,1.193119624706802211e-02,1.057075840500391016e-02,9.257232212666145765e-03,1.562157935887411968e-02,1.707584050039093193e-02,2.822517591868647230e-02,1.594996090695856295e-02,4.752150117279124036e-02,4.497263487099296270e-02,1.465207193119624773e-02,3.549648162627052489e-02,8.098514464425332626e-02,4.989835809225957874e-02,6.864738076622360630e-02,4.673964034401876383e-02,1.082095387021110230e-02,2.899139953088350138e-02,1.333854573885848334e-02,9.523064894448788828e-03,1.274433150899139874e-02,8.491008600469116679e-03,1.513682564503518457e-02,4.472243940578576708e-03,4.456606724003127525e-03,1.272869429241594956e-02,8.788115715402658110e-03,1.379202501954652008e-02,7.677873338545739175e-03,1.132134480062548833e-02,4.034401876465989155e-03,2.986708365910867823e-03,9.335418295543393419e-03,1.929632525410476807e-02,1.826426896012509765e-02,8.162627052384675147e-03,2.508209538702111177e-02,3.269741985926505334e-02,3.310398749022674253e-02,6.301798279906176310e-03,4.150117279124315717e-02,2.616106333072713147e-02,2.949179046129788914e-02,1.898358092259577745e-02,4.913213448006254619e-02,1.593432369038311203e-02,1.454261141516809998e-02,1.341673182173573099e-02,8.178264268960124331e-03,1.640344018764659795e-02,1.774824081313526244e-02,3.025801407349491823e-02,1.562157935887411968e-02,4.844409695074276823e-02,4.634870992963252556e-02,1.293197810789679415e-02,3.638780297107115091e-02,9.751368256450351768e-02,4.705238467552775444e-02,6.071931196247067758e-02,3.853010164190773940e-02,1.246286161063330650e-02,3.301016419077404396e-02
3.809225957779515531e-02,8.381548084440969271e-02,5.649726348709929735e-02,3.232212666145425906e-02,1.346051602814699044e-01,1.536982017200938244e-01,1.735887412040656719e-01,3.973416731821735604e-02,0.000000000000000000e+00,9.968725566849101494e-02,1.561532447224394105e-01,7.964034401876465830e-02,2.539483971853009892e-01,7.113369820172009417e-02,5.995308835027365196e-02,5.315089913995308529e-02,4.630179827990617974e-02,7.848318999218138747e-02,8.755277560594214303e-02,1.445660672400312652e-01,7.896794370602032431e-02,2.437842064112588081e-01,2.253166536356528415e-01,7.283815480844409163e-02,1.785613760750586476e-01,4.098514464425332404e-01,2.525097732603596712e-01,3.454104769351055704e-01,2.373573103987490218e-01,5.521501172791243306e-02,1.463330727130570663e-01,6.612978889757623047e-02,4.672400312744331291e-02,6.400312744331508596e-02,4.270523846755277381e-02,7.571540265832682470e-02,2.178264268960125247e-02,2.236121970289288441e-02,6.211102423768569136e-02,4.422204847537138106e-02,6.953870211102423926e-02,3.859265050820953613e-02,5.607505863956215725e-02,1.951524628616106358e-02,1.496481626270523835e-02,4.645817044566067505e-02,9.765441751368256207e-02,9.446442533229085226e-02,4.045347928068803584e-02,1.243627834245504271e-01,1.648944487881157106e-01,1.653792025019546474e-01,3.161845191555903017e-02,2.113369820172009417e-01,1.307427677873338467e-01,1.473025801407349400e-01,9.413604378420641072e-02,2.453166536356528593e-01,7.920250195465207421e-02,7.430805316653635306e-02,6.860046911649726742e-02,4.092259577795152176e-02,8.200156372165753882e-02,9.041438623924941131e-02,1.564659890539484011e-01,7.709147771696638063e-02,2.478498827208756861e-01,2.353088350273651319e-01,6.437842064112588025e-02,1.828459734167318107e-01,4.882408131352619085e-01,2.393275996872556710e-01,3.067709147771696676e-01,1.954339327599687315e-01,6.426896012509773770e-02,1.675058639562158058e-01
1.904612978889757766e-02,4.123534010946051931e-02,2.759968725566849107e-02,1.605942142298670897e-02,6.753713838936668823e-02,7.573103987490226174e-02,8.720875684128225058e-02,1.979671618451915582e-02,9.968725566849101494e-02,0.000000000000000000e+00,7.806098514464425431e-02,3.974980453479280695e-02,1.257232212666145321e-01,3.557466770914777254e-02,2.978889757623143231e-02,2.623924941360437912e-02,2.279906176700547196e-02,3.867083659108678378e-02,4.336200156372165687e-02,7.039874902267397039e-02,3.959343236903831165e-02,1.190774042220484746e-01,1.112431587177482445e-01,3.601250977326035663e-02,8.772478498827208926e-02,2.010946051602814644e-01,1.242376856919468336e-01,1.707271305707584175e-01,1.161845191555903045e-01,2.750586395621579250e-02,7.218139171227520856e-02,3.288506645817044355e-02,2.320562939796716115e-02,3.147771696637998579e-02,2.087568412822517552e-02,3.804534792806880256e-02,1.103987490226739608e-02,1.097732603596559761e-02,3.124315871774823936e-02,2.207974980453479216e-02,3.432369038311180315e-02,1.907740422204847602e-02,2.784988272087568495e-02,9.788897576231430156e-03,7.365129007036747694e-03,2.350273651290070431e-02,4.830336200156372384e-02,4.609851446442533168e-02,2.007818608287724807e-02,6.218921032056293902e-02,8.064112587959343381e-02,8.203283815480844066e-02,1.568412822517591815e-02,1.032212666145426172e-01,6.547302580140734740e-02,7.305707584050039061e-02,4.700547302580140863e-02,1.216419077404222032e-01,3.940578577013291450e-02,3.648162627052384949e-02,3.368256450351837100e-02,2.039093041438623868e-02,4.048475371383893767e-02,4.455043002345582259e-02,7.610633307271305603e-02,3.865519937451133980e-02,1.209069585613760794e-01,1.160437842064112601e-01,3.186864738076622405e-02,9.046129788897576407e-02,2.417513682564503552e-01,1.175762314308053114e-01,1.523221266614542546e-01,9.598123534010946645e-02,3.185301016419077313e-02,8.284597341673181903e-02
2.953870211102423843e-02,6.440969507427678209e-02,4.331508991399531106e-02,2.519155590304925779e-02,1.057388584831899930e-01,1.184988272087568462e-01,1.372322126661454367e-01,3.113369820172009333e-02,1.561532447224394105e-01,7.806098514464425431e-02,0.000000000000000000e+00,6.251759186864738749e-02,1.975449569976544251e-01,5.534010946051602653e-02,4.631743549648162372e-02,4.104769351055512216e-02,3.620015637216575377e-02,6.071931196247067758e-02,6.794370602032838435e-02,1.104143862392494152e-01,6.198592650508209789e-02,1.861610633307271279e-01,1.733229085222830201e-01,5.602814698983581143e-02,1.381391712275215067e-01,3.162001563721657527e-01,1.951993745113369816e-01,2.679749804534792834e-01,1.819546520719312055e-01,4.251759186864738360e-02,1.136200156372165759e-01,5.211884284597341488e-02,3.666927286942923969e-02,4.960125097732603905e-02,3.311962470680218651e-02,5.937451133698201655e-02,1.723221266614542724e-02,1.732603596559812234e-02,4.906958561376074945e-02,3.454261141516810213e-02,5.412040656763095897e-02,3.005473025801407363e-02,4.378420641125879698e-02,1.552775605942142284e-02,1.164972634870992986e-02,3.610633307271305520e-02,7.580922595777951634e-02,7.194683346364347254e-02,3.155590304925723344e-02,9.788897576231431197e-02,1.270211102423768612e-01,1.288193901485535642e-01,2.462861610633307330e-02,1.628146989835809189e-01,1.031587177482408135e-01,1.151681000781860781e-01,7.296325254104769897e-02,1.907740422204847464e-01,6.170445660672400218e-02,5.715402658326818042e-02,5.315089913995308529e-02,3.218139171227521467e-02,6.394057857701329617e-02,6.974198592650508732e-02,1.197810789679437105e-01,6.040656763096168697e-02,1.908365910867865500e-01,1.805316653635652968e-01,4.949179046129788956e-02,1.423455824863174290e-01,3.784206411258795866e-01,1.851446442533229153e-01,2.388115715402658323e-01,1.508522283033620071e-01,4.972634870992963252e-02,1.303362001563721784e-01
1.618451915559030591e-02,3.271305707584049732e-02,2.218921032056293818e-02,1.308835027365128946e-02,5.440187646598905469e-02,6.081313526192337615e-02,7.041438623924940743e-02,1.612197028928850570e-02,7.964034401876465830e-02,3.974980453479280695e-02,6.251759186864738749e-02,0.000000000000000000e+00,1.012353401094605171e-01,2.841282251759186944e-02,2.480062548866301952e-02,2.117279124315871869e-02,1.867083659108678684e-02,3.091477716966380129e-02,3.480844409695073999e-02,5.660672400312743990e-02,3.277560594214230100e-02,9.510555121188428440e-02,9.221266614542611428e-02,3.024237685691946731e-02,7.005473025801407794e-02,1.640344018764659795e-01,1.000312744331508935e-01,1.370914777169663923e-01,9.336982017200938511e-02,2.190774042220484594e-02,5.878029710711493022e-02,2.645817044566067117e-02,1.874902267396403449e-02,2.572322126661454392e-02,1.713838936669272867e-02,3.014855355746677221e-02,8.881939014855354947e-03,8.928850664581704233e-03,2.516028146989835942e-02,1.738858483189992254e-02,2.794370602032838005e-02,1.538702111024237672e-02,2.209538702111024308e-02,7.818608287724784431e-03,6.035965598123534115e-03,1.959343236903831123e-02,3.832681782642689827e-02,3.729476153244722786e-02,1.613760750586395662e-02,5.039874902267396650e-02,6.470680218921032179e-02,6.584831899921814169e-02,1.266614542611415109e-02,8.190774042220484719e-02,5.215011727912431672e-02,5.895230648944487645e-02,3.984362783424550553e-02,9.773260359655981666e-02,3.163408913213448109e-02,2.999218139171227690e-02,2.688037529319781127e-02,1.615324472243940407e-02,3.254104769351055804e-02,3.565285379202502020e-02,6.089132134480062380e-02,3.197810789679437354e-02,9.609069585613760900e-02,9.468334636434715124e-02,2.667709147771696668e-02,7.221266614542611040e-02,1.968881939014855420e-01,9.466770914777170032e-02,1.217513682564503458e-01,7.662236121970289471e-02,2.525410476935105453e-02,6.641125879593431924e-02
4.835027365129006965e-02,1.054886630179827922e-01,7.033620015637216671e-02,4.103205629397967125e-02,1.717591868647380671e-01,1.937138389366692692e-01,2.215324472243940523e-01,5.039874902267396650e-02,2.539327599687255521e-01,1.257232212666145321e-01,1.975449569976544251e-01,1.012353401094605171e-01,0.000000000000000000e+00,8.933541829554339508e-02,7.568412822517592287e-02,6.694292415949960884e-02,5.892103205629398155e-02,9.909304143862392167e-02,1.098827208756841256e-01,1.801250977326036007e-01,1.003440187646598841e-01,3.043002345582486168e-01,2.842845973416731620e-01,9.233776387802970775e-02,2.247849882720875658e-01,5.147615324472244458e-01,3.178889757623142853e-01,4.348240813135261784e-01,2.976544175136825454e-01,6.900703674745894967e-02,1.848788115715402636e-01,8.469116497263487475e-02,5.940578577013291839e-02,8.039093041438623299e-02,5.391712275215011785e-02,9.501172791243159277e-02,2.789679437060203424e-02,2.813135261923377720e-02,8.003127443315090350e-02,5.568412822517591898e-02,8.731821735731039313e-02,4.900703674745895272e-02,7.060203283815480457e-02,2.503518373729476248e-02,1.887412040656763143e-02,5.895230648944487645e-02,1.226739640344018806e-01,1.178107896794370613e-01,5.164972634870992896e-02,1.581548084440969615e-01,2.077873338545738746e-01,2.091321344800625426e-01,4.029710711493354053e-02,2.642220484753713960e-01,1.654261141516810141e-01,1.865519937451133592e-01,1.191712275215011663e-01,3.108365910867865733e-01,9.993745113369820188e-02,9.341673182173573786e-02,8.634870992963251946e-02,5.169663799843628171e-02,1.039874902267396428e-01,1.132603596559812326e-01,1.949022673964034280e-01,9.820172009382330258e-02,3.096012509773260479e-01,2.956059421422986833e-01,8.159499609069585657e-02,2.309773260359656022e-01,6.172634870992963485e-01,3.004222048475371221e-01,3.867396403440187536e-01,2.452697419859264927e-01,8.053166536356529126e-02,2.113213448006254769e-01
1.341673182173573099e-02,2.897576231430805394e-02,1.956215793588741286e-02,1.133698201720093751e-02,4.736512900703674506e-02,5.363565285379202213e-02,6.184519155590304657e-02,1.412040656763096161e-02,7.113369820172009417e-02,3.557466770914777254e-02,5.534010946051602653e-02,2.841282251759186944e-02,8.933541829554339508e-02,0.000000000000000000e+00,2.090695856137607389e-02,1.851446442533229153e-02,1.660672400312744254e-02,2.727130570758404954e-02,3.080531665363565180e-02,4.986708365910867691e-02,2.795934323690383097e-02,8.378420641125879087e-02,7.840500390930414676e-02,2.570758405003909300e-02,6.214229867083659320e-02,1.423612197028928938e-01,8.780297107114932997e-02,1.209382329945269674e-01,8.264268960125097097e-02,1.915559030492572368e-02,5.105551211884284263e-02,2.373729476153244727e-02,1.643471462079749632e-02,2.226739640344018931e-02,1.501172791243158763e-02,2.627052384675527749e-02,7.646598905394839940e-03,7.881157154026582901e-03,2.242376856919468461e-02,1.544956997654417519e-02,2.450351837372947636e-02,1.369820172009382324e-02,1.985926505082095256e-02,6.958561376075058508e-03,5.332290852228303499e-03,1.629397967161845193e-02,3.435496481626270499e-02,3.263487099296324967e-02,1.415168100078185998e-02,4.378420641125879698e-02,5.798279906176700277e-02,5.781078967943706348e-02,1.121188428459734231e-02,7.393275996872557265e-02,4.688037529319780822e-02,5.174354964816262753e-02,3.347928068803752988e-02,8.606724003127443068e-02,2.758405003909304015e-02,2.567630961688819463e-02,2.405003909304143789e-02,1.457388584831900008e-02,2.885066458170445700e-02,3.179046129788897640e-02,5.429241594996090520e-02,2.725566849100860209e-02,8.617670054730257323e-02,8.173573103987490096e-02,2.275215011727912268e-02,6.442533229085223301e-02,1.713995308835027376e-01,8.376856919468333995e-02,1.070211102423768573e-01,6.810007818608287966e-02,2.228303362001563676e-02,5.876465989053948624e-02
1.199374511336982058e-02,2.475371383893667024e-02,1.685691946833463642e-02,9.741985926505082605e-03,4.025019546520719471e-02,4.594214229867083638e-02,5.180609851446442427e-02,1.193119624706802211e-02,5.995308835027365196e-02,2.978889757623143231e-02,4.631743549648162372e-02,2.480062548866301952e-02,7.568412822517592287e-02,2.090695856137607389e-02,0.000000000000000000e+00,1.584050039093041345e-02,1.399530883502736467e-02,2.306489444878811676e-02,2.631743549648162678e-02,4.301798279906176442e-02,2.425332290852228248e-02,7.218139171227520856e-02,6.921032056293979773e-02,2.275215011727912268e-02,5.275996872556684703e-02,1.233463643471462146e-01,7.537138389366693225e-02,1.023455824863174352e-01,7.075840500390929988e-02,1.632525410476935029e-02,4.389366692728693953e-02,1.971853010164190817e-02,1.394839718530101712e-02,1.923377638780297133e-02,1.283815480844409732e-02,2.209538702111024308e-02,6.411258795934324066e-03,6.739640344018764731e-03,1.865519937451133592e-02,1.283815480844409732e-02,2.089132134480062644e-02,1.155590304925723302e-02,1.645035183737294723e-02,5.785770132916341103e-03,4.440969507427677473e-03,1.466770914777169692e-02,2.867865519937451077e-02,2.853792025019546638e-02,1.207193119624706823e-02,3.713838936669272561e-02,4.885066458170445741e-02,4.913213448006254619e-02,9.476153244722439542e-03,6.184519155590304657e-02,3.849882720875684450e-02,4.373729476153244422e-02,2.977326035965598139e-02,7.286942924159499346e-02,2.345582486317435503e-02,2.267396403440187502e-02,2.042220484753713705e-02,1.207193119624706823e-02,2.439405785770133034e-02,2.694292415949960801e-02,4.639562157935887138e-02,2.389366692728694258e-02,7.286942924159499346e-02,7.168100078186083468e-02,2.021892103205629246e-02,5.419859265050820663e-02,1.481469898358092341e-01,7.130570758405004039e-02,9.058639562157935754e-02,5.754495699765441868e-02,1.882720875684128214e-02,4.972634870992963252e-02
1.013291634089132087e-02,2.222048475371384002e-02,1.466770914777169692e-02,8.475371383893667496e-03,3.552775605942141979e-02,4.071931196247068063e-02,4.622361219702893209e-02,1.057075840500391016e-02,5.315089913995308529e-02,2.623924941360437912e-02,4.104769351055512216e-02,2.117279124315871869e-02,6.694292415949960884e-02,1.851446442533229153e-02,1.584050039093041345e-02,0.000000000000000000e+00,1.236903831118060966e-02,2.070367474589522930e-02,2.289288506645817053e-02,3.785770132916341235e-02,2.106333072713056920e-02,6.390930414386239433e-02,6.006254886630180145e-02,1.934323690383111735e-02,4.720875684128224975e-02,1.080844409695074226e-01,6.683346364347146629e-02,9.088350273651289724e-02,6.253322908522282453e-02,1.449569976544175069e-02,3.846755277560594266e-02,1.759186864738076714e-02,1.224394057857701272e-02,1.654417513682564581e-02,1.119624706802189139e-02,1.978107896794370490e-02,5.910867865519937175e-03,5.785770132916341103e-03,1.665363565285379183e-02,1.152462861610633292e-02,1.792025019546520867e-02,1.008600469116497332e-02,1.462079749804534763e-02,5.222830336200156610e-03,3.924941360437842267e-03,1.233776387802971129e-02,2.556684910086004861e-02,2.462861610633307330e-02,1.089913995308834996e-02,3.282251759186864681e-02,4.358092259577794891e-02,4.367474589523064749e-02,8.444096950742767393e-03,5.527756059421422979e-02,3.435496481626270499e-02,3.909304143862392389e-02,2.484753713838936534e-02,6.486317435496481709e-02,2.076622361219702950e-02,1.948397185301016521e-02,1.804534792806880214e-02,1.075840500390930383e-02,2.161063330727130624e-02,2.370602032838154891e-02,4.101641907740422033e-02,2.040656763096168960e-02,6.511336982017200403e-02,6.195465207193119606e-02,1.709147771696637938e-02,4.817826426896012343e-02,1.292415949960906973e-01,6.275215011727912351e-02,8.098514464425332626e-02,5.113369820172009722e-02,1.691946833463643315e-02,4.386239249413604463e-02
9.022673964034401070e-03,1.935887412040656827e-02,1.279124315871774803e-02,7.537138389366693052e-03,3.139953088350273813e-02,3.537138389366692448e-02,4.062548866301798206e-02,9.257232212666145765e-03,4.630179827990617974e-02,2.279906176700547196e-02,3.620015637216575377e-02,1.867083659108678684e-02,5.892103205629398155e-02,1.660672400312744254e-02,1.399530883502736467e-02,1.236903831118060966e-02,0.000000000000000000e+00,1.793588741204065612e-02,2.029710711493354011e-02,3.297888975762314212e-02,1.863956215793588847e-02,5.587177482408131612e-02,5.261923377638780264e-02,1.696637998436278244e-02,4.109460516028146798e-02,9.430805316653635695e-02,5.820172009382330175e-02,7.981235340109460452e-02,5.430805316653635612e-02,1.296325254104769426e-02,3.382329945269742233e-02,1.524628616106333059e-02,1.063330727130570690e-02,1.438623924941360467e-02,9.554339327599687196e-03,1.771696637998436408e-02,5.175918686473807324e-03,5.082095387021110487e-03,1.432369038311180620e-02,1.013291634089132087e-02,1.566849100860047070e-02,8.678655199374512089e-03,1.304143862392494191e-02,4.550430023455825229e-03,3.393275996872556575e-03,1.105551211884284526e-02,2.240813135261923369e-02,2.176700547302580155e-02,9.397967161845191889e-03,2.861610633307271404e-02,3.792025019546520909e-02,3.820172009382329786e-02,7.318217357310398408e-03,4.836591086786552057e-02,3.011727912431587037e-02,3.404222048475371437e-02,2.207974980453479216e-02,5.679437060203283705e-02,1.821735731039874837e-02,1.712275215011727775e-02,1.577795152462861672e-02,9.507427677873337910e-03,1.903049257232212674e-02,2.071931196247068022e-02,3.596559812353401081e-02,1.804534792806880214e-02,5.668491008600469450e-02,5.457388584831900091e-02,1.501172791243158763e-02,4.218921032056294207e-02,1.127286942924159568e-01,5.529319781078968071e-02,7.114933541829554509e-02,4.484753713838936923e-02,1.515246286161063376e-02,3.849882720875684450e-02
1.480844409695074304e-02,3.297888975762314212e-02,2.179827990617669992e-02,1.255668491008600507e-02,5.274433150899139611e-02,6.020328381548084584e-02,6.844409695074277211e-02,1.562157935887411968e-02,7.848318999218138747e-02,3.867083659108678378e-02,6.071931196247067758e-02,3.091477716966380129e-02,9.909304143862392167e-02,2.727130570758404954e-02,2.306489444878811676e-02,2.070367474589522930e-02,1.793588741204065612e-02,0.000000000000000000e+00,3.368256450351837100e-02,5.627834245504300531e-02,3.078967943706020435e-02,9.521501172791242695e-02,8.781860828772478089e-02,2.825645035183737414e-02,6.991399530883503355e-02,1.601407349491790477e-01,9.892103205629397544e-02,1.347615324472243858e-01,9.265050820953869837e-02,2.145426114151681093e-02,5.696637998436278327e-02,2.578577013291634065e-02,1.806098514464425306e-02,2.444096950742767616e-02,1.648162627052384560e-02,2.902267396403440322e-02,8.522283033620015047e-03,8.522283033620015047e-03,2.436278342455042850e-02,1.696637998436278244e-02,2.644253322908522372e-02,1.488663017982799069e-02,2.165754495699765553e-02,7.584050039093041470e-03,5.801407349491790287e-03,1.810789679437060234e-02,3.807662236121970439e-02,3.648162627052384949e-02,1.588741204065676274e-02,4.858483189992181261e-02,6.440969507427678209e-02,6.494136043784205781e-02,1.244722439405785731e-02,8.239249413604378403e-02,5.086786551993745242e-02,5.774824081313525981e-02,3.632525410476935418e-02,9.610633307271305992e-02,3.071149335418295670e-02,2.888193901485535536e-02,2.678655199374511270e-02,1.607505863956215642e-02,3.224394057857701140e-02,3.512118842845973754e-02,6.059421422986708411e-02,3.013291634089132129e-02,9.707584050039093360e-02,9.129007036747459336e-02,2.500390930414386412e-02,7.169663799843627172e-02,1.904925723221266576e-01,9.274433150899140388e-02,1.201094605160281520e-01,7.577795152462861450e-02,2.503518373729476248e-02,6.516028146989835679e-02
1.677873338545738877e-02,3.587177482408131224e-02,2.444096950742767616e-02,1.407349491790461232e-02,5.856137607505863818e-02,6.684910086004691721e-02,7.505863956215794164e-02,1.707584050039093193e-02,8.755277560594214303e-02,4.336200156372165687e-02,6.794370602032838435e-02,3.480844409695073999e-02,1.098827208756841256e-01,3.080531665363565180e-02,2.631743549648162678e-02,2.289288506645817053e-02,2.029710711493354011e-02,3.368256450351837100e-02,0.000000000000000000e+00,6.256450351837372637e-02,3.454261141516810213e-02,1.051290070367474627e-01,9.777951524628615554e-02,3.158717748240812834e-02,7.696637998436278716e-02,1.772165754495699797e-01,1.096950742767787285e-01,1.493979671618451965e-01,1.023455824863174352e-01,2.401876465989053952e-02,6.353401094605160004e-02,2.835027365129006924e-02,2.034401876465988940e-02,2.783424550430023403e-02,1.849882720875684061e-02,3.269741985926505334e-02,9.335418295543393419e-03,9.679437060203284135e-03,2.652071931196247137e-02,1.892103205629398072e-02,3.030492572322126751e-02,1.659108678655199509e-02,2.426896012509773340e-02,8.350273651290070556e-03,6.458170445660672485e-03,2.060985144644253420e-02,4.237685691946833227e-02,4.114151681000782074e-02,1.735731039874902418e-02,5.413604378420640989e-02,7.094605160281469702e-02,7.172791243158717356e-02,1.354182955433932793e-02,9.105551211884284346e-02,5.668491008600469450e-02,6.354964816262705096e-02,4.117279124315871563e-02,1.055199374511336941e-01,3.426114151681000641e-02,3.272869429241594824e-02,2.961688819390148608e-02,1.767005473025801479e-02,3.523064894448788009e-02,3.917122752150117154e-02,6.777169663799843813e-02,3.382329945269742233e-02,1.069272869429241657e-01,1.019859265050820918e-01,2.805316653635652954e-02,7.895230648944487339e-02,2.116966379984362712e-01,1.038936669272869373e-01,1.331039874902267273e-01,8.423768569194683975e-02,2.778733385457388474e-02,7.286942924159499346e-02
2.714620797498045260e-02,6.018764659890539492e-02,4.035965598123533726e-02,2.286161063330727217e-02,9.518373729476153899e-02,1.108991399530883520e-01,1.227990617670054740e-01,2.822517591868647230e-02,1.445660672400312652e-01,7.039874902267397039e-02,1.104143862392494152e-01,5.660672400312743990e-02,1.801250977326036007e-01,4.986708365910867691e-02,4.301798279906176442e-02,3.785770132916341235e-02,3.297888975762314212e-02,5.627834245504300531e-02,6.256450351837372637e-02,0.000000000000000000e+00,5.657544956997654501e-02,1.749648162627052417e-01,1.613604378420641083e-01,5.215011727912431672e-02,1.281469898358092163e-01,2.944331508991399615e-01,1.819859265050821073e-01,2.448788115715402613e-01,1.701329163408913103e-01,3.898358092259578134e-02,1.044409695074276778e-01,4.642689601250977322e-02,3.299452697419859304e-02,4.542611415168099770e-02,3.053948397185301047e-02,5.302580140734949182e-02,1.537138389366692753e-02,1.590304925723221366e-02,4.354964816262705402e-02,3.110242376856919497e-02,4.938232994526974007e-02,2.742767787333854484e-02,3.937451133698201960e-02,1.357310398749022630e-02,1.069585613760750537e-02,3.319781078967943416e-02,6.956997654417514110e-02,6.775605942142298721e-02,2.867865519937451077e-02,8.792806880375293732e-02,1.177638780297107085e-01,1.181391712275215028e-01,2.247068021892103043e-02,1.505082095387021146e-01,9.186864738076622183e-02,1.048788115715402619e-01,6.724003127443314853e-02,1.739014855355746625e-01,5.607505863956215725e-02,5.368256450351837489e-02,4.924159499609069568e-02,2.889757623143080628e-02,5.838936669272869195e-02,6.456606724003127740e-02,1.129007036747458892e-01,5.510555121188428357e-02,1.782329945269741922e-01,1.676309616888193854e-01,4.622361219702893209e-02,1.299139953088350175e-01,3.489444878811571726e-01,1.712118842845973543e-01,2.183580922595778073e-01,1.388115715402658268e-01,4.559812353401094392e-02,1.193901485535574652e-01
1.563721657544956886e-02,3.297888975762314212e-02,2.200156372165754451e-02,1.296325254104769426e-02,5.404222048475371132e-02,6.048475371383893462e-02,6.955433932759969018e-02,1.594996090695856295e-02,7.896794370602032431e-02,3.959343236903831165e-02,6.198592650508209789e-02,3.277560594214230100e-02,1.003440187646598841e-01,2.795934323690383097e-02,2.425332290852228248e-02,2.106333072713056920e-02,1.863956215793588847e-02,3.078967943706020435e-02,3.454261141516810213e-02,5.657544956997654501e-02,0.000000000000000000e+00,9.519937451133697603e-02,9.135261923377638316e-02,2.977326035965598139e-02,7.033620015637216671e-02,1.630805316653635706e-01,9.976544175136825565e-02,1.362627052384675630e-01,9.333854573885848327e-02,2.187646598905394757e-02,5.812353401094605410e-02,2.634870992963252515e-02,1.842064112587959296e-02,2.522283033620015616e-02,1.687255668491008734e-02,2.971071149335418465e-02,8.741204065676308824e-03,8.881939014855354947e-03,2.506645817044566085e-02,1.718530101641907795e-02,2.727130570758404954e-02,1.532447224394057825e-02,2.200156372165754451e-02,7.787333854573886063e-03,5.926505082095387227e-03,1.923377638780297133e-02,3.829554339327599644e-02,3.702892885066458306e-02,1.609069585613760733e-02,4.964816262705238487e-02,6.451915559030492464e-02,6.562939796716184271e-02,1.260359655981235262e-02,8.192337763878029810e-02,5.154026583268177947e-02,5.849882720875684144e-02,3.882720875684127909e-02,9.674745895230649206e-02,3.116497263487099170e-02,2.964816262705238445e-02,2.692728694292416056e-02,1.612197028928850570e-02,3.235340109460516089e-02,3.559030492572322346e-02,6.090695856137607472e-02,3.141516810007818905e-02,9.649726348709929125e-02,9.382329945269742011e-02,2.634870992963252515e-02,7.250977326035965009e-02,1.952619233776387853e-01,9.396403440187646450e-02,1.207505863956215841e-01,7.627834245504300226e-02,2.530101641907740381e-02,6.572322126661454822e-02
