0.000000000000000000e+00,1.662256502646098505e-02,1.069699358180385175e-02,5.644071613557032074e-03,2.236516158090305281e-02,2.727733363359981927e-02,2.892410764553541430e-02,5.348496790901925875e-03,3.905810156513905840e-02,2.226663664001801712e-02,2.420898547460871575e-02,1.874788875126675095e-02,4.979732012160792420e-02,1.413129152122508808e-02,1.276601734038959601e-02,9.993244004053597820e-03,8.740569755658147283e-03,1.448316631010021331e-02,1.518691588785046724e-02,3.241470555117666880e-02,1.545434072739556436e-02,4.924839545096273280e-02,3.943812633712420052e-02,1.624254025447584640e-02,4.143677513793491557e-02,8.560409863754081528e-02,4.805202116878729696e-02,6.284483729309763012e-02,4.570149757910145494e-02,1.168224299065420517e-02,3.157020605787636686e-02,1.187929287242427655e-02,7.811620313027812026e-03,1.393424163945501670e-02,6.249296250422249448e-03,1.582029050782569543e-02,4.898097061141763221e-03,4.602522238486657022e-03,1.140074315955410394e-02,8.022745186352887511e-03,1.103479337912397287e-02,7.051570769057538199e-03,1.178076793153924086e-02,4.264722441166535032e-03,2.927598243441053780e-03,9.627294223623465014e-03,1.249859250084449890e-02,1.940941335435198908e-02,5.137371917576849523e-03,1.705888976466614013e-02,3.013455691926584731e-02,3.292140524715685135e-02,9.599144240513455065e-03,4.419547348271590792e-02,2.297038621776827105e-02,3.145760612543632706e-02,2.402601058439364848e-02,4.734827159103704303e-02,1.553879067672559421e-02,1.316011710392973703e-02,1.141481815110910979e-02,9.176894493863304095e-03,1.418759148744510798e-02,2.053541267875239398e-02,2.919153248508050968e-02,1.722778966332620329e-02,4.471624817025109805e-02,5.143001914198851166e-02,1.038734376759373884e-02,4.024040085575948666e-02,9.974946515032090399e-02,4.686972187816687563e-02,6.028318883008670220e-02,4.678527192883684405e-02,1.004954397027361772e-02,3.187985587208647803e-02
1.662256502646098505e-02,0.000000000000000000e+00,2.053541267875239398e-02,1.093626843823893718e-02,4.315392410764553460e-02,5.311901812858912247e-02,5.611699132980520199e-02,1.034511879292872479e-02,7.630052921968247248e-02,4.357617385429568557e-02,4.703862177682693185e-02,3.552527868483278811e-02,9.661074203355478340e-02,2.734770859137484675e-02,2.463123522125886672e-02,1.947978831212701309e-02,1.707296475622114770e-02,2.838925796644522007e-02,2.929005742596554537e-02,6.295743722553766297e-02,2.962785722328566476e-02,9.572401756558945873e-02,7.642720414367751292e-02,3.076793153924107724e-02,8.095935142438914767e-02,1.663523251886048770e-01,9.338756896745861735e-02,1.229028262583042458e-01,8.924952145028712536e-02,2.268888638666816809e-02,6.097286341628194856e-02,2.301261119243328337e-02,1.525729084562549298e-02,2.657358405584956534e-02,1.202004278797432803e-02,3.064125661524602987e-02,9.528769282738431060e-03,8.796869721878167181e-03,2.208366174980294985e-02,1.560916563450061995e-02,2.125323724805765202e-02,1.366681679990991959e-02,2.302668618398829095e-02,8.276095034342978787e-03,5.615921630447022125e-03,1.871973876815673926e-02,2.444826033104380292e-02,3.750985249408850253e-02,9.993244004053597820e-03,3.313253012048193030e-02,5.881938970836617792e-02,6.419603648237810767e-02,1.852268888638666788e-02,8.620932327440603005e-02,4.478662312802612205e-02,6.100101339939196371e-02,4.616597230041662170e-02,9.174079495552302232e-02,3.050050669969598185e-02,2.548980970611417624e-02,2.225256164846300955e-02,1.772041436775137827e-02,2.771365837180497782e-02,3.987445107532935212e-02,5.725706564576061447e-02,3.271028037383177239e-02,8.775757234545658592e-02,9.990429005742595958e-02,1.953608827834703299e-02,7.881995270802837072e-02,1.931651841008895365e-01,9.093852043688774311e-02,1.177795293322824038e-01,9.134669519198287957e-02,1.963461321923206868e-02,6.187366287580227386e-02
1.069699358180385175e-02,2.053541267875239398e-02,0.000000000000000000e+00,7.023420785947528250e-03,2.754475847314491466e-02,3.424445445332732763e-02,3.559565364260781212e-02,6.657471005517396311e-03,4.853057088165747129e-02,2.754475847314491466e-02,2.992343204594077183e-02,2.326596104042337465e-02,6.098693840783695613e-02,1.765003940997635426e-02,1.596104042337574691e-02,1.224524265285440762e-02,1.104886837067897698e-02,1.817081409751154092e-02,1.902938858236685044e-02,4.077525053484967743e-02,1.897308861614683054e-02,6.159216304470217090e-02,4.914987051007769364e-02,2.014131291521225123e-02,5.179596892241864620e-02,1.067306609616034269e-01,6.021281387231167820e-02,7.805990316405810037e-02,5.701779078932552730e-02,1.463799121720526890e-02,3.919885148068911335e-02,1.424389145366512788e-02,9.711744172953496596e-03,1.711518973088616002e-02,7.769395338362797103e-03,1.947978831212701309e-02,5.939646436212138274e-03,5.686296588222046998e-03,1.365274180835491548e-02,9.838419096948542233e-03,1.380756671545997107e-02,8.796869721878167181e-03,1.446909131854520920e-02,5.151446909131854497e-03,3.575047854971286944e-03,1.207634275419434793e-02,1.558101565139061000e-02,2.446233532259880702e-02,6.291521225087265239e-03,2.125323724805765202e-02,3.734095259542843936e-02,4.084562549262470144e-02,1.178076793153924086e-02,5.506136696317982110e-02,2.841740794955523175e-02,3.881882670870397817e-02,2.974045715572570803e-02,5.835491498705101115e-02,1.946571332057200898e-02,1.625661524603085398e-02,1.411721652967008224e-02,1.152741808354914958e-02,1.777671433397139816e-02,2.568685958788424761e-02,3.698907780655331934e-02,2.094358743384754085e-02,5.587771647337011482e-02,6.404121157527305208e-02,1.268156739105956617e-02,5.059959464024321729e-02,1.236769507938295237e-01,5.853788987726607496e-02,7.521675486994708337e-02,5.850973989415606674e-02,1.269564238261457027e-02,3.988852606688435970e-02
5.644071613557032074e-03,1.093626843823893718e-02,7.023420785947528250e-03,0.000000000000000000e+00,1.463799121720526890e-02,1.811451413129152102e-02,1.905753856547686212e-02,3.462447922531246280e-03,2.561648463010922361e-02,1.468021619187028469e-02,1.586251548249071122e-02,1.232969260218443920e-02,3.278065533160680334e-02,9.359869384078369631e-03,8.444994933003040216e-03,6.544871073077356514e-03,5.827046503772097610e-03,9.556919265848441009e-03,9.965094020943587871e-03,2.135176218894268771e-02,9.979169012498591979e-03,3.241470555117666880e-02,2.577130953721427920e-02,1.066884359869384007e-02,2.746030852381488654e-02,5.672221596667041676e-02,3.171095597342641487e-02,4.167604999437000274e-02,3.006418196149082331e-02,7.699020380587771363e-03,2.090136245918252506e-02,7.853845287692827817e-03,5.221821866906880237e-03,9.233194460083323993e-03,4.152122508726494368e-03,1.044364373381376047e-02,3.223173066096160413e-03,3.068348158991104392e-03,7.431595541042675113e-03,5.348496790901925875e-03,7.417520549487670138e-03,4.729197162481702660e-03,7.769395338362797103e-03,2.843148294111023499e-03,1.928273843035694084e-03,6.446346132192320826e-03,8.247945051232968838e-03,1.287861727282963581e-02,3.448372930976241306e-03,1.138666816799909984e-02,1.983166310100214005e-02,2.191476185114289016e-02,6.249296250422249448e-03,2.905078256953045820e-02,1.497579101452539176e-02,2.073246256052246536e-02,1.590474045715572701e-02,3.097905641256615272e-02,1.031696880981871484e-02,8.839094696543181237e-03,7.445670532597680087e-03,5.981871410877153197e-03,9.373944375633375473e-03,1.365274180835491548e-02,1.940941335435198908e-02,1.141481815110910979e-02,2.940265735840558517e-02,3.377997973201216086e-02,6.868595878842472663e-03,2.674248395450962851e-02,6.601171039297376586e-02,3.086645648012611293e-02,3.987445107532935212e-02,3.083830649701610124e-02,6.587096047742371438e-03,2.115471230717261633e-02
2.236516158090305281e-02,4.315392410764553460e-02,2.754475847314491466e-02,1.463799121720526890e-02,0.000000000000000000e+00,7.050163269902037788e-02,7.573752955748226656e-02,1.390609165634500675e-02,1.015088390946965458e-01,5.910088953946627394e-02,6.325301204819276657e-02,4.889652066208760584e-02,1.293350973989415564e-01,3.649645310212813742e-02,3.287918027249183556e-02,2.599650940209435879e-02,2.288593626843823947e-02,3.776320234207859727e-02,3.917070149757909819e-02,8.390102465938520382e-02,4.056412566152460542e-02,1.277023983785609829e-01,1.020859137484517454e-01,4.126787523927485934e-02,1.086730097961941255e-01,2.229478662312802673e-01,1.245073752955748181e-01,1.653389257966445258e-01,1.190040535975678410e-01,3.059903164058101407e-02,8.187422587546447361e-02,3.110573133656119663e-02,2.067616259430244199e-02,3.631347821191307362e-02,1.636921517847089377e-02,4.119750028149982840e-02,1.290676725593964576e-02,1.183706789775926076e-02,2.972638216417070045e-02,2.136583718049769182e-02,2.895225762864542252e-02,1.886048868370679074e-02,3.072570656457606145e-02,1.116146830311901851e-02,7.558270465037720751e-03,2.509570994257403348e-02,3.262583042450174775e-02,4.988177007093795579e-02,1.344161693502983826e-02,4.523702285778628818e-02,7.782062830762301320e-02,8.642044814773111594e-02,2.449048530570881524e-02,1.152319558608264766e-01,6.063506361896182917e-02,8.188830086701948119e-02,6.260556243666254295e-02,1.228043013174192066e-01,4.090192545884472480e-02,3.420222947866231183e-02,2.985305708816574782e-02,2.377266073640355720e-02,3.736910257853845452e-02,5.335829298502420964e-02,7.525897984461209222e-02,4.446289832226100330e-02,1.166816799909920072e-01,1.321219457268325570e-01,2.615133430919941437e-02,1.050275869834478154e-01,2.581494201103479158e-01,1.211012273392635952e-01,1.584140299515820194e-01,1.211434523139286179e-01,2.657358405584956534e-02,8.301430019141987915e-02
2.727733363359981927e-02,5.311901812858912247e-02,3.424445445332732763e-02,1.811451413129152102e-02,7.050163269902037788e-02,0.000000000000000000e+00,9.261344443193333942e-02,1.673516495890102485e-02,1.254081747550951365e-01,7.179653192208085288e-02,7.697612881432271126e-02,5.900236459858124172e-02,1.588362796982321912e-01,4.516664790001125723e-02,4.078932552640468501e-02,3.196430582141650961e-02,2.855815786510527976e-02,4.727789663326201902e-02,4.889652066208760584e-02,1.038593626843823947e-01,4.826314604211237591e-02,1.591740794955522897e-01,1.259852494088503638e-01,5.121889426866343964e-02,1.345569192658484514e-01,2.751660849003490505e-01,1.542900574259655488e-01,2.027080283751829803e-01,1.474496115302330879e-01,3.753800247719851074e-02,1.002561648463010935e-01,3.796025222384866865e-02,2.526460984123409664e-02,4.361839882896070136e-02,1.974721315167210847e-02,5.055736966557820150e-02,1.573584055849566385e-02,1.455354126787523905e-02,3.603197838081297066e-02,2.589798446120932310e-02,3.521562887062267694e-02,2.305483616709829917e-02,3.714390271365837493e-02,1.337124197725481425e-02,9.388019367188379580e-03,3.081015651390609303e-02,4.039522576286454225e-02,6.232406260556243999e-02,1.653811507713095347e-02,5.514581691250985268e-02,9.727226663664001460e-02,1.062521112487332525e-01,2.986713207972075193e-02,1.421855646886611979e-01,7.316180610291633801e-02,1.000168899898660063e-01,7.599087940547236131e-02,1.513765341740795078e-01,5.037439477536313770e-02,4.246424952145028825e-02,3.677795293322824038e-02,2.929005742596554537e-02,4.578594752843147958e-02,6.561761062943362310e-02,9.510471793716923639e-02,5.369609278234432903e-02,1.458591374845175093e-01,1.642129264722441140e-01,3.265398040761175597e-02,1.312070712757572311e-01,3.192067334759599029e-01,1.507713095372142653e-01,1.939674586195248296e-01,1.516158090305145811e-01,3.251323049206170795e-02,1.028178133093120145e-01
2.892410764553541430e-02,5.611699132980520199e-02,3.559565364260781212e-02,1.905753856547686212e-02,7.573752955748226656e-02,9.261344443193333942e-02,0.000000000000000000e+00,1.786116428330142974e-02,1.326849453890327768e-01,7.679315392410764052e-02,8.233870059677964037e-02,6.276038734376759853e-02,1.677035243778853824e-01,4.796757121945726537e-02,4.295687422587546322e-02,3.386442968134219245e-02,3.021900686859587890e-02,4.962842022294786798e-02,5.090924445445332847e-02,1.090248845850692455e-01,5.202116878729872579e-02,1.669856998085801070e-01,1.326427204143677541e-01,5.351311789212926523e-02,1.423544645873212611e-01,2.900715009570994374e-01,1.620735277558833509e-01,2.148406710955973464e-01,1.556553316068010340e-01,3.986037608377435149e-02,1.060972863416281969e-01,4.050782569530458205e-02,2.681285891228465251e-02,4.639117216529670129e-02,2.091543745073752916e-02,5.400574259655444020e-02,1.688998986600608043e-02,1.542619074428555268e-02,3.888920166647900217e-02,2.785440828735502930e-02,3.738317757009345516e-02,2.434973539015876723e-02,3.979000112599932748e-02,1.441279135232518931e-02,9.838419096948542233e-03,3.266805539916676354e-02,4.260499943700033626e-02,6.477311113613332116e-02,1.753743947753631446e-02,5.863641481815110718e-02,1.013680891791464977e-01,1.128532822880306263e-01,3.172503096498142244e-02,1.498845850692489545e-01,7.879180272491836945e-02,1.062661862402882601e-01,8.111417633149420325e-02,1.603704537777277395e-01,5.345681792590924186e-02,4.477254813647112142e-02,3.884697669181398638e-02,3.095090642945614104e-02,4.846019592388244729e-02,6.916450850129489403e-02,9.822936606238036328e-02,5.738374056975565490e-02,1.527981083211349955e-01,1.724327215403670677e-01,3.423037946177232005e-02,1.378504672897196137e-01,3.370115977930413509e-01,1.579636302218218602e-01,2.058045265172840921e-01,1.582029050782569612e-01,3.434297939421236678e-02,1.081803850917689436e-01
5.348496790901925875e-03,1.034511879292872479e-02,6.657471005517396311e-03,3.462447922531246280e-03,1.390609165634500675e-02,1.673516495890102485e-02,1.786116428330142974e-02,0.000000000000000000e+00,2.419491048305371164e-02,1.394831663101002081e-02,1.507431595541042745e-02,1.159779304132417532e-02,3.050050669969598185e-02,8.768719738768157232e-03,7.966445220132867613e-03,6.164846301092219601e-03,5.461096723341965671e-03,9.022069586758248508e-03,9.430244341853395371e-03,2.023983785609728692e-02,9.627294223623465014e-03,3.038790676725593859e-02,2.444826033104380292e-02,9.951019029388582030e-03,2.585575948654430731e-02,5.337236797657921722e-02,2.981083211350073203e-02,3.914255151446908998e-02,2.827665803400518027e-02,7.304920617047629475e-03,1.957831325301204878e-02,7.178245693052583837e-03,4.940322035806778145e-03,8.585744848553091696e-03,3.856547686071388169e-03,9.768044139173516494e-03,2.983898209661074111e-03,2.814998311001013550e-03,6.924895845062492561e-03,5.024771985136808859e-03,6.981195811282513326e-03,4.419547348271590619e-03,7.361220583267650240e-03,2.688323387005967912e-03,1.745298952820628332e-03,5.883346469992118376e-03,7.713095372142776338e-03,1.187929287242427655e-02,3.152798108321135107e-03,1.061254363247382017e-02,1.848046391172165209e-02,2.047911271253237409e-02,5.925571444657133299e-03,2.737585857448485496e-02,1.445501632699020336e-02,1.952201328679202888e-02,1.491949104830537186e-02,2.898040761175543420e-02,9.739894156063506545e-03,8.079045152572909144e-03,7.037495777502533224e-03,5.700371579777051972e-03,8.951694628983222768e-03,1.279416732349960596e-02,1.817081409751154092e-02,1.051401869158878448e-02,2.761513343091994213e-02,3.169688098187141423e-02,6.192996284202229550e-03,2.498311001013399368e-02,6.129658822204706731e-02,2.886780767931539093e-02,3.750985249408850253e-02,2.888188267087039851e-02,6.277446233532260264e-03,1.980351311789212837e-02
3.905810156513905840e-02,7.630052921968247248e-02,4.853057088165747129e-02,2.561648463010922361e-02,1.015088390946965458e-01,1.254081747550951365e-01,1.326849453890327768e-01,2.419491048305371164e-02,0.000000000000000000e+00,1.032963630221821888e-01,1.101931088841346662e-01,8.374619975228014823e-02,2.269592388244567049e-01,6.494201103479338433e-02,5.811564013061592399e-02,4.602522238486656675e-02,4.087377547573471659e-02,6.785553428667942533e-02,6.919265848440490918e-02,1.489978606012836437e-01,6.962898322261006079e-02,2.275644634613219197e-01,1.800754419547348217e-01,7.185283188830086931e-02,1.927710843373494076e-01,3.931708140975115340e-01,2.208225425064744840e-01,2.910004503997297709e-01,2.122508726494764242e-01,5.393536763877941620e-02,1.435367638779416755e-01,5.399166760499943957e-02,3.625717824569305026e-02,6.221146267312239325e-02,2.812183312690012468e-02,7.272548136471118641e-02,2.249183650489809672e-02,2.076061254363247358e-02,5.175374394775363041e-02,3.727057763765341536e-02,5.027586983447809854e-02,3.278065533160680334e-02,5.387906767255939977e-02,1.919828848102691013e-02,1.321641707014975867e-02,4.375914874451075631e-02,5.769339038396577302e-02,8.820797207521675898e-02,2.337856097286341792e-02,7.859475284314829113e-02,1.378926922643846364e-01,1.525729084562549298e-01,4.295687422587546322e-02,2.037073527755883240e-01,1.061817362909582285e-01,1.431708140975115340e-01,1.085744848553090863e-01,2.166422700146379832e-01,7.257065645760613082e-02,6.012836392298164662e-02,5.258416844949893171e-02,4.214052471568516950e-02,6.598356040986375071e-02,9.411946852831888644e-02,1.345991442405134464e-01,7.637090417745749649e-02,2.082254250647449512e-01,2.346864091881544767e-01,4.602522238486656675e-02,1.877603873437675985e-01,4.558889764666141375e-01,2.152347708591374753e-01,2.791070825357505059e-01,2.156147956311226244e-01,4.681342191194685226e-02,1.465065870960477468e-01
2.226663664001801712e-02,4.357617385429568557e-02,2.754475847314491466e-02,1.468021619187028469e-02,5.910088953946627394e-02,7.179653192208085288e-02,7.679315392410764052e-02,1.394831663101002081e-02,1.032963630221821888e-01,0.000000000000000000e+00,6.436493638103817083e-02,4.822092106744736012e-02,1.307003715797770416e-01,3.779135232518860549e-02,3.327328003603197831e-02,2.630615921630446996e-02,2.363191082085350919e-02,3.879067672559396301e-02,3.939590136245918472e-02,8.464699921180046660e-02,4.025447584731449424e-02,1.297995721202567232e-01,1.026629884022069589e-01,4.094415043350974059e-02,1.106716585970048405e-01,2.242146154712307271e-01,1.257037495777502401e-01,1.676049994370003293e-01,1.209886274068235623e-01,3.144353113388131948e-02,8.225425064744960879e-02,3.078200653079608134e-02,2.064801261119243378e-02,3.541267875239274832e-02,1.597511541493075102e-02,4.221089967346019350e-02,1.303344217993469140e-02,1.175261794842923091e-02,2.975453214728071213e-02,2.135176218894268771e-02,2.885373268776038683e-02,1.877603873437675916e-02,3.095090642945614104e-02,1.113331832000900856e-02,7.558270465037720751e-03,2.518015989190406506e-02,3.334365499380700232e-02,4.993807003715797915e-02,1.352606688435986984e-02,4.580002251998648716e-02,7.842585294448822797e-02,8.772942236234658464e-02,2.437788537326877544e-02,1.165127800923319440e-01,6.142326314604211468e-02,8.263427541943474397e-02,6.267593739443756695e-02,1.243807003715797777e-01,4.192939984236009748e-02,3.461040423375746217e-02,3.037383177570093448e-02,2.415268550838869585e-02,3.793210224073865350e-02,5.406204256277446357e-02,7.701835378898772011e-02,4.433622339826596287e-02,1.192011034793379193e-01,1.338813196712081988e-01,2.624985925008445006e-02,1.078144353113388160e-01,2.611333183200090224e-01,1.229872762076342774e-01,1.612008782794730199e-01,1.235643508613894770e-01,2.716473370115977948e-02,8.404177457493525183e-02
2.420898547460871575e-02,4.703862177682693185e-02,2.992343204594077183e-02,1.586251548249071122e-02,6.325301204819276657e-02,7.697612881432271126e-02,8.233870059677964037e-02,1.507431595541042745e-02,1.101931088841346662e-01,6.436493638103817083e-02,0.000000000000000000e+00,5.289381826370904288e-02,1.405810156513906117e-01,4.009965094020943865e-02,3.601790338925796309e-02,2.844555793266523996e-02,2.548980970611417624e-02,4.169012498592501031e-02,4.257684945389032805e-02,9.136077018353788715e-02,4.375914874451075631e-02,1.396239162256502631e-01,1.114035581578651096e-01,4.495552302668618522e-02,1.189336786397928170e-01,2.424276545434072838e-01,1.354014187591487395e-01,1.801880418871748546e-01,1.299966220020268015e-01,3.361107983335209770e-02,8.892579664452200661e-02,3.362515482490710528e-02,2.221033667379799723e-02,3.866400180159891564e-02,1.739668956198626298e-02,4.492737304357617700e-02,1.397646661412003076e-02,1.265341740794955448e-02,3.207690575385654941e-02,2.309706114176331496e-02,3.134500619299628726e-02,2.028206283076230271e-02,3.330143001914198653e-02,1.202004278797432803e-02,8.233870059677964731e-03,2.723510865893480348e-02,3.576455354126787528e-02,5.441391735164959054e-02,1.458169125098524900e-02,4.910764553541267785e-02,8.501294899223060808e-02,9.424614345231392687e-02,2.660173403895957703e-02,1.253237248057651188e-01,6.578651052809368627e-02,8.875689674586195732e-02,6.823555905866456051e-02,1.340079945952032392e-01,4.477254813647112142e-02,3.731280261231843115e-02,3.227395563562662079e-02,2.596835941898434710e-02,4.078932552640468501e-02,5.787636527418083682e-02,8.316912509852493474e-02,4.799572120256728053e-02,1.274771985136808894e-01,1.447753631347821202e-01,2.862853282288030723e-02,1.150912059452764286e-01,2.813027812183312437e-01,1.325019704988177061e-01,1.732349960590023608e-01,1.327412453552527793e-01,2.920560747663551379e-02,9.081184551289268880e-02
1.874788875126675095e-02,3.552527868483278811e-02,2.326596104042337465e-02,1.232969260218443920e-02,4.889652066208760584e-02,5.900236459858124172e-02,6.276038734376759853e-02,1.159779304132417532e-02,8.374619975228014823e-02,4.822092106744736012e-02,5.289381826370904288e-02,0.000000000000000000e+00,1.068854858687084824e-01,3.085238148857110535e-02,2.784033329580002172e-02,2.126731223961265613e-02,1.925458844724693003e-02,3.158428104943136749e-02,3.306215516270689936e-02,6.979788312127012395e-02,3.377997973201216086e-02,1.059706114176331426e-01,8.554779867132079885e-02,3.577862853282288286e-02,9.048812070712757005e-02,1.851424389145366611e-01,1.037467627519423480e-01,1.363022182186690578e-01,9.825751604549037843e-02,2.558833464699921192e-02,6.848890890665465525e-02,2.564463461321923182e-02,1.710111473933115592e-02,3.035975678414593038e-02,1.363866681679990964e-02,3.420222947866231183e-02,1.047179371692377042e-02,9.908794054723567973e-03,2.451863528881882692e-02,1.735446458732124719e-02,2.463123522125886672e-02,1.567954059227564395e-02,2.525053484967908907e-02,9.219119468528318151e-03,6.347821191307285137e-03,2.132361220583267603e-02,2.695360882783470399e-02,4.228127463123522445e-02,1.124591825244904836e-02,3.766467740119355812e-02,6.487163607701836032e-02,7.148688210787074171e-02,2.063393761963742967e-02,9.496396802161918838e-02,4.988177007093795579e-02,6.786960927823443290e-02,5.371016777389933661e-02,1.016636640018016013e-01,3.394887963067222403e-02,2.878335772998536282e-02,2.453271028037383103e-02,1.984573809255714416e-02,3.100720639567616094e-02,4.457549825470105004e-02,6.349228690462785374e-02,3.763652741808354990e-02,9.639961716022969751e-02,1.113894831663101020e-01,2.278741132755320378e-02,8.744792253124647474e-02,2.158118455128927027e-01,1.009317644409413323e-01,1.313618961828622866e-01,1.009599144240513474e-01,2.212588672446796564e-02,6.947415831550500520e-02
4.979732012160792420e-02,9.661074203355478340e-02,6.098693840783695613e-02,3.278065533160680334e-02,1.293350973989415564e-01,1.588362796982321912e-01,1.677035243778853824e-01,3.050050669969598185e-02,2.269592388244567049e-01,1.307003715797770416e-01,1.405810156513906117e-01,1.068854858687084824e-01,0.000000000000000000e+00,8.191645085012949634e-02,7.371073077356153636e-02,5.824231505461096442e-02,5.168336898997860640e-02,8.539297376421574326e-02,8.711012273392636229e-02,1.871973876815673787e-01,8.870059677964192701e-02,2.872283526629884065e-01,2.271985136808917782e-01,9.183931989640806148e-02,2.438351536989077917e-01,4.969457268325638832e-01,2.776855083886949904e-01,3.672165296700822257e-01,2.668336898997860640e-01,6.848890890665465525e-02,1.823274406035356454e-01,6.879855872086476642e-02,4.530739781556131218e-02,7.924220245467852863e-02,3.558157865105281148e-02,9.230379461772322824e-02,2.865668280599031545e-02,2.624985925008445006e-02,6.608208535074878986e-02,4.746087152347708282e-02,6.377378673572796364e-02,4.160567503659497873e-02,6.808073415155950492e-02,2.447641031415381113e-02,1.681961490823105643e-02,5.655331606801036054e-02,7.326033104380137717e-02,1.114457831325301185e-01,2.990935705438576772e-02,1.000450399729760215e-01,1.741217205269676715e-01,1.931370341177795213e-01,5.418871748676951094e-02,2.564181961490822892e-01,1.343317194009683579e-01,1.815814660511203826e-01,1.382867920279247931e-01,2.748001351199189091e-01,9.136077018353788715e-02,7.675092894944263167e-02,6.634951019029389219e-02,5.318939308636414648e-02,8.304245017452989430e-02,1.186944037833577298e-01,1.691954734827159079e-01,9.807454115527530769e-02,2.614711181173291488e-01,2.961659723004166356e-01,5.891791464925121014e-02,2.363472581916450932e-01,5.784962279022632936e-01,2.709435874338475547e-01,3.529304132417520612e-01,2.717458619524828478e-01,5.915718950568629730e-02,1.855928386442968203e-01
1.413129152122508808e-02,2.734770859137484675e-02,1.765003940997635426e-02,9.359869384078369631e-03,3.649645310212813742e-02,4.516664790001125723e-02,4.796757121945726537e-02,8.768719738768157232e-03,6.494201103479338433e-02,3.779135232518860549e-02,4.009965094020943865e-02,3.085238148857110535e-02,8.191645085012949634e-02,0.000000000000000000e+00,2.112656232406260465e-02,1.646774011935592946e-02,1.514469091318545145e-02,2.422306046616371986e-02,2.492681004391397379e-02,5.376646774011935304e-02,2.539128476522914055e-02,8.133937619637428285e-02,6.471681116991330474e-02,2.654543407273955713e-02,6.926303344217993319e-02,1.407921405247156976e-01,7.942517734489359937e-02,1.054498367300979594e-01,7.627237923657245733e-02,1.978943812633712426e-02,5.168336898997860640e-02,1.938126337124197740e-02,1.275194234883459017e-02,2.225256164846300955e-02,1.021844386893367915e-02,2.629208422474946585e-02,8.107195135682919093e-03,7.501970498817700853e-03,1.849453890327665967e-02,1.308974214615471303e-02,1.819896408062155260e-02,1.171039297376421512e-02,1.940941335435198908e-02,6.896745861952482612e-03,4.827722103366738349e-03,1.574991555005067143e-02,2.101396239162256485e-02,3.204875577074653425e-02,8.374619975228014476e-03,2.838925796644522007e-02,4.976917013849791599e-02,5.469541718274969350e-02,1.548249071050557431e-02,7.382333070600158309e-02,3.864992681004391500e-02,5.202116878729872579e-02,3.950850129489922452e-02,7.825695304582817868e-02,2.605280936831437869e-02,2.183031190181285858e-02,1.898716360770183464e-02,1.560916563450061995e-02,2.378673572795856478e-02,3.437112937732237500e-02,4.891059565364260647e-02,2.795293322824006152e-02,7.423150546109671954e-02,8.474552415268550576e-02,1.665071500957099326e-02,6.778515932890440132e-02,1.639455016326990255e-01,7.849622790226325197e-02,1.009458394324963398e-01,7.810212813872312310e-02,1.700258979844612023e-02,5.316124310325413826e-02
1.276601734038959601e-02,2.463123522125886672e-02,1.596104042337574691e-02,8.444994933003040216e-03,3.287918027249183556e-02,4.078932552640468501e-02,4.295687422587546322e-02,7.966445220132867613e-03,5.811564013061592399e-02,3.327328003603197831e-02,3.601790338925796309e-02,2.784033329580002172e-02,7.371073077356153636e-02,2.112656232406260465e-02,0.000000000000000000e+00,1.482096610742033617e-02,1.331494201103479262e-02,2.174586195248282700e-02,2.274518635288818799e-02,4.838982096610742328e-02,2.263258642044814820e-02,7.349960590023646434e-02,5.862233982659610654e-02,2.413861051683368827e-02,6.223961265623240841e-02,1.276320234207859450e-01,7.185283188830086931e-02,9.396464362121383085e-02,6.846075892354464010e-02,1.745298952820628288e-02,4.675712194572683583e-02,1.753743947753631446e-02,1.173854295687422507e-02,2.036651278009233082e-02,9.162819502308298253e-03,2.351931088841346593e-02,7.234545659272604602e-03,6.784145929512441948e-03,1.683368989978606053e-02,1.186521788086927071e-02,1.660849003490597747e-02,1.058439364936381022e-02,1.741076455354126709e-02,6.277446233532260264e-03,4.306947415831550822e-03,1.425796644522013372e-02,1.867751379349172347e-02,2.902263258642044652e-02,7.586420448147730700e-03,2.544758473144916044e-02,4.501182299290620165e-02,4.902319558608264627e-02,1.417351649589010214e-02,6.577243553653867869e-02,3.417407949555230362e-02,4.674304695417182826e-02,3.597567841459295424e-02,6.989640806215516311e-02,2.320966107420335475e-02,1.959238824456705289e-02,1.691813984911609212e-02,1.369496678301992953e-02,2.122508726494764034e-02,3.089460646323612114e-02,4.412509852494088392e-02,2.533498479900912065e-02,6.701103479337912339e-02,7.690575385654768725e-02,1.531359081184551288e-02,6.064913861051683674e-02,1.483222610066433911e-01,7.014975791014525786e-02,9.006587096047742602e-02,7.019198288481026671e-02,1.503209098074541165e-02,4.762977142213714599e-02
9.993244004053597820e-03,1.947978831212701309e-02,1.224524265285440762e-02,6.544871073077356514e-03,2.599650940209435879e-02,3.196430582141650961e-02,3.386442968134219245e-02,6.164846301092219601e-03,4.602522238486656675e-02,2.630615921630446996e-02,2.844555793266523996e-02,2.126731223961265613e-02,5.824231505461096442e-02,1.646774011935592946e-02,1.482096610742033617e-02,0.000000000000000000e+00,1.044364373381376047e-02,1.712926472244116760e-02,1.753743947753631446e-02,3.777727733363359791e-02,1.787523927485643385e-02,5.787636527418083682e-02,4.594077243553654211e-02,1.838193897083661640e-02,4.900912059452764563e-02,1.001013399391960379e-01,5.608884134669519378e-02,7.455523026686183830e-02,5.403389257966445536e-02,1.384979169012498512e-02,3.662312802612318480e-02,1.394831663101002081e-02,9.148744510753294146e-03,1.580621551627069132e-02,7.121945726832563939e-03,1.852268888638666788e-02,5.827046503772097610e-03,5.249971850016890186e-03,1.332901700258979846e-02,9.458394324963405320e-03,1.268156739105956617e-02,8.191645085012948940e-03,1.376534174079495527e-02,4.926247044251773170e-03,3.349847990091206051e-03,1.130221821866906826e-02,1.473651615809030459e-02,2.230886161468303291e-02,6.010021393987164014e-03,2.000056299966219975e-02,3.537045377772773253e-02,3.895957662425402618e-02,1.102071838756896703e-02,5.193671883796869421e-02,2.722103366737979938e-02,3.660905303456817722e-02,2.753068348158991055e-02,5.553991667604999544e-02,1.841008895394662809e-02,1.541211575273054857e-02,1.342754194347483415e-02,1.064069361558383012e-02,1.683368989978606053e-02,2.375858574484855310e-02,3.427260443643733584e-02,1.980351311789212837e-02,5.306271816236910605e-02,5.987501407499155187e-02,1.175261794842923091e-02,4.772829636302218514e-02,1.165972300416619756e-01,5.490654205607476551e-02,7.113500731899560781e-02,5.515989190406486026e-02,1.194966783019930229e-02,3.732687760387343873e-02
8.740569755658147283e-03,1.707296475622114770e-02,1.104886837067897698e-02,5.827046503772097610e-03,2.288593626843823947e-02,2.855815786510527976e-02,3.021900686859587890e-02,5.461096723341965671e-03,4.087377547573471659e-02,2.363191082085350919e-02,2.548980970611417624e-02,1.925458844724693003e-02,5.168336898997860640e-02,1.514469091318545145e-02,1.331494201103479262e-02,1.044364373381376047e-02,0.000000000000000000e+00,1.552471568517058836e-02,1.580621551627069132e-02,3.370960477423713686e-02,1.584844049093570711e-02,5.164114401531359061e-02,4.087377547573471659e-02,1.645366512780092189e-02,4.399842360094583654e-02,8.823612205832676025e-02,4.988177007093795579e-02,6.651841008895394147e-02,4.815054610967233611e-02,1.263934241639455038e-02,3.238655556806666058e-02,1.216079270352437777e-02,7.994595203242877562e-03,1.369496678301992953e-02,6.249296250422249448e-03,1.680553991667604885e-02,5.095146942911834599e-03,4.602522238486657022e-03,1.147111811732912968e-02,8.219795068122958889e-03,1.133036820177907820e-02,7.318995608602634449e-03,1.202004278797432803e-02,4.236572458056525083e-03,3.054273167436099418e-03,9.908794054723567973e-03,1.341346695191982831e-02,2.023983785609728692e-02,5.292196824681905110e-03,1.803006418196148944e-02,3.138723116766129612e-02,3.456817925909244638e-02,9.458394324963405320e-03,4.636302218218669308e-02,2.420898547460871575e-02,3.245693052584168459e-02,2.482828510302893810e-02,4.962842022294786798e-02,1.663664001801598916e-02,1.377941673234996112e-02,1.189336786397928239e-02,9.796194122283526443e-03,1.507431595541042745e-02,2.146436212138272751e-02,3.109165634500619252e-02,1.741076455354126709e-02,4.729197162481702660e-02,5.330199301880418628e-02,1.058439364936381022e-02,4.321022407386555797e-02,1.034371129377322368e-01,4.957212025672784461e-02,6.435086138948316326e-02,4.940322035806778839e-02,1.087996847201891729e-02,3.359700484179709706e-02
1.448316631010021331e-02,2.838925796644522007e-02,1.817081409751154092e-02,9.556919265848441009e-03,3.776320234207859727e-02,4.727789663326201902e-02,4.962842022294786798e-02,9.022069586758248508e-03,6.785553428667942533e-02,3.879067672559396301e-02,4.169012498592501031e-02,3.158428104943136749e-02,8.539297376421574326e-02,2.422306046616371986e-02,2.174586195248282700e-02,1.712926472244116760e-02,1.552471568517058836e-02,0.000000000000000000e+00,2.599650940209435879e-02,5.558214165071501123e-02,2.591205945276432721e-02,8.536482378110572811e-02,6.717993469203918655e-02,2.709435874338475547e-02,7.195135682918590847e-02,1.465769620538227569e-01,8.242315054610967195e-02,1.091374845175092922e-01,7.946740231955860823e-02,2.040873775475734661e-02,5.356941785834928166e-02,2.019761288143227113e-02,1.344161693502983826e-02,2.299853620087827927e-02,1.042956874225875463e-02,2.708028375182974790e-02,8.360544983673010369e-03,7.741245355252787154e-03,1.928273843035694171e-02,1.359644184213489558e-02,1.863528881882670768e-02,1.211856772885936198e-02,1.994426303344217985e-02,7.093795743722553990e-03,5.038846976691813834e-03,1.652404008557594936e-02,2.177401193559283868e-02,3.324513005292197010e-02,8.810944713433171288e-03,2.952933228240062907e-02,5.176781893930863798e-02,5.727114063731561511e-02,1.591881544871073112e-02,7.637090417745749649e-02,3.979000112599932748e-02,5.365386780767931324e-02,4.087377547573471659e-02,8.163495101902938644e-02,2.720695867582479527e-02,2.270296137822317220e-02,1.952201328679202888e-02,1.576399054160567553e-02,2.471568517058889830e-02,3.524377885373268515e-02,5.072626956423826466e-02,2.872705776376534292e-02,7.824287805427317111e-02,8.782794730323162380e-02,1.749521450287129867e-02,7.065645760612543347e-02,1.717571219457268428e-01,8.079045152572908450e-02,1.042393874563675299e-01,8.076230154261906935e-02,1.749521450287129867e-02,5.503321698006981288e-02
1.518691588785046724e-02,2.929005742596554537e-02,1.902938858236685044e-02,9.965094020943587871e-03,3.917070149757909819e-02,4.889652066208760584e-02,5.090924445445332847e-02,9.430244341853395371e-03,6.919265848440490918e-02,3.939590136245918472e-02,4.257684945389032805e-02,3.306215516270689936e-02,8.711012273392636229e-02,2.492681004391397379e-02,2.274518635288818799e-02,1.753743947753631446e-02,1.580621551627069132e-02,2.599650940209435879e-02,0.000000000000000000e+00,5.772154036707578123e-02,2.710843373493975958e-02,8.775757234545658592e-02,7.002308298615020354e-02,2.875520774687535114e-02,7.402038058777164753e-02,1.525447584731449147e-01,8.570262357842585443e-02,1.113331832000900856e-01,8.118455128926922726e-02,2.073246256052246536e-02,5.569474158315505102e-02,2.053541267875239398e-02,1.390609165634500675e-02,2.436381038171377134e-02,1.097849341290395297e-02,2.771365837180497782e-02,8.487219907668056007e-03,8.135345118792929042e-03,1.966276320234207689e-02,1.421574147055511793e-02,1.971906316856210026e-02,1.275194234883459017e-02,2.056356266186240220e-02,7.347145591712645266e-03,5.151446909131854497e-03,1.693221484067109622e-02,2.218218669068798554e-02,3.470892917464249439e-02,9.022069586758248508e-03,3.051458169125098596e-02,5.314716811169913069e-02,5.849566490260105917e-02,1.669293998423600905e-02,7.832732800360320269e-02,4.056412566152460542e-02,5.507544195473482868e-02,4.246424952145028825e-02,8.330987501407499662e-02,2.769958338024997024e-02,2.323781105731336644e-02,2.029613782231730681e-02,1.639736516158090199e-02,2.544758473144916044e-02,3.635570318657808941e-02,5.226044364373381296e-02,2.985305708816574782e-02,7.983335209998873583e-02,9.103704537777276840e-02,1.808636414818151281e-02,7.230323161806102850e-02,1.761907442855534245e-01,8.325357504785496632e-02,1.073499605900236492e-01,8.333802499718499790e-02,1.807228915662650523e-02,5.690519085688548750e-02
3.241470555117666880e-02,6.295743722553766297e-02,4.077525053484967743e-02,2.135176218894268771e-02,8.390102465938520382e-02,1.038593626843823947e-01,1.090248845850692455e-01,2.023983785609728692e-02,1.489978606012836437e-01,8.464699921180046660e-02,9.136077018353788715e-02,6.979788312127012395e-02,1.871973876815673787e-01,5.376646774011935304e-02,4.838982096610742328e-02,3.777727733363359791e-02,3.370960477423713686e-02,5.558214165071501123e-02,5.772154036707578123e-02,0.000000000000000000e+00,5.774969035018578944e-02,1.871129377322373610e-01,1.493778853732687650e-01,6.056468866118680516e-02,1.583155050106969941e-01,3.245130052921968433e-01,1.826652404008557717e-01,2.394296813421911974e-01,1.741076455354126917e-01,4.442067334759599445e-02,1.189899786060128334e-01,4.419547348271590792e-02,2.989528206283076361e-02,5.188041887174867778e-02,2.364598581240851330e-02,5.979056412566152723e-02,1.836786397928161230e-02,1.721371467177119571e-02,4.236572458056524909e-02,3.040198175881094617e-02,4.171827496903501853e-02,2.685508388694966830e-02,4.444882333070600267e-02,1.586251548249071122e-02,1.092219344668393134e-02,3.639792816124310521e-02,4.743272154036707461e-02,7.395000562999662352e-02,1.924051345569192592e-02,6.478718612768832874e-02,1.142607814435311342e-01,1.248311001013399368e-01,3.593345343992793844e-02,1.677457493525503773e-01,8.712419772548136987e-02,1.183988289607026262e-01,9.002364598581240329e-02,1.780064181961490688e-01,5.956536426078144070e-02,4.972694516383290020e-02,4.304132417520549481e-02,3.487782907330255755e-02,5.430131741920955074e-02,7.824287805427317111e-02,1.125717824569305303e-01,6.357673685395788532e-02,1.713067222159666836e-01,1.949527080283751934e-01,3.850917689449386005e-02,1.545152572908456146e-01,3.766467740119355812e-01,1.784849679090192431e-01,2.299853620087828066e-01,1.790198175881094478e-01,3.859362684382389164e-02,1.211012273392635952e-01
1.545434072739556436e-02,2.962785722328566476e-02,1.897308861614683054e-02,9.979169012498591979e-03,4.056412566152460542e-02,4.826314604211237591e-02,5.202116878729872579e-02,9.627294223623465014e-03,6.962898322261006079e-02,4.025447584731449424e-02,4.375914874451075631e-02,3.377997973201216086e-02,8.870059677964192701e-02,2.539128476522914055e-02,2.263258642044814820e-02,1.787523927485643385e-02,1.584844049093570711e-02,2.591205945276432721e-02,2.710843373493975958e-02,5.774969035018578944e-02,0.000000000000000000e+00,8.753237248057650632e-02,7.061423263146042462e-02,2.868483278910032713e-02,7.466783019930188503e-02,1.526995833802499702e-01,8.554779867132079885e-02,1.132192320684607539e-01,8.178977592613444203e-02,2.112656232406260465e-02,5.615921630447021778e-02,2.098581240851255317e-02,1.407499155500506645e-02,2.471568517058889830e-02,1.114739331156401267e-02,2.830480801711518848e-02,8.712419772548137334e-03,8.135345118792929042e-03,2.026798783920729513e-02,1.425796644522013372e-02,1.993018804188717574e-02,1.266749239950456032e-02,2.112656232406260465e-02,7.642720414367751465e-03,5.123296926021844548e-03,1.708703974777615181e-02,2.249183650489809672e-02,3.435705438576736742e-02,9.162819502308298253e-03,3.085238148857110535e-02,5.333014300191420143e-02,5.908681454791127330e-02,1.704481477311113602e-02,7.896070262357843261e-02,4.177457493525504190e-02,5.586364148181511419e-02,4.316799909920054218e-02,8.430919941448035415e-02,2.802330818601508899e-02,2.346301092219344603e-02,2.049318770408737819e-02,1.645366512780092189e-02,2.582760950343429909e-02,3.662312802612318480e-02,5.172559396464362219e-02,3.059903164058101407e-02,7.994595203242878256e-02,9.137484517509289472e-02,1.793153924107645375e-02,7.261288143227113967e-02,1.773026686183988287e-01,8.349284990429005349e-02,1.085744848553090863e-01,8.345062492962504463e-02,1.829748902150658829e-02,5.707409075554554373e-02
