0.000000000000000000e+00,1.200323796514128107e-02,8.158154359869470088e-03,5.388176367913789441e-03,2.014874402367761858e-02,2.111001492499557305e-02,2.715590296223217154e-02,3.048240621284561361e-03,2.888872024487111265e-02,1.864359616503503611e-02,1.841592674103867747e-02,1.325541979712124667e-02,4.225797475399054037e-02,1.116845007715463849e-02,8.917052439857327609e-03,9.650653917178923444e-03,8.132857757203208401e-03,1.459613973843312817e-02,1.162378892514735231e-02,2.420884875161265909e-02,9.701247122511446816e-03,4.029748804735523715e-02,3.088715185550580666e-02,1.187675495180997264e-02,3.282234195947484473e-02,7.162733044952063199e-02,3.746426854873390749e-02,5.423591611646556149e-02,3.436543472211681799e-02,8.626141509195314749e-03,2.792744934355316164e-02,1.091548405049201816e-02,7.791353621208671303e-03,1.416609749310667604e-02,7.879891730540588071e-03,1.149730591181604387e-02,4.072753029268169622e-03,3.440337962611621399e-03,9.498874301181351593e-03,6.374743871898003872e-03,8.765272823859755758e-03,7.728112114543017087e-03,9.638005615845792601e-03,3.389744757279097593e-03,2.226101034631049191e-03,7.070400445220207178e-03,1.392577976777718829e-02,1.469732614909817665e-02,5.021375629252991524e-03,1.608863929574258153e-02,2.882547873820546017e-02,2.496774683160051661e-02,4.199236042599478920e-03,3.625003162075333268e-02,2.183096810098403631e-02,2.651083959424249334e-02,2.240014166097492945e-02,3.784371758872783625e-02,1.105461536515645916e-02,1.237003870380207898e-02,9.220611671852469576e-03,6.602413295894361649e-03,1.183881004781057837e-02,1.511472009309149794e-02,2.352584047962358663e-02,1.310364018112367482e-02,4.090460651134552456e-02,3.607295540208949741e-02,9.195315069186207890e-03,3.074802054084136566e-02,8.765272823859755758e-02,3.555437504743112764e-02,5.155447623384179501e-02,3.235435481014899833e-02,6.830082719890718558e-03,2.618198375958108795e-02
1.200323796514128107e-02,0.000000000000000000e+00,1.541827932508664165e-02,1.034631049050112502e-02,3.881763679137891637e-02,4.048721256735220153e-02,5.265487844982418703e-02,5.906756722572158343e-03,5.647466545242973979e-02,3.603501049809010315e-02,3.526346411676911652e-02,2.551162378892514807e-02,8.170802661202600237e-02,2.194480281298221563e-02,1.672105436239913062e-02,1.869418937036755948e-02,1.559535554375047345e-02,2.850927120487718389e-02,2.233690015430927697e-02,4.688725304191647403e-02,1.806177430371101039e-02,7.806531582808429182e-02,5.957349927904682235e-02,2.210923073031291833e-02,6.310237535099036399e-02,1.364245781791505463e-01,7.303129189749817118e-02,1.053856467076471626e-01,6.669449292959955811e-02,1.697402038906174748e-02,5.375528066580657904e-02,2.100882851433052631e-02,1.514001669575775963e-02,2.695353014090207805e-02,1.522855480508967727e-02,2.234954845564240608e-02,8.069616250537552452e-03,6.640358199893754178e-03,1.804912600237788128e-02,1.261035642913156847e-02,1.682224077306417737e-02,1.465938124509878239e-02,1.916217651969340588e-02,6.754192911891932632e-03,4.237180946598871449e-03,1.309099187979054398e-02,2.721914446889782749e-02,2.790215274088689995e-02,9.853026738509018667e-03,3.126660089549973542e-02,5.515924211378411823e-02,4.837975259922592391e-02,8.069616250537552452e-03,7.061546634287015067e-02,4.197971212466165836e-02,5.117502719384786625e-02,4.271331360198325072e-02,7.309453340416381673e-02,2.161594697832081025e-02,2.341200576762540730e-02,1.812501581037666634e-02,1.276213604512913859e-02,2.312109483696339618e-02,2.862310591687536321e-02,4.538210518327388809e-02,2.444916647694214684e-02,8.029141686271533407e-02,6.990716146821482346e-02,1.698666869039488006e-02,6.002883812703953964e-02,1.678556069919809879e-01,6.903442867622877621e-02,9.993422883306772586e-02,6.286205762566086930e-02,1.348308922111760358e-02,5.126356530317978388e-02
8.158154359869470088e-03,1.541827932508664165e-02,0.000000000000000000e+00,6.880675925223242798e-03,2.615668715691482626e-02,2.721914446889782749e-02,3.517492600743719888e-02,3.908325111937466928e-03,3.771723457539652435e-02,2.424679365561204988e-02,2.389264121828438281e-02,1.727757962105689118e-02,5.443828893779565498e-02,1.481116086109635424e-02,1.153525081581543640e-02,1.268624623713035353e-02,1.044749690116617349e-02,1.911158331436088251e-02,1.520325820242341384e-02,3.164604993549366418e-02,1.214236927980572207e-02,5.297108598315246331e-02,4.033543295135463141e-02,1.511472009309149794e-02,4.252358908198628634e-02,9.235789633452227976e-02,4.932837519921074582e-02,7.084313576686651626e-02,4.480028332194985891e-02,1.147200930914978045e-02,3.622473501808706753e-02,1.371075864511396049e-02,1.018188257317042406e-02,1.826414712504110735e-02,1.024512407983607827e-02,1.496294047709392609e-02,5.223748450583086747e-03,4.388960562596443300e-03,1.185145834914370921e-02,8.449065290531481212e-03,1.124433988515342354e-02,9.992158053173457941e-03,1.274948774379600774e-02,4.388960562596443300e-03,2.782626293288811489e-03,8.904404138524196766e-03,1.822620222104171309e-02,1.892185879436391813e-02,6.475930282563051484e-03,2.090764210366547610e-02,3.702157800207431931e-02,3.218992689281829217e-02,5.438769573246312813e-03,4.772204092990311314e-02,2.787685613822063826e-02,3.446662113278186473e-02,2.869899572487414827e-02,4.899951936454934043e-02,1.452024993043434312e-02,1.583567326907996120e-02,1.205383117047380617e-02,8.474361893197742898e-03,1.541827932508664165e-02,1.933925273835723768e-02,3.064683413017631891e-02,1.631630871973894018e-02,5.395765348713667947e-02,4.746907490324049628e-02,1.150995421314917472e-02,4.015835673269080308e-02,1.126331233715312102e-01,4.639396928992436248e-02,6.730161139358983857e-02,4.215678834332549363e-02,9.271204877184994683e-03,3.437808302344995404e-02
5.388176367913789441e-03,1.034631049050112502e-02,6.880675925223242798e-03,0.000000000000000000e+00,1.760643545571829657e-02,1.817560901570918971e-02,2.372821330095368358e-02,2.706736485290025564e-03,2.538514077559383617e-02,1.641749513040398692e-02,1.612658419974197579e-02,1.161114062381422146e-02,3.714806101540563121e-02,9.979509751840327098e-03,7.500442690546659311e-03,8.423768687865219526e-03,7.120993650552730550e-03,1.276213604512913859e-02,1.010599276517163726e-02,2.098353191166426462e-02,8.259340770534516832e-03,3.504844299410589392e-02,2.675115731957198109e-02,9.903619943841542039e-03,2.873694062887354253e-02,6.136955806835141941e-02,3.231640990614960407e-02,4.732994358857605527e-02,2.991323265285472308e-02,7.677518909210492848e-03,2.429738686094457673e-02,9.549467506513874965e-03,6.868027623890111955e-03,1.226885229313703224e-02,6.792137815891326029e-03,1.025777238116920911e-02,3.668007386607978742e-03,2.984999114618906713e-03,8.196099263868862617e-03,5.742328805241455648e-03,7.690167210543623691e-03,6.653006501226885021e-03,8.714679618527232385e-03,2.997647415952037556e-03,1.922541802635905923e-03,5.856163517239634971e-03,1.224355569047077055e-02,1.257241152513217421e-02,4.477498671928360069e-03,1.427993220510485363e-02,2.505628494093243425e-02,2.209658242897978922e-02,3.693303989274240428e-03,3.177253294882497608e-02,1.926336293035845262e-02,2.334876426095975482e-02,1.937719764235663195e-02,3.336621891679947272e-02,9.878323341175280353e-03,1.053603501049808940e-02,8.183450962535731774e-03,5.843515215906504127e-03,1.044749690116617349e-02,1.301510207179175892e-02,2.049024815967215654e-02,1.106726366648959001e-02,3.598441729275757978e-02,3.122865599150034116e-02,7.652222306544231162e-03,2.709266145556651906e-02,7.561154536945688398e-02,3.098833826617085341e-02,4.540740178594014631e-02,2.840808479421213714e-02,6.083832941235991880e-03,2.310844653563026360e-02
2.014874402367761858e-02,3.881763679137891637e-02,2.615668715691482626e-02,1.760643545571829657e-02,0.000000000000000000e+00,6.888264906023121303e-02,9.132073562520554022e-02,1.010599276517163726e-02,9.658242897978801256e-02,6.288735422832714139e-02,6.142015127368394278e-02,4.463585540461915968e-02,1.413194707950722329e-01,3.817257342338924164e-02,2.828160178088082871e-02,3.196225746882194046e-02,2.699147504490146884e-02,4.839240090055905302e-02,3.851407755938377614e-02,7.954516708406060566e-02,3.175988464749184004e-02,1.332625028458677974e-01,1.020970883610331087e-01,3.821051832738862897e-02,1.088006880675925214e-01,2.331714350762692511e-01,1.230426753686979791e-01,1.813513445144317171e-01,1.139611950115099609e-01,2.958437681819331769e-02,9.221876501985783181e-02,3.649034934608282044e-02,2.649819129290936076e-02,4.693784624724899740e-02,2.633376337557865807e-02,3.942475525536920378e-02,1.412815258910728351e-02,1.143406440515038792e-02,3.157016012749487566e-02,2.200804431964787158e-02,2.941994890086261499e-02,2.567605170625585076e-02,3.332827401280007845e-02,1.175027193847866247e-02,7.285421567883433244e-03,2.166654018365333709e-02,4.668488022058637360e-02,4.786117224456755415e-02,1.720168981305810613e-02,5.533631833244795351e-02,9.483696339581594581e-02,8.498393665730692714e-02,1.398902127444284250e-02,1.208039260327338077e-01,7.377754167615289960e-02,8.898079987857630824e-02,7.495383370013407320e-02,1.282537755179479488e-01,3.767928967139713009e-02,3.980420429536313254e-02,3.124130429283347374e-02,2.246338316764058540e-02,3.962712807669929727e-02,4.865801522855480593e-02,7.811590903341680825e-02,4.186587741266348250e-02,1.371455313551390165e-01,1.190964053527611283e-01,2.887607194353798354e-02,1.032860286863474253e-01,2.869393640434089732e-01,1.175533125901191411e-01,1.742429991652121035e-01,1.082821077129341586e-01,2.338670916495914562e-02,8.900609648124256645e-02
2.111001492499557305e-02,4.048721256735220153e-02,2.721914446889782749e-02,1.817560901570918971e-02,6.888264906023121303e-02,0.000000000000000000e+00,9.263615896385114790e-02,1.028306898383547080e-02,9.855556398775644489e-02,6.302648554299157546e-02,6.234347727100250647e-02,4.492676633528117081e-02,1.439629657736966051e-01,3.881763679137891637e-02,2.971085983152462612e-02,3.286028686347423206e-02,2.729503427689661255e-02,4.998608686853355659e-02,3.933621714603728614e-02,8.242897978801447256e-02,3.194960916748880442e-02,1.374237939844678846e-01,1.050061976676532338e-01,3.883028509271204548e-02,1.118489286888770806e-01,2.401532974121575459e-01,1.279122713819534074e-01,1.848675722850421088e-01,1.171359186461258250e-01,2.969821153019149701e-02,9.445751435582201705e-02,3.692039159140927257e-02,2.675115731957198109e-02,4.767144772457058977e-02,2.671321241557259030e-02,3.981685259669626165e-02,1.431787710910424789e-02,1.159849232248109062e-02,3.167134653815992240e-02,2.234954845564240608e-02,2.981204624218967286e-02,2.592901773291846762e-02,3.356859173812956620e-02,1.169967873314613910e-02,7.462497786547266782e-03,2.320963294629531382e-02,4.755761301257241391e-02,4.907540917254812896e-02,1.736611773038880882e-02,5.491892438845463048e-02,9.758164478510536477e-02,8.527484758796893827e-02,1.415344919177354520e-02,1.236750904353545316e-01,7.333485112949331142e-02,8.982823606789608339e-02,7.508031671346537816e-02,1.288608939819382293e-01,3.805873871139105885e-02,4.135994535933824184e-02,3.173458804482558182e-02,2.238749335964180034e-02,4.055045407401786095e-02,5.036553590852748535e-02,7.965900179605879539e-02,4.294098302597960937e-02,1.405985176190837627e-01,1.227517644380359679e-01,2.991323265285472308e-02,1.050061976676532338e-01,2.953378361286079223e-01,1.208798158407325962e-01,1.762414307758468079e-01,1.103943740355670250e-01,2.371556499962055101e-02,9.061243075055019913e-02
2.715590296223217154e-02,5.265487844982418703e-02,3.517492600743719888e-02,2.372821330095368358e-02,9.132073562520554022e-02,9.263615896385114790e-02,0.000000000000000000e+00,1.358427563178265206e-02,1.301763173205838509e-01,8.397207255065644582e-02,8.258075940401203574e-02,6.004148642837266875e-02,1.891806430396397731e-01,5.132680680984543636e-02,3.834964964205306998e-02,4.302952113531152700e-02,3.590852748475879819e-02,6.522728997495635950e-02,5.190862867116945861e-02,1.072702436062836773e-01,4.267536869798386340e-02,1.800359211757860955e-01,1.375755736004654617e-01,5.136475171384483063e-02,1.469226682856492328e-01,3.154739318509524049e-01,1.664010523386709184e-01,2.435177455667703883e-01,1.534871366775442114e-01,3.972831448736434401e-02,1.242442639953454248e-01,4.891098125521742279e-02,3.546583693809921001e-02,6.286205762566086930e-02,3.538994713010042842e-02,5.288254787382054567e-02,1.911158331436088251e-02,1.545622422908603417e-02,4.237180946598871623e-02,2.978674963952341118e-02,3.948799676203485626e-02,3.442867622878247741e-02,4.444613088462219530e-02,1.570919025574865277e-02,9.802433533176493560e-03,2.948319040752826747e-02,6.292529913232652872e-02,6.435455718297032612e-02,2.304520502896461112e-02,7.366370696415470987e-02,1.273936910272950307e-01,1.137461738888467244e-01,1.869418937036755948e-02,1.628215830613948534e-01,9.822670815309503256e-02,1.193999645847562685e-01,1.001871948597303358e-01,1.719283600212491436e-01,5.035288760719435625e-02,5.361614935114214497e-02,4.206825023399357599e-02,2.977410133819028207e-02,5.328729351648073959e-02,6.515140016695757097e-02,1.048670663529887997e-01,5.614580961776833440e-02,1.849561103943740403e-01,1.609875793680908551e-01,3.891882320204396312e-02,1.383344716804533192e-01,3.864435506311502122e-01,1.585211606081303182e-01,2.335635324175963090e-01,1.449495332776808143e-01,3.134249070349851701e-02,1.198806000354152440e-01
3.048240621284561361e-03,5.906756722572158343e-03,3.908325111937466928e-03,2.706736485290025564e-03,1.010599276517163726e-02,1.028306898383547080e-02,1.358427563178265206e-02,0.000000000000000000e+00,1.446965672510181801e-02,9.220611671852469576e-03,9.157370165186815361e-03,6.627709898560623335e-03,2.084440059699982362e-02,5.754977106574587359e-03,4.338367357263919061e-03,4.831651109256027143e-03,4.009511522602514540e-03,7.260124965217171558e-03,5.830866914573372417e-03,1.207912777314006786e-02,4.793706205256633747e-03,2.023728213300953621e-02,1.536768611975411654e-02,5.729680503908324805e-03,1.645544003440338118e-02,3.530140902076851078e-02,1.874478257570008286e-02,2.701677164756773053e-02,1.702461359439427432e-02,4.439553767928967540e-03,1.387518656244466318e-02,5.274341655915610119e-03,3.958918317269990300e-03,6.918620829222635327e-03,3.794490399939288040e-03,5.894108421239027500e-03,2.150211226632263266e-03,1.707520679972679640e-03,4.667223191925324449e-03,3.275910045280918705e-03,4.376312261263312457e-03,3.794490399939288040e-03,4.958134122587336441e-03,1.745465583972072602e-03,1.049809010649869730e-03,3.212668538615264056e-03,7.007158938554552095e-03,7.070400445220207178e-03,2.605550074624977952e-03,8.094912853203814138e-03,1.416609749310667604e-02,1.262300473046469931e-02,2.124914623966001580e-03,1.807442260504414297e-02,1.071311122916192293e-02,1.316688168778932903e-02,1.094078065315828158e-02,1.926336293035845262e-02,5.729680503908324805e-03,5.982646530570944268e-03,4.692519794591586135e-03,3.275910045280918705e-03,6.045888037236599351e-03,7.133641951885861393e-03,1.159849232248109062e-02,6.197667653234170335e-03,2.064202777566972666e-02,1.796058789304596365e-02,4.123346234600692994e-03,1.538033442108724738e-02,4.304216943664465611e-02,1.780880827704839353e-02,2.597961093825099446e-02,1.618982570640762828e-02,3.490931167944145205e-03,1.334395790645316257e-02
2.888872024487111265e-02,5.647466545242973979e-02,3.771723457539652435e-02,2.538514077559383617e-02,9.658242897978801256e-02,9.855556398775644489e-02,1.301763173205838509e-01,1.446965672510181801e-02,0.000000000000000000e+00,8.889226176924439060e-02,8.748830032126685141e-02,6.319091346032228163e-02,2.012977157167792353e-01,5.469125496445827184e-02,4.113227593534188320e-02,4.605246515392982798e-02,3.837494624471933513e-02,7.003364448154612842e-02,5.519718701778351250e-02,1.151248387341580054e-01,4.474969011661733553e-02,1.930257266449115772e-01,1.465938124509878204e-01,5.423591611646556149e-02,1.573701651868154028e-01,3.351420404239710549e-01,1.780501378664845202e-01,2.591889909185196572e-01,1.642634894133717938e-01,4.242240267132123960e-02,1.320482659178872364e-01,5.130151020717917815e-02,3.719865422073815459e-02,6.591029824694542849e-02,3.704687460474058447e-02,5.624699602843338114e-02,2.008550251701196609e-02,1.616452910374136659e-02,4.401608863929574317e-02,3.145632541549669980e-02,4.154966987933520622e-02,3.619943841542080931e-02,4.743112999924110201e-02,1.646808833573651029e-02,1.038425539450051928e-02,3.160810503149426992e-02,6.701070046292782745e-02,6.840201360957223753e-02,2.425944195694518246e-02,7.786294300675419833e-02,1.360830740431560049e-01,1.195770408034201038e-01,1.981988818901621666e-02,1.735979357972224357e-01,1.034378083023449885e-01,1.262553439073132444e-01,1.049176595583213162e-01,1.818066833624244205e-01,5.385646707647163273e-02,5.737269484708203832e-02,4.486352482861551833e-02,3.143102881283043465e-02,5.658850016442791564e-02,6.979332675621663373e-02,1.121271913182059626e-01,5.890313930839088247e-02,1.988060003541524401e-01,1.719663049252485310e-01,4.123346234600692994e-02,1.476562697629708321e-01,4.109812552174242906e-01,1.696010725759530546e-01,2.485770661000227533e-01,1.554982165895120172e-01,3.409982039412107202e-02,1.273430978219625143e-01
1.864359616503503611e-02,3.603501049809010315e-02,2.424679365561204988e-02,1.641749513040398692e-02,6.288735422832714139e-02,6.302648554299157546e-02,8.397207255065644582e-02,9.220611671852469576e-03,8.889226176924439060e-02,0.000000000000000000e+00,5.701854240975436777e-02,4.075282689534795444e-02,1.289620803926032622e-01,3.564291315676304528e-02,2.610609395158230289e-02,2.962232172219270848e-02,2.476537401027041965e-02,4.478763502061672980e-02,3.575674786876122807e-02,7.322101641749513556e-02,2.891401684753737433e-02,1.229794338620323335e-01,9.415395512382687682e-02,3.490931167944145291e-02,1.005792922010573937e-01,2.142495762819053295e-01,1.137714704915129965e-01,1.665148870506691081e-01,1.048291214489893985e-01,2.734562748222913592e-02,8.475626723331056156e-02,3.293617667147302058e-02,2.405706913561508550e-02,4.265007209531759824e-02,2.367762009562115674e-02,3.654094255141534381e-02,1.293921226379297212e-02,1.044749690116617349e-02,2.840808479421213714e-02,2.030052363967519216e-02,2.673850901823885198e-02,2.334876426095975482e-02,3.082391034884015071e-02,1.062457311983000703e-02,6.615061597227492492e-03,2.027522703700893048e-02,4.311805924464344464e-02,4.395284713263009069e-02,1.559535554375047345e-02,5.097265437251777276e-02,8.627406339328627660e-02,7.768586678809036306e-02,1.283802585312792538e-02,1.112671068275530584e-01,6.776959854291568497e-02,8.218866206268497787e-02,6.819964078824214404e-02,1.170853254407932947e-01,3.495990488477397629e-02,3.662948066074726144e-02,2.877488553287293679e-02,2.041435835167337148e-02,3.645240444208342617e-02,4.504060104727935360e-02,7.213326250284586572e-02,3.851407755938377614e-02,1.267233310566391047e-01,1.099137385849080495e-01,2.654878449824188760e-02,9.527965394247552011e-02,2.639953454251093845e-01,1.084338873289317218e-01,1.611646555867546904e-01,9.974450431307076148e-02,2.215982393564544170e-02,8.164478510536035682e-02
1.841592674103867747e-02,3.526346411676911652e-02,2.389264121828438281e-02,1.612658419974197579e-02,6.142015127368394278e-02,6.234347727100250647e-02,8.258075940401203574e-02,9.157370165186815361e-03,8.748830032126685141e-02,5.701854240975436777e-02,0.000000000000000000e+00,4.018365333535706130e-02,1.268624623713035249e-01,3.468164225544509427e-02,2.575194151425463582e-02,2.921757607953251804e-02,2.437327666894336178e-02,4.423110976195896576e-02,3.495990488477397629e-02,7.212061420151273661e-02,2.853456780754344557e-02,1.206521464167362306e-01,9.244643444385418352e-02,3.436543472211681799e-02,9.888441982241784334e-02,2.112139839619538995e-01,1.120765981128734462e-01,1.640990614960410876e-01,1.029951177556854142e-01,2.668791581290632514e-02,8.369380992132756381e-02,3.244289291948091597e-02,2.360173028762237168e-02,4.185322911133034646e-02,2.326022615162783719e-02,3.544054033543295179e-02,1.261035642913156847e-02,1.028306898383547080e-02,2.786420783688750569e-02,1.957957046368672543e-02,2.610609395158230289e-02,2.285548050896764674e-02,3.010295717285168746e-02,1.040955199716678096e-02,6.488578583896182327e-03,1.997166780501378677e-02,4.252358908198628634e-02,4.332043206597353813e-02,1.544357592775290333e-02,4.973312084187093973e-02,8.533808909463458381e-02,7.594040120411828243e-02,1.272419114112974606e-02,1.095469378462472498e-01,6.637828539627127489e-02,8.069616250537553492e-02,6.708659027092661598e-02,1.145556651741671123e-01,3.407452379145480686e-02,3.612354860742202078e-02,2.816776706888264939e-02,2.002226101034631014e-02,3.571880296476183381e-02,4.455996559662037115e-02,7.084313576686651626e-02,3.783106928739470021e-02,1.245604715286736941e-01,1.080544382889377930e-01,2.625787356757987301e-02,9.349624345450406604e-02,2.601755584225038387e-01,1.065872353342946083e-01,1.574081100908147901e-01,9.815081834509625791e-02,2.151476056765576350e-02,7.994991272672080651e-02
1.325541979712124667e-02,2.551162378892514807e-02,1.727757962105689118e-02,1.161114062381422146e-02,4.463585540461915968e-02,4.492676633528117081e-02,6.004148642837266875e-02,6.627709898560623335e-03,6.319091346032228163e-02,4.075282689534795444e-02,4.018365333535706130e-02,0.000000000000000000e+00,9.239584123852166708e-02,2.514482305026434841e-02,1.864359616503503611e-02,2.089499380233234699e-02,1.750524904505324983e-02,3.201285067415446384e-02,2.552427209025827717e-02,5.226278110849712916e-02,2.071791758366851172e-02,8.751359692393310963e-02,6.712453517492600330e-02,2.482861551693607560e-02,7.148819913485618405e-02,1.536136196908755025e-01,8.108825984670259279e-02,1.187043080114340704e-01,7.452379145480761413e-02,1.930130783435784689e-02,6.044623207103286266e-02,2.370291669828741843e-02,1.747995244238698814e-02,3.091244845817206835e-02,1.722698641572436781e-02,2.577723811692089750e-02,9.309149781184387212e-03,7.437201183881005095e-03,2.046495155700589486e-02,1.464673294376565155e-02,1.941514254635602274e-02,1.680959247173104479e-02,2.183096810098403631e-02,7.664870607877362005e-03,4.768409602590372061e-03,1.426728390377172279e-02,3.058359262351066296e-02,3.134249070349851701e-02,1.124433988515342354e-02,3.589587918342566908e-02,6.209051124433988267e-02,5.539955983911360599e-02,9.182666767853077047e-03,7.916571804406667690e-02,4.788646884723381930e-02,5.800510991373858394e-02,4.886038804988489942e-02,8.365586501732817648e-02,2.452505628494093190e-02,2.624522526624674390e-02,2.037641344767397722e-02,1.455819483443373565e-02,2.595431433558472931e-02,3.172193974349244577e-02,5.106119248184969039e-02,2.729503427689661255e-02,8.992942247856113014e-02,7.841946826541194848e-02,1.873213427436695375e-02,6.749133591358680295e-02,1.883585034529862701e-01,7.711669322809946991e-02,1.136702840808479359e-01,7.086843236953277447e-02,1.524120310642280811e-02,5.839720725506564181e-02
4.225797475399054037e-02,8.170802661202600237e-02,5.443828893779565498e-02,3.714806101540563121e-02,1.413194707950722329e-01,1.439629657736966051e-01,1.891806430396397731e-01,2.084440059699982362e-02,2.012977157167792353e-01,1.289620803926032622e-01,1.268624623713035249e-01,9.239584123852166708e-02,0.000000000000000000e+00,7.955781538539373476e-02,5.933318155371733460e-02,6.684627254559712128e-02,5.605727150843641676e-02,1.016164529103741332e-01,8.007639574005211147e-02,1.676152892666514793e-01,6.498697224962687868e-02,2.795274594621942055e-01,2.121120133566062049e-01,7.879891730540587724e-02,2.268219878070375228e-01,4.853406187549011985e-01,2.577470845665427168e-01,3.755280665806582374e-01,2.383066454175204185e-01,6.104070223369001402e-02,1.922921251675900056e-01,7.472616427613772150e-02,5.496951759378715385e-02,9.793579722243302144e-02,5.455212364979383083e-02,8.163213680402721384e-02,2.930611418886443567e-02,2.377880650628620696e-02,6.474665452429738399e-02,4.598922364726417550e-02,6.163517239634717232e-02,5.346436973514456792e-02,6.938858111355644676e-02,2.419620045027952651e-02,1.526649970908906979e-02,4.629278287925931573e-02,9.701247122511447163e-02,9.974450431307076148e-02,3.575674786876122807e-02,1.136323391768485486e-01,1.973135007968429833e-01,1.756849055171890439e-01,2.910374136753433871e-02,2.509549467506513865e-01,1.513622220535782159e-01,1.831347550024031712e-01,1.543472211681971018e-01,2.643494978624370551e-01,7.805266752675116271e-02,8.361792011332877528e-02,6.505021375629252423e-02,4.611570666059548046e-02,8.289696693734031896e-02,1.022362196756975566e-01,1.620120917760744794e-01,8.719738939060484029e-02,2.860919278540892119e-01,2.485391211960233659e-01,6.045888037236599177e-02,2.154638132098859182e-01,6.003769193797272585e-01,2.443145885507576331e-01,3.598441729275758116e-01,2.240267132124155736e-01,4.806354506589764763e-02,1.851458349143710047e-01
1.116845007715463849e-02,2.194480281298221563e-02,1.481116086109635424e-02,9.979509751840327098e-03,3.817257342338924164e-02,3.881763679137891637e-02,5.132680680984543636e-02,5.754977106574587359e-03,5.469125496445827184e-02,3.564291315676304528e-02,3.468164225544509427e-02,2.514482305026434841e-02,7.955781538539373476e-02,0.000000000000000000e+00,1.597480458374440221e-02,1.815031241304292803e-02,1.536768611975411654e-02,2.767448331689054131e-02,2.190685790898282484e-02,4.502795274594621755e-02,1.774556677038273758e-02,7.528268953479547165e-02,5.746123295641395595e-02,2.118590473299435811e-02,6.153398598568212557e-02,1.312767195365662498e-01,6.980597505754977672e-02,1.026536136196908727e-01,6.430396397763780969e-02,1.672105436239913062e-02,5.199716678050137625e-02,2.031317194100832127e-02,1.479851255976322340e-02,2.624522526624674390e-02,1.463408464243252070e-02,2.204598922364726585e-02,7.905188333206849757e-03,6.400040474564266425e-03,1.747995244238698814e-02,1.233209379980268645e-02,1.645544003440338118e-02,1.434317371177050958e-02,1.901039690369583229e-02,6.539171789228706566e-03,4.085401330601300465e-03,1.219296248513824545e-02,2.651083959424249334e-02,2.700412334623460142e-02,9.663302218512054287e-03,3.114011788216842352e-02,5.331259011914699780e-02,4.797500695656573000e-02,7.930484935873111443e-03,6.874351774556676509e-02,4.185322911133034646e-02,5.054261212719132063e-02,4.215678834332549363e-02,7.200677948951456075e-02,2.123649793832688148e-02,2.240014166097492945e-02,1.769497356505021421e-02,1.257241152513217421e-02,2.236219675697553866e-02,2.794009764488629075e-02,4.423110976195896576e-02,2.355113708228984831e-02,7.773645999342287949e-02,6.727631479092358036e-02,1.624041891174015165e-02,5.830866914573373111e-02,1.620879815840732541e-01,6.663125142293389869e-02,9.823935645442817555e-02,6.110394374035567344e-02,1.325541979712124667e-02,4.997343856720042748e-02
8.917052439857327609e-03,1.672105436239913062e-02,1.153525081581543640e-02,7.500442690546659311e-03,2.828160178088082871e-02,2.971085983152462612e-02,3.834964964205306998e-02,4.338367357263919061e-03,4.113227593534188320e-02,2.610609395158230289e-02,2.575194151425463582e-02,1.864359616503503611e-02,5.933318155371733460e-02,1.597480458374440221e-02,0.000000000000000000e+00,1.360957223444891374e-02,1.128228478915281607e-02,2.069262098100225003e-02,1.651868154106903366e-02,3.413776529812045935e-02,1.330601300245377004e-02,5.703119071108750382e-02,4.363663959930181441e-02,1.645544003440338118e-02,4.631807948192557395e-02,1.007057752143887125e-01,5.321140370848195106e-02,7.661076117477422232e-02,4.865801522855480593e-02,1.224355569047077055e-02,3.929827224203789188e-02,1.519060990109028300e-02,1.118109837848776933e-02,1.975664668235056071e-02,1.114315347448837680e-02,1.625306721307328423e-02,5.792922010573979888e-03,4.844299410589157986e-03,1.302775037312488976e-02,9.144721863853684518e-03,1.225620399180390140e-02,1.078900103716070973e-02,1.376135185044648560e-02,4.819002807922896300e-03,3.073537223950823481e-03,9.549467506513874965e-03,1.971870177835116644e-02,2.052819306367154734e-02,7.146290253218993103e-03,2.250132807163997967e-02,4.052515747135159579e-02,3.493460828210771113e-02,5.932053325238420896e-03,5.137740001517795974e-02,3.012825377551794914e-02,3.713541271407250211e-02,3.111482127950216184e-02,5.331259011914699780e-02,1.567124535174925851e-02,1.718904151172497702e-02,1.306569527712428229e-02,9.132073562520553675e-03,1.673370266373225973e-02,2.079380739166730024e-02,3.306265968480433248e-02,1.769497356505021421e-02,5.842250385773190696e-02,5.132680680984543636e-02,1.243328021046773493e-02,4.333308036730667417e-02,1.223849636993751683e-01,5.018845968986365008e-02,7.267713946017050064e-02,4.567301611393589922e-02,9.802433533176493560e-03,3.735043383673572470e-02
9.650653917178923444e-03,1.869418937036755948e-02,1.268624623713035353e-02,8.423768687865219526e-03,3.196225746882194046e-02,3.286028686347423206e-02,4.302952113531152700e-02,4.831651109256027143e-03,4.605246515392982798e-02,2.962232172219270848e-02,2.921757607953251804e-02,2.089499380233234699e-02,6.684627254559712128e-02,1.815031241304292803e-02,1.360957223444891374e-02,0.000000000000000000e+00,1.282537755179479454e-02,2.324757785029470461e-02,1.855505805570311847e-02,3.817257342338924164e-02,1.481116086109635424e-02,6.370949381498064445e-02,4.887303635121802853e-02,1.796058789304596365e-02,5.193392527383572377e-02,1.110394374035567067e-01,5.932053325238420549e-02,8.610963547595558432e-02,5.474184816979079521e-02,1.406491108244162756e-02,4.392755052996382553e-02,1.704991019706053601e-02,1.235739040246894814e-02,2.188156130631656315e-02,1.216766588247198376e-02,1.856770635703625105e-02,6.602413295894361649e-03,5.362879765247526888e-03,1.467202954643191497e-02,1.032101388783486333e-02,1.367281374111456796e-02,1.200323796514128107e-02,1.577243176241430872e-02,5.426121271913181970e-03,3.415041359945359279e-03,1.047279350383243518e-02,2.213452733297918001e-02,2.291872201563329922e-02,7.981078141205636550e-03,2.568870000758897987e-02,4.483822822594925317e-02,3.961447977536616816e-02,6.589764994561230806e-03,5.775214388707596708e-02,3.446662113278186473e-02,4.216943664465862274e-02,3.493460828210771113e-02,5.990235511370822774e-02,1.777086337304899927e-02,1.903569350636209398e-02,1.495029217576079525e-02,1.037160709316738844e-02,1.893450709569704724e-02,2.350054387695732494e-02,3.745162024740077145e-02,1.980723988768308408e-02,6.593559484961170059e-02,5.723356353241759731e-02,1.367281374111456796e-02,4.910070577521438717e-02,1.363613366724848730e-01,5.642407224709721641e-02,8.240368318534821435e-02,5.171890415117249423e-02,1.138347119981786455e-02,4.191647061799600588e-02
8.132857757203208401e-03,1.559535554375047345e-02,1.044749690116617349e-02,7.120993650552730550e-03,2.699147504490146884e-02,2.729503427689661255e-02,3.590852748475879819e-02,4.009511522602514540e-03,3.837494624471933513e-02,2.476537401027041965e-02,2.437327666894336178e-02,1.750524904505324983e-02,5.605727150843641676e-02,1.536768611975411654e-02,1.128228478915281607e-02,1.282537755179479454e-02,0.000000000000000000e+00,1.936454934102349937e-02,1.535503781842098570e-02,3.165869823682679329e-02,1.237003870380207898e-02,5.298373428448559241e-02,4.044926766335281421e-02,1.492499557309453356e-02,4.362399129796868530e-02,9.228200652652349123e-02,4.897422276188308221e-02,7.186764817485011281e-02,4.535680858060762294e-02,1.168703043181300825e-02,3.655359085274847292e-02,1.419139409577293773e-02,1.042220029849991181e-02,1.850446485037059510e-02,1.021982747716981658e-02,1.586096987174622289e-02,5.565252586577622979e-03,4.439553767928967540e-03,1.205383117047380617e-02,8.689383015860970699e-03,1.147200930914978045e-02,9.878323341175280353e-03,1.339455111178568768e-02,4.528091877260883441e-03,2.909109306620120787e-03,8.891755837191065923e-03,1.845387164503807173e-02,1.898510030102957061e-02,6.792137815891326029e-03,2.184361640231716889e-02,3.764134476739773583e-02,3.353064683413017888e-02,5.577900887910753822e-03,4.815208317522956527e-02,2.919227947686625635e-02,3.544054033543295179e-02,2.926816928486504141e-02,5.036553590852748535e-02,1.521590650375654469e-02,1.584832157041309378e-02,1.242063190913460409e-02,8.828514330525409973e-03,1.579772836508057041e-02,1.974399838101742813e-02,3.114011788216842352e-02,1.664516455440034556e-02,5.469125496445827184e-02,4.720346057524474337e-02,1.149730591181604387e-02,4.122081404467380084e-02,1.138726569021780433e-01,4.693784624724899740e-02,6.908502188156130652e-02,4.302952113531152700e-02,9.422984493182564800e-03,3.497255318610710539e-02
1.459613973843312817e-02,2.850927120487718389e-02,1.911158331436088251e-02,1.276213604512913859e-02,4.839240090055905302e-02,4.998608686853355659e-02,6.522728997495635950e-02,7.260124965217171558e-03,7.003364448154612842e-02,4.478763502061672980e-02,4.423110976195896576e-02,3.201285067415446384e-02,1.016164529103741332e-01,2.767448331689054131e-02,2.069262098100225003e-02,2.324757785029470461e-02,1.936454934102349937e-02,0.000000000000000000e+00,2.826895347954769613e-02,5.833396574839998933e-02,2.231160355164301529e-02,9.767018289443728241e-02,7.413169411348055626e-02,2.732033087956287423e-02,7.902658672940224283e-02,1.694998861652879940e-01,9.059978244921707002e-02,1.310237535099036121e-01,8.308669145733728334e-02,2.138827755432445507e-02,6.666919632693328601e-02,2.575194151425463582e-02,1.895980369836330892e-02,3.351799853279704283e-02,1.866889276770129780e-02,2.820571197288204365e-02,1.005539955983911389e-02,8.246692469201385989e-03,2.234954845564240608e-02,1.596215628241127310e-02,2.107207002099617879e-02,1.839063013837241578e-02,2.396853102628317134e-02,8.373175482532696154e-03,5.198451847916825061e-03,1.606334269307631984e-02,3.380890946345906090e-02,3.474488376211074675e-02,1.209177607447319870e-02,3.874174698338013478e-02,6.835142040423970722e-02,6.009207963370519212e-02,1.005539955983911389e-02,8.784245275859452196e-02,5.231337431382965253e-02,6.374743871898004566e-02,5.355290784447648555e-02,9.156105335053502103e-02,2.680175052490450446e-02,2.895196175153676860e-02,2.274164579696946742e-02,1.584832157041309378e-02,2.887607194353798354e-02,3.557967165009739280e-02,5.665174167109357506e-02,3.014090207685107825e-02,1.001366016543978193e-01,8.724798259593737060e-02,2.081910399433356193e-02,7.480205408413649615e-02,2.087096202979939752e-01,8.573018643596165556e-02,1.252181831979965188e-01,7.838152336141256116e-02,1.708785510105992680e-02,6.412688775897397442e-02
1.162378892514735231e-02,2.233690015430927697e-02,1.520325820242341384e-02,1.010599276517163726e-02,3.851407755938377614e-02,3.933621714603728614e-02,5.190862867116945861e-02,5.830866914573372417e-03,5.519718701778351250e-02,3.575674786876122807e-02,3.495990488477397629e-02,2.552427209025827717e-02,8.007639574005211147e-02,2.190685790898282484e-02,1.651868154106903366e-02,1.855505805570311847e-02,1.535503781842098570e-02,2.826895347954769613e-02,0.000000000000000000e+00,4.591333383926538697e-02,1.797323619437909623e-02,7.702815511876755228e-02,5.899167741772280010e-02,2.175507829298525125e-02,6.253320179099947085e-02,1.341352356378538446e-01,7.150084743618931316e-02,1.037413675343401426e-01,6.527788318028888981e-02,1.689813058106296242e-02,5.295843768181933420e-02,2.024993043434266879e-02,1.522855480508967727e-02,2.686499203157016041e-02,1.487440236776201019e-02,2.224836204497735934e-02,7.905188333206849757e-03,6.501226885229314037e-03,1.739141433305507051e-02,1.259770812779843589e-02,1.668310945839973636e-02,1.454554653310060480e-02,1.893450709569704724e-02,6.551820090561837409e-03,4.072753029268169622e-03,1.257241152513217421e-02,2.671321241557259030e-02,2.753535200222610030e-02,9.625357314512661758e-03,3.092509675950519746e-02,5.399559839113607373e-02,4.764615112190433155e-02,8.069616250537552452e-03,6.966684374288532877e-02,4.128405555133945332e-02,5.064379853785636737e-02,4.210619513799297026e-02,7.217120740684526692e-02,2.123649793832688148e-02,2.296931522096582259e-02,1.785940148238091690e-02,1.248387341580025831e-02,2.264045938630442067e-02,2.792744934355316164e-02,4.497735954061369418e-02,2.371556499962055101e-02,7.902658672940224283e-02,6.922415319622574059e-02,1.632895702107206928e-02,5.882724950039209394e-02,1.641875996053729914e-01,6.784548835091447350e-02,9.889706812375098632e-02,6.210315954567301872e-02,1.353368242645012695e-02,5.060585363385697311e-02
2.420884875161265909e-02,4.688725304191647403e-02,3.164604993549366418e-02,2.098353191166426462e-02,7.954516708406060566e-02,8.242897978801447256e-02,1.072702436062836773e-01,1.207912777314006786e-02,1.151248387341580054e-01,7.322101641749513556e-02,7.212061420151273661e-02,5.226278110849712916e-02,1.676152892666514793e-01,4.502795274594621755e-02,3.413776529812045935e-02,3.817257342338924164e-02,3.165869823682679329e-02,5.833396574839998933e-02,4.591333383926538697e-02,0.000000000000000000e+00,3.683185348207735493e-02,1.596468594267789753e-01,1.218916799473830637e-01,4.487617312994864743e-02,1.298095165819230512e-01,2.783258708355467737e-01,1.488325617869520057e-01,2.147808049378968354e-01,1.361083706458222631e-01,3.451721433811438811e-02,1.099516834889074368e-01,4.224532645265741126e-02,3.095039336217145914e-02,5.519718701778351250e-02,3.102628317017024767e-02,4.612835496192860957e-02,1.660721965040095130e-02,1.345779261845134189e-02,3.609825200475576257e-02,2.572664491158837413e-02,3.440337962611621225e-02,2.992588095418785218e-02,3.895676810604335738e-02,1.352103412511699611e-02,8.651438111861576435e-03,2.635905997824492322e-02,5.539955983911360599e-02,5.728415673775012068e-02,1.990842629834813082e-02,6.349447269231742186e-02,1.130505173155245263e-01,9.846702587842452725e-02,1.641749513040398692e-02,1.445827325390200147e-01,8.487010194530875129e-02,1.044117275049960825e-01,8.702031317194100501e-02,1.493764387442766406e-01,4.423110976195896576e-02,4.773468923123624225e-02,3.704687460474058447e-02,2.599225923958412357e-02,4.716551567124534911e-02,5.847309706306443033e-02,9.297766309984568933e-02,4.910070577521438717e-02,1.644532139333687581e-01,1.430522880777111705e-01,3.431484151678429462e-02,1.220181629607143825e-01,3.411373352558751404e-01,1.407376489337482106e-01,2.044091978447294400e-01,1.285067415446105588e-01,2.783891123422124400e-02,1.049682527636538465e-01
9.701247122511446816e-03,1.806177430371101039e-02,1.214236927980572207e-02,8.259340770534516832e-03,3.175988464749184004e-02,3.194960916748880442e-02,4.267536869798386340e-02,4.793706205256633747e-03,4.474969011661733553e-02,2.891401684753737433e-02,2.853456780754344557e-02,2.071791758366851172e-02,6.498697224962687868e-02,1.774556677038273758e-02,1.330601300245377004e-02,1.481116086109635424e-02,1.237003870380207898e-02,2.231160355164301529e-02,1.797323619437909623e-02,3.683185348207735493e-02,0.000000000000000000e+00,6.187549012167666007e-02,4.755761301257241391e-02,1.815031241304292803e-02,5.065644683918949648e-02,1.094836963395815904e-01,5.739799144974829653e-02,8.389618274265765729e-02,5.280665806582175714e-02,1.376135185044648560e-02,4.296627962864587452e-02,1.691077888239609500e-02,1.219296248513824545e-02,2.152740886898889608e-02,1.200323796514128107e-02,1.820090561837545140e-02,6.602413295894361649e-03,5.312286559915003516e-03,1.484910576509574850e-02,1.008069616250537558e-02,1.359692393311578290e-02,1.182616174647744753e-02,1.530444461308846232e-02,5.464066175912575367e-03,3.351799853279704630e-03,1.023247577850294743e-02,2.170448508765272788e-02,2.223571374364423023e-02,8.044319647871290765e-03,2.546103058359262469e-02,4.404138524196200138e-02,3.939945865270293862e-02,6.501226885229314037e-03,5.575371227644127653e-02,3.387215097012471338e-02,4.087930990867926634e-02,3.488401507677518776e-02,5.959879588171308751e-02,1.751789734638637894e-02,1.858035465836938016e-02,1.440641521843616379e-02,1.021982747716981658e-02,1.837798183703928667e-02,2.232425185297614439e-02,3.604765879942323920e-02,1.960486706635298712e-02,6.358301080164933949e-02,5.542485644177987114e-02,1.336925450911942599e-02,4.773468923123624225e-02,1.337051933925273717e-01,5.470390326579140094e-02,8.063292099870987550e-02,5.009992158053173245e-02,1.081429763982697141e-02,4.122081404467380084e-02
