0.000000000000000000e+00,1.397726654701691475e-02,9.463207701093163948e-03,6.874422146081470529e-03,1.764289987491162240e-02,2.243976722684505251e-02,2.484363952792734143e-02,5.938978626203295953e-03,3.208788818186762704e-02,1.850220264317180632e-02,2.185239571436340886e-02,1.484744656550823945e-02,3.830967531408060317e-02,1.002882471311252431e-02,1.110567248599554115e-02,7.407407407407407690e-03,7.081089900473160059e-03,1.297655952575189030e-02,1.305270027736988095e-02,2.345135149834121774e-02,1.421656605210202921e-02,3.906020558002936544e-02,3.399140697231739505e-02,1.381410779354979093e-02,3.319736770544406274e-02,7.426986457823461785e-02,3.841844781639201789e-02,5.095991733289824410e-02,3.281666394735410774e-02,9.484962201555447239e-03,2.645347256213629109e-02,9.789525208027409844e-03,7.004949148855169408e-03,1.160602599662805164e-02,7.374775656713982754e-03,1.213901125795398966e-02,5.536520367651057671e-03,4.133355087833795807e-03,1.048566922282047169e-02,6.602490890302931126e-03,9.332680698319464202e-03,7.494425409256539987e-03,9.463207701093163948e-03,3.219666068417904089e-03,2.958612062870506331e-03,8.027410670582477148e-03,1.357480828846467646e-02,1.466253331157883234e-02,8.081796921738184508e-03,1.780605862837874448e-02,2.570294229618752535e-02,2.702996682438679396e-02,6.319682384293250944e-03,3.029314189372926680e-02,1.940501441235655683e-02,2.413661826290313880e-02,1.613096209278294321e-02,3.481807798988415664e-02,1.210637950726056386e-02,1.021373796704193142e-02,9.843911459183118939e-03,8.070919671507043730e-03,1.529341382498504431e-02,1.200848425518028992e-02,2.304889323978898119e-02,1.534780007614075167e-02,4.031108935661065207e-02,3.949529558927503126e-02,8.886713438842661072e-03,2.917278511992168338e-02,8.763800511230761259e-02,3.884266057540653599e-02,5.131886659052591754e-02,3.396965247185511350e-02,7.537934410181106569e-03,2.921629412084624997e-02
1.397726654701691475e-02,0.000000000000000000e+00,2.060151193778212916e-02,1.464077881111654905e-02,3.908196008049165393e-02,5.016587806602491179e-02,5.537608092674171922e-02,1.268287376951106674e-02,7.147441126883123663e-02,4.035459835753521518e-02,4.902376679175504681e-02,3.156578017077282805e-02,8.423342578996029228e-02,2.289661173655299989e-02,2.398433675966715750e-02,1.680535160711372003e-02,1.604394409093381352e-02,2.903138086691684286e-02,2.887909936368086156e-02,5.131886659052591754e-02,3.046717789742752966e-02,8.878011638657747062e-02,7.466144558655571362e-02,2.885734486321858000e-02,7.347582531136129247e-02,1.613531299287540022e-01,8.692010659705226572e-02,1.143090226790667296e-01,7.341056180997443392e-02,2.209169521944852332e-02,5.839995649099907760e-02,2.091695219448523255e-02,1.506499157013107063e-02,2.420188176428998694e-02,1.580464458584869905e-02,2.691031707184423846e-02,1.186708000217544939e-02,8.799695436993527908e-03,2.224397672268450463e-02,1.420568880187088670e-02,1.968782291836623788e-02,1.615271659324522824e-02,2.135204220373089837e-02,7.135476151628868287e-03,6.352314134986675014e-03,1.714254636427911191e-02,3.066296840158807754e-02,3.290368194920324091e-02,1.741447762005764871e-02,3.932125958557676493e-02,5.686626420840811685e-02,5.858486974492848470e-02,1.377059879262522435e-02,6.813509544787077488e-02,4.278022515907978218e-02,5.432098765432098741e-02,3.513351824658726003e-02,7.789198890520476759e-02,2.788926959264697789e-02,2.267906673193016698e-02,2.166748246043400175e-02,1.825202588785555108e-02,3.367596671561429167e-02,2.638820906074944295e-02,5.259150486756947879e-02,3.313210420405721113e-02,9.243487246424103576e-02,8.740958285745363543e-02,1.899167890357317603e-02,6.585087289933104493e-02,1.934954043617773400e-01,8.639799858595746673e-02,1.158753467123511127e-01,7.596671561429270414e-02,1.780605862837874448e-02,6.426279436558438030e-02
9.463207701093163948e-03,2.060151193778212916e-02,0.000000000000000000e+00,9.680752705715995124e-03,2.563767879480067374e-02,3.272964594550497458e-02,3.607983901669657711e-02,8.473377930059280277e-03,4.660901724044161365e-02,2.668189481699026477e-02,3.203350193071191621e-02,2.088432044379181021e-02,5.500625441888290501e-02,1.486920106597052274e-02,1.591341708816011377e-02,1.084461848044814339e-02,1.040952847120247930e-02,1.882852015010605395e-02,1.890466090172404287e-02,3.379561646815684717e-02,2.029694893131016309e-02,5.766030347528144917e-02,4.898025779083047676e-02,1.917659215750258314e-02,4.788165551748518184e-02,1.062489802577908371e-01,5.659433295262957658e-02,7.455267308424430583e-02,4.780551476586718945e-02,1.414042530048403683e-02,3.819002556153804073e-02,1.358568553869581724e-02,1.005057921357480760e-02,1.621798009463207638e-02,1.046391472235818840e-02,1.770816337629847054e-02,7.886006417577636624e-03,5.764942622505030492e-03,1.455376080926741762e-02,9.376189699244030784e-03,1.316147277968129740e-02,1.057268722466960312e-02,1.394463479632348894e-02,4.633708598466308032e-03,4.165986838527220744e-03,1.149725349431663692e-02,1.985098167183335996e-02,2.131941045303747256e-02,1.144286724316092956e-02,2.581171479849894007e-02,3.734160004350899759e-02,3.864687007124598811e-02,9.028117691847501597e-03,4.433567194213303142e-02,2.787839234241583711e-02,3.535106325121009641e-02,2.298362973840213305e-02,5.060096807527057067e-02,1.807798988415728475e-02,1.481481481481481538e-02,1.416217980094632012e-02,1.182357100125088455e-02,2.195029096644368280e-02,1.731658236797737477e-02,3.419807472670909065e-02,2.188502746505683466e-02,5.967259476804263885e-02,5.730135421765377574e-02,1.256322401696850950e-02,4.278022515907978218e-02,1.268069831946483927e-01,5.632240169685103631e-02,7.544460760319790515e-02,4.962201555446783124e-02,1.143198999292978704e-02,4.217109914613585697e-02
6.874422146081470529e-03,1.464077881111654905e-02,9.680752705715995124e-03,0.000000000000000000e+00,1.871974764779463923e-02,2.296187523793984803e-02,2.608364605427748034e-02,5.993364877359003313e-03,3.289280469897210013e-02,1.910045140588459076e-02,2.302713873932669963e-02,1.516288682221134457e-02,3.959319084135530520e-02,1.075760047859901022e-02,1.133409474084951310e-02,7.777233915266221036e-03,7.407407407407407690e-03,1.359656278892695976e-02,1.341164953499755265e-02,2.396258225920487248e-02,1.464077881111654905e-02,4.062652961331375545e-02,3.455702398433675715e-02,1.383586229401207422e-02,3.444825148202534243e-02,7.619513786914668130e-02,3.985424484690270469e-02,5.322238538097569249e-02,3.406754772393538744e-02,1.006145646380595012e-02,2.737803883178332662e-02,9.963561211725676173e-03,7.222494153478000584e-03,1.174743024963289216e-02,7.592320661336813929e-03,1.276989177136019990e-02,5.645292869962473259e-03,4.122477837602654162e-03,1.056180997443846234e-02,6.830913145156903947e-03,9.571980203404578669e-03,7.679338663185946226e-03,1.011584271496165748e-02,3.393702072116169116e-03,3.002121063795072479e-03,8.353728177516723044e-03,1.412954805025289605e-02,1.535867732637189245e-02,8.266710175667591615e-03,1.868711589710121343e-02,2.619241855658889506e-02,2.791102409310926291e-02,6.417577636373524887e-03,3.139174416707456172e-02,2.024256268015445573e-02,2.545276554087126664e-02,1.681622885734486428e-02,3.599282101484744395e-02,1.304182302713874017e-02,1.064882797628759377e-02,1.015935171588622406e-02,8.516886930983846860e-03,1.585903083700440641e-02,1.244357426442595227e-02,2.411486376244085378e-02,1.602218959047152849e-02,4.217109914613585697e-02,4.073530211562517017e-02,9.104258443465492248e-03,3.065209115135693677e-02,9.094468918257464507e-02,3.982161309620927542e-02,5.401642464784902481e-02,3.528579974982324480e-02,8.179692173818458450e-03,3.053244139881438127e-02
1.764289987491162240e-02,3.908196008049165393e-02,2.563767879480067374e-02,1.871974764779463923e-02,0.000000000000000000e+00,6.140207755479414747e-02,6.973405123184858723e-02,1.600043509000924694e-02,8.771414586392560497e-02,5.134062109098819909e-02,6.178278131288410246e-02,4.002828085060097102e-02,1.058030129983140305e-01,2.866155435905802865e-02,3.012998314026214125e-02,2.119976070049491360e-02,1.993799967368249312e-02,3.654756077663566527e-02,3.590580301299831079e-02,6.327296459455049316e-02,3.888616957633110605e-02,1.088812748137270858e-01,9.234785446239190954e-02,3.621036601947028033e-02,9.222820470984935404e-02,2.021645727959971717e-01,1.070974057758198733e-01,1.426442595311905037e-01,9.153206069505628872e-02,2.713873932669821215e-02,7.291020829934193037e-02,2.687768532115081266e-02,1.919834665796486817e-02,3.097840865829118440e-02,2.016642192853646681e-02,3.408930222439766899e-02,1.517376407244248708e-02,1.112742698645782270e-02,2.844400935443519920e-02,1.813237613531299211e-02,2.528960678740414456e-02,2.060151193778212916e-02,2.661663131560341664e-02,9.060749442540925666e-03,7.983901669657910566e-03,2.181976396366998305e-02,3.783107630391037424e-02,4.094196987001685883e-02,2.186327296459454964e-02,5.018763256648719334e-02,7.039756349594822327e-02,7.455267308424430583e-02,1.717517811497253424e-02,8.460325229781910650e-02,5.453853265894381686e-02,6.865720345896557386e-02,4.479251645184097186e-02,9.710121281340076960e-02,3.476369173872845275e-02,2.852015010605318812e-02,2.737803883178332662e-02,2.280959373470386672e-02,4.218197639636699775e-02,3.317561320498178118e-02,6.457823462228748368e-02,4.273671615815521907e-02,1.137542829172785153e-01,1.085549573067928486e-01,2.409310926197857222e-02,8.249306575297764288e-02,2.427475934083863640e-01,1.064012617610268080e-01,1.452221678359710555e-01,9.478435851416762425e-02,2.190678196551911622e-02,8.135095447870778484e-02
2.243976722684505251e-02,5.016587806602491179e-02,3.272964594550497458e-02,2.296187523793984803e-02,6.140207755479414747e-02,0.000000000000000000e+00,8.719203785283080599e-02,2.023168542992331495e-02,1.133627019089574195e-01,6.330559634524392243e-02,7.696742263555772512e-02,4.993745581117093463e-02,1.332245608310219098e-01,3.581878501114918456e-02,3.826616631315603312e-02,2.650785881329199845e-02,2.522434328601729642e-02,4.599989122749768844e-02,4.581497797356828133e-02,8.170990373633545134e-02,4.840376352857997388e-02,1.405449502365802017e-01,1.188992222766084711e-01,4.608690922934682160e-02,1.164518409746016225e-01,2.565399467014738422e-01,1.373687931690868447e-01,1.800293685756240714e-01,1.158862239625822604e-01,3.447000598248762399e-02,9.238048621308533881e-02,3.336052645891118829e-02,2.401696851036057984e-02,3.858160656985913650e-02,2.521346603578615217e-02,4.221460814706042008e-02,1.876325664871920235e-02,1.385761679447435751e-02,3.519878174797411163e-02,2.260292598031217806e-02,3.128297166476314700e-02,2.546364279110241088e-02,3.342578996029803989e-02,1.120356773807581509e-02,1.011584271496165748e-02,2.746505683363245631e-02,4.855604503181595866e-02,5.203676510578125747e-02,2.754119758525044870e-02,6.201120356773807268e-02,9.107521618534834829e-02,9.264154021863273136e-02,2.190678196551911622e-02,1.082830260510143083e-01,6.689508892152064290e-02,8.562571381954642291e-02,5.550660792951541550e-02,1.232501223690651015e-01,4.385707293196280249e-02,3.594931201392288084e-02,3.442649698156306087e-02,2.877032686136944684e-02,5.299396312612171533e-02,4.154021863272964327e-02,8.330885952031326369e-02,5.238483711317779012e-02,1.458748028498395577e-01,1.392614347093054927e-01,3.042366889650296308e-02,1.038342307064774039e-01,3.065209115135693607e-01,1.370968619133083044e-01,1.831076303910371406e-01,1.205525643117419943e-01,2.799804209495839608e-02,1.017893076630227850e-01
2.484363952792734143e-02,5.537608092674171922e-02,3.607983901669657711e-02,2.608364605427748034e-02,6.973405123184858723e-02,8.719203785283080599e-02,0.000000000000000000e+00,2.248327622776961909e-02,1.247403056507314922e-01,7.200739653015716946e-02,8.689835209658998416e-02,5.600696144014793293e-02,1.481590253983793015e-01,4.040898460869092601e-02,4.241039865122096797e-02,2.965138413009191232e-02,2.808506009680752577e-02,5.118833958775221432e-02,5.066623157665742228e-02,8.960678740414423915e-02,5.437537390547669824e-02,1.540436177734268719e-01,1.302115625169956992e-01,5.099254908359166644e-02,1.297220862565943433e-01,2.845923750475879421e-01,1.518355359765051482e-01,2.007396530157176395e-01,1.289606787404144195e-01,3.837493881546744784e-02,1.023658019252732948e-01,3.751563604720726391e-02,2.686680807091967188e-02,4.330233317017458117e-02,2.813944634796323660e-02,4.789253276771632262e-02,2.125414695165062443e-02,1.566324033284385853e-02,3.995214009898297863e-02,2.539837928971555928e-02,3.539457225213465952e-02,2.885734486321858000e-02,3.750475879697612314e-02,1.268287376951106674e-02,1.126883123946266323e-02,3.049980964812095546e-02,5.346168488606080349e-02,5.725784521672921262e-02,3.082612715505520309e-02,6.998422798716484594e-02,9.936368086147821799e-02,1.043345842171099214e-01,2.423451351498341275e-02,1.190406265296133081e-01,7.653233262631206624e-02,9.587208353728177146e-02,6.228313482351661295e-02,1.369337031598411858e-01,4.894762604013705443e-02,3.994126284875183786e-02,3.837493881546744784e-02,3.201174743024963465e-02,5.918311850764126913e-02,4.644585848697449504e-02,9.145591994343829634e-02,5.933540001087724697e-02,1.606569859139609369e-01,1.527601022461521629e-01,3.362158046445858778e-02,1.154620112035677354e-01,3.398923152227116828e-01,1.503888616957633206e-01,2.040245825855223905e-01,1.331919290803284806e-01,3.086963615597976968e-02,1.136237559145048120e-01
5.938978626203295953e-03,1.268287376951106674e-02,8.473377930059280277e-03,5.993364877359003313e-03,1.600043509000924694e-02,2.023168542992331495e-02,2.248327622776961909e-02,0.000000000000000000e+00,2.874857236090716181e-02,1.663131560341545717e-02,1.990536792298906732e-02,1.337901778430412858e-02,3.415456572578452060e-02,9.180399195083482899e-03,1.008321096426823341e-02,6.743895143307771650e-03,6.504595638222657183e-03,1.173655299940175138e-02,1.161690324685919415e-02,2.102572469679665074e-02,1.281340077228476648e-02,3.551422200467721502e-02,3.084788165551748465e-02,1.223690651003426361e-02,2.977103388263447128e-02,6.648175341273726557e-02,3.510088649589383769e-02,4.630445423396965104e-02,2.969489313101647890e-02,8.701800184913253966e-03,2.372328275411975801e-02,8.636536683526404093e-03,6.221787132212976135e-03,1.017022896611736484e-02,6.580736389840648702e-03,1.093163648229727482e-02,4.873008103551422499e-03,3.600369826507858646e-03,9.180399195083482899e-03,5.764942622505030492e-03,8.157937673356175159e-03,6.558981889378365411e-03,8.647413933757546606e-03,2.893348561483656892e-03,2.610540055473976277e-03,7.070212650242018414e-03,1.232392451188339504e-02,1.325936803176157135e-02,7.081089900473160059e-03,1.605482134116495430e-02,2.301626148909555539e-02,2.409310926197857222e-02,5.688801870887039841e-03,2.743242508293903398e-02,1.743623212051993374e-02,2.202643171806167519e-02,1.491271006689508932e-02,3.109805841083373990e-02,1.118181323761353180e-02,9.365312449012890006e-03,8.832327187686951978e-03,7.396530157176266045e-03,1.367270354054495041e-02,1.067058247674987706e-02,2.122151520095719862e-02,1.386849404470549829e-02,3.706966878773046425e-02,3.615597976831456950e-02,8.038287920813617926e-03,2.651873606352314269e-02,7.912111818132376573e-02,3.501386849404470453e-02,4.678305324413987998e-02,3.084788165551748465e-02,7.102844400935443350e-03,2.638820906074944295e-02
3.208788818186762704e-02,7.147441126883123663e-02,4.660901724044161365e-02,3.289280469897210013e-02,8.771414586392560497e-02,1.133627019089574195e-01,1.247403056507314922e-01,2.874857236090716181e-02,0.000000000000000000e+00,9.120574318812203762e-02,1.100125088377658100e-01,7.134388426605754729e-02,1.897427530320335010e-01,5.156904334584216931e-02,5.454940990917495763e-02,3.779844455321694496e-02,3.596018926415402162e-02,6.564420514493936321e-02,6.537227388916082294e-02,1.163974547234459117e-01,6.896176646543754341e-02,2.003154402567031145e-01,1.684668515799205846e-01,6.556806439332137082e-02,1.664436830369282749e-01,3.664980692880839830e-01,1.959754174144776318e-01,2.576167944743568694e-01,1.660085930276825883e-01,4.930657529776472786e-02,1.315168325447327036e-01,4.728340675477239047e-02,3.436123348017620927e-02,5.519116767281231212e-02,3.604720726600315478e-02,6.087996954369935543e-02,2.697558057323108660e-02,1.992712242345135235e-02,5.014412356556262329e-02,3.238157393810844886e-02,4.477076195137869030e-02,3.643878827432425055e-02,4.783814651656061179e-02,1.605482134116495430e-02,1.439060205580029381e-02,3.934301408603904648e-02,6.919018872029150669e-02,7.410670582476749924e-02,3.935389133627019420e-02,8.881274813727089990e-02,1.293305052482732476e-01,1.326154348180779985e-01,3.108718116060259912e-02,1.545330940338282555e-01,9.612226029259803017e-02,1.221080110947952296e-01,7.881655517485179618e-02,1.761135584924131137e-01,6.271822483276227878e-02,5.126448033937020671e-02,4.911078479360417998e-02,4.112688312394626594e-02,7.579267961059443781e-02,5.941154076249523935e-02,1.188883450263773373e-01,7.478109533909826911e-02,2.082667101756675854e-01,1.979550769565453783e-01,4.321531516832544800e-02,1.484962201555446726e-01,4.378854625550660518e-01,1.946483928862783597e-01,2.620547125686626400e-01,1.718931854027301864e-01,3.984336759667156391e-02,1.454179583401316034e-01
1.850220264317180632e-02,4.035459835753521518e-02,2.668189481699026477e-02,1.910045140588459076e-02,5.134062109098819909e-02,6.330559634524392243e-02,7.200739653015716946e-02,1.663131560341545717e-02,9.120574318812203762e-02,0.000000000000000000e+00,6.359928210148474426e-02,4.164899113504106493e-02,1.082721488007831606e-01,2.978191113286561206e-02,3.117419916245173228e-02,2.147169195627345387e-02,2.038396693315929625e-02,3.738510904443356764e-02,3.742861804535813075e-02,6.624245390765214070e-02,4.020231685429923041e-02,1.127209441453200650e-01,9.573067928427693440e-02,3.751563604720726391e-02,9.526295752433784625e-02,2.085821504323706888e-01,1.106433893511720168e-01,1.467776146190243047e-01,9.404470549844999583e-02,2.799804209495839608e-02,7.463969108609343206e-02,2.731277533039647501e-02,1.963343666721053052e-02,3.194648392886278304e-02,2.062326643824441072e-02,3.559036275629520740e-02,1.567411758307499930e-02,1.143198999292978704e-02,2.890085386414314311e-02,1.867623864687007265e-02,2.601838255289062873e-02,2.087344319356066943e-02,2.781312884102898897e-02,9.310926197857180911e-03,8.234078424974165811e-03,2.251590797846304490e-02,3.927775058465220182e-02,4.200794039266873142e-02,2.250503072823190412e-02,5.135149834121933987e-02,7.181160602599662157e-02,7.695654538532659128e-02,1.744710937075107451e-02,8.665905259150487316e-02,5.646380594985587337e-02,7.001685973785827521e-02,4.597813672703540688e-02,9.965736661771903981e-02,3.609071626692771789e-02,2.911839886876597602e-02,2.813944634796323660e-02,2.361451025180834329e-02,4.360689617664654377e-02,3.390438897046826883e-02,6.754772393538913122e-02,4.316092891716973717e-02,1.177897427530320285e-01,1.116005873715124885e-01,2.456083102191766038e-02,8.469027029966824660e-02,2.489041170392124747e-01,1.098711045847609730e-01,1.497362266818948184e-01,9.792788383096753813e-02,2.275520748354815936e-02,8.298254201337901259e-02
2.185239571436340886e-02,4.902376679175504681e-02,3.203350193071191621e-02,2.302713873932669963e-02,6.178278131288410246e-02,7.696742263555772512e-02,8.689835209658998416e-02,1.990536792298906732e-02,1.100125088377658100e-01,6.359928210148474426e-02,0.000000000000000000e+00,4.986131505955294224e-02,1.309185837820198983e-01,3.591668026322945850e-02,3.767879480067438946e-02,2.640996356121172450e-02,2.497416653070103770e-02,4.540164246478490401e-02,4.480339370207211958e-02,7.944743568825800295e-02,4.827323652580627761e-02,1.370859846630771706e-01,1.156795562081905648e-01,4.516234295969978607e-02,1.149616576929352318e-01,2.517865883504650237e-01,1.344754446076031895e-01,1.777995322782400522e-01,1.140153369228259078e-01,3.435035622994506849e-02,9.080328492956980801e-02,3.292543644966552246e-02,2.365801925273290987e-02,3.789633980529721891e-02,2.463697177353564929e-02,4.239952140098982719e-02,1.874150214825692079e-02,1.364007178985152634e-02,3.472018273780388270e-02,2.236362647522706359e-02,3.086963615597976968e-02,2.507206178278131165e-02,3.333877195844890673e-02,1.113830423668896522e-02,9.822156958720835648e-03,2.670364931745254633e-02,4.743568825800837524e-02,5.104693533474737727e-02,2.708435307554250132e-02,6.209822156958720585e-02,8.784467286669929431e-02,9.206504595638222155e-02,2.125414695165062443e-02,1.056833632457714750e-01,6.739544243215314645e-02,8.531027356284331953e-02,5.531081742535486762e-02,1.210746723228367933e-01,4.375917767988252854e-02,3.540544950236580030e-02,3.393702072116169116e-02,2.857453635720889895e-02,5.259150486756947879e-02,4.105074237232827356e-02,8.138358622940121412e-02,5.234132811225322007e-02,1.428726817860444809e-01,1.354652743786370905e-01,2.977103388263447128e-02,1.026594876815141166e-01,3.011366726491542800e-01,1.333224560831021976e-01,1.810300755968891062e-01,1.183553597650513906e-01,2.785663784195355555e-02,1.003535106325121051e-01
1.484744656550823945e-02,3.156578017077282805e-02,2.088432044379181021e-02,1.516288682221134457e-02,4.002828085060097102e-02,4.993745581117093463e-02,5.600696144014793293e-02,1.337901778430412858e-02,7.134388426605754729e-02,4.164899113504106493e-02,4.986131505955294224e-02,0.000000000000000000e+00,8.491869255452220988e-02,2.312503399140697358e-02,2.487627127862076376e-02,1.666394735410888298e-02,1.619622559416979482e-02,2.921629412084624997e-02,2.923804862130853152e-02,5.202588785555011669e-02,3.212051993256104937e-02,8.801870887039756064e-02,7.631478762168923680e-02,3.031489639419154836e-02,7.407407407407406996e-02,1.652471855115026922e-01,8.662642084081144389e-02,1.153097297003317506e-01,7.360635231413498181e-02,2.206994071898624177e-02,5.925925925925926152e-02,2.154783270789144625e-02,1.547832707891444969e-02,2.534399303855985192e-02,1.630499809648120954e-02,2.756295208571273025e-02,1.225866101049654690e-02,8.995485941154075793e-03,2.292924348724642569e-02,1.451025180834285104e-02,2.038396693315929625e-02,1.640289334856148348e-02,2.161309620927829439e-02,7.244248653940283875e-03,6.471963887529232247e-03,1.764289987491162240e-02,3.056507314950780360e-02,3.292543644966552246e-02,1.780605862837874448e-02,4.018056235383694885e-02,5.677924620655898369e-02,6.029259803121770483e-02,1.411867080002175527e-02,6.740631968238429417e-02,4.380268668080709166e-02,5.500625441888290501e-02,3.708054603796160503e-02,7.778321640289334593e-02,2.793277859357154447e-02,2.308152499048240699e-02,2.196116821667482358e-02,1.841518464132267316e-02,3.437211073040735004e-02,2.658399956490999083e-02,5.230869636155979774e-02,3.447000598248762399e-02,9.164083319736771038e-02,8.882362538750203373e-02,1.991624517322021157e-02,6.632947190950128080e-02,1.959210311633219070e-01,8.647413933757545912e-02,1.167455267308424444e-01,7.612987436775983663e-02,1.759939087398705582e-02,6.561157339424593393e-02
3.830967531408060317e-02,8.423342578996029228e-02,5.500625441888290501e-02,3.959319084135530520e-02,1.058030129983140305e-01,1.332245608310219098e-01,1.481590253983793015e-01,3.415456572578452060e-02,1.897427530320335010e-01,1.082721488007831606e-01,1.309185837820198983e-01,8.491869255452220988e-02,0.000000000000000000e+00,6.124979605155816270e-02,6.462174362321204679e-02,4.485777995322782347e-02,4.254092565399467119e-02,7.798988415728504153e-02,7.701093163648230211e-02,1.368249306575297641e-01,8.255832925436450143e-02,2.349703594931201456e-01,1.988796432261924207e-01,7.813128841028987859e-02,1.972589329417523130e-01,4.349050959917332704e-01,2.302931418937292640e-01,3.044759884701147556e-01,1.959754174144776318e-01,5.824767498776309282e-02,1.557295915592538105e-01,5.652906945124272498e-02,4.096372437047914039e-02,6.598139990210474815e-02,4.294338391254690773e-02,7.208353728177516184e-02,3.209876543209876781e-02,2.365801925273290987e-02,6.041224778376026727e-02,3.871213357263283972e-02,5.387502039484418082e-02,4.375917767988252854e-02,5.689889595910153919e-02,1.927448740958285708e-02,1.696851036058084558e-02,4.697884374830042786e-02,8.152499048240605117e-02,8.767063686300102798e-02,4.684831674552673159e-02,1.061293305052482677e-01,1.520204492304345345e-01,1.588296078751291751e-01,3.705879153749932348e-02,1.809648120955022477e-01,1.148202534399303809e-01,1.447435688258008335e-01,9.444716375700222544e-02,2.079947789198890451e-01,7.430249632892804712e-02,6.080382879208136304e-02,5.816065698591395966e-02,4.849078153042910705e-02,8.995485941154075793e-02,7.047370424756621565e-02,1.391852939576875003e-01,9.016152716593245353e-02,2.438570729319627928e-01,2.339152662206994138e-01,5.148202534399303615e-02,1.757546092347854472e-01,5.199216837983358097e-01,2.291945396203839691e-01,3.098058410833741116e-01,2.028063305596345123e-01,4.670691249252188759e-02,1.733181051830097463e-01
1.002882471311252431e-02,2.289661173655299989e-02,1.486920106597052274e-02,1.075760047859901022e-02,2.866155435905802865e-02,3.581878501114918456e-02,4.040898460869092601e-02,9.180399195083482899e-03,5.156904334584216931e-02,2.978191113286561206e-02,3.591668026322945850e-02,2.312503399140697358e-02,6.124979605155816270e-02,0.000000000000000000e+00,1.740360036982650793e-02,1.230217001142111348e-02,1.167128949801490151e-02,2.125414695165062443e-02,2.082993419263610285e-02,3.685212378310762787e-02,2.238538097568934515e-02,6.340349159732419637e-02,5.345080763582966271e-02,2.084081144286724363e-02,5.360308913906564748e-02,1.171044759884701109e-01,6.234839832490346456e-02,8.272148800783162004e-02,5.322238538097569249e-02,1.589166258769782875e-02,4.212759014521129386e-02,1.546744982868330891e-02,1.100777723391526547e-02,1.768640887583618898e-02,1.160602599662805164e-02,1.941589166258769761e-02,8.745309185837820548e-03,6.428454886604666532e-03,1.641377059879262426e-02,1.037689672050905523e-02,1.433621580464458645e-02,1.182357100125088455e-02,1.554359058030129956e-02,5.253711861641377490e-03,4.655463098928590455e-03,1.222602925980312109e-02,2.214608147060423068e-02,2.359275575134605826e-02,1.269375101974220925e-02,2.887909936368086156e-02,4.134442812856909538e-02,4.305215641485832245e-02,1.002882471311252431e-02,4.962201555446783124e-02,3.153314842007940572e-02,3.985424484690270469e-02,2.580083754826779929e-02,5.639854244846902870e-02,2.022080817969217417e-02,1.656605210202860556e-02,1.592429433839125455e-02,1.328112253222385464e-02,2.468048077446021588e-02,1.919834665796486817e-02,3.767879480067438946e-02,2.457170827214880116e-02,6.663403491597323647e-02,6.272910208299341261e-02,1.385761679447435751e-02,4.783814651656061179e-02,1.401207374775656767e-01,6.194594006635122801e-02,8.384184478163919652e-02,5.508239517050089740e-02,1.270462826997335003e-02,4.678305324413987998e-02
1.110567248599554115e-02,2.398433675966715750e-02,1.591341708816011377e-02,1.133409474084951310e-02,3.012998314026214125e-02,3.826616631315603312e-02,4.241039865122096797e-02,1.008321096426823341e-02,5.454940990917495763e-02,3.117419916245173228e-02,3.767879480067438946e-02,2.487627127862076376e-02,6.462174362321204679e-02,1.740360036982650793e-02,0.000000000000000000e+00,1.280252352205362570e-02,1.224778376026540438e-02,2.222222222222222307e-02,2.215695872083537146e-02,3.960406809158644598e-02,2.392995050851144667e-02,6.747158318377113884e-02,5.800837548267798183e-02,2.278783923424158517e-02,5.633327894708217709e-02,1.248599554032740477e-01,6.642736716158155474e-02,8.727905585467993221e-02,5.622450644477076237e-02,1.676184260618915692e-02,4.506444770761951213e-02,1.619622559416979482e-02,1.168216674824604402e-02,1.901343340403546106e-02,1.218252025887855625e-02,2.067765268940011808e-02,9.234785446239190260e-03,6.820035894925763169e-03,1.734921411867080057e-02,1.092075923206613404e-02,1.539130907706531826e-02,1.233480176211453755e-02,1.630499809648120954e-02,5.438625115570783729e-03,4.883885353782564144e-03,1.321585903083700476e-02,2.345135149834121774e-02,2.502855278185674506e-02,1.337901778430412858e-02,3.031489639419154836e-02,4.360689617664654377e-02,4.536901071409147473e-02,1.060531897536302892e-02,5.174307934954043564e-02,3.286017294827867780e-02,4.173600913689019115e-02,2.783488334149127053e-02,5.910697775602327675e-02,2.126502420188176520e-02,1.742535487028878949e-02,1.671833360526459034e-02,1.403165279817262211e-02,2.587697829988578821e-02,2.030782618154130734e-02,4.002828085060097102e-02,2.585522379942350665e-02,7.018001849132539383e-02,6.747158318377113884e-02,1.491271006689508932e-02,5.018763256648719334e-02,1.486811334094740866e-01,6.606841790395387437e-02,8.851906238103007807e-02,5.820416598683852971e-02,1.353129928754010988e-02,4.955675205308097964e-02
7.407407407407407690e-03,1.680535160711372003e-02,1.084461848044814339e-02,7.777233915266221036e-03,2.119976070049491360e-02,2.650785881329199845e-02,2.965138413009191232e-02,6.743895143307771650e-03,3.779844455321694496e-02,2.147169195627345387e-02,2.640996356121172450e-02,1.666394735410888298e-02,4.485777995322782347e-02,1.230217001142111348e-02,1.280252352205362570e-02,0.000000000000000000e+00,8.495132430521563568e-03,1.545657257845216813e-02,1.531516832544732760e-02,2.710610757600478635e-02,1.631587534671235032e-02,4.695708924783814631e-02,3.959319084135530520e-02,1.523902757382933522e-02,3.925599608418991332e-02,8.593027682601837858e-02,4.611954098004024394e-02,6.085821504323706693e-02,3.920160983303420943e-02,1.185620275194430862e-02,3.090226790667319201e-02,1.133409474084951310e-02,8.027410670582477148e-03,1.281340077228476648e-02,8.364605427747865557e-03,1.427095230325773657e-02,6.276173383368684362e-03,4.601076847772883095e-03,1.195409800402458256e-02,7.548811660412248215e-03,1.044216022189590511e-02,8.516886930983846860e-03,1.132321749061837232e-02,3.817914831130690256e-03,3.317561320498178031e-03,9.093381193234349735e-03,1.633762984717463534e-02,1.745798662098221529e-02,9.223908196008049482e-03,2.116712894980149126e-02,3.039103714580954074e-02,3.138086691684342094e-02,7.287757654864850457e-03,3.615597976831456950e-02,2.289661173655299989e-02,2.920541687061510919e-02,1.882852015010605395e-02,4.152934138249850249e-02,1.488007831620166352e-02,1.211725675749170637e-02,1.166041224778376073e-02,9.735138956871702484e-03,1.791483113069016267e-02,1.402077554794147959e-02,2.785663784195355555e-02,1.794746288138358500e-02,4.912166204383532075e-02,4.641322673628106577e-02,1.019198346657964813e-02,3.503562299450698608e-02,1.030945776907597755e-01,4.572795997171914817e-02,6.189155381519551719e-02,4.056126611192690384e-02,9.517593952248871308e-03,3.428509272855822382e-02
7.081089900473160059e-03,1.604394409093381352e-02,1.040952847120247930e-02,7.407407407407407690e-03,1.993799967368249312e-02,2.522434328601729642e-02,2.808506009680752577e-02,6.504595638222657183e-03,3.596018926415402162e-02,2.038396693315929625e-02,2.497416653070103770e-02,1.619622559416979482e-02,4.254092565399467119e-02,1.167128949801490151e-02,1.224778376026540438e-02,8.495132430521563568e-03,0.000000000000000000e+00,1.458639255996084169e-02,1.465165606134769156e-02,2.572469679664980691e-02,1.567411758307499930e-02,4.469462119976069792e-02,3.789633980529721891e-02,1.473867406319682299e-02,3.730896829281557525e-02,8.212323924511882867e-02,4.393321368358078793e-02,5.783433947897971550e-02,3.690651003426333870e-02,1.114918148692010599e-02,2.957524337847392340e-02,1.060531897536302892e-02,7.701093163648229517e-03,1.245445151465709478e-02,8.070919671507043730e-03,1.378147604285636513e-02,6.080382879208136478e-03,4.481427095230325862e-03,1.129058573992494652e-02,7.287757654864850457e-03,1.008321096426823341e-02,8.190569424049600963e-03,1.083374123021700088e-02,3.567738075814434143e-03,3.230543318649045734e-03,8.669168434219829897e-03,1.546744982868330891e-02,1.668570185457116453e-02,8.799695436993527908e-03,2.003589492576276707e-02,2.877032686136944684e-02,2.978191113286561206e-02,6.896176646543753820e-03,3.450263773318105326e-02,2.185239571436340886e-02,2.758470658617501528e-02,1.804535813346385895e-02,3.943003208788817965e-02,1.424919780279545328e-02,1.147549899385435362e-02,1.092075923206613404e-02,9.245662696470332773e-03,1.704465111219883450e-02,1.337901778430412858e-02,2.657312231467885005e-02,1.684886060803828661e-02,4.644585848697449504e-02,4.419426768912818743e-02,9.658998205253711833e-03,3.338228095937346984e-02,9.790612933050524269e-02,4.363952792733996611e-02,5.892206450209386964e-02,3.851634306847229183e-02,9.104258443465492248e-03,3.264262794365584142e-02
1.297655952575189030e-02,2.903138086691684286e-02,1.882852015010605395e-02,1.359656278892695976e-02,3.654756077663566527e-02,4.599989122749768844e-02,5.118833958775221432e-02,1.173655299940175138e-02,6.564420514493936321e-02,3.738510904443356764e-02,4.540164246478490401e-02,2.921629412084624997e-02,7.798988415728504153e-02,2.125414695165062443e-02,2.222222222222222307e-02,1.545657257845216813e-02,1.458639255996084169e-02,0.000000000000000000e+00,2.651873606352314269e-02,4.717463425246097575e-02,2.841137760374177340e-02,8.115516397454723696e-02,6.850492195572958909e-02,2.679066731930167949e-02,6.788491869255451616e-02,1.496165769293522629e-01,7.976287594496112021e-02,1.055310817425354902e-01,6.789579594278566388e-02,2.013379017784304101e-02,5.355958013814107743e-02,1.955729591559253813e-02,1.414042530048403683e-02,2.257029422961875226e-02,1.468428781204111563e-02,2.495241203023875615e-02,1.102953173437754876e-02,8.157937673356175159e-03,2.087344319356066943e-02,1.323761353129928806e-02,1.841518464132267316e-02,1.501060531897536326e-02,1.973133191929080446e-02,6.700386142383205935e-03,5.808451623429597074e-03,1.584815358677326216e-02,2.819383259911894396e-02,3.005384238864415233e-02,1.617447109370750979e-02,3.663457877848479843e-02,5.273290912057431584e-02,5.477783216402893479e-02,1.275901452112905912e-02,6.253331157883286473e-02,3.974547234459128997e-02,5.004622831348234935e-02,3.237069668787730808e-02,7.176809702507205846e-02,2.565943329526295877e-02,2.101484744656550996e-02,2.007940392668733365e-02,1.669657910480230531e-02,3.114156741175830648e-02,2.428889976613912011e-02,4.815358677326372211e-02,3.101104040898461020e-02,8.459237504758797266e-02,8.043726545929189009e-02,1.755588187306248923e-02,6.074944254092565221e-02,1.792679610594441753e-01,7.918638168271061040e-02,1.069342470223527547e-01,7.015826399086311227e-02,1.615271659324522824e-02,5.983575352150976440e-02
1.305270027736988095e-02,2.887909936368086156e-02,1.890466090172404287e-02,1.341164953499755265e-02,3.590580301299831079e-02,4.581497797356828133e-02,5.066623157665742228e-02,1.161690324685919415e-02,6.537227388916082294e-02,3.742861804535813075e-02,4.480339370207211958e-02,2.923804862130853152e-02,7.701093163648230211e-02,2.082993419263610285e-02,2.215695872083537146e-02,1.531516832544732760e-02,1.465165606134769156e-02,2.651873606352314269e-02,0.000000000000000000e+00,4.707673900038070181e-02,2.825909610050579210e-02,8.106814597269809686e-02,6.823299069995104882e-02,2.663838581606569819e-02,6.717789742753031701e-02,1.482025343993038646e-01,7.943655843802686911e-02,1.045194974710393215e-01,6.703649317452547995e-02,1.995975417414477468e-02,5.333115788328710721e-02,1.913308315657801656e-02,1.406428454886604618e-02,2.250503072823190412e-02,1.461902431065426576e-02,2.469135802469135665e-02,1.095339098275955811e-02,8.081796921738184508e-03,2.027519443084788153e-02,1.310708652852558831e-02,1.821939413716212527e-02,1.480393756458367287e-02,1.940501441235655683e-02,6.482841137760373892e-03,5.808451623429597074e-03,1.589166258769782875e-02,2.787839234241583711e-02,3.004296513841300809e-02,1.595692608908468035e-02,3.619948876923913955e-02,5.217816935878610146e-02,5.408168814923587642e-02,1.242181976396367071e-02,6.248980257790830162e-02,3.934301408603904648e-02,4.965464730516125358e-02,3.196823842932506460e-02,7.128949801490183646e-02,2.525697503671071875e-02,2.068852993963126233e-02,1.988361342252678576e-02,1.665307010387773873e-02,3.072823190297492915e-02,2.421275901452112772e-02,4.811007777233915206e-02,3.035840539511611494e-02,8.437483004296514322e-02,7.970848969380540938e-02,1.743623212051993374e-02,6.024908903029314172e-02,1.776146190243106660e-01,7.890357317670093629e-02,1.060966987545548523e-01,6.969054223092402411e-02,1.621798009463207638e-02,5.909610050579213597e-02
2.345135149834121774e-02,5.131886659052591754e-02,3.379561646815684717e-02,2.396258225920487248e-02,6.327296459455049316e-02,8.170990373633545134e-02,8.960678740414423915e-02,2.102572469679665074e-02,1.163974547234459117e-01,6.624245390765214070e-02,7.944743568825800295e-02,5.202588785555011669e-02,1.368249306575297641e-01,3.685212378310762787e-02,3.960406809158644598e-02,2.710610757600478635e-02,2.572469679664980691e-02,4.717463425246097575e-02,4.707673900038070181e-02,0.000000000000000000e+00,5.018763256648719334e-02,1.434491760482949907e-01,1.221732745961820882e-01,4.759884701147550079e-02,1.195627345407081071e-01,2.641757763637352374e-01,1.409582857453635651e-01,1.850546581824114856e-01,1.193234350356229961e-01,3.507913199543155613e-02,9.432751400445966994e-02,3.411105672485995749e-02,2.452819927122423457e-02,3.999564909990754175e-02,2.581171479849894007e-02,4.402023168542992110e-02,1.956817316582367891e-02,1.440147930603143459e-02,3.597106651438516239e-02,2.316854299233154016e-02,3.235981943764616037e-02,2.589873280034807324e-02,3.451351498341219404e-02,1.152988524501006098e-02,1.042040572143362182e-02,2.843313210420405843e-02,5.007886006417577862e-02,5.316799912981998166e-02,2.817207809865665893e-02,6.363191385217817353e-02,9.241311796377875420e-02,9.598085603959319312e-02,2.251590797846304490e-02,1.104258443465491873e-01,6.966878773046174256e-02,8.747484635884048010e-02,5.726872246696035340e-02,1.258497851743079488e-01,4.480339370207211958e-02,3.704791428726817576e-02,3.545983575352151113e-02,2.977103388263447128e-02,5.487572741610920873e-02,4.273671615815521907e-02,8.608255832925436335e-02,5.404905639854244714e-02,1.497471039321259523e-01,1.432316310436721474e-01,3.110893566106488414e-02,1.064121390112579557e-01,3.142546364279110160e-01,1.406537227388915956e-01,1.880350247457442669e-01,1.243160928917169672e-01,2.892260836460542814e-02,1.044868657203458923e-01
1.421656605210202921e-02,3.046717789742752966e-02,2.029694893131016309e-02,1.464077881111654905e-02,3.888616957633110605e-02,4.840376352857997388e-02,5.437537390547669824e-02,1.281340077228476648e-02,6.896176646543754341e-02,4.020231685429923041e-02,4.827323652580627761e-02,3.212051993256104937e-02,8.255832925436450143e-02,2.238538097568934515e-02,2.392995050851144667e-02,1.631587534671235032e-02,1.567411758307499930e-02,2.841137760374177340e-02,2.825909610050579210e-02,5.018763256648719334e-02,0.000000000000000000e+00,8.538641431446129804e-02,7.347582531136129247e-02,2.925980312177081655e-02,7.201827378038831717e-02,1.595801381410779374e-01,8.404851253603089212e-02,1.117311143742861779e-01,7.142002501767552580e-02,2.111274269864578390e-02,5.739924946973404968e-02,2.082993419263610285e-02,1.516288682221134457e-02,2.459346277261108271e-02,1.582639908631098061e-02,2.664926306629683897e-02,1.189971175286887520e-02,8.810572687224670421e-03,2.232011747430249701e-02,1.406428454886604618e-02,1.988361342252678576e-02,1.602218959047152849e-02,2.096046119540979913e-02,7.048458149779735990e-03,6.210909881981835357e-03,1.688149235873171242e-02,2.971664763147876046e-02,3.188122042747593143e-02,1.725131886659052663e-02,3.903845107956708388e-02,5.520204492304345290e-02,5.855223799423505543e-02,1.354217653777125066e-02,6.575297764725077099e-02,4.236688965029640486e-02,5.326589438190025561e-02,3.555773100560178507e-02,7.554250285527817910e-02,2.709523032577364557e-02,2.228748572360907121e-02,2.126502420188176520e-02,1.781693587860988873e-02,3.318649045521292196e-02,2.578996029803665505e-02,5.056833632457714833e-02,3.325175395659977357e-02,8.873660738565290751e-02,8.549518681677271970e-02,1.899167890357317603e-02,6.424103986512209874e-02,1.901125795398923291e-01,8.390710828302605506e-02,1.129167346494806129e-01,7.385652906945124052e-02,1.699026486104312714e-02,6.365366835264045509e-02
