0.000000000000000000e+00,1.639886813059522261e-02,1.330442984560904242e-02,4.749218116529595364e-03,2.601313895186245506e-02,3.331071800896890506e-02,4.006221972166603557e-02,5.708990418824774933e-03,4.049246247786732200e-02,2.492098426304380221e-02,2.664195528784895142e-02,1.810329135708493853e-02,5.477321242408697555e-02,1.509159206367592827e-02,1.398288957654184039e-02,7.032814284059506031e-03,7.694726216676870713e-03,1.464480150915920681e-02,1.767304860088365209e-02,2.882626466548625713e-02,1.171584120732736475e-02,4.651586106468534598e-02,4.687991262762489231e-02,1.659744171038043253e-02,4.110473101553838160e-02,8.151445450182853714e-02,5.161258294583905698e-02,7.108934156310503516e-02,4.585394913206797957e-02,1.251013552646820272e-02,3.294666644602935873e-02,1.126905065281064329e-02,7.314126855421885891e-03,1.477718389568268009e-02,7.794013006569475675e-03,1.505849646704505995e-02,5.791729410401945735e-03,4.037662788965928201e-03,1.025963495556916211e-02,7.446509241945359174e-03,1.241084873657559776e-02,8.025682182985553054e-03,9.548079628005494077e-03,4.087306183912230682e-03,2.515265343945988046e-03,5.990302990187155660e-03,1.720971024805149560e-02,2.104879945723221388e-02,8.737237510549221084e-03,2.199202396121196015e-02,3.235094570667372549e-02,3.529645380682100431e-02,6.602571527858218728e-03,3.948304678062583561e-02,2.500372325462097214e-02,3.767933676424351647e-02,2.521884463272161536e-02,4.815409309791332526e-02,1.456206251758203514e-02,1.517433105525309821e-02,1.241084873657559776e-02,8.439377140871406197e-03,1.466134930747464010e-02,1.998974036504443108e-02,2.912412503516407028e-02,1.790471777729972860e-02,4.729360758551074545e-02,5.126507918121493701e-02,1.404908076980357703e-02,3.455180288262646449e-02,9.577865664973275739e-02,5.452499544935546227e-02,6.536380334596482433e-02,4.527477619102778655e-02,1.011070477073025380e-02,3.658718207542486361e-02
1.639886813059522261e-02,0.000000000000000000e+00,2.798232695139911755e-02,9.928678989260478899e-03,5.454154324767089557e-02,7.032814284059506205e-02,8.351673809799606274e-02,1.164965001406562811e-02,8.512187453459317543e-02,5.179460872730883014e-02,5.583227151627476181e-02,3.751385878108917660e-02,1.142294517714418089e-01,3.197034634541873893e-02,2.885936026211712371e-02,1.466134930747464010e-02,1.601826876934023952e-02,3.049759229534510299e-02,3.696778143667985017e-02,6.124340156542171926e-02,2.414323774221839927e-02,9.761546226274593618e-02,9.756581886779963630e-02,3.397262994158627147e-02,8.591616885373401513e-02,1.696480283298307246e-01,1.082556965795700848e-01,1.480696993265046002e-01,9.682116794360509648e-02,2.612897354007049505e-02,6.854098062252816925e-02,2.296834406182257302e-02,1.530671344177657149e-02,3.056378348860683963e-02,1.620029455081001615e-02,3.154010358921745250e-02,1.224537075342125789e-02,8.373185947609671290e-03,2.065165229766179750e-02,1.573695619797785966e-02,2.594694775860071842e-02,1.658089391206499924e-02,2.015521834819877095e-02,8.389733745925104583e-03,5.245652065992619309e-03,1.211298836689778460e-02,3.633896510069335034e-02,4.482798563651105989e-02,1.788816997898429531e-02,4.593668812364514603e-02,6.741573033707864981e-02,7.373698929357448695e-02,1.380086379507206550e-02,8.293756515695586973e-02,5.176151313067796356e-02,7.916466714103688462e-02,5.152984395426188358e-02,1.005278747662623484e-01,3.081200046333835291e-02,3.178832056394896577e-02,2.670814648111068806e-02,1.780543098740712538e-02,3.117605202627790270e-02,4.270986745213549429e-02,6.218662606940146553e-02,3.723254620972679674e-02,1.006106137578395149e-01,1.077261670334761917e-01,2.841256970760040398e-02,7.330674653737320745e-02,2.000628816335986437e-01,1.155698234349919751e-01,1.377935165726200117e-01,9.592758683457165703e-02,2.164452019658784365e-02,7.712928794823849243e-02
1.330442984560904242e-02,2.798232695139911755e-02,0.000000000000000000e+00,8.273899157717066327e-03,4.603597491353775273e-02,5.834753686022074726e-02,6.989790008439376867e-02,9.581175224636362397e-03,7.219804405023912131e-02,4.381856993926958044e-02,4.628419188826926600e-02,3.145736459764028603e-02,9.468650196091410454e-02,2.690672006089589799e-02,2.369644718770167607e-02,1.239430093826016446e-02,1.376776819844119717e-02,2.559944399397660192e-02,3.139117340437854592e-02,5.182770432393969673e-02,1.985735797852095780e-02,8.159719349340570360e-02,8.255696579570087623e-02,2.819744832949976077e-02,7.107279376478958799e-02,1.402094951266733835e-01,9.086396055004881955e-02,1.234631232314540583e-01,7.951217090566099766e-02,2.164452019658784365e-02,5.723883437308666111e-02,1.917889824758815809e-02,1.279144809783058431e-02,2.631099932154026821e-02,1.358574241697142228e-02,2.670814648111068806e-02,1.039201734209263539e-02,7.214840065529280928e-03,1.742483162615213882e-02,1.295692608098492418e-02,2.238917112078238000e-02,1.419801095464248535e-02,1.714351905478975896e-02,7.016266485744071871e-03,4.467905545167215504e-03,1.040856514040806868e-02,3.127533881617050593e-02,3.820886631033740960e-02,1.505849646704505995e-02,3.769588456255894976e-02,5.518690738197282869e-02,6.111101917889824597e-02,1.174893680395823307e-02,6.736608694213234994e-02,4.335523158643742742e-02,6.541344674091112421e-02,4.289189323360526745e-02,8.316923433337194971e-02,2.593039996028528513e-02,2.612897354007049505e-02,2.230643212920521007e-02,1.466134930747464010e-02,2.559944399397660192e-02,3.503168903377405774e-02,5.157948734920819039e-02,3.046449669871423641e-02,8.300375635021760290e-02,9.010276182753884644e-02,2.377918617927884601e-02,6.086280220416673270e-02,1.673644321623008191e-01,9.599377802783339020e-02,1.150899372838443818e-01,7.830418162863431175e-02,1.770614419751452215e-02,6.422200526219985772e-02
4.749218116529595364e-03,9.928678989260478899e-03,8.273899157717066327e-03,0.000000000000000000e+00,1.608445996260197616e-02,2.022140954146050759e-02,2.467276728831228894e-02,3.475037646241167615e-03,2.480514967483576222e-02,1.547219142493091310e-02,1.620029455081001615e-02,1.110357266965630169e-02,3.345964819380781163e-02,9.514984031374625756e-03,8.406281544240539610e-03,4.302427562012873900e-03,4.683026923267859590e-03,8.952358888649864302e-03,1.075606890503218518e-02,1.767304860088365209e-02,7.148648872267545154e-03,2.846221310254670733e-02,2.882626466548625713e-02,1.001141798083764883e-02,2.505336664956727549e-02,4.994125531598021112e-02,3.132498221111681275e-02,4.330558819149112060e-02,2.766791878340586763e-02,7.429961443629925014e-03,2.015521834819877095e-02,6.933527494166901069e-03,4.583740133375254627e-03,9.266767056643114217e-03,4.848504906422200326e-03,9.299862653273982538e-03,3.574324436133772577e-03,2.564908738892290527e-03,6.205424368287798878e-03,4.683026923267859590e-03,7.893299796462081505e-03,4.931243897999371129e-03,5.924111796925419018e-03,2.515265343945988046e-03,1.572040839966242420e-03,3.541228839502904256e-03,1.082226009829392183e-02,1.322169085403187075e-02,5.394582250831526753e-03,1.361883801360229060e-02,1.927818503748076479e-02,2.180999817974218699e-02,4.070758385596796522e-03,2.397775975906405593e-02,1.535635683672287484e-02,2.326620443150038964e-02,1.548873922324634639e-02,2.957091558968079348e-02,9.051645678542469264e-03,9.167480266750509255e-03,7.744369611623173194e-03,5.229104267677185149e-03,9.051645678542469264e-03,1.232810974499842782e-02,1.785507438235342872e-02,1.110357266965630169e-02,2.887590806043256048e-02,3.152355579090201920e-02,8.422829342555972904e-03,2.123082523870199051e-02,5.879432741473746699e-02,3.326107461402260518e-02,4.029388889808210861e-02,2.710529364068110791e-02,6.255067763234101359e-03,2.278631828035279985e-02
2.601313895186245506e-02,5.454154324767089557e-02,4.603597491353775273e-02,1.608445996260197616e-02,0.000000000000000000e+00,1.111681090830864971e-01,1.357250417831907530e-01,1.881484668464860829e-02,1.370157700517946053e-01,8.575069087057966832e-02,8.985454485280733317e-02,6.092899339742847281e-02,1.837467524945805841e-01,5.215866029024838341e-02,4.603597491353775273e-02,2.386192517085601594e-02,2.609587794343962500e-02,4.918005659347023800e-02,5.973755191871721326e-02,9.812844401052439602e-02,3.925137760420976257e-02,1.563105028875907965e-01,1.585610034584898353e-01,5.432642186957025582e-02,1.382568549254521717e-01,2.711356753983882317e-01,1.741986728665750883e-01,2.391653290529694997e-01,1.537124985520676446e-01,4.115437441048468842e-02,1.104234581588919573e-01,3.766278896592808317e-02,2.468931508662772570e-02,5.042114146712779743e-02,2.662540748953351813e-02,5.169532193741622345e-02,2.013867054988333766e-02,1.391669838328010375e-02,3.405536893316344488e-02,2.516920123777531548e-02,4.251129387235028090e-02,2.710529364068110791e-02,3.312869222749913189e-02,1.380086379507206550e-02,8.720689712233787791e-03,1.957604540715857794e-02,5.942314375072396682e-02,7.249590441991693446e-02,2.937234200989558355e-02,7.446509241945359348e-02,1.068325859244427523e-01,1.188131919048170670e-01,2.267048369214475986e-02,1.315384488093859217e-01,8.500603994638512850e-02,1.283943671294534294e-01,8.371531167778127613e-02,1.616223461468451750e-01,5.002399430755737758e-02,5.017292449239628416e-02,4.309046681339048085e-02,2.880971686717082383e-02,4.965994274461783126e-02,6.802799887474970941e-02,9.874071254819546950e-02,6.031672485975740627e-02,1.594545845675232887e-01,1.736525955221657758e-01,4.596978372027601956e-02,1.170094818884347410e-01,3.201998974036504575e-01,1.843590210322516576e-01,2.224024093594347273e-01,1.511972332081216730e-01,3.458489847925733801e-02,1.240919395674405512e-01
3.331071800896890506e-02,7.032814284059506205e-02,5.834753686022074726e-02,2.022140954146050759e-02,1.111681090830864971e-01,0.000000000000000000e+00,1.708891132034882632e-01,2.371299498601710937e-02,1.750591583789776751e-01,1.057569790339395327e-01,1.124753851500057966e-01,7.628535023415135286e-02,2.323807317436415165e-01,6.463570022008571780e-02,5.884397080968377380e-02,2.985222816104317334e-02,3.297976204266022532e-02,6.296437259022687194e-02,7.620261124257417251e-02,1.262927967433933041e-01,4.896493521536959825e-02,2.007909847594777641e-01,2.004434809948536234e-01,6.963313531134682210e-02,1.750591583789776751e-01,3.465108967251906980e-01,2.218563320150253870e-01,3.015174331055253121e-01,1.971173735334513788e-01,5.305224139928182286e-02,1.401433039334116504e-01,4.734325098045705227e-02,3.147391239595571932e-02,6.324568516158925180e-02,3.314524002581456519e-02,6.412271847230725796e-02,2.511955784282901213e-02,1.729244923962866901e-02,4.254438946898115442e-02,3.221856332015025220e-02,5.354867534874484941e-02,3.412156012642517805e-02,4.118747000711555500e-02,1.711042345815889237e-02,1.075606890503218518e-02,2.506991444788270879e-02,7.525938673859443317e-02,9.284969634790091186e-02,3.666992106700203702e-02,9.304826992768612526e-02,1.374460128079958987e-01,1.501712697125647533e-01,2.849530869917757392e-02,1.693336201618374781e-01,1.050950671013221732e-01,1.606791216428654079e-01,1.049130413198523931e-01,2.039847098343565424e-01,6.251758203571014527e-02,6.491701279144809766e-02,5.474011682745610896e-02,3.633896510069335034e-02,6.326223295990468509e-02,8.702487134086810128e-02,1.267726828945408835e-01,7.567308169648027938e-02,2.061690192119938481e-01,2.214757326537704074e-01,5.869504062484486723e-02,1.497906703513097459e-01,4.119574390627326888e-01,2.358557693898826746e-01,2.799060085055683489e-01,1.949992553490758063e-01,4.371928314937697374e-02,1.581473085006039891e-01
4.006221972166603557e-02,8.351673809799606274e-02,6.989790008439376867e-02,2.467276728831228894e-02,1.357250417831907530e-01,1.708891132034882632e-01,0.000000000000000000e+00,2.889245585874799377e-02,2.094951266733960926e-01,1.301649815492048889e-01,1.371316046400026523e-01,9.319720011252502490e-02,2.803527990600850339e-01,7.974384008207707764e-02,7.074183779848090825e-02,3.640515629395509045e-02,3.988019394019625546e-02,7.540831692343333281e-02,9.071503036520990604e-02,1.498899571412023735e-01,6.025053366649567310e-02,2.394466416243318796e-01,2.420280981615396121e-01,8.381459846767387589e-02,2.109513329251543057e-01,4.160778408432758146e-01,2.663368138869123269e-01,3.660538465357184301e-01,2.346808757094868414e-01,6.332842415316641826e-02,1.694825503466763639e-01,5.758633813771077414e-02,3.812612731876023620e-02,7.698035776339957892e-02,4.060829706607536199e-02,7.894954576293623794e-02,3.077890486670748285e-02,2.137975542354089709e-02,5.265509423971140301e-02,3.877149145306216932e-02,6.529761215270307728e-02,4.179973854478661460e-02,5.050388045870497084e-02,2.123082523870199051e-02,1.327133424897817410e-02,2.988532375767403992e-02,9.053300458374013981e-02,1.101917889824758773e-01,4.504310701461170657e-02,1.136668266287170492e-01,1.630289090036570743e-01,1.826380500074465119e-01,3.461799407588820460e-02,2.003110986083301570e-01,1.294534262216412157e-01,1.952309245254918724e-01,1.289900878688090557e-01,2.474557760090020098e-01,7.628535023415135286e-02,7.714583574655392573e-02,6.538035114428025762e-02,4.398404792242392031e-02,7.590475087289635936e-02,1.032748092866244138e-01,1.499561483344641066e-01,9.245254918833049895e-02,2.436166867998212915e-01,2.648640598368386945e-01,7.075838559679634154e-02,1.784845526302725471e-01,4.913206797835548145e-01,2.808988764044944020e-01,3.380218761893730162e-01,2.305439261306283238e-01,5.250616405487249644e-02,1.901507504426536155e-01
5.708990418824774933e-03,1.164965001406562811e-02,9.581175224636362397e-03,3.475037646241167615e-03,1.881484668464860829e-02,2.371299498601710937e-02,2.889245585874799377e-02,0.000000000000000000e+00,2.890900365706342706e-02,1.807019576045407194e-02,1.891413347454121152e-02,1.303966507256209585e-02,3.906935182273998247e-02,1.103738147639456504e-02,9.845939997683308964e-03,4.997435091261107770e-03,5.526964637355000036e-03,1.047475633366980532e-02,1.252668332478363775e-02,2.065165229766179750e-02,8.455924939186841224e-03,3.307904883255283202e-02,3.349274379043868516e-02,1.191441478711257468e-02,2.932269861494928020e-02,5.814896328043554080e-02,3.665337326868660373e-02,5.083483642501365057e-02,3.235094570667372549e-02,8.803428703810957726e-03,2.356406480117820279e-02,7.942943191408383119e-03,5.394582250831526753e-03,1.070642551008588357e-02,5.576608032301302517e-03,1.088845129155565847e-02,4.252784167066571419e-03,2.945508100147275349e-03,7.231387863844715089e-03,5.394582250831526753e-03,9.068193476857904292e-03,5.791729410401945735e-03,6.916979695851466908e-03,2.945508100147275349e-03,1.787162218066886289e-03,4.203140772120269805e-03,1.251013552646820272e-02,1.509159206367592827e-02,6.304711158180403840e-03,1.585279078618589965e-02,2.252155350730585329e-02,2.535122701924508865e-02,4.798861511475897845e-03,2.741970180867435436e-02,1.788816997898429531e-02,2.695636345584220134e-02,1.813638695371580858e-02,3.432013370621039144e-02,1.052439972861610694e-02,1.065678211513958022e-02,8.968906686965299330e-03,6.023398586818023981e-03,1.050785193030067365e-02,1.408217636643444536e-02,2.071784349092353414e-02,1.294037828266949089e-02,3.345964819380781163e-02,3.643825189058595704e-02,9.862487795998742257e-03,2.462312389336598906e-02,6.829276364779665598e-02,3.852327447833065605e-02,4.654895666131621257e-02,3.188760735384157247e-02,7.214840065529280928e-03,2.639373831311743815e-02
4.049246247786732200e-02,8.512187453459317543e-02,7.219804405023912131e-02,2.480514967483576222e-02,1.370157700517946053e-01,1.750591583789776751e-01,2.094951266733960926e-01,2.890900365706342706e-02,0.000000000000000000e+00,1.306283199020370211e-01,1.390346014462775781e-01,9.354470387714915180e-02,2.841753404709503328e-01,8.073670798100313073e-02,7.181744468898412781e-02,3.691813804173355029e-02,4.077377504922970186e-02,7.683142757856067928e-02,9.366053846535718486e-02,1.555327563667653901e-01,6.013469907828763311e-02,2.451721798414721043e-01,2.466118382949148702e-01,8.455924939186841571e-02,2.143105359831874446e-01,4.224487431947179239e-01,2.711025798017573929e-01,3.699260313415300150e-01,2.408201088845129123e-01,6.483427379987093120e-02,1.710214955900117573e-01,5.763598153265708096e-02,3.812612731876023620e-02,7.750988730949347205e-02,4.039317568797471530e-02,8.012443944333207113e-02,3.129188661448593922e-02,2.123082523870199051e-02,5.192699111383230343e-02,3.944995118399496903e-02,6.595952408532045064e-02,4.168390395657857461e-02,5.076864523175191740e-02,2.114808624712482057e-02,1.318859525740100243e-02,3.076235706839204956e-02,9.283314854958547857e-02,1.137495656202942157e-01,4.509275040955800645e-02,1.143287385613344087e-01,1.669010938094686591e-01,1.832006751501712716e-01,3.501514123545862445e-02,2.057718720524234213e-01,1.299829557677351088e-01,1.974483294997600447e-01,1.276166206086280230e-01,2.496069897900084489e-01,7.759262630107063852e-02,7.842001621684234480e-02,6.710132216908540337e-02,4.436464728367890686e-02,7.712928794823849243e-02,1.061706739918253928e-01,1.554003739802419237e-01,9.200575863381377228e-02,2.506660488821962351e-01,2.708212672303950130e-01,7.102315036984328811e-02,1.830351971670169386e-01,5.007032814284059219e-01,2.881633598649699923e-01,3.462461319521437653e-01,2.378746007843656474e-01,5.361486654200658258e-02,1.925501811983915679e-01
2.492098426304380221e-02,5.179460872730883014e-02,4.381856993926958044e-02,1.547219142493091310e-02,8.575069087057966832e-02,1.057569790339395327e-01,1.301649815492048889e-01,1.807019576045407194e-02,1.306283199020370211e-01,0.000000000000000000e+00,8.593271665204944842e-02,5.800003309559663423e-02,1.751915407655011414e-01,5.063626284522844412e-02,4.421571709884000029e-02,2.276977048203736656e-02,2.492098426304380221e-02,4.717777299730270546e-02,5.667620923036190139e-02,9.294898313779351162e-02,3.784481474739785634e-02,1.483510118978669801e-01,1.514619979811686057e-01,5.200973010540947683e-02,1.318859525740100347e-01,2.588075656533898039e-01,1.648822624149856864e-01,2.284258079462527513e-01,1.452400258145653822e-01,3.918518641094802246e-02,1.056080488491006331e-01,3.574324436133772404e-02,2.369644718770167607e-02,4.820373649285962514e-02,2.518574903609074878e-02,4.984196852608760442e-02,1.941056742400423460e-02,1.333752544223991074e-02,3.273154506792871205e-02,2.404395095232579257e-02,4.097234862901490832e-02,2.607933014512419170e-02,3.162284258079462590e-02,1.337062103887077906e-02,8.290446956032499620e-03,1.874865549138687165e-02,5.667620923036190139e-02,6.840859823600470291e-02,2.836292631265410064e-02,7.137065413446741502e-02,1.005278747662623484e-01,1.133524184607238028e-01,2.156178120501067372e-02,1.233141930466151448e-01,8.177921927487548370e-02,1.220896559712730256e-01,8.057122999784878392e-02,1.546557230560473839e-01,4.798861511475897845e-02,4.774039814002747212e-02,4.080687064586056845e-02,2.753553639688239435e-02,4.724396419056444557e-02,6.389104929589117798e-02,9.313100891926329172e-02,5.798348529728119399e-02,1.509324684350747126e-01,1.647333322301467728e-01,4.396750012410848701e-02,1.112673958729790968e-01,3.048104449702966900e-01,1.741324816733133551e-01,2.128874253280600981e-01,1.430722642352434959e-01,3.312869222749913189e-02,1.183994969469312070e-01
2.664195528784895142e-02,5.583227151627476181e-02,4.628419188826926600e-02,1.620029455081001615e-02,8.985454485280733317e-02,1.124753851500057966e-01,1.371316046400026523e-01,1.891413347454121152e-02,1.390346014462775781e-01,8.593271665204944842e-02,0.000000000000000000e+00,6.130959275868345937e-02,1.860634442587413839e-01,5.273783323128857642e-02,4.668133904783968585e-02,2.397775975906405593e-02,2.641028611143287491e-02,4.959375155135609115e-02,6.059803743111978613e-02,9.976667604375237530e-02,3.968162036041104901e-02,1.581969518955503029e-01,1.595373235591004690e-01,5.480630802071784213e-02,1.402425907233042779e-01,2.754546507587165571e-01,1.757707137065413483e-01,2.421439327497476590e-01,1.563105028875907965e-01,4.231272029256507444e-02,1.117307342258112568e-01,3.729873740298852991e-02,2.503681885125184220e-02,5.048733266038953754e-02,2.649302510301004485e-02,5.214211249193295011e-02,2.018831394482964101e-02,1.381741159338750052e-02,3.365822177359302503e-02,2.535122701924508865e-02,4.254438946898115442e-02,2.710529364068110791e-02,3.342655259717694505e-02,1.373467260181032885e-02,8.704141913918352763e-03,1.998974036504443108e-02,5.996922109513329324e-02,7.282686038622561420e-02,2.943853320315732019e-02,7.563998609984941279e-02,1.086362959408250783e-01,1.195578428290116069e-01,2.291870066687627314e-02,1.334579934139762669e-01,8.490675315649252874e-02,1.298009299862653287e-01,8.388078966093560906e-02,1.628468832221872942e-01,5.085138422332908387e-02,5.131472257616124383e-02,4.355380516622263387e-02,2.894209925369429712e-02,5.035495027386606426e-02,6.903741457199119580e-02,1.009415697241482085e-01,6.076351541427413294e-02,1.626979530373483807e-01,1.749598715890850753e-01,4.598633151859145285e-02,1.186477139216627202e-01,3.236583872515761962e-01,1.873707203256606835e-01,2.249507703000115932e-01,1.546226274594165173e-01,3.527990600850557101e-02,1.253661200377289842e-01
1.810329135708493853e-02,3.751385878108917660e-02,3.145736459764028603e-02,1.110357266965630169e-02,6.092899339742847281e-02,7.628535023415135286e-02,9.319720011252502490e-02,1.303966507256209585e-02,9.354470387714915180e-02,5.800003309559663423e-02,6.130959275868345937e-02,0.000000000000000000e+00,1.257632671972994109e-01,3.559431417649881746e-02,3.170558157237179930e-02,1.623339014744088274e-02,1.770614419751452215e-02,3.390643874832453830e-02,4.070758385596796175e-02,6.720060895897800313e-02,2.727077162383544778e-02,1.072131852856977319e-01,1.086032003441942118e-01,3.772898015918981635e-02,9.470304975922953783e-02,1.877016762919693493e-01,1.188959308963942335e-01,1.635087951548046536e-01,1.047972067316443601e-01,2.796577915308368079e-02,7.588820307458092607e-02,2.591385216196984836e-02,1.729244923962866901e-02,3.478347205904254447e-02,1.816948255034667517e-02,3.524681041187469749e-02,1.376776819844119717e-02,9.581175224636362397e-03,2.351442140623189944e-02,1.755721401267561210e-02,2.948817659810362354e-02,1.879829888633317500e-02,2.230643212920521007e-02,9.531531829690059049e-03,5.841372805348248216e-03,1.337062103887077906e-02,4.067448825933709516e-02,4.949446476146348445e-02,2.030414853303768100e-02,5.086793202164451716e-02,7.266138240307126739e-02,8.189505386308351675e-02,1.548873922324634639e-02,8.957323228144495331e-02,5.786765070907316094e-02,8.755440088696199441e-02,5.806622428885836740e-02,1.109695355033012837e-01,3.418775131968691816e-02,3.453525508431103119e-02,2.899174264864059700e-02,1.952640201221227459e-02,3.390643874832453830e-02,4.598633151859145285e-02,6.718406116066256983e-02,4.176664294815574802e-02,1.090168953020800580e-01,1.183994969469312070e-01,3.173867716900266589e-02,7.992586586354685774e-02,2.211447766874617415e-01,1.253826678360444036e-01,1.520080753255779182e-01,1.031258791017855142e-01,2.348132580960103286e-02,8.543628270258642188e-02
5.477321242408697555e-02,1.142294517714418089e-01,9.468650196091410454e-02,3.345964819380781163e-02,1.837467524945805841e-01,2.323807317436415165e-01,2.803527990600850339e-01,3.906935182273998247e-02,2.841753404709503328e-01,1.751915407655011414e-01,1.860634442587413839e-01,1.257632671972994109e-01,0.000000000000000000e+00,1.080240274031540049e-01,9.614270821267230371e-02,4.929589118167827799e-02,5.401201370157700243e-02,1.020337244129668614e-01,1.237609836011318715e-01,2.045804305737121687e-01,8.136552431698962362e-02,3.254620972679584945e-01,3.284903443596829398e-01,1.136337310320861826e-01,2.870712051761513117e-01,5.663814929423640621e-01,3.611722460326653450e-01,4.965497840512319572e-01,3.201833496053350103e-01,8.682629776108288788e-02,2.295841538283331373e-01,7.742714831791630559e-02,5.129817477784581053e-02,1.038539822276646069e-01,5.455809104598632886e-02,1.068325859244427523e-01,4.153497377173966804e-02,2.842911750591583728e-02,7.039433403385679522e-02,5.275438102960400971e-02,8.831559960947195365e-02,5.593155830616736157e-02,6.809419006801145646e-02,2.857804769075474385e-02,1.787162218066886202e-02,4.095580083069947502e-02,1.227681157022058184e-01,1.497244791580480128e-01,6.063113302775065966e-02,1.539772633251146050e-01,2.222865747712266804e-01,2.463967169168142235e-01,4.658205225794707915e-02,2.735185583558107369e-01,1.742152206648905355e-01,2.645827472654763146e-01,1.735036653373268623e-01,3.355066108454269891e-01,1.035064784630404938e-01,1.050123281097449929e-01,8.920918071850540698e-02,5.940659595240853352e-02,1.031920702950472474e-01,1.409375982525525040e-01,2.055898462709536412e-01,1.249855206764739907e-01,3.321143121907630391e-01,3.599973523522695396e-01,9.541460508679319719e-02,2.433188264301434645e-01,6.684152173553308263e-01,3.827340272376760222e-01,4.614353560258807607e-01,3.149211497410269733e-01,7.180089689066869452e-02,2.583938706955039577e-01
1.509159206367592827e-02,3.197034634541873893e-02,2.690672006089589799e-02,9.514984031374625756e-03,5.215866029024838341e-02,6.463570022008571780e-02,7.974384008207707764e-02,1.103738147639456504e-02,8.073670798100313073e-02,5.063626284522844412e-02,5.273783323128857642e-02,3.559431417649881746e-02,1.080240274031540049e-01,0.000000000000000000e+00,2.692326785921133128e-02,1.403253297148814374e-02,1.540600023166917645e-02,2.867733448064735055e-02,3.499859343714319115e-02,5.722228657477122782e-02,2.313382204497691635e-02,9.129420330625009905e-02,9.298207873442437821e-02,3.178832056394896577e-02,8.105111614899637718e-02,1.583789776770200830e-01,1.017193162449736010e-01,1.410534328407605231e-01,8.962287567639125319e-02,2.425907233042643579e-02,6.451986563187768475e-02,2.180999817974218699e-02,1.452896692095116682e-02,2.955436779136536019e-02,1.555493041650808303e-02,2.996806274925121333e-02,1.178203240058910140e-02,8.191160166139894658e-03,1.998974036504443108e-02,1.452896692095116682e-02,2.503681885125184220e-02,1.590243418113219953e-02,1.949330641558140800e-02,8.108421174562724723e-03,5.129817477784581053e-03,1.155036322417302315e-02,3.499859343714319115e-02,4.257748506561202101e-02,1.724280584468236566e-02,4.358690076285350046e-02,6.253412983402557856e-02,6.951730072313878905e-02,1.332097764392447571e-02,7.625225463752047239e-02,5.020602008902715768e-02,7.516009994870181954e-02,4.924624778673197811e-02,9.493471893564561781e-02,2.932269861494928020e-02,2.933924641326471350e-02,2.530158362429878877e-02,1.681256308848107922e-02,2.899174264864059700e-02,3.986364614188082217e-02,5.750359914613360768e-02,3.537919279839817077e-02,9.281660075127004528e-02,1.010739521106716748e-01,2.684052886763416135e-02,6.855752842084360255e-02,1.871225033509291702e-01,1.072793764789594789e-01,1.308434412801376678e-01,8.760404428190829429e-02,2.025450513809137765e-02,7.242971322665518741e-02
1.398288957654184039e-02,2.885936026211712371e-02,2.369644718770167607e-02,8.406281544240539610e-03,4.603597491353775273e-02,5.884397080968377380e-02,7.074183779848090825e-02,9.845939997683308964e-03,7.181744468898412781e-02,4.421571709884000029e-02,4.668133904783968585e-02,3.170558157237179930e-02,9.614270821267230371e-02,2.692326785921133128e-02,0.000000000000000000e+00,1.234465754331386285e-02,1.356919461865598725e-02,2.569873078386920515e-02,3.119259982459333946e-02,5.131472257616124383e-02,2.050272211282288745e-02,8.201088845129154981e-02,8.259006139233175670e-02,2.922341182505667698e-02,7.208220946203107438e-02,1.441147755291158628e-01,9.122801211298836588e-02,1.252006420545746512e-01,8.020717843490923760e-02,2.152868560837980366e-02,5.844682365011335395e-02,1.955949760884314464e-02,1.313895186245470081e-02,2.660885969121808484e-02,1.376776819844119717e-02,2.662540748953351813e-02,1.040856514040806868e-02,7.148648872267545154e-03,1.770614419751452215e-02,1.340371663550164565e-02,2.260429249888302322e-02,1.429729774453509031e-02,1.676291969353477587e-02,7.165196670582979314e-03,4.484453343482649665e-03,1.039201734209263539e-02,3.087819165660008955e-02,3.766278896592808317e-02,1.530671344177657149e-02,3.873839585643130273e-02,5.656037464215386140e-02,6.193840909466995226e-02,1.173238900564279978e-02,6.888848438715229616e-02,4.342142277969916059e-02,6.602571527858218381e-02,4.405023911568566042e-02,8.398007645082822270e-02,2.586420876702354849e-02,2.667505088447982148e-02,2.232297992752064336e-02,1.487647068557528506e-02,2.591385216196984836e-02,3.552812298323707735e-02,5.202627790372491012e-02,3.142426900100941251e-02,8.389733745925104236e-02,9.068193476857903945e-02,2.430871572537273914e-02,6.092899339742847281e-02,1.691184987837368314e-01,9.655640317055816380e-02,1.151892240737369955e-01,7.949562310734556436e-02,1.785507438235342872e-02,6.519832536281047752e-02
7.032814284059506031e-03,1.466134930747464010e-02,1.239430093826016446e-02,4.302427562012873900e-03,2.386192517085601594e-02,2.985222816104317334e-02,3.640515629395509045e-02,4.997435091261107770e-03,3.691813804173355029e-02,2.276977048203736656e-02,2.397775975906405593e-02,1.623339014744088274e-02,4.929589118167827799e-02,1.403253297148814374e-02,1.234465754331386285e-02,0.000000000000000000e+00,6.983170889113203550e-03,1.320514305571643746e-02,1.605136436597110611e-02,2.654266849795634819e-02,1.054094752693154197e-02,4.170045175489400791e-02,4.259403286392745430e-02,1.454551471926660185e-02,3.710016382320332345e-02,7.264483460475583410e-02,4.671443464447055244e-02,6.430474425377703807e-02,4.146878257847793486e-02,1.116976386291803833e-02,2.940543760652645014e-02,1.007760917409938548e-02,6.652214922804521209e-03,1.332097764392447571e-02,7.016266485744071871e-03,1.388360278664923717e-02,5.460773444093263394e-03,3.640515629395508785e-03,9.134384670119640934e-03,6.718406116066256983e-03,1.126905065281064329e-02,7.132101073952110994e-03,8.902715493703562688e-03,3.690159024341811266e-03,2.283596167529910233e-03,5.344938855885224271e-03,1.608445996260197616e-02,1.955949760884314464e-02,7.810560804884909836e-03,1.994009697009812773e-02,2.862769108570104720e-02,3.173867716900266589e-02,6.056494183448892302e-03,3.514752362198209773e-02,2.286905727192996979e-02,3.427049031126408463e-02,2.219059754099717008e-02,4.314011020833678073e-02,1.340371663550164565e-02,1.343681223213251397e-02,1.160000661911932650e-02,7.727821813307739034e-03,1.322169085403187075e-02,1.820257814697754523e-02,2.655921629627178149e-02,1.616719895417914610e-02,4.287534543528983416e-02,4.659860005626251245e-02,1.231156194668299453e-02,3.152355579090201920e-02,8.636295940825072792e-02,4.931243897999371129e-02,6.008505568334133323e-02,4.067448825933709516e-02,9.332958249904850859e-03,3.331071800896890506e-02
7.694726216676870713e-03,1.601826876934023952e-02,1.376776819844119717e-02,4.683026923267859590e-03,2.609587794343962500e-02,3.297976204266022532e-02,3.988019394019625546e-02,5.526964637355000036e-03,4.077377504922970186e-02,2.492098426304380221e-02,2.641028611143287491e-02,1.770614419751452215e-02,5.401201370157700243e-02,1.540600023166917645e-02,1.356919461865598725e-02,6.983170889113203550e-03,0.000000000000000000e+00,1.451241912263573353e-02,1.777233539077625879e-02,2.925650742168754356e-02,1.148417203091128651e-02,4.618490509837665930e-02,4.681372143436315914e-02,1.588588638281676624e-02,4.065794046102166187e-02,7.985967467028512456e-02,5.119888798795320384e-02,7.039433403385679522e-02,4.550644536744385960e-02,1.231156194668299453e-02,3.228475451341199232e-02,1.093809468650196008e-02,7.264483460475583410e-03,1.459515811421290346e-02,7.678178418361437420e-03,1.517433105525309821e-02,5.957207393556287339e-03,3.988019394019625720e-03,9.845939997683308964e-03,7.429961443629925014e-03,1.244394433320646608e-02,7.926395393092949826e-03,9.763201006106137295e-03,4.054210587281362362e-03,2.515265343945988046e-03,5.907563998609984858e-03,1.754066621436017881e-02,2.156178120501067372e-02,8.604855124025747801e-03,2.179345038142675023e-02,3.140772120269397921e-02,3.461799407588820460e-02,6.635667124489087049e-03,3.875494365474673603e-02,2.485479306978206557e-02,3.741457199119656990e-02,2.417633333884926586e-02,4.735979877877248556e-02,1.476063609736724506e-02,1.476063609736724506e-02,1.267561350962254432e-02,8.455924939186841224e-03,1.459515811421290346e-02,1.994009697009812773e-02,2.927305522000298033e-02,1.750757061772931222e-02,4.731015538382617874e-02,5.124853138289950372e-02,1.340371663550164565e-02,3.465108967251907118e-02,9.443828498618259126e-02,5.434296966788568911e-02,6.559547252238089043e-02,4.486108123314193341e-02,1.019344376230742547e-02,3.630586950406248375e-02
1.464480150915920681e-02,3.049759229534510299e-02,2.559944399397660192e-02,8.952358888649864302e-03,4.918005659347023800e-02,6.296437259022687194e-02,7.540831692343333281e-02,1.047475633366980532e-02,7.683142757856067928e-02,4.717777299730270546e-02,4.959375155135609115e-02,3.390643874832453830e-02,1.020337244129668614e-01,2.867733448064735055e-02,2.569873078386920515e-02,1.320514305571643746e-02,1.451241912263573353e-02,0.000000000000000000e+00,3.316178782412999848e-02,5.500488160050305553e-02,2.182654597805762028e-02,8.768678327348546075e-02,8.808393043305588754e-02,3.071271367344574968e-02,7.678178418361436552e-02,1.516440237626383858e-01,9.710248051496749022e-02,1.327795336830434603e-01,8.629676821498899475e-02,2.315036984329234965e-02,6.130959275868345937e-02,2.106534725554765064e-02,1.375122040012576388e-02,2.763482318677500105e-02,1.451241912263573353e-02,2.847876090086214063e-02,1.115321606460260503e-02,7.661630620046003259e-03,1.911270705432642145e-02,1.398288957654184039e-02,2.341513461633929621e-02,1.497575747546788828e-02,1.815293475203124188e-02,7.661630620046003259e-03,4.732670318214161204e-03,1.093809468650196008e-02,3.317833562244543177e-02,4.042627128460558189e-02,1.626648574407175279e-02,4.110473101553838160e-02,5.991957770018699336e-02,6.625738445499826379e-02,1.244394433320646608e-02,7.365425030199732048e-02,4.706193840909467241e-02,7.082457679005808859e-02,4.668133904783968585e-02,9.020204861743144620e-02,2.746934520362065771e-02,2.799887474971455084e-02,2.392811636411775258e-02,1.600172097102480623e-02,2.760172759014413099e-02,3.782826694908242304e-02,5.492214260892588212e-02,3.329417021065347176e-02,8.975525806291473341e-02,9.670533335539706343e-02,2.602968675017788835e-02,6.557892472406545714e-02,1.798083764955072661e-01,1.027618275388459540e-01,1.235293144247157915e-01,8.487365755986166216e-02,1.907961145769555486e-02,6.888848438715229616e-02
1.767304860088365209e-02,3.696778143667985017e-02,3.139117340437854592e-02,1.075606890503218518e-02,5.973755191871721326e-02,7.620261124257417251e-02,9.071503036520990604e-02,1.252668332478363775e-02,9.366053846535718486e-02,5.667620923036190139e-02,6.059803743111978613e-02,4.070758385596796175e-02,1.237609836011318715e-01,3.499859343714319115e-02,3.119259982459333946e-02,1.605136436597110611e-02,1.777233539077625879e-02,3.316178782412999848e-02,0.000000000000000000e+00,6.763085171517929650e-02,2.596349555691615171e-02,1.063361519749797257e-01,1.068491337227581855e-01,3.681885125184094359e-02,9.298207873442437821e-02,1.836474657046879844e-01,1.180685409806225272e-01,1.613575813737982145e-01,1.043173205804967668e-01,2.851185649749300721e-02,7.438235342787642701e-02,2.454038490178881565e-02,1.658089391206499924e-02,3.362512617696215844e-02,1.747447502109844217e-02,3.470073306746537106e-02,1.343681223213251397e-02,9.134384670119640934e-03,2.219059754099717008e-02,1.701113666826628568e-02,2.880971686717082383e-02,1.815293475203124188e-02,2.214095414605086673e-02,9.035097880227035971e-03,5.758633813771077414e-03,1.348645562707881732e-02,4.014495871324320203e-02,4.922969998841653788e-02,1.952640201221227459e-02,4.952756035809435797e-02,7.234697423507802094e-02,7.919776273766775121e-02,1.519087885356853324e-02,8.902715493703562688e-02,5.622941867584518166e-02,8.551902169416358834e-02,5.565024573480498171e-02,1.083549833694626985e-01,3.387334315169366478e-02,3.446906389104929802e-02,2.910757723684863699e-02,1.917889824758815809e-02,3.369131737022389161e-02,4.606907051016861931e-02,6.789561648822624307e-02,3.981400274693452229e-02,1.092154688818652714e-01,1.170094818884347410e-01,3.064652248018401304e-02,7.956181430060729753e-02,2.173056874782810233e-01,1.255646936175141837e-01,1.504194866872962666e-01,1.036719564461948406e-01,2.343168241465472951e-02,8.348364250136519615e-02
2.882626466548625713e-02,6.124340156542171926e-02,5.182770432393969673e-02,1.767304860088365209e-02,9.812844401052439602e-02,1.262927967433933041e-01,1.498899571412023735e-01,2.065165229766179750e-02,1.555327563667653901e-01,9.294898313779351162e-02,9.976667604375237530e-02,6.720060895897800313e-02,2.045804305737121687e-01,5.722228657477122782e-02,5.131472257616124383e-02,2.654266849795634819e-02,2.925650742168754356e-02,5.500488160050305553e-02,6.763085171517929650e-02,0.000000000000000000e+00,4.269331965382006100e-02,1.760023828829574144e-01,1.761678608661117751e-01,6.061458522943522637e-02,1.536463073588059114e-01,3.038837682646323701e-01,1.956115238867468797e-01,2.655259717694560817e-01,1.739173602952127085e-01,4.674753024110141902e-02,1.229666892819910318e-01,4.097234862901490832e-02,2.725422382552001449e-02,5.551786334828150843e-02,2.889245585874799377e-02,5.669275702867733469e-02,2.217404974268173679e-02,1.509159206367592827e-02,3.691813804173355029e-02,2.794923135476824749e-02,4.721086859393357898e-02,3.001770614419751321e-02,3.625622610911618388e-02,1.495920967715245499e-02,9.531531829690059049e-03,2.182654597805762028e-02,6.686965299266932339e-02,8.196124505634524993e-02,3.208618093362677892e-02,8.123314193046615728e-02,1.206996409127765596e-01,1.314391620194932941e-01,2.513610564114444543e-02,1.480200559315583142e-01,9.265112276811569847e-02,1.409872416474987900e-01,9.150932468435074574e-02,1.787493174033194798e-01,5.517035958365739540e-02,5.677549602025450809e-02,4.853469245916830488e-02,3.177177276563353248e-02,5.568334133143585524e-02,7.676523638529893223e-02,1.131207492843077228e-01,6.581059390048153712e-02,1.816120865118895922e-01,1.946186559878208266e-01,5.081828862669821728e-02,1.314722576161241885e-01,3.605103341000480133e-01,2.087008323542552668e-01,2.473895848157402766e-01,1.724115106485082094e-01,3.829160530191458300e-02,1.387367410765997511e-01
1.171584120732736475e-02,2.414323774221839927e-02,1.985735797852095780e-02,7.148648872267545154e-03,3.925137760420976257e-02,4.896493521536959825e-02,6.025053366649567310e-02,8.455924939186841224e-03,6.013469907828763311e-02,3.784481474739785634e-02,3.968162036041104901e-02,2.727077162383544778e-02,8.136552431698962362e-02,2.313382204497691635e-02,2.050272211282288745e-02,1.054094752693154197e-02,1.148417203091128651e-02,2.182654597805762028e-02,2.596349555691615171e-02,4.269331965382006100e-02,0.000000000000000000e+00,6.857407621915903584e-02,6.996409127765550184e-02,2.488788866641293215e-02,6.104482798563651280e-02,1.210140490807698060e-01,7.640118482235938591e-02,1.061044827985636457e-01,6.756466052191756333e-02,1.811983915540037529e-02,4.919660439178567130e-02,1.696149327331998580e-02,1.116976386291803833e-02,2.238917112078238000e-02,1.181512799721996972e-02,2.285250947361453649e-02,8.886167695388129395e-03,6.139233175026063104e-03,1.537290463503830813e-02,1.120285945954890665e-02,1.893068127285664481e-02,1.211298836689778460e-02,1.442968013105856186e-02,6.188876569972365585e-03,3.772898015918982068e-03,8.687594115602919470e-03,2.606278234680875841e-02,3.127533881617050593e-02,1.317204745908556913e-02,3.309559663086826531e-02,4.735979877877248556e-02,5.293640681107378981e-02,9.895583392629610578e-03,5.742086015455643427e-02,3.743111978951200319e-02,5.631215766742234813e-02,3.797719713392132962e-02,7.180089689066869452e-02,2.207476295278913009e-02,2.233952772583607665e-02,1.856662970991709502e-02,1.254323112309907104e-02,2.184309377637305358e-02,2.948817659810362354e-02,4.312356241002134744e-02,2.677433767437242471e-02,6.966623090797768869e-02,7.598748986447352582e-02,2.075093908755440072e-02,5.128162697953037030e-02,1.417980837649550629e-01,8.063742119111051709e-02,9.771474905263854982e-02,6.658834042130694353e-02,1.507504426536049325e-02,5.482285581903327543e-02
