0.000000000000000000e+00,1.268382536965292212e-02,1.005095554154027820e-02,5.335816039483036802e-03,2.110300227247699847e-02,2.703947302559790017e-02,2.679921114014275491e-02,5.636143396301969248e-03,3.719053768607782223e-02,1.715870298625501653e-02,2.177373336937261580e-02,1.221331251063659425e-02,4.038401858025247176e-02,1.131233044017979604e-02,1.227337798200038056e-02,8.108838634111180388e-03,7.247900211230240593e-03,1.461593136518805555e-02,1.384509114935279436e-02,2.766014956302369557e-02,1.331451281897268017e-02,4.126497882692134467e-02,3.927280736002242145e-02,1.548688069996295887e-02,2.818071698150984711e-02,7.193841287002833429e-02,3.876225085343024124e-02,5.306784394990539389e-02,3.776115966403379570e-02,1.079176302169364624e-02,2.366579571733189169e-02,7.998718603277572142e-03,5.786307074711435038e-03,7.057692885244917259e-03,4.685106766375349112e-03,1.297414181457788931e-02,4.284670290616771939e-03,2.542771621066963143e-03,8.218958664944790368e-03,5.646154308195933634e-03,8.038762250853429686e-03,6.567158202440660612e-03,8.208947753050825982e-03,2.853109889779859975e-03,1.932105995535133213e-03,6.447027259713087113e-03,1.055150113623849924e-02,1.569710984973621271e-02,6.036579872060546421e-03,1.697850657216365758e-02,2.820073880529777588e-02,2.612848004324714105e-02,6.857474647365628673e-03,4.193570992381696200e-02,1.866033977034968136e-02,2.987256109158983181e-02,1.676827742239040547e-02,3.883232723668798847e-02,1.255368351503138337e-02,1.325444734760889386e-02,1.172277782783233760e-02,8.238980488732719140e-03,1.391516753261054506e-02,1.711865933867915898e-02,2.339550109619485327e-02,1.408535303480794136e-02,4.219599363306003603e-02,4.005365848775165050e-02,1.138240682343754674e-02,2.999269203431740444e-02,9.521378302349560452e-02,3.937291647896206531e-02,5.085543242133926112e-02,3.350652210909892126e-02,8.779569731006797717e-03,2.722968035158322697e-02
1.268382536965292212e-02,0.000000000000000000e+00,1.879048162497121838e-02,1.013104283669199503e-02,4.031394219699472453e-02,5.058513780020221923e-02,5.128590163277973318e-02,1.070166481464796676e-02,7.029662331941816111e-02,3.234525632939904555e-02,4.105474967714808909e-02,2.239440990679841120e-02,7.607291948223564304e-02,2.155349330770539931e-02,2.290496641339059489e-02,1.554694617132674692e-02,1.380504750177693682e-02,2.797048783173659153e-02,2.616852369082299859e-02,5.251724379573735613e-02,2.533761800362395109e-02,7.811514550860437778e-02,7.372035518715400193e-02,2.825079336476759781e-02,5.350832407323983381e-02,1.338659138460922271e-01,7.308966773783423521e-02,1.008599373316915460e-01,7.228879478631708433e-02,2.100289315353735461e-02,4.470873251844510732e-02,1.484618233874923643e-02,1.064159934328418045e-02,1.281396722427445914e-02,8.769558819112833331e-03,2.498723608733519411e-02,8.088816810323251616e-03,4.584997647435705252e-03,1.478611686738545011e-02,1.054149022434453485e-02,1.461593136518805555e-02,1.196303971328748286e-02,1.580722988056982095e-02,5.425914246528716275e-03,3.543862810463405209e-03,1.225335615821245179e-02,1.985163828573144676e-02,2.932196093742179058e-02,1.118218858555825902e-02,3.254547456727833327e-02,5.275750568119250139e-02,4.944389384429027923e-02,1.288404360753220984e-02,7.917630216936460963e-02,3.530848625001251073e-02,5.684195773392998474e-02,3.115395781401728015e-02,7.310968956162217092e-02,2.433652681422750902e-02,2.473696328998608446e-02,2.228428987596480296e-02,1.576718623299396341e-02,2.638876375249021508e-02,3.245537636023265032e-02,4.394790321450380705e-02,2.670911293309707543e-02,7.966683685216886801e-02,7.579261394920462636e-02,2.110300227247699847e-02,5.665175040794465794e-02,1.785245918050675229e-01,7.407073710344275197e-02,9.673544163137820506e-02,6.289855942977845560e-02,1.726882301708862824e-02,5.115575977815819270e-02
1.005095554154027820e-02,1.879048162497121838e-02,0.000000000000000000e+00,7.788489453504320037e-03,3.115395781401728015e-02,3.956312380494739211e-02,3.959315654062928874e-02,8.339089607672363000e-03,5.501997176922845956e-02,2.526754162036620038e-02,3.198486350121632765e-02,1.758917219769548859e-02,5.917450020522369708e-02,1.667817921534472600e-02,1.823988147080317715e-02,1.210319247980298600e-02,1.074170846222382431e-02,2.192389704778208159e-02,2.059244576588481479e-02,4.133505521017909190e-02,1.969146369542801658e-02,6.151705358841137034e-02,5.854381275590393729e-02,2.230431169975273173e-02,4.169544803836181673e-02,1.052947713007177793e-01,5.753271065461353084e-02,7.833538557027160121e-02,5.633140122733779759e-02,1.640788459420768758e-02,3.522839895486079564e-02,1.133235226396772481e-02,8.379133255248220544e-03,1.009099918911613575e-02,6.817430999789771129e-03,1.921093992451772259e-02,6.206765374257940983e-03,3.593917369933227138e-03,1.150253776616511937e-02,8.158893193581004052e-03,1.150253776616511937e-02,9.350191708962769452e-03,1.220330159874262986e-02,4.074441140843519833e-03,2.793044418416073659e-03,9.560420858736021557e-03,1.564705529026639078e-02,2.326535924157331625e-02,8.769558819112833331e-03,2.499724699922915849e-02,4.143516432911874270e-02,3.831175981820184040e-02,1.006096645343424259e-02,6.192750097606390669e-02,2.735982220620476399e-02,4.399795777397363244e-02,2.426645043096975832e-02,5.713227417885494847e-02,1.866033977034968136e-02,1.947122363376080009e-02,1.744901943117998719e-02,1.233344345336416688e-02,2.073259853240031619e-02,2.539768347498773740e-02,3.471784244826861543e-02,2.049233664694517093e-02,6.284850487030863020e-02,5.960496941666416221e-02,1.645793915367750951e-02,4.422820874753480985e-02,1.396922645683795206e-01,5.816339810393329063e-02,7.554234115185552711e-02,4.944389384429027923e-02,1.336456737844250210e-02,4.010371304722146896e-02
5.335816039483036802e-03,1.013104283669199503e-02,7.788489453504320037e-03,0.000000000000000000e+00,1.697850657216365758e-02,2.146339510065971984e-02,2.156350421959936370e-02,4.434833969026238595e-03,2.948213552772522075e-02,1.349470923306403912e-02,1.730886666466448578e-02,9.480333563584306469e-03,3.222512538667147292e-02,9.119940735401588575e-03,9.530388123054128399e-03,6.447027259713087113e-03,5.746263427135577494e-03,1.163267962078665813e-02,1.082179575737553939e-02,2.191388613588811721e-02,1.062157751949625167e-02,3.268562733379383467e-02,3.054329218848544913e-02,1.194301788949955409e-02,2.240442081869237559e-02,5.636143396301969422e-02,3.065341221931905738e-02,4.218598272116606818e-02,3.022294300787858878e-02,8.699482435855082629e-03,1.880049253686518276e-02,6.326896316985514482e-03,4.544953999859846841e-03,5.455946982210609433e-03,3.724059224554764590e-03,1.044138110540489099e-02,3.353655484478081008e-03,1.952127819323062202e-03,6.336907228879478868e-03,4.434833969026238595e-03,6.216776286151905369e-03,5.135597801603748215e-03,6.637234585698411314e-03,2.302509735611817012e-03,1.501636784094663099e-03,5.185652361073570145e-03,8.228969576838754754e-03,1.227337798200038056e-02,4.785215885314992972e-03,1.384509114935279436e-02,2.215414802134326247e-02,2.096284950596149707e-02,5.405892422740787503e-03,3.316615110470412520e-02,1.488622598632509397e-02,2.397613398604478765e-02,1.322441461192700070e-02,3.099378322371384650e-02,1.019110830805578134e-02,1.037130472214714029e-02,9.280115325705018750e-03,6.517103642970837815e-03,1.104203581904275588e-02,1.358480744010972033e-02,1.820984873512128052e-02,1.132234135207376043e-02,3.302599833818862379e-02,3.142425243515431510e-02,8.959766145098156664e-03,2.370583936490774923e-02,7.535213382587019337e-02,3.109389234265349383e-02,4.039402949214643962e-02,2.649888378332382333e-02,7.037671061456988487e-03,2.139331871740196914e-02
2.110300227247699847e-02,4.031394219699472453e-02,3.115395781401728015e-02,1.697850657216365758e-02,0.000000000000000000e+00,8.483246738945450505e-02,8.655434423521637943e-02,1.780941225936270508e-02,1.181287603487801707e-01,5.392878237278633802e-02,6.947572854411308840e-02,3.755093051426054707e-02,1.287803706039583052e-01,3.640968655834860013e-02,3.764102872130622307e-02,2.573805447938252652e-02,2.276481364687509348e-02,4.659078395451041882e-02,4.341732488412369806e-02,8.723508624400597156e-02,4.212591724980228186e-02,1.304822256259322577e-01,1.221931905777297322e-01,4.735161325845171215e-02,8.923726862279884875e-02,2.224424622838894472e-01,1.222132124015176541e-01,1.697049784264848815e-01,1.203211500535583817e-01,3.494809342182979284e-02,7.399064980829103688e-02,2.557787988907909635e-02,1.829994694216696347e-02,2.170365698611486510e-02,1.494629145768888029e-02,4.218598272116606818e-02,1.371494929473125735e-02,7.788489453504320037e-03,2.567798900801874021e-02,1.790952137830234894e-02,2.471694146619815569e-02,2.066252214914256549e-02,2.685927661150654122e-02,9.460311739796377697e-03,5.946481665014866080e-03,2.053238029452102847e-02,3.263557277432401621e-02,4.835270444784815769e-02,1.930103813156340553e-02,5.546045189256289254e-02,8.902703947302559317e-02,8.404160534983132202e-02,2.153347148391747054e-02,1.333053027800302215e-01,5.978516583075552115e-02,9.555415402789040058e-02,5.218688370323652792e-02,1.237548928331881765e-01,4.105474967714808909e-02,4.056421499434383765e-02,3.711045039092610714e-02,2.638876375249021508e-02,4.428827421889859617e-02,5.344825860187604749e-02,7.250903484798430776e-02,4.450851428056581960e-02,1.318937642029812396e-01,1.247159403750087575e-01,3.519836621917890596e-02,9.509365208076803189e-02,2.969436685987726365e-01,1.235146309477330312e-01,1.616461943518435196e-01,1.060255678689771830e-01,2.857114254537445816e-02,8.499264197975793522e-02
2.703947302559790017e-02,5.058513780020221923e-02,3.956312380494739211e-02,2.146339510065971984e-02,8.483246738945450505e-02,0.000000000000000000e+00,1.078976083931485336e-01,2.227427896407083857e-02,1.488822816870388754e-01,6.765374257941156322e-02,8.632409326165520203e-02,4.678099128049573868e-02,1.620466308276020950e-01,4.614029291928201798e-02,4.771200608663443005e-02,3.250543091970247572e-02,2.863120801673824448e-02,5.905436926249611751e-02,5.466958985293970258e-02,1.108808601375499275e-01,5.207676367240291621e-02,1.656906027570051454e-01,1.555395380965252095e-01,5.986525312590723624e-02,1.129230861639186762e-01,2.825179445595699113e-01,1.554194071537976507e-01,2.130922705749266621e-01,1.520857734931074789e-01,4.383778318367020227e-02,9.422270274599313378e-02,3.191478711795857348e-02,2.298505370854230997e-02,2.734981129431079960e-02,1.870038341792553890e-02,5.301778939043557543e-02,1.719874663383087407e-02,9.680551801463595923e-03,3.227517994614129138e-02,2.266470452793544962e-02,3.118399054969917331e-02,2.579811995074631284e-02,3.359662031614459726e-02,1.177283238730215953e-02,7.628314863200888994e-03,2.609844730756524442e-02,4.142515341722477484e-02,6.194752279985183546e-02,2.436655954990940218e-02,6.898519386130883002e-02,1.133035008158893159e-01,1.050044548557928087e-01,2.718963670400736943e-02,1.682834289375419179e-01,7.429097716510997540e-02,1.190898078906007518e-01,6.467049083501015538e-02,1.558098327176622444e-01,5.174640357990209494e-02,5.140603257550730582e-02,4.676096945670780991e-02,3.322621657606791151e-02,5.646154308195933808e-02,6.751358981289605488e-02,9.222052036720024271e-02,5.544043006877496377e-02,1.674525232503428773e-01,1.590033136118368939e-01,4.471874343033906823e-02,1.200808881681032364e-01,3.760999489443493382e-01,1.571412839995595112e-01,2.045529627293750097e-01,1.339159684055620525e-01,3.589913005175641297e-02,1.089287323182268619e-01
2.679921114014275491e-02,5.128590163277973318e-02,3.959315654062928874e-02,2.156350421959936370e-02,8.655434423521637943e-02,1.078976083931485336e-01,0.000000000000000000e+00,2.271475908740527155e-02,1.503939293830275081e-01,6.848464826661060378e-02,8.850647205453944510e-02,4.739165690602756970e-02,1.629075692504830253e-01,4.643060936420698864e-02,4.789220250072578899e-02,3.278573645273347853e-02,2.900161175681492676e-02,5.942477300257280326e-02,5.525022274278964390e-02,1.110009910802775002e-01,5.345826951377000841e-02,1.661410937922335462e-01,1.552692434753881745e-01,5.988527494969516501e-02,1.133135117277832837e-01,2.827481955331311303e-01,1.551190797969786983e-01,2.152346057202350615e-01,1.530568319468220417e-01,4.429828513079256402e-02,9.397242994864402066e-02,3.214503809151975783e-02,2.330540288914917380e-02,2.755002953219008732e-02,1.896066712716861294e-02,5.369853139922515367e-02,1.744901943117998719e-02,9.950846422600634344e-03,3.228519085803525923e-02,2.284490094202680857e-02,3.138420878757845756e-02,2.619855642650489175e-02,3.407714408705488779e-02,1.189296333002973216e-02,7.528205744261245135e-03,2.600834910051956494e-02,4.156530618374027625e-02,6.145698811704758402e-02,2.446666866884904604e-02,7.039673243835781191e-02,1.132234135207376008e-01,1.067263317015546970e-01,2.735982220620476399e-02,1.695848474837572950e-01,7.590273398003824501e-02,1.215024376570461861e-01,6.592185482175570710e-02,1.573014585898629414e-01,5.210679640808481283e-02,5.164629446096245108e-02,4.714138410867845658e-02,3.361664213993252603e-02,5.613118298945850987e-02,6.800412449570031326e-02,9.229059675045800382e-02,5.663172858415672917e-02,1.679030142855712782e-01,1.587530408144877947e-01,4.438838333783824697e-02,1.209117938553022770e-01,3.769108328077604431e-01,1.570511857925138421e-01,2.053538356808921606e-01,1.346968195332912954e-01,3.616942467289345486e-02,1.079076193050425014e-01
5.636143396301969248e-03,1.070166481464796676e-02,8.339089607672363000e-03,4.434833969026238595e-03,1.780941225936270508e-02,2.227427896407083857e-02,2.271475908740527155e-02,0.000000000000000000e+00,3.114394690212331576e-02,1.429558218458119347e-02,1.804967414481785035e-02,9.960857334494598730e-03,3.373677308266009867e-02,9.590453594417914715e-03,1.017108648426785257e-02,6.857474647365628673e-03,6.046590783954510807e-03,1.228338889389434495e-02,1.154258141374097692e-02,2.300507553233023875e-02,1.133235226396772481e-02,3.461773332932897157e-02,3.278573645273347853e-02,1.255368351503138337e-02,2.358570842218017660e-02,5.915447838143576831e-02,3.236527815318697432e-02,4.493898349200628473e-02,3.175461252765514331e-02,9.190017118659339276e-03,1.962138731217026588e-02,6.577169114334624998e-03,4.785215885314992972e-03,5.656165220089898020e-03,3.884233814858195633e-03,1.094192670010311202e-02,3.513830074781512051e-03,2.002182378792884132e-03,6.687289145168233244e-03,4.595008559329669638e-03,6.406983612137229570e-03,5.365848775164929960e-03,7.007638325775094462e-03,2.472695237809212007e-03,1.521658607882592088e-03,5.375859687058894346e-03,8.719504259643011401e-03,1.284399995995635230e-02,5.045499594558067874e-03,1.438568039162687294e-02,2.333543562483106695e-02,2.194391887157001036e-02,5.836361634181257835e-03,3.507823527645133332e-02,1.584727352814567850e-02,2.497722517544122972e-02,1.407534212291397697e-02,3.228519085803525923e-02,1.073169755032985992e-02,1.080177393358761062e-02,9.820704567979097327e-03,6.977605590093201304e-03,1.173278873972630199e-02,1.411538577048983452e-02,1.937111451482115623e-02,1.188295241813576777e-02,3.516833348349700933e-02,3.352654393288685003e-02,9.190017118659339276e-03,2.515742158953259214e-02,7.858565836762070045e-02,3.254547456727833327e-02,4.275660469912204165e-02,2.785035688900901890e-02,7.558238479943138292e-03,2.239440990679841120e-02
3.719053768607782223e-02,7.029662331941816111e-02,5.501997176922845956e-02,2.948213552772522075e-02,1.181287603487801707e-01,1.488822816870388754e-01,1.503939293830275081e-01,3.114394690212331576e-02,0.000000000000000000e+00,9.439288824819053181e-02,1.204713137319678440e-01,6.440019621387312043e-02,2.248150484027590101e-01,6.387962879538697236e-02,6.670270594948493614e-02,4.556967094132604451e-02,4.005365848775165050e-02,8.268012133225215166e-02,7.689381425754071575e-02,1.549188615590994245e-01,7.263917670260583437e-02,2.315323702836091235e-01,2.173569190417555252e-01,8.220960847323582898e-02,1.573915567969086382e-01,3.910462404020382254e-01,2.166661661210719791e-01,2.972940505150614143e-01,2.130021723678809931e-01,6.123674805538036753e-02,1.306824438638115593e-01,4.387782683124605981e-02,3.165450340871549945e-02,3.759097416183640461e-02,2.580813086264027723e-02,7.377040974662381345e-02,2.369582845301378485e-02,1.330450190707871579e-02,4.391787047882191736e-02,3.129411058053278155e-02,4.309697570351683077e-02,3.558879178304352048e-02,4.654072939504059342e-02,1.602746994223703744e-02,1.047141384108678415e-02,3.600925008259002469e-02,5.785305983522039119e-02,8.579351493127508610e-02,3.336636934258341292e-02,9.578440500145157799e-02,1.574816550039543073e-01,1.455286262025607957e-01,3.785125787107947865e-02,2.348459821205113596e-01,1.037030363095774455e-01,1.663913665895826455e-01,8.938743230120831107e-02,2.159654022884944513e-01,7.176822736783093626e-02,7.146790001101199774e-02,6.532120010811784394e-02,4.673093672102592022e-02,7.862570201519655799e-02,9.444294280766034333e-02,1.290806979607772575e-01,7.693385790511657329e-02,2.348359712086174056e-01,2.217216766275240114e-01,6.142695538136568739e-02,1.675726541930704361e-01,5.215084442041825197e-01,2.189886976804717167e-01,2.853610435374558385e-01,1.870638996506191754e-01,5.050505050505050414e-02,1.510746713918170725e-01
1.715870298625501653e-02,3.234525632939904555e-02,2.526754162036620038e-02,1.349470923306403912e-02,5.392878237278633802e-02,6.765374257941156322e-02,6.848464826661060378e-02,1.429558218458119347e-02,9.439288824819053181e-02,0.000000000000000000e+00,5.497992812165260201e-02,2.992261565105965374e-02,1.016708211951026647e-01,2.906167722817871307e-02,3.094372866424402457e-02,2.093281677027960391e-02,1.836001241353074978e-02,3.751088686668468952e-02,3.525843169054269227e-02,7.039673243835781191e-02,3.387692584917560007e-02,1.052647385650358897e-01,9.937832237138480296e-02,3.798139972570101219e-02,7.174820554404300055e-02,1.799060976464346151e-01,9.815699112032115481e-02,1.351272887447317606e-01,9.663533251243855426e-02,2.800052056741848469e-02,6.008549318757445273e-02,1.987166010951937553e-02,1.442572403920273048e-02,1.723879028140673161e-02,1.177283238730215953e-02,3.361664213993252603e-02,1.081178484548157501e-02,6.146699902894154667e-03,1.995174740467109062e-02,1.410537485859587013e-02,1.961137640027630150e-02,1.613758997307064569e-02,2.121312230331061019e-02,7.317976594487992162e-03,4.705128590163277884e-03,1.645793915367750951e-02,2.653892743089968087e-02,3.913265459350692005e-02,1.509645513609834781e-02,4.387782683124605981e-02,7.025657967184230357e-02,6.665265139001511074e-02,1.722877936951276723e-02,1.056952077764763548e-01,4.726151505140602921e-02,7.580262486109859421e-02,4.186563354055920783e-02,9.846732938903404730e-02,3.254547456727833327e-02,3.297594377871880533e-02,2.983251744401397426e-02,2.107296953679510532e-02,3.558879178304352048e-02,4.310698661541079862e-02,5.858385640347979484e-02,3.584907549228659451e-02,1.065961898469331565e-01,1.012403519836621857e-01,2.818071698150984711e-02,7.614299586549339027e-02,2.398214053318116767e-01,9.939834419517273867e-02,1.303921274188865886e-01,8.463224915157521733e-02,2.314522829884574015e-02,6.871489924017178119e-02
2.177373336937261580e-02,4.105474967714808909e-02,3.198486350121632765e-02,1.730886666466448578e-02,6.947572854411308840e-02,8.632409326165520203e-02,8.850647205453944510e-02,1.804967414481785035e-02,1.204713137319678440e-01,5.497992812165260201e-02,0.000000000000000000e+00,3.805147610895876636e-02,1.310828803395701347e-01,3.726061406933557640e-02,3.875223994153627338e-02,2.644882922385400140e-02,2.322531559399745871e-02,4.787218067693786022e-02,4.449850336867185174e-02,8.957763962719364481e-02,4.291677928942547182e-02,1.336156410487431279e-01,1.256369442692534810e-01,4.830264988837833229e-02,9.131953829674345491e-02,2.278783874423121192e-01,1.251864532340250802e-01,1.732087975893724097e-01,1.230140853530348050e-01,3.551871539978576631e-02,7.581263577299256207e-02,2.574806539127649091e-02,1.859026338709193066e-02,2.208407163808551177e-02,1.514650969556816974e-02,4.314703026298665617e-02,1.397523300397433138e-02,7.838544012974141967e-03,2.582815268642820600e-02,1.835000150163678539e-02,2.529757435604809354e-02,2.097286041785546146e-02,2.737984402999269276e-02,9.500355387372235241e-03,6.126678079106225895e-03,2.098287132974942584e-02,3.357659849235666849e-02,4.976424302489713958e-02,1.961137640027630150e-02,5.617122663703436741e-02,9.130952738484948705e-02,8.506271836301568245e-02,2.200398434293379668e-02,1.361784344935980107e-01,6.074621337257610915e-02,9.724599813797038528e-02,5.292769118338989248e-02,1.255969006216776374e-01,4.195573174760489077e-02,4.178554624540749274e-02,3.793134516623119373e-02,2.698941846612807824e-02,4.537946361534072465e-02,5.476969897187934644e-02,7.474146820033836236e-02,4.527935449640107385e-02,1.360182599032945805e-01,1.285501196303971416e-01,3.589913005175641297e-02,9.756634731857724563e-02,3.036209468320469340e-01,1.263577299256189168e-01,1.654403299596560184e-01,1.086684486089837948e-01,2.924187364227007549e-02,8.726511897968786124e-02
1.221331251063659425e-02,2.239440990679841120e-02,1.758917219769548859e-02,9.480333563584306469e-03,3.755093051426054707e-02,4.678099128049573868e-02,4.739165690602756970e-02,9.960857334494598730e-03,6.440019621387312043e-02,2.992261565105965374e-02,3.805147610895876636e-02,0.000000000000000000e+00,7.054689611676727423e-02,2.021203111391416812e-02,2.169364607422090072e-02,1.426554944889930031e-02,1.268382536965292212e-02,2.560791262476098951e-02,2.433652681422750902e-02,4.791222432451371777e-02,2.418636313581804323e-02,7.153797639426975885e-02,6.899520477320279788e-02,2.699942937802204262e-02,4.955401387512388400e-02,1.265679590753921724e-01,6.691293509925819172e-02,9.352193891341561982e-02,6.580172387902813447e-02,1.936110360292719185e-02,4.147520797669460024e-02,1.386511297314072313e-02,1.020111921994974573e-02,1.231342162957623811e-02,8.198936841156861596e-03,2.316525012263367239e-02,7.548227568049173906e-03,4.384779409556416666e-03,1.402528756344415331e-02,9.760639096615311011e-03,1.402528756344415331e-02,1.132234135207376043e-02,1.466598592465787748e-02,5.105565065921855057e-03,3.303600925008259078e-03,1.160264688510476497e-02,1.819983782322731614e-02,2.725971308726512013e-02,1.062157751949625167e-02,3.026298665545444633e-02,4.807239891481714794e-02,4.606020562413030289e-02,1.199307244896937602e-02,7.229880569821105218e-02,3.267561642189987375e-02,5.251724379573735613e-02,3.014285571272687370e-02,6.779389534592705768e-02,2.229430078785876734e-02,2.312520647505781138e-02,2.046230391126327777e-02,1.431560400836912224e-02,2.413630857634821783e-02,2.978246288454415233e-02,4.044408405161626502e-02,2.533761800362395109e-02,7.307965682594028123e-02,6.993623049123544322e-02,1.974151825489783851e-02,5.203672002482705866e-02,1.669719994794325868e-01,6.778388443403308983e-02,8.937742138931435709e-02,5.800322351362985351e-02,1.561702255458449762e-02,4.733159143466378338e-02
4.038401858025247176e-02,7.607291948223564304e-02,5.917450020522369708e-02,3.222512538667147292e-02,1.287803706039583052e-01,1.620466308276020950e-01,1.629075692504830253e-01,3.373677308266009867e-02,2.248150484027590101e-01,1.016708211951026647e-01,1.310828803395701347e-01,7.054689611676727423e-02,0.000000000000000000e+00,6.940565216085532729e-02,7.159804186563353823e-02,4.901342463284980716e-02,4.317706299866854586e-02,8.895696308976784594e-02,8.229970668028151193e-02,1.664414211490524709e-01,7.889599663633360682e-02,2.489313351553192888e-01,2.331140943628555173e-01,8.948754142014796187e-02,1.701154258141374109e-01,4.236617913525743129e-01,2.330440179795977562e-01,3.199687659548908214e-01,2.291697950766335423e-01,6.569160384819452969e-02,1.412139231762621350e-01,4.823257350512057812e-02,3.448759147470743108e-02,4.125496791502737681e-02,2.821074971719174027e-02,7.999719694466969622e-02,2.592826180536784986e-02,1.464596410086994871e-02,4.844280265489383369e-02,3.428737323682814336e-02,4.686107857564745377e-02,3.897248000320348987e-02,5.014465767686778624e-02,1.757916128580152421e-02,1.143246138290736867e-02,3.922275280055260299e-02,6.230791562803456030e-02,9.242073860507953043e-02,3.650979567728824399e-02,1.043036910232153086e-01,1.696649347789090101e-01,1.586629426074421256e-01,4.100469511767827063e-02,2.533461473005576003e-01,1.126828242784635309e-01,1.803866214173449056e-01,9.785666376350221629e-02,2.348860257680872032e-01,7.724419617382947967e-02,7.721416343814757610e-02,7.034667787888798651e-02,5.018470132444364379e-02,8.453214003263556653e-02,1.019110830805578100e-01,1.383808351102701895e-01,8.410167082119510140e-02,2.515141504239621351e-01,2.382096485168833933e-01,6.695297874683404926e-02,1.809872761309827827e-01,5.645053107887597621e-01,2.363376079927120565e-01,3.078956062107697234e-01,2.018800492536865221e-01,5.394880419657426679e-02,1.629676347218468047e-01
1.131233044017979604e-02,2.155349330770539931e-02,1.667817921534472600e-02,9.119940735401588575e-03,3.640968655834860013e-02,4.614029291928201798e-02,4.643060936420698864e-02,9.590453594417914715e-03,6.387962879538697236e-02,2.906167722817871307e-02,3.726061406933557640e-02,2.021203111391416812e-02,6.940565216085532729e-02,0.000000000000000000e+00,2.011192199497452079e-02,1.391516753261054506e-02,1.226336707010641618e-02,2.488712696839555025e-02,2.328538106536124502e-02,4.693115495890520794e-02,2.238439899490444682e-02,7.051686338108538454e-02,6.533121102001181180e-02,2.559790171286702512e-02,4.800232253155940071e-02,1.199507463134816959e-01,6.591184390986175312e-02,9.114935279454605688e-02,6.488071998478341096e-02,1.860027429898589504e-02,3.995354936881200664e-02,1.379503658988297243e-02,9.780660920403239783e-03,1.163267962078665813e-02,8.018740427065500914e-03,2.224424622838894541e-02,7.337998418275920934e-03,4.174550259783163693e-03,1.395521118018640261e-02,9.640508153887738380e-03,1.325444734760889386e-02,1.121222132124015218e-02,1.429558218458119347e-02,5.065521418345997513e-03,3.243535453644472329e-03,1.103202490714879150e-02,1.765924858095323929e-02,2.607842548377731565e-02,1.039132654593506906e-02,2.965232102992261531e-02,4.804236617913525825e-02,4.527935449640107385e-02,1.164269053268062251e-02,7.162807460131542792e-02,3.209498353204993243e-02,5.140603257550730582e-02,2.796047691984262715e-02,6.683284780410647663e-02,2.191388613588811721e-02,2.185382066452433089e-02,2.002182378792884132e-02,1.422550580132344276e-02,2.403619945740857397e-02,2.886145899029942535e-02,3.891241453183970356e-02,2.391606851468100134e-02,7.089727803305602427e-02,6.678279324463665123e-02,1.909080898179014996e-02,5.137599983982540919e-02,1.603748085413100322e-01,6.672272777327287185e-02,8.695478071097496875e-02,5.709223053127909092e-02,1.514650969556816974e-02,4.586999829814497609e-02
1.227337798200038056e-02,2.290496641339059489e-02,1.823988147080317715e-02,9.530388123054128399e-03,3.764102872130622307e-02,4.771200608663443005e-02,4.789220250072578899e-02,1.017108648426785257e-02,6.670270594948493614e-02,3.094372866424402457e-02,3.875223994153627338e-02,2.169364607422090072e-02,7.159804186563353823e-02,2.011192199497452079e-02,0.000000000000000000e+00,1.457588771761219801e-02,1.307425093351753491e-02,2.640878557627814385e-02,2.523750888468430723e-02,5.000450491035228484e-02,2.413630857634821783e-02,7.403069345586689443e-02,7.122763812555685248e-02,2.722968035158322697e-02,5.069525783103583094e-02,1.284800432471393805e-01,6.966593587009840827e-02,9.546405582084471764e-02,6.828443002873131606e-02,1.982160555004955360e-02,4.246628825419707792e-02,1.374498203041315050e-02,1.014105374858595941e-02,1.218327977495470109e-02,8.218958664944790368e-03,2.317526103452763678e-02,7.598282127518995836e-03,4.414812145238309823e-03,1.378502567798900805e-02,9.740617272827382239e-03,1.401527665155018892e-02,1.121222132124015218e-02,1.487621507443112959e-02,5.005455946982210330e-03,3.383688220159974166e-03,1.157261414942287008e-02,1.890060165580482662e-02,2.842097886696499237e-02,1.051145748866264169e-02,3.017288844840876685e-02,4.994443943898849853e-02,4.627043477390355153e-02,1.221331251063659425e-02,7.475147911223233022e-02,3.316615110470412520e-02,5.333813857104243578e-02,3.002272476999929759e-02,6.863481194502006610e-02,2.260463905657166331e-02,2.382597030763532187e-02,2.108298044868906970e-02,1.488622598632509397e-02,2.483707240892572832e-02,3.098377231181988212e-02,4.225605910442382235e-02,2.515742158953259214e-02,7.632319227958474228e-02,7.280936220480323240e-02,2.013194381876244957e-02,5.332812765914847486e-02,1.702055240211830800e-01,7.023655784805438174e-02,9.122944008969777197e-02,5.954490394530037589e-02,1.616762270875253885e-02,4.862299906898519264e-02
8.108838634111180388e-03,1.554694617132674692e-02,1.210319247980298600e-02,6.447027259713087113e-03,2.573805447938252652e-02,3.250543091970247572e-02,3.278573645273347853e-02,6.857474647365628673e-03,4.556967094132604451e-02,2.093281677027960391e-02,2.644882922385400140e-02,1.426554944889930031e-02,4.901342463284980716e-02,1.391516753261054506e-02,1.457588771761219801e-02,0.000000000000000000e+00,8.959766145098156664e-03,1.811975052807560105e-02,1.704858295542140828e-02,3.420728594167642828e-02,1.601745903034307306e-02,5.080537786186943572e-02,4.780210429368011299e-02,1.809972870428767228e-02,3.460772241743500371e-02,8.605379864051816707e-02,4.764192970337668281e-02,6.510096004645063439e-02,4.690112222322331131e-02,1.354476379253386105e-02,2.882141534272356781e-02,9.680551801463595923e-03,6.877496471153557445e-03,8.148882281687039666e-03,5.626132484408004862e-03,1.611756814928271692e-02,5.145608713497712601e-03,2.903164449249682338e-03,9.730606360933417853e-03,6.757365528425983946e-03,9.260093501917089978e-03,7.628314863200888994e-03,1.017108648426785257e-02,3.543862810463405209e-03,2.262466088035959035e-03,7.778478541610355651e-03,1.289405451942617423e-02,1.876044888928932522e-02,7.247900211230240593e-03,2.087275129891581760e-02,3.408715499894885564e-02,3.183469982280685839e-02,8.279024136308576684e-03,5.106566157111250975e-02,2.263467179225355647e-02,3.644973020592445767e-02,1.963139822406423027e-02,4.742168964170946632e-02,1.569710984973621271e-02,1.565706620216035516e-02,1.445575677488462364e-02,1.023115195563163889e-02,1.719874663383087407e-02,2.080267491565806690e-02,2.844100069075292114e-02,1.699852839595158635e-02,5.177643631558398463e-02,4.873311909981880435e-02,1.348469832117007473e-02,3.659989388433392693e-02,1.145048102431650561e-01,4.846282447868176246e-02,6.268833028000520002e-02,4.078445505601105414e-02,1.120221040934618779e-02,3.305603107387052042e-02
7.247900211230240593e-03,1.380504750177693682e-02,1.074170846222382431e-02,5.746263427135577494e-03,2.276481364687509348e-02,2.863120801673824448e-02,2.900161175681492676e-02,6.046590783954510807e-03,4.005365848775165050e-02,1.836001241353074978e-02,2.322531559399745871e-02,1.268382536965292212e-02,4.317706299866854586e-02,1.226336707010641618e-02,1.307425093351753491e-02,8.959766145098156664e-03,0.000000000000000000e+00,1.598742629466117990e-02,1.505641148852249027e-02,3.020292118409066001e-02,1.423551671321740715e-02,4.508914717041575398e-02,4.228609184010571204e-02,1.600744811844910867e-02,3.061336857174319984e-02,7.657346507693385540e-02,4.185562262866524691e-02,5.756274339029542053e-02,4.134506612207305976e-02,1.201309427275730479e-02,2.575807630317045530e-02,8.379133255248220544e-03,6.076623519636403965e-03,7.257911123124204979e-03,4.975423211300317172e-03,1.419547306564154961e-02,4.554964911753811227e-03,2.582815268642820686e-03,8.369122343354256158e-03,5.946481665014866080e-03,8.248991400626683526e-03,6.747354616532019560e-03,8.889689761840405963e-03,3.063339039553112948e-03,2.012193290686848518e-03,7.007638325775094462e-03,1.147250503048322622e-02,1.671822286292058354e-02,6.356929052667407640e-03,1.849015426815228680e-02,2.987256109158983181e-02,2.802054239120641346e-02,7.317976594487992162e-03,4.481885254927871209e-02,1.999179105224694816e-02,3.224514721045940169e-02,1.759918310958945298e-02,4.174550259783163519e-02,1.384509114935279436e-02,1.410537485859587013e-02,1.281396722427445914e-02,8.999809792674014208e-03,1.512648787178024097e-02,1.858025247519796627e-02,2.515742158953259214e-02,1.517654243125006290e-02,4.554964911753811574e-02,4.317706299866854586e-02,1.202310518465126918e-02,3.234525632939904555e-02,1.020312140232853826e-01,4.267651740397032656e-02,5.563063739476029057e-02,3.595919552312019929e-02,9.930824598812705573e-03,2.942207005636143444e-02
1.461593136518805555e-02,2.797048783173659153e-02,2.192389704778208159e-02,1.163267962078665813e-02,4.659078395451041882e-02,5.905436926249611751e-02,5.942477300257280326e-02,1.228338889389434495e-02,8.268012133225215166e-02,3.751088686668468952e-02,4.787218067693786022e-02,2.560791262476098951e-02,8.895696308976784594e-02,2.488712696839555025e-02,2.640878557627814385e-02,1.811975052807560105e-02,1.598742629466117990e-02,0.000000000000000000e+00,3.067343404310698615e-02,6.182739185712426283e-02,2.869127348810203079e-02,9.218047671962438516e-02,8.621397323082159725e-02,3.251544183159644358e-02,6.223783924477680612e-02,1.549188615590994245e-01,8.605379864051816707e-02,1.179986184941586302e-01,8.507272927490965031e-02,2.437657046180336656e-02,5.176642540369002371e-02,1.718873572193690968e-02,1.237348710094002442e-02,1.467599683655184187e-02,1.010101010101010187e-02,2.862119710484428009e-02,9.240071678129161206e-03,5.265739656225285233e-03,1.732888848845241456e-02,1.217326886306073670e-02,1.679831015807229863e-02,1.394520026829243822e-02,1.836001241353074978e-02,6.336907228879478868e-03,4.114484788419377377e-03,1.411538577048983452e-02,2.316525012263367239e-02,3.416724229410057073e-02,1.309427275730546368e-02,3.767106145698811970e-02,6.181738094523030191e-02,5.756274339029542053e-02,1.496631328147680906e-02,9.261094593106486417e-02,4.094462964631448432e-02,6.579171296713418049e-02,3.539858445705819368e-02,8.564335125286562378e-02,2.824078245287363342e-02,2.851107707401067184e-02,2.591825089347388547e-02,1.850016518004625118e-02,3.104383778318367190e-02,3.773112692835190601e-02,5.145608713497712428e-02,3.064340130742509299e-02,9.344185161826390473e-02,8.829624290476618953e-02,2.427646134286372270e-02,6.633230220940825039e-02,2.065951887557437583e-01,8.735521718673354419e-02,1.131032825780100282e-01,7.386050795366949639e-02,2.010191108308055641e-02,5.973511127128570269e-02
1.384509114935279436e-02,2.616852369082299859e-02,2.059244576588481479e-02,1.082179575737553939e-02,4.341732488412369806e-02,5.466958985293970258e-02,5.525022274278964390e-02,1.154258141374097692e-02,7.689381425754071575e-02,3.525843169054269227e-02,4.449850336867185174e-02,2.433652681422750902e-02,8.229970668028151193e-02,2.328538106536124502e-02,2.523750888468430723e-02,1.704858295542140828e-02,1.505641148852249027e-02,3.067343404310698615e-02,0.000000000000000000e+00,5.760278703787127808e-02,2.722968035158322697e-02,8.538306754362254281e-02,8.136869187414282056e-02,3.079356498583455878e-02,5.801323442552382137e-02,1.459590954140012609e-01,8.003724059224555376e-02,1.097396161816379806e-01,7.885595298875774928e-02,2.279484638255698664e-02,4.863300998087916049e-02,1.577719714488792779e-02,1.167272326836251567e-02,1.383508023745882998e-02,9.420268092220520154e-03,2.683925478771861245e-02,8.649427876385260699e-03,5.005455946982210330e-03,1.591734991140342920e-02,1.128229770449790288e-02,1.593737173519135797e-02,1.287403269563824545e-02,1.710864842678519460e-02,5.726241603347648722e-03,3.884233814858195633e-03,1.314432731677528561e-02,2.185382066452433089e-02,3.222512538667147292e-02,1.208317065601505723e-02,3.486800612667807775e-02,5.770289615681092193e-02,5.333813857104243578e-02,1.388513479692865191e-02,8.641419146870088497e-02,3.803145428517083759e-02,6.116667167212261336e-02,3.320619475227998274e-02,7.943658587860767673e-02,2.625862189786867806e-02,2.701945120180997140e-02,2.433652681422750902e-02,1.732888848845241456e-02,2.877136078325374588e-02,3.542861719274008336e-02,4.853290086193951663e-02,2.842097886696499237e-02,8.800592645984123275e-02,8.288033957013143938e-02,2.268472635172337840e-02,6.168723909060876143e-02,1.938713197385149856e-01,8.117848454815748682e-02,1.054749677148091452e-01,6.876495379964160659e-02,1.883052527254707592e-02,5.590093201589732552e-02
2.766014956302369557e-02,5.251724379573735613e-02,4.133505521017909190e-02,2.191388613588811721e-02,8.723508624400597156e-02,1.108908710494438954e-01,1.110009910802775002e-01,2.300507553233023875e-02,1.549188615590994245e-01,7.039673243835781191e-02,8.957763962719364481e-02,4.791222432451371777e-02,1.664414211490524709e-01,4.693115495890520794e-02,5.000450491035228484e-02,3.420728594167642828e-02,3.020292118409066001e-02,6.182739185712426283e-02,5.760278703787127808e-02,0.000000000000000000e+00,5.379864051816479753e-02,1.723578700783854334e-01,1.621367290346477641e-01,6.096645343424332564e-02,1.174179856043087028e-01,2.914376670570922312e-01,1.614359652020702640e-01,2.203201489623689835e-01,1.592135427616101495e-01,4.553963820564415482e-02,9.776656555645653335e-02,3.221511447477750506e-02,2.334544653672503134e-02,2.781031324143316136e-02,1.911083080557807873e-02,5.408895696308976819e-02,1.745903034307395157e-02,9.970868246388563116e-03,3.241533271265679278e-02,2.302509735611816752e-02,3.181467799901892962e-02,2.618854551461092736e-02,3.438748235576778722e-02,1.168273418025648006e-02,7.818522189186213195e-03,2.661901472605139596e-02,4.371765224094262964e-02,6.443022894955501012e-02,2.443663593316715288e-02,7.044678699782763731e-02,1.167072108598372210e-01,1.072869427676167026e-01,2.818071698150984711e-02,1.743099978977085129e-01,7.671361784344936374e-02,1.233945000050054586e-01,6.628224764993843887e-02,1.602346557747945377e-01,5.300777847854160757e-02,5.388873872521048047e-02,4.878317365928862281e-02,3.471784244826861543e-02,5.815338719203932277e-02,7.100739806388964293e-02,9.735611816880399005e-02,5.718232873832477386e-02,1.765724639857444711e-01,1.666716721226136622e-01,4.602016197655444535e-02,1.242454275159924348e-01,3.895345927060496205e-01,1.642590423561682278e-01,2.124015176542431160e-01,1.389214243525442871e-01,3.769108328077604847e-02,1.127929443092971357e-01
1.331451281897268017e-02,2.533761800362395109e-02,1.969146369542801658e-02,1.062157751949625167e-02,4.212591724980228186e-02,5.207676367240291621e-02,5.345826951377000841e-02,1.133235226396772481e-02,7.263917670260583437e-02,3.387692584917560007e-02,4.291677928942547182e-02,2.418636313581804323e-02,7.889599663633360682e-02,2.238439899490444682e-02,2.413630857634821783e-02,1.601745903034307306e-02,1.423551671321740715e-02,2.869127348810203079e-02,2.722968035158322697e-02,5.379864051816479753e-02,0.000000000000000000e+00,8.035758977285241411e-02,7.697390155269243084e-02,3.000270294621136882e-02,5.541039733309307408e-02,1.401928101630777468e-01,7.484157731927801316e-02,1.050845421509445238e-01,7.405071527965483014e-02,2.192389704778208159e-02,4.594007468140273026e-02,1.550690252375088764e-02,1.115215584987636586e-02,1.342463284980628842e-02,9.159984382977446118e-03,2.595829454104974301e-02,8.419176902824078088e-03,4.915357739936530856e-03,1.550690252375088764e-02,1.081178484548157501e-02,1.537676066912935062e-02,1.253366169124345460e-02,1.654803736072318898e-02,5.746263427135577494e-03,3.643971929403049502e-03,1.267381445775895774e-02,2.050234755883913532e-02,3.046320489333373405e-02,1.168273418025648006e-02,3.374678399455406652e-02,5.401888057983201402e-02,5.153617443012883936e-02,1.347468740927611035e-02,8.146880099308245748e-02,3.683014485789510434e-02,5.896427105545044151e-02,3.361664213993252603e-02,7.539217747344605092e-02,2.501726882301708726e-02,2.588821815779199231e-02,2.317526103452763678e-02,1.605750267791893060e-02,2.689932025908239877e-02,3.359662031614459726e-02,4.510916899420368276e-02,2.819072789340381149e-02,8.193931385209879403e-02,7.886596390065171713e-02,2.188385340020622405e-02,5.838363816560050712e-02,1.851818482145538569e-01,7.521198105935469891e-02,9.963860608062788393e-02,6.471053448258601293e-02,1.771931405231702561e-02,5.239711285300978350e-02
