0.000000000000000000e+00,1.057447037830976100e-02,8.981713231859932839e-03,4.395051674790127066e-03,1.643054740548243603e-02,2.093337963905488389e-02,2.367579607918278428e-02,3.652563380956372948e-03,2.720860328371435891e-02,1.643054740548243603e-02,1.925679316910769781e-02,1.403542387698645567e-02,3.102882531166544985e-02,1.034693364310264319e-02,8.730225261367855621e-03,7.472785408907464330e-03,5.975833203597475524e-03,1.290971581859334458e-02,1.192771517190999164e-02,2.114894075661952200e-02,1.096966576051159811e-02,3.548375507466797890e-02,3.196292348777888398e-02,1.123312934864615677e-02,2.768762798941355394e-02,6.366238338742320757e-02,3.135216698801240875e-02,4.517202974743422111e-02,3.310060716381447304e-02,9.125420643569692736e-03,2.626252948995844508e-02,9.496664790486568711e-03,6.490784762224111396e-03,9.089493790642251894e-03,4.945930086344202913e-03,1.058644599595224070e-02,4.371100439505167662e-03,2.514879704920781282e-03,1.057447037830976100e-02,6.850053291498509403e-03,9.520616025771529850e-03,5.556686586110679005e-03,8.502688526160736074e-03,3.413051028106774566e-03,1.940050058081745597e-03,7.568590350047303683e-03,9.736177143336167961e-03,1.677784031711435433e-02,4.083685616085649603e-03,1.464618037675293090e-02,2.263391734428703284e-02,2.385543034381998329e-02,5.927930733027555847e-03,2.975940984156257713e-02,1.767601164030034935e-02,2.452606493179885702e-02,1.986754966887417304e-02,3.631007269199908877e-02,1.035890926074512289e-02,1.403542387698645567e-02,9.496664790486568711e-03,6.574614085721471046e-03,1.135288552507095552e-02,1.277798402452606438e-02,2.032262313928840866e-02,1.556830293522388359e-02,3.631007269199908877e-02,4.268110127779840141e-02,1.004754320204064542e-02,2.837023819503490737e-02,8.287127408596098310e-02,3.581907236865741057e-02,4.523190783564662310e-02,3.156772810557704340e-02,9.053566937714812787e-03,2.646611498988060349e-02
1.057447037830976100e-02,0.000000000000000000e+00,1.851430487527394239e-02,9.005664467144892243e-03,3.360358310479862748e-02,4.301641857178784001e-02,4.811803168748428339e-02,7.400931703052585249e-03,5.608181741973342072e-02,3.393890039878806608e-02,3.956744069075362330e-02,2.865765301845442717e-02,6.317138306408152937e-02,2.156808737410631852e-02,1.740057243452330926e-02,1.534076620001676577e-02,1.247859358346406662e-02,2.689723722500987971e-02,2.463384549058117781e-02,4.375890686562159543e-02,2.187945343281079771e-02,7.239260864879105972e-02,6.553057973965006888e-02,2.246625869729231353e-02,5.640515909608038309e-02,1.285343041567368894e-01,6.511143312216327583e-02,9.307450031735386986e-02,6.838077673856028660e-02,1.923284193382273841e-02,5.317174233261080102e-02,1.887357340454834040e-02,1.338874052429253961e-02,1.861010981641378001e-02,9.867908937403446420e-03,2.233452690322503334e-02,9.005664467144892243e-03,5.053710645126521968e-03,2.098128210962480270e-02,1.347256984778989926e-02,1.946037866902985622e-02,1.137683676035591493e-02,1.822689005185442607e-02,7.089565644348106918e-03,3.916026969090931169e-03,1.520903440594948731e-02,1.998730584529897006e-02,3.440594948684478488e-02,8.538615379088176915e-03,3.025041016490425533e-02,4.650132330574949235e-02,4.876471504017819425e-02,1.171215405434535353e-02,6.041699100631114927e-02,3.626217022142916996e-02,4.990239871621379025e-02,3.945966013197130945e-02,7.398536579524088441e-02,2.192735590338071652e-02,2.736428631306659504e-02,1.940050058081745424e-02,1.337676490665005991e-02,2.298121025591894767e-02,2.620265140174604657e-02,4.187873489575225094e-02,3.028633701783169443e-02,7.386560961881609433e-02,8.493108032046753353e-02,1.959211046309713294e-02,5.763864771325580977e-02,1.655509382896422910e-01,7.339856053075936859e-02,9.295474414092906590e-02,6.464438403410656397e-02,1.875381722812353991e-02,5.405793803815431980e-02
8.981713231859932839e-03,1.851430487527394239e-02,0.000000000000000000e+00,7.604517202974743657e-03,2.850196998910218757e-02,3.696873166233548280e-02,4.106439289606361731e-02,6.275223644659473285e-03,4.814198292276924279e-02,2.850196998910218757e-02,3.397482725171550866e-02,2.431050381423421891e-02,5.402201118522687723e-02,1.826281690478186517e-02,1.519705878830700761e-02,1.311330131851550299e-02,1.071817779001952090e-02,2.305306396177382935e-02,2.137647749182663981e-02,3.780702489730907584e-02,1.865801228698370229e-02,6.277618768187968878e-02,5.663269583128750090e-02,1.958013484545465324e-02,4.865693448139588040e-02,1.107744631929391821e-01,5.596206124330862369e-02,8.004502832233571785e-02,5.888411194807371962e-02,1.651437672897979742e-02,4.579476186484317951e-02,1.602337640563811921e-02,1.129300743685855528e-02,1.610720572913548060e-02,8.466761673233296967e-03,1.883764655162090129e-02,7.652419673544663334e-03,4.311222351292768283e-03,1.781971905201010578e-02,1.160437349556303448e-02,1.672993784654443553e-02,9.640372202196328608e-03,1.516113193537956677e-02,5.820150174245236792e-03,3.317246086966935213e-03,1.307737446558806214e-02,1.712513322874627264e-02,2.999892219441217811e-02,7.173394967845466569e-03,2.530448007856005155e-02,4.026202651401745991e-02,4.111229536663353612e-02,9.987665113828245178e-03,5.221369292121241096e-02,3.058572745889369393e-02,4.288468677772055981e-02,3.383111984000574529e-02,6.319533429936649571e-02,1.853825611055890180e-02,2.354406428511550409e-02,1.670598661125947612e-02,1.136486114271343523e-02,1.979569596301929135e-02,2.262194172664455313e-02,3.639390201549645015e-02,2.589128534304156737e-02,6.414140809312240954e-02,7.436858555980024876e-02,1.724488940517107313e-02,4.919583727530747741e-02,1.431445576805623621e-01,6.359052968156832242e-02,7.942229620492677333e-02,5.553093900817934747e-02,1.607127887620804149e-02,4.662107948217429632e-02
4.395051674790127066e-03,9.005664467144892243e-03,7.604517202974743657e-03,0.000000000000000000e+00,1.395159455348909602e-02,1.774786534615522757e-02,2.001125708058392946e-02,3.041806881189897289e-03,2.312491766762870757e-02,1.427493622983605319e-02,1.646647425840987861e-02,1.201154449540735129e-02,2.632240757817084359e-02,8.957761996574973434e-03,7.269199908985305922e-03,6.371028585799312638e-03,5.221369292121241269e-03,1.105349508400895776e-02,1.004754320204064542e-02,1.790354837550746717e-02,9.137396261212172438e-03,2.980731231213249940e-02,2.690921284265235941e-02,9.364932996419290251e-03,2.334047878519334568e-02,5.305198615618600400e-02,2.687328598972492030e-02,3.857346442642779066e-02,2.807084775397291135e-02,7.939834496964181393e-03,2.207106331509047642e-02,7.999712585176579904e-03,5.520759733183239031e-03,7.700322144114583010e-03,4.095661233728129305e-03,9.125420643569692736e-03,3.652563380956372948e-03,2.119684322718944167e-03,8.826030202507694974e-03,5.616564674323078384e-03,8.035639438104020746e-03,4.718393351137085100e-03,7.520687879477384007e-03,2.957977557692538072e-03,1.640659617019747836e-03,6.299174879944433557e-03,8.239224938026179154e-03,1.407135072991389478e-02,3.544782822174053459e-03,1.262230099517382652e-02,1.925679316910769781e-02,2.046633055099816856e-02,4.862100762846844129e-03,2.520867513742021393e-02,1.520903440594948731e-02,2.087350155084248537e-02,1.657425481719219593e-02,3.084919104702825085e-02,9.065542555357292490e-03,1.153251978970815453e-02,8.071566291031459853e-03,5.640515909608037788e-03,9.580494113983928361e-03,1.077805587823191941e-02,1.723291378752859343e-02,1.268217908338622503e-02,3.054980060596625135e-02,3.504065722189621951e-02,8.083541908673939555e-03,2.398716213788726001e-02,6.871609403254973214e-02,3.035819072368657265e-02,3.856148880878531443e-02,2.670562734273020100e-02,7.748224614684502687e-03,2.250218555021975264e-02
1.643054740548243603e-02,3.360358310479862748e-02,2.850196998910218757e-02,1.395159455348909602e-02,0.000000000000000000e+00,6.623714118055638866e-02,7.490748835371184577e-02,1.150856855442319512e-02,8.621247140821287902e-02,5.289630312683376440e-02,6.131516232949714429e-02,4.475288312994742806e-02,9.834377208004502213e-02,3.325629019316671264e-02,2.731638384249667623e-02,2.381950349089254418e-02,1.938852496317497454e-02,4.136378333712561334e-02,3.790282983844892040e-02,6.729099553309461634e-02,3.437002263391734230e-02,1.121875860747518078e-01,1.008466761673233320e-01,3.522029148653341851e-02,8.750583811360071462e-02,1.995257655413577857e-01,1.003197489910542112e-01,1.445576805623750016e-01,1.048465324599116150e-01,2.941211692993066229e-02,8.275151790953617914e-02,2.961570242985282070e-02,2.063398919799288786e-02,2.884926290073410587e-02,1.537669305294420488e-02,3.426224207513502845e-02,1.395159455348909602e-02,7.915883261679220254e-03,3.283714357567991265e-02,2.111301390369208289e-02,3.010670275319449543e-02,1.746045052273571124e-02,2.763972551884363513e-02,1.100559261343903895e-02,6.071638144737314877e-03,2.392728404967486150e-02,3.098092284109553105e-02,5.272864447983904856e-02,1.322108187729782204e-02,4.730368968779564975e-02,7.182975461959451025e-02,7.616492820617223880e-02,1.834664622827922309e-02,9.454750128737889059e-02,5.657281774307509892e-02,7.803312455839910011e-02,6.211752871154329475e-02,1.147264170149575463e-01,3.374729051650839085e-02,4.357927260098439642e-02,3.016658084140689394e-02,2.089745278612744478e-02,3.566338933930517791e-02,4.042968516101217574e-02,6.464438403410656397e-02,4.804617798162940517e-02,1.149659293678071403e-01,1.323305749494030070e-01,3.075338610588840976e-02,8.955366873046477494e-02,2.589727315186280965e-01,1.138761481623414701e-01,1.443540950624528363e-01,1.000802366382046171e-01,2.906482401829874399e-02,8.405686023256649098e-02
2.093337963905488389e-02,4.301641857178784001e-02,3.696873166233548280e-02,1.774786534615522757e-02,6.623714118055638866e-02,0.000000000000000000e+00,9.532591643414009552e-02,1.453839981797061184e-02,1.104032190460222940e-01,6.592577512185190947e-02,7.735051435277774667e-02,5.598601247859358310e-02,1.244386429230087548e-01,4.240566207202136478e-02,3.469336431026430467e-02,3.020250769433433652e-02,2.466977234350861692e-02,5.319569356789576736e-02,4.883656874603307940e-02,8.617654455528543644e-02,4.304036980707279941e-02,1.436954360921164631e-01,1.296600122151299883e-01,4.436966336538807065e-02,1.121157323688969226e-01,2.554518999317390016e-01,1.278995964216854409e-01,1.835742428415745586e-01,1.345460642132617901e-01,3.799863477958875801e-02,1.054572889596780971e-01,3.719626839754260061e-02,2.628648072524340448e-02,3.692082919176556399e-02,1.946037866902985622e-02,4.398644360082871324e-02,1.797540208136234538e-02,9.879884555045926123e-03,4.104044166077865791e-02,2.700501778379220050e-02,3.841778139707555106e-02,2.211896578566039523e-02,3.548375507466797890e-02,1.375998467120941732e-02,7.724273379399542415e-03,3.005880028262457662e-02,3.935187957318898866e-02,6.810533753278324998e-02,1.686166964061171572e-02,5.924338047734811763e-02,9.243979258230243523e-02,9.575703866926936481e-02,2.311294204998622787e-02,1.201274205717159926e-01,7.069207094355890730e-02,9.833179646240254590e-02,7.732656311749278033e-02,1.457193154736955432e-01,4.324395530699495782e-02,5.401003556758440100e-02,3.829802522065075404e-02,2.637031004874076240e-02,4.541154210028382210e-02,5.183047315665305355e-02,8.288324970360345934e-02,5.963857585954995821e-02,1.467132917380213897e-01,1.690478186412464334e-01,3.872914745578003026e-02,1.140917092799061117e-01,3.278804354334574622e-01,1.460426571500425263e-01,1.831431206064452755e-01,1.276840353041208131e-01,3.690885357412308776e-02,1.067386800474234426e-01
2.367579607918278428e-02,4.811803168748428339e-02,4.106439289606361731e-02,2.001125708058392946e-02,7.490748835371184577e-02,9.532591643414009552e-02,0.000000000000000000e+00,1.649042549369483801e-02,1.244386429230087548e-01,7.548231800055087148e-02,8.790103349580254133e-02,6.403362753434008181e-02,1.407614097697088840e-01,4.774678754056740221e-02,3.923212339676418470e-02,3.413051028106774826e-02,2.768762798941355394e-02,5.930325856556051961e-02,5.440523094978623464e-02,9.658335628660047467e-02,4.931559345173227443e-02,1.614912039088415852e-01,1.450606565033591699e-01,5.039339903955546845e-02,1.258397901871788904e-01,2.874747015077302459e-01,1.436235823862615779e-01,2.075494293618193320e-01,1.510843921775265608e-01,4.234578398380896280e-02,1.188220782486856808e-01,4.266912566015592517e-02,2.977138545920505683e-02,4.136378333712561334e-02,2.210699016801791553e-02,4.900422739302779523e-02,2.014298887465120966e-02,1.134090990742847582e-02,4.756715327593020320e-02,3.046597128246889344e-02,4.349544327748703504e-02,2.538830940205740946e-02,3.962731877896602528e-02,1.573596158221860289e-02,8.790103349580254133e-03,3.423829083985006211e-02,4.434571213010311125e-02,7.594936708860759722e-02,1.901728081625809683e-02,6.787780079757613216e-02,1.033974827251715467e-01,1.092655353699867049e-01,2.637031004874076240e-02,1.357915284480797069e-01,8.081146785145443268e-02,1.118762200160473286e-01,8.903871717183814427e-02,1.651078404368705455e-01,4.844137336383123882e-02,6.236901668203537891e-02,4.325593092463744099e-02,2.995101972384225583e-02,5.125564350981402090e-02,5.795001377196028897e-02,9.252362190579979662e-02,6.895560638539932619e-02,1.647605475252386098e-01,1.906757841035651435e-01,4.423793157132079046e-02,1.286181334802342369e-01,3.716752691520064933e-01,1.627965462318718970e-01,2.068069410679855835e-01,1.437193873274014155e-01,4.144761266062297472e-02,1.206543477479850995e-01
3.652563380956372948e-03,7.400931703052585249e-03,6.275223644659473285e-03,3.041806881189897289e-03,1.150856855442319512e-02,1.453839981797061184e-02,1.649042549369483801e-02,0.000000000000000000e+00,1.892147587511825921e-02,1.154449540735063423e-02,1.346059423014741956e-02,9.903835790330885527e-03,2.147228243296648090e-02,7.353029232482665573e-03,6.071638144737314877e-03,5.245320527406200674e-03,4.287271116007808011e-03,9.185298731782091247e-03,8.406883585020896721e-03,1.489766834724500985e-02,7.568590350047303683e-03,2.475360166700597483e-02,2.245428307964983383e-02,7.748224614684502687e-03,1.920889069853777553e-02,4.392656551261631126e-02,2.207106331509047642e-02,3.159167934086200280e-02,2.308899081470126846e-02,6.371028585799312638e-03,1.826281690478186517e-02,6.394979821084272043e-03,4.598637174712285475e-03,6.478809144581631693e-03,3.401075410464294863e-03,7.640444055902182764e-03,3.077733734117337264e-03,1.772391411087026730e-03,7.053638791420667811e-03,4.634564027639725449e-03,6.766223968001149752e-03,3.916026969090931169e-03,6.167443085877154230e-03,2.395123528495982090e-03,1.341269175957750075e-03,5.281247380333640648e-03,6.742272732716189480e-03,1.174808090727279264e-02,2.898099469480138260e-03,1.045471420188496224e-02,1.583176652335844051e-02,1.657425481719219593e-02,4.047758763158209629e-03,2.064596481563536756e-02,1.238278864232422727e-02,1.716106008167371175e-02,1.367615534771205767e-02,2.500508963749805552e-02,7.496736644192424602e-03,9.592469731626408064e-03,6.670419026861310399e-03,4.562710321784846368e-03,7.867980791109301444e-03,8.909859526005052890e-03,1.441864364154581309e-02,1.061039723123720184e-02,2.524460199034765304e-02,2.932828760643330090e-02,6.826102056213549131e-03,1.966396416895201463e-02,5.702789121348933454e-02,2.516077266685029165e-02,3.161563057614696221e-02,2.208303893273295612e-02,6.394979821084272043e-03,1.844245116941906418e-02
2.720860328371435891e-02,5.608181741973342072e-02,4.814198292276924279e-02,2.312491766762870757e-02,8.621247140821287902e-02,1.104032190460222940e-01,1.244386429230087548e-01,1.892147587511825921e-02,0.000000000000000000e+00,8.672742296683950969e-02,1.008945786378932508e-01,7.279977964863537654e-02,1.631677903787887851e-01,5.574650012574398211e-02,4.505227357100942409e-02,3.950756260254122826e-02,3.210663089948864041e-02,6.937475300288611924e-02,6.337496856400369472e-02,1.132414404272900355e-01,5.610576865501838012e-02,1.888195633689807584e-01,1.688801599942517107e-01,5.830928230123468697e-02,1.469288528555860174e-01,3.335449025783504551e-01,1.675149395830090038e-01,2.409135001137683585e-01,1.768080188735733915e-01,4.981856939271642887e-02,1.372166269475348088e-01,4.851322706968611703e-02,3.392692478114558985e-02,4.744739709950540618e-02,2.528052884327509214e-02,5.736320850747877315e-02,2.325664946169598776e-02,1.281391087745350522e-02,5.342323030310288517e-02,3.518436463360597594e-02,4.944732524579955463e-02,2.852592122438714697e-02,4.597439612948037851e-02,1.784367028729506865e-02,1.007149443732560483e-02,3.933990395554650549e-02,5.166281450965833771e-02,8.851178999556902349e-02,2.186747781516831801e-02,7.689544088236351105e-02,1.203549573069231104e-01,1.245104966288636400e-01,3.029831263547417414e-02,1.582338359100870506e-01,9.333796390548843025e-02,1.282109624803899339e-01,1.013017496377375676e-01,1.898614421038765099e-01,5.612971989030333952e-02,7.079985150234123503e-02,5.029759409841562390e-02,3.464546183969437892e-02,5.924338047734811763e-02,6.741075170951942030e-02,1.090859011053495059e-01,7.778163658790701596e-02,1.933104199849107196e-01,2.211417553860340335e-01,5.095625306875201793e-02,1.483180245021137045e-01,4.286073554243560180e-01,1.909033208387722613e-01,2.404704022609966130e-01,1.674790127300815612e-01,4.841742212854627941e-02,1.393602625055387345e-01
1.643054740548243603e-02,3.393890039878806608e-02,2.850196998910218757e-02,1.427493622983605319e-02,5.289630312683376440e-02,6.592577512185190947e-02,7.548231800055087148e-02,1.154449540735063423e-02,8.672742296683950969e-02,0.000000000000000000e+00,6.193789444690609575e-02,4.444151707124294887e-02,9.869106499167694391e-02,3.450175442798462250e-02,2.701699340143468020e-02,2.404704022609966199e-02,1.950828113959977503e-02,4.162724692526017373e-02,3.819024466186843325e-02,6.830892303270541532e-02,3.425026645749254528e-02,1.131935379567201166e-01,1.015053351376597190e-01,3.505263283953869574e-02,8.775732608409278490e-02,1.994060093649329957e-01,1.009185298731782032e-01,1.454079494149910778e-01,1.059363136653772852e-01,3.023843454726177563e-02,8.272756667425122667e-02,2.898099469480138607e-02,2.055015987449552647e-02,2.875345795959426479e-02,1.532879058237428607e-02,3.543585260409805315e-02,1.408332634755637448e-02,7.867980791109301444e-03,3.220243584062847803e-02,2.129264816832928189e-02,3.032226387075913354e-02,1.754427984623306916e-02,2.831036010682250886e-02,1.117325126043375652e-02,6.071638144737314877e-03,2.385543034381998329e-02,3.128031328215753054e-02,5.292025436211872380e-02,1.335281367136510050e-02,4.736356777600804480e-02,7.131480306096786570e-02,7.652419673544663681e-02,1.801132893428978449e-02,9.485886734608336979e-02,5.726740356633893553e-02,7.786546591140437734e-02,6.162652838820162349e-02,1.153251978970815383e-01,3.459755936912446012e-02,4.263319880722848260e-02,3.031028825311665384e-02,2.102918458019472497e-02,3.579512113337245116e-02,4.088475863142641831e-02,6.496772571045351941e-02,4.739949462893548737e-02,1.149180268972372215e-01,1.320072332730560516e-01,3.028633701783169443e-02,8.968540052453205513e-02,2.571165107840436836e-01,1.141396117504760305e-01,1.460187059147575461e-01,1.003317246086966874e-01,2.950792187107049991e-02,8.446403123241080779e-02
1.925679316910769781e-02,3.956744069075362330e-02,3.397482725171550866e-02,1.646647425840987861e-02,6.131516232949714429e-02,7.735051435277774667e-02,8.790103349580254133e-02,1.346059423014741956e-02,1.008945786378932508e-01,6.193789444690609575e-02,0.000000000000000000e+00,5.258493706812929214e-02,1.150018562207345829e-01,3.950756260254122826e-02,3.204675281127623843e-02,2.802294528340299254e-02,2.305306396177382935e-02,4.896830054010035266e-02,4.493251739458462707e-02,7.964983294013389115e-02,3.996263607295546388e-02,1.322227943906207071e-01,1.192052980132450313e-01,4.118414907248841433e-02,1.029543848723997873e-01,2.339676418811300063e-01,1.184268828664838402e-01,1.699579655820749047e-01,1.236362765409625974e-01,3.490892542782893931e-02,9.734979581571918950e-02,3.416643713399518389e-02,2.408296707902710110e-02,3.416643713399518389e-02,1.809515825778714587e-02,4.102846604313617473e-02,1.635869369962755782e-02,9.317030525849371442e-03,3.756751254445948179e-02,2.456199178472629613e-02,3.566338933930517791e-02,2.053818425685304677e-02,3.304072907560207106e-02,1.294564267152078368e-02,7.173394967845466569e-03,2.789121348933571234e-02,3.629809707435661253e-02,6.289594385830449275e-02,1.559225417050884473e-02,5.526747542004478708e-02,8.438020190891344641e-02,8.901476593655317793e-02,2.124474569775936308e-02,1.110738536340011712e-01,6.632097050405375005e-02,9.151767002383147387e-02,7.235668179586361715e-02,1.346059423014741852e-01,4.011831910230770348e-02,5.039339903955546845e-02,3.560351125109277592e-02,2.444223560830149911e-02,4.199849107217704797e-02,4.799827551105947943e-02,7.662000167658647443e-02,5.569859765517406330e-02,1.351448450953857960e-01,1.551321509406847765e-01,3.567536495694765414e-02,1.046788738129169061e-01,3.022166868256230265e-01,1.344622348897644426e-01,1.698142581703651344e-01,1.178640288372872769e-01,3.456163251619702448e-02,9.885872363867166668e-02
1.403542387698645567e-02,2.865765301845442717e-02,2.431050381423421891e-02,1.201154449540735129e-02,4.475288312994742806e-02,5.598601247859358310e-02,6.403362753434008181e-02,9.903835790330885527e-03,7.279977964863537654e-02,4.444151707124294887e-02,5.258493706812929214e-02,0.000000000000000000e+00,8.319461576230793853e-02,2.839418943031987025e-02,2.338838125576326449e-02,2.019089134522112847e-02,1.650240111133731771e-02,3.530412081003077990e-02,3.259763122283031861e-02,5.736320850747877315e-02,2.938816569464570289e-02,9.530196519885512918e-02,8.634420320228015922e-02,2.972348298863513802e-02,7.424882938337544480e-02,1.698861118762200195e-01,8.473947043818784441e-02,1.224267391590721232e-01,8.861957055435133734e-02,2.482545537286085652e-02,7.066811970827395484e-02,2.511287019628037284e-02,1.766403602265786965e-02,2.504101649042549463e-02,1.319713064201286264e-02,2.932828760643330090e-02,1.185586146605511169e-02,6.742272732716189480e-03,2.775948169526843215e-02,1.815503634599954438e-02,2.623857825467348567e-02,1.512520508245212766e-02,2.367579607918278428e-02,9.400859849346729358e-03,5.185442439193801295e-03,2.040645246278576658e-02,2.632240757817084359e-02,4.535166401207142012e-02,1.135288552507095552e-02,4.036980707279978070e-02,6.083613762379794926e-02,6.501562818102343821e-02,1.559225417050884473e-02,8.005700393997820796e-02,4.769888506999748340e-02,6.679999520975293814e-02,5.282444942097888618e-02,9.822401590362023205e-02,2.894506784187394349e-02,3.699268289762044221e-02,2.554399243140964906e-02,1.771193849322778846e-02,3.040609319425649493e-02,3.469336431026430467e-02,5.486030442020047027e-02,4.123205154305833314e-02,9.720608840400943307e-02,1.131336598685077216e-01,2.617870016646108369e-02,7.602122079446246850e-02,2.202914865334179573e-01,9.663125875717040736e-02,1.227860076883465212e-01,8.471551920290289195e-02,2.475360166700597483e-02,7.176987653138210133e-02
3.102882531166544985e-02,6.317138306408152937e-02,5.402201118522687723e-02,2.632240757817084359e-02,9.834377208004502213e-02,1.244386429230087548e-01,1.407614097697088840e-01,2.147228243296648090e-02,1.631677903787887851e-01,9.869106499167694391e-02,1.150018562207345829e-01,8.319461576230793853e-02,0.000000000000000000e+00,6.305162688765672541e-02,5.120774103924410209e-02,4.477683436523238747e-02,3.629809707435661253e-02,7.790139276433181992e-02,7.142258361975019343e-02,1.272050105984216251e-01,6.457253032825167882e-02,2.122199202423865061e-01,1.903644180448606504e-01,6.646467791576350648e-02,1.653593284073626157e-01,3.760703208267966446e-01,1.886399291043435456e-01,2.721698621606409296e-01,1.992383507179382729e-01,5.614169550794582270e-02,1.554554926170317319e-01,5.535130474354214847e-02,3.877704992634994907e-02,5.379447445001975942e-02,2.877740919487922419e-02,6.463240841646407386e-02,2.621462701938852627e-02,1.480186340610517050e-02,6.160257715291666408e-02,3.992670922002802131e-02,5.640515909608038309e-02,3.278924110510999385e-02,5.201010742129025255e-02,2.058608672742296558e-02,1.146066608385327458e-02,4.486066368872974885e-02,5.854879465408428102e-02,9.968504125600277654e-02,2.480150413757589711e-02,8.779325293702022748e-02,1.350131133013185158e-01,1.420547764750967057e-01,3.445385195741470369e-02,1.781971905201010786e-01,1.058644599595224139e-01,1.458031447971929184e-01,1.161395398967701720e-01,2.151539465647940852e-01,6.350670035807096103e-02,8.151802929236075246e-02,5.678837886063974050e-02,3.901656227919955006e-02,6.718321497431230249e-02,7.618887944145719127e-02,1.221632755709375767e-01,9.014047399494629076e-02,2.169622648288085376e-01,2.505778235512496344e-01,5.820150174245236618e-02,1.684250865238374750e-01,4.869405889608756643e-01,2.142677508592505664e-01,2.711878615139575732e-01,1.884363436044214080e-01,5.464474330263583562e-02,1.579464210866675378e-01
1.034693364310264319e-02,2.156808737410631852e-02,1.826281690478186517e-02,8.957761996574973434e-03,3.325629019316671264e-02,4.240566207202136478e-02,4.774678754056740221e-02,7.353029232482665573e-03,5.574650012574398211e-02,3.450175442798462250e-02,3.950756260254122826e-02,2.839418943031987025e-02,6.305162688765672541e-02,0.000000000000000000e+00,1.725686502281355283e-02,1.543657114115660513e-02,1.267020346574374533e-02,2.620265140174604657e-02,2.450211369651389762e-02,4.379483371854903107e-02,2.171179478581607841e-02,7.242853550171850230e-02,6.456055471060920259e-02,2.259799049135959026e-02,5.583032944924134350e-02,1.262709124223081736e-01,6.488389638695615802e-02,9.352957378776810549e-02,6.833287426799036779e-02,1.941247619845993394e-02,5.295618121504616638e-02,1.845442678706154388e-02,1.286181334802342403e-02,1.816701196364202409e-02,9.784079613906086770e-03,2.235847813850999274e-02,8.921835143647534327e-03,5.137539968623881619e-03,2.017891572757864876e-02,1.324503311258278145e-02,1.889752463983329980e-02,1.110139755457887657e-02,1.804725578721722706e-02,7.137468114918026595e-03,3.939978204375890573e-03,1.519705878830700761e-02,1.985557405123169333e-02,3.347185131073135422e-02,8.323054261523538805e-03,2.979533669449001970e-02,4.560315198256349734e-02,4.835754404033387743e-02,1.173610528963031294e-02,6.091996694729530371e-02,3.711243907404524617e-02,4.981856939271642887e-02,3.939978204375890747e-02,7.313509694262482208e-02,2.202316084452055761e-02,2.763972551884363513e-02,1.966396416895201463e-02,1.358035040657221831e-02,2.296923463827646797e-02,2.585535849011412826e-02,4.202244230746200737e-02,3.041806881189897463e-02,7.432068308923032995e-02,8.398500652671161970e-02,1.966396416895201463e-02,5.683628133120965931e-02,1.644012789959642118e-01,7.332670682490449732e-02,9.271523178807947185e-02,6.436894482832952735e-02,1.899332958097313742e-02,5.389027939115959703e-02
8.730225261367855621e-03,1.740057243452330926e-02,1.519705878830700761e-02,7.269199908985305922e-03,2.731638384249667623e-02,3.469336431026430467e-02,3.923212339676418470e-02,6.071638144737314877e-03,4.505227357100942409e-02,2.701699340143468020e-02,3.204675281127623843e-02,2.338838125576326449e-02,5.120774103924410209e-02,1.725686502281355283e-02,0.000000000000000000e+00,1.240673987760918841e-02,1.003556758439816572e-02,2.168784355053111901e-02,2.010706202172377055e-02,3.560351125109277592e-02,1.808318264014466617e-02,5.907572183035340180e-02,5.361484018538256041e-02,1.881369531633593842e-02,4.589056680598301713e-02,1.055530939008179347e-01,5.218974168592745155e-02,7.556614732404823287e-02,5.500401183191023363e-02,1.531681496473180637e-02,4.384273618911895681e-02,1.540064428822916602e-02,1.098164137815407781e-02,1.531681496473180637e-02,8.083541908673939555e-03,1.762810916973043054e-02,7.281175526627785624e-03,4.155539321940528684e-03,1.706525514053387413e-02,1.117325126043375652e-02,1.608325449385052119e-02,9.161347496497131843e-03,1.427493622983605319e-02,5.676442762535477762e-03,3.149587439972216778e-03,1.256242290696142627e-02,1.635869369962755782e-02,2.811875022454283016e-02,6.909931379710908782e-03,2.438235752008909712e-02,3.796270792666131544e-02,3.926805024969162727e-02,9.784079613906086770e-03,4.912398356945259226e-02,2.888518975366154498e-02,4.078895369028657375e-02,3.271738739925511563e-02,5.990203944768451166e-02,1.761613355208794737e-02,2.328060069698094717e-02,1.583176652335844051e-02,1.073015340766200060e-02,1.880171969869345872e-02,2.124474569775936308e-02,3.432212016334742349e-02,2.561584613726453075e-02,6.096786941786522945e-02,7.109924194340322412e-02,1.667005975833203701e-02,4.671688442331413393e-02,1.376118223297366494e-01,5.986611259475707603e-02,7.506317138306407843e-02,5.250110774463193075e-02,1.507730261188220712e-02,4.428583404189070927e-02
7.472785408907464330e-03,1.534076620001676577e-02,1.311330131851550299e-02,6.371028585799312638e-03,2.381950349089254418e-02,3.020250769433433652e-02,3.413051028106774826e-02,5.245320527406200674e-03,3.950756260254122826e-02,2.404704022609966199e-02,2.802294528340299254e-02,2.019089134522112847e-02,4.477683436523238747e-02,1.543657114115660513e-02,1.240673987760918841e-02,0.000000000000000000e+00,8.897883908362573188e-03,1.875381722812353991e-02,1.744847490509323154e-02,3.095697160581056817e-02,1.543657114115660513e-02,5.123169227452906149e-02,4.627378657054237454e-02,1.587966899392836279e-02,3.990275798474306190e-02,9.064344993593044519e-02,4.599834736476533792e-02,6.616528747470150351e-02,4.824976348155156358e-02,1.366417973006957796e-02,3.766331748559931941e-02,1.326898434786774085e-02,9.400859849346729358e-03,1.317317940672790150e-02,6.969809467923308161e-03,1.589164461157084249e-02,6.418931056369232314e-03,3.592685292743973136e-03,1.462222914146797149e-02,9.592469731626408064e-03,1.374800905356693762e-02,7.975761349891620500e-03,1.282588649509598493e-02,5.017783792199082861e-03,2.778343293055339502e-03,1.076608026058943970e-02,1.409530196519885592e-02,2.432247943187669861e-02,5.975833203597475524e-03,2.137647749182663981e-02,3.300480222267463543e-02,3.447780319269966309e-02,8.275151790953618261e-03,4.310024789528520139e-02,2.580745601954420945e-02,3.548375507466797890e-02,2.778343293055339502e-02,5.217776606828496838e-02,1.560422978815132443e-02,1.948432990431481562e-02,1.383183837706429727e-02,9.532591643414009552e-03,1.627486437613019990e-02,1.859813419877130031e-02,2.974743422392009742e-02,2.146030681532400120e-02,5.241727842113456937e-02,6.023735674167395027e-02,1.386776522999173637e-02,4.068117313150425990e-02,1.168820281906039343e-01,5.211788798007257334e-02,6.581799456306959561e-02,4.595044489419541911e-02,1.335281367136510050e-02,3.834592769122067285e-02
5.975833203597475524e-03,1.247859358346406662e-02,1.071817779001952090e-02,5.221369292121241269e-03,1.938852496317497454e-02,2.466977234350861692e-02,2.768762798941355394e-02,4.287271116007808011e-03,3.210663089948864041e-02,1.950828113959977503e-02,2.305306396177382935e-02,1.650240111133731771e-02,3.629809707435661253e-02,1.267020346574374533e-02,1.003556758439816572e-02,8.897883908362573188e-03,0.000000000000000000e+00,1.541261990587164572e-02,1.443061925918829279e-02,2.556794366669460847e-02,1.245464234817910722e-02,4.191466174867968658e-02,3.791480545609139663e-02,1.284983773038094433e-02,3.235811886998071762e-02,7.338658491311689236e-02,3.783097613259403524e-02,5.378249883237728318e-02,3.953151383782618766e-02,1.119720249571871593e-02,3.062165431182113304e-02,1.061039723123720184e-02,7.508712261834904304e-03,1.074212902530448030e-02,5.664467144892998060e-03,1.323305749494030174e-02,5.221369292121241269e-03,2.946001940050057936e-03,1.167622720141791269e-02,7.724273379399542415e-03,1.129300743685855528e-02,6.502760379866591965e-03,1.062237284887968154e-02,4.131588086655569279e-03,2.275367352071182899e-03,8.622444702585536566e-03,1.148461731913823398e-02,1.991545213944409184e-02,4.874076380489323831e-03,1.723291378752859343e-02,2.676550543094259951e-02,2.792714034226315145e-02,6.634492173933870425e-03,3.506460845718117891e-02,2.118486760954696110e-02,2.901692154772882518e-02,2.257403925607463085e-02,4.253739386608864498e-02,1.283786211273846463e-02,1.559225417050884473e-02,1.129300743685855528e-02,7.820078320539382635e-03,1.330491120079518169e-02,1.528088811180436553e-02,2.435840628480413772e-02,1.723291378752859343e-02,4.259727195430104002e-02,4.877669065782067742e-02,1.104151946636647806e-02,3.314850963438439185e-02,9.466725746380369455e-02,4.280085745422319843e-02,5.378249883237728318e-02,3.723219525047004319e-02,1.090978767229919960e-02,3.130426451744248995e-02
1.290971581859334458e-02,2.689723722500987971e-02,2.305306396177382935e-02,1.105349508400895776e-02,4.136378333712561334e-02,5.319569356789576736e-02,5.930325856556051961e-02,9.185298731782091247e-03,6.937475300288611924e-02,4.162724692526017373e-02,4.896830054010035266e-02,3.530412081003077990e-02,7.790139276433181992e-02,2.620265140174604657e-02,2.168784355053111901e-02,1.875381722812353991e-02,1.541261990587164572e-02,0.000000000000000000e+00,3.070548363531849095e-02,5.422559668514903564e-02,2.704094463671963960e-02,8.970935175981700760e-02,8.087134593966684160e-02,2.767565237177107423e-02,6.948253356166844696e-02,1.589403973509933843e-01,8.059590673388980497e-02,1.144749290444654621e-01,8.410476270313640978e-02,2.353208866747302438e-02,6.555453097493503523e-02,2.322072260876854866e-02,1.645449864076739890e-02,2.306503957941630906e-02,1.219117876004454856e-02,2.726848137192675742e-02,1.107744631929391717e-02,6.263248027016993583e-03,2.575955354897428717e-02,1.669401099361699642e-02,2.420272325545190159e-02,1.403542387698645567e-02,2.217884387387279374e-02,8.730225261367855621e-03,4.814198292276924453e-03,1.851430487527394239e-02,2.452606493179885702e-02,4.286073554243560041e-02,1.044273858424248254e-02,3.684897548591068578e-02,5.797396500724524837e-02,5.992599068296947107e-02,1.447852172975821160e-02,7.517095194184640616e-02,4.470498065937750926e-02,6.198579691747602149e-02,4.877669065782067742e-02,9.120630396512699467e-02,2.669365172508772130e-02,3.384309545764822846e-02,2.389135719674742239e-02,1.658623043483467563e-02,2.847801875381722816e-02,3.275331425218255821e-02,5.173466821551321593e-02,3.743578075039220160e-02,9.125420643569692736e-02,1.051698741362585843e-01,2.411889393195454021e-02,7.120702250218555185e-02,2.047950373040489658e-01,9.096679161227740062e-02,1.142952947798282631e-01,7.944624744021172580e-02,2.287342969713663035e-02,6.675209273918301933e-02
1.192771517190999164e-02,2.463384549058117781e-02,2.137647749182663981e-02,1.004754320204064542e-02,3.790282983844892040e-02,4.883656874603307940e-02,5.440523094978623464e-02,8.406883585020896721e-03,6.337496856400369472e-02,3.819024466186843325e-02,4.493251739458462707e-02,3.259763122283031861e-02,7.142258361975019343e-02,2.450211369651389762e-02,2.010706202172377055e-02,1.744847490509323154e-02,1.443061925918829279e-02,3.070548363531849095e-02,0.000000000000000000e+00,5.018981353963331005e-02,2.465779672586613722e-02,8.303893273295570587e-02,7.493143958899679824e-02,2.577152916661676688e-02,6.436894482832952735e-02,1.462462426499646639e-01,7.432068308923032995e-02,1.059363136653772852e-01,7.784151467611942488e-02,2.186747781516831801e-02,6.080021077087050668e-02,2.093337963905488389e-02,1.490964396488748955e-02,2.126869693304432249e-02,1.111337317222135801e-02,2.537633378441492976e-02,1.013137252553800507e-02,5.676442762535477762e-03,2.308899081470126846e-02,1.517310755302204647e-02,2.225069757972767542e-02,1.276600840688358468e-02,2.049028178628312796e-02,7.975761349891620500e-03,4.454929763002526445e-03,1.724488940517107313e-02,2.260996610900207343e-02,3.967522124953594409e-02,9.592469731626408064e-03,3.392692478114558985e-02,5.298013245033112578e-02,5.458486521442343364e-02,1.317317940672790150e-02,6.920709435589141034e-02,4.087278301378393514e-02,5.672850077242733852e-02,4.481276121815983005e-02,8.347005496808497516e-02,2.492126031400069414e-02,3.129228889980000677e-02,2.215489263858783434e-02,1.512520508245212766e-02,2.627450510760092478e-02,3.008275151790953603e-02,4.835754404033387743e-02,3.427421769277750468e-02,8.465564111469049691e-02,9.738572266864663207e-02,2.247823431493479324e-02,6.530304300444295107e-02,1.891788318982551564e-01,8.430834820305857513e-02,1.054333377243931308e-01,7.385363400117360422e-02,2.141240434475408239e-02,6.145886974120690072e-02
2.114894075661952200e-02,4.375890686562159543e-02,3.780702489730907584e-02,1.790354837550746717e-02,6.729099553309461634e-02,8.617654455528543644e-02,9.658335628660047467e-02,1.489766834724500985e-02,1.132414404272900355e-01,6.830892303270541532e-02,7.964983294013389115e-02,5.736320850747877315e-02,1.272050105984216251e-01,4.379483371854903107e-02,3.560351125109277592e-02,3.095697160581056817e-02,2.556794366669460847e-02,5.422559668514903564e-02,5.018981353963331005e-02,0.000000000000000000e+00,4.392656551261631126e-02,1.473360238554303481e-01,1.327018190963198951e-01,4.571093254134581813e-02,1.141875142210459493e-01,2.595954636360370271e-01,1.316120378908542110e-01,1.885920266337736406e-01,1.382824569177155405e-01,3.884890363220483422e-02,1.079482174293139168e-01,3.739985389746475902e-02,2.647809060752308319e-02,3.744775636803468477e-02,1.981964719830425423e-02,4.487263930637222509e-02,1.804725578721722706e-02,1.020322623139288329e-02,4.113624660191849552e-02,2.707687148964707871e-02,3.898063542627210748e-02,2.247823431493479324e-02,3.622624336850172738e-02,1.415518005341125443e-02,7.844029555824342040e-03,3.075338610588840976e-02,4.058536819036441534e-02,6.962624097337820339e-02,1.701735266996395185e-02,6.003377124175179186e-02,9.396069602289737477e-02,9.697855166880231526e-02,2.377160102032262190e-02,1.230853981294085242e-01,7.314707256026729831e-02,1.006191394321162141e-01,7.950612552842413472e-02,1.480066584434092114e-01,4.405829730668359145e-02,5.585428068452630290e-02,3.969917248482090349e-02,2.711279834257451782e-02,4.651329892339197553e-02,5.306396177382848717e-02,8.605678837886064636e-02,6.111157682957498588e-02,1.515035387950133539e-01,1.734428703160365570e-01,3.991473360238554507e-02,1.155886614852160987e-01,3.352454402835826075e-01,1.495874399722165737e-01,1.873465623989557238e-01,1.310851107145851180e-01,3.803456163251619365e-02,1.095289989581212653e-01
1.096966576051159811e-02,2.187945343281079771e-02,1.865801228698370229e-02,9.137396261212172438e-03,3.437002263391734230e-02,4.304036980707279941e-02,4.931559345173227443e-02,7.568590350047303683e-03,5.610576865501838012e-02,3.425026645749254528e-02,3.996263607295546388e-02,2.938816569464570289e-02,6.457253032825167882e-02,2.171179478581607841e-02,1.808318264014466617e-02,1.543657114115660513e-02,1.245464234817910722e-02,2.704094463671963960e-02,2.465779672586613722e-02,4.392656551261631126e-02,0.000000000000000000e+00,7.353029232482664879e-02,6.640479982755111144e-02,2.367579607918278428e-02,5.730333041926637117e-02,1.320072332730560516e-01,6.491982323988360060e-02,9.429601331688682031e-02,6.853645976791253314e-02,1.906518328682801910e-02,5.427349915571895445e-02,1.962803731602457552e-02,1.368813096535453737e-02,1.900530519861561712e-02,1.029903117253272264e-02,2.210699016801791553e-02,9.017640084787373680e-03,5.233344909763720972e-03,2.180759972695591603e-02,1.403542387698645567e-02,1.997533022765649036e-02,1.172412967198783323e-02,1.777181658144018697e-02,7.137468114918026595e-03,3.928002586733410871e-03,1.601140078799563951e-02,2.028669628636096955e-02,3.484904733961653733e-02,8.706274026082894482e-03,3.105277654695040926e-02,4.666898195274421512e-02,4.993832556914122589e-02,1.232291055411182876e-02,6.184208950576625813e-02,3.659748751541860856e-02,5.109996048046178130e-02,4.142366142533800838e-02,7.512304947127648735e-02,2.186747781516831801e-02,2.942409254757314199e-02,1.965198855130953492e-02,1.355639917128725891e-02,2.349616181454558528e-02,2.632240757817084359e-02,4.213022286624432816e-02,3.264553369340023742e-02,7.499131767720920716e-02,8.887105852484342150e-02,2.114894075661952200e-02,5.846496533058692657e-02,1.725207477575655957e-01,7.447636611858256261e-02,9.388884231704250349e-02,6.511143312216327583e-02,1.876579284576601961e-02,5.526747542004478708e-02
