0.000000000000000000e+00,1.398838650747047732e-02,6.354798721210934767e-03,5.180400600247928554e-03,1.859463691524760112e-02,2.059111372088471420e-02,2.509297318457623729e-02,4.097344555359822525e-03,2.873360735956155890e-02,1.439290141580217876e-02,1.812487766686239968e-02,1.204410517387616633e-02,3.628890193775689832e-02,9.747504403992954258e-03,1.170483460559796490e-02,9.695308931950153905e-03,5.428329092451229798e-03,1.529327330854048442e-02,1.109153780909506032e-02,2.123050825340901809e-02,7.920662882494943630e-03,3.737195798264500435e-02,2.891629151171135753e-02,1.026945912442095606e-02,3.070398642917726920e-02,6.469628759705095544e-02,3.484047758856919502e-02,5.166046845436158413e-02,3.647158608990670042e-02,8.416519866901546118e-03,2.699810791413844932e-02,1.140471064135186244e-02,6.459189665296535474e-03,1.230508253409016810e-02,5.924186076857832287e-03,9.290794023618450734e-03,4.841130031969726258e-03,3.418803418803418800e-03,9.917139688132054973e-03,6.315652117178834936e-03,9.603966855875252853e-03,4.371370783584523946e-03,8.103347034644743999e-03,3.144777190578717380e-03,2.348796241926012860e-03,7.020290989756638837e-03,1.243557121419716811e-02,1.128727082925556208e-02,6.276505513146734237e-03,1.747243426632739613e-02,2.230051543028642100e-02,2.450577412409473549e-02,5.049911920140927671e-03,2.904678019181836102e-02,1.606315652117178833e-02,2.266588373458602521e-02,1.850329483917270007e-02,3.835062308344751314e-02,9.303842891629150388e-03,1.066092516474195784e-02,9.630064591896652162e-03,5.597964376590330512e-03,1.216154498597246669e-02,1.393619103542767697e-02,2.282247015071442453e-02,1.222678932602596670e-02,3.867684478371501144e-02,3.579304495335029757e-02,9.303842891629150388e-03,2.630651790957134334e-02,7.728844522737653155e-02,3.523194362889019160e-02,5.035558165329157704e-02,3.163045605793697590e-02,6.915900045671038131e-03,2.678932602596724791e-02
1.398838650747047732e-02,0.000000000000000000e+00,1.816402427089449864e-02,1.481046519214458158e-02,5.326547921967769023e-02,5.858941736804332279e-02,7.089449990213349262e-02,1.157434592549096315e-02,8.189469563515365536e-02,4.186076857832583126e-02,5.130814901807267958e-02,3.388791022378808554e-02,1.019638546356103626e-01,2.847262999934755540e-02,3.210021530632217734e-02,2.750701376655574973e-02,1.544985972466888548e-02,4.290467801918183832e-02,3.146082077379787345e-02,6.223005154302864439e-02,2.166112089776212057e-02,1.083577999608534015e-01,8.122920336660795215e-02,2.868141188751875681e-02,8.721863378351928098e-02,1.817315847850199118e-01,9.957591178965224943e-02,1.486657532459059183e-01,1.061133946630129776e-01,2.389247732759183090e-02,7.561819012200692025e-02,3.152606511385137172e-02,1.799438898675539966e-02,3.320936908723168268e-02,1.637632935342859045e-02,2.668493508188164720e-02,1.376655575128857625e-02,9.499575911789652147e-03,2.714164546225614899e-02,1.757682521041299684e-02,2.612383375742154470e-02,1.165263913355516455e-02,2.360540223135643156e-02,9.082012135447249321e-03,6.380896457232334944e-03,1.941671559992170712e-02,3.577999608533959791e-02,3.198277549422587351e-02,1.778560709858419825e-02,4.950740523259607173e-02,6.264761531937104722e-02,7.015071442552359149e-02,1.409277745155607803e-02,8.327787564428786038e-02,4.640177464604945679e-02,6.491811835323285651e-02,5.209108109871468661e-02,1.075096235401578892e-01,2.703725451817054828e-02,2.926861094800026208e-02,2.719384093429895108e-02,1.603705878515038902e-02,3.427937626410908906e-02,4.033405102107392309e-02,6.538787760161805795e-02,3.396620343185228347e-02,1.114242839433679105e-01,9.962810726169504805e-02,2.547139035688654116e-02,7.463952502120441146e-02,2.185685391792261956e-01,9.973249820578064528e-02,1.428590069811443986e-01,9.040255757813009385e-02,2.021269654857441034e-02,7.457428068115090625e-02
6.354798721210934767e-03,1.816402427089449864e-02,0.000000000000000000e+00,6.641873817446336710e-03,2.342271807920662946e-02,2.620212696548574263e-02,3.135642982971226927e-02,5.206498336269328731e-03,3.677171005415279942e-02,1.850329483917270007e-02,2.310954524694982734e-02,1.487570953219808159e-02,4.538396294121484903e-02,1.251386442226136951e-02,1.492790500424088194e-02,1.237032687414366811e-02,6.863704573628237778e-03,1.932537352384680607e-02,1.460168330397338017e-02,2.827689697918705711e-02,9.760553272003653913e-03,4.910289032426436856e-02,3.686305213022770394e-02,1.282703725451816990e-02,3.891172440790761217e-02,8.257323677171005127e-02,4.480981274874404341e-02,6.679715534677366229e-02,4.736739087884125898e-02,1.092190252495595960e-02,3.396620343185228347e-02,1.374045801526717521e-02,7.855418542441443622e-03,1.492790500424088194e-02,7.176877405885039897e-03,1.203105630586546668e-02,6.185163437071834053e-03,4.227833235466823408e-03,1.195276309780126528e-02,7.855418542441443622e-03,1.182227441769426526e-02,5.284791544333529260e-03,1.047824101259215747e-02,3.940758139231421465e-03,2.988190774450316320e-03,9.068963267436549666e-03,1.601096104912898971e-02,1.445814575585567877e-02,8.038102694591243991e-03,2.185685391792261886e-02,2.832909245122985573e-02,3.126508775363737169e-02,6.263456645136034583e-03,3.752854439877340714e-02,2.068245579695961525e-02,2.907287792783976033e-02,2.320088732302472839e-02,4.831995824362236847e-02,1.210934951392966634e-02,1.366216480720297555e-02,1.218764272199386774e-02,7.242121745938539905e-03,1.525412670450838372e-02,1.841195276309780249e-02,2.954263717622496177e-02,1.538461538461538547e-02,5.013375089710967597e-02,4.474456840869054514e-02,1.161349252952306385e-02,3.362693286357408551e-02,9.928883669341684315e-02,4.480981274874404341e-02,6.430482155672995193e-02,4.082990800548052385e-02,9.055914399425850012e-03,3.354863965550988758e-02
5.180400600247928554e-03,1.481046519214458158e-02,6.641873817446336710e-03,0.000000000000000000e+00,1.967769296013570715e-02,2.162197429373001814e-02,2.625432243752854472e-02,4.240882103477523063e-03,2.992105434853526563e-02,1.551510406472238549e-02,1.896000521954720533e-02,1.267045083838976884e-02,3.777647289097670752e-02,1.060872969269915748e-02,1.178312781366216457e-02,1.013897044431395604e-02,5.637110980622431211e-03,1.582827689697918760e-02,1.153519932145886419e-02,2.254844392248972484e-02,8.038102694591243991e-03,3.956416780844261571e-02,2.996020095256736460e-02,1.066092516474195784e-02,3.230899719449337876e-02,6.738435440725516756e-02,3.649768382592809973e-02,5.498792979709010015e-02,3.891172440790761217e-02,8.847132511254648599e-03,2.810726169504795466e-02,1.173093234161936421e-02,6.720167025510537240e-03,1.256605989430416986e-02,6.185163437071834053e-03,1.002153063221765568e-02,5.154302864226528377e-03,3.549292098910419684e-03,1.002153063221765568e-02,6.576629477392835835e-03,9.760553272003653913e-03,4.319175311541723593e-03,8.729692699158348237e-03,3.379656814771318536e-03,2.322698505904612683e-03,7.176877405885039897e-03,1.317935669080707271e-02,1.179617668167286422e-02,6.602727213414236011e-03,1.839890389508710283e-02,2.308344751092842803e-02,2.596724734129314191e-02,5.219547204280028385e-03,3.079532850525217025e-02,1.709401709401709574e-02,2.427089449990213477e-02,1.950805767599660817e-02,3.991648724473152027e-02,1.006067723624975464e-02,1.081751158087035890e-02,9.995432896196254635e-03,5.911137208847132632e-03,1.259215763032556917e-02,1.498010047628368230e-02,2.368369543942062949e-02,1.259215763032556917e-02,4.085600574150192316e-02,3.675866118614209976e-02,9.460429307757551448e-03,2.748091603053435042e-02,8.082468845827624204e-02,3.660207477001370391e-02,5.284791544333528740e-02,3.293534285900698300e-02,7.372610426045540788e-03,2.766360018268415252e-02
1.859463691524760112e-02,5.326547921967769023e-02,2.342271807920662946e-02,1.967769296013570715e-02,0.000000000000000000e+00,7.735368956743002289e-02,9.379526326091211508e-02,1.521498010047628302e-02,1.071573041038689916e-01,5.513146734520780329e-02,6.771057610752266587e-02,4.525347426110784554e-02,1.354602988190774515e-01,3.735890911463430469e-02,4.230443009068963339e-02,3.627585306974619866e-02,2.040842956873491210e-02,5.660598943041691283e-02,4.090820121354472177e-02,8.008090298166634091e-02,2.903373132380766136e-02,1.408625301755072612e-01,1.067788869315586808e-01,3.794610817511580997e-02,1.154302864226528363e-01,2.394728257323677223e-01,1.300841651986690273e-01,1.951327722320088665e-01,1.385659294056240665e-01,3.130423435766947066e-02,1.002283551901872460e-01,4.260455405493573239e-02,2.417955242382723371e-02,4.479676388073334375e-02,2.205258693808312062e-02,3.534938344098649543e-02,1.839890389508710283e-02,1.267045083838976884e-02,3.669341684608860149e-02,2.339662034318523015e-02,3.484047758856919502e-02,1.564559274482938550e-02,3.074313303320936816e-02,1.217459385398316635e-02,8.364324394858745765e-03,2.548443922489724081e-02,4.670189861029555578e-02,4.195211065440072884e-02,2.340966921119592981e-02,6.574019703790695557e-02,8.219481959939975435e-02,9.245122985581000208e-02,1.880341880341880254e-02,1.088797546812814016e-01,6.104260455405493419e-02,8.549618320610687106e-02,6.921119592875317472e-02,1.420369282964702717e-01,3.532328570496509612e-02,3.845501402753311038e-02,3.594963136947870036e-02,2.111306844131271773e-02,4.530566973315065110e-02,5.275657336726038982e-02,8.494813074965747168e-02,4.534481633718275007e-02,1.452599986951131905e-01,1.318718601161349147e-01,3.367912833561688413e-02,9.782736347621844020e-02,2.866314347230377590e-01,1.310106348274287236e-01,1.880602857702094455e-01,1.179487179487179460e-01,2.642395772166764370e-02,9.902785933320285006e-02
2.059111372088471420e-02,5.858941736804332279e-02,2.620212696548574263e-02,2.162197429373001814e-02,7.735368956743002289e-02,0.000000000000000000e+00,1.030991061525412672e-01,1.680694199778169293e-02,1.184054283290924547e-01,6.039016115351993064e-02,7.431330332093691315e-02,4.922033013636067239e-02,1.493442943824623281e-01,4.119527630978012805e-02,4.624518822992105399e-02,3.965550988451752024e-02,2.224831995824362238e-02,6.258237097931754200e-02,4.531871860116135076e-02,9.040255757813009385e-02,3.149996737782997241e-02,1.583219155738239681e-01,1.184837215371566527e-01,4.192601291837932953e-02,1.276440268806681155e-01,2.651790957134468329e-01,1.455209760553272114e-01,2.166895021856853898e-01,1.544203040386246395e-01,3.487962419260129399e-02,1.099889084621909069e-01,4.678019181835976065e-02,2.643700658967834682e-02,4.833300711163306812e-02,2.428394336791283442e-02,3.891172440790761217e-02,2.018659881255301103e-02,1.371436027924577590e-02,3.965550988451752024e-02,2.588895413322894398e-02,3.789391270307301135e-02,1.712011483003849505e-02,3.405754550792718799e-02,1.321850329483917341e-02,9.264696287597051425e-03,2.826384811117635398e-02,5.143863769817968307e-02,4.730214653878776071e-02,2.588895413322894398e-02,7.170352971879689896e-02,9.209891041952110446e-02,1.015462908592679597e-01,2.040842956873491210e-02,1.213414236314999672e-01,6.656227572258106850e-02,9.393880080902981822e-02,7.555294578195341504e-02,1.569648333007111762e-01,3.897696874796111738e-02,4.222613688262543546e-02,3.947282573236771813e-02,2.310954524694982734e-02,4.985972466888497628e-02,5.841978208390422034e-02,9.477392836171462387e-02,4.910289032426436856e-02,1.625106022052587029e-01,1.462125660598943000e-01,3.712402949044170397e-02,1.088667058132706950e-01,3.183271351210282263e-01,1.452991452991453103e-01,2.081946891107196440e-01,1.317805180400600240e-01,2.971227246036406422e-02,1.090754877014419033e-01
2.509297318457623729e-02,7.089449990213349262e-02,3.135642982971226927e-02,2.625432243752854472e-02,9.379526326091211508e-02,1.030991061525412672e-01,0.000000000000000000e+00,2.034318522868141035e-02,1.432113264174332823e-01,7.376525086448749990e-02,9.042865531415149316e-02,6.054674756964833343e-02,1.811182879885170072e-01,5.018594636915247459e-02,5.665818490245971145e-02,4.855483786781496919e-02,2.737652508644874971e-02,7.590526521824231265e-02,5.462256149279050288e-02,1.071442552358582850e-01,3.896391987995041772e-02,1.883604097344555306e-01,1.428459581131336920e-01,5.064265674952697638e-02,1.548378678149670562e-01,3.208716643831147630e-01,1.740458015267175584e-01,2.612905330462582110e-01,1.853591700919945129e-01,4.209564820251843198e-02,1.342728518301037344e-01,5.682782018659881390e-02,3.245253474261108190e-02,5.981601096104913196e-02,2.935995302407516314e-02,4.731519540679846036e-02,2.451882299210543514e-02,1.680694199778169293e-02,4.910289032426436856e-02,3.136947869772297587e-02,4.667580087427415647e-02,2.090428655314151632e-02,4.135186272590853085e-02,1.623279180531089078e-02,1.126117309323416277e-02,3.421413192405559078e-02,6.239968682716773990e-02,5.612318131402101173e-02,3.146082077379787345e-02,8.830168982840738701e-02,1.099236641221374017e-01,1.235597311933189779e-01,2.507992431656553764e-02,1.456384158674234874e-01,8.171201148300384631e-02,1.143602792457754230e-01,9.254257193188490660e-02,1.904482286161675586e-01,4.753702616298036143e-02,5.156912637828668655e-02,4.816337182749396567e-02,2.834214131924055538e-02,6.092516474195863729e-02,7.046388725778038320e-02,1.136164937691655219e-01,6.087296926991583174e-02,1.941280093951849584e-01,1.766294773928361594e-01,4.517518105304364762e-02,1.312194167155999180e-01,3.840151366868924110e-01,1.753376394597768728e-01,2.519736412866183661e-01,1.580739870816206816e-01,3.549292098910419857e-02,1.325764989887127376e-01
4.097344555359822525e-03,1.157434592549096315e-02,5.206498336269328731e-03,4.240882103477523063e-03,1.521498010047628302e-02,1.680694199778169293e-02,2.034318522868141035e-02,0.000000000000000000e+00,2.363149996737783087e-02,1.191361649376916632e-02,1.470607424805898088e-02,9.786651008025053222e-03,2.946434396816076037e-02,8.116395902655445388e-03,9.395184967704051440e-03,7.907614014484243975e-03,4.475761727670124653e-03,1.242252234618646846e-02,9.082012135447249321e-03,1.779865596659489790e-02,6.380896457232334944e-03,3.101715926143407132e-02,2.351406015528153051e-02,8.416519866901546118e-03,2.514516865661903938e-02,5.271742676322829085e-02,2.864226528348665785e-02,4.248711424283943550e-02,2.999934755659946356e-02,6.798460233574737770e-03,2.184380504991191921e-02,9.082012135447249321e-03,5.297840412344228915e-03,9.643113459907353552e-03,4.736739087884126419e-03,7.685783258302342040e-03,3.992953611274221819e-03,2.688066810204214722e-03,7.829320806420042578e-03,5.089058524173028369e-03,7.594441182227441856e-03,3.405754550792718712e-03,6.707118157499836718e-03,2.635871338161414369e-03,1.839890389508710066e-03,5.689306452665231564e-03,1.032165459646375641e-02,9.212500815554251071e-03,5.193449468258628209e-03,1.421021726365237839e-02,1.808573106283030071e-02,2.009525673647810998e-02,4.084295687349122871e-03,2.395772166764533265e-02,1.327069876688197377e-02,1.859463691524760112e-02,1.503229594832648265e-02,3.118679454557317030e-02,7.764076466366542570e-03,8.547008547008547868e-03,7.842369674430743967e-03,4.554054935734325182e-03,9.930188556142754627e-03,1.152215045344816280e-02,1.880341880341880254e-02,9.904090820121355318e-03,3.198277549422587351e-02,2.887714490767925857e-02,7.359561558034840266e-03,2.147843674561231847e-02,6.337835192797024175e-02,2.874665622757225855e-02,4.114308083773732944e-02,2.611078488941084505e-02,5.728453056697331396e-03,2.160892542571931849e-02
2.873360735956155890e-02,8.189469563515365536e-02,3.677171005415279942e-02,2.992105434853526563e-02,1.071573041038689916e-01,1.184054283290924547e-01,1.432113264174332823e-01,2.363149996737783087e-02,0.000000000000000000e+00,8.412605206498335875e-02,1.038689893651725676e-01,6.820643309192928050e-02,2.066027272134142445e-01,5.758465453121941469e-02,6.581849024597116737e-02,5.577086187773210718e-02,3.110850133750897237e-02,8.793632152410778280e-02,6.437006589678345714e-02,1.260912115873947803e-01,4.405297840412344262e-02,2.204997716448098000e-01,1.656814771318588231e-01,5.792392509949761958e-02,1.777255823057349859e-01,3.713055392444705172e-01,2.014223266131663082e-01,3.013114112350753770e-01,2.143798525477914885e-01,4.875057088797547095e-02,1.533372479937365473e-01,6.358713381614145010e-02,3.645853722189600077e-02,6.760618516343706863e-02,3.320936908723168268e-02,5.429633979252299764e-02,2.793762641090885221e-02,1.911659163567560465e-02,5.424414432048019902e-02,3.593658250146800071e-02,5.316108827559209299e-02,2.368369543942062949e-02,4.761531937104455936e-02,1.817707313890519830e-02,1.310106348274287132e-02,4.019051347295621995e-02,7.176877405885039030e-02,6.560970835779995902e-02,3.600182684152149898e-02,1.000326221700267443e-01,1.272656097083577909e-01,1.419064396163632891e-01,2.831604358321915607e-02,1.686696679063091342e-01,9.353428590069810811e-02,1.314673452078032323e-01,1.047563123899001719e-01,2.181640242708945132e-01,5.477914790891889874e-02,6.007698832126313199e-02,5.526195602531480677e-02,3.249168134664318086e-02,6.960266196907417824e-02,8.275592092385986032e-02,1.335160174854831405e-01,6.887192536047498370e-02,2.263195667775820541e-01,2.032622170026750219e-01,5.172571279441508241e-02,1.515756508122920454e-01,4.450838389769687375e-01,2.026619690741828239e-01,2.904286553141515181e-01,1.843283095191492194e-01,4.120832517779082771e-02,1.515365042082599256e-01
1.439290141580217876e-02,4.186076857832583126e-02,1.850329483917270007e-02,1.551510406472238549e-02,5.513146734520780329e-02,6.039016115351993064e-02,7.376525086448749990e-02,1.191361649376916632e-02,8.412605206498335875e-02,0.000000000000000000e+00,5.326547921967769023e-02,3.487962419260129399e-02,1.056697331506491755e-01,2.979056566842826215e-02,3.290924512298558369e-02,2.855092320741175679e-02,1.599791218111828658e-02,4.427480916030534369e-02,3.250473021465388052e-02,6.348274287205585287e-02,2.247015071442552345e-02,1.114895282834214157e-01,8.378678149670516773e-02,2.941214849611796175e-02,9.038950871011940114e-02,1.872773536895674384e-01,1.020160501076531612e-01,1.534938344098649432e-01,1.094017094017094016e-01,2.475370261629803587e-02,7.814967051608273652e-02,3.245253474261108190e-02,1.862073465126900390e-02,3.425327852808768975e-02,1.676779539374959049e-02,2.806811509101585569e-02,1.439290141580217876e-02,9.721406667971553214e-03,2.815945716709075328e-02,1.821621974293730073e-02,2.689371697005284861e-02,1.200495856984406563e-02,2.429699223592353408e-02,9.447380439746851793e-03,6.550531741371435658e-03,2.013440334051021241e-02,3.685000326221700429e-02,3.283095191492137882e-02,1.845109936712990145e-02,5.152997977425458065e-02,6.396555098845174703e-02,7.252560840347099802e-02,1.453643896391988016e-02,8.574411169831017143e-02,4.815032295948326602e-02,6.697983949892347133e-02,5.395706922424479968e-02,1.115286748874535078e-01,2.815945716709075328e-02,2.985581000848176389e-02,2.818555490311215606e-02,1.667645331767469291e-02,3.550596985711489822e-02,4.156064461407972532e-02,6.713642591505186719e-02,3.525804136491159091e-02,1.147778430221178259e-01,1.026032491681346664e-01,2.633261564559274612e-02,7.702746786716252458e-02,2.248189469563515452e-01,1.027598355842630623e-01,1.484178247537026041e-01,9.324721080446271571e-02,2.117831278136621601e-02,7.706661447119463049e-02
1.812487766686239968e-02,5.130814901807267958e-02,2.310954524694982734e-02,1.896000521954720533e-02,6.771057610752266587e-02,7.431330332093691315e-02,9.042865531415149316e-02,1.470607424805898088e-02,1.038689893651725676e-01,5.326547921967769023e-02,0.000000000000000000e+00,4.333529066353494080e-02,1.303581914268937270e-01,3.602792457754289829e-02,4.139100932994062981e-02,3.512755268480459436e-02,1.970379069615710993e-02,5.509232074117570432e-02,4.022966007698831892e-02,7.859333202844653865e-02,2.802896848698375326e-02,1.376655575128857556e-01,1.039211848372153663e-01,3.658902590200300425e-02,1.113851373393358185e-01,2.330136360670711781e-01,1.264826776277157838e-01,1.894956612513864491e-01,1.346904156064461511e-01,3.069093756116656954e-02,9.700528479154432726e-02,4.026880668102042482e-02,2.300515430286422663e-02,4.302211783127813521e-02,2.102172636523781668e-02,3.409669211195928695e-02,1.773341162654139616e-02,1.216154498597246669e-02,3.437071834018398664e-02,2.253539505447902519e-02,3.352254191948848133e-02,1.495400274026228299e-02,2.990800548052456598e-02,1.149605271742676349e-02,8.233835714751745749e-03,2.504077771253343868e-02,4.521432765707574658e-02,4.101259215763032595e-02,2.261368826254322312e-02,6.327396098388464452e-02,8.004175637763423501e-02,8.920206172114568399e-02,1.800743785476609932e-02,1.058393684347882779e-01,5.866771057610752071e-02,8.296470281203105479e-02,6.634044496639916744e-02,1.374437267567038545e-01,3.450120702029099012e-02,3.781561949500880648e-02,3.469694004045149188e-02,2.040842956873491210e-02,4.388334311998434017e-02,5.162132185032948517e-02,8.319958243622366245e-02,4.364846349579173945e-02,1.414366803679780737e-01,1.279832974489462927e-01,3.253082795067527982e-02,9.521758987407842600e-02,2.788673582566712494e-01,1.272656097083577909e-01,1.822665883734586045e-01,1.154302864226528363e-01,2.583675866118614189e-02,9.566125138644222814e-02
1.204410517387616633e-02,3.388791022378808554e-02,1.487570953219808159e-02,1.267045083838976884e-02,4.525347426110784554e-02,4.922033013636067239e-02,6.054674756964833343e-02,9.786651008025053222e-03,6.820643309192928050e-02,3.487962419260129399e-02,4.333529066353494080e-02,0.000000000000000000e+00,8.697070529131598060e-02,2.420565015984863302e-02,2.733737848241665075e-02,2.317478958700332908e-02,1.306191687871077235e-02,3.611926665361779587e-02,2.598029620930384156e-02,5.133424675409407889e-02,1.873817446336530426e-02,8.989365172571280038e-02,6.891107196450707573e-02,2.472760488027663656e-02,7.390878841260520304e-02,1.549814053630847455e-01,8.347360866444836214e-02,1.247863247863247871e-01,8.852352058458928807e-02,1.984732824427480960e-02,6.469628759705095544e-02,2.733737848241665075e-02,1.590657010504338900e-02,2.921641547595746000e-02,1.444509688784497911e-02,2.266588373458602521e-02,1.170483460559796490e-02,8.142493638676844697e-03,2.344881581522802877e-02,1.526717557251908337e-02,2.253539505447902519e-02,1.003457950022835533e-02,1.952110654400730783e-02,7.790174202387942747e-03,5.350035884387029268e-03,1.637632935342859045e-02,3.057349774907026918e-02,2.681542376198864722e-02,1.517583349644418406e-02,4.234357669472173236e-02,5.258693808312128737e-02,5.922881190056762668e-02,1.199190970183336598e-02,6.998107914138448904e-02,3.908135969204671462e-02,5.481829451295100464e-02,4.517518105304364762e-02,9.145951588699680057e-02,2.275722581066092626e-02,2.477980035231943517e-02,2.295295883082142455e-02,1.353167612709597380e-02,2.898153585176485927e-02,3.343119984341358375e-02,5.407450903634109657e-02,2.915117113590396172e-02,9.309062438833430597e-02,8.453056697331506886e-02,2.194819599399751991e-02,6.286944607555294828e-02,1.851895348078554104e-01,8.387812357278005837e-02,1.209891041952110696e-01,7.548770144189990983e-02,1.693743067788869294e-02,6.393945325243034772e-02
3.628890193775689832e-02,1.019638546356103626e-01,4.538396294121484903e-02,3.777647289097670752e-02,1.354602988190774515e-01,1.493442943824623281e-01,1.811182879885170072e-01,2.946434396816076037e-02,2.066027272134142445e-01,1.056697331506491755e-01,1.303581914268937270e-01,8.697070529131598060e-02,0.000000000000000000e+00,7.204280028707508998e-02,8.173810921902524562e-02,6.979839498923468000e-02,3.919879950414301845e-02,1.097931754420304051e-01,7.912833561688523143e-02,1.558817772558230563e-01,5.596659489789260894e-02,2.737391531284660839e-01,2.069028511776603296e-01,7.309975859594179670e-02,2.227180792066288384e-01,4.631565211717883490e-01,2.520910810987146977e-01,3.766033796568147851e-01,2.681411887518757586e-01,6.088601813792653833e-02,1.930319044822861596e-01,8.172506035101455291e-02,4.646701898610295506e-02,8.524825471390357068e-02,4.223918575063613512e-02,6.767142950349057384e-02,3.511450381679389471e-02,2.411430808377373197e-02,7.029425197364128075e-02,4.509688784497944969e-02,6.699288836693416405e-02,3.012983623670646705e-02,5.964637567691002951e-02,2.324003392705682736e-02,1.623279180531089078e-02,4.958569844066026966e-02,9.016767795393750007e-02,8.162066940692895567e-02,4.522737652508644624e-02,1.264435310236836918e-01,1.589352123703268727e-01,1.777516800417563714e-01,3.584524042539309618e-02,2.102564102564102588e-01,1.171918836040973383e-01,1.644157369348208941e-01,1.335682129575259391e-01,2.746003784171723305e-01,6.819338422391857391e-02,7.449598747308670832e-02,6.953741762902068690e-02,4.059502838128792312e-02,8.776668623996868035e-02,1.020682455796959598e-01,1.645070790108958125e-01,8.740131793566907614e-02,2.813466431787042255e-01,2.552489071573040835e-01,6.507470476936125237e-02,1.899654204997716367e-01,5.555033600835127539e-01,2.531741371436028176e-01,3.635023161740719155e-01,2.287336073595615527e-01,5.120375807398708234e-02,1.912050629607881524e-01
9.747504403992954258e-03,2.847262999934755540e-02,1.251386442226136951e-02,1.060872969269915748e-02,3.735890911463430469e-02,4.119527630978012805e-02,5.018594636915247459e-02,8.116395902655445388e-03,5.758465453121941469e-02,2.979056566842826215e-02,3.602792457754289829e-02,2.420565015984863302e-02,7.204280028707508998e-02,0.000000000000000000e+00,2.235271090232922309e-02,1.946891107196450574e-02,1.096104912898806030e-02,3.020812944477066497e-02,2.193514712598682026e-02,4.263065179095713170e-02,1.526717557251908337e-02,7.508318653356821359e-02,5.671038037450251007e-02,2.009525673647810998e-02,6.148626606641873632e-02,1.266392640438442074e-01,6.923729366477457403e-02,1.042604554054935712e-01,7.415671690480850342e-02,1.671559992170679187e-02,5.326547921967769023e-02,2.252234618646832554e-02,1.281398838650747024e-02,2.377503751549553054e-02,1.166568800156586420e-02,1.876427219938670357e-02,9.943237424153454282e-03,6.824557969596137946e-03,1.941671559992170712e-02,1.229203366607946844e-02,1.867293012331180252e-02,8.286031186794546102e-03,1.654596463756768943e-02,6.511385137339335827e-03,4.449663991648724476e-03,1.345338291903177413e-02,2.481894695635153761e-02,2.227441769426502169e-02,1.235727800613296845e-02,3.497096626867619157e-02,4.388334311998434017e-02,4.952045410060677139e-02,1.006067723624975464e-02,5.817185359170091996e-02,3.283095191492137882e-02,4.594506426567495500e-02,3.674561231813140011e-02,7.591831408625301925e-02,1.882951653944020184e-02,2.046062504077771418e-02,1.916878710771840674e-02,1.136556403731976174e-02,2.433613883995563304e-02,2.851177660337965783e-02,4.526652312911855214e-02,2.410125921576303232e-02,7.728844522737653155e-02,6.983754159326678590e-02,1.768121615449859754e-02,5.213022770274678558e-02,1.521237032687414448e-01,6.977229725321328069e-02,1.001500619821230481e-01,6.271285965942453855e-02,1.391009329940627592e-02,5.240425393097148526e-02
1.170483460559796490e-02,3.210021530632217734e-02,1.492790500424088194e-02,1.178312781366216457e-02,4.230443009068963339e-02,4.624518822992105399e-02,5.665818490245971145e-02,9.395184967704051440e-03,6.581849024597116737e-02,3.290924512298558369e-02,4.139100932994062981e-02,2.733737848241665075e-02,8.173810921902524562e-02,2.235271090232922309e-02,0.000000000000000000e+00,2.219612448620082376e-02,1.222678932602596670e-02,3.450120702029099012e-02,2.595419847328244226e-02,4.995106674495987387e-02,1.777255823057349859e-02,8.631826189078097011e-02,6.619690741828146430e-02,2.350101128727083086e-02,6.938083121289227717e-02,1.495400274026228160e-01,7.988516996150583915e-02,1.182749396489854443e-01,8.356495074052325278e-02,1.903829842761140326e-02,6.148626606641873632e-02,2.517126639264043869e-02,1.458863443596268052e-02,2.768969791870555183e-02,1.323155216284987307e-02,2.099562862921641390e-02,1.101324460103086066e-02,7.607490050238141510e-03,2.173941410582631850e-02,1.422326613166307804e-02,2.196124486200821957e-02,9.799699876035754612e-03,1.856853917922620181e-02,7.163828537874339375e-03,5.402231356429829622e-03,1.637632935342859045e-02,2.870750962354015959e-02,2.570626998107914188e-02,1.439290141580217876e-02,3.965550988451752024e-02,5.021204410517387390e-02,5.590135055783911067e-02,1.141775950936256209e-02,6.618385855027075770e-02,3.694134533829190187e-02,5.202583675866118834e-02,4.229138122267893374e-02,8.596594245449207250e-02,2.141319240555881673e-02,2.509297318457623729e-02,2.192209825797612061e-02,1.270959744242186953e-02,2.733737848241665075e-02,3.268741436680368262e-02,5.276962223527108947e-02,2.806811509101585569e-02,8.882364454883538707e-02,8.091603053435114656e-02,2.100867749722711703e-02,5.977686435701702605e-02,1.790435179748156858e-01,7.995041430155934437e-02,1.141253996215828292e-01,7.186011613492529482e-02,1.554120180074378479e-02,6.078162719384093415e-02
9.695308931950153905e-03,2.750701376655574973e-02,1.237032687414366811e-02,1.013897044431395604e-02,3.627585306974619866e-02,3.965550988451752024e-02,4.855483786781496919e-02,7.907614014484243975e-03,5.577086187773210718e-02,2.855092320741175679e-02,3.512755268480459436e-02,2.317478958700332908e-02,6.979839498923468000e-02,1.946891107196450574e-02,2.219612448620082376e-02,0.000000000000000000e+00,1.064787629673125818e-02,2.929470868402166139e-02,2.154368108566582021e-02,4.197820839042212815e-02,1.491485613623018229e-02,7.329549161610229846e-02,5.560122659359300473e-02,1.952110654400730783e-02,5.976381548900632640e-02,1.239250994976185821e-01,6.738435440725516756e-02,1.014027533111502566e-01,7.206889802309650317e-02,1.646767142950349150e-02,5.154302864226528030e-02,2.162197429373001814e-02,1.250081555425066812e-02,2.290076335877862593e-02,1.120897762119136241e-02,1.828146408299079900e-02,9.473478175768252837e-03,6.511385137339335827e-03,1.867293012331180252e-02,1.199190970183336598e-02,1.803353559078749863e-02,8.025053826580544336e-03,1.624584067332159043e-02,6.289554381157434759e-03,4.423566255627324299e-03,1.324460103086057272e-02,2.421869902785933268e-02,2.175246297383701816e-02,1.221374045801526705e-02,3.396620343185228347e-02,4.270894499902133656e-02,4.770666144711946388e-02,9.682260063939452516e-03,5.642330527826711073e-02,3.170874926600117383e-02,4.443139557643374649e-02,3.555816532915769684e-02,7.338683369217720298e-02,1.867293012331180252e-02,2.003001239642461170e-02,1.863378351927970356e-02,1.097409799699875996e-02,2.351406015528153051e-02,2.774189339074835392e-02,4.440529784041234718e-02,2.335747373915312772e-02,7.557904351797481435e-02,6.798460233574737943e-02,1.734194558622039611e-02,5.102107392183728024e-02,1.487309975859594235e-01,6.794545573171527353e-02,9.721406667971553561e-02,6.151236380244013563e-02,1.367521367521367520e-02,5.104717165785867955e-02
5.428329092451229798e-03,1.544985972466888548e-02,6.863704573628237778e-03,5.637110980622431211e-03,2.040842956873491210e-02,2.224831995824362238e-02,2.737652508644874971e-02,4.475761727670124653e-03,3.110850133750897237e-02,1.599791218111828658e-02,1.970379069615710993e-02,1.306191687871077235e-02,3.919879950414301845e-02,1.096104912898806030e-02,1.222678932602596670e-02,1.064787629673125818e-02,0.000000000000000000e+00,1.646767142950349150e-02,1.205715404188686599e-02,2.339662034318523015e-02,8.429568734912245773e-03,4.109088536569452388e-02,3.113459907353037168e-02,1.094800026097736065e-02,3.366607946760618447e-02,6.958961310106348552e-02,3.773732628694460856e-02,5.689306452665231217e-02,4.026880668102042482e-02,9.277745155607751079e-03,2.890324264370065788e-02,1.223983819403666809e-02,6.994193253735238661e-03,1.281398838650747024e-02,6.289554381157434759e-03,1.025641025641025640e-02,5.271742676322828738e-03,3.640634174985319868e-03,1.045214327657075816e-02,6.746264761531937416e-03,1.002153063221765568e-02,4.423566255627324299e-03,9.134207607490049674e-03,3.523194362889019507e-03,2.466236054022313655e-03,7.463952502120440972e-03,1.358387159913877415e-02,1.216154498597246669e-02,6.915900045671038131e-03,1.914268937169700396e-02,2.390552619560253056e-02,2.673713055392444582e-02,5.389182488419129967e-03,3.159130945390487694e-02,1.775950936256279894e-02,2.481894695635153761e-02,1.984732824427480960e-02,4.127356951784432598e-02,1.049128988060285712e-02,1.115678214914856206e-02,1.056958308866705852e-02,6.198212305082533707e-03,1.332289423892477412e-02,1.534546878058328477e-02,2.488419129640503588e-02,1.312716121876427236e-02,4.246101650681803619e-02,3.835062308344751314e-02,9.603966855875252853e-03,2.856397207542245645e-02,8.336921772036276490e-02,3.824623213936190896e-02,5.466170809682260184e-02,3.482742872055848843e-02,7.790174202387942747e-03,2.852482547139035748e-02
1.529327330854048442e-02,4.290467801918183832e-02,1.932537352384680607e-02,1.582827689697918760e-02,5.660598943041691283e-02,6.258237097931754200e-02,7.590526521824231265e-02,1.242252234618646846e-02,8.793632152410778280e-02,4.427480916030534369e-02,5.509232074117570432e-02,3.611926665361779587e-02,1.097931754420304051e-01,3.020812944477066497e-02,3.450120702029099012e-02,2.929470868402166139e-02,1.646767142950349150e-02,0.000000000000000000e+00,3.366607946760618447e-02,6.563580609382135833e-02,2.324003392705682736e-02,1.151823579304495360e-01,8.684021661120898405e-02,3.044300906896326916e-02,9.358648137274092060e-02,1.939975207150779757e-01,1.056044888105956842e-01,1.586220395380700809e-01,1.126769752723951190e-01,2.588895413322894398e-02,8.047236902198734443e-02,3.421413192405559078e-02,1.952110654400730783e-02,3.559731193318979581e-02,1.757682521041299684e-02,2.847262999934755540e-02,1.474522085209108158e-02,1.013897044431395604e-02,2.939909962810726210e-02,1.873817446336530426e-02,2.825079924316565433e-02,1.259215763032556917e-02,2.530175507274743871e-02,9.786651008025053222e-03,6.850655705617537256e-03,2.079989560905591561e-02,3.756769100280550611e-02,3.429242513211978871e-02,1.894695635153650567e-02,5.271742676322829085e-02,6.718862138709466580e-02,7.457428068115090625e-02,1.514973576042278301e-02,8.804071246819338004e-02,4.969008938474587384e-02,6.935473347687087786e-02,5.531415149735760539e-02,1.154302864226528363e-01,2.878580283160435752e-02,3.159130945390487694e-02,2.930775755203236105e-02,1.708096822600639261e-02,3.695439420630260152e-02,4.332224179552424115e-02,6.962875970509557755e-02,3.644548835388530111e-02,1.181966464409212464e-01,1.070659620277940871e-01,2.705030338618124794e-02,8.028968486983753539e-02,2.336399817315847893e-01,1.067658380635479881e-01,1.530762706335225543e-01,9.665296535525542965e-02,2.153063221765511709e-02,8.002870750962354229e-02
1.109153780909506032e-02,3.146082077379787345e-02,1.460168330397338017e-02,1.153519932145886419e-02,4.090820121354472177e-02,4.531871860116135076e-02,5.462256149279050288e-02,9.082012135447249321e-03,6.437006589678345714e-02,3.250473021465388052e-02,4.022966007698831892e-02,2.598029620930384156e-02,7.912833561688523143e-02,2.193514712598682026e-02,2.595419847328244226e-02,2.154368108566582021e-02,1.205715404188686599e-02,3.366607946760618447e-02,0.000000000000000000e+00,4.937691655248906825e-02,1.696352841391009225e-02,8.536569452599987451e-02,6.434396816076205783e-02,2.231356429829712412e-02,6.772362497553337246e-02,1.437854766099040948e-01,7.801918183597572609e-02,1.165002935995302358e-01,8.263848111176355649e-02,1.893390748352580255e-02,5.930710510863182461e-02,2.368369543942062949e-02,1.371436027924577590e-02,2.612383375742154470e-02,1.251386442226136951e-02,2.095648202518431494e-02,1.077836497683825993e-02,7.372610426045540788e-03,2.042147843674561175e-02,1.354472499510667519e-02,2.065635806093821247e-02,9.160305343511450718e-03,1.842500163110850214e-02,6.889802309649637954e-03,5.206498336269328731e-03,1.560644614079728654e-02,2.783323546682325150e-02,2.524955960070464009e-02,1.404058197951327767e-02,3.828537874339400793e-02,4.908984145625366891e-02,5.459646375676910357e-02,1.096104912898806030e-02,6.529653552554315343e-02,3.609316891759639656e-02,5.096887844979448162e-02,4.043844196515952033e-02,8.428263848111176848e-02,2.126965485744111706e-02,2.382723298753833263e-02,2.134794806550531845e-02,1.260520649833626883e-02,2.669798394989234686e-02,3.247863247863248121e-02,5.179095713446858762e-02,2.668493508188164720e-02,8.753180661577608657e-02,7.791479089189012885e-02,2.013440334051021241e-02,5.840673321589352068e-02,1.724407907614014523e-01,7.804527957199712540e-02,1.118548965877210200e-01,7.123377047041169752e-02,1.572388595289358690e-02,5.852417302798982451e-02
2.123050825340901809e-02,6.223005154302864439e-02,2.827689697918705711e-02,2.254844392248972484e-02,8.008090298166634091e-02,9.040255757813009385e-02,1.071442552358582850e-01,1.779865596659489790e-02,1.260912115873947803e-01,6.348274287205585287e-02,7.859333202844653865e-02,5.133424675409407889e-02,1.558817772558230563e-01,4.263065179095713170e-02,4.995106674495987387e-02,4.197820839042212815e-02,2.339662034318523015e-02,6.563580609382135833e-02,4.937691655248906825e-02,0.000000000000000000e+00,3.303973380309258023e-02,1.686957656423305196e-01,1.262869446075552959e-01,4.411822274417694090e-02,1.330201605010765398e-01,2.805898088340836316e-01,1.543811574345925475e-01,2.271285965942454466e-01,1.629281659816010919e-01,3.644548835388530111e-02,1.152215045344816280e-01,4.744568408690546385e-02,2.706335225419194759e-02,4.992496900893847456e-02,2.497553337247993693e-02,4.017746460494552030e-02,2.083904221308801458e-02,1.434070594375937840e-02,4.055588177725582416e-02,2.675017942193514547e-02,3.985124290467802199e-02,1.803353559078749863e-02,3.532328570496509612e-02,1.344033405102107448e-02,9.904090820121355318e-03,2.989495661251386285e-02,5.513146734520780329e-02,4.967704051673517418e-02,2.712859659424544934e-02,7.427415671690480725e-02,9.640503686305212927e-02,1.061655901350557901e-01,2.120441051738761531e-02,1.284269589613100948e-01,7.025510536960918873e-02,9.914529914529914001e-02,7.983297448946304053e-02,1.643896391987995087e-01,4.076466366542702557e-02,4.529262086513995145e-02,4.131271612187642495e-02,2.457101846414823376e-02,5.193449468258628382e-02,6.272590852743524514e-02,1.018203170874926594e-01,5.164741958635088448e-02,1.730801852939257424e-01,1.530371240294904345e-01,3.929014158021791603e-02,1.146865009460429352e-01,3.365694525999869402e-01,1.534546878058328512e-01,2.181118287988516868e-01,1.399230116787368583e-01,3.095191492138056957e-02,1.138513733933581296e-01
7.920662882494943630e-03,2.166112089776212057e-02,9.760553272003653913e-03,8.038102694591243991e-03,2.903373132380766136e-02,3.149996737782997241e-02,3.896391987995041772e-02,6.380896457232334944e-03,4.405297840412344262e-02,2.247015071442552345e-02,2.802896848698375326e-02,1.873817446336530426e-02,5.596659489789260894e-02,1.526717557251908337e-02,1.777255823057349859e-02,1.491485613623018229e-02,8.429568734912245773e-03,2.324003392705682736e-02,1.696352841391009225e-02,3.303973380309258023e-02,0.000000000000000000e+00,5.746721471912311779e-02,4.447054218046584545e-02,1.603705878515038902e-02,4.751092842695896212e-02,9.977164480981275119e-02,5.360474978795589512e-02,8.012004958569844681e-02,5.656684282638481387e-02,1.284008612252887128e-02,4.157369348209043192e-02,1.764206955046649858e-02,1.007372610426045603e-02,1.856853917922620181e-02,9.068963267436549666e-03,1.436680367978077945e-02,7.516147974163241326e-03,5.141253996215827855e-03,1.529327330854048442e-02,9.669211195928752861e-03,1.458863443596268052e-02,6.615776081424936533e-03,1.267045083838976884e-02,5.036863052130228016e-03,3.510145494878319419e-03,1.070007176877405854e-02,1.942976446793240677e-02,1.713316369804919470e-02,9.812748744046454266e-03,2.727213414236314901e-02,3.395315456384158381e-02,3.812879232726561207e-02,7.829320806420042578e-03,4.456188425654074303e-02,2.515821752462973904e-02,3.504925947674038950e-02,2.892934037972206066e-02,5.894173680433222734e-02,1.454948783193057982e-02,1.616754746525738903e-02,1.491485613623018229e-02,8.729692699158348237e-03,1.877732106739740323e-02,2.138709466953741742e-02,3.495791740066549191e-02,1.898610295556860464e-02,5.964637567691002951e-02,5.470085470085470081e-02,1.419716839564167873e-02,4.047758856919161929e-02,1.191622626737130486e-01,5.413975337639459484e-02,7.754942258759052465e-02,4.890715730410386680e-02,1.075226724081685889e-02,4.129966725386572529e-02
