0.000000000000000000e+00,1.154883840171889650e-02,9.241512336259201377e-03,4.822189396066558185e-03,1.905680417027822218e-02,2.458706188272923726e-02,2.812740346465152086e-02,6.384822921880532048e-03,3.271763944673006935e-02,1.558971103487846906e-02,2.276805879408640848e-02,1.391720483928069949e-02,3.811360834055644436e-02,9.351385006042996217e-03,1.077972971323233262e-02,7.984080670955769413e-03,7.727711108126915363e-03,1.313588807637371299e-02,1.374629179739479679e-02,2.245064885915544484e-02,9.314760782781731849e-03,3.948091267564367290e-02,3.388961459109054997e-02,1.259873280187515966e-02,3.233918913969699438e-02,6.202922613016249170e-02,3.887050895462258737e-02,5.054142810054570306e-02,4.050639092695908910e-02,9.168263889736672639e-03,2.546604324099959599e-02,1.084077008533444048e-02,6.848729749856554902e-03,1.026699058757462105e-02,6.653400559129808711e-03,8.850853954805708995e-03,3.845543442432825063e-03,3.784503070330716770e-03,9.095015443214142167e-03,5.298304298463003652e-03,8.447987498931794001e-03,6.702232856811494825e-03,8.203826010523360829e-03,2.636944074811080081e-03,1.928875758426623404e-03,7.129515461526253310e-03,1.168312722034353483e-02,1.356317068108847147e-02,4.382698716931378823e-03,1.731104952815792214e-02,2.546604324099959599e-02,2.789545005066351030e-02,5.908708019484086582e-03,3.148462393026747741e-02,1.788482902591774157e-02,2.426965194779827362e-02,2.014332279369574971e-02,3.520808662849608806e-02,1.042569555504010287e-02,9.546714196769744143e-03,1.358758682992931496e-02,5.859875721802400468e-03,1.552867066277635946e-02,1.346550608572509924e-02,2.138854638457875906e-02,1.367304335087226631e-02,3.865076361505499769e-02,3.412156800507856053e-02,1.148779802961678864e-02,2.762687241341423364e-02,8.622562963143823311e-02,3.437793756790741284e-02,5.172561131932660455e-02,3.478080402378132957e-02,6.531319814925592125e-03,2.765128856225507539e-02
1.154883840171889650e-02,0.000000000000000000e+00,2.039969235652460550e-02,1.098726697837949969e-02,4.271605239705541374e-02,5.513166408262424462e-02,6.304249630705749396e-02,1.400266136022365257e-02,7.473783160182144447e-02,3.457326675863416077e-02,5.063909269590907702e-02,2.997082270213519140e-02,8.563964205925798934e-02,2.158387557530550699e-02,2.348833518489128538e-02,1.790924517475858679e-02,1.757962716540719880e-02,2.917729786480778228e-02,3.067889101851964742e-02,5.033389083539853426e-02,2.009449049601406273e-02,8.838645880385287423e-02,7.466458315529891920e-02,2.737050285058537785e-02,7.233284094099837191e-02,1.361322378621220019e-01,8.750747744558250163e-02,1.141332877565221643e-01,9.046183145532454839e-02,2.049735695188797946e-02,5.658442493865442624e-02,2.409873890591237092e-02,1.573620792792352827e-02,2.285351531502936157e-02,1.490605886733485479e-02,2.041190043094502637e-02,8.838645880385286382e-03,8.521235945454322738e-03,2.011890664485490796e-02,1.170754336918437832e-02,1.893472342607400646e-02,1.495489116501654177e-02,1.936200603078876495e-02,5.933124168324930073e-03,4.309450270408848351e-03,1.554087873719678208e-02,2.584449354803266749e-02,3.067889101851964742e-02,9.619962643292272880e-03,3.845543442432824977e-02,5.681637835264243680e-02,6.244430066045682931e-02,1.351433838340678449e-02,7.052604592677597095e-02,4.039651825717529426e-02,5.373994359869617432e-02,4.361944990416661422e-02,7.827817318374373501e-02,2.374470474772014117e-02,2.129088178921538857e-02,3.103292517671187717e-02,1.297718310890823117e-02,3.486626054472428266e-02,3.054460219989501082e-02,4.785565172805293643e-02,2.971445313930633561e-02,8.754410166884377120e-02,7.719165456032620054e-02,2.490447181766020091e-02,6.199260190690122213e-02,1.896768522700914283e-01,7.632488127647625575e-02,1.160011231428466766e-01,7.757010486735926857e-02,1.444215203935883193e-02,6.190714538595827598e-02
9.241512336259201377e-03,2.039969235652460550e-02,0.000000000000000000e+00,8.716565136181070664e-03,3.330362701891030619e-02,4.401010828562011007e-02,4.923516413756058585e-02,1.142675765751468078e-02,5.798835349700291741e-02,2.722400595754031691e-02,4.044535055485698472e-02,2.359820785467508369e-02,6.741298694956844584e-02,1.717676070953328554e-02,1.914226069122117527e-02,1.427123899747292923e-02,1.380733216949690464e-02,2.302442835691526427e-02,2.503876063628483750e-02,4.051859900137950998e-02,1.610245016053617889e-02,7.033071673604922303e-02,6.086945906022243197e-02,2.165712402182803573e-02,5.690183487358538988e-02,1.074432629741310929e-01,7.029409251278795345e-02,9.060832834836961280e-02,7.172243721997728638e-02,1.630998742568334769e-02,4.501117038809468451e-02,1.851964889577966886e-02,1.218365827158082379e-02,1.829990355621207918e-02,1.160987877382100436e-02,1.624894705358123984e-02,6.897562047538241883e-03,6.836521675436133157e-03,1.551646258835593858e-02,9.339176931622575339e-03,1.543100606741298723e-02,1.179299989012732967e-02,1.513801228132286708e-02,4.712316726282763345e-03,3.467093135399753560e-03,1.244002783440967784e-02,2.043631657978587160e-02,2.522188175259116455e-02,7.691086884865650126e-03,3.060564257199711868e-02,4.488908964389046879e-02,4.882008960726624824e-02,1.084077008533444048e-02,5.621818270604177908e-02,3.131371088838157818e-02,4.304567040640679826e-02,3.436572949348699196e-02,6.167519197197025849e-02,1.887368305397189860e-02,1.733546567699876736e-02,2.459926995714965814e-02,1.016932599221124882e-02,2.759024819015296753e-02,2.446498113852502154e-02,3.858972324295288636e-02,2.373249667329972029e-02,6.996447450343656893e-02,6.299366400937579658e-02,1.994799360296900526e-02,4.886892190494793176e-02,1.485966818453725302e-01,6.123570129283507912e-02,9.176809541830967254e-02,6.189493731153784817e-02,1.167091914592311395e-02,4.933282873292395287e-02
4.822189396066558185e-03,1.098726697837949969e-02,8.716565136181070664e-03,0.000000000000000000e+00,1.795807747244027031e-02,2.329300599416454093e-02,2.639385689695164516e-02,6.055204912529146659e-03,3.114279784649567201e-02,1.473514582544895209e-02,2.171816439393014705e-02,1.274522969492022061e-02,3.624577295423193207e-02,9.241512336259201377e-03,9.998412950325344384e-03,7.654462661604384890e-03,7.410301173195951718e-03,1.229353094136461863e-02,1.317251229963497909e-02,2.136413023573791731e-02,8.472403647772637492e-03,3.742995617301283356e-02,3.186307423730055238e-02,1.154883840171889650e-02,3.042252145569079511e-02,5.735353362714099013e-02,3.703929779155933771e-02,4.841722315139233151e-02,3.801594374519307040e-02,8.826437805964865504e-03,2.392782586402646822e-02,1.005945332242745398e-02,6.604568261448121730e-03,9.742043387496490334e-03,6.238326028835471972e-03,8.765397433862757645e-03,3.625798102865234948e-03,3.650214251706078439e-03,8.240450233784625197e-03,4.944270140270774772e-03,8.154993712841673847e-03,6.262742177676315462e-03,8.240450233784625197e-03,2.527071405027285240e-03,1.831211163063250092e-03,6.555735963766434748e-03,1.075531356439148913e-02,1.312368000195329211e-02,4.077496856420836924e-03,1.629777935126292682e-02,2.395224201286730997e-02,2.623515192948616334e-02,5.798835349700291741e-03,2.981211773466970957e-02,1.721338493279455165e-02,2.304884450575610602e-02,1.850744082135924798e-02,3.301063323282018430e-02,1.009607754568871835e-02,9.107223517634563045e-03,1.313588807637371299e-02,5.469217340348906352e-03,1.460085700682431376e-02,1.305043155543076164e-02,2.017994701695701582e-02,1.267198124839769013e-02,3.700267356829807508e-02,3.327921087006946443e-02,1.060881667134642818e-02,2.621073578064531812e-02,7.932806758389998603e-02,3.214385994897024645e-02,4.910087531893594232e-02,3.246126988390121010e-02,6.201701805574206736e-03,2.621073578064531812e-02
1.905680417027822218e-02,4.271605239705541374e-02,3.330362701891030619e-02,1.795807747244027031e-02,0.000000000000000000e+00,9.025429419017738653e-02,1.033413499688694143e-01,2.345171096163002275e-02,1.218487907902286588e-01,5.787848082721912257e-02,8.405259238460317806e-02,5.054142810054570306e-02,1.409055949605068914e-01,3.548887234016578907e-02,3.836997790338529668e-02,2.997082270213519140e-02,2.916508979038736141e-02,4.833176663044937843e-02,5.043155543076190822e-02,8.255099923089130598e-02,3.329141894448988531e-02,1.451295887099727788e-01,1.229231013392257654e-01,4.542624491838902212e-02,1.191385982688950435e-01,2.237740041263291679e-01,1.432739613980686944e-01,1.868201628557127625e-01,1.475834116684775210e-01,3.388961459109054997e-02,9.296448671151098797e-02,4.010352447108517238e-02,2.583228547361224661e-02,3.753982884279662841e-02,2.450160536178628418e-02,3.401169533529476569e-02,1.453981663472220590e-02,1.419799055095039876e-02,3.323037857238777398e-02,1.922771721216412488e-02,3.149683200468789829e-02,2.452602151062712940e-02,3.196073883266392635e-02,9.973996801484502628e-03,7.092891238264988074e-03,2.583228547361224661e-02,4.216668904813643953e-02,5.013856164467178633e-02,1.610245016053617889e-02,6.377498077228278828e-02,9.311098360455605238e-02,1.030605642571997133e-01,2.220648737074701340e-02,1.156837132079157199e-01,6.737636272630717627e-02,8.947297742727039482e-02,7.304090925738283835e-02,1.289172658796527982e-01,3.893154932672469870e-02,3.489067669356512441e-02,5.065130077032949790e-02,2.143737868226044604e-02,5.688962679916496901e-02,5.015076971909220721e-02,7.789972287671065310e-02,4.980894363532040181e-02,1.424438123374800191e-01,1.269517658979649188e-01,4.111679464798017464e-02,1.018519648895779700e-01,3.108541989671969041e-01,1.246688559813460689e-01,1.911296131261216169e-01,1.262559056560008663e-01,2.383016126866309425e-02,1.016688437732716360e-01
2.458706188272923726e-02,5.513166408262424462e-02,4.401010828562011007e-02,2.329300599416454093e-02,9.025429419017738653e-02,0.000000000000000000e+00,1.325918962801997114e-01,3.008069537191898624e-02,1.563854333256015638e-01,7.323623844810958627e-02,1.073089741555064563e-01,6.386043729322574136e-02,1.811922405478983700e-01,4.593898404404673369e-02,5.027285046329642293e-02,3.829672945686277141e-02,3.685617667525301067e-02,6.213909879994628654e-02,6.600905839121995466e-02,1.072723499322451868e-01,4.292358966220258254e-02,1.875160230976768150e-01,1.607681320425329297e-01,5.834238765519514369e-02,1.535775762089045815e-01,2.884157581824619010e-01,1.861609268370099934e-01,2.426476871803010527e-01,1.912394857959054117e-01,4.335087226691734102e-02,1.199077069573816073e-01,5.083442188663581801e-02,3.319375434912651135e-02,4.883229768168666912e-02,3.160670467447169313e-02,4.379036294605252039e-02,1.873939423534725854e-02,1.817782281200786346e-02,4.194694370856884985e-02,2.502655256186441662e-02,4.062847167116330482e-02,3.157008045121043049e-02,4.100692197819637980e-02,1.263535702513642577e-02,9.192680038577514395e-03,3.330362701891030619e-02,5.471658955232991395e-02,6.605789068890163818e-02,2.061943769609219518e-02,8.201384395639275959e-02,1.208233125389132356e-01,1.317373310707702083e-01,2.881105563219513513e-02,1.504278930084357868e-01,8.430896194743203731e-02,1.148413560729066168e-01,9.219537802302442409e-02,1.659809798200529707e-01,5.066350884474991878e-02,4.578027907658124840e-02,6.585035342375447631e-02,2.729725440406284565e-02,7.399313906217572234e-02,6.492253976780242020e-02,1.021449586756680850e-01,6.351861120945392902e-02,1.863440479533163274e-01,1.660053959688938263e-01,5.305629143115256352e-02,1.315786261033047300e-01,4.003271763944672990e-01,1.624650543869715358e-01,2.462979014320071380e-01,1.649310854198967335e-01,3.067889101851964742e-02,1.316640826242476692e-01
2.812740346465152086e-02,6.304249630705749396e-02,4.923516413756058585e-02,2.639385689695164516e-02,1.033413499688694143e-01,1.325918962801997114e-01,0.000000000000000000e+00,3.454885060979331901e-02,1.791168678964266958e-01,8.474845262656721667e-02,1.234724646881447396e-01,7.384664216913065793e-02,2.063164577051261606e-01,5.228718274266599964e-02,5.643792804560936877e-02,4.387581946699547347e-02,4.280150891799836682e-02,7.089228815938862505e-02,7.427392477384542335e-02,1.215191727808772743e-01,4.902762687241341705e-02,2.135070135387545365e-01,1.809969113571716359e-01,6.648517329361640360e-02,1.754666536447206104e-01,3.290930621513068477e-01,2.104794110824899644e-01,2.748525875013734243e-01,2.175478861719141177e-01,4.967465481669576521e-02,1.366327689133592926e-01,5.848888454824020811e-02,3.778399033120505984e-02,5.500958333842002890e-02,3.594057109372138931e-02,4.978452748647956005e-02,2.136413023573791731e-02,2.068047806819430304e-02,4.873463308632329516e-02,2.839598110190079752e-02,4.603664863941010765e-02,3.606265183792560503e-02,4.670809273253329758e-02,1.460085700682431376e-02,1.049894400156263334e-02,3.782061455446632248e-02,6.226117954415050226e-02,7.393209869007361101e-02,2.354937555699339671e-02,9.344060161390743691e-02,1.367914738808247710e-01,1.514777874085920517e-01,3.282751211651386419e-02,1.702171816439393137e-01,9.856799287048453873e-02,1.309315981590223887e-01,1.066253219879628455e-01,1.899820541306019850e-01,5.718262058525509089e-02,5.139599330997522003e-02,7.455471048551512436e-02,3.136254318606326169e-02,8.355206133336588736e-02,7.354144030862011516e-02,1.147192753287024081e-01,7.299207695970114096e-02,2.098567992870484511e-01,1.868323709301331903e-01,6.030788763688303689e-02,1.495977439478471116e-01,4.569116013331217530e-01,1.836582715808235677e-01,2.811031216046293024e-01,1.861731349114304213e-01,3.493950899124680792e-02,1.491582532687119322e-01
6.384822921880532048e-03,1.400266136022365257e-02,1.142675765751468078e-02,6.055204912529146659e-03,2.345171096163002275e-02,3.008069537191898624e-02,3.454885060979331901e-02,0.000000000000000000e+00,4.014014869434644195e-02,1.902017994701695608e-02,2.791986619950435206e-02,1.674947810481852706e-02,4.672030080695371845e-02,1.196391293201323411e-02,1.302601540658991815e-02,9.864124131700706052e-03,9.656586866553538984e-03,1.605361786285449191e-02,1.696922344438611674e-02,2.759024819015296753e-02,1.128026076446961984e-02,4.817306166298390008e-02,4.156849340153577488e-02,1.505255576037991573e-02,3.956636919658661905e-02,7.398093098775529453e-02,4.781902750479166686e-02,6.248092488371809194e-02,4.886892190494793176e-02,1.123142846678793286e-02,3.088642828366681622e-02,1.298939118332865378e-02,8.570068243136009720e-03,1.246444398325052133e-02,8.093953340739565988e-03,1.140234150867383729e-02,4.785565172805293817e-03,4.700108651862341599e-03,1.075531356439148913e-02,6.433655219562218162e-03,1.051115207598305595e-02,8.142785638421251235e-03,1.055998437366474120e-02,3.320596242354693483e-03,2.404990660823068220e-03,8.631108615238119314e-03,1.417357440210955527e-02,1.681051847692063492e-02,5.359344670565111511e-03,2.124204949153370159e-02,3.054460219989501082e-02,3.419481645160108579e-02,7.446925396457216954e-03,3.828452138244235053e-02,2.213323892422448119e-02,2.966562084162465210e-02,2.418419542685532053e-02,4.271605239705541374e-02,1.308705577869202774e-02,1.189066448549070364e-02,1.689597499786358800e-02,7.056267015003723705e-03,1.897134764933526910e-02,1.657856506293262436e-02,2.611307118528194415e-02,1.661518928619388699e-02,4.762369831406492587e-02,4.299683810872510781e-02,1.364862720203142282e-02,3.376753384688632731e-02,1.029995238850976019e-01,4.158070147595619576e-02,6.364069195365815168e-02,4.233760209002233876e-02,7.923040298853661553e-03,3.392623881435181260e-02
3.271763944673006935e-02,7.473783160182144447e-02,5.798835349700291741e-02,3.114279784649567201e-02,1.218487907902286588e-01,1.563854333256015638e-01,1.791168678964266958e-01,4.014014869434644195e-02,0.000000000000000000e+00,9.895865125193803458e-02,1.440064458632939748e-01,8.556639361273546407e-02,2.435266685385714114e-01,6.220013917204839093e-02,6.597243416795868509e-02,5.188431628679208291e-02,5.016297779351262809e-02,8.367414207757011002e-02,8.798359234797895057e-02,1.443604800214862149e-01,5.659663301307484712e-02,2.528170131725123171e-01,2.128966098177334509e-01,7.767997753714306342e-02,2.071588148401352636e-01,3.872767448390365130e-01,2.498138268650885729e-01,3.254550559740211901e-01,2.584205193314858540e-01,5.841563610171767590e-02,1.610122935309413750e-01,6.835300867994091589e-02,4.452284741127782164e-02,6.476383480033694184e-02,4.222772942023854392e-02,5.906266404600002407e-02,2.525850597585242718e-02,2.435510846874122670e-02,5.637688767350725744e-02,3.357220465615958632e-02,5.400852123594545445e-02,4.211785675045474908e-02,5.559557091060027267e-02,1.707909611416991158e-02,1.235457131346672649e-02,4.425426977402854151e-02,7.335831919231379505e-02,8.814229731544442892e-02,2.756583204131212231e-02,1.097627971140112124e-01,1.620377717822567842e-01,1.770903275426367052e-01,3.880946858252047604e-02,2.022023366254440679e-01,1.148413560729066168e-01,1.538705699949946826e-01,1.236922100277123293e-01,2.231880165541489103e-01,6.786468570312405302e-02,6.055204912529146832e-02,8.887478178066973711e-02,3.697825741945722638e-02,9.963009534506121756e-02,8.765397433862756604e-02,1.374385018251071122e-01,8.467520418004467753e-02,2.510956746792328276e-01,2.210760196794159527e-01,7.039175710815133435e-02,1.761747219611050630e-01,5.362518769914421668e-01,2.182437464138781424e-01,3.320596242354693639e-01,2.216009668794940990e-01,4.148303688059282179e-02,1.761625138866846629e-01
1.558971103487846906e-02,3.457326675863416077e-02,2.722400595754031691e-02,1.473514582544895209e-02,5.787848082721912257e-02,7.323623844810958627e-02,8.474845262656721667e-02,1.902017994701695608e-02,9.895865125193803458e-02,0.000000000000000000e+00,6.836521675436132983e-02,4.066509589442457440e-02,1.143896573193510235e-01,2.936041898111410933e-02,3.111838169765483025e-02,2.430627617105953972e-02,2.340287866394833577e-02,3.922454311281481365e-02,4.134874806196818520e-02,6.716882546116001440e-02,2.708971713891568031e-02,1.183206572827267961e-01,1.001672506195597778e-01,3.657539096358331659e-02,9.671236555858044037e-02,1.811312001757962586e-01,1.162697007800959498e-01,1.528206755948384177e-01,1.201396603713696248e-01,2.773674508319802848e-02,7.550694029030800836e-02,3.213165187454982558e-02,2.087580725892105096e-02,3.034927300916826290e-02,1.975266441224225733e-02,2.791986619950435206e-02,1.186624833664986015e-02,1.143896573193510166e-02,2.656476993883754786e-02,1.579724830002563613e-02,2.551487553868128297e-02,1.976487248666267821e-02,2.612527925970236850e-02,8.154993712841673847e-03,5.786627275279869996e-03,2.101009607754568756e-02,3.457326675863416077e-02,4.089704930841258496e-02,1.306263962985118425e-02,5.229939081708642051e-02,7.494536886696860634e-02,8.382063897061516056e-02,1.812899051432617648e-02,9.394113266514472760e-02,5.437476346855810161e-02,7.317519807600747495e-02,5.896499945063665010e-02,1.046720300806953663e-01,3.197294690708434722e-02,2.828610843211700268e-02,4.143420458291113828e-02,1.742092219794171698e-02,4.642730702086359656e-02,4.097029775493511716e-02,6.379939692112363003e-02,4.038431018275487339e-02,1.165016541940839673e-01,1.039029213922088024e-01,3.314492205144482784e-02,8.262424767741384513e-02,2.516328299537313740e-01,1.018763810384188118e-01,1.561901041348748020e-01,1.031338127037222385e-01,1.964279174245846249e-02,8.233125389132371630e-02
2.276805879408640848e-02,5.063909269590907702e-02,4.044535055485698472e-02,2.171816439393014705e-02,8.405259238460317806e-02,1.073089741555064563e-01,1.234724646881447396e-01,2.791986619950435206e-02,1.440064458632939748e-01,6.836521675436132983e-02,0.000000000000000000e+00,5.957540317165773563e-02,1.673360760807197922e-01,4.311891885292933047e-02,4.613431323477348162e-02,3.552549656342705170e-02,3.452443446095247725e-02,5.734132555272056925e-02,6.123570129283507912e-02,9.917839659150562426e-02,3.988377913151758269e-02,1.738673958956453713e-01,1.479740700499310169e-01,5.343474173818563849e-02,1.412474210442786760e-01,2.650739198906156280e-01,1.711938275975730395e-01,2.248727308241671163e-01,1.764677157471951918e-01,4.116562694566185815e-02,1.111789337467801175e-01,4.642730702086359656e-02,3.033706493474784202e-02,4.469376045316372087e-02,2.871339103683176117e-02,4.075055241536752748e-02,1.722559300721497252e-02,1.684714270018190102e-02,3.845543442432824977e-02,2.292676376155189030e-02,3.755203691721704928e-02,2.882326370661555601e-02,3.815023256381770700e-02,1.186624833664986015e-02,8.472403647772637492e-03,3.075213946504217963e-02,5.067571691917033966e-02,6.074737831601821625e-02,1.908122031911906394e-02,7.649579431836216192e-02,1.100435828256808996e-01,1.219708715344328676e-01,2.668685068304176358e-02,1.381587782159119926e-01,7.923040298853661900e-02,1.074310548997106651e-01,8.637212652448329753e-02,1.527718432971567342e-01,4.685458962557835505e-02,4.171499029458083235e-02,6.064971372065484229e-02,2.558812398520381517e-02,6.825534408457753499e-02,6.032009571130345776e-02,9.394113266514472760e-02,5.935565783209014595e-02,1.710351226301075611e-01,1.534554954647003588e-01,4.874684116074371604e-02,1.213360516645709541e-01,3.683420214129625170e-01,1.498785296595168126e-01,2.277660444618070379e-01,1.511481693992406672e-01,2.893313637639935085e-02,1.205425268272435346e-01
1.391720483928069949e-02,2.997082270213519140e-02,2.359820785467508369e-02,1.274522969492022061e-02,5.054142810054570306e-02,6.386043729322574136e-02,7.384664216913065793e-02,1.674947810481852706e-02,8.556639361273546407e-02,4.066509589442457440e-02,5.957540317165773563e-02,0.000000000000000000e+00,9.967892764274291495e-02,2.514863330606863234e-02,2.754141589247128055e-02,2.108334452406821977e-02,2.054618924956966644e-02,3.428027297254403888e-02,3.573303382857422050e-02,5.803718579468460786e-02,2.407432275707152569e-02,1.024623686105990555e-01,8.758072589210504078e-02,3.238802143737868483e-02,8.440662654279540433e-02,1.594496600051273916e-01,1.008020704894217051e-01,1.321768217499053877e-01,1.040738344340947086e-01,2.379353704540182815e-02,6.611893106100374951e-02,2.829831650653742356e-02,1.832431970505292093e-02,2.682113950166640365e-02,1.743313027236214133e-02,2.408653083149195004e-02,1.027919866199504366e-02,9.949580652643659137e-03,2.345171096163002275e-02,1.385616446717859163e-02,2.231636004053080824e-02,1.734767375141918824e-02,2.245064885915544484e-02,7.105099312685409819e-03,4.993102437952461753e-03,1.869056193766557156e-02,3.010511152075983146e-02,3.502496551218976101e-02,1.150000610403720952e-02,4.545066106722986388e-02,6.517890933063127945e-02,7.330948689463211154e-02,1.569958370466226216e-02,8.151331290515546890e-02,4.770915483500787202e-02,6.362848387923772386e-02,5.254355230549485195e-02,9.151172585548081329e-02,2.752920781805085967e-02,2.486784759439893480e-02,3.562316115879042566e-02,1.521126072784539755e-02,4.020118906644854634e-02,3.512263010755313497e-02,5.508283178494256110e-02,3.576965805183548314e-02,1.000817940986168247e-01,8.979038736220136541e-02,2.939704320437537544e-02,7.156373225251180803e-02,2.216864234004370382e-01,8.825216998522822376e-02,1.358514521504523009e-01,8.961947432031545924e-02,1.670064580713684008e-02,7.212530367585121005e-02
3.811360834055644436e-02,8.563964205925798934e-02,6.741298694956844584e-02,3.624577295423193207e-02,1.409055949605068914e-01,1.811922405478983700e-01,2.063164577051261606e-01,4.672030080695371845e-02,2.435266685385714114e-01,1.143896573193510235e-01,1.673360760807197922e-01,9.967892764274291495e-02,0.000000000000000000e+00,7.128294654084210702e-02,7.719165456032620054e-02,5.984398080890700883e-02,5.776860815743532773e-02,9.646820407017200893e-02,1.014735145825449020e-01,1.661396847875184768e-01,6.636309254941218094e-02,2.914799848619877287e-01,2.471402585670162133e-01,9.043741530648370663e-02,2.385579822494597879e-01,4.475235921038174802e-01,2.879762675033267216e-01,3.747024281860022454e-01,2.968881618302345315e-01,6.765714843797687728e-02,1.858557249764994646e-01,7.945014832810420868e-02,5.143261753323648267e-02,7.547031606704673878e-02,4.918633183987889540e-02,6.795014222406699222e-02,2.901859289734230393e-02,2.824948420885573658e-02,6.587476957259531807e-02,3.857751516853246548e-02,6.284716711633074604e-02,4.903983494683383793e-02,6.371394040018067695e-02,1.969162404014014947e-02,1.427123899747292923e-02,5.162794672396323059e-02,8.461416380794258008e-02,1.017665083686350169e-01,3.187528231172097326e-02,1.267808528560790127e-01,1.861243026137487377e-01,2.051444825607657008e-01,4.466934430432287911e-02,2.321975754764201150e-01,1.329703465872328072e-01,1.781402219427929701e-01,1.447023061052580273e-01,2.577612833127830849e-01,7.793634709997192267e-02,7.075799934076397457e-02,1.016322195500103803e-01,4.243526668538571273e-02,1.140234150867383695e-01,1.008997350847850721e-01,1.575452003955416236e-01,9.883657050773381192e-02,2.874513203032485475e-01,2.564550193497979746e-01,8.245333463552793896e-02,2.034841844395883503e-01,6.208294165761234495e-01,2.511200908280736832e-01,3.823324746987657452e-01,2.543308144006445892e-01,4.766032253732618851e-02,2.037527620768376235e-01
9.351385006042996217e-03,2.158387557530550699e-02,1.717676070953328554e-02,9.241512336259201377e-03,3.548887234016578907e-02,4.593898404404673369e-02,5.228718274266599964e-02,1.196391293201323411e-02,6.220013917204839093e-02,2.936041898111410933e-02,4.311891885292933047e-02,2.514863330606863234e-02,7.128294654084210702e-02,0.000000000000000000e+00,1.943525447731129369e-02,1.522346880226581843e-02,1.479618619755105995e-02,2.420861157569616576e-02,2.607644696202068152e-02,4.231318594118149701e-02,1.662739736061431134e-02,7.388326639239192750e-02,6.277391866980820689e-02,2.252389730567797704e-02,5.986839695774785752e-02,1.119480424352666814e-01,7.322403037368915846e-02,9.552818233979953888e-02,7.506744961117282899e-02,1.755521101656635705e-02,4.707433496514594473e-02,1.969162404014014947e-02,1.291614273680612331e-02,1.888589112839231948e-02,1.211040982505829332e-02,1.731104952815792214e-02,7.337052726673422114e-03,7.251596205730469896e-03,1.635881972336503468e-02,9.558922271190165021e-03,1.594374519307069707e-02,1.222028249484208816e-02,1.643206816988756341e-02,5.090767033315834848e-03,3.589173879603970146e-03,1.276964584376106410e-02,2.111996874732948240e-02,2.579566125035098051e-02,8.045121043057879007e-03,3.230256491643573175e-02,4.718420763492973957e-02,5.168898709606533498e-02,1.143896573193510166e-02,5.907487212042044494e-02,3.418260837718066492e-02,4.557274181143407960e-02,3.629460525191361558e-02,6.489812361896157844e-02,2.000903397507111312e-02,1.766508368635015189e-02,2.595436621781646233e-02,1.086518623417528397e-02,2.900638482292187958e-02,2.579566125035098051e-02,3.984715490825632006e-02,2.496551218976230876e-02,7.274791547129270952e-02,6.486149939570032275e-02,2.061943769609219518e-02,5.172561131932660455e-02,1.555308681161720330e-01,6.349419506061308727e-02,9.690769474930718830e-02,6.395810188858910839e-02,1.233015516462588300e-02,5.123728834250973474e-02
1.077972971323233262e-02,2.348833518489128538e-02,1.914226069122117527e-02,9.998412950325344384e-03,3.836997790338529668e-02,5.027285046329642293e-02,5.643792804560936877e-02,1.302601540658991815e-02,6.597243416795868509e-02,3.111838169765483025e-02,4.613431323477348162e-02,2.754141589247128055e-02,7.719165456032620054e-02,1.943525447731129369e-02,0.000000000000000000e+00,1.612686630937702065e-02,1.558971103487846906e-02,2.657697801325796874e-02,2.842039725074163928e-02,4.613431323477348162e-02,1.862952156556346370e-02,8.023146509101120039e-02,6.975693723828940707e-02,2.507538485954610361e-02,6.516670125621085163e-02,1.239729957393820303e-01,8.010938434680697773e-02,1.037442164247433241e-01,8.203826010523360135e-02,1.848302467251840275e-02,5.159132250070196102e-02,2.147400290552171215e-02,1.417357440210955527e-02,2.115659297059074850e-02,1.338004956478214616e-02,1.840977622599587402e-02,7.898624150012818063e-03,7.776543405808601477e-03,1.782378865381563371e-02,1.066985704344853604e-02,1.756741909098677792e-02,1.345329801130467663e-02,1.709130418859033246e-02,5.347136596144689766e-03,3.882167665694089866e-03,1.433227936957503709e-02,2.347612711047086451e-02,2.861572644146838720e-02,8.753189359442335032e-03,3.486626054472428266e-02,5.143261753323648267e-02,5.577869202690659278e-02,1.233015516462588300e-02,6.400693418627080578e-02,3.564757730763126742e-02,4.924737221198100673e-02,3.988377913151758269e-02,7.058708629887808228e-02,2.141296253341960429e-02,1.996020167738942613e-02,2.795649042276561816e-02,1.164650299708227046e-02,3.131371088838157818e-02,2.774895315761844936e-02,4.391244369025673611e-02,2.735829477616495697e-02,7.987743093281896023e-02,7.216192789911247962e-02,2.293897183597231118e-02,5.585194047342912499e-02,1.720239766581617147e-01,6.979356146155066276e-02,1.048551511970017003e-01,7.052604592677597095e-02,1.302601540658991815e-02,5.647455226887063140e-02
7.984080670955769413e-03,1.790924517475858679e-02,1.427123899747292923e-02,7.654462661604384890e-03,2.997082270213519140e-02,3.829672945686277141e-02,4.387581946699547347e-02,9.864124131700706052e-03,5.188431628679208291e-02,2.430627617105953972e-02,3.552549656342705170e-02,2.108334452406821977e-02,5.984398080890700883e-02,1.522346880226581843e-02,1.612686630937702065e-02,0.000000000000000000e+00,1.225690671810335426e-02,2.033865198442249764e-02,2.180362091487309667e-02,3.513483818197355585e-02,1.391720483928069949e-02,6.149207085566393838e-02,5.222614237056388831e-02,1.900797187259653520e-02,5.039493120750063865e-02,9.420971030239400079e-02,6.105258017652875902e-02,7.971872596535348188e-02,6.290820748843284349e-02,1.430786322073419360e-02,3.921233503839439277e-02,1.683493462576148014e-02,1.097505890395907881e-02,1.590712096980943097e-02,1.037686325735841762e-02,1.451540048588136241e-02,6.201701805574206736e-03,6.006372614847459677e-03,1.388058061601943512e-02,8.191617936102938216e-03,1.333121726710046091e-02,1.030361481083588715e-02,1.373408372297437591e-02,4.199577600625053510e-03,3.015394381844151584e-03,1.090181045743654834e-02,1.792145324917900767e-02,2.152283520320339913e-02,6.763273228913603552e-03,2.712634136217694295e-02,3.959078534542746775e-02,4.347295301112155674e-02,9.522298047928900652e-03,4.936945295618522245e-02,2.817623576233320784e-02,3.805256796845433304e-02,3.054460219989501082e-02,5.459450880812569129e-02,1.668843773271641920e-02,1.484501849523274693e-02,2.162049979856677309e-02,9.058391219952876064e-03,2.433069231990038148e-02,2.147400290552171215e-02,3.354778850731873763e-02,2.082697496123936398e-02,6.104037210210833120e-02,5.413060198014967017e-02,1.726221723047623863e-02,4.298463003430468693e-02,1.310048466055449001e-01,5.315395602651593748e-02,8.117148682138365656e-02,5.399631316152503357e-02,1.009607754568871835e-02,4.310671077850890265e-02
7.727711108126915363e-03,1.757962716540719880e-02,1.380733216949690464e-02,7.410301173195951718e-03,2.916508979038736141e-02,3.685617667525301067e-02,4.280150891799836682e-02,9.656586866553538984e-03,5.016297779351262809e-02,2.340287866394833577e-02,3.452443446095247725e-02,2.054618924956966644e-02,5.776860815743532773e-02,1.479618619755105995e-02,1.558971103487846906e-02,1.225690671810335426e-02,0.000000000000000000e+00,1.964279174245846249e-02,2.092463955660273794e-02,3.385299036782928039e-02,1.357537875550889409e-02,5.948994665071478255e-02,5.060246847264780745e-02,1.850744082135924798e-02,4.896658650031130572e-02,9.108444325076606174e-02,5.872083796222821866e-02,7.693528499749734129e-02,6.052763297645062657e-02,1.390499676486027861e-02,3.805256796845433304e-02,1.629777935126292682e-02,1.062102474576685079e-02,1.526009302552708280e-02,1.002282909916618787e-02,1.417357440210955527e-02,6.018580689267881423e-03,5.762211126439026505e-03,1.338004956478214616e-02,7.923040298853661553e-03,1.283068621586317196e-02,9.925164503802815646e-03,1.329459304383919481e-02,4.138537228522944783e-03,2.929937860901200234e-03,1.047452785272178985e-02,1.731104952815792214e-02,2.052177310072882122e-02,6.641192484709386966e-03,2.617411155738405548e-02,3.808919219171560261e-02,4.226435364349981350e-02,9.229304261838780499e-03,4.766032253732618851e-02,2.759024819015296753e-02,3.688059282409385242e-02,2.956795624626127814e-02,5.269004919853991636e-02,1.610245016053617889e-02,1.434448744399545797e-02,2.087580725892105096e-02,8.789813582703599401e-03,2.331742214300538268e-02,2.064385384493304040e-02,3.230256491643573175e-02,2.041190043094502637e-02,5.891616715295496659e-02,5.250692808223358932e-02,1.670064580713684008e-02,4.165394992247872796e-02,1.264146106234663725e-01,5.143261753323648267e-02,7.885195268150355097e-02,5.217731007288220479e-02,9.876332206121128665e-03,4.140978843407029653e-02
1.313588807637371299e-02,2.917729786480778228e-02,2.302442835691526427e-02,1.229353094136461863e-02,4.833176663044937843e-02,6.213909879994628654e-02,7.089228815938862505e-02,1.605361786285449191e-02,8.367414207757011002e-02,3.922454311281481365e-02,5.734132555272056925e-02,3.428027297254403888e-02,9.646820407017200893e-02,2.420861157569616576e-02,2.657697801325796874e-02,2.033865198442249764e-02,1.964279174245846249e-02,0.000000000000000000e+00,3.485405247030386178e-02,5.652338456655231491e-02,2.270701842198430062e-02,9.950801460085700878e-02,8.461416380794258008e-02,3.103292517671187717e-02,8.144006445863294363e-02,1.532723743483940249e-01,9.816512641461062894e-02,1.283068621586317126e-01,1.016078034011695386e-01,2.308546872901737212e-02,6.354302735829477078e-02,2.717517365985862993e-02,1.777495635613394673e-02,2.582007739919182573e-02,1.684714270018190102e-02,2.304884450575610602e-02,9.949580652643659137e-03,9.693211089814803352e-03,2.264597804988219276e-02,1.316030422521455648e-02,2.159608364972592787e-02,1.688376692344316365e-02,2.182803706371394190e-02,6.812105526595290533e-03,4.883229768168666912e-03,1.770170790961141799e-02,2.909184134386483267e-02,3.451222638653204944e-02,1.096285082953865619e-02,4.324099959713354618e-02,6.386043729322574136e-02,7.035513288489006478e-02,1.527230109994750541e-02,7.940131603042252517e-02,4.558494988585450741e-02,6.105258017652875902e-02,4.960140637017323301e-02,8.820333768754654025e-02,2.665022645978049748e-02,2.413536312917363702e-02,3.473197172609963912e-02,1.460085700682431376e-02,3.904142199650849354e-02,3.430468912138488063e-02,5.387423241732081786e-02,3.387740651667012909e-02,9.806746181924724803e-02,8.709240291528817790e-02,2.821285998559447047e-02,6.958602419640350090e-02,2.132140197526644076e-01,8.562743398483757540e-02,1.308583497124998496e-01,8.699473831992479700e-02,1.620011475589955285e-02,6.980576953597109058e-02
1.374629179739479679e-02,3.067889101851964742e-02,2.503876063628483750e-02,1.317251229963497909e-02,5.043155543076190822e-02,6.600905839121995466e-02,7.427392477384542335e-02,1.696922344438611674e-02,8.798359234797895057e-02,4.134874806196818520e-02,6.123570129283507912e-02,3.573303382857422050e-02,1.014735145825449020e-01,2.607644696202068152e-02,2.842039725074163928e-02,2.180362091487309667e-02,2.092463955660273794e-02,3.485405247030386178e-02,0.000000000000000000e+00,6.106478825094917989e-02,2.384236934308351513e-02,1.064788250949177811e-01,9.096236250656183908e-02,3.211944380012940470e-02,8.552976938947419450e-02,1.605483867029653400e-01,1.055143872157044693e-01,1.368525142529268823e-01,1.083466604812422934e-01,2.492888796650104266e-02,6.788910185196489477e-02,2.776116123203887023e-02,1.823886318410997132e-02,2.717517365985862993e-02,1.721338493279455165e-02,2.468472647809261122e-02,1.043790362946052548e-02,1.031582288525630803e-02,2.309767680343779300e-02,1.385616446717859163e-02,2.292676376155189030e-02,1.744533834678256221e-02,2.313430102669905911e-02,7.153931610367096801e-03,5.249472000781316670e-03,1.850744082135924798e-02,3.080097176272386661e-02,3.761307728931915367e-02,1.143896573193510166e-02,4.613431323477348162e-02,6.758389999145435201e-02,7.346819186209758989e-02,1.628557127684250247e-02,8.505365448707775944e-02,4.790448402573461995e-02,6.537423852135802738e-02,5.173781939374702543e-02,9.290344633940889052e-02,2.837156495305995230e-02,2.567358050614676479e-02,3.708813008924102123e-02,1.544321414183340811e-02,4.172719836900126017e-02,3.703929779155933771e-02,5.822030691099092797e-02,3.563536923321084654e-02,1.053556822482389910e-01,9.388009229304261627e-02,2.966562084162465210e-02,7.351702415977927341e-02,2.227485258750137309e-01,9.210992150208147100e-02,1.385982688950471720e-01,9.317202397665816371e-02,1.761625138866846491e-02,7.339494341557506463e-02
2.245064885915544484e-02,5.033389083539853426e-02,4.051859900137950998e-02,2.136413023573791731e-02,8.255099923089130598e-02,1.072723499322451868e-01,1.215069647064568464e-01,2.759024819015296753e-02,1.443604800214862149e-01,6.716882546116001440e-02,9.917839659150562426e-02,5.803718579468460786e-02,1.661396847875184768e-01,4.231318594118149701e-02,4.613431323477348162e-02,3.513483818197355585e-02,3.385299036782928039e-02,5.652338456655231491e-02,6.106478825094917989e-02,0.000000000000000000e+00,3.871180398715710902e-02,1.727198369001257394e-01,1.469485917986156076e-01,5.245809578455190580e-02,1.395382906254196420e-01,2.637066155555284341e-01,1.715234456069244240e-01,2.232368488518305938e-01,1.769682467984324825e-01,4.035989403391403163e-02,1.101412474210442805e-01,4.585352752310378061e-02,2.997082270213519140e-02,4.444959896475528943e-02,2.829831650653742356e-02,3.987157105709716182e-02,1.701805574206780372e-02,1.668843773271641920e-02,3.773515803352336939e-02,2.249948115683713182e-02,3.710033816366144904e-02,2.834714880421911054e-02,3.723462698228608564e-02,1.162208684824142697e-02,8.435779424511371388e-03,3.023940033938446806e-02,4.999206475162672886e-02,6.104037210210833120e-02,1.845860852367756100e-02,7.479887197392355580e-02,1.105441138769181902e-01,1.198466665852795099e-01,2.639385689695164516e-02,1.380977378438099090e-01,7.771660176040433299e-02,1.058684213738966956e-01,8.456533151026088269e-02,1.514045389620695126e-01,4.615872938361432337e-02,4.204460830393222381e-02,6.061308949739357271e-02,2.529513019911369329e-02,6.799897452174868961e-02,6.063750564623442141e-02,9.530843700023194920e-02,5.795172927374165478e-02,1.724756754117173219e-01,1.525765141064300001e-01,4.831955855602895755e-02,1.199687473294837187e-01,3.664375618033767767e-01,1.503546445619132477e-01,2.259348332987437813e-01,1.519783184598293424e-01,2.866455873915007418e-02,1.204204460830393258e-01
9.314760782781731849e-03,2.009449049601406273e-02,1.610245016053617889e-02,8.472403647772637492e-03,3.329141894448988531e-02,4.292358966220258254e-02,4.902762687241341705e-02,1.128026076446961984e-02,5.659663301307484712e-02,2.708971713891568031e-02,3.988377913151758269e-02,2.407432275707152569e-02,6.636309254941218094e-02,1.662739736061431134e-02,1.862952156556346370e-02,1.391720483928069949e-02,1.357537875550889409e-02,2.270701842198430062e-02,2.384236934308351513e-02,3.871180398715710902e-02,0.000000000000000000e+00,6.827976023341837675e-02,5.927020131114719287e-02,2.186466128697520453e-02,5.625480692930304172e-02,1.065642816158607342e-01,6.737636272630717627e-02,8.806904886892190365e-02,6.948835960104013387e-02,1.593153711865027619e-02,4.396127598793841962e-02,1.886147497955147426e-02,1.217145019716040118e-02,1.790924517475858679e-02,1.165871107150269134e-02,1.577283215118479437e-02,6.799897452174868788e-03,6.641192484709386966e-03,1.584608059770732311e-02,9.192680038577514395e-03,1.494268309059612089e-02,1.179299989012732967e-02,1.461306508124473463e-02,4.724524800703185090e-03,3.357220465615958285e-03,1.244002783440967784e-02,2.025319546347954455e-02,2.361041592909550457e-02,7.678878810445228381e-03,3.016615189286193932e-02,4.379036294605252039e-02,4.872242501190287428e-02,1.043790362946052548e-02,5.431372309645599722e-02,3.137475126048368257e-02,4.220331327139770217e-02,3.474417980052006694e-02,6.101595595326748944e-02,1.834873585389376616e-02,1.670064580713684008e-02,2.374470474772014117e-02,1.003503717358661049e-02,2.666243453420092183e-02,2.329300599416454093e-02,3.670967978220795319e-02,2.375691282214056205e-02,6.694908012159242472e-02,6.017359881825839335e-02,1.974045633782183645e-02,4.811202129088178875e-02,1.480106942731923003e-01,5.903824789715918231e-02,8.993688425524641594e-02,5.986839695774785752e-02,1.115818002026540412e-02,4.824631010950642535e-02
