0.000000000000000000e+00,1.635282457879088172e-02,1.192493366156207116e-02,7.193324594776047930e-03,2.941270500975095084e-02,3.014802263499472348e-02,4.106589085328814920e-02,8.919722497522299121e-03,4.322388823172096384e-02,2.623165702228331952e-02,3.129895457015888921e-02,2.253908373029828160e-02,6.290162728987500063e-02,1.759966750855206444e-02,1.400300521116404004e-02,1.202084465615908468e-02,1.000671376962179032e-02,1.785543016081076600e-02,1.934205057706448252e-02,3.615844496307426409e-02,1.772754883468141696e-02,5.757856708974071897e-02,4.827520061383036576e-02,2.234726174110425456e-02,4.339972505514882312e-02,9.127529652482496703e-02,5.535662904824323327e-02,7.621727037309376784e-02,5.203171456888008167e-02,1.524984814092522102e-02,3.601457847117874728e-02,1.274017711563668956e-02,9.271396144378017679e-03,1.529780363822372778e-02,9.063588989417819403e-03,1.721602353016400688e-02,6.825665782154160741e-03,5.626778349691486519e-03,1.365133156430832148e-02,1.002269893538795982e-02,1.477029316794015168e-02,1.024649125611432586e-02,1.286805844176604034e-02,3.884395281179065830e-03,4.220083762268614890e-03,9.958758272323283561e-03,1.640078007608938848e-02,2.041305668339780596e-02,1.160523034623868986e-02,2.984430448543751516e-02,3.043575561878576752e-02,5.124844144633779880e-02,1.083794238946257822e-02,4.276031842450206399e-02,2.548035423127337912e-02,3.583874164775088800e-02,2.554429489433805364e-02,6.088749640333770280e-02,2.092458198791521604e-02,1.791937082387544400e-02,1.875059944371623016e-02,1.031043191917900212e-02,1.659260206528341552e-02,2.408964480961667612e-02,3.400044758464144945e-02,2.046101218069631272e-02,5.108858978867610728e-02,5.650756098340739553e-02,1.392307938233319428e-02,3.849227916493493801e-02,1.204961795453818874e-01,5.423766744461139960e-02,7.973400684165095342e-02,4.701237251830301528e-02,1.222865181111928122e-02,4.031458806227820879e-02
1.635282457879088172e-02,0.000000000000000000e+00,1.790338565810927624e-02,1.101377921289043750e-02,4.488634547140253617e-02,4.645289171648710191e-02,6.374884107548195455e-02,1.297995460212922336e-02,6.704178522331276369e-02,4.026663256497969856e-02,4.738003133092490160e-02,3.326512995939767681e-02,9.709389686371047712e-02,2.653537517184053132e-02,2.070078966718885000e-02,1.838294063109434384e-02,1.540969979858691080e-02,2.749448511781067001e-02,2.907701652866140352e-02,5.513283672751686376e-02,2.602384986732312472e-02,8.854183317881006432e-02,7.281243006489977743e-02,3.267367882604942791e-02,6.665814124492470960e-02,1.381278173854662839e-01,8.478531922376035534e-02,1.167876210876306747e-01,7.965408101282010767e-02,2.349819367626842376e-02,5.417372678154672161e-02,1.969372422392020108e-02,1.389110905080085702e-02,2.201157326001470724e-02,1.350746507241280120e-02,2.639150867994501104e-02,1.039035774800984614e-02,8.312286198407877261e-03,2.060487867259183647e-02,1.515393714632820750e-02,2.191566226541769372e-02,1.537772946705457354e-02,1.974167972121870784e-02,6.202244317273570250e-03,6.170273985741232120e-03,1.448256018414910938e-02,2.498481409252214028e-02,3.073947376834297932e-02,1.750375651395505092e-02,4.539787077591994624e-02,4.642092138495475945e-02,7.856708974072061646e-02,1.614501742383068345e-02,6.603471978004411824e-02,3.925956712171105312e-02,5.449343009687010464e-02,3.774097637392499760e-02,9.277790210684484784e-02,3.206624252693500432e-02,2.637552351417884328e-02,2.870935771603951372e-02,1.544167013011924980e-02,2.556028006010422488e-02,3.591866747658173376e-02,5.140829310399949031e-02,3.016400780076089472e-02,7.786374244700917935e-02,8.580836983279516161e-02,2.071677483295501776e-02,5.933693532401931175e-02,1.824546820550529136e-01,8.310687681831260831e-02,1.211355861760286395e-01,7.220499376578534689e-02,1.908628792480578096e-02,6.039195626458646049e-02
1.192493366156207116e-02,1.790338565810927624e-02,0.000000000000000000e+00,7.800760893890469790e-03,3.160267271971610448e-02,3.291345631254195825e-02,4.443876082994980409e-02,9.447232967805876958e-03,4.693244668947216952e-02,2.808593625115892584e-02,3.345695194859170385e-02,2.375395632852712532e-02,6.825665782154161088e-02,1.908628792480578096e-02,1.520189264362671426e-02,1.304389526519389962e-02,1.075801656063173420e-02,1.943796157166149952e-02,2.081268582755203128e-02,3.959525560280060391e-02,1.867067361488538788e-02,6.294958278717349698e-02,5.233543271843729000e-02,2.343425301320374576e-02,4.704434284983535081e-02,9.822884363310847855e-02,6.050385242494964871e-02,8.246747018766584225e-02,5.673135330413376504e-02,1.668851305988043252e-02,3.836439783880558896e-02,1.366731673007449098e-02,9.846862111960100541e-03,1.588925477157198188e-02,9.559129128169059977e-03,1.875059944371623016e-02,7.353176252437737710e-03,5.834585504651683061e-03,1.424278269765657384e-02,1.072604622909939520e-02,1.563349211931327684e-02,1.085392755522874772e-02,1.397103487963170104e-02,4.220083762268614890e-03,4.523801911825825819e-03,1.067809073180088844e-02,1.772754883468141696e-02,2.194763259695002924e-02,1.243645896607947776e-02,3.192237603503948057e-02,3.260973816298474992e-02,5.506889606445218577e-02,1.142939352281083232e-02,4.634099555612391369e-02,2.731864829438281420e-02,3.810863518654688392e-02,2.680712298986540412e-02,6.549122414399437264e-02,2.281083154832315441e-02,1.913424342210428772e-02,2.030116052303462468e-02,1.112567537325362052e-02,1.828702963649733032e-02,2.575210204929825192e-02,3.732536206400460105e-02,2.143610729243262264e-02,5.572428786086511959e-02,6.117522938712874336e-02,1.470635250487547542e-02,4.167332715240257279e-02,1.294318872086703542e-01,5.911314300329294225e-02,8.603216215352153806e-02,5.126442661210396656e-02,1.357140573547747746e-02,4.293615524792992327e-02
7.193324594776047930e-03,1.101377921289043750e-02,7.800760893890469790e-03,0.000000000000000000e+00,1.954985773202468080e-02,2.006138303654208740e-02,2.763835160970619376e-02,5.754659675820838170e-03,2.893315003676587976e-02,1.742383068512420516e-02,2.073275999872118552e-02,1.465839700757696866e-02,4.226477828575082168e-02,1.170114134083570512e-02,9.111544486716327898e-03,7.928642220019821441e-03,6.697784456024809090e-03,1.195690399309440842e-02,1.259631062374116754e-02,2.381789699159180332e-02,1.149333418587550684e-02,3.794878352888519241e-02,3.145880622782058073e-02,1.437066402378592636e-02,2.891716487099971200e-02,6.012020844656158769e-02,3.668595543335784193e-02,5.062501998145720744e-02,3.448000255762652400e-02,1.018255059304964960e-02,2.348220851050225252e-02,8.600019182198919560e-03,6.106333322676555861e-03,9.798906614661593781e-03,5.914511333482527951e-03,1.150931935164167634e-02,4.475846414527319059e-03,3.660602960452699790e-03,8.983663160586975380e-03,6.713769621790977721e-03,9.687010454298410761e-03,6.665814124492470960e-03,8.568048850666580563e-03,2.685507848716391175e-03,2.717478180248729305e-03,6.426036637999936289e-03,1.085392755522874772e-02,1.337958374628344868e-02,7.656894401994948640e-03,1.990153137888039936e-02,2.009335336807442640e-02,3.448000255762652400e-02,7.065443268646696279e-03,2.846958022954697992e-02,1.718405319863167136e-02,2.367403049969628304e-02,1.657661689951724776e-02,4.037852872534287985e-02,1.385913871926851802e-02,1.152530451740784584e-02,1.245244413184564726e-02,6.777710284855653980e-03,1.107771987595511376e-02,1.571341794814412260e-02,2.225135074650724104e-02,1.331564308321877242e-02,3.345695194859170385e-02,3.706959941174590295e-02,9.079574155183988901e-03,2.572013171776591292e-02,7.968605134435244319e-02,3.566290482432302872e-02,5.289491352025320337e-02,3.109114741519869440e-02,8.264330701109370500e-03,2.640749384571117880e-02
2.941270500975095084e-02,4.488634547140253617e-02,3.160267271971610448e-02,1.954985773202468080e-02,0.000000000000000000e+00,8.126858275520316977e-02,1.139102912497202552e-01,2.348220851050225252e-02,1.180824195146903677e-01,7.260462290993957568e-02,8.548866651747179246e-02,6.090348156910387056e-02,1.729115380926500301e-01,4.766776431471594216e-02,3.673391093065635216e-02,3.264170849451708545e-02,2.744652962051216324e-02,4.859490392915374879e-02,5.171201125355669864e-02,9.672623805108858386e-02,4.752389782282042535e-02,1.546884491192173638e-01,1.289043767383867833e-01,5.888935068256657968e-02,1.176188497074714678e-01,2.443172735701269194e-01,1.493653889190831030e-01,2.092937753764506637e-01,1.405895329134562999e-01,4.194507497042744559e-02,9.610281658620799250e-02,3.539115700629815592e-02,2.501678442405447580e-02,4.020269190191502057e-02,2.431343713034304216e-02,4.745995715975574736e-02,1.884651043831324368e-02,1.501007065443268722e-02,3.689376258831804367e-02,2.719076696825346168e-02,3.911570062981552937e-02,2.704690047635794140e-02,3.523130534863646440e-02,1.110969020748745102e-02,1.093385338405959348e-02,2.605582019885546372e-02,4.394322069119856872e-02,5.430160810767607760e-02,3.157070238818376201e-02,8.235557402730266097e-02,8.278717350298922528e-02,1.417564500143866368e-01,2.893315003676587976e-02,1.167396655903321784e-01,7.091019533872566782e-02,9.787716998625275999e-02,6.820870232424310065e-02,1.657821541609386384e-01,5.705105661945714113e-02,4.691646152370600176e-02,5.089676779948208024e-02,2.778221810160171404e-02,4.528597461555676496e-02,6.394066306467598160e-02,9.081172671760606718e-02,5.481313341219348767e-02,1.361616419962274893e-01,1.515074011317497360e-01,3.684580709101953344e-02,1.051504204098596545e-01,3.239074139198823699e-01,1.461204002685507763e-01,2.156878416829182410e-01,1.275776079797947549e-01,3.388855142427826816e-02,1.074842546117203285e-01
3.014802263499472348e-02,4.645289171648710191e-02,3.291345631254195825e-02,2.006138303654208740e-02,8.126858275520316977e-02,0.000000000000000000e+00,1.155887336551680022e-01,2.378592666005946432e-02,1.215671856517152039e-01,7.300425205409380447e-02,8.598420665622302783e-02,6.056779308801431977e-02,1.764602448927395373e-01,4.840308193995971481e-02,3.831644234150707873e-02,3.353687777742254961e-02,2.794206975926340208e-02,5.035327216343233464e-02,5.327855749864125745e-02,1.011541289683174083e-01,4.776367530931295569e-02,1.616100258959685398e-01,1.329646088429937145e-01,6.012020844656158769e-02,1.219028741328047616e-01,2.527254707631317876e-01,1.548802711084114048e-01,2.126986156846446541e-01,1.456728156270980512e-01,4.271236292720355376e-02,9.885226509798906991e-02,3.563093449279069319e-02,2.548035423127337912e-02,4.049042488570606807e-02,2.466511077719876072e-02,4.792352696697464720e-02,1.897439176444259620e-02,1.531378880398989728e-02,3.719748073787525200e-02,2.775024777006937504e-02,3.999488474695482576e-02,2.784615876466638856e-02,3.617443012884043879e-02,1.107771987595511376e-02,1.149333418587550684e-02,2.685507848716391088e-02,4.562166309664630881e-02,5.642763515457654977e-02,3.190639086927331280e-02,8.281914383452156081e-02,8.452955657150164337e-02,1.427635154576552823e-01,2.954058633588030336e-02,1.200965504012276586e-01,7.118194315675054062e-02,9.920393874484478847e-02,6.884810895488986671e-02,1.690271428114709651e-01,5.855366220147702888e-02,4.856293359762140632e-02,5.246331404456663905e-02,2.858147638991016468e-02,4.688449119217366623e-02,6.614661594040729953e-02,9.434444835192941359e-02,5.506889606445218577e-02,1.425557083026950944e-01,1.570542536526103872e-01,3.796476869465136017e-02,1.079797947504715638e-01,3.331468397327280173e-01,1.520189264362671322e-01,2.211227980434156970e-01,1.314939735925061415e-01,3.473576520988522903e-02,1.106173471018894461e-01
4.106589085328814920e-02,6.374884107548195455e-02,4.443876082994980409e-02,2.763835160970619376e-02,1.139102912497202552e-01,1.155887336551680022e-01,0.000000000000000000e+00,3.336104095399469033e-02,1.678122702132421040e-01,1.027686307107004704e-01,1.206400460372774042e-01,8.475334889222800594e-02,2.447169027142811482e-01,6.782505834585504656e-02,5.175996675085520887e-02,4.622909939576073240e-02,3.941941877937274463e-02,6.926372326481025632e-02,7.295629655679529424e-02,1.380958470539339622e-01,6.593880878544711166e-02,2.203235397551072672e-01,1.823108155631573968e-01,8.305892132101409808e-02,1.669810415934013248e-01,3.441286486140861522e-01,2.122350458774257542e-01,2.969244541065890752e-01,2.004060232104606931e-01,5.946481665014866080e-02,1.364333898142523760e-01,5.027334633460148888e-02,3.577480098468621000e-02,5.698711595639247007e-02,3.463985421528821551e-02,6.792096934045206702e-02,2.666325649796988384e-02,2.137216662936794812e-02,5.255922503916365951e-02,3.913168579558169713e-02,5.615588733655167697e-02,3.878001214872598551e-02,5.068896064452188543e-02,1.593721026887048864e-02,1.584129927427347512e-02,3.659004443876082840e-02,6.275776079797946994e-02,7.695258799833754049e-02,4.466255315067617360e-02,1.167076952587998290e-01,1.170273985741232120e-01,2.011733111672368013e-01,4.103392052175581367e-02,1.657661689951724915e-01,1.008024553214616897e-01,1.381278173854662839e-01,9.586303909971546910e-02,2.352057290834105863e-01,8.184404872278525089e-02,6.611464560887496400e-02,7.199718661082515903e-02,3.951532977396975815e-02,6.418044055116851887e-02,9.153105917708366512e-02,1.291761245564116423e-01,7.682470667220818450e-02,1.935803574283065376e-01,2.152722273729978653e-01,5.255922503916365951e-02,1.492534927587199078e-01,4.566002749448511699e-01,2.070238818376546608e-01,3.068032865500815443e-01,1.809041209757345225e-01,4.819527478499952000e-02,1.528021995588094151e-01
8.919722497522299121e-03,1.297995460212922336e-02,9.447232967805876958e-03,5.754659675820838170e-03,2.348220851050225252e-02,2.378592666005946432e-02,3.336104095399469033e-02,0.000000000000000000e+00,3.433613606573100024e-02,2.121231497170625660e-02,2.479299210332811323e-02,1.801528181847245752e-02,5.046516832379551593e-02,1.422679753189040608e-02,1.093385338405959348e-02,9.511173630870551482e-03,8.232360369577033238e-03,1.429073819495508234e-02,1.518590747786054476e-02,2.878928354487035948e-02,1.393906454809936378e-02,4.549378177051695976e-02,3.817257584961156192e-02,1.780747466351225924e-02,3.448000255762652400e-02,7.231688992614852818e-02,4.399117618849707201e-02,6.152690303398446192e-02,4.130566833978068647e-02,1.211675565075609820e-02,2.882125387640269848e-02,1.040634291377601564e-02,7.592953738930272381e-03,1.248441446337798452e-02,7.321205920905399581e-03,1.416285686882572982e-02,5.610793183925317021e-03,4.507816746059656321e-03,1.088589788676108498e-02,8.280315866875539998e-03,1.205281498769142194e-02,8.120464209213850218e-03,1.050225390837302916e-02,3.276958982064643970e-03,3.372869976661657925e-03,7.848716391188977418e-03,1.312382109402474538e-02,1.622494325266152920e-02,9.527158796636720980e-03,2.447328878800473020e-02,2.439336295917388792e-02,4.189711947312893536e-02,8.695930176795933081e-03,3.446401739186035623e-02,2.071677483295501776e-02,2.869337255027334596e-02,2.052495284376099072e-02,4.881869624988011136e-02,1.707215703826848660e-02,1.430672336072125010e-02,1.481824866523865844e-02,8.328271364174046759e-03,1.317177659132325214e-02,1.932606541129831476e-02,2.722273729978579720e-02,1.630486908149237496e-02,4.069823204066626288e-02,4.507816746059656321e-02,1.115764570478595778e-02,3.083538476293999284e-02,9.608683142044183167e-02,4.292017008216374857e-02,6.406854439080533758e-02,3.740528789283544681e-02,9.878832443492439538e-03,3.262572332875091768e-02
4.322388823172096384e-02,6.704178522331276369e-02,4.693244668947216952e-02,2.893315003676587976e-02,1.180824195146903677e-01,1.215671856517152039e-01,1.678122702132421040e-01,3.433613606573100024e-02,0.000000000000000000e+00,1.066690111576457101e-01,1.244445154896256234e-01,8.806227820582498977e-02,2.556667412641069337e-01,7.073435851529780161e-02,5.532465871671089080e-02,4.880271108411394360e-02,4.096997985869113568e-02,7.306819271715847552e-02,7.677675117490968815e-02,1.468876882253268845e-01,6.878416829182518177e-02,2.342945746347389613e-01,1.927491288084657306e-01,8.671952428146680047e-02,1.759647047539882880e-01,3.641740464848620684e-01,2.240640685443908153e-01,3.089452987627481773e-01,2.111960101026247594e-01,6.261389430608395312e-02,1.431151891045110147e-01,5.148821893283033607e-02,3.663799993605933863e-02,5.858563253300936441e-02,3.572684548738770671e-02,7.031874420537741199e-02,2.749448511781067001e-02,2.218741008344256652e-02,5.390197896352184881e-02,4.031458806227820879e-02,5.772243358163624272e-02,3.991495891812398000e-02,5.252725470763131704e-02,1.620895808689536144e-02,1.667252789411426128e-02,3.871607148566130752e-02,6.611464560887496400e-02,8.133252341826784082e-02,4.622909939576073240e-02,1.204482240480833771e-01,1.229419099076057426e-01,2.074714664791073859e-01,4.221682278845231839e-02,1.743502030116052259e-01,1.040474439719939886e-01,1.430672336072125184e-01,9.947568656286966127e-02,2.450845615269030275e-01,8.510502253908372450e-02,6.991911506122318321e-02,7.562581923974551201e-02,4.140157933437769999e-02,6.803286550081524831e-02,9.591099459701396546e-02,1.370088557818344710e-01,7.959014034975542273e-02,2.061926532178138816e-01,2.268934428850027107e-01,5.442948943380542665e-02,1.563029508616004259e-01,4.790434476805524588e-01,2.202915694235749178e-01,3.221170753540714138e-01,1.919338853543911261e-01,5.124844144633779880e-02,1.595479395121327526e-01
2.623165702228331952e-02,4.026663256497969856e-02,2.808593625115892584e-02,1.742383068512420516e-02,7.260462290993957568e-02,7.300425205409380447e-02,1.027686307107004704e-01,2.121231497170625660e-02,1.066690111576457101e-01,0.000000000000000000e+00,7.653697368841715087e-02,5.422168227884523184e-02,1.554237667444611504e-01,4.341571022091499088e-02,3.302535247290514647e-02,2.939671984398478308e-02,2.493685859522363352e-02,4.395920585696473648e-02,4.634099555612391369e-02,8.806227820582498977e-02,4.205697113079062688e-02,1.402218741008344205e-01,1.162121551200485936e-01,5.294286901755171360e-02,1.057099012116755610e-01,2.191246523226445808e-01,1.345950957511429513e-01,1.883532082227692694e-01,1.272259343329390224e-01,3.785287253428817889e-02,8.663959845263595472e-02,3.168259854854695023e-02,2.257105406183062060e-02,3.628632628920362008e-02,2.199558809424853600e-02,4.320790306595479607e-02,1.684836471754212056e-02,1.349147990664663170e-02,3.308929313596981753e-02,2.472905144026343524e-02,3.543911250359665921e-02,2.434540746187538116e-02,3.201828702963649409e-02,1.008663959845263608e-02,1.000671376962179032e-02,2.341826784743757800e-02,3.972313692892995296e-02,4.865884459221841984e-02,2.838965440071613416e-02,7.423510981808881248e-02,7.441094664151667870e-02,1.275136673167300838e-01,2.605582019885546372e-02,1.052463314044566611e-01,6.398861856197449183e-02,8.711915342562102926e-02,6.119121455289491113e-02,1.487259822884363369e-01,5.180792224815371216e-02,4.250455577224335896e-02,4.547779660475079200e-02,2.520860641324850632e-02,4.073020237219859840e-02,5.810607756002429680e-02,8.261133667956137294e-02,4.899453307330797064e-02,1.233894945490584677e-01,1.368969596214712758e-01,3.310527830173599223e-02,9.464816650148662192e-02,2.902106844847980871e-01,1.315579142555708403e-01,1.958342658013363657e-01,1.152370600083122837e-01,3.080341443140765384e-02,9.706192653217814159e-02
3.129895457015888921e-02,4.738003133092490160e-02,3.345695194859170385e-02,2.073275999872118552e-02,8.548866651747179246e-02,8.598420665622302783e-02,1.206400460372774042e-01,2.479299210332811323e-02,1.244285303238594625e-01,7.653697368841715087e-02,0.000000000000000000e+00,6.397263339620831712e-02,1.829022666965056387e-01,5.105661945714377176e-02,3.946737427667124792e-02,3.471978004411905433e-02,2.944467534128328984e-02,5.191981840851689345e-02,5.482911857795965543e-02,1.030723488602576787e-01,5.016145017423830760e-02,1.643275040762172678e-01,1.377122030755458804e-01,6.258192397455161760e-02,1.250839221202723894e-01,2.594232552191566010e-01,1.588126218868889661e-01,2.220659228236196714e-01,1.493334185875507536e-01,4.453467182454681761e-02,1.027526455449342957e-01,3.718149557210908424e-02,2.672719716103455836e-02,4.315994756865628584e-02,2.603983503308929248e-02,5.091275296524824800e-02,2.002941270500975188e-02,1.600115093193516316e-02,3.876402698295981081e-02,2.926883851785543056e-02,4.186514914159659984e-02,2.858147638991016468e-02,3.812462035231305169e-02,1.171712650660187288e-02,1.187697816426356266e-02,2.781418843313405304e-02,4.691646152370600176e-02,5.797819623389494775e-02,3.358483327472105984e-02,8.783848588509862720e-02,8.785447105086480191e-02,1.503085136992870496e-01,3.069151827104446909e-02,1.240129160139390591e-01,7.469867962530771233e-02,1.032801560152178805e-01,7.191726078199431327e-02,1.764762300585057120e-01,6.170273985741232120e-02,5.024137600306915336e-02,5.399788995811886233e-02,2.950861600434796436e-02,4.817928961923335224e-02,6.841650947920330239e-02,9.706192653217814159e-02,5.796221106812877305e-02,1.460244892739537836e-01,1.616579813932670362e-01,3.903577480098468361e-02,1.117203235397551120e-01,3.423702803798075456e-01,1.555836184021228419e-01,2.304901051823907421e-01,1.360017903385657978e-01,3.635026695226829807e-02,1.149812973560535856e-01
2.253908373029828160e-02,3.326512995939767681e-02,2.375395632852712532e-02,1.465839700757696866e-02,6.090348156910387056e-02,6.056779308801431977e-02,8.475334889222800594e-02,1.801528181847245752e-02,8.806227820582498977e-02,5.422168227884523184e-02,6.397263339620831712e-02,0.000000000000000000e+00,1.282010294446753462e-01,3.643019278109913689e-02,2.805396591962658684e-02,2.439336295917388792e-02,2.050896767799481948e-02,3.620640046037277432e-02,3.925956712171105312e-02,7.246075641804405887e-02,3.649413344416381488e-02,1.156047188209341769e-01,9.843665078806866642e-02,4.520604878672591920e-02,8.783848588509862720e-02,1.841810799577991709e-01,1.117363087055212728e-01,1.558393810543815261e-01,1.043191917900188614e-01,3.126698423862655368e-02,7.246075641804405887e-02,2.631158285111416528e-02,1.863870328335304888e-02,3.062757760797979456e-02,1.819111864190031680e-02,3.574283065315387448e-02,1.411490137152722306e-02,1.133348252821381706e-02,2.755842578087534800e-02,2.042904184916397720e-02,2.946066050704945760e-02,2.023721985996994668e-02,2.616771635921864500e-02,8.232360369577033238e-03,8.408197193004890782e-03,2.009335336807442640e-02,3.299338214137280401e-02,4.093800952715879321e-02,2.389782282042264908e-02,6.210236900156654305e-02,6.187857668084018048e-02,1.059177083666357627e-01,2.189967709965152248e-02,8.676747977876531071e-02,5.252725470763131704e-02,7.313213338022314658e-02,5.262316570222833056e-02,1.236452572013171797e-01,4.300009591099459433e-02,3.599859330541257951e-02,3.786885770005434665e-02,2.065283416989034324e-02,3.382461076121359711e-02,4.838709677419354704e-02,6.849643530803414815e-02,4.205697113079062688e-02,1.022251350746507248e-01,1.153329710029093041e-01,2.791009942773106656e-02,7.869497106684995857e-02,2.444771252277886109e-01,1.095143706640237802e-01,1.621535215320182854e-01,9.498385498257616577e-02,2.540042840244253336e-02,8.056523546149173265e-02
6.290162728987500063e-02,9.709389686371047712e-02,6.825665782154161088e-02,4.226477828575082168e-02,1.729115380926500301e-01,1.764602448927395373e-01,2.447169027142811482e-01,5.046516832379551593e-02,2.556667412641069337e-01,1.554237667444611504e-01,1.829022666965056387e-01,1.282010294446753462e-01,0.000000000000000000e+00,1.031203043575561890e-01,7.954218485245692638e-02,7.031874420537741199e-02,5.965663863934268785e-02,1.053582275648198424e-01,1.115924422136257560e-01,2.116116244125451629e-01,1.002269893538795947e-01,3.367914575274145728e-01,2.788612167908181005e-01,1.267783496914862973e-01,2.546117203235397364e-01,5.269669746475270644e-01,3.244509095559320877e-01,4.509734965951596730e-01,3.069951085392755297e-01,9.082771188337222801e-02,2.078870807890277894e-01,7.546596758208382050e-02,5.394993446082035904e-02,8.625595447424790063e-02,5.228747722113877977e-02,1.027046900476357993e-01,4.023466223344736303e-02,3.252981233415390416e-02,7.917452603983503312e-02,5.892132101409891520e-02,8.468940822916333488e-02,5.869752869337255263e-02,7.690463250103903026e-02,2.383388215735797108e-02,2.404168931231816936e-02,5.636369449151187871e-02,9.594296492854631486e-02,1.176028645417052931e-01,6.755331052783017376e-02,1.766041113846350541e-01,1.776911026567345453e-01,3.034943572364845465e-01,6.203842833850187199e-02,2.513987020045397869e-01,1.520189264362671322e-01,2.093896863710476564e-01,1.452572013171776477e-01,3.571405735477476973e-01,1.244445154896256234e-01,1.012660251286805896e-01,1.098180888135810024e-01,6.040794143035263519e-02,9.795709581508360575e-02,1.397902746251478701e-01,1.978643818536398313e-01,1.165638287669043122e-01,2.967166469516289151e-01,3.286709933182007104e-01,7.990984366507880576e-02,2.273090571949231142e-01,6.965695834265801523e-01,3.171936442980913817e-01,4.680616387991943239e-01,2.761437386105694003e-01,7.381949550816842287e-02,2.325521915662265293e-01
1.759966750855206444e-02,2.653537517184053132e-02,1.908628792480578096e-02,1.170114134083570512e-02,4.766776431471594216e-02,4.840308193995971481e-02,6.782505834585504656e-02,1.422679753189040608e-02,7.073435851529780161e-02,4.341571022091499088e-02,5.105661945714377176e-02,3.643019278109913689e-02,1.031203043575561890e-01,0.000000000000000000e+00,2.220339524920873428e-02,1.951788740049234180e-02,1.672048339141276804e-02,2.912497202595991028e-02,3.121902874132804692e-02,5.858563253300936441e-02,2.829374340611912064e-02,9.221842130502892754e-02,7.779980178394449442e-02,3.571086032162153201e-02,7.022283321078039153e-02,1.455449343009687091e-01,8.962882445090955552e-02,1.253077144409987520e-01,8.441766041113846208e-02,2.519262124748233508e-02,5.772243358163624272e-02,2.087662649061670928e-02,1.504204098596502448e-02,2.452124428530323696e-02,1.465839700757696866e-02,2.846958022954697992e-02,1.123757153361680354e-02,9.223440647079510918e-03,2.197960292848236824e-02,1.641676524185555971e-02,2.359410467086543728e-02,1.620895808689536144e-02,2.132421113206943789e-02,6.505962466830781180e-03,6.777710284855653980e-03,1.566546245084561584e-02,2.663128616643754484e-02,3.296141180984046848e-02,1.883052527254707592e-02,4.917036989673582992e-02,4.952204354359154848e-02,8.465743789763099936e-02,1.751974167972121868e-02,7.011093705041721025e-02,4.250455577224335896e-02,5.813804789155663233e-02,4.098596502445730344e-02,9.917196841331245294e-02,3.414431407653697320e-02,2.851753572684548668e-02,3.017999296652706248e-02,1.697624604367147308e-02,2.699894497905943117e-02,3.906774513251702607e-02,5.516480705904919929e-02,3.272163432334793121e-02,8.186003388855142560e-02,9.145113334825281937e-02,2.234726174110425456e-02,6.270980530068097358e-02,1.932606541129831546e-01,8.758272323283992911e-02,1.299434125131877504e-01,7.632916653345694913e-02,2.018926436267143992e-02,6.491575817641229151e-02
1.400300521116404004e-02,2.070078966718885000e-02,1.520189264362671426e-02,9.111544486716327898e-03,3.673391093065635216e-02,3.831644234150707873e-02,5.175996675085520887e-02,1.093385338405959348e-02,5.532465871671089080e-02,3.302535247290514647e-02,3.946737427667124792e-02,2.805396591962658684e-02,7.954218485245692638e-02,2.220339524920873428e-02,0.000000000000000000e+00,1.534575913552223454e-02,1.254835512644266078e-02,2.268295022219380536e-02,2.477700693756194200e-02,4.646887688225326968e-02,2.196361776271620048e-02,7.372358451357140241e-02,6.144697720515361616e-02,2.768630710700470052e-02,5.518079222481537399e-02,1.153329710029093041e-01,7.107004699638735934e-02,9.669426771955624833e-02,6.680200773682022641e-02,1.962978356085552656e-02,4.466255315067617360e-02,1.555356629048243282e-02,1.163720067777102886e-02,1.871862911218389464e-02,1.114166053901979002e-02,2.175581060775600220e-02,8.520093353368073802e-03,7.065443268646696279e-03,1.651267623645257324e-02,1.235653313724863374e-02,1.807922248153713204e-02,1.253236996067649302e-02,1.651267623645257324e-02,4.763579398318360490e-03,5.291089868601937460e-03,1.262828095527350654e-02,2.084465615908437028e-02,2.600786470155695349e-02,1.446657501838293988e-02,3.721346590364141976e-02,3.852424949646728047e-02,6.419642571693467969e-02,1.331564308321877242e-02,5.433357843920841312e-02,3.222609418459669584e-02,4.495028613446721416e-02,3.169858371431311800e-02,7.647303302535247982e-02,2.642347901147735004e-02,2.260302439336295960e-02,2.386585248889031008e-02,1.313980625979091488e-02,2.146807762396496164e-02,3.040378528725342852e-02,4.362351737587518569e-02,2.532050257361168760e-02,6.605070494581029295e-02,7.167748329550177600e-02,1.729594935899485264e-02,4.881869624988011136e-02,1.521148374308641527e-01,6.972729307202915616e-02,1.008024553214616897e-01,6.010422328079541993e-02,1.576137344544262936e-02,5.035327216343233464e-02
1.202084465615908468e-02,1.838294063109434384e-02,1.304389526519389962e-02,7.928642220019821441e-03,3.264170849451708545e-02,3.353687777742254961e-02,4.622909939576073240e-02,9.511173630870551482e-03,4.880271108411394360e-02,2.939671984398478308e-02,3.471978004411905433e-02,2.439336295917388792e-02,7.031874420537741199e-02,1.951788740049234180e-02,1.534575913552223454e-02,0.000000000000000000e+00,1.120560120208446628e-02,2.001342753924358064e-02,2.150004795549729716e-02,4.063429137760158488e-02,1.911825825633811995e-02,6.454809936379039825e-02,5.339045365900444567e-02,2.421752613574602864e-02,4.840308193995971481e-02,1.007065443268646693e-01,6.195850250967102624e-02,8.512100770484989920e-02,5.831388471498449161e-02,1.720003836439783912e-02,3.954730010550209368e-02,1.416285686882572982e-02,1.031043191917900212e-02,1.644873557338789524e-02,9.974743438089453060e-03,1.943796157166149952e-02,7.624924070462610511e-03,6.250199814572077010e-03,1.512196681479587024e-02,1.114166053901979002e-02,1.617698775536302244e-02,1.126954186514914080e-02,1.475430800217398218e-02,4.459861248761149560e-03,4.603727740656670710e-03,1.063013523450238168e-02,1.828702963649733032e-02,2.247514306723360708e-02,1.285207327599987258e-02,3.321717446209917352e-02,3.416029924230314097e-02,5.721090827711883264e-02,1.174909683813421188e-02,4.805140829310399625e-02,2.850155056107931892e-02,3.967518143163144273e-02,2.747849995204450224e-02,6.792096934045206702e-02,2.369001566546245080e-02,1.948591706896000628e-02,2.102049298251222956e-02,1.144537868857700008e-02,1.881454010678090816e-02,2.645544934300968556e-02,3.802870935771603816e-02,2.201157326001470724e-02,5.711499728252181912e-02,6.266184980338246335e-02,1.515393714632820750e-02,4.330381406055180959e-02,1.325330093673071363e-01,6.088749640333770280e-02,8.906934364909363522e-02,5.348636465360145920e-02,1.390709421656702652e-02,4.443876082994980409e-02
1.000671376962179032e-02,1.540969979858691080e-02,1.075801656063173420e-02,6.697784456024809090e-03,2.744652962051216324e-02,2.794206975926340208e-02,3.941941877937274463e-02,8.232360369577033238e-03,4.096997985869113568e-02,2.493685859522363352e-02,2.944467534128328984e-02,2.050896767799481948e-02,5.965663863934268785e-02,1.672048339141276804e-02,1.254835512644266078e-02,1.120560120208446628e-02,0.000000000000000000e+00,1.686434988330828832e-02,1.782345982927843048e-02,3.417628440806930873e-02,1.596918060040282764e-02,5.398190479235269457e-02,4.467853831644234136e-02,2.034911602033313144e-02,4.066626170913392041e-02,8.384219444355638096e-02,5.177595191662137664e-02,7.250871191534255522e-02,4.902650340484030617e-02,1.448256018414910938e-02,3.358483327472105984e-02,1.219668147958694396e-02,8.823811502925285599e-03,1.417884203459189932e-02,8.568048850666580563e-03,1.678442405447744604e-02,6.537932798363119309e-03,5.291089868601937460e-03,1.280411777870136582e-02,9.671025288532241262e-03,1.390709421656702652e-02,9.575114293935227741e-03,1.248441446337798452e-02,3.868410115412896765e-03,3.948335944243742089e-03,8.887752165989961858e-03,1.536174430128840404e-02,1.884651043831324368e-02,1.093385338405959348e-02,2.850155056107931892e-02,2.870935771603951372e-02,4.901051823907413840e-02,1.010262476421880558e-02,4.055436554877073912e-02,2.458518494836791496e-02,3.337702611976086503e-02,2.338629751590523900e-02,5.733878960324818863e-02,2.028517535726845344e-02,1.636880974455704948e-02,1.743981585089037292e-02,9.830876946193932778e-03,1.561750695354710908e-02,2.257105406183062060e-02,3.174653921161162129e-02,1.865468844911921664e-02,4.745995715975574736e-02,5.275104702835768655e-02,1.286805844176604034e-02,3.646216311263147936e-02,1.110969020748745206e-01,5.049713865532785839e-02,7.559384890821317649e-02,4.429489433805428727e-02,1.174909683813421188e-02,3.790082803158668912e-02
1.785543016081076600e-02,2.749448511781067001e-02,1.943796157166149952e-02,1.195690399309440842e-02,4.859490392915374879e-02,5.035327216343233464e-02,6.926372326481025632e-02,1.429073819495508234e-02,7.306819271715847552e-02,4.395920585696473648e-02,5.191981840851689345e-02,3.620640046037277432e-02,1.053582275648198424e-01,2.912497202595991028e-02,2.268295022219380536e-02,2.001342753924358064e-02,1.686434988330828832e-02,0.000000000000000000e+00,3.190639086927331280e-02,6.088749640333770280e-02,2.838965440071613416e-02,9.667828255379008751e-02,7.925445186866587888e-02,3.609450430000959303e-02,7.241280092074554864e-02,1.502605582019885533e-01,9.253812462035231057e-02,1.274976821509639091e-01,8.710316825985485456e-02,2.538444323667636560e-02,5.909715783752677448e-02,2.132421113206943789e-02,1.539371463282074304e-02,2.461715527990025396e-02,1.505802615173119398e-02,2.899709069983055776e-02,1.136545285974615606e-02,9.271396144378017679e-03,2.261900955912912736e-02,1.680040922024361380e-02,2.424949646727836416e-02,1.688033504907445956e-02,2.186770676811918696e-02,6.681799290258639591e-03,6.921576776751175129e-03,1.590523993733814964e-02,2.752645544934300900e-02,3.360081844048722760e-02,1.924613958246746900e-02,4.961795453818856200e-02,5.096070846254675824e-02,8.577639950126282609e-02,1.769557850314907796e-02,7.204514210812365538e-02,4.303206624252693679e-02,5.938489082131781505e-02,4.119377217941749825e-02,1.015377729467054624e-01,3.524729051440263217e-02,2.896512036829821876e-02,3.126698423862655368e-02,1.732791969052719164e-02,2.797404009079574108e-02,3.980306275776079872e-02,5.661945714377058375e-02,3.289747114677579048e-02,8.531282969404392624e-02,9.338533840595926450e-02,2.279484638255698664e-02,6.467598068991975424e-02,1.983759071581572275e-01,9.073180088877522143e-02,1.333642379871479156e-01,7.939831836056139569e-02,2.079670066178586352e-02,6.670609674222321983e-02
1.934205057706448252e-02,2.907701652866140352e-02,2.081268582755203128e-02,1.259631062374116754e-02,5.171201125355669864e-02,5.327855749864125745e-02,7.295629655679529424e-02,1.518590747786054476e-02,7.677675117490968815e-02,4.634099555612391369e-02,5.482911857795965543e-02,3.925956712171105312e-02,1.115924422136257560e-01,3.121902874132804692e-02,2.477700693756194200e-02,2.150004795549729716e-02,1.782345982927843048e-02,3.190639086927331280e-02,0.000000000000000000e+00,6.429233671153170016e-02,3.075545893410914708e-02,1.023690015665462416e-01,8.587231049585984655e-02,3.833242750727325343e-02,7.688864733527286943e-02,1.596918060040282694e-01,9.853256178266568688e-02,1.353304133763867101e-01,9.226637680232743777e-02,2.744652962051216324e-02,6.269382013491479888e-02,2.236324690687042580e-02,1.611304709229834792e-02,2.605582019885546372e-02,1.576137344544262936e-02,3.093129575753700636e-02,1.205281498769142194e-02,9.846862111960100541e-03,2.341826784743757800e-02,1.748777134818887968e-02,2.524057674478084184e-02,1.743981585089037292e-02,2.317849036094504420e-02,6.921576776751175129e-03,7.369161418203906341e-03,1.731193452476102040e-02,2.891716487099971200e-02,3.603056363694491504e-02,2.028517535726845344e-02,5.273506186259151185e-02,5.372614214009398953e-02,9.042808273921799922e-02,1.838294063109434384e-02,7.594552255506889504e-02,4.507816746059656321e-02,6.254995364301928207e-02,4.384730969660155520e-02,1.071965216279292810e-01,3.772499120815882984e-02,3.083538476293999284e-02,3.328111512516384457e-02,1.807922248153713204e-02,2.981233415390517616e-02,4.216886729115380816e-02,6.058377825378049447e-02,3.503948335944243736e-02,9.068384539147671120e-02,9.953962722593433232e-02,2.372198599699478980e-02,6.841650947920330239e-02,2.100930336647590935e-01,9.672623805108858386e-02,1.411649988810383949e-01,8.422583842194443504e-02,2.244317273570126808e-02,6.972729307202915616e-02
3.615844496307426409e-02,5.513283672751686376e-02,3.959525560280060391e-02,2.381789699159180332e-02,9.672623805108858386e-02,1.011541289683174083e-01,1.380958470539339622e-01,2.878928354487035948e-02,1.468876882253268845e-01,8.806227820582498977e-02,1.030723488602576787e-01,7.246075641804405887e-02,2.116116244125451629e-01,5.858563253300936441e-02,4.646887688225326968e-02,4.063429137760158488e-02,3.417628440806930873e-02,6.088749640333770280e-02,6.429233671153170016e-02,0.000000000000000000e+00,5.677930880143226833e-02,1.959941174589980573e-01,1.613702484094760026e-01,7.196521627929280962e-02,1.461523706000831258e-01,3.028229802743054311e-01,1.876019054317593360e-01,2.558905335848332685e-01,1.763323635666101952e-01,5.160011509319351736e-02,1.186259151507401133e-01,4.178522331276575408e-02,3.053166661338278104e-02,4.929825122286517897e-02,2.987627481696985068e-02,5.809009239425812904e-02,2.249112823299977484e-02,1.849483679145752860e-02,4.421496850922344152e-02,3.329710029093001927e-02,4.825921544806419800e-02,3.339301128552703279e-02,4.359154704434285016e-02,1.302791009942773186e-02,1.393906454809936378e-02,3.236996067649221265e-02,5.546852520860641456e-02,6.817673199271076512e-02,3.820454618114389744e-02,9.885226509798906991e-02,1.021292240800537043e-01,1.706096742223216778e-01,3.513539435403945088e-02,1.453211419802423465e-01,8.616004347965088017e-02,1.180984046804565424e-01,8.245148502189968143e-02,2.022762876051024672e-01,7.031874420537741199e-02,5.916109850059145248e-02,6.272579046644713441e-02,3.475175037565139680e-02,5.652354614917357023e-02,8.045333930112855136e-02,1.162441254515809291e-01,6.576297196201924544e-02,1.747338469899932800e-01,1.893123181687394185e-01,4.539787077591994624e-02,1.294159020429041795e-01,3.985741232136577050e-01,1.843888871127593587e-01,2.681032002301864114e-01,1.607148566130630896e-01,4.256849643530803695e-02,1.335720451421081312e-01
1.772754883468141696e-02,2.602384986732312472e-02,1.867067361488538788e-02,1.149333418587550684e-02,4.752389782282042535e-02,4.776367530931295569e-02,6.593880878544711166e-02,1.393906454809936378e-02,6.878416829182518177e-02,4.205697113079062688e-02,5.016145017423830760e-02,3.649413344416381488e-02,1.002269893538795947e-01,2.829374340611912064e-02,2.196361776271620048e-02,1.911825825633811995e-02,1.596918060040282764e-02,2.838965440071613416e-02,3.075545893410914708e-02,5.677930880143226833e-02,0.000000000000000000e+00,9.055596406534735521e-02,7.652098852265097617e-02,3.521532018287029664e-02,6.913584193868090033e-02,1.445378688577000637e-01,8.767863422743693569e-02,1.218229483039739158e-01,8.211579654081012369e-02,2.439336295917388792e-02,5.669938297260142257e-02,2.034911602033313144e-02,1.469036733910930592e-02,2.383388215735797108e-02,1.427475302918891284e-02,2.773426260430320728e-02,1.101377921289043750e-02,8.903737331756129622e-03,2.151603312126346840e-02,1.590523993733814964e-02,2.300265353751718492e-02,1.588925477157198188e-02,2.042904184916397720e-02,6.298155311870583771e-03,6.553917964129287940e-03,1.580932894274113612e-02,2.576808721506441968e-02,3.190639086927331280e-02,1.843089612839285060e-02,4.798746763003932519e-02,4.832315611112886905e-02,8.224367786693947968e-02,1.694427571213913408e-02,6.766520668819335504e-02,4.085808369832795439e-02,5.711499728252181912e-02,4.074618753796476617e-02,9.682214904568560432e-02,3.352089261165638184e-02,2.810192141692509360e-02,2.987627481696985068e-02,1.620895808689536144e-02,2.658333066913903808e-02,3.769302087662648737e-02,5.374212730586016423e-02,3.249784200262156864e-02,8.072508711915342416e-02,8.958086895361104529e-02,2.180376610505450896e-02,6.163879919434764321e-02,1.917580485309632599e-01,8.582435499856133632e-02,1.263787205473320685e-01,7.413919882349180590e-02,1.966175389238786556e-02,6.307746411330285297e-02
