0.000000000000000000e+00,1.432809797663071698e-02,1.299230866575739295e-02,4.851024339487338202e-03,2.242719948255740212e-02,2.822030680971329697e-02,3.062472756928528300e-02,7.860065523980932709e-03,3.953936360185041771e-02,1.978374274103966712e-02,2.786878330685189573e-02,1.640911711357021310e-02,4.332175649263909911e-02,1.302043054598630428e-02,1.311885712678749656e-02,1.029260816378183008e-02,8.295954667529071430e-03,1.532642472475709804e-02,1.496084028178124026e-02,2.813594116902656123e-02,1.505926686258243254e-02,5.258791602806563853e-02,4.437632700122329937e-02,1.583261856887751423e-02,3.210112628130316892e-02,7.931776318564659478e-02,4.588084759347010183e-02,6.133382077925730175e-02,4.540277562957859697e-02,9.941084660920428834e-03,3.151056679649601178e-02,9.617683038287940661e-03,7.494481081005075797e-03,1.171276311534189159e-02,7.424176380432795722e-03,1.356880721045009008e-02,4.808841519143970331e-03,4.190160154107903587e-03,1.077068012767333667e-02,6.791434075282273310e-03,1.082692388813116108e-02,6.482093392764239938e-03,9.730170559203587741e-03,3.768331950674222268e-03,2.418481699686440833e-03,6.903921596197922124e-03,1.122063021133593019e-02,1.818079556799167759e-02,8.352198427986895837e-03,2.081019136939495778e-02,2.663142057677976224e-02,3.234016226324892135e-02,9.280220475540994218e-03,4.214063752302479177e-02,1.989623026195531594e-02,3.049817910825517939e-02,2.149917743500330547e-02,4.304053769034997534e-02,1.636693429322684523e-02,1.176900687579971599e-02,1.340007592907661860e-02,6.257118350932943177e-03,1.465149959926320689e-02,1.676064061643161435e-02,2.537999690659317395e-02,1.659190933505814286e-02,4.381388939664505877e-02,4.756816040720482364e-02,1.292200396518511200e-02,3.274792952656814526e-02,9.375834868319295190e-02,4.918516852036727144e-02,5.996990958815506118e-02,4.133916393650079180e-02,1.055976602595649558e-02,2.864213501314697916e-02
1.432809797663071698e-02,0.000000000000000000e+00,2.483162024212938815e-02,9.434890816800010904e-03,4.436226606110884457e-02,5.593441977530617948e-02,6.056046907296221832e-02,1.448276831788973366e-02,7.802415669511664209e-02,3.838636651246501996e-02,5.410649756042688885e-02,3.020289936585160082e-02,8.617950196150114817e-02,2.547842348739436796e-02,2.464882802064145839e-02,2.038836316596127560e-02,1.656378745482922979e-02,3.058254474894191513e-02,2.871243971371926010e-02,5.585005413461944374e-02,2.913426791715294228e-02,1.043462365893783605e-01,8.456249384833869343e-02,3.063878850939973780e-02,6.363981495802809030e-02,1.543188177561551633e-01,8.980722451103080595e-02,1.210225115651232392e-01,9.125550134281977532e-02,1.939003641783489801e-02,6.195250214429336849e-02,1.888384257371448008e-02,1.515769344338362482e-02,2.291933238656336524e-02,1.486241370098004798e-02,2.720791912147246111e-02,9.645804918516851997e-03,8.225649966956790488e-03,2.114765393214190423e-02,1.356880721045009008e-02,2.152729931523221507e-02,1.292200396518511200e-02,1.953064581897945642e-02,7.522602961233988000e-03,4.555744597083761366e-03,1.361099003079345969e-02,2.246938230290077346e-02,3.492737524430883367e-02,1.646536087402803925e-02,4.135322487661525354e-02,5.278476918966801962e-02,6.428661820329306664e-02,1.773084548432908233e-02,8.435157974662185754e-02,3.930032761990466528e-02,5.937935010334791097e-02,3.997525274539855816e-02,8.564518623715181023e-02,3.307133114920063344e-02,2.244126042267186039e-02,2.665954245700867531e-02,1.238768824083578274e-02,2.923269449795413283e-02,3.210112628130316892e-02,5.039440937021049532e-02,3.173554183832730941e-02,8.712158494916970308e-02,9.128362322304869880e-02,2.515502186476187632e-02,6.532712777176281904e-02,1.832702934518201932e-01,9.756886345421054985e-02,1.193773815717318887e-01,8.252365753174256691e-02,2.040242410607573387e-02,5.634218703862540339e-02
1.299230866575739295e-02,2.483162024212938815e-02,0.000000000000000000e+00,8.352198427986895837e-03,3.880819471589870562e-02,4.815871989201198078e-02,5.286913483035475536e-02,1.325946652793205671e-02,6.750657348950350745e-02,3.346503747240540255e-02,4.746973382640363309e-02,2.762974732490614330e-02,7.515572491176759906e-02,2.275060110518989376e-02,2.214598068026828181e-02,1.794175958604592169e-02,1.427185421617289257e-02,2.671578621746650145e-02,2.535187502636426435e-02,4.883364501750587366e-02,2.582994699025576921e-02,9.126956228293423012e-02,7.580252815703257541e-02,2.734852852261702300e-02,5.554071345210141036e-02,1.366301550921694696e-01,7.869908182061052804e-02,1.059210618821974370e-01,7.931776318564659478e-02,1.691531095769063103e-02,5.476736174580632693e-02,1.653566557460031672e-02,1.330164934827542632e-02,2.058521632756366015e-02,1.323134464770314538e-02,2.410045135617767259e-02,8.408442188444720244e-03,7.325749799631603443e-03,1.839170966970851695e-02,1.190961627694427614e-02,1.924942701669033612e-02,1.131905679213712247e-02,1.721059070009420960e-02,6.636763734023256624e-03,4.049550752963343436e-03,1.224707883969122259e-02,1.936191453760598494e-02,3.124340893432134975e-02,1.452495113823310154e-02,3.620692079472433850e-02,4.611988357541585426e-02,5.644061361942659394e-02,1.580449668864860463e-02,7.331374175677385363e-02,3.426651105892940252e-02,5.216608782463195287e-02,3.622098173483879330e-02,7.425582474444240855e-02,2.893741475555055773e-02,2.009308342355770050e-02,2.315836836850911767e-02,1.072849730732996880e-02,2.519720468510524766e-02,2.881086629452045064e-02,4.392637691756071106e-02,2.840309903120122673e-02,7.611186883955060878e-02,8.152533078361619279e-02,2.217410256049719489e-02,5.656716208045670102e-02,1.617289331964735233e-01,8.520929709360368365e-02,1.040931396673181603e-01,7.190764774532824866e-02,1.815267368776276452e-02,5.014131244815028116e-02
4.851024339487338202e-03,9.434890816800010904e-03,8.352198427986895837e-03,0.000000000000000000e+00,1.476398712017885570e-02,1.841983154993743002e-02,2.012120530378661010e-02,4.935389980174074813e-03,2.584400793037022401e-02,1.272515080358272745e-02,1.801206428661820264e-02,1.033479098412519795e-02,2.862807407303252435e-02,8.647478170390472674e-03,8.478746889016999452e-03,6.777373135167817642e-03,5.469705704523404079e-03,1.016605970275172646e-02,9.617683038287940661e-03,1.850419719062416576e-02,9.716109619089132940e-03,3.458991268156189069e-02,2.865619595326143396e-02,1.033479098412519795e-02,2.114765393214190423e-02,5.178644244154163856e-02,2.996386338390584839e-02,4.014398402677202965e-02,3.006228996470703893e-02,6.355544931734135455e-03,2.065552102813594110e-02,6.411788692191959863e-03,5.090060321433090632e-03,7.761638943179741297e-03,5.061938441204179295e-03,9.111489194167522732e-03,3.177772465867067728e-03,2.741883322318930307e-03,7.142957578143674553e-03,4.527622716854849162e-03,7.367932619974971314e-03,4.358891435481375941e-03,6.538337153222064345e-03,2.545030160716545316e-03,1.532642472475709674e-03,4.668232117999409313e-03,7.367932619974971314e-03,1.182525063625754040e-02,5.596254165553508561e-03,1.389220883308257999e-02,1.754805326284115258e-02,2.159760401580449601e-02,6.018082368987190747e-03,2.768599108536396597e-02,1.313291806690195310e-02,1.978374274103966712e-02,1.377972131216693118e-02,2.840309903120122673e-02,1.105189892996245697e-02,7.677273302493004686e-03,8.759965691306121488e-03,4.063611693077799104e-03,9.519256457486748382e-03,1.079880200790224801e-02,1.673251873620270128e-02,1.078474106778779147e-02,2.882492723463490891e-02,3.101843389249005212e-02,8.492807829131455988e-03,2.141481179431656973e-02,6.124945513857056600e-02,3.248077166439348323e-02,3.963779018265161519e-02,2.709543160055681230e-02,6.763312195053361106e-03,1.906663479520240637e-02
2.242719948255740212e-02,4.436226606110884457e-02,3.880819471589870562e-02,1.476398712017885570e-02,0.000000000000000000e+00,8.609513632081440548e-02,9.547378337715659025e-02,2.272247922496098069e-02,1.216271319900448511e-01,6.051828625261884698e-02,8.539208931509160994e-02,4.848212151464446895e-02,1.356599502242719912e-01,4.043926376917560822e-02,3.838636651246501996e-02,3.179178559878513555e-02,2.615334861288825738e-02,4.786344014960840221e-02,4.485439896511480423e-02,8.671381768585047223e-02,4.613394451553030906e-02,1.624741630225396971e-01,1.316666432317664670e-01,4.798998861063850929e-02,9.939678566908984048e-02,2.415107074058971681e-01,1.399344760190666392e-01,1.894008633417230414e-01,1.415514841322290940e-01,3.014665560539377814e-02,9.689393832871666390e-02,3.009041184493595200e-02,2.397390289514756898e-02,3.638971301621226478e-02,2.373486691320181655e-02,4.305459863046443014e-02,1.501708404223906466e-02,1.266890704312490304e-02,3.364782969389333578e-02,2.149917743500330547e-02,3.449148610076070015e-02,2.033211940550345292e-02,3.077939791054429969e-02,1.181118969614308387e-02,7.199201338601498960e-03,2.162572589603340908e-02,3.453366892110406455e-02,5.442989918305937702e-02,2.609710485243043471e-02,6.604423571760008327e-02,8.118786822086924981e-02,1.023917659134689767e-01,2.789690518708080880e-02,1.304011586214654239e-01,6.216341624601021132e-02,9.344900800067491853e-02,6.427255726317861184e-02,1.345210140750010552e-01,5.216608782463195287e-02,3.506798464545339555e-02,4.124073735569960125e-02,1.930567077714815880e-02,4.506531306683164706e-02,5.009912962780691675e-02,7.784136447362870193e-02,5.077405475330080270e-02,1.349850250987781053e-01,1.423388967786386183e-01,3.924408385944684607e-02,1.013090735246558599e-01,2.868713002151324076e-01,1.524487127209325221e-01,1.868980160013498371e-01,1.271249595747971639e-01,3.194645594004415223e-02,8.909011656519355560e-02
2.822030680971329697e-02,5.593441977530617948e-02,4.815871989201198078e-02,1.841983154993743002e-02,8.609513632081440548e-02,0.000000000000000000e+00,1.181681407218886648e-01,2.829061151028557791e-02,1.498614997398726167e-01,7.422770286421349895e-02,1.041775053080048891e-01,5.878879061854075383e-02,1.676345280445450669e-01,4.990227646620452873e-02,4.820090271235534518e-02,3.972215582333835093e-02,3.176366371855622595e-02,5.926686258243225869e-02,5.565320097301705571e-02,1.078333497377634703e-01,5.646873549965550354e-02,2.036164737974381078e-01,1.645833040397080838e-01,5.967462984575148954e-02,1.242705887315625896e-01,3.013118857126787509e-01,1.745806324610863491e-01,2.349161264922172698e-01,1.760007874126464089e-01,3.744428352479646505e-02,1.197429660147077413e-01,3.721930848296517436e-02,2.931706013864086857e-02,4.432008324076548017e-02,2.888117099509273158e-02,5.347375525527636730e-02,1.892602539405784795e-02,1.584667950899197250e-02,4.086109197260928694e-02,2.681421279826769200e-02,4.118449359524177511e-02,2.463476708052700359e-02,3.831606181189274596e-02,1.500302310212460813e-02,8.999001673251873917e-03,2.687045655872551467e-02,4.319520803160899203e-02,6.750657348950350745e-02,3.234016226324892135e-02,8.054106497560427347e-02,1.033900926615953508e-01,1.256344999226648163e-01,3.470240020247753604e-02,1.637818304531840907e-01,7.623841730058071586e-02,1.155949886809432142e-01,7.781324259339979232e-02,1.662424949732139168e-01,6.489123862821467859e-02,4.410916913904863734e-02,5.129430953753567890e-02,2.429730451778005715e-02,5.655310114034224622e-02,6.247275692852824469e-02,9.848282456165019516e-02,6.209311154543793038e-02,1.691531095769063242e-01,1.786723660343930709e-01,4.856648715533120469e-02,1.268718626527369497e-01,3.561917349794007093e-01,1.894289852219519510e-01,2.333553621395126343e-01,1.609555814901784399e-01,4.011586214654312005e-02,1.100690392159619779e-01
3.062472756928528300e-02,6.056046907296221832e-02,5.286913483035475536e-02,2.012120530378661010e-02,9.547378337715659025e-02,1.181681407218886648e-01,0.000000000000000000e+00,3.093406825180331637e-02,1.658769105302380642e-01,8.189091522659204536e-02,1.159465121838046120e-01,6.522870119096162156e-02,1.843389249005188413e-01,5.503451960798098896e-02,5.268634260886682907e-02,4.322332991183790857e-02,3.533514250762805758e-02,6.482093392764240458e-02,6.108072385719709452e-02,1.184352985840633338e-01,6.261336632967280658e-02,2.211504661201647848e-01,1.795722662017182336e-01,6.532712777176281904e-02,1.351678173202660316e-01,3.289275720974704220e-01,1.903148244491626728e-01,2.569355587114554584e-01,1.926208186279334544e-01,4.100170137375384882e-02,1.306261336632967285e-01,4.131104205627188219e-02,3.288853892771270715e-02,4.912892475990944530e-02,3.201676064061643318e-02,5.846538899590826566e-02,2.073988666882267684e-02,1.730901728089540015e-02,4.600739605450020198e-02,2.926081637818304590e-02,4.635891955736160669e-02,2.764380826502059810e-02,4.195784530153685854e-02,1.626850771242565122e-02,9.716109619089132940e-03,2.948579142001434353e-02,4.699166186251212823e-02,7.384805748112319157e-02,3.567260507037500750e-02,8.955412758897059178e-02,1.110954878443172755e-01,1.390345758517414487e-01,3.802078206948916739e-02,1.778146486874112309e-01,8.467498136925434571e-02,1.273921174369718468e-01,8.662945204516374342e-02,1.830171965297599790e-01,7.127490544017772711e-02,4.770876980834938552e-02,5.611721199679410577e-02,2.629395801403281926e-02,6.136194265948621135e-02,6.823774237545522647e-02,1.063007072652877583e-01,6.871581433934673133e-02,1.838186701162839720e-01,1.939566079388067854e-01,5.334720679424626022e-02,1.378393959420126935e-01,3.891646395478001730e-01,2.072020135266244012e-01,2.539546394071907631e-01,1.732589040903274868e-01,4.330769555252464431e-02,1.206569271221473866e-01
7.860065523980932709e-03,1.448276831788973366e-02,1.325946652793205671e-02,4.935389980174074813e-03,2.272247922496098069e-02,2.829061151028557791e-02,3.093406825180331637e-02,0.000000000000000000e+00,3.987682616459736762e-02,1.981186462126857672e-02,2.827655057017112311e-02,1.683094531700389529e-02,4.388419409721733971e-02,1.341413686919107340e-02,1.363911191102237103e-02,1.060194884629986345e-02,8.310015607643526231e-03,1.563576540727512967e-02,1.527018096429927363e-02,2.852964749223133034e-02,1.538266848521492071e-02,5.340345055470408636e-02,4.540277562957859697e-02,1.617008113162446067e-02,3.264950294576695472e-02,8.083634471800785204e-02,4.638704143759051629e-02,6.213529436578129478e-02,4.621831015621704480e-02,9.912962780691517498e-03,3.215737004176099506e-02,9.673926798745763334e-03,7.663212362378549018e-03,1.200804285774546842e-02,7.649151422264092483e-03,1.417342763537170029e-02,4.991633740631898353e-03,4.246403914565727994e-03,1.065819260675768786e-02,7.002348176999114403e-03,1.124875209156484153e-02,6.425849632306416398e-03,1.001138936149270978e-02,3.979246052391062494e-03,2.404420759571985165e-03,7.396054500203883518e-03,1.134717867236603381e-02,1.857450189119644671e-02,8.563112529703735196e-03,2.113359299202744596e-02,2.694076125929779561e-02,3.301508738874281423e-02,9.561439277830116254e-03,4.312490333103671108e-02,2.014932718401552317e-02,3.075127603031538662e-02,2.208973691981045914e-02,4.325145179206681817e-02,1.674657967631715955e-02,1.234550542049241487e-02,1.356880721045009008e-02,6.257118350932943177e-03,1.462337771903429381e-02,1.719652975997975133e-02,2.598461733151478589e-02,1.716840787975084173e-02,4.491064272557263037e-02,4.911486381979499050e-02,1.313291806690195310e-02,3.298696550851389769e-02,9.595185534104810898e-02,4.984603270574670952e-02,6.137600359960066615e-02,4.187347966085012280e-02,1.079880200790224801e-02,2.955609612058662100e-02
3.953936360185041771e-02,7.802415669511664209e-02,6.750657348950350745e-02,2.584400793037022401e-02,1.216271319900448511e-01,1.498614997398726167e-01,1.658769105302380642e-01,3.987682616459736762e-02,0.000000000000000000e+00,1.040087740266314176e-01,1.472602258186982427e-01,8.338137487872439302e-02,2.345786639294703269e-01,7.050155373388264368e-02,6.743626878893123344e-02,5.568132285324596531e-02,4.451693640236786126e-02,8.338137487872439302e-02,7.816476609626119010e-02,1.508176436676556265e-01,7.975365232919473524e-02,2.833279433062894648e-01,2.300369802725010238e-01,8.362041086067013851e-02,1.734135744315865035e-01,4.213641924099045255e-01,2.431277155190595951e-01,3.281260985109464290e-01,2.461789395238965783e-01,5.226451440543315036e-02,1.680704171880932074e-01,5.154740645959588613e-02,4.125479829581405605e-02,6.285240231161855207e-02,4.067829975112136065e-02,7.559161405531573952e-02,2.653299399597857169e-02,2.218816350061164969e-02,5.710147780480603202e-02,3.786611172823015070e-02,5.930904540277563003e-02,3.474458302282090738e-02,5.352999901573419345e-02,2.065552102813594110e-02,1.258454140243816730e-02,3.776768514742896016e-02,6.016676274975744920e-02,9.498165047315063059e-02,4.509343494706056360e-02,1.130077756998832950e-01,1.426622984012711204e-01,1.760851530533331377e-01,4.865085279601794044e-02,2.280684486564771851e-01,1.069193886303238250e-01,1.621507613999071951e-01,1.100831001560764327e-01,2.323289135111573644e-01,9.069306373824154166e-02,6.131975983914284695e-02,7.168267270349695797e-02,3.364782969389333578e-02,7.860065523980933055e-02,8.788087571535033171e-02,1.368129473136573959e-01,8.741686469157328165e-02,2.360128798211448553e-01,2.491739197682757145e-01,6.825180331556968127e-02,1.757476904905861947e-01,4.981369254348345654e-01,2.646690757744062927e-01,3.256935558711455680e-01,2.226268648321826915e-01,5.615939481713747711e-02,1.544734880974141800e-01
1.978374274103966712e-02,3.838636651246501996e-02,3.346503747240540255e-02,1.272515080358272745e-02,6.051828625261884698e-02,7.422770286421349895e-02,8.189091522659204536e-02,1.981186462126857672e-02,1.040087740266314176e-01,0.000000000000000000e+00,7.383399654100873677e-02,4.133916393650079180e-02,1.155106230402564715e-01,3.498361900476665981e-02,3.335254995148975721e-02,2.727822382204474205e-02,2.192100563843698419e-02,4.100170137375384882e-02,3.913159633853119379e-02,7.486044516936402049e-02,3.944093702104922716e-02,1.398219884981509731e-01,1.140201633881241239e-01,4.128292017604297259e-02,8.508274863257357656e-02,2.076800854905158922e-01,1.197710878949366509e-01,1.627694427649432618e-01,1.218802289121050653e-01,2.622365331346053832e-02,8.279081539391723588e-02,2.491598588281612389e-02,2.012120530378661010e-02,3.073721509020093182e-02,1.972749898058184098e-02,3.734585694399527450e-02,1.309073524655858523e-02,1.100971610961908910e-02,2.786878330685189573e-02,1.857450189119644671e-02,2.906396321658066134e-02,1.711216411929301559e-02,2.646268929540629075e-02,1.016605970275172646e-02,6.102448009673926491e-03,1.858856283131090151e-02,2.954203518047216620e-02,4.671044306022300446e-02,2.204755409946709127e-02,5.577974943404716279e-02,6.962977544678637665e-02,8.651696452424809114e-02,2.381923255388855229e-02,1.119532051912990878e-01,5.293943953092703630e-02,8.025984617331514970e-02,5.461269140454731025e-02,1.142732603101843381e-01,4.481221614477143983e-02,3.024508218619496869e-02,3.520859404659795744e-02,1.666221403563042380e-02,3.865352437463968893e-02,4.364515811527158728e-02,6.753469536973241705e-02,4.313896427115116589e-02,1.161574262855214479e-01,1.224989102771411320e-01,3.342285465206203815e-02,8.716376776951306748e-02,2.457992941408062570e-01,1.298668428971161137e-01,1.619257863580758905e-01,1.097456375933294898e-01,2.788284424696635053e-02,7.588689379771931809e-02
2.786878330685189573e-02,5.410649756042688885e-02,4.746973382640363309e-02,1.801206428661820264e-02,8.539208931509160994e-02,1.041775053080048891e-01,1.159465121838046120e-01,2.827655057017112311e-02,1.472602258186982427e-01,7.383399654100873677e-02,0.000000000000000000e+00,5.987148300735387063e-02,1.637396476328407402e-01,4.929765604128291678e-02,4.776501356880721166e-02,3.866758531475414373e-02,3.131371363489363069e-02,5.773422010995655357e-02,5.524543370969783179e-02,1.054289289781914774e-01,5.622969951770975111e-02,1.970781366442160287e-01,1.619257863580758905e-01,5.867630309762510848e-02,1.202772817390570792e-01,2.945907563379687732e-01,1.691812314571352338e-01,2.299526146318142950e-01,1.716137740969361225e-01,3.674123651907366256e-02,1.171416920935333672e-01,3.596788481277857913e-02,2.869837877360480183e-02,4.420759571984982789e-02,2.840309903120122673e-02,5.257385508795118373e-02,1.849013625050970749e-02,1.552327788635948259e-02,3.998931368551301296e-02,2.604086109197260857e-02,4.171880931959110611e-02,2.435354827823788329e-02,3.738803976433864584e-02,1.438434173708854139e-02,8.745904751191664953e-03,2.643456741517737768e-02,4.177505308004893225e-02,6.643794204080484544e-02,3.136995739535144989e-02,7.950055540713452107e-02,9.859531208256583357e-02,1.227520071992013323e-01,3.426651105892940252e-02,1.586495873114076305e-01,7.549318747451454203e-02,1.139498586875518499e-01,7.871314276072498284e-02,1.615320800348711283e-01,6.297895077264865915e-02,4.325145179206681817e-02,4.986009364586116432e-02,2.325679494931031169e-02,5.437365542260155782e-02,6.157285676120305418e-02,9.550190525738551373e-02,6.179783180303435181e-02,1.644708165187924453e-01,1.745806324610863491e-01,4.762440416766264978e-02,1.226535806184001487e-01,3.483879132158775871e-01,1.841280107988020054e-01,2.280543877163627164e-01,1.546703412590165749e-01,3.935657138036249142e-02,1.079177153784501991e-01
1.640911711357021310e-02,3.020289936585160082e-02,2.762974732490614330e-02,1.033479098412519795e-02,4.848212151464446895e-02,5.878879061854075383e-02,6.522870119096162156e-02,1.683094531700389529e-02,8.338137487872439302e-02,4.133916393650079180e-02,5.987148300735387063e-02,0.000000000000000000e+00,9.245068125254854441e-02,2.834685527074340058e-02,2.819218492948438390e-02,2.193506657855144246e-02,1.750587044249778471e-02,3.284635610736933581e-02,3.181990747901404515e-02,5.981523924689604449e-02,3.246671072427902843e-02,1.115313769878654021e-01,9.455982226971695881e-02,3.401341413686918835e-02,6.840647365682869796e-02,1.698983394029724703e-01,9.644398824505406864e-02,1.311463884475315977e-01,9.651429294562634265e-02,2.106328829145516501e-02,6.753469536973241705e-02,2.013526624390106837e-02,1.604353267059435706e-02,2.525344844556307033e-02,1.587480138922088210e-02,2.965452270138781501e-02,1.033479098412519795e-02,8.886514152336225103e-03,2.246938230290077346e-02,1.483429182075113491e-02,2.359425751205725466e-02,1.375159943193801984e-02,2.102110547111179714e-02,8.281893727414614895e-03,5.061938441204179295e-03,1.542485130555829032e-02,2.352395281148497719e-02,3.840042745257948170e-02,1.791363770581701209e-02,4.474191144419915889e-02,5.554071345210141036e-02,6.951728792587072436e-02,1.971343804046738618e-02,8.886514152336225103e-02,4.240779538519945380e-02,6.497560426890142127e-02,4.633079767713269015e-02,9.117113570213304652e-02,3.522265498671241224e-02,2.525344844556307033e-02,2.820624586959884217e-02,1.328758840816096978e-02,3.094812919191777117e-02,3.605225045346532181e-02,5.382527875813777202e-02,3.598194575289304087e-02,9.329433765941590184e-02,1.015199876263726958e-01,2.750319886387603968e-02,6.916576442300932659e-02,2.005230669722577741e-01,1.041493834277759795e-01,1.286576020472728898e-01,8.723407247008535537e-02,2.259593076393087707e-02,6.153067394085968284e-02
4.332175649263909911e-02,8.617950196150114817e-02,7.515572491176759906e-02,2.862807407303252435e-02,1.356599502242719912e-01,1.676345280445450669e-01,1.843389249005188413e-01,4.388419409721733971e-02,2.345786639294703269e-01,1.155106230402564715e-01,1.637396476328407402e-01,9.245068125254854441e-02,0.000000000000000000e+00,7.785542541374315673e-02,7.464953106764718460e-02,6.164316146177533512e-02,4.976166706505996684e-02,9.223976715083170852e-02,8.647478170390472674e-02,1.682391484694666650e-01,8.883701964313334143e-02,3.144729256598096101e-01,2.545030160716545420e-01,9.287250945598223006e-02,1.924239654663310872e-01,4.667950899197120251e-01,2.704200002812188197e-01,3.637283988807491486e-01,2.739492962499472939e-01,5.808574361281795134e-02,1.861106033549403127e-01,5.801543891224567040e-02,4.616206639575921866e-02,6.957353168632854357e-02,4.523404434820511855e-02,8.321264359735092153e-02,2.937330389909869471e-02,2.467694990087037146e-02,6.480687298752794978e-02,4.190160154107903934e-02,6.560834657405194281e-02,3.920190103910347473e-02,5.919655788185997775e-02,2.300369802725010099e-02,1.382190413251029905e-02,4.162038273878991557e-02,6.680352648378071190e-02,1.048805523137276985e-01,5.023973902895147864e-02,1.260422671859840471e-01,1.578059309045402869e-01,1.964453943390655211e-01,5.383933969825222682e-02,2.528016423178053862e-01,1.196304784937920890e-01,1.799940944051519331e-01,1.220911430138219012e-01,2.591712481896539799e-01,1.007466359200776124e-01,6.760500007030470493e-02,7.947243352690561147e-02,3.740210070445310064e-02,8.737468187122991725e-02,9.710485243043349979e-02,1.510566796496013720e-01,9.711891337054795459e-02,2.611679016859067004e-01,2.752007199201338405e-01,7.566191875588801352e-02,1.958548348542583639e-01,5.529464700009842915e-01,2.940986234339628136e-01,3.604100170137375381e-01,2.463476708052700359e-01,6.148849112051631843e-02,1.709247880313277679e-01
1.302043054598630428e-02,2.547842348739436796e-02,2.275060110518989376e-02,8.647478170390472674e-03,4.043926376917560822e-02,4.990227646620452873e-02,5.503451960798098896e-02,1.341413686919107340e-02,7.050155373388264368e-02,3.498361900476665981e-02,4.929765604128291678e-02,2.834685527074340058e-02,7.785542541374315673e-02,0.000000000000000000e+00,2.283496674587662950e-02,1.844795343016633962e-02,1.487647464109450278e-02,2.751725980399049448e-02,2.626583613380390619e-02,5.011319056792137155e-02,2.654705493609302649e-02,9.349119082101829681e-02,7.705395182721916369e-02,2.798127082776754454e-02,5.753736694835416554e-02,1.401594510608979438e-01,8.100507599938132353e-02,1.091128952881789682e-01,8.114568540052588541e-02,1.746368762215441683e-02,5.603284635610737002e-02,1.722465164020866440e-02,1.362505097090791449e-02,2.096486171065397447e-02,1.361099003079345969e-02,2.452227955961135478e-02,8.745904751191664953e-03,7.522602961233988000e-03,1.915100043588914211e-02,1.234550542049241487e-02,1.991029120206977074e-02,1.174088499557080466e-02,1.768866266398571446e-02,6.903921596197922124e-03,4.232342974451271458e-03,1.244393200129360715e-02,1.989623026195531594e-02,3.174960277844176421e-02,1.510144968292580041e-02,3.766925856662776267e-02,4.697760092239767343e-02,5.862005933716728234e-02,1.635287335311239043e-02,7.516978585188205386e-02,3.591164105232075993e-02,5.405025379996906271e-02,3.765519762651330787e-02,7.695552524641798009e-02,2.983731492287574477e-02,2.061333820779257323e-02,2.377704973354518442e-02,1.112220363053473791e-02,2.578776416991240134e-02,2.933112107875532684e-02,4.523404434820511855e-02,2.926081637818304590e-02,7.826319267706238758e-02,8.312827795666417885e-02,2.286308862610554257e-02,5.821229207384805843e-02,1.663971653144729335e-01,8.779651007466358903e-02,1.074818262349020587e-01,7.311688859517147254e-02,1.851825813073862056e-02,5.156146739971034787e-02
1.311885712678749656e-02,2.464882802064145839e-02,2.214598068026828181e-02,8.478746889016999452e-03,3.838636651246501996e-02,4.820090271235534518e-02,5.268634260886682907e-02,1.363911191102237103e-02,6.743626878893123344e-02,3.335254995148975721e-02,4.776501356880721166e-02,2.819218492948438390e-02,7.464953106764718460e-02,2.283496674587662950e-02,0.000000000000000000e+00,1.781521112501581808e-02,1.401875729411268361e-02,2.642050647506292288e-02,2.566121570888229425e-02,4.825714647281317132e-02,2.563309382865338465e-02,9.006032143309102012e-02,7.633684388138191335e-02,2.740477228307484567e-02,5.528761653004119619e-02,1.371504098764043389e-01,7.840380207820694947e-02,1.050774054753300796e-01,7.830537549740575198e-02,1.676064061643161435e-02,5.420492414122807939e-02,1.632475147288347736e-02,1.314697900701640963e-02,2.038836316596127560e-02,1.292200396518511200e-02,2.403014665560539512e-02,8.366259368101350638e-03,7.227323218830411164e-03,1.818079556799167759e-02,1.195179909728764402e-02,1.922130513646142305e-02,1.113626457064919445e-02,1.704185941872073465e-02,6.707068434595536699e-03,4.105794513421166976e-03,1.247205388152251848e-02,1.926348795680479092e-02,3.121528705409243667e-02,1.446870737777527886e-02,3.588351917209184339e-02,4.562775067140988766e-02,5.582193225439052719e-02,1.612789831128109280e-02,7.266693851150887729e-02,3.406965789732701450e-02,5.219420970486086941e-02,3.696621156090496019e-02,7.356683867883406780e-02,2.865619595326143396e-02,2.050085068687692441e-02,2.284902768599108430e-02,1.057382696607095211e-02,2.473319366132819760e-02,2.888117099509273158e-02,4.406698631870526600e-02,2.869837877360480183e-02,7.573222345646030140e-02,8.262208411254376439e-02,2.238501666221403424e-02,5.614533387702301537e-02,1.619960910586481784e-01,8.471716418959771011e-02,1.038400427452579461e-01,7.068434595537056997e-02,1.806830804707602878e-02,4.993039834643344527e-02
1.029260816378183008e-02,2.038836316596127560e-02,1.794175958604592169e-02,6.777373135167817642e-03,3.179178559878513555e-02,3.972215582333835093e-02,4.322332991183790857e-02,1.060194884629986345e-02,5.568132285324596531e-02,2.727822382204474205e-02,3.866758531475414373e-02,2.193506657855144246e-02,6.164316146177533512e-02,1.844795343016633962e-02,1.781521112501581808e-02,0.000000000000000000e+00,1.164245841476961064e-02,2.175227435706351270e-02,2.065552102813594110e-02,3.972215582333835093e-02,2.081019136939495778e-02,7.436831226535806083e-02,6.082762693513688035e-02,2.200537127912372340e-02,4.541683656969305177e-02,1.106595987007691351e-01,6.421631350272079264e-02,8.647478170390472674e-02,6.479281204741349498e-02,1.392033071331149133e-02,4.401074255824744680e-02,1.355474627033563528e-02,1.084098482824561588e-02,1.659190933505814286e-02,1.067225354687214439e-02,1.960095051955173737e-02,6.946104416541289996e-03,5.919655788185998468e-03,1.489053558120895931e-02,9.744231499318044276e-03,1.536860754510046591e-02,8.970879793022960846e-03,1.410312293479942108e-02,5.483766644637860614e-03,3.304320926897172210e-03,9.842658080119236555e-03,1.597322797002207612e-02,2.501441246361731791e-02,1.197992097751655709e-02,2.944360859967097566e-02,3.776768514742896016e-02,4.604957887484357332e-02,1.282357738438391973e-02,5.968869078586594434e-02,2.809375834868319335e-02,4.240779538519945380e-02,2.897959757589392560e-02,6.095417539616698743e-02,2.376298879343072962e-02,1.628256865254010949e-02,1.884165975337110874e-02,8.886514152336225103e-03,2.069770384847930897e-02,2.308806366793683673e-02,3.615067703426651236e-02,2.297557614702119139e-02,6.231808658726922800e-02,6.581926067576877870e-02,1.798394240638928956e-02,4.637298049747606149e-02,1.312307540882183265e-01,6.957353168632854357e-02,8.549051589589279354e-02,5.892940001968531571e-02,1.479210900040776704e-02,4.045332470929006302e-02
8.295954667529071430e-03,1.656378745482922979e-02,1.427185421617289257e-02,5.469705704523404079e-03,2.615334861288825738e-02,3.176366371855622595e-02,3.533514250762805758e-02,8.310015607643526231e-03,4.451693640236786126e-02,2.192100563843698419e-02,3.131371363489363069e-02,1.750587044249778471e-02,4.976166706505996684e-02,1.487647464109450278e-02,1.401875729411268361e-02,1.164245841476961064e-02,0.000000000000000000e+00,1.746368762215441683e-02,1.653566557460031672e-02,3.205894346095979758e-02,1.695749377803399890e-02,6.012457992941407786e-02,4.822902459258426172e-02,1.754805326284115258e-02,3.669905369873029816e-02,8.899168998439235811e-02,5.128024859742122410e-02,6.940480040495507208e-02,5.220827064497532422e-02,1.106595987007691351e-02,3.537732532797142893e-02,1.105189892996245697e-02,8.774026631420576289e-03,1.316103994713086443e-02,8.605295350047104802e-03,1.591698420956424997e-02,5.610315105667965097e-03,4.654171177884953645e-03,1.217677413911894164e-02,8.000674925125494594e-03,1.241581012106469407e-02,7.367932619974971314e-03,1.123469115145038673e-02,4.316708615138008069e-03,2.587212981059913621e-03,7.902248344324302315e-03,1.275327268381163878e-02,1.991029120206977074e-02,9.519256457486748382e-03,2.401608571549093685e-02,3.011853372516486507e-02,3.745834446491092679e-02,1.008169406206498898e-02,4.834151211349990707e-02,2.265217452438869974e-02,3.440712046007395747e-02,2.298963708713564619e-02,4.943826544242747867e-02,1.917912231611805518e-02,1.271108986346827091e-02,1.511551062304025694e-02,7.157018518258131089e-03,1.676064061643161435e-02,1.843389249005188482e-02,2.889523193520718639e-02,1.834952684936514908e-02,4.978978894528888338e-02,5.195517372291511699e-02,1.432809797663071698e-02,3.740210070445310064e-02,1.050492835951011700e-01,5.622969951770975111e-02,6.913764254278041699e-02,4.724475878457233546e-02,1.185337251648645174e-02,3.250889354462239283e-02
1.532642472475709804e-02,3.058254474894191513e-02,2.671578621746650145e-02,1.016605970275172646e-02,4.786344014960840221e-02,5.926686258243225869e-02,6.482093392764240458e-02,1.563576540727512967e-02,8.338137487872439302e-02,4.100170137375384882e-02,5.773422010995655357e-02,3.284635610736933581e-02,9.223976715083170852e-02,2.751725980399049448e-02,2.642050647506292288e-02,2.175227435706351270e-02,1.746368762215441683e-02,0.000000000000000000e+00,3.070909320997201875e-02,5.960432514517920860e-02,3.128559175466471415e-02,1.118547786104979042e-01,9.067900279812708686e-02,3.288853892771270715e-02,6.823774237545522647e-02,1.655956917279489404e-01,9.642992730493961384e-02,1.296137459750558996e-01,9.728764465192142608e-02,2.057115538744920535e-02,6.629733263966028356e-02,2.016338812412997797e-02,1.640911711357021310e-02,2.476131554155710721e-02,1.598728891013653092e-02,2.933112107875532684e-02,1.027854722366737354e-02,8.759965691306121488e-03,2.260999170404533187e-02,1.460931677891983901e-02,2.327085588942476649e-02,1.376566037205247464e-02,2.103516641122625541e-02,8.127223386155598209e-03,4.907268099945162609e-03,1.456713395857647114e-02,2.387547631434637843e-02,3.747240540502538159e-02,1.792769864593146689e-02,4.440444888145221591e-02,5.600472447587846042e-02,6.933449570438279808e-02,1.903851291497349676e-02,8.976504169068744154e-02,4.177505308004893225e-02,6.352732743711245189e-02,4.316708615138008243e-02,9.149453732476553469e-02,3.554605660934490041e-02,2.405826853583430472e-02,2.847340373177350767e-02,1.334383216861879419e-02,3.146838397615264737e-02,3.451960798098960975e-02,5.351593807561973865e-02,3.423838917870048598e-02,9.297093603678341367e-02,9.779383849604184054e-02,2.681421279826769200e-02,6.953134886598517916e-02,1.964735162192944307e-01,1.044024803498361936e-01,1.274202393172007564e-01,8.741686469157328165e-02,2.176633529717797097e-02,6.071513941422123500e-02
1.496084028178124026e-02,2.871243971371926010e-02,2.535187502636426435e-02,9.617683038287940661e-03,4.485439896511480423e-02,5.565320097301705571e-02,6.108072385719709452e-02,1.527018096429927363e-02,7.816476609626119010e-02,3.913159633853119379e-02,5.524543370969783179e-02,3.181990747901404515e-02,8.647478170390472674e-02,2.626583613380390619e-02,2.566121570888229425e-02,2.065552102813594110e-02,1.653566557460031672e-02,3.070909320997201875e-02,0.000000000000000000e+00,5.604690729622182482e-02,2.969670552173118289e-02,1.049367960741855177e-01,8.720595058985643189e-02,3.129965269477917589e-02,6.389291188008830447e-02,1.566669947552693509e-01,9.052433245686807017e-02,1.222458133550809178e-01,9.112895288178968212e-02,1.967125522012401831e-02,6.248681786864269949e-02,1.895414727428675755e-02,1.519987626372699269e-02,2.356613563182834506e-02,1.504520592246797600e-02,2.788284424696635053e-02,9.800475259775868683e-03,8.295954667529071430e-03,2.120389769259972690e-02,1.365317285113682756e-02,2.224440726106947583e-02,1.280951644426946319e-02,2.002277872298541955e-02,7.691334242607460354e-03,4.682293058113865848e-03,1.411718387491387589e-02,2.225846820118393063e-02,3.570072695060391710e-02,1.671845779608824648e-02,4.171880931959110611e-02,5.267228166875237427e-02,6.459595888581110001e-02,1.829328308890732294e-02,8.442188444719414542e-02,3.984870428436845108e-02,6.011051898929962306e-02,4.190160154107903934e-02,8.549051589589279354e-02,3.331036713114638587e-02,2.311618554816574980e-02,2.665954245700867531e-02,1.233144448037795833e-02,2.889523193520718639e-02,3.293072174805607849e-02,5.087248133410200018e-02,3.263544200565249992e-02,8.758559597294675314e-02,9.328027671930144704e-02,2.530969220602089301e-02,6.510215272993152835e-02,1.849154234452115575e-01,9.787820413672858322e-02,1.210928162656955270e-01,8.250959659162811211e-02,2.102110547111179714e-02,5.769203728961318223e-02
2.813594116902656123e-02,5.585005413461944374e-02,4.883364501750587366e-02,1.850419719062416576e-02,8.671381768585047223e-02,1.078333497377634703e-01,1.184352985840633338e-01,2.852964749223133034e-02,1.508176436676556265e-01,7.486044516936402049e-02,1.054289289781914774e-01,5.981523924689604449e-02,1.682391484694666650e-01,5.011319056792137155e-02,4.825714647281317132e-02,3.972215582333835093e-02,3.205894346095979758e-02,5.960432514517920860e-02,5.604690729622182482e-02,0.000000000000000000e+00,5.710147780480603202e-02,2.033211940550345154e-01,1.653425948058887263e-01,5.994178770792615157e-02,1.238628214682433726e-01,3.015649826347389650e-01,1.747353028023453658e-01,2.355629297374822462e-01,1.769709922805438873e-01,3.741616164456755544e-02,1.205725614814606439e-01,3.688184592021822444e-02,2.954203518047216620e-02,4.496688648603045652e-02,2.919051167761076496e-02,5.365654747676429359e-02,1.895414727428675755e-02,1.593104514967870824e-02,4.104388419409722016e-02,2.670172527735204318e-02,4.219688128348261097e-02,2.511283904441850845e-02,3.835824463223611036e-02,1.474992618006439916e-02,8.984940733137417382e-03,2.675796903780986932e-02,4.350454871412702540e-02,6.835022989637086488e-02,3.229797944290555001e-02,8.083634471800785204e-02,1.025323753146135386e-01,1.257048046232371041e-01,3.454772986121851935e-02,1.635006116508949670e-01,7.668836738424331112e-02,1.161855481657503575e-01,7.854441147935151135e-02,1.666221403563042103e-01,6.486311674798576898e-02,4.375764563618723263e-02,5.168801586074044802e-02,2.410045135617767259e-02,5.646873549965550354e-02,6.286646325173300687e-02,9.848282456165019516e-02,6.233214752738368281e-02,1.699264612832014076e-01,1.782786597111882809e-01,4.881958407739141192e-02,1.268437407725080401e-01,3.571338179670692781e-01,1.900476665869880177e-01,2.333131793191692838e-01,1.606603017477748474e-01,4.025647154768767499e-02,1.102658923775643590e-01
1.505926686258243254e-02,2.913426791715294228e-02,2.582994699025576921e-02,9.716109619089132940e-03,4.613394451553030906e-02,5.646873549965550354e-02,6.261336632967280658e-02,1.538266848521492071e-02,7.975365232919473524e-02,3.944093702104922716e-02,5.622969951770975111e-02,3.246671072427902843e-02,8.883701964313334143e-02,2.654705493609302649e-02,2.563309382865338465e-02,2.081019136939495778e-02,1.695749377803399890e-02,3.128559175466471415e-02,2.969670552173118289e-02,5.710147780480603202e-02,0.000000000000000000e+00,1.066100479478057916e-01,8.776838819443467943e-02,3.204488252084534278e-02,6.524276213107609024e-02,1.598869500414797640e-01,9.208509680957269183e-02,1.242987106117914992e-01,9.252098595312083229e-02,1.985404744161194460e-02,6.348514461676907361e-02,1.975562086081075405e-02,1.574825292819077849e-02,2.369268409285844867e-02,1.527018096429927363e-02,2.817812398936992910e-02,9.969206541149341905e-03,8.380320308215807174e-03,2.204755409946709127e-02,1.408906199468496455e-02,2.234283384187066637e-02,1.321728370758868884e-02,2.014932718401552317e-02,7.817882703637564837e-03,4.738536818571689388e-03,1.427185421617289257e-02,2.280684486564771643e-02,3.605225045346532181e-02,1.714028599952192866e-02,4.315302521126562763e-02,5.354405995584864825e-02,6.694413588492525991e-02,1.837764872959406215e-02,8.551863777612171702e-02,4.062205599066353451e-02,6.161503958154642552e-02,4.244997820554282514e-02,8.785275383512142211e-02,3.404153601709810489e-02,2.325679494931031169e-02,2.703918784009898962e-02,1.273921174369718398e-02,2.968264458161672809e-02,3.319787961023074052e-02,5.109745637593329781e-02,3.354940311309213830e-02,8.838706955947074617e-02,9.432078628777119944e-02,2.582994699025576921e-02,6.681758742389516670e-02,1.889930960784038105e-01,9.964988259115004077e-02,1.219224117324484297e-01,8.347980145952559050e-02,2.092267889031060660e-02,5.812792643316132268e-02
