0.000000000000000000e+00,1.490849996467180118e-02,1.347181987328952696e-02,4.121623212981935513e-03,1.760521915259426889e-02,2.926352481217174215e-02,2.807414211356838371e-02,4.957723921901128171e-03,3.577568948868319748e-02,1.961892649379401443e-02,2.492993240537930838e-02,1.778186014743635135e-02,4.106314326762288552e-02,1.134035186886172587e-02,1.083398101698108788e-02,1.171718599119150189e-02,7.548458512918345027e-03,1.537954261758402164e-02,1.646294071928213268e-02,2.591912197649497152e-02,1.227066110836336210e-02,5.296874631997927629e-02,3.813090275324430845e-02,1.589768953578746605e-02,3.915542052332839085e-02,7.574365858828517595e-02,4.417202477684354506e-02,5.664287901269460246e-02,4.370098212393132286e-02,9.420853058244424774e-03,3.050001177606632280e-02,1.360135660284038719e-02,8.466991686097175701e-03,1.207046798087566854e-02,6.877222732518429270e-03,1.216467651145811298e-02,4.604441932216962394e-03,3.909654019171436394e-03,1.144633646576697500e-02,7.925292635248121914e-03,1.051602722626533877e-02,6.618149273416707931e-03,9.938999976447867452e-03,3.838997621234602631e-03,3.214866106125909527e-03,8.466991686097175701e-03,1.548552721448927250e-02,1.927742057043265247e-02,7.701547375114816373e-03,2.091429378930262026e-02,2.553051178784239081e-02,3.139499281659954150e-02,6.111778421536069941e-03,3.835464801337760965e-02,2.321062672224969911e-02,3.117124755646623682e-02,2.677877481805977442e-02,4.317105913940507550e-02,1.419015991898066320e-02,1.469653077086130119e-02,1.229421324100897321e-02,6.688805671353541260e-03,1.348359593961233165e-02,1.627452365811724380e-02,2.377587790574436574e-02,1.890058644810287472e-02,4.650368590875903624e-02,4.724557808709578532e-02,1.448456157705080120e-02,3.717704138109705764e-02,1.011681857792223055e-01,4.491391695518029414e-02,5.727878659412610068e-02,3.760097976871805414e-02,1.032761016510044989e-02,3.326738736192562385e-02
1.490849996467180118e-02,0.000000000000000000e+00,2.644904496102121888e-02,8.266798558609482137e-03,3.563437669280953429e-02,6.008149037895381406e-02,5.640735768623848789e-02,9.774135047928589684e-03,7.336489319107845908e-02,3.985020843637391424e-02,5.034268352999363844e-02,3.488070844814997878e-02,8.289173084622812604e-02,2.272780800301467397e-02,2.096139805459384248e-02,2.416448809439694645e-02,1.540309475022963275e-02,3.178360300525212567e-02,3.278456864269059523e-02,5.254480793235827285e-02,2.401139923220047684e-02,1.085988836289125958e-01,7.619114910855177836e-02,3.094750229633293215e-02,7.966508867377941616e-02,1.514284368449562990e-01,9.079347134883063164e-02,1.158411644174379973e-01,8.986316210932900062e-02,1.911255564191337644e-02,6.084693468993617599e-02,2.681410301702819021e-02,1.687510304058032623e-02,2.334016345180055935e-02,1.349537200593513807e-02,2.436468122188464175e-02,9.255988129725147007e-03,7.619114910855178356e-03,2.248051061023575645e-02,1.537954261758402164e-02,2.052568360065003955e-02,1.272992769495277787e-02,2.043147507006759511e-02,7.783979839374455256e-03,6.488612543865846828e-03,1.649826891825054848e-02,3.148920134718198593e-02,3.867260180409336223e-02,1.508514095951388363e-02,4.160484231847193931e-02,5.177936362137591786e-02,6.299017876068678523e-02,1.235309357262300185e-02,7.773381379683930170e-02,4.658611837301867425e-02,6.235427117925528007e-02,5.215619774370569561e-02,8.647165500836100083e-02,2.833321557267010418e-02,2.891024282248757724e-02,2.511834946654419726e-02,1.370734119974563632e-02,2.693186368025624750e-02,3.366777361690100751e-02,4.889422737228855953e-02,3.705928071786900035e-02,9.533903294943357754e-02,9.551567394427565305e-02,2.806236604724557729e-02,7.550813726182906138e-02,2.022421630278621596e-01,9.190042158317435206e-02,1.164888480651923020e-01,7.614404484326055267e-02,2.132645611060081381e-02,6.609906026990744476e-02
1.347181987328952696e-02,2.644904496102121888e-02,0.000000000000000000e+00,7.254056854848206157e-03,3.091217409736451635e-02,5.177936362137591786e-02,4.884712310699734078e-02,8.502319885065593233e-03,6.273110530158505782e-02,3.445677006052898228e-02,4.365387785864009718e-02,3.034692291386984972e-02,7.178690030382250953e-02,1.981911962128170626e-02,1.838243952989943378e-02,2.049035540168162375e-02,1.315386608257377785e-02,2.748533879742810770e-02,2.875715396029110416e-02,4.557337666925739827e-02,2.082008525872017582e-02,9.311335641442332334e-02,6.624037306578110795e-02,2.769730799123860596e-02,6.828940860594927276e-02,1.316328693563202090e-01,7.806354365387785377e-02,1.003320850703031120e-01,7.749829247038318714e-02,1.665135778044701809e-02,5.367531029934760611e-02,2.342259591606020083e-02,1.487317176570338365e-02,2.118514331472714715e-02,1.195270731764761299e-02,2.139711250853764887e-02,8.172590028027037698e-03,6.724133870321957925e-03,1.960715042747120801e-02,1.375444546503685854e-02,1.854730445841870981e-02,1.152876893002661475e-02,1.792317294331001801e-02,6.794790268258791253e-03,5.734944299206293054e-03,1.500270849525424562e-02,2.712028074142113637e-02,3.391507100967992849e-02,1.348359593961233165e-02,3.682375939141289273e-02,4.473727596033821169e-02,5.507666219176146627e-02,1.078687675168986566e-02,6.771238135613179276e-02,4.022704255870369200e-02,5.447608280929838037e-02,4.585600226100473159e-02,7.541392873124661000e-02,2.501236486963894640e-02,2.534209472667750193e-02,2.144421677382887109e-02,1.172896205751430831e-02,2.328128312018653417e-02,2.903977955203843747e-02,4.239383876209990715e-02,3.244306271932923674e-02,8.227937539744223372e-02,8.350408629501401836e-02,2.541275112461433353e-02,6.538072022421630158e-02,1.769000683011846820e-01,7.944134341364610108e-02,1.006971431263100902e-01,6.605195600461621908e-02,1.845309592783626537e-02,5.804423090510845568e-02
4.121623212981935513e-03,8.266798558609482137e-03,7.254056854848206157e-03,0.000000000000000000e+00,9.550389787795285010e-03,1.620386726018040874e-02,1.517934949009632807e-02,2.649614922631244197e-03,1.966603075908523665e-02,1.084575708330389257e-02,1.361313266916319188e-02,9.479733389858451681e-03,2.263359947243222953e-02,6.135330554181681051e-03,5.734944299206293054e-03,6.382627946960597702e-03,4.168727478273157733e-03,8.466991686097175701e-03,8.926258272686591472e-03,1.396641465884735853e-02,6.547492875479874602e-03,2.882781035822793922e-02,2.063166819755528694e-02,8.478767752419982123e-03,2.142066464118325825e-02,4.088650227278080307e-02,2.410560776278292128e-02,3.120657575543465609e-02,2.407027956381450201e-02,5.122588850420405938e-03,1.660425351515579587e-02,7.442473916013095034e-03,4.616217998539767949e-03,6.547492875479874602e-03,3.697684825360936407e-03,6.629925339739513486e-03,2.508302126757577973e-03,2.084363739136578866e-03,6.205986952118514380e-03,4.239383876209991062e-03,5.734944299206293054e-03,3.532819896841659073e-03,5.534751171718599490e-03,2.107915871782189976e-03,1.766409948420829537e-03,4.557337666925740174e-03,8.455215619774371014e-03,1.053957935891094988e-02,4.133399279304741068e-03,1.137568006783014167e-02,1.386043006194210940e-02,1.719305683129607534e-02,3.367954968322381740e-03,2.089074165665701088e-02,1.269459949598436208e-02,1.702819190277679584e-02,1.442568124543677430e-02,2.343437198238300379e-02,7.713323441437621927e-03,7.854636237311288585e-03,6.735909936644763479e-03,3.650580560069714188e-03,7.195176523234179250e-03,9.173555665465507256e-03,1.298900115405450008e-02,1.020984950187239435e-02,2.542452719093713995e-02,2.590734591017216509e-02,7.819308038342872788e-03,2.031371440683953783e-02,5.514731858969829786e-02,2.438823335453025112e-02,3.130078428601709706e-02,2.032549047316234425e-02,5.640735768623848616e-03,1.808803787182929404e-02
1.760521915259426889e-02,3.563437669280953429e-02,3.091217409736451635e-02,9.550389787795285010e-03,0.000000000000000000e+00,6.914906144751407913e-02,6.586353894345133020e-02,1.124614333827928143e-02,8.454038013142090024e-02,4.670387903624673154e-02,5.822087189995053813e-02,4.105136720130007910e-02,9.672860877552462433e-02,2.639016462940719371e-02,2.437645728820744817e-02,2.760309946065616152e-02,1.802915754021526540e-02,3.655290986598836583e-02,3.810735062059869560e-02,6.025813137379589651e-02,2.800348571563155212e-02,1.241079629760474812e-01,8.822628889045902589e-02,3.638804493746908980e-02,9.193574978214277826e-02,1.747803763630796647e-01,1.041946348241833270e-01,1.340234108198497254e-01,1.030994606561624199e-01,2.222143715113403598e-02,7.085659106432087850e-02,3.170117054099248766e-02,1.974846322334487467e-02,2.769730799123860596e-02,1.585058527049624383e-02,2.856873689912621528e-02,1.079865281801267035e-02,8.985138604300620113e-03,2.667279022115452702e-02,1.806448573918368466e-02,2.438823335453025112e-02,1.508514095951388363e-02,2.376410183942155932e-02,9.102899267528673927e-03,7.548458512918345027e-03,1.941873336630631913e-02,3.603476294778492489e-02,4.491391695518029414e-02,1.762877128523987827e-02,4.904731623448503608e-02,5.953979132810476027e-02,7.336489319107845908e-02,1.434324878117713628e-02,8.959231258390447372e-02,5.441720247768435520e-02,7.259944888009609021e-02,6.161237900091853098e-02,1.009444405190890043e-01,3.316140276502037298e-02,3.338514802515368113e-02,2.880425822558232637e-02,1.582703313785063098e-02,3.113591935749782103e-02,3.883746673261263826e-02,5.593631503332626570e-02,4.372453425657693571e-02,1.092112390776984882e-01,1.104948303068842841e-01,3.324383522928001100e-02,8.713111472243811884e-02,2.350385077368755682e-01,1.052427047269130223e-01,1.349890482583197826e-01,8.744906851315387142e-02,2.462375468098636222e-02,7.742763607244636248e-02
2.926352481217174215e-02,6.008149037895381406e-02,5.177936362137591786e-02,1.620386726018040874e-02,6.914906144751407913e-02,0.000000000000000000e+00,1.092465672766669005e-01,1.882993005016604313e-02,1.417956145929013811e-01,7.718033867966744843e-02,9.725853176005087863e-02,6.726489083586519035e-02,1.611554676275936682e-01,4.400715984832426902e-02,4.059210061471066333e-02,4.650368590875903624e-02,2.984055206198921173e-02,6.138863374078522978e-02,6.382627946960597876e-02,1.016392284321345346e-01,4.609152358746084616e-02,2.093078028215454855e-01,1.479780494123743018e-01,6.067029369509409353e-02,1.539014107727454672e-01,2.937186462234155360e-01,1.747686002967568653e-01,2.253703572858522242e-01,1.737558585929955823e-01,3.738901057490755936e-02,1.189029416613674311e-01,5.228573447325655238e-02,3.297298570385548411e-02,4.612685178642925848e-02,2.644904496102121888e-02,4.724557808709578532e-02,1.799382934124684960e-02,1.499093242893143919e-02,4.379519065451376730e-02,2.994653665889446259e-02,4.039190748722296803e-02,2.498881273699333355e-02,3.995619303327916511e-02,1.506158882686827252e-02,1.265927129701594454e-02,3.233707812242398588e-02,6.092936715419581400e-02,7.564945005770272457e-02,2.967568713346993570e-02,8.118420122942132666e-02,1.009797687180574166e-01,1.222591205633670186e-01,2.390541463529522598e-02,1.509102899267528719e-01,8.945099978803081053e-02,1.213405873901881871e-01,1.009915447843802300e-01,1.676911844367507398e-01,5.552415271202807562e-02,5.591276290068065979e-02,4.858804964789562031e-02,2.618997150191949841e-02,5.216797381002849510e-02,6.560446548434960279e-02,9.453826043948279634e-02,7.162203537530323350e-02,1.844720789467486355e-01,1.862855931604606718e-01,5.525330318660354872e-02,1.462469676629218895e-01,3.919310393556136307e-01,1.779245860712687644e-01,2.250641795614592988e-01,1.471890529687463200e-01,4.129866459407899315e-02,1.283591229185802873e-01
2.807414211356838371e-02,5.640735768623848789e-02,4.884712310699734078e-02,1.517934949009632807e-02,6.586353894345133020e-02,1.092465672766669005e-01,0.000000000000000000e+00,1.792317294331001801e-02,1.336230245648743487e-01,7.387126404295908666e-02,9.254810523092865671e-02,6.515697496408300038e-02,1.525589392119456322e-01,4.202878070609293581e-02,3.868437787041616865e-02,4.358322146070326558e-02,2.843920016957535504e-02,5.762029251748745917e-02,6.023457924115028367e-02,9.538613721472478935e-02,4.461951529711015441e-02,1.965072187286558691e-01,1.400292046444805705e-01,5.769094891542429077e-02,1.455521797498763592e-01,2.777267481570456220e-01,1.648060481876633954e-01,2.124520125297345574e-01,1.627923408464636568e-01,3.512800584092889283e-02,1.117784215360700939e-01,5.026025106573400042e-02,3.161873807673284964e-02,4.374808638922254161e-02,2.510657340022139083e-02,4.523187074589603979e-02,1.719305683129607534e-02,1.421371205162627431e-02,4.240561482842271357e-02,2.867472149603146614e-02,3.863727360512494297e-02,2.392896676794083535e-02,3.783650109517416871e-02,1.459054617395605206e-02,1.196448338397041768e-02,3.088862196471890698e-02,5.730233872677170659e-02,7.097435172754892885e-02,2.830966344002449481e-02,7.763960526625686420e-02,9.433806731199510798e-02,1.165006241315151153e-01,2.266892767140064532e-02,1.418898231234838325e-01,8.614192515132244876e-02,1.149579594432275781e-01,9.788266327515957044e-02,1.602016062554464382e-01,5.252125579971266695e-02,5.306295485056172073e-02,4.585600226100473159e-02,2.508302126757577799e-02,4.938882215784639457e-02,6.140040980710803620e-02,8.862667514543441649e-02,6.918438964648249145e-02,1.732848159400833810e-01,1.750630019548270189e-01,5.262724039661791087e-02,1.384276596245790081e-01,3.730775571728019990e-01,1.663487128759509048e-01,2.139240208200852700e-01,1.388515980122000115e-01,3.870793000306177456e-02,1.226830589509880082e-01
4.957723921901128171e-03,9.774135047928589684e-03,8.502319885065593233e-03,2.649614922631244197e-03,1.124614333827928143e-02,1.882993005016604313e-02,1.792317294331001801e-02,0.000000000000000000e+00,2.296332932947078506e-02,1.252973456746508431e-02,1.577992887255940876e-02,1.123436727195647501e-02,2.620174756824230483e-02,7.230504722202595047e-03,6.841894533550012605e-03,7.583786711886761692e-03,4.875291457641489287e-03,9.868343578511034123e-03,1.036293836406886569e-02,1.666313384676982451e-02,7.783979839374455256e-03,3.422124873407286771e-02,2.422336842601097509e-02,1.005676063967592300e-02,2.508302126757577799e-02,4.863515391318683906e-02,2.854518476648060590e-02,3.638804493746908980e-02,2.836854377163852345e-02,6.005793824630819948e-03,1.948938976424315073e-02,8.608304481970842359e-03,5.522975105395793935e-03,7.619114910855178356e-03,4.345368473115240188e-03,7.760427706728844147e-03,2.944016580701382634e-03,2.449421795143550198e-03,7.242280788525400602e-03,5.040156386160767055e-03,6.653477472385124596e-03,4.133399279304741068e-03,6.441508278574624609e-03,2.484749994111966863e-03,2.060811606490967757e-03,5.405214442167738387e-03,9.986104241739089671e-03,1.228243717468616852e-02,4.934171789255517061e-03,1.344826774064391585e-02,1.641583645399091046e-02,2.012529734567465242e-02,3.944982218139852191e-03,2.469441107892319728e-02,1.463765043924727428e-02,1.992510421818695712e-02,1.682799877528910401e-02,2.755599519536493930e-02,9.032242869591842332e-03,9.350196660307591445e-03,7.960620834216537711e-03,4.227607809887185507e-03,8.596528415648037671e-03,1.064556395581619901e-02,1.540309475022963275e-02,1.203513978190725101e-02,3.008784945476812925e-02,3.038225111283826899e-02,9.114675333851480349e-03,2.401139923220047684e-02,6.499211003556372435e-02,2.879248215925951995e-02,3.696507218728655592e-02,2.430580089027061311e-02,6.700581737676346815e-03,2.133823217692362023e-02
3.577568948868319748e-02,7.336489319107845908e-02,6.273110530158505782e-02,1.966603075908523665e-02,8.454038013142090024e-02,1.417956145929013811e-01,1.336230245648743487e-01,2.296332932947078506e-02,0.000000000000000000e+00,9.378459219482324083e-02,1.185378836053604668e-01,8.210273440260015820e-02,1.963776819991050193e-01,5.437009821239312951e-02,4.947125462210603258e-02,5.679596787489107207e-02,3.654113379966555941e-02,7.501354247627123328e-02,7.759250100096563851e-02,1.242728279045667572e-01,5.672531147695424047e-02,2.557643844650133169e-01,1.807861701877105098e-01,7.390659224192751287e-02,1.876987211191973315e-01,3.575213735603758880e-01,2.138298122895028186e-01,2.748180597753126508e-01,2.127699663204503100e-01,4.577356979674509357e-02,1.445276619797922768e-01,6.327280435243411161e-02,3.985020843637391424e-02,5.570079370687015807e-02,3.190136366848018296e-02,5.817376763465931938e-02,2.187993122777267402e-02,1.812336607079770984e-02,5.319249158011257750e-02,3.658823806495678510e-02,4.907086836713064198e-02,3.035869898019265614e-02,4.869403424480086423e-02,1.830000706563979229e-02,1.535599048493841053e-02,3.933206151817047330e-02,7.430697849690288959e-02,9.213594290963046662e-02,3.604653901410772437e-02,9.910737417273134120e-02,1.230010127417037608e-01,1.490378953814267826e-01,2.901622741939282463e-02,1.844838550130714350e-01,1.091052544807932373e-01,1.477425280859181733e-01,1.230834452059633988e-01,2.048800018841706039e-01,6.784191808568265647e-02,6.788902235097388216e-02,5.908052474151534450e-02,3.201912433170823330e-02,6.381450340328316539e-02,7.973574507171624082e-02,1.148166466473539149e-01,8.780235050283803633e-02,2.245224805106102450e-01,2.266892767140064602e-01,6.689983277985821208e-02,1.786664782496054926e-01,4.769424621399467878e-01,2.173979603853128939e-01,2.752773263619020527e-01,1.792906097647141983e-01,5.057820485644975300e-02,1.564450410984714601e-01
1.961892649379401443e-02,3.985020843637391424e-02,3.445677006052898228e-02,1.084575708330389257e-02,4.670387903624673154e-02,7.718033867966744843e-02,7.387126404295908666e-02,1.252973456746508431e-02,9.378459219482324083e-02,0.000000000000000000e+00,6.578110647919169218e-02,4.530252714383287138e-02,1.073388445323724127e-01,3.026449044961021170e-02,2.696719187922466329e-02,3.060599637297157366e-02,1.974846322334487467e-02,4.105136720130007910e-02,4.286488141501212934e-02,6.757106856025812958e-02,3.117124755646623682e-02,1.392166560682069898e-01,9.840081019336301138e-02,4.035657928825454877e-02,1.026166419369273913e-01,1.943050943262912555e-01,1.163946395346098645e-01,1.499093242893143885e-01,1.146871099178030512e-01,2.484749994111966689e-02,7.879365976589179643e-02,3.464518712169387116e-02,2.199769189100073130e-02,3.090039803104170993e-02,1.741680209142938002e-02,3.273746437739937648e-02,1.235309357262300185e-02,9.938999976447867452e-03,2.925174874584893572e-02,2.033726653948515067e-02,2.741468239949127264e-02,1.679267057632068474e-02,2.689653548128783170e-02,1.024517770084081188e-02,8.396335288160342372e-03,2.206834828893756290e-02,4.047433995148260605e-02,5.006005793824630512e-02,1.992510421818695712e-02,5.471160413575449494e-02,6.595774747403376770e-02,8.187898914246685700e-02,1.592124166843307542e-02,1.001436680091382231e-01,6.130620127652559176e-02,8.104288843354766347e-02,6.831296073859488560e-02,1.124025530511787857e-01,3.724769777903388923e-02,3.702395251890058803e-02,3.212510892861348416e-02,1.778186014743635135e-02,3.449209825949739461e-02,4.322993947101910067e-02,6.286064203113592153e-02,4.855272144892720104e-02,1.217763018441319900e-01,1.236604724557808649e-01,3.715348924845144479e-02,9.721142749475965295e-02,2.615935372948020587e-01,1.181610494830306890e-01,1.510398266563037217e-01,9.767069408134906872e-02,2.745001059845969191e-02,8.603594055441719790e-02
2.492993240537930838e-02,5.034268352999363844e-02,4.365387785864009718e-02,1.361313266916319188e-02,5.822087189995053813e-02,9.725853176005087863e-02,9.254810523092865671e-02,1.577992887255940876e-02,1.185378836053604668e-01,6.578110647919169218e-02,0.000000000000000000e+00,5.716102593089804340e-02,1.352716738500671367e-01,3.748321910549000380e-02,3.433900939730092500e-02,3.910831625803716516e-02,2.527143832874066687e-02,5.150851409595139097e-02,5.374596669728443771e-02,8.532937657504886808e-02,3.953225464565816166e-02,1.756753574036128973e-01,1.249676158176122875e-01,5.141430556536894653e-02,1.292423278927906927e-01,2.468734543912951274e-01,1.469299795096445926e-01,1.889234320167691161e-01,1.454579712192939078e-01,3.124190395440307189e-02,9.977860995313125869e-02,4.396005558303304334e-02,2.750889093007371708e-02,3.879036246732141258e-02,2.215078075319720091e-02,4.052144421677383174e-02,1.530888621964718831e-02,1.252973456746508431e-02,3.677665512612166704e-02,2.517722979815822243e-02,3.405638380555359168e-02,2.105560658517628692e-02,3.362066935160978876e-02,1.270637556230716676e-02,1.056313149155656099e-02,2.741468239949127264e-02,5.119056030523563838e-02,6.333168468404813678e-02,2.492993240537930838e-02,6.921971784545090378e-02,8.450505193245248792e-02,1.028639393297063054e-01,2.019595374361148402e-02,1.265102805058997970e-01,7.603806024635530181e-02,1.023575684778256639e-01,8.581219529428389670e-02,1.413599001389575782e-01,4.711604135754492856e-02,4.718669775548176015e-02,4.062742881367907566e-02,2.203302008996914710e-02,4.368920605760851644e-02,5.451141100826679964e-02,7.946489554629171392e-02,6.121199274594314732e-02,1.547728396806330731e-01,1.563155043689206103e-01,4.652723804140464908e-02,1.230245648743493736e-01,3.294001271815162890e-01,1.493205209731741090e-01,1.897477566593654963e-01,1.236840245884264777e-01,3.471584351963070275e-02,1.078334393179302408e-01
1.778186014743635135e-02,3.488070844814997878e-02,3.034692291386984972e-02,9.479733389858451681e-03,4.105136720130007910e-02,6.726489083586519035e-02,6.515697496408300038e-02,1.123436727195647501e-02,8.210273440260015820e-02,4.530252714383287138e-02,5.716102593089804340e-02,0.000000000000000000e+00,9.426741091405826944e-02,2.622529970088791421e-02,2.418804022704255929e-02,2.687298334864221885e-02,1.742857815775218297e-02,3.550483996325867059e-02,3.723592171271108281e-02,5.915118113945217609e-02,2.794460538401752348e-02,1.215054523187074631e-01,8.711933865611530547e-02,3.583456982029722959e-02,9.011045950210791466e-02,1.741326927153253601e-01,1.019807343554958862e-01,1.310911703054711552e-01,1.001789962081066493e-01,2.146776890647448047e-02,6.893709225370357740e-02,3.112414329117501460e-02,1.992510421818695712e-02,2.755599519536493930e-02,1.576815280623660581e-02,2.809769424621399309e-02,1.058668362420217210e-02,8.843825808426953455e-03,2.610753903765986039e-02,1.800560540756965602e-02,2.411738382910572423e-02,1.484961963305777254e-02,2.332838738547775639e-02,9.008690736946231223e-03,7.371817518076261705e-03,1.945406156527473493e-02,3.551661602958147701e-02,4.385407098612779248e-02,1.768765161685390691e-02,4.832897618879389290e-02,5.787936597658917964e-02,7.221083869144351297e-02,1.400174285781577606e-02,8.770814197225558495e-02,5.308650698320732664e-02,7.110388845709979255e-02,6.092936715419581400e-02,9.906026990744011551e-02,3.260792764784851278e-02,3.323205916295720458e-02,2.841564803692974567e-02,1.543842294919805028e-02,3.092395016368732277e-02,3.762453190136366699e-02,5.519442285498951661e-02,4.325349160366471352e-02,1.071857556701759362e-01,1.084457947667161193e-01,3.267858404578534437e-02,8.598883628912598609e-02,2.321769236204338227e-01,1.029581478602887429e-01,1.324807461315622159e-01,8.617725335029087497e-02,2.394074283426364178e-02,7.642667043500789292e-02
4.106314326762288552e-02,8.289173084622812604e-02,7.178690030382250953e-02,2.263359947243222953e-02,9.672860877552462433e-02,1.611554676275936682e-01,1.525589392119456322e-01,2.620174756824230483e-02,1.963776819991050193e-01,1.073388445323724127e-01,1.352716738500671367e-01,9.426741091405826944e-02,0.000000000000000000e+00,6.173013966414658826e-02,5.659577474740337677e-02,6.396759226547964194e-02,4.158129018582632647e-02,8.527049624343484291e-02,8.861489907911161701e-02,1.403353823688734958e-01,6.529828775995666357e-02,2.893497256176546517e-01,2.058809675216090873e-01,8.452860406509810076e-02,2.138769165547940443e-01,4.068159871876398381e-01,2.416684330766150912e-01,3.126427848041640201e-01,2.403495136484608552e-01,5.196778068254080674e-02,1.641348124072634640e-01,7.341199745636967089e-02,4.580889799571351284e-02,6.374384700534634074e-02,3.644692526908311497e-02,6.631102946371794649e-02,2.515367766551261305e-02,2.066699639652370621e-02,6.183612426105183912e-02,4.191102004286487853e-02,5.643090981888410074e-02,3.499846911137803607e-02,5.572434583951577092e-02,2.110271085046750913e-02,1.761699521891707185e-02,4.527897501118726548e-02,8.429308273864198620e-02,1.046303492781271299e-01,4.126333639511057388e-02,1.136861442803645816e-01,1.386985091500035350e-01,1.709296026755222631e-01,3.325561129560281742e-02,2.089191926328929083e-01,1.254151063378788900e-01,1.684801808803787215e-01,1.422431051131679836e-01,2.345910172166089658e-01,7.752184460302879998e-02,7.752184460302879998e-02,6.722956263689676415e-02,3.663534233024800385e-02,7.248168821686803986e-02,9.082879954779905785e-02,1.299253397395134235e-01,1.008973362537977786e-01,2.543277043736310583e-01,2.581667019948656328e-01,7.705080195011658473e-02,2.032784568642690692e-01,5.460561953884924824e-01,2.449657316470006396e-01,3.139734802986410278e-01,2.037141713182128722e-01,5.737299512470854512e-02,1.793730422289738224e-01
1.134035186886172587e-02,2.272780800301467397e-02,1.981911962128170626e-02,6.135330554181681051e-03,2.639016462940719371e-02,4.400715984832426902e-02,4.202878070609293581e-02,7.230504722202595047e-03,5.437009821239312951e-02,3.026449044961021170e-02,3.748321910549000380e-02,2.622529970088791421e-02,6.173013966414658826e-02,0.000000000000000000e+00,1.554440754610329940e-02,1.775830801479073850e-02,1.155232106267222413e-02,2.330483525283214355e-02,2.445888975246708619e-02,3.864904967144774939e-02,1.777008408111354493e-02,7.950022374526014013e-02,5.656044654843495750e-02,2.350502838031983885e-02,5.878612308344520476e-02,1.115075720106455670e-01,6.681740031559857407e-02,8.575331496266987152e-02,6.558091335170398994e-02,1.436680091382274739e-02,4.533785534280129065e-02,1.998398454980098576e-02,1.263571916437033343e-02,1.769942768317671333e-02,1.006853670599872769e-02,1.805270967286087824e-02,6.912550931486845934e-03,5.829152829788737493e-03,1.683977484161190696e-02,1.126969547092489254e-02,1.562684001036293915e-02,9.503285522504062791e-03,1.537954261758402164e-02,5.829152829788737493e-03,4.839963258673072623e-03,1.241197390423702876e-02,2.331661131915494997e-02,2.883958642455074217e-02,1.131679973621611476e-02,3.126545608704868473e-02,3.829576768176358448e-02,4.688052003108881399e-02,9.197107798111118365e-03,5.742009938999976387e-02,3.466873925433947706e-02,4.664499870463270637e-02,3.930850938552486046e-02,6.413245719399891798e-02,2.135000824324642665e-02,2.150309710544289626e-02,1.850020019312748759e-02,1.006853670599872769e-02,2.001931274876940156e-02,2.507124520125297504e-02,3.604653901410772437e-02,2.786217291975788546e-02,7.011469888598412248e-02,7.085659106432087850e-02,2.131468004427801086e-02,5.591276290068065979e-02,1.499328764219600152e-01,6.771238135613179276e-02,8.598883628912598609e-02,5.580677830377540893e-02,1.556795967874891051e-02,4.915330083139028000e-02
1.083398101698108788e-02,2.096139805459384248e-02,1.838243952989943378e-02,5.734944299206293054e-03,2.437645728820744817e-02,4.059210061471066333e-02,3.868437787041616865e-02,6.841894533550012605e-03,4.947125462210603258e-02,2.696719187922466329e-02,3.433900939730092500e-02,2.418804022704255929e-02,5.659577474740337677e-02,1.554440754610329940e-02,0.000000000000000000e+00,1.612143479592077072e-02,1.035116229774606100e-02,2.131468004427801086e-02,2.240985421229892485e-02,3.559904849384111503e-02,1.683977484161190696e-02,7.301161120139428029e-02,5.254480793235827285e-02,2.185637909512706464e-02,5.408747262064579620e-02,1.054311217880779111e-01,6.110600814903789646e-02,7.882898796486022264e-02,6.084693468993617599e-02,1.283591229185802700e-02,4.176970724699121534e-02,1.845309592783626537e-02,1.184672272074236386e-02,1.646294071928213268e-02,9.503285522504062791e-03,1.659247744883299291e-02,6.311971549023764373e-03,5.287453778939682839e-03,1.537954261758402164e-02,1.078687675168986566e-02,1.426081631691749653e-02,8.985138604300620113e-03,1.371911726606844274e-02,5.252125579971266174e-03,4.392472738406462407e-03,1.161120139428625277e-02,2.127935184530959159e-02,2.649614922631244110e-02,1.059845969052497679e-02,2.907510775100685327e-02,3.529287076944817581e-02,4.328881980263312584e-02,8.455215619774371014e-03,5.285098565675121901e-02,3.172472267363810050e-02,4.288843354765774218e-02,3.643514920276030855e-02,5.935137426693987139e-02,1.968958289173084603e-02,2.030193834051673488e-02,1.706352010174521164e-02,9.255988129725147007e-03,1.853552839209590339e-02,2.263359947243222953e-02,3.306719423443792855e-02,2.615464330295108261e-02,6.456817164794272090e-02,6.558091335170398994e-02,1.968958289173084603e-02,5.172048328976188575e-02,1.390635672060105132e-01,6.151817047033608654e-02,7.911161355660754901e-02,5.190890035092677463e-02,1.424904025059469184e-02,4.562048093454862396e-02
1.171718599119150189e-02,2.416448809439694645e-02,2.049035540168162375e-02,6.382627946960597702e-03,2.760309946065616152e-02,4.650368590875903624e-02,4.358322146070326558e-02,7.583786711886761692e-03,5.679596787489107207e-02,3.060599637297157366e-02,3.910831625803716516e-02,2.687298334864221885e-02,6.396759226547964194e-02,1.775830801479073850e-02,1.612143479592077072e-02,0.000000000000000000e+00,1.194093125132480830e-02,2.432935302291622595e-02,2.541275112461433353e-02,4.079229374219835863e-02,1.850020019312748759e-02,8.370427942250170672e-02,5.925716573635742696e-02,2.417626416071975287e-02,6.129442521020278534e-02,1.171247556466238071e-01,7.022068348288937334e-02,8.965119291551849889e-02,6.949056737087543067e-02,1.499093242893143919e-02,4.719847382180456657e-02,2.059633999858687115e-02,1.300077722037730477e-02,1.809981393815210046e-02,1.042181869568289433e-02,1.886525824913445892e-02,7.148072257942957031e-03,5.899809227725570822e-03,1.741680209142938002e-02,1.181139452177394633e-02,1.588591346946465963e-02,9.844791445865423013e-03,1.589768953578746605e-02,5.970465625662404151e-03,4.981276054546739281e-03,1.276525589392119540e-02,2.452954615040391778e-02,3.017028191902776726e-02,1.175251419015991942e-02,3.233707812242398588e-02,4.008572976283002187e-02,4.869403424480086423e-02,9.597494053086507229e-03,6.019925104218187134e-02,3.569325702442355946e-02,4.836430438776231217e-02,4.013283402812124756e-02,6.687628064721259924e-02,2.225676535010245177e-02,2.226854141642525819e-02,1.937162910101509691e-02,1.043359476200569902e-02,2.087896559033420446e-02,2.607221083869144460e-02,3.769518829930049858e-02,2.876893002661391058e-02,7.374172731340822295e-02,7.443651522645375329e-02,2.177394663086742663e-02,5.846816929272945912e-02,1.560799830424644818e-01,7.129230551826468143e-02,9.001625097152547716e-02,5.880967521609081761e-02,1.653359711721896427e-02,5.110812784097600037e-02
7.548458512918345027e-03,1.540309475022963275e-02,1.315386608257377785e-02,4.168727478273157733e-03,1.802915754021526540e-02,2.984055206198921173e-02,2.843920016957535504e-02,4.875291457641489287e-03,3.654113379966555941e-02,1.974846322334487467e-02,2.527143832874066687e-02,1.742857815775218297e-02,4.158129018582632647e-02,1.155232106267222413e-02,1.035116229774606100e-02,1.194093125132480830e-02,0.000000000000000000e+00,1.567394427565416137e-02,1.632162792340846602e-02,2.608398690501424755e-02,1.205869191455286212e-02,5.359287783508796810e-02,3.803669422266186401e-02,1.555618361242610583e-02,3.956758284462658093e-02,7.544925693021503621e-02,4.484326055724345561e-02,5.803245483878564925e-02,4.457241103181892872e-02,9.621046185732118339e-03,3.024093831696460233e-02,1.341293954167549832e-02,8.384559221837537685e-03,1.168185779222308610e-02,6.700581737676346815e-03,1.235309357262300185e-02,4.616217998539767949e-03,3.768341223297769736e-03,1.126969547092489254e-02,7.713323441437621927e-03,1.028050589980922767e-02,6.335523681669375483e-03,1.036293836406886569e-02,3.886101886525824851e-03,3.214866106125909527e-03,8.266798558609482137e-03,1.572104854094538359e-02,1.930097270307826532e-02,7.607338844532372801e-03,2.114981511575873135e-02,2.562472031842483178e-02,3.170117054099248766e-02,6.170658753150097715e-03,3.869615393673897508e-02,2.319885065592689269e-02,3.117124755646623682e-02,2.607221083869144460e-02,4.344190866482960239e-02,1.442568124543677430e-02,1.419015991898066320e-02,1.252973456746508431e-02,6.830118467227207051e-03,1.340116347535269363e-02,1.685155090793471339e-02,2.419981629336536572e-02,1.860618479003273845e-02,4.726913021974139817e-02,4.796391813278692157e-02,1.400174285781577606e-02,3.756565156974964181e-02,1.003674132692715382e-01,4.562048093454862396e-02,5.825620009891895740e-02,3.770696436562330500e-02,1.073977248639864344e-02,3.302008996914670286e-02
1.537954261758402164e-02,3.178360300525212567e-02,2.748533879742810770e-02,8.466991686097175701e-03,3.655290986598836583e-02,6.138863374078522978e-02,5.762029251748745917e-02,9.868343578511034123e-03,7.501354247627123328e-02,4.105136720130007910e-02,5.150851409595139097e-02,3.550483996325867059e-02,8.527049624343484291e-02,2.330483525283214355e-02,2.131468004427801086e-02,2.432935302291622595e-02,1.567394427565416137e-02,0.000000000000000000e+00,3.396217527497114724e-02,5.380484702889846982e-02,2.416448809439694645e-02,1.107067995006947858e-01,7.798111118961821575e-02,3.197202006641701455e-02,8.092512777031959925e-02,1.536305612473209403e-01,9.271297015944793274e-02,1.191384629878235457e-01,9.188864551685155257e-02,1.961892649379401443e-02,6.264867283732541980e-02,2.736757813420005042e-02,1.735792175981535138e-02,2.411738382910572423e-02,1.376622153135966496e-02,2.515367766551261305e-02,9.585717986763700807e-03,7.831084104665677476e-03,2.308108999269883888e-02,1.572104854094538359e-02,2.139711250853764887e-02,1.322452248051060944e-02,2.129112791163239801e-02,8.054829364798982150e-03,6.724133870321957925e-03,1.714595256600485312e-02,3.207800466332226541e-02,4.003862549753880312e-02,1.567394427565416137e-02,4.284132928236651650e-02,5.294519418733366345e-02,6.486257330601286064e-02,1.278880802656680478e-02,7.980640146965307935e-02,4.762241220942556308e-02,6.417956145929014367e-02,5.346334110553710439e-02,8.915659812996067080e-02,2.928707694481735152e-02,2.945194187333663102e-02,2.541275112461433353e-02,1.394286252620174742e-02,2.736757813420005042e-02,3.475117171859912202e-02,4.991874514237264193e-02,3.764808403400927983e-02,9.728208389269647760e-02,9.845969052497703655e-02,2.940483760804540880e-02,7.701547375114817240e-02,2.073058715466685464e-01,9.378459219482324083e-02,1.194093125132480726e-01,7.766315739890247705e-02,2.203302008996914710e-02,6.783014201935985699e-02
1.646294071928213268e-02,3.278456864269059523e-02,2.875715396029110416e-02,8.926258272686591472e-03,3.810735062059869560e-02,6.382627946960597876e-02,6.023457924115028367e-02,1.036293836406886569e-02,7.759250100096563851e-02,4.286488141501212934e-02,5.374596669728443771e-02,3.723592171271108281e-02,8.861489907911161701e-02,2.445888975246708619e-02,2.240985421229892485e-02,2.541275112461433353e-02,1.632162792340846602e-02,3.396217527497114724e-02,0.000000000000000000e+00,5.627782095668763113e-02,2.544807932358274932e-02,1.152170329023293055e-01,8.180833274453001847e-02,3.391507100967992849e-02,8.439906733554723706e-02,1.611554676275936682e-01,9.656374384700534830e-02,1.240490826444334560e-01,9.573941920440895426e-02,2.053745966697284597e-02,6.608728420358463140e-02,2.873360182764549478e-02,1.821757460138015428e-02,2.586024164488094287e-02,1.466120257189288539e-02,2.651970135895805394e-02,1.006853670599872769e-02,8.243246425963871027e-03,2.404672743116889264e-02,1.673379024470665957e-02,2.271603193669186754e-02,1.403707105678419186e-02,2.223321321745684240e-02,8.396335288160342372e-03,7.053863727360512592e-03,1.828823099931698934e-02,3.358534115264136949e-02,4.200522857344732297e-02,1.663958171412421513e-02,4.524364681221884621e-02,5.534751171718599316e-02,6.760639675922654190e-02,1.334228314373866499e-02,8.361007089191926922e-02,4.963611955062530862e-02,6.713535410631432665e-02,5.601874749758590372e-02,9.284250688899879644e-02,3.081796556678207191e-02,3.093572623001012573e-02,2.648437315998963815e-02,1.444923337808238541e-02,2.861584116441743750e-02,3.590522621823406119e-02,5.246237546809863483e-02,3.954403071198096808e-02,1.016274523658117213e-01,1.029228196613203306e-01,3.097105442897854499e-02,8.050118938269860969e-02,2.170329023293059156e-01,9.867165971878753827e-02,1.240726347770790688e-01,8.152570715278267821e-02,2.291622506417956284e-02,7.098612779387172833e-02
2.591912197649497152e-02,5.254480793235827285e-02,4.557337666925739827e-02,1.396641465884735853e-02,6.025813137379589651e-02,1.016392284321345346e-01,9.538613721472478935e-02,1.666313384676982451e-02,1.242728279045667572e-01,6.757106856025812958e-02,8.532937657504886808e-02,5.915118113945217609e-02,1.403353823688734958e-01,3.864904967144774939e-02,3.559904849384111503e-02,4.079229374219835863e-02,2.608398690501424755e-02,5.380484702889846982e-02,5.627782095668763113e-02,0.000000000000000000e+00,4.043901175251418678e-02,1.836359782378294281e-01,1.295602816835064452e-01,5.355754963611954883e-02,1.343413646105654780e-01,2.575543465460797266e-01,1.537954261758402164e-01,1.967662921877575966e-01,1.522292093549070802e-01,3.259615158152570635e-02,1.044890364822534667e-01,4.529075107751007190e-02,2.892201888881038019e-02,4.063920488000188208e-02,2.319885065592689269e-02,4.152240985421230129e-02,1.574460067359099297e-02,1.314209001625097142e-02,3.793070962575661315e-02,2.639016462940719371e-02,3.551661602958147701e-02,2.193881155938670266e-02,3.496314091240961680e-02,1.317741821521938896e-02,1.115193480769683700e-02,2.852163263383499306e-02,5.379307096257566340e-02,6.662898325443368519e-02,2.610753903765986039e-02,7.113921665606820488e-02,8.843825808426952761e-02,1.068795779457829970e-01,2.106738265149909334e-02,1.327162674580183166e-01,7.820485644975153083e-02,1.066087284203584701e-01,8.841470595162391477e-02,1.472126051013919190e-01,4.845851291834475660e-02,4.943592642313761332e-02,4.247627122635954516e-02,2.297510539579358801e-02,4.589133045997315086e-02,5.726701052780329426e-02,8.311547610636142724e-02,6.294307449539555954e-02,1.620857768670953269e-01,1.635342330248003850e-01,4.850561718363597535e-02,1.282295861890294097e-01,3.440848818860547942e-01,1.569278598177064887e-01,1.976259450293224029e-01,1.296662662804116961e-01,3.630561247320945178e-02,1.127205068418945383e-01
1.227066110836336210e-02,2.401139923220047684e-02,2.082008525872017582e-02,6.547492875479874602e-03,2.800348571563155212e-02,4.609152358746084616e-02,4.461951529711015441e-02,7.783979839374455256e-03,5.672531147695424047e-02,3.117124755646623682e-02,3.953225464565816166e-02,2.794460538401752348e-02,6.529828775995666357e-02,1.777008408111354493e-02,1.683977484161190696e-02,1.850020019312748759e-02,1.205869191455286212e-02,2.416448809439694645e-02,2.544807932358274932e-02,4.043901175251418678e-02,0.000000000000000000e+00,8.329211710120351664e-02,6.003438611366259531e-02,2.498881273699333355e-02,6.203631738853953442e-02,1.199392354977743269e-01,6.956122376881226921e-02,9.021644409901316553e-02,6.888998798841235172e-02,1.480251536776655205e-02,4.741044301561506136e-02,2.151487317176570269e-02,1.354247627122636029e-02,1.855908052474151623e-02,1.082220495065828146e-02,1.897124284603970978e-02,7.254056854848206157e-03,5.994017758308014393e-03,1.820579853505734785e-02,1.221178077674933520e-02,1.623919545914882454e-02,1.032761016510044989e-02,1.582703313785063098e-02,6.170658753150097715e-03,4.957723921901128171e-03,1.320097034786499833e-02,2.443533761982147334e-02,3.000541699050849123e-02,1.220000471042652877e-02,3.353823688735015074e-02,4.009750582915282829e-02,4.963611955062530862e-02,9.727030782637367465e-03,6.005793824630820121e-02,3.668244659553922954e-02,4.902376410183942324e-02,4.193457217551049138e-02,6.837184107020891077e-02,2.262182340610942310e-02,2.311641819166725467e-02,1.964247862643962381e-02,1.064556395581619901e-02,2.094962198827103952e-02,2.573070491533008264e-02,3.747144303916719738e-02,2.997008879154007543e-02,7.361219058385737313e-02,7.458960408865022984e-02,2.237452601333050559e-02,5.900986834357851291e-02,1.590593278221343054e-01,6.987917755952802179e-02,9.059327822134294328e-02,5.926894180268023338e-02,1.616853906121199294e-02,5.223863020796533363e-02
