0.000000000000000000e+00,1.554679859632974830e-02,8.729793476384974452e-03,5.608928263245699548e-03,1.997641373755968536e-02,2.801587758154518853e-02,2.906575389748605048e-02,5.306909049070931625e-03,3.248863832480008984e-02,1.783351550365299548e-02,2.433411954208134290e-02,1.403670252545590434e-02,3.996720934246102835e-02,1.210953230167404956e-02,1.221020537306563916e-02,1.123223839383305500e-02,7.564862221710867002e-03,1.728700454467008152e-02,1.508657884139676629e-02,2.649139964332969041e-02,1.454006788241385233e-02,4.408042340217453725e-02,4.057124777081055900e-02,1.471265029051371971e-02,3.524995685439797494e-02,7.259966634067767377e-02,4.225392624978427381e-02,5.699534027498130012e-02,3.917620663866996228e-02,9.391359374101133917e-03,2.621814416383823343e-02,1.349019156647299038e-02,6.313639762986825860e-03,1.196571362825749225e-02,8.744175343726628621e-03,1.416613933153080575e-02,5.695219467295633241e-03,2.746936662256227457e-03,1.360524650520623588e-02,8.427774262210205661e-03,9.535178047517689492e-03,9.074958292584709221e-03,1.095898291434159802e-02,3.350975090605764171e-03,3.020192141747684439e-03,9.060576425243053317e-03,1.310188114824828789e-02,1.695622159581200092e-02,7.363516078927687808e-03,2.059483403325087711e-02,2.785767704078697532e-02,3.037450382557671177e-02,7.147788068802853577e-03,3.378300638554909696e-02,1.947304838060173737e-02,3.270436633492492667e-02,1.819306218719438442e-02,3.775240177184605722e-02,1.482770522924696521e-02,1.219582350572398326e-02,1.295806247483173232e-02,8.341483058160271968e-03,1.376344704596444736e-02,1.702813093252027871e-02,2.664960018408790363e-02,1.564747166772133616e-02,4.238336305585917174e-02,4.038428349536903744e-02,1.131852959788298869e-02,3.276189380429155029e-02,8.902375884484842183e-02,4.448311568774089564e-02,5.746994189725593977e-02,3.660185238451360568e-02,9.621469251567623185e-03,2.778576770407869753e-02
1.554679859632974830e-02,0.000000000000000000e+00,2.150089167577518348e-02,1.383535638267272688e-02,5.043720876718633256e-02,7.124777081056204997e-02,7.349134211586032250e-02,1.288615313812345453e-02,8.329977564286947245e-02,4.490018984064891167e-02,6.033193349824541446e-02,3.315020422251625104e-02,1.013921647586722707e-01,3.071966864177644654e-02,2.880688028533624767e-02,2.817407812230339828e-02,1.911350169706034496e-02,4.435367888166599770e-02,3.854340447563711636e-02,6.857274348501408989e-02,3.420008053845711299e-02,1.145515733762871718e-01,9.924926652476558087e-02,3.468906402807340333e-02,9.099407467065523392e-02,1.811108554334694698e-01,1.076914226543174424e-01,1.432865443249151383e-01,9.989645055514008443e-02,2.348558936892366014e-02,6.601277109819939093e-02,3.299200368175803783e-02,1.576252660645458339e-02,2.952597365241902902e-02,2.171661968590001685e-02,3.601219582350572573e-02,1.422366680089742937e-02,6.917678191336363441e-03,3.359604211010757541e-02,2.181729275729160644e-02,2.403210032790657411e-02,2.285278720589081422e-02,2.784329517344532115e-02,8.643502272335040759e-03,7.679917160444111636e-03,2.112696312489213690e-02,3.368233331415750736e-02,4.152045101535983135e-02,1.882586435022723381e-02,5.135764827705228963e-02,7.130529827992866665e-02,7.599378703330840479e-02,1.737329574872001348e-02,8.798826439624921059e-02,4.871138468618765177e-02,8.184720704136225211e-02,4.292987401484208571e-02,9.588390956681815125e-02,3.733532761893804119e-02,2.846171546913651290e-02,3.245987459011678150e-02,2.128516366565034665e-02,3.550883046654777775e-02,4.282920094345049611e-02,6.840016107691422598e-02,3.629983317033883689e-02,1.091583731231663135e-01,1.000690329632399483e-01,2.703791060231260437e-02,8.457976183627682887e-02,2.215382845308634940e-01,1.128113674279468404e-01,1.457889892423632205e-01,9.533739860783524422e-02,2.440602887878962068e-02,7.075878732094574575e-02
8.729793476384974452e-03,2.150089167577518348e-02,0.000000000000000000e+00,7.435425415635966463e-03,2.690847379623770297e-02,3.831329459817062882e-02,3.913306103664499630e-02,6.989587528044641229e-03,4.350514870850831495e-02,2.345682563424034833e-02,3.260369326353333708e-02,1.833688086061094000e-02,5.384571132715872122e-02,1.639532876948742932e-02,1.615083702467928414e-02,1.494276016798021071e-02,1.000977966979232567e-02,2.365817177702352753e-02,2.062359776793418892e-02,3.677443479261346959e-02,1.889777368693551160e-02,6.086406258988667078e-02,5.421963987804176432e-02,1.938675717655180195e-02,4.842374733935454062e-02,9.771040671920842857e-02,5.752746936662256338e-02,7.643962492089972915e-02,5.318414542944256002e-02,1.267042512799861943e-02,3.553759420123108609e-02,1.747396882011160307e-02,8.399010527526893852e-03,1.610769142265431816e-02,1.157740321003279151e-02,1.905597422769372482e-02,7.593625956394177944e-03,3.710521774147155279e-03,1.787666110567796146e-02,1.146234827129954600e-02,1.288615313812345453e-02,1.232526031179888466e-02,1.489961456595524300e-02,4.530288212621526658e-03,4.113214059713513233e-03,1.190818615889087037e-02,1.760340562618650448e-02,2.275211413449922462e-02,9.981015935109013859e-03,2.765633089800379613e-02,3.806880285336248365e-02,4.080135764827705347e-02,9.362595639417822108e-03,4.625208537076454240e-02,2.549905079675545208e-02,4.390784099407467334e-02,2.348558936892366014e-02,5.082551918541103331e-02,2.003394120692630898e-02,1.597825461657941676e-02,1.718633147327849192e-02,1.134729333256630050e-02,1.886900995225219979e-02,2.298222401196571216e-02,3.688948973134671683e-02,2.017775988034286455e-02,5.826094460104699890e-02,5.429154921475004558e-02,1.494276016798021071e-02,4.462693436115745121e-02,1.188805154461255315e-01,6.057642524305355963e-02,7.744635563481562512e-02,5.073922798136110135e-02,1.307311741356497782e-02,3.760858309842950165e-02
5.608928263245699548e-03,1.383535638267272688e-02,7.435425415635966463e-03,0.000000000000000000e+00,1.771846056491974825e-02,2.460737502157279988e-02,2.571477880688028544e-02,4.429615141229937061e-03,2.872058908128631571e-02,1.567623540240464797e-02,2.104067192084220148e-02,1.173560375079100299e-02,3.520681125237300896e-02,1.068572743485014104e-02,9.923488465742391976e-03,9.794051659667490570e-03,6.630040844503250555e-03,1.523039751481332360e-02,1.320255421963987749e-02,2.328424322614048095e-02,1.206638669964908185e-02,3.920497037335327756e-02,3.401311626301559143e-02,1.209515043433239366e-02,3.136685267215095357e-02,6.283437841569348981e-02,3.684634412932175085e-02,4.977564286947017136e-02,3.454524535465684776e-02,8.096991313352125061e-03,2.299660587930736980e-02,1.162054881205775748e-02,5.537018926537421760e-03,1.036932635333371634e-02,7.737444629810734387e-03,1.241155151584881836e-02,4.932980498187885046e-03,2.373008111373180878e-03,1.173560375079100299e-02,7.651153425760800694e-03,8.485301731576827544e-03,8.039463843985503178e-03,9.607087384225967280e-03,2.933900937697750747e-03,2.718172927572916082e-03,7.723062762469079350e-03,1.166369441408272520e-02,1.446815854570557454e-02,6.673186446528217401e-03,1.812115285048610663e-02,2.449232008283955611e-02,2.692285566357936061e-02,5.997238681470402032e-03,3.011563021342691243e-02,1.712880400391186830e-02,2.857677040786975667e-02,1.530230685152160139e-02,3.348098717137432817e-02,1.305873554622332192e-02,9.865960996375770092e-03,1.130414773054133279e-02,7.492952885002588347e-03,1.225335097509060514e-02,1.471265029051371971e-02,2.335615256284875874e-02,1.300120807685669830e-02,3.739285508830466481e-02,3.444457228326525816e-02,9.578323649542657206e-03,2.922395443824426023e-02,7.721624575734913065e-02,3.851464074095380802e-02,5.065293677731116939e-02,3.258931139619167944e-02,8.456537996893517470e-03,2.466490249093942350e-02
1.997641373755968536e-02,5.043720876718633256e-02,2.690847379623770297e-02,1.771846056491974825e-02,0.000000000000000000e+00,8.879364896738192736e-02,9.234597020077087159e-02,1.628027383075418555e-02,1.040815739515618676e-01,5.683713973422309385e-02,7.616636944140826870e-02,4.231145371915089742e-02,1.272363803716274611e-01,3.850025887361215038e-02,3.612725076223896603e-02,3.533624805844790689e-02,2.421906460334809913e-02,5.535580739803255823e-02,4.787723638037162666e-02,8.440717942817695107e-02,4.382154979002473444e-02,1.418915031927745485e-01,1.237128228729218182e-01,4.385031352470804972e-02,1.137605706724961196e-01,2.266007018351262614e-01,1.340102398895472724e-01,1.797733417706955106e-01,1.246332623827877822e-01,2.939653684634412761e-02,8.327101190818615717e-02,4.192314330092618974e-02,1.994765000287637355e-02,3.742161882298798009e-02,2.757003969395386417e-02,4.557613760570672357e-02,1.816429845251107261e-02,8.672266007018350834e-03,4.252718172927572732e-02,2.754127595927055236e-02,3.041764942760168122e-02,2.887878962204452546e-02,3.512052004832307700e-02,1.075763677155841883e-02,9.779669792325836400e-03,2.729678421446240719e-02,4.200943450497612863e-02,5.186101363401023762e-02,2.378760858309842893e-02,6.527929586377495541e-02,8.867859402864868013e-02,9.658862106655928537e-02,2.184605649197491825e-02,1.094172467353161093e-01,6.212966691595236957e-02,1.029166426968877585e-01,5.480929643904964427e-02,1.206351032618075136e-01,4.728757981936374671e-02,3.556635793591440137e-02,4.072944831156877221e-02,2.698038313294598076e-02,4.431053327964103172e-02,5.329920036817580725e-02,8.465167117298509625e-02,4.629523097278950838e-02,1.352039348789046691e-01,1.238997871483633467e-01,3.417131680377380465e-02,1.054047057469941900e-01,2.775700396939538850e-01,1.403238796525340948e-01,1.830811712592763096e-01,1.185065868952424745e-01,3.084910544785134795e-02,8.863544842662371415e-02
2.801587758154518853e-02,7.124777081056204997e-02,3.831329459817062882e-02,2.460737502157279988e-02,8.879364896738192736e-02,0.000000000000000000e+00,1.294799516769257197e-01,2.280964160386584477e-02,1.448973134671805718e-01,7.861128688948973431e-02,1.060950353793936596e-01,5.896565610078812608e-02,1.778317896795719999e-01,5.411896680665017473e-02,5.180348616464361400e-02,4.964620606339527342e-02,3.315020422251625104e-02,7.813668526721509466e-02,6.769544957717310574e-02,1.207070125985157949e-01,6.112293620203647360e-02,2.006845768854628176e-01,1.764798941494563622e-01,6.230224932405223348e-02,1.605591670022435691e-01,3.199102571477880907e-01,1.890927918080883563e-01,2.519703158258068121e-01,1.750417074152907926e-01,4.098832192371857502e-02,1.173128919058850639e-01,5.817465339699706695e-02,2.788644077547028713e-02,5.295403555197606554e-02,3.855778634297877400e-02,6.348156244606799337e-02,2.536961399068055067e-02,1.209515043433239366e-02,5.866363688661335729e-02,3.864407754702870595e-02,4.257032733130069330e-02,4.029799229131910548e-02,4.886958522694586499e-02,1.515848817810504581e-02,1.353333716849795809e-02,3.838520393487890314e-02,5.872116435597998091e-02,7.403785307484324341e-02,3.332278663061612189e-02,9.041879997698901161e-02,1.257119024334119595e-01,1.338088937467640793e-01,3.051832249899327082e-02,1.539003624230570189e-01,8.437841569349364967e-02,1.444946211816142134e-01,7.602255076799172007e-02,1.677357188057297388e-01,6.591209802680779439e-02,5.118506586895242572e-02,5.713915894839786264e-02,3.720589081286314326e-02,6.214404878329402027e-02,7.550480354369211444e-02,1.212391416901570512e-01,6.500604038428349496e-02,1.920554564804694275e-01,1.779036990162802812e-01,4.839498360467123228e-02,1.480181786803198563e-01,3.902663521831674642e-01,1.990306621411724042e-01,2.558390381407121827e-01,1.672754990507967499e-01,4.291549214750042807e-02,1.249928090663291746e-01
2.906575389748605048e-02,7.349134211586032250e-02,3.913306103664499630e-02,2.571477880688028544e-02,9.234597020077087159e-02,1.294799516769257197e-01,0.000000000000000000e+00,2.378760858309842893e-02,1.519156647299085283e-01,8.279641028591151752e-02,1.111862164183397561e-01,6.152562848760283198e-02,1.848645228096416071e-01,5.629062877524017988e-02,5.263763447045964605e-02,5.171719496059368204e-02,3.523557498705631730e-02,8.056722084795489569e-02,6.978082034171316506e-02,1.231806937812805619e-01,6.388425473163435175e-02,2.069119254443997080e-01,1.808519818213196739e-01,6.388425473163435175e-02,1.656072024391647135e-01,3.301501466950468866e-01,1.951907035609503627e-01,2.618650405568658801e-01,1.815279295863775066e-01,4.267100040269228289e-02,1.210521774147155227e-01,6.103664499798654164e-02,2.915204510153598244e-02,5.456480469424149909e-02,4.026922855663579021e-02,6.645860898579071530e-02,2.660645458206293418e-02,1.264166139331530762e-02,6.214404878329402027e-02,4.035551976068572910e-02,4.454064315710751926e-02,4.212448944370936893e-02,5.099810159351090416e-02,1.573376287177127159e-02,1.425243053558073944e-02,3.963642639360294428e-02,6.149686475291951671e-02,7.564862221710866308e-02,3.461715469136512902e-02,9.466145084277742539e-02,1.290916412587010398e-01,1.408847724788586664e-01,3.201403670252545713e-02,1.596962549617442217e-01,9.067767358913880749e-02,1.501898406489098614e-01,7.970430880745556224e-02,1.757608007823735774e-01,6.855836161767243919e-02,5.210550537881838279e-02,5.936834838635448447e-02,3.927687971006155188e-02,6.457458436403382129e-02,7.776275671633205155e-02,1.229362020364724167e-01,6.758039463843985850e-02,1.969165276419490296e-01,1.812978197089110122e-01,4.970373353276189704e-02,1.537565437496404563e-01,4.053960766265892190e-01,2.039924063740436166e-01,2.661364551573376369e-01,1.719208422021515359e-01,4.439682448369096368e-02,1.291204049933843412e-01
5.306909049070931625e-03,1.288615313812345453e-02,6.989587528044641229e-03,4.429615141229937061e-03,1.628027383075418555e-02,2.280964160386584477e-02,2.378760858309842893e-02,0.000000000000000000e+00,2.633319910257147720e-02,1.445377667836391863e-02,1.970315825806822838e-02,1.127538399585802271e-02,3.253178392682505582e-02,9.808433527009146474e-03,9.822815394350802379e-03,9.060576425243053317e-03,6.054766150837024782e-03,1.407984812748087206e-02,1.239716964850716245e-02,2.196111143070816202e-02,1.163493067939941339e-02,3.618477823160558965e-02,3.309267675314962742e-02,1.179313122015762487e-02,2.889317148938618310e-02,5.882183742737157051e-02,3.445895415060691580e-02,4.619455790139791879e-02,3.172639935569234598e-02,7.478571017660933309e-03,2.161594661450842725e-02,1.065696370016682923e-02,5.234999712362652970e-03,9.880342863717424262e-03,7.061496864752919884e-03,1.166369441408272520e-02,4.702870620721394043e-03,2.243571305298279906e-03,1.080078237358338654e-02,7.147788068802853577e-03,7.910027037910601772e-03,7.305988609561065057e-03,8.974285221193119624e-03,2.804464131622849774e-03,2.516826784789736888e-03,7.219697405511131365e-03,1.068572743485014104e-02,1.353333716849795809e-02,6.069148018178680687e-03,1.653914744290398836e-02,2.282402347120750241e-02,2.465052062359776933e-02,5.709601334637289145e-03,2.781453143876200934e-02,1.563308980037968199e-02,2.649139964332969041e-02,1.446815854570557454e-02,3.051832249899327082e-02,1.210953230167404956e-02,9.808433527009146474e-03,1.039809008801702815e-02,6.759477650578151094e-03,1.139043893459126648e-02,1.383535638267272688e-02,2.213369383880802940e-02,1.232526031179888466e-02,3.496231950756486379e-02,3.300638554909969546e-02,9.017430823218087338e-03,2.683656445952942518e-02,7.195248231030317021e-02,3.650117931312201608e-02,4.669792325835586677e-02,2.992866593798538741e-02,7.737444629810734387e-03,2.278087786918253296e-02
3.248863832480008984e-02,8.329977564286947245e-02,4.350514870850831495e-02,2.872058908128631571e-02,1.040815739515618676e-01,1.448973134671805718e-01,1.519156647299085283e-01,2.633319910257147720e-02,0.000000000000000000e+00,9.208709658862106184e-02,1.230944025772306299e-01,6.809814186273946413e-02,2.081056204337571325e-01,6.365414485416787116e-02,5.870678248863832327e-02,5.771443364206408494e-02,3.923373410803658590e-02,9.116665707875511171e-02,7.843870448138987039e-02,1.392596214692515544e-01,7.057182304550423113e-02,2.333457976183627713e-01,2.019214174768451941e-01,7.097451533107058952e-02,1.871656215843064963e-01,3.705631939250992324e-01,2.194672956336650715e-01,2.938071679226830768e-01,2.039204970373353354e-01,4.793476384973825027e-02,1.350169706034631545e-01,6.788241385261462035e-02,3.207156417189208075e-02,6.047575217166197004e-02,4.446873382039923800e-02,7.458436403382615043e-02,2.945406431571075123e-02,1.410861186216418386e-02,6.842892481159754126e-02,4.485704423862394569e-02,4.894149456365414624e-02,4.638152217683944034e-02,5.739803256054765851e-02,1.766093309555312810e-02,1.574814473911292576e-02,4.422424207559109283e-02,6.857274348501408989e-02,8.455099810159351359e-02,3.857216821032042470e-02,1.059224529712937957e-01,1.440775470287062043e-01,1.565610078812633144e-01,3.546568486452281177e-02,1.795432318932290161e-01,1.002559972386814768e-01,1.676206638669964777e-01,8.829028361042397244e-02,1.962405798768912246e-01,7.730253696139906261e-02,5.782948858079733218e-02,6.660242765920727781e-02,4.357705804521658927e-02,7.245584766726111126e-02,8.798826439624921059e-02,1.393027670712765342e-01,7.461312776850946571e-02,2.225881608468043560e-01,2.040355519760685687e-01,5.552838980613242909e-02,1.727406086406259034e-01,4.528130932520278429e-01,2.300235862624403216e-01,2.992003681758039213e-01,1.938100442961514236e-01,5.048035436921129854e-02,1.440487832940229029e-01
1.783351550365299548e-02,4.490018984064891167e-02,2.345682563424034833e-02,1.567623540240464797e-02,5.683713973422309385e-02,7.861128688948973431e-02,8.279641028591151752e-02,1.445377667836391863e-02,9.208709658862106184e-02,0.000000000000000000e+00,6.753724903641489252e-02,3.714836334349651964e-02,1.131852959788298973e-01,3.477535523212334223e-02,3.227291031467525995e-02,3.120865213139274036e-02,2.122763619628372650e-02,4.927227751251222337e-02,4.265661853535063219e-02,7.569176781913364294e-02,3.871598688373698721e-02,1.265029051372030255e-01,1.098774664902490983e-01,3.887418742449519349e-02,1.012771098199390235e-01,2.014468158545705545e-01,1.191681527929586426e-01,1.601277109819939093e-01,1.109129609388482957e-01,2.618938042915492162e-02,7.356325145256860376e-02,3.686072599666340849e-02,1.768969683023643644e-02,3.325087729390784064e-02,2.420468273600644149e-02,4.094517632169360905e-02,1.606454582062935219e-02,7.694299027785767540e-03,3.765172870045446762e-02,2.465052062359776933e-02,2.698038313294598076e-02,2.539837772536386248e-02,3.135247080480929593e-02,9.678996720934246803e-03,8.514065466260139353e-03,2.419030086866478732e-02,3.737847322096300717e-02,4.567681067709831316e-02,2.105505378818385911e-02,5.811712592763044333e-02,7.771961111430708558e-02,8.567278375424265680e-02,1.921417476845193456e-02,9.645918426048438743e-02,5.493873324512454914e-02,9.105160214002186447e-02,4.849565667606282188e-02,1.071880572973594875e-01,4.216763504573433491e-02,3.181269055974227794e-02,3.635736063970546050e-02,2.385951791980670672e-02,3.934878904676983313e-02,4.721567048265546546e-02,7.561985848242536168e-02,4.100270379106023266e-02,1.204481389863659851e-01,1.104383593165736699e-01,3.014439394811022424e-02,9.371224759822815997e-02,2.469654259909106475e-01,1.248777541275959274e-01,1.630903756543749528e-01,1.048581947880112691e-01,2.745498475522061693e-02,7.874072369556463225e-02
2.433411954208134290e-02,6.033193349824541446e-02,3.260369326353333708e-02,2.104067192084220148e-02,7.616636944140826870e-02,1.060950353793936596e-01,1.111862164183397561e-01,1.970315825806822838e-02,1.230944025772306299e-01,6.753724903641489252e-02,0.000000000000000000e+00,5.109877466490249376e-02,1.518293735258585964e-01,4.628084910544785074e-02,4.390784099407467334e-02,4.239774492320082938e-02,2.864867974457803446e-02,6.622849910832422082e-02,5.728297762181441821e-02,1.012339642179140575e-01,5.314099982741759404e-02,1.692458148766035897e-01,1.504199505263763559e-01,5.312661796007593640e-02,1.359805557153540845e-01,2.718748202266582092e-01,1.601708565840188614e-01,2.148650980843352654e-01,1.482051429557613709e-01,3.489041017085658253e-02,1.000115054938733178e-01,5.029339009376977698e-02,2.406086406258988591e-02,4.570557441178162844e-02,3.340907783466605385e-02,5.492435137778289150e-02,2.184605649197491825e-02,1.036932635333371634e-02,5.060979117528619647e-02,3.332278663061612189e-02,3.681758039463844251e-02,3.460277282402347138e-02,4.206696197434274531e-02,1.294368060749007641e-02,1.163493067939941339e-02,3.299200368175803783e-02,5.010642581832824849e-02,6.269055974227694117e-02,2.859115227521141431e-02,7.797848472645688145e-02,1.064689639302767027e-01,1.156445952942529998e-01,2.627567163320485705e-02,1.305298279928665817e-01,7.376459759535178295e-02,1.236121498015302356e-01,6.586895242478282841e-02,1.435885635390899140e-01,5.639130184663176948e-02,4.347638497382499967e-02,4.852442041074613022e-02,3.202841856986711477e-02,5.311223609273427876e-02,6.415751021112581221e-02,1.014496922280388874e-01,5.584479088764885552e-02,1.622274636138756332e-01,1.502761318529597934e-01,4.139101420928493341e-02,1.260570672496116873e-01,3.327388828165449008e-01,1.681671748259793986e-01,2.183311281136742776e-01,1.404676983259506295e-01,3.657308864983029734e-02,1.062100903181269068e-01
1.403670252545590434e-02,3.315020422251625104e-02,1.833688086061094000e-02,1.173560375079100299e-02,4.231145371915089742e-02,5.896565610078812608e-02,6.152562848760283198e-02,1.127538399585802271e-02,6.809814186273946413e-02,3.714836334349651964e-02,5.109877466490249376e-02,0.000000000000000000e+00,8.429212448944370384e-02,2.574354254156359725e-02,2.552781453143876042e-02,2.332738882816545040e-02,1.587758154518782716e-02,3.660185238451360568e-02,3.222976471265029397e-02,5.665017545878156535e-02,3.008686647874360062e-02,9.404303054708623710e-02,8.502559972386815323e-02,3.037450382557671177e-02,7.478571017660932962e-02,1.526203762296496624e-01,8.890870390611517460e-02,1.199016280273830781e-01,8.248000920439510497e-02,1.973192199275154018e-02,5.548524420410746311e-02,2.791520451015359894e-02,1.333199102571477890e-02,2.529770465397227289e-02,1.822182592187769623e-02,3.025944888684346801e-02,1.200885923028245997e-02,5.810274406028878742e-03,2.856238854052810250e-02,1.810677098314445246e-02,2.017775988034286455e-02,1.914226543174365677e-02,2.326986135879882678e-02,7.176551803486164519e-03,6.414312834378415457e-03,1.868204567681067824e-02,2.774262210205373155e-02,3.517804751768969368e-02,1.571938100442961395e-02,4.330380256572513575e-02,5.876430995800494689e-02,6.411436460910084623e-02,1.485646896393027702e-02,7.173675430017834032e-02,4.067192084220214859e-02,6.870218029108900171e-02,3.750791002703791205e-02,7.970430880745556224e-02,3.138123453949260427e-02,2.535523212333889304e-02,2.689409192889604880e-02,1.766093309555312810e-02,2.919519070356095189e-02,3.546568486452281177e-02,5.657826612207329103e-02,3.214347350860035507e-02,8.968532474256457609e-02,8.409077834666052464e-02,2.308289708335730175e-02,6.927745498475522401e-02,1.864609100845653900e-01,9.369786573088649539e-02,1.213973422309152644e-01,7.787781165506529879e-02,2.017775988034286455e-02,5.864925501927169965e-02
3.996720934246102835e-02,1.013921647586722707e-01,5.384571132715872122e-02,3.520681125237300896e-02,1.272363803716274611e-01,1.778317896795719999e-01,1.848645228096416071e-01,3.253178392682505582e-02,2.081056204337571325e-01,1.131852959788298973e-01,1.518293735258585964e-01,8.429212448944370384e-02,0.000000000000000000e+00,7.763331991025715362e-02,7.280101248346085296e-02,7.106080653512052148e-02,4.819363746188805309e-02,1.114594718978312166e-01,9.585514583213484985e-02,1.703676005292527051e-01,8.734108036587470703e-02,2.859259046194557730e-01,2.491946154288672832e-01,8.777253638612438069e-02,2.284991083242248200e-01,4.548121728125179564e-01,2.691997929011102908e-01,3.608122878674567269e-01,2.503164010815164264e-01,5.903756543749640734e-02,1.659667491227060920e-01,8.371684979577748154e-02,3.959328079157797831e-02,7.428234481965138858e-02,5.478053270436633593e-02,9.120980268078007769e-02,3.622792383363055563e-02,1.740205948340332529e-02,8.501121785652648866e-02,5.488120577575792552e-02,6.037507910027038044e-02,5.719668641776447932e-02,7.037047690272105194e-02,2.175976528792498282e-02,1.938675717655180195e-02,5.439222228614163518e-02,8.433527009146866982e-02,1.042973019616867114e-01,4.737387102341367867e-02,1.298826439624920781e-01,1.774722429960305936e-01,1.927457861128688832e-01,4.382154979002473444e-02,2.196111143070816341e-01,1.230944025772306299e-01,2.060058678018754086e-01,1.088994995110165037e-01,2.415146982684231725e-01,9.479088764885232332e-02,7.193810044296151951e-02,8.186158890870390281e-02,5.357245584766726076e-02,8.844848415118218565e-02,1.074469309095092973e-01,1.703388367945694037e-01,9.253293447621238621e-02,2.721049301041247315e-01,2.505608928263245438e-01,6.831386987286429402e-02,2.115285048610711649e-01,5.572829776218144460e-01,2.818702180291088877e-01,3.669964908243686375e-01,2.367543001783351531e-01,6.132428234481965279e-02,1.771270781798308658e-01
1.210953230167404956e-02,3.071966864177644654e-02,1.639532876948742932e-02,1.068572743485014104e-02,3.850025887361215038e-02,5.411896680665017473e-02,5.629062877524017988e-02,9.808433527009146474e-03,6.365414485416787116e-02,3.477535523212334223e-02,4.628084910544785074e-02,2.574354254156359725e-02,7.763331991025715362e-02,0.000000000000000000e+00,2.188920209399988423e-02,2.180291088994995227e-02,1.479894149456365340e-02,3.385491572225737822e-02,2.915204510153598244e-02,5.184663176666858692e-02,2.644825404130472443e-02,8.676580567220848472e-02,7.553356727837542972e-02,2.656330898003796820e-02,6.945003739285508793e-02,1.382816544900189737e-01,8.203417131680378060e-02,1.097624115515158510e-01,7.602255076799172007e-02,1.807800724846114065e-02,5.032215382845308532e-02,2.541275959270551665e-02,1.210953230167404956e-02,2.257953172639935724e-02,1.675487545302882172e-02,2.722487487775412593e-02,1.095898291434159802e-02,5.335672783754242567e-03,2.582983374561352921e-02,1.651038370822067655e-02,1.833688086061094000e-02,1.740205948340332529e-02,2.152965541045849529e-02,6.572513375136627804e-03,5.867801875395501493e-03,1.645285623885405293e-02,2.564286947017200766e-02,3.166887188632572236e-02,1.435310360697232904e-02,3.957889892423632067e-02,5.403267560260024277e-02,5.860610941724673367e-02,1.333199102571477890e-02,6.676062819996547715e-02,3.789622044526261280e-02,6.261865040556865991e-02,3.319334982454121702e-02,7.339066904446873985e-02,2.887878962204452546e-02,2.160156474716677308e-02,2.483748489903929088e-02,1.648161997353736474e-02,2.705229246965425854e-02,3.264683886555830306e-02,5.155899441983546883e-02,2.800149571420353090e-02,8.256630040844503693e-02,7.538974860495886721e-02,2.070988897198412088e-02,6.450267502732555391e-02,1.694903066214117349e-01,8.558649255019271096e-02,1.113012713570730033e-01,7.195248231030317021e-02,1.862451820744405462e-02,5.383132945981706358e-02
1.221020537306563916e-02,2.880688028533624767e-02,1.615083702467928414e-02,9.923488465742391976e-03,3.612725076223896603e-02,5.180348616464361400e-02,5.263763447045964605e-02,9.822815394350802379e-03,5.870678248863832327e-02,3.227291031467525995e-02,4.390784099407467334e-02,2.552781453143876042e-02,7.280101248346085296e-02,2.188920209399988423e-02,0.000000000000000000e+00,2.032157855375942013e-02,1.333199102571477890e-02,3.166887188632572236e-02,2.820284185698671009e-02,5.068170051199447773e-02,2.601679802105505424e-02,8.223551745958694592e-02,7.527469366622561997e-02,2.721049301041247176e-02,6.504918598630846094e-02,1.332480009204395077e-01,7.868319622619801557e-02,1.043260656963700128e-01,7.216821032042800010e-02,1.744520508542829126e-02,4.842374733935454062e-02,2.357188057297359557e-02,1.146234827129954600e-02,2.203302076741643981e-02,1.551803486164643649e-02,2.557096013346372987e-02,1.021112581257550486e-02,5.105562906287752431e-03,2.377322671575677476e-02,1.514410631076338991e-02,1.711442213657021066e-02,1.619398262670425012e-02,2.017775988034286455e-02,6.126675487545302570e-03,5.580164528562388607e-03,1.617960075936259595e-02,2.388828165449001853e-02,3.123741586607605217e-02,1.318817235229822159e-02,3.703330840476327240e-02,5.140079387907726255e-02,5.414773054133349001e-02,1.278548006673186493e-02,6.210090318126905429e-02,3.434389921187366856e-02,5.909509290686302402e-02,3.286256687568313989e-02,6.772421331185640714e-02,2.710981993902088216e-02,2.321233388943220316e-02,2.351435310360697195e-02,1.512972444342173400e-02,2.505321290916412424e-02,3.109359719265949659e-02,5.132888454236898129e-02,2.814531438762008994e-02,7.947419892998906776e-02,7.528907553356728455e-02,2.053730656388425349e-02,5.936834838635448447e-02,1.622130817465339825e-01,8.361617672438589888e-02,1.044698843697865753e-01,6.890352643387218090e-02,1.757464189150319267e-02,5.050911810389460688e-02
1.123223839383305500e-02,2.817407812230339828e-02,1.494276016798021071e-02,9.794051659667490570e-03,3.533624805844790689e-02,4.964620606339527342e-02,5.171719496059368204e-02,9.060576425243053317e-03,5.771443364206408494e-02,3.120865213139274036e-02,4.239774492320082938e-02,2.332738882816545040e-02,7.106080653512052148e-02,2.180291088994995227e-02,2.032157855375942013e-02,0.000000000000000000e+00,1.323131795432318930e-02,3.083472358050969378e-02,2.677903699016280156e-02,4.760398090088017314e-02,2.421906460334809913e-02,7.920094345049760731e-02,7.006845768854627621e-02,2.480872116435597907e-02,6.378358166024276910e-02,1.265891963412529575e-01,7.513087499280907133e-02,1.006443076569061706e-01,6.976643847437151436e-02,1.655352931024564253e-02,4.625208537076454240e-02,2.319795202209054899e-02,1.111718345509980950e-02,2.104067192084220148e-02,1.531668871886325729e-02,2.552781453143876042e-02,1.016798021055053715e-02,4.846689294137950486e-03,2.349997123626531778e-02,1.538859805557153508e-02,1.689869412644537730e-02,1.594949088189610495e-02,1.977506759477650616e-02,6.083529885520335724e-03,5.350054651095898471e-03,1.543174365759650279e-02,2.331300696082379276e-02,2.913766323419432827e-02,1.320255421963987749e-02,3.645803371109705010e-02,4.955991485934533453e-02,5.368751078640050800e-02,1.209515043433239366e-02,6.083529885520336244e-02,3.425760800782373661e-02,5.738365069320600781e-02,3.030259448886843399e-02,6.694759247540700564e-02,2.657769084737962237e-02,2.017775988034286455e-02,2.282402347120750241e-02,1.504343323937180031e-02,2.479433929701432490e-02,3.014439394811022424e-02,4.751768969683023425e-02,2.593050681700511881e-02,7.572053155381694434e-02,7.039924063740436722e-02,1.930046597250186999e-02,5.874992809066328925e-02,1.552954035551976086e-01,7.881263303227291350e-02,1.021256399930967063e-01,6.618535350629925484e-02,1.712880400391186830e-02,4.950238738997871785e-02
7.564862221710867002e-03,1.911350169706034496e-02,1.000977966979232567e-02,6.630040844503250555e-03,2.421906460334809913e-02,3.315020422251625104e-02,3.523557498705631730e-02,6.054766150837024782e-03,3.923373410803658590e-02,2.122763619628372650e-02,2.864867974457803446e-02,1.587758154518782716e-02,4.819363746188805309e-02,1.479894149456365340e-02,1.333199102571477890e-02,1.323131795432318930e-02,0.000000000000000000e+00,2.096876258413392369e-02,1.796295230972789342e-02,3.197089110050049116e-02,1.643847437151239876e-02,5.386009319450037192e-02,4.625208537076454240e-02,1.625151009607087374e-02,4.305931082091699058e-02,8.547143761145947760e-02,5.046597250186964090e-02,6.811252373008111483e-02,4.724443421733878073e-02,1.116032905712477721e-02,3.092101478455962574e-02,1.583443594316286118e-02,7.363516078927687808e-03,1.386412011735603696e-02,1.021112581257550486e-02,1.720071334062014609e-02,6.745095783236495189e-03,3.221538284530863633e-03,1.597825461657941676e-02,1.028303514928378265e-02,1.121785652649139910e-02,1.064258183282517332e-02,1.321693608698153340e-02,4.127595927055169138e-03,3.595466835413910212e-03,1.019674394523384896e-02,1.583443594316286118e-02,1.940113904389345958e-02,9.017430823218087338e-03,2.463613875625611169e-02,3.296323994707472949e-02,3.652994304780532442e-02,8.283955588793648350e-03,4.100270379106023266e-02,2.354311683829028376e-02,3.867284128171201429e-02,2.052292469654259932e-02,4.574872001380659442e-02,1.794857044238623925e-02,1.310188114824828789e-02,1.541736179025484689e-02,1.009607087384225936e-02,1.675487545302882172e-02,1.993326813553471938e-02,3.199965483518379950e-02,1.734453201403670167e-02,5.108439279756083612e-02,4.632399470747281672e-02,1.265604326065696353e-02,3.969395386296956790e-02,1.045130299718115413e-01,5.272392567450957801e-02,6.932060058678018999e-02,4.459817062647414287e-02,1.174998561813265889e-02,3.329402289593280662e-02
1.728700454467008152e-02,4.435367888166599770e-02,2.365817177702352753e-02,1.523039751481332360e-02,5.535580739803255823e-02,7.813668526721509466e-02,8.056722084795489569e-02,1.407984812748087206e-02,9.116665707875511171e-02,4.927227751251222337e-02,6.622849910832422082e-02,3.660185238451360568e-02,1.114594718978312166e-01,3.385491572225737822e-02,3.166887188632572236e-02,3.083472358050969378e-02,2.096876258413392369e-02,0.000000000000000000e+00,4.219639878041765019e-02,7.490076511534257686e-02,3.785307484323764682e-02,1.254098832192371837e-01,1.090433181844330662e-01,3.829891273082897118e-02,9.995397802450670111e-02,1.987717885290226083e-01,1.181758039463843973e-01,1.576396479318874777e-01,1.095179198067077059e-01,2.594488868434677645e-02,7.231202899384456262e-02,3.627106943565552855e-02,1.724385894264511207e-02,3.251740205948340512e-02,2.383075418512339491e-02,3.953575332221135469e-02,1.563308980037968199e-02,7.593625956394177944e-03,3.680319852729678487e-02,2.383075418512339491e-02,2.630443536788816539e-02,2.496692170511419229e-02,3.074843237645975835e-02,9.535178047517689492e-03,8.370246792843582043e-03,2.364378990968187336e-02,3.673128919058850361e-02,4.579186561583156040e-02,2.065236150261750073e-02,5.657826612207329103e-02,7.792095725709026477e-02,8.371684979577748154e-02,1.912788356440200260e-02,9.585514583213484985e-02,5.354369211298395242e-02,8.988667088534775529e-02,4.725881608468043837e-02,1.052177414715526615e-01,4.147730541333486537e-02,3.119427026405108272e-02,3.578208594603923126e-02,2.342806189955703999e-02,3.897486049588678308e-02,4.712937927860553350e-02,7.472818270724271295e-02,4.032675602600241382e-02,1.196139906805499670e-01,1.096042110107576378e-01,2.992866593798538741e-02,9.244664327216245425e-02,2.431398492780302567e-01,1.236409135362135370e-01,1.600845653799689294e-01,1.043116838290283621e-01,2.695161939826266895e-02,7.766208364494045502e-02
1.508657884139676629e-02,3.854340447563711636e-02,2.062359776793418892e-02,1.320255421963987749e-02,4.787723638037162666e-02,6.769544957717310574e-02,6.978082034171316506e-02,1.239716964850716245e-02,7.843870448138987039e-02,4.265661853535063219e-02,5.728297762181441821e-02,3.222976471265029397e-02,9.585514583213484985e-02,2.915204510153598244e-02,2.820284185698671009e-02,2.677903699016280156e-02,1.796295230972789342e-02,4.219639878041765019e-02,0.000000000000000000e+00,6.540873266984985335e-02,3.316458608985790868e-02,1.085255709601334606e-01,9.558189035264338940e-02,3.382615198757406988e-02,8.643502272335039371e-02,1.732295921302421937e-01,1.027152965541045793e-01,1.358798826439625018e-01,9.450325030201921217e-02,2.230627624690789679e-02,6.294943335442673704e-02,3.133808893746763830e-02,1.498590577000517669e-02,2.836104239774492330e-02,2.056607029856756530e-02,3.422884427314042133e-02,1.363401023988954769e-02,6.558131507794971900e-03,3.161134441695909875e-02,2.060921590059253128e-02,2.278087786918253296e-02,2.148650980843352584e-02,2.662083644940459182e-02,8.154518782718748679e-03,7.334752344244376866e-03,2.032157855375942013e-02,3.192774549847552518e-02,3.966519012828625956e-02,1.777598803428637186e-02,4.863947534947937745e-02,6.750848530173157724e-02,7.205315538169475287e-02,1.651038370822067655e-02,8.296899269401139532e-02,4.615141229937295281e-02,7.774837484899038698e-02,4.136225047460162507e-02,9.049070931369729287e-02,3.572455847667261458e-02,2.775700396939538572e-02,3.080595984582638197e-02,2.022090548236783053e-02,3.356727837542426707e-02,4.093079445435195141e-02,6.578266122073289646e-02,3.501984697693148740e-02,1.044411206351032601e-01,9.592705516884311723e-02,2.597365241903008826e-02,7.968992694011389766e-02,2.107950296266467294e-01,1.079215325317839230e-01,1.381234539492607605e-01,9.049070931369729287e-02,2.316918828740723718e-02,6.709141114882356816e-02
2.649139964332969041e-02,6.857274348501408989e-02,3.677443479261346959e-02,2.328424322614048095e-02,8.440717942817695107e-02,1.207070125985157949e-01,1.231806937812805619e-01,2.196111143070816202e-02,1.392596214692515544e-01,7.569176781913364294e-02,1.012339642179140575e-01,5.665017545878156535e-02,1.703676005292527051e-01,5.184663176666858692e-02,5.068170051199447773e-02,4.760398090088017314e-02,3.197089110050049116e-02,7.490076511534257686e-02,6.540873266984985335e-02,0.000000000000000000e+00,5.814588966231375167e-02,1.931628602657769200e-01,1.692889604786285418e-01,5.958407639647932130e-02,1.540441810964735536e-01,3.067364666628314973e-01,1.838146464937007452e-01,2.417160444112063378e-01,1.688431225910372313e-01,3.993844560777771308e-02,1.118190185813726090e-01,5.476615083702467829e-02,2.643387217396306679e-02,5.007766208364494015e-02,3.599781395616406809e-02,6.060518897773686797e-02,2.391704538917333034e-02,1.166369441408272520e-02,5.537018926537421587e-02,3.624230570097221327e-02,4.001035494448599433e-02,3.783869297589598918e-02,4.695679687050566958e-02,1.438186734165564085e-02,1.278548006673186493e-02,3.595466835413910212e-02,5.617557383650693265e-02,7.093136972904562354e-02,3.103606972329287297e-02,8.581660242765920543e-02,1.198009549559914816e-01,1.264309958004947443e-01,2.897946269343611506e-02,1.473134671805787221e-01,8.088362192947132212e-02,1.369297589599033638e-01,7.262843007536098905e-02,1.603290571247770746e-01,6.326583443594316347e-02,4.987631594086176096e-02,5.506817005119944708e-02,3.575332221135592292e-02,5.936834838635448447e-02,7.251337513662774181e-02,1.188517517114422162e-01,6.195708450785249871e-02,1.859863084622907503e-01,1.710147845596272087e-01,4.586377495253983472e-02,1.406115169993671921e-01,3.726485646896393056e-01,1.939250992348846570e-01,2.461888051544612599e-01,1.629465569809584180e-01,4.166426968877639386e-02,1.192688258643502253e-01
1.454006788241385233e-02,3.420008053845711299e-02,1.889777368693551160e-02,1.206638669964908185e-02,4.382154979002473444e-02,6.112293620203647360e-02,6.388425473163435175e-02,1.163493067939941339e-02,7.057182304550423113e-02,3.871598688373698721e-02,5.314099982741759404e-02,3.008686647874360062e-02,8.734108036587470703e-02,2.644825404130472443e-02,2.601679802105505424e-02,2.421906460334809913e-02,1.643847437151239876e-02,3.785307484323764682e-02,3.316458608985790868e-02,5.814588966231375167e-02,0.000000000000000000e+00,9.663176666858425135e-02,8.768624518207443486e-02,3.156819881493413277e-02,7.743197376747397442e-02,1.572513375136627700e-01,9.178507737444629999e-02,1.239860783524132787e-01,8.531323707070126439e-02,2.032157855375942013e-02,5.746994189725593977e-02,2.913766323419432827e-02,1.387850198469769286e-02,2.644825404130472443e-02,1.919979290111028039e-02,3.139561640683426191e-02,1.256975205660702984e-02,5.982856814128746127e-03,2.948282805039406304e-02,1.894091928896047758e-02,2.115572685957544871e-02,1.987574066616809576e-02,2.423344647068975330e-02,7.464189150319277405e-03,6.716332048553184247e-03,1.970315825806822838e-02,2.874935281596962405e-02,3.638612437438876884e-02,1.639532876948742932e-02,4.510153598343209086e-02,6.089282632456997912e-02,6.660242765920727781e-02,1.543174365759650279e-02,7.402347120750157883e-02,4.252718172927572732e-02,7.143473508600356459e-02,3.900362423057009836e-02,8.216360812287867854e-02,3.254616579416671346e-02,2.601679802105505424e-02,2.800149571420353090e-02,1.830811712592763166e-02,3.037450382557671177e-02,3.696139906805499808e-02,5.816027152965540931e-02,3.312144048783294270e-02,9.300753609848702586e-02,8.718287982511649381e-02,2.426221020537306511e-02,7.198124604498648549e-02,1.930765690617269881e-01,9.673243973997583400e-02,1.252373008111373198e-01,7.992003681758039213e-02,2.098314445147557786e-02,6.079215325317838953e-02
