0.000000000000000000e+00,1.733267201973216765e-02,1.225217496213086045e-02,6.112682475636403018e-03,2.800305634123781764e-02,3.638118473437981781e-02,4.127401171597474411e-02,5.522862236759205901e-03,3.770828027185350872e-02,2.874033163983431491e-02,2.851244654754085325e-02,2.156865373530476165e-02,5.832517862169734474e-02,1.253368007614043093e-02,1.466507593935575601e-02,1.254708508156945727e-02,1.109934449523452063e-02,1.675625678628399687e-02,1.663561173742275287e-02,3.879408571160471164e-02,1.486615102079116325e-02,5.347256665638949746e-02,4.458504805694446516e-02,1.998686309467955294e-02,4.068419147709755046e-02,1.006984007828523181e-01,5.894180887143259107e-02,8.040322256330513506e-02,5.445113205270848272e-02,1.612622153111972073e-02,3.611308462579927020e-02,1.313690532044665439e-02,7.265512942532741970e-03,1.761417713374173813e-02,9.021568653735304380e-03,1.474550597192991926e-02,5.415622193326988243e-03,5.321787155323797792e-03,1.229238997841794120e-02,8.525583452861298581e-03,1.347203045617233544e-02,9.866083995764017567e-03,1.241303502727918520e-02,5.241357122749634549e-03,2.439710988082949977e-03,9.008163648306278040e-03,1.853912250834461456e-02,1.552299628681349554e-02,8.190458317135619268e-03,2.749366613493478551e-02,3.691738495154090610e-02,4.128741672140377045e-02,8.297698360567835191e-03,3.603265459322511216e-02,3.008083218273703563e-02,3.634096971809273879e-02,2.916929181356318554e-02,5.154224587460957963e-02,1.567045134653279395e-02,1.670263676456788804e-02,1.360608051046260751e-02,9.517553854609311914e-03,1.516106114022976181e-02,2.017453317068593557e-02,3.384763870829367999e-02,1.733267201973216765e-02,5.355299668896366244e-02,5.808388852397484980e-02,1.361948551589163385e-02,3.756082521213421205e-02,1.107655598600517377e-01,5.567098754674995598e-02,7.219935924074048772e-02,5.794983846968457947e-02,1.274816016300486625e-02,3.912921084733039095e-02
1.733267201973216765e-02,0.000000000000000000e+00,1.890105765492835002e-02,9.597983887183475157e-03,4.357967264976742028e-02,5.715894314937197684e-02,6.430381104304347395e-02,8.606013485435461824e-03,5.947800908859367935e-02,4.442418799179613520e-02,4.403544283435435053e-02,3.324441346398745306e-02,9.060443169479483194e-02,1.978578801324414396e-02,2.288234426734942970e-02,1.994664807839247045e-02,1.714500194372578848e-02,2.658212576576093542e-02,2.596549551602568562e-02,6.182388503867344148e-02,2.256062413705277672e-02,8.540328958833227901e-02,6.978645826351559389e-02,3.009423718816606197e-02,6.398209091274681404e-02,1.569189935521923818e-01,9.355353288918082100e-02,1.267577313368812020e-01,8.736042038097024953e-02,2.557675035858389401e-02,5.643507285620450592e-02,1.987962305124733528e-02,1.135403959838603670e-02,2.719875601549618521e-02,1.368651054303677075e-02,2.371345460394911481e-02,8.404938404000052848e-03,8.230673333422700022e-03,1.860614753548975320e-02,1.325755036930790012e-02,2.069732838241799405e-02,1.497339106422338091e-02,2.021474818697301459e-02,8.043003257416319121e-03,3.793616536414697038e-03,1.343181543988525295e-02,2.953122696014691753e-02,2.416922478853603812e-02,1.286880521186611025e-02,4.301666242174827931e-02,5.807048351854582346e-02,6.437083607018860565e-02,1.292242523358221908e-02,5.702489309508170651e-02,4.648855882786632338e-02,5.689084304079142923e-02,4.430354294293489120e-02,7.929060711269587947e-02,2.525503022828724103e-02,2.580463545087735913e-02,2.159546374616281780e-02,1.490636603707824574e-02,2.367323958766203232e-02,3.179667287765251815e-02,5.394174184640544711e-02,2.648829072775774410e-02,8.618077990321586224e-02,9.162321210740090316e-02,2.050965830641161489e-02,5.855306371399080639e-02,1.722141047467124209e-01,8.864730090215686142e-02,1.133125108915669088e-01,9.207898229198782647e-02,2.064370836070188522e-02,6.123406479979624090e-02
1.225217496213086045e-02,1.890105765492835002e-02,0.000000000000000000e+00,6.635477687368463232e-03,3.038914730760465879e-02,3.926326090162066823e-02,4.492017319267014447e-02,5.871392377913913288e-03,4.135444174854890909e-02,3.122025764420434737e-02,3.084491749219158557e-02,2.321746940307510901e-02,6.299012051099880938e-02,1.374013056475287958e-02,1.554980629767154995e-02,1.375353557018190592e-02,1.205109988069545147e-02,1.871338757892197086e-02,1.832464242148017924e-02,4.241343717744205932e-02,1.571066636281987644e-02,5.827155859998123244e-02,4.817758951192375322e-02,2.108607353985978219e-02,4.458504805694446516e-02,1.092641992520006905e-01,6.412954597246611765e-02,8.777597554927009382e-02,5.925012399630021770e-02,1.777503719889006462e-02,3.929007091247872091e-02,1.400823067333342199e-02,8.002788241129238367e-03,1.898148768750251500e-02,9.517553854609311914e-03,1.666242174828080902e-02,5.951822410488076531e-03,5.817772356197804459e-03,1.316371533130470881e-02,9.209238729741685281e-03,1.445059585249132070e-02,1.046930924007024276e-02,1.400823067333342199e-02,5.683722301907532387e-03,2.627381064089330878e-03,9.825868979476936813e-03,1.989302805667636162e-02,1.666242174828080902e-02,9.008163648306278040e-03,2.989316210673065299e-02,4.021501628708159387e-02,4.544296840440220642e-02,9.195833724312658941e-03,3.934369093419482627e-02,3.245351814367485044e-02,3.966541106449147924e-02,3.097896754648185591e-02,5.623399777476909694e-02,1.758736712288368545e-02,1.766779715545784696e-02,1.483934100993310884e-02,1.036206919663802510e-02,1.640772664512929122e-02,2.186356385474336195e-02,3.691738495154090610e-02,1.867317256263488837e-02,5.819112856740706746e-02,6.324481561415032371e-02,1.466507593935575601e-02,4.041609136851700285e-02,1.197737235083580210e-01,6.046997949034169095e-02,7.890186195525408785e-02,6.317779058700519201e-02,1.398142066247536758e-02,4.231960213943886800e-02
6.112682475636403018e-03,9.597983887183475157e-03,6.635477687368463232e-03,0.000000000000000000e+00,1.589833643882625908e-02,2.053646831726966757e-02,2.335151945736537935e-02,3.123366264963337111e-03,2.123352859957908234e-02,1.635410662341318239e-02,1.613962653654874707e-02,1.214493491869864279e-02,3.309695840426815638e-02,7.211892920816633142e-03,8.110028284561456025e-03,7.037627850239279448e-03,6.273542540784728637e-03,9.437123822035148671e-03,9.236048740599739695e-03,2.160886875159184414e-02,8.297698360567835191e-03,3.018807222616925329e-02,2.522822021742918835e-02,1.081783938122495015e-02,2.296277429992359120e-02,5.656912291049477626e-02,3.328462848027453208e-02,4.619364870842773002e-02,3.130068767677850888e-02,9.303073767744876599e-03,1.996005308382150026e-02,7.372752985964959628e-03,4.155551682998431633e-03,9.597983887183475157e-03,5.026877035885199234e-03,8.552393463719352995e-03,3.056341237818201509e-03,3.042936232389174302e-03,6.836552768803871340e-03,4.718561911017574335e-03,7.426373007681068457e-03,5.482647220472124279e-03,7.386157991393986835e-03,3.042936232389174302e-03,1.300285526615638232e-03,4.597916862156329471e-03,1.034866419120899703e-02,8.606013485435461824e-03,4.718561911017574335e-03,1.581790640625209410e-02,2.080456842585021171e-02,2.367323958766203232e-02,4.745371921875628750e-03,2.057668333355675006e-02,1.705116690572259716e-02,2.069732838241799405e-02,1.605919650397458556e-02,2.884757168326653257e-02,9.021568653735304380e-03,9.316478773173902939e-03,7.734688132548693355e-03,5.496052225901151486e-03,8.686443518009625067e-03,1.142106462553117360e-02,1.867317256263488837e-02,9.557768870896392668e-03,3.032212228045952362e-02,3.249373315996192946e-02,7.131462888242469898e-03,2.099223850185659435e-02,6.148875990294776217e-02,3.128728267134948254e-02,4.083164653681684714e-02,3.257416319253609444e-02,7.238702931674687556e-03,2.166248877330795297e-02
2.800305634123781764e-02,4.357967264976742028e-02,3.038914730760465879e-02,1.589833643882625908e-02,0.000000000000000000e+00,9.221303234627810375e-02,1.050952425635732351e-01,1.390099062990120433e-02,9.559109371439294955e-02,7.359347980535932421e-02,7.218595423531146138e-02,5.453156208528264770e-02,1.483531950830440094e-01,3.233287309481360644e-02,3.659566482124425313e-02,3.207817799166208517e-02,2.828456145524738813e-02,4.303006742717730565e-02,4.194426198742610273e-02,9.831230981648547695e-02,3.698440997868604474e-02,1.365165752892129880e-01,1.125618305875413921e-01,4.859314468022359751e-02,1.033794018686577526e-01,2.536361077226236271e-01,1.500958457888175446e-01,2.070000938350380071e-01,1.402967868201986656e-01,4.207831204171638001e-02,9.122106194453008521e-02,3.317738843684231442e-02,1.839166744862531788e-02,4.347243260633520262e-02,2.248019410447861174e-02,3.875387069531763262e-02,1.390099062990120433e-02,1.347203045617233544e-02,3.095215753562380323e-02,2.134076864301130000e-02,3.355272858885507969e-02,2.453115993511977358e-02,3.308355339883912311e-02,1.344522044531428102e-02,6.018847437633212567e-03,2.180994383302725312e-02,4.683708896902102903e-02,3.904878081475623292e-02,2.101904851271464703e-02,7.116717382270540404e-02,9.347310285660666296e-02,1.061676429978954117e-01,2.117990857786297351e-02,9.232027238971031446e-02,7.658279601603239228e-02,9.327202777517125398e-02,7.242724433303394938e-02,1.302698427592863251e-01,4.124720170511669143e-02,4.151530181369723210e-02,3.489322913175779695e-02,2.447753991340366475e-02,3.857960562474027633e-02,5.148862585289346733e-02,8.501454443089050128e-02,4.340540757919007092e-02,1.365836003163581336e-01,1.471333395890025431e-01,3.307014839341009677e-02,9.480019839408035387e-02,2.777919275057306181e-01,1.410474671242241962e-01,1.843590396654110619e-01,1.469724795238541992e-01,3.317738843684231442e-02,9.855359991420796495e-02
3.638118473437981781e-02,5.715894314937197684e-02,3.926326090162066823e-02,2.053646831726966757e-02,9.221303234627810375e-02,0.000000000000000000e+00,1.364495502620678424e-01,1.817718736176088257e-02,1.248810305768173895e-01,9.408973310634190235e-02,9.324521776431320130e-02,7.001434335580905555e-02,1.912224024450729920e-01,4.171637689513264108e-02,4.764138929476266493e-02,4.166275687341653572e-02,3.620691966380246152e-02,5.597930267161758261e-02,5.437070202013431774e-02,1.287550771458062515e-01,4.807034946849153556e-02,1.790238475046582456e-01,1.471735546052896082e-01,6.307055054357296742e-02,1.351224547245941654e-01,3.314253542272684872e-01,1.962760894918162413e-01,2.682743736511213339e-01,1.834609043016662555e-01,5.422324696041502107e-02,1.180444778080135121e-01,4.272175230230967902e-02,2.395474470167160280e-02,5.643507285620450592e-02,2.919610182442123822e-02,4.981300017426507076e-02,1.786887223689325593e-02,1.739969704687730281e-02,3.949114599391412989e-02,2.758750117293797335e-02,4.316411748146758293e-02,3.139452271478170020e-02,4.269494229145162634e-02,1.715840694915481482e-02,7.815118165122857466e-03,2.770814622179922082e-02,6.139492486494457085e-02,5.042963042400032403e-02,2.731940106435743268e-02,9.132830198796230980e-02,1.224815346050215081e-01,1.367712703923645023e-01,2.734621107521548536e-02,1.203233287309481425e-01,9.744098446359870935e-02,1.200418236169385616e-01,9.301733267201972577e-02,1.676429978954141475e-01,5.315084652609284449e-02,5.404898188983766477e-02,4.532232335554096242e-02,3.156878778535905650e-02,4.989343020683923574e-02,6.663628198769420974e-02,1.117441252563707299e-01,5.565758254132092964e-02,1.796538827598225252e-01,1.909677073419214777e-01,4.227938712315178205e-02,1.232590249199050914e-01,3.609967962037024525e-01,1.842517996219788512e-01,2.383141865172455354e-01,1.933537983082883049e-01,4.315071247603854965e-02,1.281652569069290371e-01
4.127401171597474411e-02,6.430381104304347395e-02,4.492017319267014447e-02,2.335151945736537935e-02,1.050952425635732351e-01,1.364495502620678424e-01,0.000000000000000000e+00,2.041582326840842357e-02,1.417043123902465285e-01,1.084464939208300421e-01,1.068781082856338494e-01,8.067132267188567574e-02,2.178581482325500362e-01,4.784246437619807391e-02,5.366023673239587316e-02,4.722583412646282064e-02,4.179680692770680606e-02,6.341908068472768001e-02,6.194453008753468548e-02,1.451896138017935989e-01,5.447794206356653540e-02,2.011152964516950692e-01,1.662086623145082320e-01,7.156932398557620811e-02,1.530315419777744934e-01,3.741605115350071786e-01,2.214909047038164103e-01,3.050040885266558366e-01,2.068124237590316106e-01,6.219922519068619982e-02,1.340634592957010152e-01,4.872719473451386785e-02,2.721216102092521502e-02,6.395528090188876136e-02,3.304333838255204409e-02,5.707851311679781187e-02,2.044263327926647972e-02,1.993324307296344411e-02,4.579149854555691207e-02,3.128728267134948254e-02,4.935722998967814745e-02,3.620691966380246152e-02,4.868697971822678883e-02,1.993324307296344411e-02,8.887518599445032308e-03,3.193072293194278849e-02,6.888832289977077361e-02,5.764152334481695283e-02,3.104599257362699108e-02,1.048539524658507471e-01,1.375621657126771258e-01,1.565436534001796165e-01,3.126047266049142986e-02,1.358999450394777486e-01,1.129773857558412364e-01,1.373744956366707293e-01,1.068647032802048230e-01,1.922679928685371020e-01,6.068445957720612627e-02,6.093915468035764754e-02,5.124733575517097933e-02,3.608627461494121752e-02,5.667636295392699392e-02,7.597957077172616536e-02,1.250687006528237721e-01,6.371399080416627336e-02,2.005656912291049476e-01,2.156731323476185902e-01,4.840547460421721487e-02,1.394254614673118842e-01,4.082092253247362468e-01,2.067453987318864927e-01,2.710760197857879916e-01,2.164238126516441207e-01,4.845909462593332023e-02,1.450421587420742953e-01
5.522862236759205901e-03,8.606013485435461824e-03,5.871392377913913288e-03,3.123366264963337111e-03,1.390099062990120433e-02,1.817718736176088257e-02,2.041582326840842357e-02,0.000000000000000000e+00,1.891446266035737636e-02,1.412887572219466772e-02,1.403504068419147641e-02,1.069719433236370441e-02,2.894140672126972041e-02,6.246732529926674223e-03,7.225297926245660349e-03,6.260137535355701430e-03,5.482647220472124279e-03,8.351318382283944020e-03,8.217268327993673682e-03,1.923618279065402933e-02,7.439778013110095664e-03,2.691725090148661473e-02,2.215847397418195877e-02,9.624793898041529572e-03,2.042922827383744991e-02,5.036260539685518539e-02,2.949101194385983851e-02,4.056354642823630646e-02,2.777517124894435599e-02,8.163648306277564853e-03,1.772141717717395579e-02,6.353972573358891880e-03,3.605946460408316571e-03,8.391533398571026509e-03,4.410246786149948570e-03,7.319132964248850799e-03,2.654191074947385293e-03,2.627381064089330878e-03,5.992037426775158153e-03,4.155551682998431633e-03,6.501427633078191159e-03,4.852611965307845540e-03,6.353972573358891880e-03,2.613976058660303671e-03,1.179640477754393584e-03,4.075121650424268389e-03,9.236048740599739695e-03,7.600638078258421283e-03,4.142146677569404425e-03,1.378034558103996034e-02,1.847209748119947939e-02,2.060349334441480620e-02,4.115336666711350011e-03,1.808335232375769125e-02,1.474550597192991926e-02,1.805654231289963510e-02,1.422271076019785731e-02,2.554994034772584133e-02,7.949168219413129538e-03,8.177053311706591193e-03,6.796337752516789718e-03,4.772181932733683164e-03,7.587233072829394076e-03,1.002694406091234405e-02,1.654177669941956155e-02,8.404938404000052848e-03,2.691725090148661473e-02,2.857947157468598842e-02,6.246732529926674223e-03,1.871338757892197086e-02,5.451815707985361442e-02,2.750707114036381185e-02,3.601924958779608582e-02,2.898162173755680290e-02,6.434402605933055123e-03,1.920937277979597665e-02
3.770828027185350872e-02,5.947800908859367935e-02,4.135444174854890909e-02,2.123352859957908234e-02,9.559109371439294955e-02,1.248810305768173895e-01,1.417043123902465285e-01,1.891446266035737636e-02,0.000000000000000000e+00,9.815144975133714700e-02,9.736055443102455131e-02,7.278917947961768831e-02,1.982868403061703311e-01,4.331157254118687960e-02,4.896848483223635584e-02,4.356626764433839394e-02,3.805681041300821438e-02,5.878094880628426805e-02,5.721256317108808220e-02,1.340500542902719749e-01,4.920977492995884384e-02,1.865440555503425080e-01,1.531789970374937970e-01,6.534940146650759785e-02,1.416775023793884758e-01,3.453129398517406634e-01,2.045871928578130994e-01,2.794005281572138899e-01,1.908872773093473196e-01,5.643507285620450592e-02,1.225753696430247064e-01,4.423651791578975256e-02,2.483947505998740021e-02,5.831177361626831146e-02,3.020147723159827963e-02,5.219909114063191191e-02,1.861955254091877954e-02,1.811016233461574393e-02,4.116677167254252645e-02,2.851244654754085325e-02,4.455823804608640554e-02,3.261437820882317346e-02,4.471909811123473549e-02,1.782865722060617344e-02,8.177053311706591193e-03,2.878054665612139740e-02,6.379442083674044528e-02,5.242697623292537357e-02,2.856606656925696208e-02,9.482700840493840655e-02,1.279641818254936281e-01,1.427096877974235456e-01,2.868671161811820608e-02,1.255378758428397079e-01,1.020254963203260090e-01,1.252161557125430758e-01,9.665008914328609979e-02,1.754715210659660296e-01,5.571120256303703500e-02,5.552353248703065930e-02,4.711859408303060298e-02,3.294950334454885277e-02,5.191758602662233796e-02,6.939771310607380228e-02,1.163688521293851086e-01,5.738682824166543850e-02,1.868657756806391401e-01,1.985549404147508579e-01,4.416949288864462086e-02,1.280446118580678139e-01,3.747637367793134056e-01,1.914234775265084010e-01,2.488371157790318922e-01,2.018123567340044666e-01,4.487995817638305851e-02,1.324414536387887309e-01
2.874033163983431491e-02,4.442418799179613520e-02,3.122025764420434737e-02,1.635410662341318239e-02,7.359347980535932421e-02,9.408973310634190235e-02,1.084464939208300421e-01,1.412887572219466772e-02,9.815144975133714700e-02,0.000000000000000000e+00,7.501441038083619950e-02,5.616697274762396525e-02,1.522674566683199504e-01,3.376720867571951501e-02,3.729272510355366443e-02,3.273502325768441745e-02,2.882076167240847642e-02,4.416949288864462086e-02,4.353945763348034126e-02,1.008860708588587007e-01,3.781552031528572638e-02,1.396399415541763334e-01,1.153500717167790512e-01,4.975938015254895846e-02,1.059531629110309764e-01,2.601911553774179375e-01,1.534202871352162989e-01,2.124425260392230341e-01,1.430314079277202055e-01,4.359307765519645356e-02,9.352672287832276832e-02,3.355272858885507969e-02,1.923618279065402933e-02,4.501400823067333579e-02,2.300298931621067369e-02,4.069759648252657680e-02,1.427633078191396614e-02,1.396801565704634124e-02,3.136771270392364752e-02,2.205123393074974111e-02,3.462512902317725627e-02,2.518800520114210587e-02,3.430340889288060330e-02,1.412887572219466772e-02,6.166302497352511847e-03,2.258743414791082940e-02,4.756095926218849995e-02,4.002734621107521817e-02,2.176972881674017063e-02,7.337899971849488889e-02,9.501467848094478919e-02,1.096529444094424821e-01,2.176972881674017063e-02,9.447847826378369396e-02,7.962573224842156572e-02,9.604686389897987286e-02,7.482674030482981686e-02,1.340500542902719749e-01,4.290942237831606165e-02,4.221236209600665035e-02,3.552326438692207655e-02,2.533546026086140601e-02,3.970562608077856520e-02,5.266826633064786156e-02,8.694486521267040524e-02,4.441078298636710886e-02,1.386345661469992885e-01,1.501628708159626902e-01,3.391466373543881169e-02,9.703883430072789140e-02,2.849367953994021430e-01,1.439965683186101575e-01,1.894797517392994568e-01,1.499886057453853339e-01,3.395487875172589765e-02,1.008190458317135552e-01
2.851244654754085325e-02,4.403544283435435053e-02,3.084491749219158557e-02,1.613962653654874707e-02,7.218595423531146138e-02,9.324521776431320130e-02,1.068781082856338494e-01,1.403504068419147641e-02,9.736055443102455131e-02,7.501441038083619950e-02,0.000000000000000000e+00,5.529564739473719764e-02,1.496266705988015810e-01,3.290928832826177375e-02,3.702462499497312376e-02,3.242670813281679082e-02,2.876714165069236759e-02,4.356626764433839394e-02,4.292282738374508799e-02,1.002024155819783158e-01,3.762785023927934375e-02,1.387284011850024867e-01,1.146932264507567190e-01,4.941085001139425281e-02,1.051488625852893405e-01,2.574431292644673297e-01,1.522406466574618977e-01,2.102843201651496685e-01,1.426292577648493876e-01,4.278877732945481766e-02,9.211919730827490549e-02,3.331143849113259170e-02,1.896808268207348519e-02,4.407565785064142955e-02,2.281531924020429106e-02,3.969222107534953886e-02,1.406185069504953082e-02,1.382056059732704109e-02,3.104599257362699108e-02,2.147481869730157381e-02,3.372699365943242905e-02,2.466520998941004739e-02,3.384763870829367999e-02,1.364629552674968826e-02,6.112682475636403018e-03,2.178313382216919697e-02,4.725264413732087332e-02,3.953136101020120891e-02,2.144800868644351766e-02,7.227978927331465964e-02,9.532299360581240888e-02,1.077092186222335379e-01,2.150162870815962649e-02,9.443826324749661494e-02,7.778924650464483226e-02,9.478679338865132753e-02,7.349964476735612595e-02,1.318382283944825040e-01,4.225257711229372937e-02,4.201128701457124137e-02,3.546964436520597119e-02,2.486628507084545289e-02,3.934369093419482627e-02,5.211866110805774693e-02,8.666336009866083823e-02,4.375393772034477657e-02,1.391037413370152520e-01,1.485140551481923255e-01,3.336505851284869706e-02,9.644901406185069082e-02,2.809689137924100688e-01,1.437418732154586432e-01,1.866378905883456785e-01,1.500422257671014392e-01,3.353932358342605335e-02,9.935790023994960085e-02
2.156865373530476165e-02,3.324441346398745306e-02,2.321746940307510901e-02,1.214493491869864279e-02,5.453156208528264770e-02,7.001434335580905555e-02,8.067132267188567574e-02,1.069719433236370441e-02,7.278917947961768831e-02,5.616697274762396525e-02,5.529564739473719764e-02,0.000000000000000000e+00,1.135135859730023178e-01,2.470542500569712641e-02,2.821753642810225296e-02,2.410219976139090295e-02,2.136757865386935615e-02,3.270821324682636477e-02,3.197093794822986751e-02,7.496079035912009414e-02,2.857947157468598842e-02,1.032721618252255419e-01,8.619418490864488858e-02,3.746699017413102073e-02,7.871419187924770522e-02,1.956460542366519617e-01,1.144117213367471381e-01,1.577501038887920704e-01,1.057520878295955674e-01,3.205136798080403249e-02,6.966581321465435683e-02,2.522822021742918835e-02,1.454443089049451028e-02,3.410233381144519432e-02,1.741310205230633262e-02,2.967868201986621768e-02,1.065697931607662366e-02,1.040228421292510586e-02,2.340513947908148817e-02,1.659539672113567038e-02,2.603252054317082079e-02,1.898148768750251500e-02,2.520141020657113221e-02,1.045590423464121468e-02,4.678346894730492714e-03,1.670263676456788804e-02,3.534899931634472026e-02,2.963846700357913519e-02,1.632729661255512971e-02,5.430367699298917911e-02,7.114036381184733748e-02,8.128795292162092900e-02,1.623346157455193839e-02,6.998753334495100287e-02,5.894180887143259107e-02,7.130122387699566744e-02,5.623399777476909694e-02,9.969302537567527323e-02,3.124706765506240005e-02,3.189050791565570253e-02,2.644807571147066161e-02,1.857933752463169705e-02,2.965187200900816500e-02,3.926326090162066823e-02,6.455850614619498828e-02,3.302993337712301775e-02,1.032721618252255419e-01,1.117843402726578089e-01,2.526843523371627084e-02,7.229319427874368598e-02,2.129653212509551030e-01,1.067038432150565069e-01,1.405782919342082327e-01,1.118111502835158616e-01,2.483947505998740021e-02,7.518867545141355579e-02
5.832517862169734474e-02,9.060443169479483194e-02,6.299012051099880938e-02,3.309695840426815638e-02,1.483531950830440094e-01,1.912224024450729920e-01,2.178581482325500362e-01,2.894140672126972041e-02,1.982868403061703311e-01,1.522674566683199504e-01,1.496266705988015810e-01,1.135135859730023178e-01,0.000000000000000000e+00,6.709205217228113305e-02,7.607340580972934974e-02,6.604646174881700915e-02,5.823134358369415342e-02,8.908966608131475839e-02,8.687784018552527354e-02,2.038097025429295162e-01,7.709218622233542095e-02,2.829930696121931710e-01,2.339709647582407237e-01,1.012346010000133995e-01,2.148956420327350347e-01,5.281840239145296767e-01,3.120015013606080578e-01,4.291076287885896567e-01,2.912371479510449390e-01,8.715934529953484056e-02,1.889301465167093352e-01,6.840574270432579762e-02,3.863322564645638862e-02,9.075188675451413556e-02,4.683708896902102903e-02,7.961232724299253938e-02,2.864649660183112359e-02,2.794943631952170882e-02,6.368718079330822068e-02,4.439737798093808252e-02,6.971943323637046219e-02,5.105966567916459670e-02,6.844595772061287664e-02,2.793603131409268248e-02,1.248006005442432211e-02,4.516146329039263246e-02,9.701202428986983872e-02,8.080537272617595301e-02,4.387458276920602057e-02,1.471869596107186484e-01,1.936889234440140051e-01,2.196544189600396768e-01,4.410246786149948223e-02,1.907398222496280160e-01,1.582460890896660866e-01,1.929650531508465272e-01,1.507124760385527840e-01,2.695612541723079181e-01,8.520221450689687004e-02,8.660974007694473287e-02,7.221276424616951406e-02,5.059049048914864705e-02,8.033619753616000336e-02,1.066502231933403877e-01,1.757262161691175439e-01,9.013525650477888229e-02,2.825641094384643282e-01,3.048968484832236259e-01,6.845936272604190298e-02,1.966648346492580468e-01,5.779702140779366948e-01,2.918805882116382033e-01,3.813053794286786480e-01,3.042802182334883865e-01,6.813764259574525695e-02,2.048821029772517066e-01
1.253368007614043093e-02,1.978578801324414396e-02,1.374013056475287958e-02,7.211892920816633142e-03,3.233287309481360644e-02,4.171637689513264108e-02,4.784246437619807391e-02,6.246732529926674223e-03,4.331157254118687960e-02,3.376720867571951501e-02,3.290928832826177375e-02,2.470542500569712641e-02,6.709205217228113305e-02,0.000000000000000000e+00,1.672944677542594419e-02,1.458464590678159277e-02,1.297604525529832790e-02,1.949087789380554714e-02,1.906191772007667651e-02,4.461185806780251784e-02,1.675625678628399687e-02,6.178367002238636246e-02,5.093902063030335270e-02,2.171610879502406180e-02,4.687730398530811499e-02,1.141838362444536764e-01,6.816445260660330963e-02,9.404951809005482333e-02,6.360675076073406264e-02,1.933001782865722065e-02,4.119358168340057913e-02,1.485274601536213691e-02,8.311103365996863265e-03,1.943725787208943831e-02,1.010737409348650730e-02,1.742650705773535896e-02,6.233327524497647015e-03,6.085872464778348603e-03,1.395461065161731316e-02,9.517553854609311914e-03,1.508063110765559857e-02,1.101891446266035739e-02,1.520127615651684257e-02,6.193112508210565394e-03,2.721216102092521329e-03,9.678413919757636666e-03,2.124693360500810868e-02,1.761417713374173813e-02,9.450528827464175011e-03,3.229265807852652048e-02,4.231960213943886800e-02,4.804353945763348288e-02,9.611388892612501497e-03,4.171637689513264108e-02,3.502727918604806728e-02,4.241343717744205932e-02,3.277523827397150341e-02,5.874073378999718209e-02,1.884743763321224119e-02,1.886084263864126753e-02,1.596536146597139424e-02,1.120658453866673829e-02,1.760077212831271179e-02,2.335151945736537935e-02,3.839193554873390063e-02,1.961152294266679114e-02,6.181048003324441514e-02,6.660947197683615706e-02,1.470529095564283677e-02,4.288261236745800897e-02,1.251491306853979302e-01,6.425019102132736859e-02,8.332551374683307144e-02,6.620732181396533911e-02,1.502701108593948974e-02,4.442418799179613520e-02
1.466507593935575601e-02,2.288234426734942970e-02,1.554980629767154995e-02,8.110028284561456025e-03,3.659566482124425313e-02,4.764138929476266493e-02,5.366023673239587316e-02,7.225297926245660349e-03,4.896848483223635584e-02,3.729272510355366443e-02,3.702462499497312376e-02,2.821753642810225296e-02,7.607340580972934974e-02,1.672944677542594419e-02,0.000000000000000000e+00,1.636751162884220873e-02,1.430314079277202055e-02,2.172951380045308814e-02,2.148822370273060015e-02,5.124733575517097933e-02,1.924958779608305914e-02,7.065778361640236149e-02,5.836539363798442376e-02,2.569739540744514147e-02,5.317765653695089717e-02,1.326291237147950997e-01,7.761498143406747596e-02,1.057654928350245938e-01,7.197147414844702606e-02,2.117990857786297351e-02,4.691751900159519401e-02,1.652837169399053521e-02,9.718628936044719155e-03,2.308341934878483520e-02,1.160873470153755450e-02,1.970535798066998245e-02,6.997412833952197826e-03,6.930387806807061790e-03,1.532192120537808830e-02,1.120658453866673829e-02,1.752034209573855028e-02,1.254708508156945727e-02,1.655518170484859136e-02,6.756122736229708096e-03,3.136771270392364318e-03,1.147468464724728243e-02,2.424965482111020310e-02,2.022815319240204440e-02,1.076421935950884132e-02,3.597903457150899986e-02,4.811056448477861458e-02,5.340554162924435883e-02,1.069719433236370441e-02,4.725264413732087332e-02,3.870025067360152032e-02,4.756095926218849995e-02,3.770828027185350872e-02,6.622072681939436545e-02,2.073754339870507654e-02,2.191718387645947078e-02,1.784206222603520325e-02,1.229238997841794120e-02,2.000026810010857928e-02,2.652850574404482659e-02,4.451802302979932652e-02,2.239976407190445024e-02,7.080523867612166511e-02,7.616724084773254799e-02,1.734607702516119399e-02,4.882102977251705916e-02,1.443987184814809754e-01,7.305727958819822898e-02,9.434442820949343056e-02,7.603319079344227072e-02,1.670263676456788804e-02,5.095242563573237904e-02
1.254708508156945727e-02,1.994664807839247045e-02,1.375353557018190592e-02,7.037627850239279448e-03,3.207817799166208517e-02,4.166275687341653572e-02,4.722583412646282064e-02,6.260137535355701430e-03,4.356626764433839394e-02,3.273502325768441745e-02,3.242670813281679082e-02,2.410219976139090295e-02,6.604646174881700915e-02,1.458464590678159277e-02,1.636751162884220873e-02,0.000000000000000000e+00,1.270794514671778376e-02,1.930320781779916450e-02,1.895467767664445885e-02,4.485314816552500583e-02,1.647475167227442638e-02,6.231987023954744381e-02,5.103285566830654402e-02,2.154184372444670897e-02,4.714540409388865566e-02,1.139827611630182674e-01,6.799018753602595333e-02,9.299052266116167309e-02,6.372739580959529970e-02,1.904851271464765017e-02,4.079143152052976812e-02,1.462486092306867352e-02,8.217268327993673682e-03,1.928980281237013816e-02,9.892894006622071981e-03,1.748012707945146779e-02,6.193112508210565394e-03,6.018847437633212567e-03,1.374013056475287958e-02,9.423718816606120596e-03,1.481253099907505442e-02,1.079102937036689573e-02,1.502701108593948974e-02,5.978632421346130946e-03,2.681001085805439707e-03,9.504148849180283840e-03,2.128714862129519117e-02,1.745331706859341164e-02,9.410313811177094256e-03,3.190391292108473581e-02,4.238662716658399970e-02,4.735988418075309098e-02,9.396908805748066182e-03,4.187723696028097103e-02,3.394147374629686437e-02,4.170297188970361474e-02,3.193072293194278849e-02,5.820453357283609380e-02,1.883403262778321485e-02,1.848550248662850573e-02,1.567045134653279395e-02,1.109934449523452063e-02,1.713159693829675867e-02,2.307001434335580886e-02,3.887451574417887662e-02,1.922277778522500299e-02,6.233327524497647709e-02,6.604646174881700915e-02,1.454443089049451028e-02,4.262791726430649464e-02,1.239828952130725553e-01,6.399549591817584038e-02,8.252121342109143554e-02,6.686416707998767139e-02,1.516106114022976181e-02,4.443759299722516154e-02
1.109934449523452063e-02,1.714500194372578848e-02,1.205109988069545147e-02,6.273542540784728637e-03,2.828456145524738813e-02,3.620691966380246152e-02,4.179680692770680606e-02,5.482647220472124279e-03,3.805681041300821438e-02,2.882076167240847642e-02,2.876714165069236759e-02,2.136757865386935615e-02,5.823134358369415342e-02,1.297604525529832790e-02,1.430314079277202055e-02,1.270794514671778376e-02,0.000000000000000000e+00,1.698414187857746199e-02,1.686349682971621453e-02,3.882089572246276432e-02,1.445059585249132070e-02,5.419643694955696145e-02,4.449121301894127384e-02,1.896808268207348519e-02,4.115336666711350011e-02,1.002024155819783158e-01,5.912947894743897370e-02,8.160967305191758892e-02,5.529564739473719764e-02,1.667582675370983536e-02,3.577795949007359089e-02,1.289561522272416466e-02,7.265512942532741970e-03,1.695733186771940584e-02,8.766873550583788310e-03,1.548278127052641479e-02,5.455837209614069865e-03,5.281572139036716171e-03,1.193045483183420748e-02,8.351318382283944020e-03,1.309669030415957364e-02,9.517553854609311914e-03,1.315031032587568247e-02,5.348597166181852207e-03,2.345875950079759961e-03,8.552393463719352995e-03,1.843188246491239690e-02,1.528170618909100581e-02,8.270888349709780776e-03,2.801646134666684398e-02,3.693078995696993244e-02,4.186383195485194469e-02,8.351318382283944020e-03,3.644820976152495645e-02,3.010764219359508831e-02,3.682354991353771478e-02,2.839180149867960579e-02,5.123393074974195299e-02,1.651496668856150887e-02,1.616643654740680322e-02,1.371332055389482517e-02,9.665008914328610326e-03,1.514765613480073374e-02,2.024155819783107074e-02,3.374039866486146233e-02,1.691711685143232335e-02,5.392833684097642077e-02,5.781578841539430913e-02,1.288221021729513832e-02,3.741337015241490843e-02,1.091301491977104271e-01,5.561736752503385062e-02,7.266853443075645125e-02,5.809729352940387614e-02,1.315031032587568247e-02,3.874046568988860628e-02
1.675625678628399687e-02,2.658212576576093542e-02,1.871338757892197086e-02,9.437123822035148671e-03,4.303006742717730565e-02,5.597930267161758261e-02,6.341908068472768001e-02,8.351318382283944020e-03,5.878094880628426805e-02,4.416949288864462086e-02,4.356626764433839394e-02,3.270821324682636477e-02,8.908966608131475839e-02,1.949087789380554714e-02,2.172951380045308814e-02,1.930320781779916450e-02,1.698414187857746199e-02,0.000000000000000000e+00,2.560356036944195016e-02,5.990696926232254999e-02,2.189037386560141463e-02,8.293676858939127983e-02,6.844595772061287664e-02,2.896821673212777656e-02,6.312417056528907278e-02,1.536749822383678132e-01,9.135511199882036248e-02,1.251089156691108373e-01,8.528264453947104196e-02,2.548291532058070616e-02,5.490690223729540603e-02,1.963833295352484729e-02,1.112615450609257504e-02,2.607273555945790328e-02,1.339160042359817220e-02,2.332470944650732667e-02,8.297698360567835191e-03,8.150243300848536779e-03,1.845869247577045305e-02,1.260070510328556610e-02,2.000026810010857928e-02,1.459805091221061911e-02,2.008069813268274426e-02,8.096623279132427950e-03,3.632756471266370985e-03,1.285540020643708391e-02,2.832477647153447062e-02,2.344535449536857066e-02,1.277497017386292066e-02,4.260110725344843502e-02,5.702489309508170651e-02,6.407592595075001229e-02,1.290902022815319274e-02,5.553693749245968564e-02,4.600597863242134739e-02,5.615356774219493891e-02,4.324454751404174097e-02,7.876781190096382446e-02,2.508076515770988821e-02,2.467861499483907373e-02,2.120671858872102966e-02,1.481253099907505442e-02,2.319065939221705286e-02,3.111301760077212972e-02,5.193099103205137124e-02,2.571080041287416781e-02,8.308422364911058344e-02,8.890199600530837576e-02,1.971876298609900879e-02,5.686403302993337655e-02,1.669459376131047224e-01,8.537647957747422633e-02,1.111677100229225557e-01,8.974651134733709068e-02,2.020134318154398825e-02,5.978632421346130599e-02
1.663561173742275287e-02,2.596549551602568562e-02,1.832464242148017924e-02,9.236048740599739695e-03,4.194426198742610273e-02,5.437070202013431774e-02,6.194453008753468548e-02,8.217268327993673682e-03,5.721256317108808220e-02,4.353945763348034126e-02,4.292282738374508799e-02,3.197093794822986751e-02,8.687784018552527354e-02,1.906191772007667651e-02,2.148822370273060015e-02,1.895467767664445885e-02,1.686349682971621453e-02,2.560356036944195016e-02,0.000000000000000000e+00,5.910266893658092102e-02,2.174291880588211795e-02,8.131476293247898168e-02,6.718588721028431743e-02,2.887438169412458525e-02,6.151556991380581485e-02,1.503103258756819660e-01,8.927733615732114103e-02,1.221464094692958358e-01,8.328529873054599242e-02,2.473223501655518256e-02,5.387471681926030848e-02,1.919596777436695031e-02,1.099210445180230297e-02,2.576442043459027664e-02,1.312350031501762805e-02,2.312363436507191769e-02,8.163648306277564853e-03,8.029598251987292781e-03,1.811016233461574393e-02,1.246665504899529403e-02,1.958471293180873846e-02,1.432995080363007497e-02,1.973216799152803513e-02,7.882143192267992635e-03,3.592541454979289364e-03,1.294923524444027349e-02,2.750707114036381185e-02,2.305660933792678252e-02,1.249346505985334845e-02,4.178340192227777972e-02,5.595249266075952993e-02,6.270861539698924236e-02,1.268113513585972935e-02,5.506776230244372905e-02,4.509443826324749383e-02,5.498733226986957101e-02,4.268153728602260000e-02,7.725304628748375091e-02,2.457137495140685607e-02,2.447753991340366475e-02,2.072413839327605020e-02,1.447740586334937511e-02,2.296277429992359120e-02,3.025509725331438846e-02,5.099264065201946500e-02,2.557675035858389401e-02,8.118071287818871828e-02,8.718615531039290711e-02,1.971876298609900879e-02,5.627421279105618290e-02,1.639968364187187611e-01,8.429067413772302342e-02,1.089558841271330708e-01,8.815131570128285909e-02,1.954449791552165597e-02,5.805707851311679712e-02
3.879408571160471164e-02,6.182388503867344148e-02,4.241343717744205932e-02,2.160886875159184414e-02,9.831230981648547695e-02,1.287550771458062515e-01,1.451896138017935989e-01,1.923618279065402933e-02,1.340500542902719749e-01,1.008860708588587007e-01,1.002024155819783158e-01,7.496079035912009414e-02,2.038097025429295162e-01,4.461185806780251784e-02,5.124733575517097933e-02,4.485314816552500583e-02,3.882089572246276432e-02,5.990696926232254999e-02,5.910266893658092102e-02,0.000000000000000000e+00,5.063070550543573300e-02,1.920535127816726806e-01,1.570932586227697381e-01,6.758803737315513538e-02,1.449617287095001372e-01,3.540932184077534295e-01,2.107132803388785391e-01,2.854998056274212770e-01,1.963163045081033342e-01,5.776216839367819683e-02,1.257657609351331696e-01,4.469228810037668281e-02,2.545610530972265001e-02,6.072467459349321223e-02,3.092534752476574708e-02,5.355299668896366244e-02,1.895467767664445885e-02,1.863295754634780588e-02,4.155551682998431806e-02,2.931674687328248222e-02,4.616683869756967040e-02,3.347229855628091472e-02,4.563063848040858211e-02,1.827102239976407042e-02,8.471963431145189752e-03,3.030871727503049728e-02,6.584538666738160018e-02,5.453156208528264770e-02,2.907545677555999422e-02,9.674392418128929805e-02,1.309132830198796171e-01,1.452298288180806640e-01,2.924972184613734705e-02,1.288891272000965149e-01,1.049880025201410244e-01,1.284199520100805514e-01,9.973324039196235224e-02,1.788227724232228366e-01,5.691765305164948885e-02,5.801686349682971811e-02,4.872719473451386785e-02,3.343208353999383570e-02,5.349937666724755014e-02,7.164975401815038003e-02,1.214761591978444771e-01,5.971929918631616735e-02,1.935682783951527541e-01,2.052038231075483665e-01,4.614002868671161772e-02,1.314628882424697387e-01,3.867344066274346903e-01,1.990375206101958339e-01,2.544806230646523559e-01,2.076167240847732465e-01,4.627407874100188806e-02,1.369053204466547935e-01
1.486615102079116325e-02,2.256062413705277672e-02,1.571066636281987644e-02,8.297698360567835191e-03,3.698440997868604474e-02,4.807034946849153556e-02,5.447794206356653540e-02,7.439778013110095664e-03,4.920977492995884384e-02,3.781552031528572638e-02,3.762785023927934375e-02,2.857947157468598842e-02,7.709218622233542095e-02,1.675625678628399687e-02,1.924958779608305914e-02,1.647475167227442638e-02,1.445059585249132070e-02,2.189037386560141463e-02,2.174291880588211795e-02,5.063070550543573300e-02,0.000000000000000000e+00,7.029584846981863644e-02,5.912947894743897370e-02,2.593868550516762947e-02,5.359321170525074146e-02,1.335138540731108936e-01,7.758817142320942328e-02,1.069853483290660739e-01,7.227978927331465964e-02,2.155524872987573531e-02,4.734647917532406464e-02,1.711819193286773233e-02,9.852678990334991227e-03,2.302979932706872637e-02,1.189023981554712499e-02,1.973216799152803513e-02,7.211892920816633142e-03,7.051032855668306655e-03,1.591174144425528542e-02,1.121998954409576463e-02,1.761417713374173813e-02,1.297604525529832790e-02,1.667582675370983536e-02,7.010817839381225033e-03,3.083151248676255923e-03,1.128701457124090153e-02,2.412900977224895910e-02,2.008069813268274426e-02,1.103231946808938373e-02,3.685035992439576746e-02,4.839206959878818853e-02,5.475944717757610936e-02,1.095188943551522222e-02,4.756095926218849995e-02,3.942412096676899125e-02,4.807034946849153556e-02,3.829810051073070931e-02,6.772208742744541266e-02,2.084478344213729420e-02,2.194399388731752346e-02,1.777503719889006462e-02,1.258730009785653976e-02,2.009410313811177060e-02,2.639445568975455278e-02,4.388798777463504691e-02,2.260083915333985574e-02,7.001434335580905555e-02,7.587233072829394076e-02,1.709138192200967965e-02,4.939744500596522647e-02,1.450555637475033077e-01,7.248086435475006861e-02,9.517553854609310526e-02,7.593935575543908634e-02,1.674285178085497053e-02,5.091221061944530002e-02
