0.000000000000000000e+00,1.682703627544853905e-02,1.326384855667352147e-02,6.529894674054656338e-03,2.929034486006247204e-02,3.578884580972263585e-02,4.013687663835999175e-02,5.980504497151019339e-03,4.643131837945594503e-02,2.842701743921390023e-02,3.275935140565400944e-02,2.298020625676927206e-02,5.697960977600577404e-02,1.462947556783398932e-02,1.208658389188001399e-02,1.185113095892131180e-02,9.684963975701257194e-03,1.715667038159071969e-02,1.955829029776947475e-02,3.393661607044751866e-02,1.748630448773290380e-02,5.368326871458395377e-02,4.313497731803412477e-02,1.987222754171441216e-02,4.743591756007974058e-02,9.653570251306763106e-02,5.845511482254697050e-02,8.065047796945390424e-02,5.683833801623055376e-02,1.315397052129279286e-02,3.924215549311692308e-02,1.244761172241668976e-02,1.178834351013232501e-02,1.880484091230162982e-02,1.094071295148099816e-02,1.721945783037970648e-02,7.110678575352786732e-03,3.845731238325458563e-03,1.185113095892131180e-02,1.043841336116910212e-02,1.271445837976988361e-02,1.029714160139388185e-02,1.277724582855887039e-02,4.206759068862134764e-03,2.841132057701665613e-03,9.041392625614139145e-03,1.891471894768235670e-02,2.053149575399877691e-02,9.308239282967334730e-03,2.919616368687899186e-02,3.613417677806206318e-02,4.545811292322664982e-02,6.561288398449149732e-03,4.892711946881818375e-02,2.764217432935156191e-02,3.943051783948389039e-02,2.549170420832875400e-02,6.150030608881284361e-02,1.954259343557222806e-02,1.500620026056791179e-02,1.856938797934292937e-02,1.094071295148099816e-02,1.969956205754469850e-02,2.130064200166386854e-02,3.147220870547977334e-02,2.257208783964085447e-02,5.500180513915268327e-02,5.873765834209741798e-02,1.238482427362770123e-02,4.120426326777277409e-02,1.113535404272685825e-01,5.875335520429466468e-02,7.904939802533474114e-02,5.200370445947855025e-02,1.048550394776084221e-02,3.721726026967209222e-02
1.682703627544853905e-02,0.000000000000000000e+00,2.067276751377399718e-02,1.039132277457736203e-02,4.658828700142841200e-02,5.710518467358374761e-02,6.434143814651450966e-02,9.512298491531543526e-03,7.394791781122952989e-02,4.494011647071750187e-02,5.162697976674462952e-02,3.550630229017219530e-02,9.039822939394415169e-02,2.324705291412246591e-02,1.900890012086584036e-02,1.880484091230162982e-02,1.539862181549908095e-02,2.710848101464517074e-02,3.032633776508076098e-02,5.398150909633164102e-02,2.742241825859010815e-02,8.529674917983895432e-02,6.784183841650054392e-02,3.064027500902569492e-02,7.534493854678449287e-02,1.515375076522203213e-01,9.265857755034768994e-02,1.279765174941529249e-01,9.044531998053588484e-02,2.093961417112719103e-02,6.106079394728993609e-02,1.971525891974194519e-02,1.822405701100350203e-02,2.910198251369551167e-02,1.721945783037970648e-02,2.746950884518184824e-02,1.136452823080666245e-02,5.949110772756525944e-03,1.900890012086584036e-02,1.648170530710910825e-02,1.995071185270064565e-02,1.602649630338895403e-02,2.068846437597124388e-02,6.875225642394085408e-03,4.457908864018082784e-03,1.395451049335237961e-02,2.980834131257161651e-02,3.213147691776414155e-02,1.473935360321471794e-02,4.630574348187797146e-02,5.718366898456998110e-02,7.242532217809659334e-02,1.045411022336634882e-02,7.666347497135322930e-02,4.412387963646067363e-02,6.253629899383113255e-02,3.950900215047012387e-02,9.736763620952171294e-02,3.136233067009904646e-02,2.351389957147566323e-02,2.952579779302117596e-02,1.734503272795768006e-02,3.133093694570455306e-02,3.373255686188331159e-02,4.974335630307501199e-02,3.544351484138320851e-02,8.730594754108653155e-02,9.316087714065958425e-02,1.900890012086584036e-02,6.583264005525295282e-02,1.754595256408243986e-01,9.232894344420550237e-02,1.263597406878365081e-01,8.229864850016481437e-02,1.679564255105404566e-02,5.908298931043684532e-02
1.326384855667352147e-02,2.067276751377399718e-02,0.000000000000000000e+00,7.974005996201358540e-03,3.593011756949785612e-02,4.450060432919459436e-02,4.922535985056587099e-02,7.346131508311488922e-03,5.785863405905159601e-02,3.415637214120897241e-02,3.991712056759853799e-02,2.739102453419561475e-02,6.966267443138116078e-02,1.784733231826957783e-02,1.472365674101747124e-02,1.445681008366427565e-02,1.186682782111855849e-02,2.123785455287488175e-02,2.393771485080132405e-02,4.214607499960757592e-02,2.106518906870516461e-02,6.627215219677586033e-02,5.325945343525829295e-02,2.448710502770496192e-02,5.815687444079928325e-02,1.180404037232957171e-01,7.203290062316543285e-02,9.840362911454000883e-02,7.062018302541321624e-02,1.591661826800822369e-02,4.789112656379989480e-02,1.483353477639819812e-02,1.436262891048079547e-02,2.293311567017753197e-02,1.318536424568728625e-02,2.114367337969139810e-02,8.617577346288476589e-03,4.677664934779537410e-03,1.442541635926978226e-02,1.291851758833409240e-02,1.563407474845778314e-02,1.255748975779741664e-02,1.582243709482474350e-02,5.101480214105199966e-03,3.516097132183276623e-03,1.112907529784796026e-02,2.309008429214999894e-02,2.528764499976454694e-02,1.134883136860941576e-02,3.544351484138320851e-02,4.483023843533677499e-02,5.520586434771689033e-02,8.256549515751800822e-03,6.022886025083586115e-02,3.329304472036039714e-02,4.781264225281366131e-02,3.054609383584221474e-02,7.487403268086709196e-02,2.409468347277379102e-02,1.853799425494843597e-02,2.282323763479680509e-02,1.312257679689829946e-02,2.434583326792974164e-02,2.613527555841587205e-02,3.877124962719952217e-02,2.728114649881488787e-02,6.826565369582619780e-02,7.262938138666080734e-02,1.519456260693487389e-02,5.092062096786852121e-02,1.368766383599918368e-01,7.225265669392688661e-02,9.754030169369143355e-02,6.363507934763840135e-02,1.290282072613684571e-02,4.600750310013028421e-02
6.529894674054656338e-03,1.039132277457736203e-02,7.974005996201358540e-03,0.000000000000000000e+00,1.838102563297596900e-02,2.199130393834272668e-02,2.539752303514527382e-02,3.767246927339225077e-03,2.861537978558086406e-02,1.792581662925581132e-02,2.015477106126485271e-02,1.418996342631108007e-02,3.561618032555292218e-02,9.371026731756321518e-03,7.518796992481202590e-03,7.267647197325254570e-03,6.121776256926240480e-03,1.045411022336634882e-02,1.188252468331580519e-02,2.109658279309965800e-02,1.079944119170577789e-02,3.315177296058517686e-02,2.652769711334704295e-02,1.213367447847175408e-02,2.914907310028725176e-02,5.873765834209741798e-02,3.591442070730060943e-02,5.022995903118966654e-02,3.498830583766305430e-02,8.178065204765567336e-03,2.390632112640683066e-02,7.911218547412371752e-03,7.346131508311488922e-03,1.159998116376536291e-02,6.843831917999592014e-03,1.103489412466448008e-02,4.552090037201563834e-03,2.401619916178755927e-03,7.581584441270190246e-03,6.639772709435384085e-03,7.974005996201358540e-03,6.357229189884941803e-03,8.225155791357307428e-03,2.778344608912678391e-03,1.726654841697144701e-03,5.525295493430863389e-03,1.175694978573783162e-02,1.244761172241668976e-02,5.933413910559279247e-03,1.845950994396220249e-02,2.214827256031519365e-02,2.864677350997535746e-02,4.143971620073147108e-03,2.983973503696610990e-02,1.765896997190261747e-02,2.476964854725540247e-02,1.580674023262749681e-02,3.826895003688762786e-02,1.236912741143045454e-02,9.166967523192114456e-03,1.134883136860941576e-02,6.781044469210605226e-03,1.214937134066900078e-02,1.320106110788453468e-02,1.946410912458599457e-02,1.397020735554962631e-02,3.399940351923650544e-02,3.652659833299323755e-02,7.581584441270190246e-03,2.549170420832875400e-02,6.867377211295462580e-02,3.602429874268133630e-02,4.963347826769428511e-02,3.199020515798892128e-02,6.529894674054656338e-03,2.296450939457202536e-02
2.929034486006247204e-02,4.658828700142841200e-02,3.593011756949785612e-02,1.838102563297596900e-02,0.000000000000000000e+00,9.878035380727392956e-02,1.123581396078923850e-01,1.652879589370084834e-02,1.277567614233914572e-01,7.926915409609619489e-02,8.973896118165979041e-02,6.285023623777606649e-02,1.585383081921923898e-01,4.109438523239204721e-02,3.337152903134663062e-02,3.224135495314486843e-02,2.707708729025067734e-02,4.669816503680913888e-02,5.321236284866655286e-02,9.366317673097147856e-02,4.815797322115308865e-02,1.474877172053306595e-01,1.182444629318599172e-01,5.399720595852888771e-02,1.302996530993454360e-01,2.630323198392641171e-01,1.607201720376096876e-01,2.235076208265967534e-01,1.560111133784356507e-01,3.652659833299323755e-02,1.065346037327138257e-01,3.497260897546580760e-02,3.250820161049806228e-02,5.140722369598317576e-02,3.054609383584221474e-02,4.877015084684571677e-02,2.012337733687035932e-02,1.067386629412780431e-02,3.340292275574112402e-02,2.910198251369551167e-02,3.542781797918596182e-02,2.842701743921390023e-02,3.640102343541525703e-02,1.211797761627450738e-02,7.769946787637151478e-03,2.467546737407192228e-02,5.211358249485927713e-02,5.575525452462053166e-02,2.593121634985166499e-02,8.159228970128870606e-02,9.958089377933351805e-02,1.272073712464878159e-01,1.831823818418698221e-02,1.332663600546250826e-01,7.813898001789441883e-02,1.097995510697411525e-01,7.016497402169306896e-02,1.699970175961825203e-01,5.503319886354717666e-02,4.104729464580030712e-02,5.101480214105200139e-02,3.002809738333307027e-02,5.427974947807933520e-02,5.889462696406988496e-02,8.628565149826550318e-02,6.231654292306967879e-02,1.514904170656285742e-01,1.619288304267976764e-01,3.359128510210809132e-02,1.143516411069427224e-01,3.060731159841147964e-01,1.602649630338895126e-01,2.206507919066978407e-01,1.429199303059318360e-01,2.903919506490652488e-02,1.025946913212048978e-01
3.578884580972263585e-02,5.710518467358374761e-02,4.450060432919459436e-02,2.199130393834272668e-02,9.878035380727392956e-02,0.000000000000000000e+00,1.364999136672579161e-01,2.039022399422355317e-02,1.574552247005823469e-01,9.512298491531542832e-02,1.090304048220760713e-01,7.515657620041753251e-02,1.917999591881582866e-01,4.936663161034109126e-02,4.045081388230492569e-02,3.991712056759853799e-02,3.291632002762647641e-02,5.804699640541855638e-02,6.490652518561539075e-02,1.149010312838463638e-01,5.847081168474421720e-02,1.812830615160029579e-01,1.451802784623353881e-01,6.555009653570251227e-02,1.596998759947886315e-01,3.227902742241826051e-01,1.968700456778690044e-01,2.715557160123691083e-01,1.920354121211169940e-01,4.439072629381386748e-02,1.307705589652628508e-01,4.200480323983235564e-02,3.922645863091967638e-02,6.244211782064765237e-02,3.668356695496570452e-02,5.861208344451943747e-02,2.392201798860407735e-02,1.269876151757263691e-02,3.980724253221781112e-02,3.539642425479146842e-02,4.263267772772223047e-02,3.421915958999795920e-02,4.382563925471297944e-02,1.431553832388905538e-02,9.606479664715023709e-03,3.004379424553031697e-02,6.338392955248245419e-02,6.842262231779867865e-02,3.128384635911281297e-02,9.823096363037028822e-02,1.229378247288367004e-01,1.533740405292982056e-01,2.246220980426012759e-02,1.641734817210039610e-01,9.290972734550363710e-02,1.327954541887076678e-01,8.313058219661889625e-02,2.067276751377399580e-01,6.658608944072079427e-02,5.016717158240067975e-02,6.288162996217055989e-02,3.644811402200700406e-02,6.666457375170703470e-02,7.159338848164252533e-02,1.059224261070212114e-01,7.503100130283955893e-02,1.865258134898833686e-01,1.987065785549468611e-01,4.056069191768565257e-02,1.398119515908769761e-01,3.731301112907529638e-01,1.965404115717268030e-01,2.689971274742178897e-01,1.762129750262922401e-01,3.564757404994741558e-02,1.259987128572998272e-01
4.013687663835999175e-02,6.434143814651450966e-02,4.922535985056587099e-02,2.539752303514527382e-02,1.123581396078923850e-01,1.364999136672579161e-01,0.000000000000000000e+00,2.301159998116376545e-02,1.760403095421225195e-01,1.088577393379063507e-01,1.235813960789238219e-01,8.631704522265999657e-02,2.180765065063493824e-01,5.679124742963881367e-02,4.570926271838259697e-02,4.446921060480010096e-02,3.720156340747484552e-02,6.445131618189524347e-02,7.288053118181675449e-02,1.282590610137033516e-01,6.650760512973456773e-02,2.032586685921484171e-01,1.630590045049994385e-01,7.402640212221577032e-02,1.793680443279388470e-01,3.616870987489601008e-01,2.217181785361106439e-01,3.073131680976972646e-01,2.146231968229550813e-01,4.999450609823096608e-02,1.459023341234087223e-01,4.842481987850628944e-02,4.435933256941937408e-02,6.994521795093161520e-02,4.165947227149292831e-02,6.694711727125747525e-02,2.776774922692953548e-02,1.453529439465050914e-02,4.665107445021739879e-02,4.013687663835999175e-02,4.842481987850628944e-02,3.902239942235546932e-02,4.988462806285023921e-02,1.699970175961825272e-02,1.075235060511403780e-02,3.359128510210809132e-02,7.151490417065628491e-02,7.653790007377525573e-02,3.594581443169510282e-02,1.119814149151584642e-01,1.371905756039367708e-01,1.758833409201500664e-01,2.517776696438382006e-02,1.837003782943789632e-01,1.072566593937871876e-01,1.509096331643304534e-01,9.622176526912269712e-02,2.358296576514354870e-01,7.536063540898174651e-02,5.614767607955169909e-02,7.007079284850958878e-02,4.145541306292872125e-02,7.477985150768361178e-02,8.082314345362362484e-02,1.183857346916351444e-01,8.567347387257287505e-02,2.079677272513224540e-01,2.231465929960601002e-01,4.552090037201563660e-02,1.574395278383851071e-01,4.195614296702089296e-01,2.207135793554868275e-01,3.034517399971745633e-01,1.968857425400662442e-01,3.957178959925911066e-02,1.411461848776429662e-01
5.980504497151019339e-03,9.512298491531543526e-03,7.346131508311488922e-03,3.767246927339225077e-03,1.652879589370084834e-02,2.039022399422355317e-02,2.301159998116376545e-02,0.000000000000000000e+00,2.621375986940210553e-02,1.588522454361373029e-02,1.823975387320074873e-02,1.282433641515061222e-02,3.216287064215863495e-02,8.193762066962814034e-03,6.702560158224370873e-03,6.561288398449149732e-03,5.509598631233616692e-03,9.606479664715023709e-03,1.089362236488925807e-02,1.883623463669612322e-02,9.936113770857206082e-03,2.988682562355785000e-02,2.425165209474626146e-02,1.108198471125622017e-02,2.651200025114979625e-02,5.410708399390961459e-02,3.301050120080995659e-02,4.517556940367620233e-02,3.184893339821369407e-02,7.251950335128007873e-03,2.167736669439778927e-02,6.985103677774813155e-03,6.639772709435384085e-03,1.021865729040764836e-02,6.011898221545512733e-03,9.637873389109517103e-03,4.081184171284160320e-03,2.134773258825560776e-03,6.828135055802345317e-03,6.043291945940006994e-03,7.110678575352786732e-03,5.776445288586811409e-03,7.220556610733514478e-03,2.464407364967743149e-03,1.585383081921923776e-03,4.756149245765771763e-03,1.068956315632505101e-02,1.149010312838463603e-02,5.258448836077667804e-03,1.637182727172838137e-02,2.031173968323731968e-02,2.572715714128745793e-02,3.877124962719952390e-03,2.720266218782865439e-02,1.555559043747154965e-02,2.235233176887940071e-02,1.395451049335237961e-02,3.481564035349333369e-02,1.105059098686172678e-02,8.162368342568320639e-03,1.032853532578837524e-02,6.058988808137253691e-03,1.114477216004520696e-02,1.208658389188001399e-02,1.764327310970537077e-02,1.271445837976988361e-02,3.100130283956237243e-02,3.332443844475489053e-02,6.624075847238137388e-03,2.327844663851695931e-02,6.212818057670271843e-02,3.296341061421821650e-02,4.478314784874503490e-02,2.914907310028725176e-02,5.713657839797824621e-03,2.122215769067763505e-02
4.643131837945594503e-02,7.394791781122952989e-02,5.785863405905159601e-02,2.861537978558086406e-02,1.277567614233914572e-01,1.574552247005823469e-01,1.760403095421225195e-01,2.621375986940210553e-02,0.000000000000000000e+00,1.228907341422449673e-01,1.420095122984915414e-01,9.677115544602633845e-02,2.485912066177971003e-01,6.460828480386771044e-02,5.255309463638218465e-02,5.216067308145101722e-02,4.255419341673599698e-02,7.547051344436246645e-02,8.459039038096284602e-02,1.510509049241056667e-01,7.503100130283955893e-02,2.361592917575776607e-01,1.888646459572731473e-01,8.524965859324720729e-02,2.074811245232077994e-01,4.175993218955530994e-01,2.569419373067323709e-01,3.531009151270660951e-01,2.513224606401180394e-01,5.779584661026260922e-02,1.695888991790541200e-01,5.369896557678120047e-02,5.054389627513460048e-02,8.087023404021535800e-02,4.705919286734581986e-02,7.639662831400002851e-02,3.096990911516787903e-02,1.649740216930635495e-02,5.137582997158868237e-02,4.591332192694680403e-02,5.509598631233616345e-02,4.413957649865792032e-02,5.713657839797824101e-02,1.847520680615944919e-02,1.255748975779741664e-02,3.921076176872242969e-02,8.215737674038960103e-02,8.959768942188456320e-02,4.051360133109391248e-02,1.267835559671621759e-01,1.592132732666740047e-01,1.974979201657588723e-01,2.927464799786522534e-02,2.141993815436294413e-01,1.205519016748552025e-01,1.716765818512879238e-01,1.079159276060715489e-01,2.677727722228326335e-01,8.648971070682970330e-02,6.529894674054656512e-02,8.146671480371073248e-02,4.748300814667148068e-02,8.663098246660493051e-02,9.338063321142103801e-02,1.386346869260834669e-01,9.667697427284285827e-02,2.428618519158020350e-01,2.581348988337231476e-01,5.299260677790509910e-02,1.814086364135809315e-01,4.841854113362738521e-01,2.564239408542232646e-01,3.498830583766305291e-01,2.282323763479680301e-01,4.683943679658436610e-02,1.634043354733388798e-01
2.842701743921390023e-02,4.494011647071750187e-02,3.415637214120897241e-02,1.792581662925581132e-02,7.926915409609619489e-02,9.512298491531542832e-02,1.088577393379063507e-01,1.588522454361373029e-02,1.228907341422449673e-01,0.000000000000000000e+00,8.692922284835261082e-02,6.107649080948718279e-02,1.530287095609587644e-01,4.084323543723609312e-02,3.258668592148429577e-02,3.177044908722746058e-02,2.630794104258558572e-02,4.531684116345142260e-02,5.129734566060244888e-02,9.247021520398072958e-02,4.660398386362565870e-02,1.447093725964179733e-01,1.132842544775299470e-01,5.201940132167579695e-02,1.270190089001208555e-01,2.553565542248104614e-01,1.546611832294724209e-01,2.183747468880970766e-01,1.517572637229817889e-01,3.627544853783728346e-02,1.037562591238011533e-01,3.357558823991084462e-02,3.120536204812657949e-02,4.990032492504748590e-02,2.932173858445696543e-02,4.801670146137786838e-02,1.944841226238874787e-02,1.026574787699938845e-02,3.180184281162195398e-02,2.814447391966345968e-02,3.415637214120897241e-02,2.701429984146169055e-02,3.552199915236944200e-02,1.172555606134333822e-02,7.518796992481202590e-03,2.423595523254901477e-02,5.032414020437314672e-02,5.362048126579496699e-02,2.531903872415904033e-02,7.915927606071546108e-02,9.422826377007235965e-02,1.227965529690614871e-01,1.780024173167783774e-02,1.289497229503822062e-01,7.645941576278901530e-02,1.057968512094432378e-01,6.817147252264271762e-02,1.641577848588067212e-01,5.371466243897844717e-02,3.983863625661230451e-02,4.971196257868051860e-02,2.929034486006247204e-02,5.260018522297392474e-02,5.660288508327185331e-02,8.485723703831604681e-02,6.054279749478079509e-02,1.467970552686518049e-01,1.563407474845778244e-01,3.263377650807603586e-02,1.111651780809016221e-01,2.973142668780510700e-01,1.555559043747155035e-01,2.148586497559137887e-01,1.388073524102531875e-01,2.885083271853956452e-02,9.896871615364088992e-02
3.275935140565400944e-02,5.162697976674462952e-02,3.991712056759853799e-02,2.015477106126485271e-02,8.973896118165979041e-02,1.090304048220760713e-01,1.235813960789238219e-01,1.823975387320074873e-02,1.420095122984915414e-01,8.692922284835261082e-02,0.000000000000000000e+00,6.898770935689955974e-02,1.733718429685905671e-01,4.528544743905692921e-02,3.701320106110788516e-02,3.651090147079599085e-02,2.982403817476886321e-02,5.245891346319870446e-02,5.898880813725336514e-02,1.048079488910166890e-01,5.291412246691886562e-02,1.648013562088938289e-01,1.308490432762490774e-01,6.024455711303310784e-02,1.454157313952940678e-01,2.936412011238953568e-01,1.777826612460169098e-01,2.469587329492834438e-01,1.747217731175537969e-01,4.051360133109391248e-02,1.185584001758048511e-01,3.779804417097022001e-02,3.545921170358045521e-02,5.664997566986359340e-02,3.310468237399343677e-02,5.327515029745553965e-02,2.183433531637025624e-02,1.158428430156811621e-02,3.591442070730060943e-02,3.167626791404398040e-02,3.847300924545183493e-02,3.065597187122294162e-02,4.019966408714897854e-02,1.298130503712307919e-02,8.570486759696736498e-03,2.756369001836532842e-02,5.790572464564333610e-02,6.219096802549170522e-02,2.828574567943867996e-02,8.955059883529283005e-02,1.100663977270943533e-01,1.387759586858587080e-01,2.039022399422355317e-02,1.482882571773902480e-01,8.482584331392155341e-02,1.207873546078138960e-01,7.631814400301380197e-02,1.863217542813191685e-01,6.079394728993674224e-02,4.570926271838259697e-02,5.705809408699200752e-02,3.301050120080995659e-02,6.030734456182209463e-02,6.520476556736308493e-02,9.647291506427864427e-02,6.868946897515186556e-02,1.692906587973064259e-01,1.793052568791498602e-01,3.737422889164455919e-02,1.271759775220933364e-01,3.397742791216035729e-01,1.789128353242186997e-01,2.440234197183983045e-01,1.593859387508436976e-01,3.268086709466777595e-02,1.138807352410253215e-01
2.298020625676927206e-02,3.550630229017219530e-02,2.739102453419561475e-02,1.418996342631108007e-02,6.285023623777606649e-02,7.515657620041753251e-02,8.631704522265999657e-02,1.282433641515061222e-02,9.677115544602633845e-02,6.107649080948718279e-02,6.898770935689955974e-02,0.000000000000000000e+00,1.210385044029698431e-01,3.183323653601644737e-02,2.564867283030122444e-02,2.483243599604438925e-02,2.073555496256298397e-02,3.566327091214466227e-02,4.093741661041958024e-02,7.167187279262875188e-02,3.717016968308035213e-02,1.132528607531354536e-01,9.049241056712763187e-02,4.213037813741032922e-02,1.004442212001820794e-01,2.039964211154190188e-01,1.216192883042679779e-01,1.717707630244714179e-01,1.188880342819470387e-01,2.809738333307171959e-02,8.242422339774278794e-02,2.643351594016356276e-02,2.503649520460859978e-02,4.004269546517651157e-02,2.327844663851695931e-02,3.745271320263079268e-02,1.536722809110458755e-02,8.099580893779333851e-03,2.536612931075078042e-02,2.260348156403534786e-02,2.720266218782865439e-02,2.167736669439778927e-02,2.770496177814054869e-02,9.261148696375594638e-03,5.933413910559279247e-03,1.933853422700802099e-02,3.987002998100679790e-02,4.288382752287817762e-02,2.004489302588412583e-02,6.274035820239534655e-02,7.424615819297722408e-02,9.735193934732447318e-02,1.418996342631108007e-02,1.011819737234526811e-01,5.982074183370744008e-02,8.386833471988949795e-02,5.473495848179948942e-02,1.297031723358500754e-01,4.209898441301583583e-02,3.128384635911281297e-02,3.881834021379126226e-02,2.296450939457202536e-02,4.125135385436451418e-02,4.487732902192851508e-02,6.639772709435383391e-02,4.831494184312556256e-02,1.150893936302133241e-01,1.238168490118825293e-01,2.640212221576906937e-02,8.685073853736638427e-02,2.359238388246189533e-01,1.229535215910339541e-01,1.685058156874440771e-01,1.093286452038237516e-01,2.241511921766838750e-02,7.846861412403660641e-02
5.697960977600577404e-02,9.039822939394415169e-02,6.966267443138116078e-02,3.561618032555292218e-02,1.585383081921923898e-01,1.917999591881582866e-01,2.180765065063493824e-01,3.216287064215863495e-02,2.485912066177971003e-01,1.530287095609587644e-01,1.733718429685905671e-01,1.210385044029698431e-01,0.000000000000000000e+00,8.005399720595852975e-02,6.451410363068423026e-02,6.261478330481737298e-02,5.234903542781797758e-02,9.118307250380648654e-02,1.030342034627278053e-01,1.825545073539799334e-01,9.305099910527885043e-02,2.873781531071938899e-01,2.295823064969312599e-01,1.042899524385075410e-01,2.523113629585445605e-01,5.098026904421806282e-01,3.125716169337749428e-01,4.336729087855337728e-01,3.038755552765002310e-01,7.116957320231685757e-02,2.073398527634325861e-01,6.741802313717487616e-02,6.288162996217055989e-02,9.956519691713626441e-02,5.875335520429466468e-02,9.462068532500353402e-02,3.884973393818575566e-02,2.045301144301254342e-02,6.476525342584017741e-02,5.655579449668011321e-02,6.842262231779867865e-02,5.487623024157470969e-02,7.063587988761046987e-02,2.356099015806740332e-02,1.519456260693487389e-02,4.798530773698337498e-02,1.008052490307187604e-01,1.083868334719889498e-01,5.062238058612083397e-02,1.576435870469493072e-01,1.931969799237132634e-01,2.462680710126045891e-01,3.556908973896118209e-02,2.594848289826863774e-01,1.503131524008350650e-01,2.118291553518451553e-01,1.352127709670836730e-01,3.310154300155399021e-01,1.064718162839248389e-01,7.958309134004112884e-02,9.912568477561335689e-02,5.836093364936349032e-02,1.057654574850487444e-01,1.137708572056445877e-01,1.677209725775817284e-01,1.196728773918093736e-01,2.945202254069411718e-01,3.147848745035867202e-01,6.476525342584017741e-02,2.223146592996060045e-01,5.928390914656159749e-01,3.119751361702795545e-01,4.280063415323276943e-01,2.773792518875476953e-01,5.650870391008837312e-02,1.994757248026119700e-01
1.462947556783398932e-02,2.324705291412246591e-02,1.784733231826957783e-02,9.371026731756321518e-03,4.109438523239204721e-02,4.936663161034109126e-02,5.679124742963881367e-02,8.193762066962814034e-03,6.460828480386771044e-02,4.084323543723609312e-02,4.528544743905692921e-02,3.183323653601644737e-02,8.005399720595852975e-02,0.000000000000000000e+00,1.699970175961825272e-02,1.634043354733388798e-02,1.392311676895788448e-02,2.360808074465914341e-02,2.682593749509473019e-02,4.806379204796960847e-02,2.411038033497103772e-02,7.479554836988086541e-02,5.920856420801481890e-02,2.706139042805343065e-02,6.559718712229425930e-02,1.309903150360242907e-01,8.138823049272450594e-02,1.140534007251950283e-01,7.895521685215126095e-02,1.904029384526033375e-02,5.435823378906556869e-02,1.780024173167783774e-02,1.660728020468708183e-02,2.619806300720485884e-02,1.558698416186604305e-02,2.495801089362236630e-02,1.029714160139388185e-02,5.493901769036369995e-03,1.698400489742100603e-02,1.466086929222848272e-02,1.801999780243929150e-02,1.433123518608630208e-02,1.867926601472365625e-02,6.200260567912473965e-03,3.971306135903432573e-03,1.258888348219191003e-02,2.655909083774153634e-02,2.787762726231026583e-02,1.326384855667352147e-02,4.132983816535074767e-02,4.988462806285023921e-02,6.401180404037233596e-02,9.276845558572841335e-03,6.733953882618864961e-02,4.012117977616274506e-02,5.548840786726733088e-02,3.593011756949785612e-02,8.616007660068751572e-02,2.795611157329649932e-02,2.084543299794371085e-02,2.596261007424615838e-02,1.527304691792110737e-02,2.734393394760387466e-02,2.958858524181016275e-02,4.409248591206618023e-02,3.134663380790179976e-02,7.688323104211468306e-02,8.152950225249971927e-02,1.710957979499897960e-02,5.778014974806536252e-02,1.539234307062018192e-01,8.112138383537130515e-02,1.115262059114383031e-01,7.220556610733513958e-02,1.473935360321471794e-02,5.129734566060244888e-02
1.208658389188001399e-02,1.900890012086584036e-02,1.472365674101747124e-02,7.518796992481202590e-03,3.337152903134663062e-02,4.045081388230492569e-02,4.570926271838259697e-02,6.702560158224370873e-03,5.255309463638218465e-02,3.258668592148429577e-02,3.701320106110788516e-02,2.564867283030122444e-02,6.451410363068423026e-02,1.699970175961825272e-02,0.000000000000000000e+00,1.348360462743497523e-02,1.112907529784796026e-02,1.929144364041628090e-02,2.202269766273722007e-02,3.905379314674996272e-02,1.973095578193919189e-02,6.058988808137253518e-02,4.831494184312556256e-02,2.246220980426012759e-02,5.385593419875366744e-02,1.090147079598788177e-01,6.589542750404193960e-02,9.165397836972388745e-02,6.435713500871176329e-02,1.527304691792110737e-02,4.432793884502488069e-02,1.414287283971933998e-02,1.337372659205424835e-02,2.156748865901706239e-02,1.254179289560016994e-02,1.995071185270064565e-02,8.052490307187593760e-03,4.363727690834601734e-03,1.348360462743497523e-02,1.166276861255434970e-02,1.447250694586152235e-02,1.149010312838463603e-02,1.484923163859544482e-02,4.881724143343745340e-03,3.217856750435588078e-03,1.056398825874707570e-02,2.134773258825560863e-02,2.298020625676927206e-02,1.064247256973331092e-02,3.340292275574112402e-02,4.082753857503884642e-02,5.147001114477216255e-02,7.565887579072943549e-03,5.481344279278572290e-02,3.199020515798892128e-02,4.475175412435054151e-02,2.943161661983769578e-02,6.898770935689955974e-02,2.258778470183810116e-02,1.726654841697144657e-02,2.097100789552168443e-02,1.230633996264146775e-02,2.221106000910418043e-02,2.414177405936553111e-02,3.572605836093364906e-02,2.557018851931498749e-02,6.222236174988619861e-02,6.631924278336760736e-02,1.426844773729731355e-02,4.704349600514857316e-02,1.275213084904327498e-01,6.622506161018412718e-02,9.061798546470560545e-02,5.911438303483133871e-02,1.207088702968276556e-02,4.202050010202960234e-02
1.185113095892131180e-02,1.880484091230162982e-02,1.445681008366427565e-02,7.267647197325254570e-03,3.224135495314486843e-02,3.991712056759853799e-02,4.446921060480010096e-02,6.561288398449149732e-03,5.216067308145101722e-02,3.177044908722746058e-02,3.651090147079599085e-02,2.483243599604438925e-02,6.261478330481737298e-02,1.634043354733388798e-02,1.348360462743497523e-02,0.000000000000000000e+00,1.090931922708650477e-02,1.918156560503555402e-02,2.164597297000329587e-02,3.894391511136923584e-02,1.900890012086584036e-02,6.030734456182209463e-02,4.740452383568524719e-02,2.169306355659503596e-02,5.335363460844177314e-02,1.066444817680945595e-01,6.536173418933555190e-02,9.020986704757719132e-02,6.437283187090900305e-02,1.506898770935690031e-02,4.294661497166716441e-02,1.357778580061845715e-02,1.262027720658640342e-02,2.028034595884282629e-02,1.181973723452681840e-02,1.916586874283830733e-02,7.754249925439904781e-03,4.191062206664888067e-03,1.313827365909554616e-02,1.125465019542593384e-02,1.370336069819643073e-02,1.097210667587549329e-02,1.470795987882022454e-02,4.614877485990550622e-03,3.139372439449354159e-03,9.889023184265465991e-03,2.101809848211342452e-02,2.271335959941607821e-02,1.017156670381590654e-02,3.225705181534211513e-02,3.963457704804809745e-02,4.996311237383647269e-02,7.408918957100475711e-03,5.368326871458395377e-02,3.078154676880091520e-02,4.370006435713500587e-02,2.761078060495706851e-02,6.762208234573909016e-02,2.225815059569592053e-02,1.665437079127882192e-02,2.103379534431067122e-02,1.202379644309102547e-02,2.188142590296199633e-02,2.387492740201233726e-02,3.538072739259422173e-02,2.492661716922787291e-02,6.187703078154677128e-02,6.511058439417960475e-02,1.335802972985700166e-02,4.650980269044217852e-02,1.231418839374009144e-01,6.520476556736308493e-02,8.846751534368280101e-02,5.810978385420754316e-02,1.203949330528827216e-02,4.118856640557552740e-02
9.684963975701257194e-03,1.539862181549908095e-02,1.186682782111855849e-02,6.121776256926240480e-03,2.707708729025067734e-02,3.291632002762647641e-02,3.720156340747484552e-02,5.509598631233616692e-03,4.255419341673599698e-02,2.630794104258558572e-02,2.982403817476886321e-02,2.073555496256298397e-02,5.234903542781797758e-02,1.392311676895788448e-02,1.112907529784796026e-02,1.090931922708650477e-02,0.000000000000000000e+00,1.564977161065502984e-02,1.758048566091638398e-02,3.172335850063572049e-02,1.588522454361373029e-02,4.960208454329979172e-02,3.921076176872242969e-02,1.778454486948059105e-02,4.349600514857079880e-02,8.724316009229754476e-02,5.341642205723075992e-02,7.466997347230289184e-02,5.234903542781797758e-02,1.243191486021944132e-02,3.567896777434190897e-02,1.142731567959564924e-02,1.073665374291679110e-02,1.707818607060448621e-02,1.001459808184343957e-02,1.637182727172838137e-02,6.639772709435384085e-03,3.516097132183276623e-03,1.078374432950853119e-02,9.653570251306763800e-03,1.169416233694884309e-02,9.229754971981101244e-03,1.210228075407726069e-02,3.939912411508939179e-03,2.589982262545717159e-03,8.319336964540787610e-03,1.729794214136593997e-02,1.853799425494843597e-02,8.586183621893983195e-03,2.699860297926444386e-02,3.288492630323198301e-02,4.173795658247916179e-02,6.121776256926240480e-03,4.459478550237807454e-02,2.589982262545717159e-02,3.629114540003453016e-02,2.301159998116376545e-02,5.622616039053793258e-02,1.842811621956770909e-02,1.367196697380193733e-02,1.714097351939347300e-02,9.951810633054452779e-03,1.808278525122827829e-02,1.944841226238874787e-02,2.916476996248449846e-02,2.045301144301254342e-02,5.071656175930431415e-02,5.407569026951512120e-02,1.109768157345346687e-02,3.815907200150690098e-02,1.019197262467232828e-01,5.377744988776743396e-02,7.374385860266532977e-02,4.800100459918062168e-02,9.857629459870972596e-03,3.415637214120897241e-02
1.715667038159071969e-02,2.710848101464517074e-02,2.123785455287488175e-02,1.045411022336634882e-02,4.669816503680913888e-02,5.804699640541855638e-02,6.445131618189524347e-02,9.606479664715023709e-03,7.547051344436246645e-02,4.531684116345142260e-02,5.245891346319870446e-02,3.566327091214466227e-02,9.118307250380648654e-02,2.360808074465914341e-02,1.929144364041628090e-02,1.918156560503555402e-02,1.564977161065502984e-02,0.000000000000000000e+00,3.109548401274585261e-02,5.561398276484530445e-02,2.762647746715431521e-02,8.670946677759115706e-02,6.908189053008303993e-02,3.136233067009904646e-02,7.609838793225234821e-02,1.533426468049036984e-01,9.435383866765033323e-02,1.293421445053133945e-01,9.229754971981100897e-02,2.137912631265010202e-02,6.234793664746417219e-02,1.965247147095295494e-02,1.852229739275118928e-02,2.947870720642943587e-02,1.714097351939347300e-02,2.781483981352127557e-02,1.127034705762318054e-02,6.058988808137253691e-03,1.894611267207685357e-02,1.677994568885679896e-02,2.021755851005383950e-02,1.621485864975591440e-02,2.087682672233820425e-02,6.733953882618864267e-03,4.599180623793303925e-03,1.434693204828354877e-02,3.024785345409452750e-02,3.299480433861270989e-02,1.481783791420095142e-02,4.639992465506145164e-02,5.798420895662956959e-02,7.242532217809659334e-02,1.076804746731128450e-02,7.812328315569717907e-02,4.418666708524966041e-02,6.300720485974853347e-02,3.980724253221781112e-02,9.841932597673724858e-02,3.177044908722746058e-02,2.392201798860407735e-02,3.004379424553031697e-02,1.734503272795768006e-02,3.175475222503021389e-02,3.431334076318143939e-02,5.079504607029054764e-02,3.567896777434190897e-02,8.892272434740294829e-02,9.479335080917324075e-02,1.935423108920526769e-02,6.677445178708775464e-02,1.777041769350306832e-01,9.421256690787511989e-02,1.280079112185474044e-01,8.386833471988949795e-02,1.706248920840723951e-02,6.002480104227164714e-02
1.955829029776947475e-02,3.032633776508076098e-02,2.393771485080132405e-02,1.188252468331580519e-02,5.321236284866655286e-02,6.490652518561539075e-02,7.288053118181675449e-02,1.089362236488925807e-02,8.459039038096284602e-02,5.129734566060244888e-02,5.898880813725336514e-02,4.093741661041958024e-02,1.030342034627278053e-01,2.682593749509473019e-02,2.202269766273722007e-02,2.164597297000329587e-02,1.758048566091638398e-02,3.109548401274585261e-02,0.000000000000000000e+00,6.250490526943663916e-02,3.136233067009904646e-02,9.769727031566390052e-02,7.828025177766964604e-02,3.619696422685104997e-02,8.616007660068751572e-02,1.746903793931593174e-01,1.057340637606542511e-01,1.460906964697756827e-01,1.035992905018286864e-01,2.398480543739306414e-02,7.105969516693612376e-02,2.230524118228766062e-02,2.114367337969139810e-02,3.412497841681447902e-02,1.971525891974194519e-02,3.166057105184673370e-02,1.287142700174235231e-02,6.922316228985825499e-03,2.117506710408589496e-02,1.891471894768235670e-02,2.294881253237477867e-02,1.831823818418698221e-02,2.352959643367290993e-02,7.550190716875696852e-03,5.148570800696940925e-03,1.665437079127882192e-02,3.418776586560346581e-02,3.724865399406658562e-02,1.679564255105404566e-02,5.310248481328582598e-02,6.580124633085845942e-02,8.206319556720612085e-02,1.225924937604972766e-02,8.881284631202222835e-02,4.994741551163922599e-02,7.113817947792236418e-02,4.567786899398810357e-02,1.109611188723374220e-01,3.582023953411712924e-02,2.728114649881488787e-02,3.377964744847505169e-02,1.955829029776947475e-02,3.577314894752538915e-02,3.867706845401604199e-02,5.743481877972593519e-02,4.070196367746087285e-02,1.002558588538151191e-01,1.068642378388560132e-01,2.261917842623259456e-02,7.510948561382579935e-02,2.024110380334971093e-01,1.066758754924890529e-01,1.447093725964179733e-01,9.465207904939802741e-02,1.944841226238874787e-02,6.770056665672531671e-02
3.393661607044751866e-02,5.398150909633164102e-02,4.214607499960757592e-02,2.109658279309965800e-02,9.366317673097147856e-02,1.149010312838463638e-01,1.282590610137033516e-01,1.883623463669612322e-02,1.510509049241056667e-01,9.247021520398072958e-02,1.048079488910166890e-01,7.167187279262875188e-02,1.825545073539799334e-01,4.806379204796960847e-02,3.905379314674996272e-02,3.894391511136923584e-02,3.172335850063572049e-02,5.561398276484530445e-02,6.250490526943663916e-02,0.000000000000000000e+00,5.449950554884078896e-02,1.746275919443703306e-01,1.373946348125009709e-01,6.272466134019809292e-02,1.528874378011835511e-01,3.057120881535780876e-01,1.889902208548511209e-01,2.620905081074293430e-01,1.858822421397962610e-01,4.363727690834601908e-02,1.256690787511576535e-01,3.958748646145635736e-02,3.729574458065832571e-02,6.038582887280832812e-02,3.489412466447956718e-02,5.672845998084982688e-02,2.279184391040231170e-02,1.224355251385248096e-02,3.729574458065832571e-02,3.312037923619068347e-02,4.059208564208014597e-02,3.203729574458066137e-02,4.264837458991947716e-02,1.356208893842121045e-02,9.261148696375594638e-03,2.921186054907623855e-02,6.090382532531746912e-02,6.572276201987223287e-02,2.988682562355785000e-02,9.356899555778799837e-02,1.158114492912866722e-01,1.444739196634592659e-01,2.161457924560880248e-02,1.575651027359630807e-01,9.006859528780196411e-02,1.263911344122309877e-01,8.021096582793099672e-02,1.959753245326259219e-01,6.416877266234480293e-02,4.840912301630904274e-02,6.069976611675326206e-02,3.490982152667681387e-02,6.346241386346869462e-02,6.878365014833534574e-02,1.033795344310672326e-01,7.116957320231685757e-02,1.792581662925581132e-01,1.890059177170483606e-01,3.960318332365360405e-02,1.340041125778956843e-01,3.571977961605475316e-01,1.896651859293327358e-01,2.577110835543974798e-01,1.684430282386550903e-01,3.506679014864928778e-02,1.190606997661167593e-01
1.748630448773290380e-02,2.742241825859010815e-02,2.106518906870516461e-02,1.079944119170577789e-02,4.815797322115308865e-02,5.847081168474421720e-02,6.650760512973456773e-02,9.936113770857206082e-03,7.503100130283955893e-02,4.660398386362565870e-02,5.291412246691886562e-02,3.717016968308035213e-02,9.305099910527885043e-02,2.411038033497103772e-02,1.973095578193919189e-02,1.900890012086584036e-02,1.588522454361373029e-02,2.762647746715431521e-02,3.136233067009904646e-02,5.449950554884078896e-02,0.000000000000000000e+00,8.642692325804071651e-02,7.003939912411509539e-02,3.213147691776414155e-02,7.680474673112844264e-02,1.567331690395090127e-01,9.438523239204482662e-02,1.311629805201940113e-01,9.138713171237070054e-02,2.136342945045285532e-02,6.305429544634028050e-02,2.062567692718225709e-02,1.943271540019150118e-02,3.021645972970003410e-02,1.784733231826957783e-02,2.831713940383317335e-02,1.186682782111855849e-02,6.200260567912473965e-03,1.973095578193919189e-02,1.718806410598521309e-02,2.078264554915472406e-02,1.682703627544853905e-02,2.101809848211342452e-02,7.173466024141774387e-03,4.520696312807069572e-03,1.459808184343949593e-02,3.090712166637889224e-02,3.269656395686502265e-02,1.541431867769632764e-02,4.811088263456134856e-02,5.854929599573045068e-02,7.534493854678449287e-02,1.097210667587549329e-02,7.860988588381181974e-02,4.575635330497433706e-02,6.456119421727596341e-02,4.173795658247916179e-02,1.011034894124664546e-01,3.214717377996138825e-02,2.412607719716828442e-02,2.985543189916335660e-02,1.764327310970537077e-02,3.184893339821369407e-02,3.439182507416767287e-02,5.082643979468504103e-02,3.696611047451614507e-02,8.885993689861396150e-02,9.560958764343008287e-02,1.974665264413643859e-02,6.708838903103270246e-02,1.807336713390993166e-01,9.488753198235672093e-02,1.294206288162996210e-01,8.492002448710503359e-02,1.668576451567331531e-02,6.052710063258354839e-02
