0.000000000000000000e+00,1.323458334517954062e-02,1.101697324652432287e-02,5.558240695988400475e-03,1.988741364114519558e-02,2.760640263838740061e-02,2.753532539163562956e-02,5.316578057032382912e-03,3.600773320444659170e-02,2.385352400989395119e-02,2.200551559434793872e-02,1.768401899184033135e-02,4.258948625366047736e-02,1.275125806726750549e-02,9.396412020583970112e-03,8.870440394620874441e-03,8.244960623205298961e-03,1.653256759446166194e-02,1.383163221789440733e-02,2.445057288260881964e-02,1.006453814005060614e-02,3.768515622778836199e-02,3.583714781224234258e-02,1.585022602564466893e-02,3.552440792653455831e-02,6.985471810763937972e-02,4.536149887697950300e-02,5.411821567679754585e-02,4.455121826400932489e-02,9.055241236175475342e-03,2.749267904358456902e-02,1.229636368805617913e-02,7.377818212833707652e-03,1.169931481534131242e-02,6.922923833622380424e-03,1.428652659710573369e-02,5.018053620674949554e-03,5.188639012879196939e-03,1.140079037898387992e-02,8.287606971256361241e-03,1.009296903875131490e-02,7.463110908935831345e-03,1.061894066471441231e-02,3.582293236289198993e-03,2.686719927216899353e-03,7.107724675176982192e-03,1.461348193216387495e-02,1.546640889318511361e-02,7.292525516731583959e-03,1.789725073209564102e-02,3.162937480453757028e-02,2.800443522019730944e-02,6.354305859608222473e-03,3.558126972393597237e-02,2.027123077360475437e-02,2.671082932931509793e-02,2.280158075796775985e-02,4.311545787962357823e-02,1.435760384385750474e-02,8.870440394620874441e-03,1.404486395814971700e-02,7.150371023228044472e-03,1.573650243084183734e-02,1.580757967759360838e-02,2.816080516305120504e-02,1.626247405680493474e-02,4.172234384328888518e-02,4.318653512637534581e-02,1.134392858158246413e-02,3.424501748500270032e-02,9.137690842407528158e-02,4.479288090296534158e-02,5.273931708981320632e-02,4.102578682512154212e-02,8.913086742671936721e-03,2.817502061240155856e-02
1.323458334517954062e-02,0.000000000000000000e+00,2.339862963068262483e-02,1.162823756858954311e-02,4.089784778096835355e-02,5.828334233645125761e-02,5.751570807153214004e-02,1.078952605691865969e-02,7.592471498024053189e-02,4.981093452364029200e-02,4.593011685099365748e-02,3.659056662781110664e-02,8.856224945270520232e-02,2.685298382281864002e-02,1.951781195803599378e-02,1.867910044636510863e-02,1.711540101782617340e-02,3.462883461746225910e-02,2.918431751627668935e-02,5.227020726125152644e-02,2.051289341256077106e-02,7.893839024251556036e-02,7.460267819065760642e-02,3.241122451880704136e-02,7.490120262701503717e-02,1.460353111761862888e-01,9.599692946294031970e-02,1.137946720495834896e-01,9.510135615386802743e-02,1.900605578142324989e-02,5.697552099621869259e-02,2.550251613453501098e-02,1.542376254513405133e-02,2.410940209820032487e-02,1.431495749580644246e-02,3.009410627469934207e-02,1.064737156341511934e-02,1.087481875302078252e-02,2.382509311119324416e-02,1.681687658146873918e-02,2.093935689307139039e-02,1.516788445682768112e-02,2.270207261251528177e-02,7.576834503738662935e-03,5.600887044039461887e-03,1.492622181787166269e-02,3.064850879936314651e-02,3.299405794217154936e-02,1.499729906462343200e-02,3.710232280442384706e-02,6.568959144798566796e-02,5.893725300656754013e-02,1.313507519972706254e-02,7.409092201404486600e-02,4.264634805106189142e-02,5.569613055468683460e-02,4.729479998862764351e-02,8.941517641372644098e-02,3.057743155261137893e-02,1.833792966195661386e-02,2.966764279418872274e-02,1.526739260228015746e-02,3.363375316293747835e-02,3.332101327722969408e-02,6.014556620134762360e-02,3.280925710061695366e-02,8.785147698518749881e-02,9.022545702669661216e-02,2.342706052938333533e-02,7.271202342706052646e-02,1.917095499388735691e-01,9.512978705256873446e-02,1.104682569016006560e-01,8.667159468910812237e-02,1.887811673727006478e-02,5.846814317800585331e-02
1.101697324652432287e-02,2.339862963068262483e-02,0.000000000000000000e+00,9.538566514087510467e-03,3.400335484604668362e-02,4.857419043015949456e-02,4.786341796264179799e-02,8.941517641372643752e-03,6.361413584283398537e-02,4.192136013419384133e-02,3.876553037841526383e-02,3.066272424871350349e-02,7.362181218548317918e-02,2.220453188525289140e-02,1.620561225940352068e-02,1.558013248798794520e-02,1.425809569840502666e-02,2.905637847212350425e-02,2.484860546441873194e-02,4.362721405623631865e-02,1.664629118926449353e-02,6.597390043499275214e-02,6.246268444545532289e-02,2.698092286697182512e-02,6.216416000909788520e-02,1.203337787507463147e-01,8.004719529184317617e-02,9.470332357205811513e-02,7.882466664771273224e-02,1.563699428538936273e-02,4.742273903278082514e-02,2.088249509566997286e-02,1.280811986466892302e-02,2.042760071645864650e-02,1.184146930884485277e-02,2.514712990077616270e-02,8.913086742671936721e-03,9.268472976430785007e-03,1.956045830608705433e-02,1.408751030620077928e-02,1.772666533989139537e-02,1.280811986466892302e-02,1.910556392687572796e-02,6.240582264805390883e-03,4.776390981718931991e-03,1.253802632701219756e-02,2.551673158388536797e-02,2.774855713189093923e-02,1.283655076336963005e-02,3.103232593182270529e-02,5.525545162482586176e-02,4.878742217041480422e-02,1.094589599977255356e-02,6.280385522986381419e-02,3.538225343303101622e-02,4.595854774969436451e-02,3.953316464333437447e-02,7.487277172831433014e-02,2.547408523583430395e-02,1.539533164643334430e-02,2.497654450857191705e-02,1.246694908026042652e-02,2.816080516305120504e-02,2.784806527734341730e-02,5.057856878855940957e-02,2.675347567736616194e-02,7.328064140107469482e-02,7.546982060102919165e-02,1.964575100218917889e-02,6.058624513120859645e-02,1.593125408694168743e-01,7.977710175418645244e-02,9.224405083444688069e-02,7.283996247121371503e-02,1.589287237369573294e-02,4.873056037301339016e-02
5.558240695988400475e-03,1.162823756858954311e-02,9.538566514087510467e-03,0.000000000000000000e+00,1.722912461262900499e-02,2.419469479430244943e-02,2.412361754755067839e-02,4.520512893412560913e-03,3.145878941233332116e-02,2.109572683592528253e-02,1.934722656583174466e-02,1.545219344383476009e-02,3.757143263298552693e-02,1.128706678418104833e-02,8.145452477752822620e-03,7.647911750490433112e-03,7.121940124527336574e-03,1.431495749580644246e-02,1.208313194780086947e-02,2.146532851903448780e-02,8.756716799818042851e-03,3.268131805646376509e-02,3.091860233701987370e-02,1.361840047763909767e-02,3.101811048247235178e-02,6.089898501691638766e-02,3.988855087709322622e-02,4.750803172888295317e-02,3.923464020697694371e-02,7.875358940096097160e-03,2.392460125664572224e-02,1.093168055042219831e-02,6.553322150513177756e-03,1.033463167770733160e-02,6.126858670002558425e-03,1.265174992181502915e-02,4.463651096011145118e-03,4.577374690813976708e-03,1.007875358940096139e-02,7.207232820629460267e-03,8.842009495920165676e-03,6.453814005060699681e-03,9.467489267335741157e-03,3.184260654479287994e-03,2.331333693458050201e-03,6.240582264805390883e-03,1.279390441531856777e-02,1.358996957893839064e-02,6.283228612856452296e-03,1.570807153214113031e-02,2.745003269553350500e-02,2.489125181246979249e-02,5.515594347937338195e-03,3.108918772922411936e-02,1.788303528274528750e-02,2.328490603587979324e-02,1.994427543854661311e-02,3.782731072129189714e-02,1.277968896596821426e-02,7.718988997242202423e-03,1.229636368805617913e-02,6.297444062206806678e-03,1.387427856594546961e-02,1.390270946464617664e-02,2.479174366701731441e-02,1.390270946464617664e-02,3.650527393170897861e-02,3.769937167713871551e-02,9.680721007591049088e-03,3.002302902794757450e-02,8.008984163989424365e-02,3.927728655502800426e-02,4.624285673670144869e-02,3.582293236289198907e-02,7.818497142694681365e-03,2.443635743325846613e-02
1.988741364114519558e-02,4.089784778096835355e-02,3.400335484604668362e-02,1.722912461262900499e-02,0.000000000000000000e+00,8.488044807096352395e-02,8.499417166576635208e-02,1.587865692434537943e-02,1.103118869587467604e-01,7.438944645040229675e-02,6.813464873624655582e-02,5.480055724561453540e-02,1.314076137946720568e-01,3.934836380177977183e-02,2.864413044096323843e-02,2.720837005657748831e-02,2.517556079947687320e-02,5.052170699115798858e-02,4.221988457055127208e-02,7.508600346856963981e-02,3.090438688766952019e-02,1.149034770989110915e-01,1.091035737639666769e-01,4.820458874705029623e-02,1.091604355613680910e-01,2.143831916526881542e-01,1.401501151451397253e-01,1.669746680692576757e-01,1.375202570153242487e-01,2.783384982799306379e-02,8.395644386319051078e-02,3.842435959400676559e-02,2.297216615017200550e-02,3.613567224859978028e-02,2.142268217098342378e-02,4.466494185881215995e-02,1.570807153214113031e-02,1.607767321525033558e-02,3.569499331873880743e-02,2.545986978648395044e-02,3.094703323572058073e-02,2.265942626446422123e-02,3.320728968242685902e-02,1.132971313223211061e-02,8.301822420606714756e-03,2.217610098655218437e-02,4.499189719387029773e-02,4.774969436783896987e-02,2.244619452420891156e-02,5.575299235208824866e-02,9.652290108890342057e-02,8.789412333323856630e-02,1.938987291388280867e-02,1.095016063457765892e-01,6.321610326102408695e-02,8.225058994114803346e-02,7.077872231541239290e-02,1.334688539504733651e-01,4.490660449776817664e-02,2.703778466437323919e-02,4.331447417052852744e-02,2.224717823330395541e-02,4.873056037301339016e-02,4.860262132886020853e-02,8.704119637221732764e-02,4.891536121456799280e-02,1.281238449947402769e-01,1.321894635089415071e-01,3.413129389019987220e-02,1.055923577744292546e-01,2.819776533136212349e-01,1.378472123503823865e-01,1.627384641628521755e-01,1.258067267506325915e-01,2.759218718903704709e-02,8.620248486054643555e-02
2.760640263838740061e-02,5.828334233645125761e-02,4.857419043015949456e-02,2.419469479430244943e-02,8.488044807096352395e-02,0.000000000000000000e+00,1.195945753845279041e-01,2.233247092940607997e-02,1.572797316123162592e-01,1.035595485173286395e-01,9.514400250191908104e-02,7.610951582179512065e-02,1.843033008273391449e-01,5.576720780143860218e-02,4.055667699655986225e-02,3.859494498621101471e-02,3.556705427458561886e-02,7.218605180109743946e-02,6.097006226366815523e-02,1.082932931509965058e-01,4.257527080431012384e-02,1.642879481420407572e-01,1.551047678617120951e-01,6.776504705313735055e-02,1.554885849941716747e-01,3.025331930742330977e-01,1.989452136582037234e-01,2.368009552781963345e-01,1.969124044011031083e-01,3.907827026412304811e-02,1.185426321326017163e-01,5.286725613396639489e-02,3.209848463309925015e-02,5.072072328206294473e-02,2.988087453444403241e-02,6.280385522986381419e-02,2.221874733460324838e-02,2.264521081511386424e-02,4.908594660677224192e-02,3.545333067978279074e-02,4.382623034714127480e-02,3.162937480453757028e-02,4.696784465356949878e-02,1.563699428538936273e-02,1.174196116339237470e-02,3.096124868507093425e-02,6.348619679868081067e-02,6.858954311545788218e-02,3.121712677337730793e-02,7.733204446592556458e-02,1.369374235919597338e-01,1.222244335143433946e-01,2.735052455008102693e-02,1.550905524123617485e-01,8.799363147869104784e-02,1.153299405794217108e-01,9.795866147328917417e-02,1.854831831234185213e-01,6.337247320387796867e-02,3.842435959400676559e-02,6.155289568703267017e-02,3.123134222272766145e-02,6.920080743752310415e-02,6.931453103232593227e-02,1.244278281636482519e-01,6.850425041935576109e-02,1.821425525260853551e-01,1.881841184999857863e-01,4.874477582236374368e-02,1.498876979501322093e-01,3.961561424956642763e-01,1.972393597361612738e-01,2.290108890342023584e-01,1.800813123702840191e-01,3.909248571347340162e-02,1.214852301481249841e-01
2.753532539163562956e-02,5.751570807153214004e-02,4.786341796264179799e-02,2.412361754755067839e-02,8.499417166576635208e-02,1.195945753845279041e-01,0.000000000000000000e+00,2.243197907485855458e-02,1.561424956642879502e-01,1.039291502004378309e-01,9.521507974867085555e-02,7.618059306854689516e-02,1.833792966195661456e-01,5.559662240923435306e-02,4.008756716799818237e-02,3.843857504335711911e-02,3.515480624342535304e-02,7.119097034657265177e-02,5.957694822733346912e-02,1.068291018679100451e-01,4.291644158871862208e-02,1.623972933784436912e-01,1.534273448383703387e-01,6.715378273107212859e-02,1.542944872487419239e-01,3.010547863417962766e-01,1.974525914764165557e-01,2.350240241094020965e-01,1.944815625621925947e-01,3.930571745372871129e-02,1.176328433741790636e-01,5.356381315213373795e-02,3.232593182270491333e-02,5.009524351064736924e-02,2.979558183834191132e-02,6.264748528700991859e-02,2.220453188525289140e-02,2.264521081511386424e-02,5.005259716259630870e-02,3.532539163562960216e-02,4.322918147442640635e-02,3.165780570323827731e-02,4.683990560941631021e-02,1.596394962044750399e-02,1.159980666988883434e-02,3.093281778637022722e-02,6.313081056492195198e-02,6.732436812327637077e-02,3.113183407727518337e-02,7.767321525033406282e-02,1.353879396127711521e-01,1.230489295766639124e-01,2.715150825917607424e-02,1.530577431552611334e-01,8.842009495920166717e-02,1.148466153015096775e-01,9.851306399795298208e-02,1.864214027805418950e-01,6.321610326102408695e-02,3.769937167713871551e-02,6.092741591561709469e-02,3.150143576038438864e-02,6.878855940636283139e-02,6.836209592585221206e-02,1.230062832286128588e-01,6.814886418559690240e-02,1.807920848378017364e-01,1.855684758195206563e-01,4.817615784834958920e-02,1.487788929008045935e-01,3.943223495294686520e-01,1.941688226764848035e-01,2.278310067381229820e-01,1.778637022716288152e-01,3.880817672646632438e-02,1.208028885793079876e-01
5.316578057032382912e-03,1.078952605691865969e-02,8.941517641372643752e-03,4.520512893412560913e-03,1.587865692434537943e-02,2.233247092940607997e-02,2.243197907485855458e-02,0.000000000000000000e+00,2.926961021237881391e-02,1.899184033207289637e-02,1.739971000483325411e-02,1.427231114775538018e-02,3.454354192136013108e-02,1.024933898160520877e-02,7.605265402439370832e-03,7.320956415432291857e-03,6.581753049213885653e-03,1.373212407244192926e-02,1.108805049327609218e-02,2.018593807750262981e-02,8.188098825803883166e-03,3.108918772922411936e-02,2.928382566172916743e-02,1.304978250362493972e-02,2.904216302277315073e-02,5.703238279362010665e-02,3.696016831092030497e-02,4.393995394194410292e-02,3.649105848235862509e-02,7.292525516731583959e-03,2.206237739174935278e-02,1.013561538680237718e-02,6.055781423250789115e-03,9.339550223182554317e-03,5.615102493389816270e-03,1.162823756858954311e-02,4.150911210303357378e-03,4.193557558354419658e-03,9.382196571233616597e-03,6.794984789469195319e-03,8.202314275154238415e-03,6.027350524550081218e-03,8.486623262161317391e-03,3.013675262275040609e-03,2.146532851903448866e-03,5.814118784294771553e-03,1.188411565689591505e-02,1.255224177636255108e-02,5.927842379097603143e-03,1.467034372956529074e-02,2.570153242543996713e-02,2.325647513717908621e-02,5.145992664828135527e-03,2.909902482017456479e-02,1.627668950615528826e-02,2.149375941773519483e-02,1.826685241520484629e-02,3.521166804082676710e-02,1.181303841014414401e-02,7.178801921928752369e-03,1.147186762573564923e-02,5.870980581696187348e-03,1.290762801012139936e-02,1.277968896596821426e-02,2.325647513717908621e-02,1.304978250362493972e-02,3.437295652915588889e-02,3.492735905381968986e-02,9.154749381627953417e-03,2.796178887214624889e-02,7.400562931794274490e-02,3.622096494470190137e-02,4.277428709521507999e-02,3.366218406163818538e-02,7.008216529724504984e-03,2.274471896056634232e-02
3.600773320444659170e-02,7.592471498024053189e-02,6.361413584283398537e-02,3.145878941233332116e-02,1.103118869587467604e-01,1.572797316123162592e-01,1.561424956642879502e-01,2.926961021237881391e-02,0.000000000000000000e+00,1.347908907400562906e-01,1.240582264805390467e-01,9.866943394080686380e-02,2.413783299690103190e-01,7.231399084525061416e-02,5.251186990020754314e-02,5.080601597816507276e-02,4.622864128735109518e-02,9.500184800841554589e-02,7.923691467887300499e-02,1.415432291814744392e-01,5.507065078327125912e-02,2.156483666448696379e-01,2.022431979074858499e-01,8.817843232024563660e-02,2.037500355386233641e-01,3.933556989736445297e-01,2.591902880050038216e-01,3.079634947260682654e-01,2.570437551531004061e-01,5.077758507946435879e-02,1.537543001734284764e-01,6.890228300116567339e-02,4.148068120433286848e-02,6.551900605578142578e-02,3.902140846672163405e-02,8.185255735933813503e-02,2.901373212407244023e-02,2.934068745913058149e-02,6.367099764023541331e-02,4.627128763540215572e-02,5.698973644556904611e-02,4.136695760953004036e-02,6.068575327666107799e-02,2.029966167230546140e-02,1.525317715292980394e-02,3.995962812384499380e-02,8.274813066841042730e-02,8.954311545787962956e-02,4.057089244591021576e-02,1.010291985329656306e-01,1.784891820430443699e-01,1.599664515395331776e-01,3.559548517328632589e-02,2.029255394763028464e-01,1.141784891820430414e-01,1.497028971085775928e-01,1.264748528700992136e-01,2.430699684417024498e-01,8.270548432035935982e-02,4.981093452364029200e-02,8.060159781650698407e-02,4.064196969266198334e-02,9.059505870980581743e-02,9.005487163449236998e-02,1.633781593836181045e-01,8.850538765530378826e-02,2.384641628521877443e-01,2.446620987689420990e-01,6.368521308958575988e-02,1.959031074972279740e-01,5.139027094646462235e-01,2.560913200466266582e-01,2.988656071418417381e-01,2.359764592158758167e-01,5.101924771842038242e-02,1.580757967759360838e-01
2.385352400989395119e-02,4.981093452364029200e-02,4.192136013419384133e-02,2.109572683592528253e-02,7.438944645040229675e-02,1.035595485173286395e-01,1.039291502004378309e-01,1.899184033207289637e-02,1.347908907400562906e-01,0.000000000000000000e+00,8.337361043982600972e-02,6.647144116225513211e-02,1.589855855343587365e-01,4.878742217041480422e-02,3.451511102265942404e-02,3.295141159412048881e-02,3.047792340715890086e-02,6.166661928183549829e-02,5.232706905865294744e-02,9.249992892275324397e-02,3.678958291871606279e-02,1.398515907087823085e-01,1.326301424388025008e-01,5.794217155204275937e-02,1.329002359764592245e-01,2.596167514855144409e-01,1.715093964120205927e-01,2.045318852528928422e-01,1.674864242458704022e-01,3.407443209279845120e-02,1.026071134108549193e-01,4.583060870554118288e-02,2.801865066954766295e-02,4.456543371335967840e-02,2.578682512154209169e-02,5.534074432092798285e-02,1.951781195803599378e-02,1.965996645153953240e-02,4.293065703806897560e-02,3.094703323572058073e-02,3.812583515764933484e-02,2.739317089813209094e-02,4.140960395758110091e-02,1.384584766724476085e-02,1.009296903875131490e-02,2.710886191112501023e-02,5.481477269496488891e-02,5.815540329229806904e-02,2.747846359423421203e-02,6.772240070508628307e-02,1.174338270832741005e-01,1.064310692861001328e-01,2.335598328263156429e-02,1.333124840076194695e-01,7.716145907372132240e-02,9.953657635117846292e-02,8.593239132288971183e-02,1.618002445057288297e-01,5.534074432092798285e-02,3.276661075256588618e-02,5.289568703266710192e-02,2.698092286697182512e-02,5.960537912603417615e-02,5.957694822733346912e-02,1.069854718107639407e-01,5.868137491826116298e-02,1.563983737525943274e-01,1.613311346771671428e-01,4.158018934978535003e-02,1.286924629687544452e-01,3.421374349643191981e-01,1.695192335029710173e-01,1.985613965257441715e-01,1.544082108435447520e-01,3.407443209279845120e-02,1.043129673328973966e-01
2.200551559434793872e-02,4.593011685099365748e-02,3.876553037841526383e-02,1.934722656583174466e-02,6.813464873624655582e-02,9.514400250191908104e-02,9.521507974867085555e-02,1.739971000483325411e-02,1.240440110311887001e-01,8.337361043982600972e-02,0.000000000000000000e+00,6.079947687146390611e-02,1.461490347709891169e-01,4.465072640946180643e-02,3.175731384869075885e-02,3.063429335001279299e-02,2.814658971370085153e-02,5.683336650271515050e-02,4.809086515224746117e-02,8.506524891251812659e-02,3.350581411878429672e-02,1.290620646518636505e-01,1.225229579507008254e-01,5.340744320927984234e-02,1.227361896909561351e-01,2.389332726807494311e-01,1.577204105421772251e-01,1.880277485571318907e-01,1.547067352799021966e-01,3.141614306428226061e-02,9.434793733829927032e-02,4.187871378614278078e-02,2.553094703323572148e-02,4.067040059136269037e-02,2.365450771898899851e-02,5.043641429505586748e-02,1.781195803599351646e-02,1.820999061780342876e-02,3.902140846672163405e-02,2.813237426435049454e-02,3.477098911096579426e-02,2.504762175532368462e-02,3.825377420180251647e-02,1.249537997896113528e-02,9.254257527080431492e-03,2.479174366701731441e-02,5.016632075739914376e-02,5.414664657549825288e-02,2.503340630597333111e-02,6.199357461689364301e-02,1.080942768600915427e-01,9.707730361356722848e-02,2.162169846188837993e-02,1.227930514883575491e-01,7.030961248685070608e-02,9.166121741108236576e-02,7.841241861655247336e-02,1.476416569527762845e-01,5.097660137036931494e-02,3.009410627469934207e-02,4.867369857561197610e-02,2.482017456571802144e-02,5.498535808716913803e-02,5.495692718846842406e-02,9.834247860574872602e-02,5.380547579108975464e-02,1.438603474255821246e-01,1.485798766098996304e-01,3.836749779660535153e-02,1.191254655559662173e-01,3.140192761493190710e-01,1.558155403292298125e-01,1.823273533676399438e-01,1.423819406931453035e-01,3.171466750063969831e-02,9.615329940579421530e-02
1.768401899184033135e-02,3.659056662781110664e-02,3.066272424871350349e-02,1.545219344383476009e-02,5.480055724561453540e-02,7.610951582179512065e-02,7.618059306854689516e-02,1.427231114775538018e-02,9.866943394080686380e-02,6.647144116225513211e-02,6.079947687146390611e-02,0.000000000000000000e+00,1.171637335456173767e-01,3.545333067978279074e-02,2.580104057089244521e-02,2.403832485144855383e-02,2.238933272680749403e-02,4.513405168737383982e-02,3.809740425894862781e-02,6.776504705313735055e-02,2.757797173968669011e-02,1.025502516134535053e-01,9.834247860574872602e-02,4.322918147442640635e-02,9.710573451226793551e-02,1.924913996531430471e-01,1.261052511869900083e-01,1.503425923293435218e-01,1.231626531714667544e-01,2.506183720467403814e-02,7.589628408153981098e-02,3.396070849799562308e-02,2.071190970346572721e-02,3.295141159412048881e-02,1.923350297102891307e-02,4.013021351604924292e-02,1.424388024905467315e-02,1.431495749580644246e-02,3.155829755778580270e-02,2.291530435277059144e-02,2.827452875785403663e-02,2.038495436840758596e-02,2.989508998379438939e-02,1.013561538680237718e-02,7.477326358286185727e-03,2.021436897620333684e-02,4.052824609785915522e-02,4.264634805106189142e-02,2.024279987490404734e-02,4.966878003013674991e-02,8.621670030989679601e-02,7.817075597759645667e-02,1.724334006197935851e-02,9.785915332783669263e-02,5.674807380661302941e-02,7.367867398288459324e-02,6.369942853893612034e-02,1.189406647144116286e-01,4.035766070565490610e-02,2.432263383845563454e-02,3.873709947971455680e-02,1.980212094504307449e-02,4.381201489779092129e-02,4.358456770818525811e-02,7.834134136980069885e-02,4.406789298609729150e-02,1.151877860859181757e-01,1.187985102209080795e-01,3.083330964091774914e-02,9.460381542660563359e-02,2.536889091064168378e-01,1.247263526000056827e-01,1.462343274670912241e-01,1.128990987405111834e-01,2.463537372416342228e-02,7.711881272567025492e-02
4.258948625366047736e-02,8.856224945270520232e-02,7.362181218548317918e-02,3.757143263298552693e-02,1.314076137946720568e-01,1.843033008273391449e-01,1.833792966195661456e-01,3.454354192136013108e-02,2.413783299690103190e-01,1.589855855343587365e-01,1.461490347709891169e-01,1.171637335456173767e-01,0.000000000000000000e+00,8.542063514627697141e-02,6.200779006624399653e-02,5.932107013902709197e-02,5.417507747419895991e-02,1.104398260028999490e-01,9.194552639808944994e-02,1.649276433628066862e-01,6.571802234668637499e-02,2.511301282233531218e-01,2.368293861768970554e-01,1.034600403718761580e-01,2.372842805561083679e-01,4.628265999488243576e-01,3.038836607625167163e-01,3.620248486054644110e-01,3.003440138742785592e-01,6.044409063770506130e-02,1.815028573053194261e-01,8.230745173854946140e-02,4.954084098598356828e-02,7.745998351007875315e-02,4.614334859124896715e-02,9.653711653825378103e-02,3.428766383305376086e-02,3.448668012395871701e-02,7.669234924515963558e-02,5.470104910016205385e-02,6.709692093367071453e-02,4.907173115742188840e-02,7.180223466863787374e-02,2.446478833195917316e-02,1.789725073209564102e-02,4.763597077303613481e-02,9.756062889147926187e-02,1.042276746367952756e-01,4.786341796264179799e-02,1.196514371819293182e-01,2.087965200579990355e-01,1.894919398402183375e-01,4.176499019133994572e-02,2.363460608989850220e-01,1.353879396127711521e-01,1.765132345833451688e-01,1.509965029994598251e-01,2.875216785602592862e-01,9.687828732266226539e-02,5.851078952605692080e-02,9.413470559804396065e-02,4.817615784834958920e-02,1.060898985016916346e-01,1.058908822107866854e-01,1.895772325363204724e-01,1.050806015978165003e-01,2.787933926591419365e-01,2.868393369914423174e-01,7.413356836209591960e-02,2.292241207744576681e-01,6.075114434367270277e-01,2.993062860717027318e-01,3.512353225485457808e-01,2.741733716202769400e-01,5.933528558837744549e-02,1.865777727233957906e-01
1.275125806726750549e-02,2.685298382281864002e-02,2.220453188525289140e-02,1.128706678418104833e-02,3.934836380177977183e-02,5.576720780143860218e-02,5.559662240923435306e-02,1.024933898160520877e-02,7.231399084525061416e-02,4.878742217041480422e-02,4.465072640946180643e-02,3.545333067978279074e-02,8.542063514627697141e-02,0.000000000000000000e+00,1.863645409831404809e-02,1.781195803599351646e-02,1.660364484121342951e-02,3.295141159412048881e-02,2.820345151110226559e-02,4.937025559377931916e-02,1.974525914764165696e-02,7.519972706337246793e-02,7.097773860631734211e-02,3.111761862792482985e-02,7.184488101668894122e-02,1.400932533477383113e-01,9.191709549938872903e-02,1.094305290990248147e-01,9.008330253319307701e-02,1.813891337105165771e-02,5.494271173911807055e-02,2.455008102806129772e-02,1.479828277371847758e-02,2.359764592158758098e-02,1.378898586984334505e-02,2.905637847212350425e-02,1.034884712705768685e-02,1.061894066471441231e-02,2.290108890342023792e-02,1.627668950615528826e-02,2.017172262815227629e-02,1.467034372956529074e-02,2.204816194239899926e-02,7.235663719330168164e-03,5.401870753134506604e-03,1.422966479970431790e-02,2.915588661757598232e-02,3.140192761493190710e-02,1.455662013476245915e-02,3.586557871094304961e-02,6.338668865322832913e-02,5.666278111051090138e-02,1.263753447246467390e-02,7.173115742188609922e-02,4.138117305888039388e-02,5.359224405083444498e-02,4.585903960424188991e-02,8.635885480340033116e-02,2.939754925653199902e-02,1.768401899184033135e-02,2.826031330850368312e-02,1.451397378671139861e-02,3.202740738634748258e-02,3.198476103829642203e-02,5.706081369232081368e-02,3.155829755778580270e-02,8.368635032553378705e-02,8.678531828391095049e-02,2.227560913200466244e-02,6.925766923492451821e-02,1.833082193728143849e-01,9.083672134876183413e-02,1.062178375458448232e-01,8.264862252295794576e-02,1.829528331390555332e-02,5.605151678844567942e-02
9.396412020583970112e-03,1.951781195803599378e-02,1.620561225940352068e-02,8.145452477752822620e-03,2.864413044096323843e-02,4.055667699655986225e-02,4.008756716799818237e-02,7.605265402439370832e-03,5.251186990020754314e-02,3.451511102265942404e-02,3.175731384869075885e-02,2.580104057089244521e-02,6.200779006624399653e-02,1.863645409831404809e-02,0.000000000000000000e+00,1.283655076336963005e-02,1.194097745429733085e-02,2.422312569300315646e-02,2.027123077360475437e-02,3.619253404600119434e-02,1.449975833736104336e-02,5.478634179626418188e-02,5.208540641969692381e-02,2.307167429562448357e-02,5.188639012879196766e-02,1.019816336394393369e-01,6.631507121940125038e-02,7.920848378017229796e-02,6.608762402979558026e-02,1.302135160492423095e-02,4.003070537059676137e-02,1.776931168794245591e-02,1.067580246211582810e-02,1.727177096068006554e-02,1.010718448810166842e-02,2.096778779177209742e-02,7.434680010235123447e-03,7.548403605037955037e-03,1.641884399965883035e-02,1.204048559974980892e-02,1.489779091917095566e-02,1.083217240496972024e-02,1.546640889318511361e-02,5.145992664828135527e-03,3.980325818099109993e-03,1.049100162056122547e-02,2.133738947488130269e-02,2.308588974497483709e-02,1.046257072186051844e-02,2.565888607738890659e-02,4.578796235749012233e-02,4.078412418616552543e-02,9.240042077730076242e-03,5.208540641969692381e-02,2.948284195263412358e-02,3.872288403036419635e-02,3.317885878372615199e-02,6.243425354675461586e-02,2.093935689307139039e-02,1.302135160492423095e-02,2.056975520996218859e-02,1.051943251926193423e-02,2.334176783328121077e-02,2.305745884627413006e-02,4.155175845108463606e-02,2.337019873198191780e-02,6.094163136496744820e-02,6.331561140647655461e-02,1.644727489835953738e-02,5.006681261194666221e-02,1.339521792283853985e-01,6.611605492849628729e-02,7.694822733346601273e-02,6.003184260654479548e-02,1.299292070622352392e-02,4.106843317317260267e-02
8.870440394620874441e-03,1.867910044636510863e-02,1.558013248798794520e-02,7.647911750490433112e-03,2.720837005657748831e-02,3.859494498621101471e-02,3.843857504335711911e-02,7.320956415432291857e-03,5.080601597816507276e-02,3.295141159412048881e-02,3.063429335001279299e-02,2.403832485144855383e-02,5.932107013902709197e-02,1.781195803599351646e-02,1.283655076336963005e-02,0.000000000000000000e+00,1.137235948028317116e-02,2.328490603587979324e-02,1.937565746453245516e-02,3.504108264862252492e-02,1.363261592698945292e-02,5.332215051317772125e-02,4.998151991584454112e-02,2.159326756318767290e-02,5.040798339635516045e-02,9.704887271486652145e-02,6.365678219088505285e-02,7.608108492309441362e-02,6.379893668438858800e-02,1.275125806726750549e-02,3.774201802518977605e-02,1.720069371392829796e-02,1.020669263355414649e-02,1.582179512694396190e-02,9.439058368635032392e-03,2.002956813464873767e-02,7.065078327125920779e-03,7.136155573877690089e-03,1.592130327239643997e-02,1.123020498677963254e-02,1.380320131919370030e-02,1.000767634264919034e-02,1.506837631137520304e-02,5.060699968726011834e-03,3.681801381741677068e-03,9.794444602393882413e-03,2.039916981775793947e-02,2.172120660734085801e-02,9.908168197196714003e-03,2.473488186961589688e-02,4.378358399909021426e-02,3.937679470048047886e-02,8.770932249168396366e-03,4.944133284053108673e-02,2.818923606175191207e-02,3.681801381741676982e-02,3.097546413442128777e-02,5.967645637278594373e-02,2.041338526710829299e-02,1.208313194780086947e-02,1.990162909049554910e-02,1.014983083615273070e-02,2.237511727745714052e-02,2.211923918915077031e-02,4.018707531345065698e-02,2.170699115799050449e-02,5.876666761436329101e-02,6.000341170784408151e-02,1.562277883603900748e-02,4.863105222756091556e-02,1.265885764649020417e-01,6.274699343246240013e-02,7.355073493873141854e-02,5.815540329229806904e-02,1.259488812441361336e-02,3.900719301737128053e-02
8.244960623205298961e-03,1.711540101782617340e-02,1.425809569840502666e-02,7.121940124527336574e-03,2.517556079947687320e-02,3.556705427458561886e-02,3.515480624342535304e-02,6.581753049213885653e-03,4.622864128735109518e-02,3.047792340715890086e-02,2.814658971370085153e-02,2.238933272680749403e-02,5.417507747419895991e-02,1.660364484121342951e-02,1.194097745429733085e-02,1.137235948028317116e-02,0.000000000000000000e+00,2.108151138657492901e-02,1.801097432689847261e-02,3.208426918374889664e-02,1.255224177636255108e-02,4.851732863275808050e-02,4.578796235749012233e-02,1.991584453984590608e-02,4.583060870554118288e-02,8.904557473061723571e-02,5.876666761436329101e-02,6.972677906348619115e-02,5.808432604554630146e-02,1.154294487248741855e-02,3.497000540187075041e-02,1.548062434253546713e-02,9.495920166036448187e-03,1.501151451397378725e-02,8.813578597219458646e-03,1.848008415546015248e-02,6.553322150513177756e-03,6.667045745316009346e-03,1.440025019190856702e-02,1.043413982315980967e-02,1.289341256077104585e-02,9.353765672532909567e-03,1.387427856594546961e-02,4.620021038865038121e-03,3.425923293435305557e-03,9.055241236175475342e-03,1.872174679441617265e-02,2.001535268529838069e-02,9.211611179029369212e-03,2.268785716316492826e-02,4.027236800955278501e-02,3.586557871094304961e-02,8.102806129701760340e-03,4.536149887697950300e-02,2.609956500724987943e-02,3.408864754214880471e-02,2.884314673186819458e-02,5.445938646120603716e-02,1.855116140221192353e-02,1.127285133483069482e-02,1.808205157365024365e-02,9.268472976430785007e-03,2.035652346970687893e-02,2.042760071645864650e-02,3.656213572911039961e-02,2.005799903334944470e-02,5.366332129758621949e-02,5.548289881443152494e-02,1.432917294515679597e-02,4.409632388479799853e-02,1.164529610780996732e-01,5.798481790009381992e-02,6.711113638302106110e-02,5.293833338071816247e-02,1.145765217638529572e-02,3.572342421743951446e-02
1.653256759446166194e-02,3.462883461746225910e-02,2.905637847212350425e-02,1.431495749580644246e-02,5.052170699115798858e-02,7.218605180109743946e-02,7.119097034657265177e-02,1.373212407244192926e-02,9.500184800841554589e-02,6.166661928183549829e-02,5.683336650271515050e-02,4.513405168737383982e-02,1.104398260028999490e-01,3.295141159412048881e-02,2.422312569300315646e-02,2.328490603587979324e-02,2.108151138657492901e-02,0.000000000000000000e+00,3.619253404600119434e-02,6.534842066357716972e-02,2.547408523583430395e-02,9.936599095897420686e-02,9.323913228897165451e-02,4.041452250305632016e-02,9.308276234611775890e-02,1.802376823131379147e-01,1.191681119040172848e-01,1.416427373269268930e-01,1.184431239871492347e-01,2.348392232678474939e-02,7.050862877775566917e-02,3.171466750063969831e-02,1.921928752167855955e-02,2.982401273704261835e-02,1.786881983339493399e-02,3.698859920962101894e-02,1.323458334517954062e-02,1.347624598413555905e-02,2.948284195263412358e-02,2.110994228527563604e-02,2.619907315270235751e-02,1.909134847752537445e-02,2.791914252409518835e-02,9.467489267335741157e-03,6.951354732323088322e-03,1.832371421260626035e-02,3.804054246154720681e-02,4.076990873681517191e-02,1.862223864896369457e-02,4.608648679384755309e-02,8.183834190998777458e-02,7.326642595172433436e-02,1.648992124641059792e-02,9.225826628379722727e-02,5.246922355215648259e-02,6.851846586870610767e-02,5.812697239359736201e-02,1.114491229067750833e-01,3.764250987973730145e-02,2.300059704887271600e-02,3.698859920962101894e-02,1.867910044636510863e-02,4.150911210303357551e-02,4.123901856537685179e-02,7.478747903221220905e-02,4.071304693941375785e-02,1.098712080288857945e-01,1.122167571716942008e-01,2.914167116822562881e-02,8.985585534358740689e-02,2.356068575327666115e-01,1.168509936599095855e-01,1.364825292127484213e-01,1.076820288289312838e-01,2.307167429562448357e-02,7.264094618030876582e-02
1.383163221789440733e-02,2.918431751627668935e-02,2.484860546441873194e-02,1.208313194780086947e-02,4.221988457055127208e-02,6.097006226366815523e-02,5.957694822733346912e-02,1.108805049327609218e-02,7.923691467887300499e-02,5.232706905865294744e-02,4.809086515224746117e-02,3.809740425894862781e-02,9.194552639808944994e-02,2.820345151110226559e-02,2.027123077360475437e-02,1.937565746453245516e-02,1.801097432689847261e-02,3.619253404600119434e-02,0.000000000000000000e+00,5.458732550535922573e-02,2.089671054502032638e-02,8.230745173854946140e-02,7.811389418019504260e-02,3.384698490319278802e-02,7.797173968669149358e-02,1.506269013163506199e-01,1.003184260654479271e-01,1.188980183663605611e-01,9.886845023171182689e-02,1.950359650868564027e-02,5.966224092343559021e-02,2.564467062803855307e-02,1.607767321525033558e-02,2.581525602024279872e-02,1.471299007761635302e-02,3.165780570323827731e-02,1.121598953742927729e-02,1.168509936599095890e-02,2.426577204105421701e-02,1.772666533989139537e-02,2.223296278395360190e-02,1.593551872174679349e-02,2.405254030079890734e-02,7.747419895942911187e-03,5.899411480396895245e-03,1.560856338668865397e-02,3.182839109544252643e-02,3.474255821226508723e-02,1.589287237369573294e-02,3.843857504335711911e-02,6.880277485571319185e-02,6.051516788445682887e-02,1.373212407244192926e-02,7.814232507889574963e-02,4.409632388479799853e-02,5.787109430529099180e-02,4.898643846131976037e-02,9.301168509936598439e-02,3.187103744349358697e-02,1.923350297102891307e-02,3.090438688766952019e-02,1.552327069058652941e-02,3.509794444602393898e-02,3.519745259147641359e-02,6.281807067921417465e-02,3.384698490319278802e-02,9.107838398771785082e-02,9.488812441361271777e-02,2.445057288260881964e-02,7.532766610752565650e-02,1.987319819179484137e-01,9.979245443948482619e-02,1.153725869274727783e-01,9.113524578511926488e-02,1.993005998919625960e-02,6.088476956756603414e-02
2.445057288260881964e-02,5.227020726125152644e-02,4.362721405623631865e-02,2.146532851903448780e-02,7.507178801921929323e-02,1.082932931509965058e-01,1.068291018679100451e-01,2.018593807750262981e-02,1.415432291814744392e-01,9.249992892275324397e-02,8.506524891251812659e-02,6.776504705313735055e-02,1.649276433628066862e-01,4.937025559377931916e-02,3.619253404600119434e-02,3.504108264862252492e-02,3.208426918374889664e-02,6.534842066357716972e-02,5.458732550535922573e-02,0.000000000000000000e+00,3.772780257583942254e-02,1.483666448696443207e-01,1.386006311659511436e-01,6.037301339095328678e-02,1.397947289113808944e-01,2.702356921502288567e-01,1.776362550820231312e-01,2.112842236943109908e-01,1.768544053677536809e-01,3.485628180706792228e-02,1.057629431666334968e-01,4.675461291331418912e-02,2.835982145395616119e-02,4.502032809257100476e-02,2.652602848776049876e-02,5.578142325078895569e-02,1.994427543854661311e-02,2.020015352685298332e-02,4.335712051857959493e-02,3.148722031103403513e-02,3.906405481477269459e-02,2.826031330850368312e-02,4.133852671082932639e-02,1.381741676854405382e-02,1.039149347510874739e-02,2.725101640462854885e-02,5.680493560401444347e-02,6.126858670002558599e-02,2.763483353708810764e-02,6.850425041935576109e-02,1.225229579507008254e-01,1.085349557899525225e-01,2.447900378130952667e-02,1.387996474568561067e-01,7.872515850226025069e-02,1.029198532965627105e-01,8.697011912546555312e-02,1.657521394251272318e-01,5.612259403519745393e-02,3.423080203565234680e-02,5.534074432092798285e-02,2.791914252409518835e-02,6.220680635714895268e-02,6.202200551559435004e-02,1.125721434054530457e-01,6.074261507406249205e-02,1.640178546043840335e-01,1.679555340744320890e-01,4.375515310038950029e-02,1.341369800699400150e-01,3.520598186108662708e-01,1.765700963807465829e-01,2.043470844113382534e-01,1.624825860745458261e-01,3.478520456031615471e-02,1.083075086003468523e-01
1.006453814005060614e-02,2.051289341256077106e-02,1.664629118926449353e-02,8.756716799818042851e-03,3.090438688766952019e-02,4.257527080431012384e-02,4.291644158871862208e-02,8.188098825803883166e-03,5.507065078327125912e-02,3.678958291871606279e-02,3.350581411878429672e-02,2.757797173968669011e-02,6.571802234668637499e-02,1.974525914764165696e-02,1.449975833736104336e-02,1.363261592698945292e-02,1.255224177636255108e-02,2.547408523583430395e-02,2.089671054502032638e-02,3.772780257583942254e-02,0.000000000000000000e+00,5.777158615983851025e-02,5.472947999886276088e-02,2.463537372416342228e-02,5.492849628976771703e-02,1.092457282574702121e-01,6.958462456998265599e-02,8.362948852813237299e-02,6.907286839336991557e-02,1.401643305944900997e-02,4.236203906405481417e-02,1.947516560998493323e-02,1.151451397378671151e-02,1.788303528274528750e-02,1.077531060756830444e-02,2.224717823330395541e-02,7.889574389446450675e-03,7.974867085548573500e-03,1.799675887754811909e-02,1.270861171921644495e-02,1.545219344383476009e-02,1.150029852443635800e-02,1.623404315810422771e-02,5.643533392090524167e-03,4.079833963551588068e-03,1.113069684132715446e-02,2.253148722031103265e-02,2.364029226963864500e-02,1.117334318937821674e-02,2.787649617604412433e-02,4.811929605094816820e-02,4.419583203025047313e-02,9.751798254342820133e-03,5.434566286640320903e-02,3.179996019674181940e-02,4.153754300173428254e-02,3.558126972393597237e-02,6.691212009211611189e-02,2.223296278395360190e-02,1.357575412958803712e-02,2.143689762033377730e-02,1.128706678418104833e-02,2.427998749040457052e-02,2.410940209820032487e-02,4.321496602507605284e-02,2.506183720467403814e-02,6.425383106359991436e-02,6.625820942199983632e-02,1.747078725158502169e-02,5.300941062746993698e-02,1.422540016489921288e-01,6.878855940636283139e-02,8.159667927103175789e-02,6.294600972336734934e-02,1.364683137633980643e-02,4.347084411338242305e-02
