0.000000000000000000e+00,1.642719372385844159e-02,1.267797932514140753e-02,1.287302516091281407e-02,3.432806709576750881e-02,4.824133671412782209e-02,4.782957328305485062e-02,4.746115337104219074e-03,5.704007108337125903e-02,2.730641700799688043e-02,4.139306070259844705e-02,2.457577530719719239e-02,6.746418741737642000e-02,1.865938495546453496e-02,1.376156730164922008e-02,1.725072058600437760e-02,9.015451964545001876e-03,1.961294237479141098e-02,2.310209565914656676e-02,4.382029776997594522e-02,1.870272847452484830e-02,6.120104891316126283e-02,5.253234510109875549e-02,2.091324794660078326e-02,4.954164228593719438e-02,1.036776975922675120e-01,7.647963938192141320e-02,8.105238064278438848e-02,7.301215785709641581e-02,1.475846824003640770e-02,4.746115337104219595e-02,1.909282014606765790e-02,1.302472747762390901e-02,2.230024055653078568e-02,1.261296404655093926e-02,2.195349240404828595e-02,8.928764926424376941e-03,4.551069501332813405e-03,1.725072058600437760e-02,1.289469692044297074e-02,1.259129228702078260e-02,1.148603255098281511e-02,1.631883492620765999e-02,5.743016275491407557e-03,2.513924105498125273e-03,1.009903994105281443e-02,2.073987387035953339e-02,2.945192120148234713e-02,1.419500249225234649e-02,3.239928049758360185e-02,3.840235788743687900e-02,4.232494636239516467e-02,1.046745985306547083e-02,4.696270290184859780e-02,3.170578419261859543e-02,4.711440521855969621e-02,3.246429577617406664e-02,5.678000996900938596e-02,2.604945495524781801e-02,2.091324794660078326e-02,1.816093448627094029e-02,1.131265847474156351e-02,2.364388964740047130e-02,2.587608087900656814e-02,3.352621199315172079e-02,2.760982164141906683e-02,6.926294345837938349e-02,6.579546193355438610e-02,1.178943718440500152e-02,4.622586307782328846e-02,1.347116572394512768e-01,6.495026331187829516e-02,7.314218841427735929e-02,5.396268123008907125e-02,8.191925102399064129e-03,4.683267234466766127e-02
1.642719372385844159e-02,0.000000000000000000e+00,1.432503304943328303e-02,1.491017055674750263e-02,4.126303014541750358e-02,5.632490301887610462e-02,5.732180395726328703e-02,5.678000996900938423e-03,6.906789762260798216e-02,3.276770040959625652e-02,4.941161172875625784e-02,2.856337906074594285e-02,8.111739592137486021e-02,2.230024055653078568e-02,1.551697982359187718e-02,2.008972108445484725e-02,1.109594087944000204e-02,2.377392020458141131e-02,2.728474524846672203e-02,5.151377240318141121e-02,2.175844656827687768e-02,7.214528747589016300e-02,6.087597252020891803e-02,2.442407299048609745e-02,6.022581973430422841e-02,1.244609149816873622e-01,8.969941269531672701e-02,9.750124612617298847e-02,8.664369460156469416e-02,1.727239234553453254e-02,5.476453633270485233e-02,2.234358407559109555e-02,1.499685759486812757e-02,2.481416466202891052e-02,1.443339184708406463e-02,2.611447023383828628e-02,1.059749041024640737e-02,5.114535249116875480e-03,2.002470580586437898e-02,1.491017055674750263e-02,1.432503304943328303e-02,1.326311683245562714e-02,1.974297293197234751e-02,6.848276011529375908e-03,3.012374574691719081e-03,1.103092560084953377e-02,2.518258457404156520e-02,3.417636477905641040e-02,1.675227011681078293e-02,3.905251067334156861e-02,4.639923715406454180e-02,5.092863489586719333e-02,1.226621589406843953e-02,5.704007108337125903e-02,3.803393797542422433e-02,5.745183451444423051e-02,3.768718982294172459e-02,6.846108835576360241e-02,3.203086058557094024e-02,2.444574475001625238e-02,2.160674425156578621e-02,1.319810155386515887e-02,2.795656979390156657e-02,3.105563140671391276e-02,3.989770929501765956e-02,3.239928049758360185e-02,8.382636586264438638e-02,7.849511301822595377e-02,1.408664369460156489e-02,5.556639143532063341e-02,1.614329367401339255e-01,7.801833430856251750e-02,8.757558026136141871e-02,6.492859155234813329e-02,9.947337624341719489e-03,5.534967384001907020e-02
1.267797932514140753e-02,1.432503304943328303e-02,0.000000000000000000e+00,1.118262791756062698e-02,2.975532583490453700e-02,4.167479357649047506e-02,4.176148061461110172e-02,4.074290791669375397e-03,4.986671867888953918e-02,2.379559196411156624e-02,3.562837266757688109e-02,2.104327850378172327e-02,5.870879656719329293e-02,1.610211733090609679e-02,1.181110894393515819e-02,1.478013999956656437e-02,8.040222785687969193e-03,1.705567475023297280e-02,1.982965997009297071e-02,3.768718982294172459e-02,1.595041501419500185e-02,5.337754372277485337e-02,4.507725982272500764e-02,1.809591920768047202e-02,4.330017554125219215e-02,8.928764926424376247e-02,6.629391240274798425e-02,7.097501246126172725e-02,6.315150727087531779e-02,1.289469692044297074e-02,4.091628199293500384e-02,1.655722428103937813e-02,1.146436079145265845e-02,1.911449190559781630e-02,1.092256680319875217e-02,1.933120950089937951e-02,7.888520468976875991e-03,3.944260234488437995e-03,1.497518583533797090e-02,1.131265847474156351e-02,1.079253624601781390e-02,9.969009383871876157e-03,1.480181175909672103e-02,5.179550527707344615e-03,2.167175953015625534e-03,8.668703812062502137e-03,1.796588865049953548e-02,2.542097392887328680e-02,1.265630756561125260e-02,2.828164618685391138e-02,3.359122727174219253e-02,3.710205231562750672e-02,9.188826040786251745e-03,4.124135838588734865e-02,2.743644756517781697e-02,4.072123615716360251e-02,2.741477580564766203e-02,4.949829876687688451e-02,2.316711093773703503e-02,1.785752985284875388e-02,1.582038445701406532e-02,9.817307067160782955e-03,2.078321738941984673e-02,2.245194287324187715e-02,2.875842489651734765e-02,2.347051557115922144e-02,6.009578917712329188e-02,5.727846043820297717e-02,9.969009383871876157e-03,4.056953384045250410e-02,1.162039746006978264e-01,5.654162061417766783e-02,6.369330125912922580e-02,4.687601586372797807e-02,6.999978328240469977e-03,4.011442689031922276e-02
1.287302516091281407e-02,1.491017055674750263e-02,1.118262791756062698e-02,0.000000000000000000e+00,3.142405131872656743e-02,4.301844266736016414e-02,4.340853433890297375e-02,4.291008386970938601e-03,5.188219231519407282e-02,2.470580586437812892e-02,3.714539583468781658e-02,2.201850768263875421e-02,6.087597252020891803e-02,1.664391131916000133e-02,1.207117005829703299e-02,1.540862102594109558e-02,8.278612140519689064e-03,1.787920161237890881e-02,2.067485859176906512e-02,3.879244955897969555e-02,1.651388076197906479e-02,5.450447521834297926e-02,4.657261123030578820e-02,1.883275903170578483e-02,4.488221398695359937e-02,9.279847430812908360e-02,6.861279067247469388e-02,7.329389073098845075e-02,6.551372905966235116e-02,1.315475803480484554e-02,4.219491580521422813e-02,1.753245345989640908e-02,1.200615477970656472e-02,1.987300348915328405e-02,1.142101727239234511e-02,1.967795765338187924e-02,8.061894545218125860e-03,4.117634310729687865e-03,1.573369741889343865e-02,1.157271958910344005e-02,1.111761263897015871e-02,1.025074225776390763e-02,1.538694926641094064e-02,5.439611642069219419e-03,2.232191231606094235e-03,8.755390850183127072e-03,1.850768263875344002e-02,2.682963829833344069e-02,1.300305571809375234e-02,2.958195175866328713e-02,3.517326571744359975e-02,3.848904492555750567e-02,9.643932990919533085e-03,4.295342738876969241e-02,2.867173785839672445e-02,4.301844266736016414e-02,2.899681425134906579e-02,5.121036776975922827e-02,2.383893548317187958e-02,1.883275903170578483e-02,1.627549140714734666e-02,1.005569642199250109e-02,2.149838545391500461e-02,2.379559196411156624e-02,2.979866935396484687e-02,2.470580586437812892e-02,6.241466744685000845e-02,5.959733870792969374e-02,1.053247513165593910e-02,4.217324404568406626e-02,1.210151052163925128e-01,5.909888823873610253e-02,6.594716425026547757e-02,4.847972606895954023e-02,7.303382961662657248e-03,4.163145005743016519e-02
3.432806709576750881e-02,4.126303014541750358e-02,2.975532583490453700e-02,3.142405131872656743e-02,0.000000000000000000e+00,1.159872570053962632e-01,1.187178987061959512e-01,1.174609366534468992e-02,1.407797499078950187e-01,6.828771427952234907e-02,1.029408577682422027e-01,5.994408686041219347e-02,1.659623344819365909e-01,4.605248900158203512e-02,3.265934161194547491e-02,4.221658756474438307e-02,2.275534750666406703e-02,4.858808486661032183e-02,5.634657477840625955e-02,1.060615911405847073e-01,4.544567973473766231e-02,1.493184231627765757e-01,1.247643196151095452e-01,5.071191730056563013e-02,1.230955941312875251e-01,2.533211971479964464e-01,1.862471014021628291e-01,2.001386992609930082e-01,1.776867563877511103e-01,3.606180785818000750e-02,1.143618750406345530e-01,4.765619920681360422e-02,3.170578419261859543e-02,5.251067334156860056e-02,3.034046334221875488e-02,5.450447521834297926e-02,2.245194287324187715e-02,1.096591032225906377e-02,4.286674035064906574e-02,3.135903604013609569e-02,2.973365407537437860e-02,2.747979108423813030e-02,4.193485469085234812e-02,1.486682703768718930e-02,6.111436187504063096e-03,2.334048501397828490e-02,5.066857378150532026e-02,7.175519580434736033e-02,3.489153284355156481e-02,8.181089222633985969e-02,9.563747480657953937e-02,1.056281559499815809e-01,2.550766096699391000e-02,1.168974709056628258e-01,7.925362460178142499e-02,1.176343107296881491e-01,7.858180005634657350e-02,1.402162841601109489e-01,6.661898879570032905e-02,5.097197841492751014e-02,4.447045055588063484e-02,2.765316516047938017e-02,5.758186507162516704e-02,6.434345404503391541e-02,8.118241119996533195e-02,6.796263788657000426e-02,1.707301215785709536e-01,1.613895932210736295e-01,2.834666146544437965e-02,1.140151268881520463e-01,3.298008365299178735e-01,1.605877381184578345e-01,1.801573369741889252e-01,1.323060919316039197e-01,2.037145395834687872e-02,1.129098671521140823e-01
4.824133671412782209e-02,5.632490301887610462e-02,4.167479357649047506e-02,4.301844266736016414e-02,1.159872570053962632e-01,0.000000000000000000e+00,1.623864941594607980e-01,1.621047612855687839e-02,1.954792709620093993e-01,9.243005439611641505e-02,1.373556119021303312e-01,8.100903712372407861e-02,2.282252996120754940e-01,6.256636976356109991e-02,4.486054222742344444e-02,5.721344515961251237e-02,3.109897492577422262e-02,6.774592029126845494e-02,7.806167782762282736e-02,1.464144073857356343e-01,6.122272067269141776e-02,2.054049368268209830e-01,1.761480614611100337e-01,6.997811152287454484e-02,1.694514877662917363e-01,3.495871529809504996e-01,2.572004421038944222e-01,2.760765446546605273e-01,2.462778753006956700e-01,4.925990941204516638e-02,1.579871269748390761e-01,6.443014108315453514e-02,4.405868712480766336e-02,7.316386017380750728e-02,4.195652645038251000e-02,7.450750926467719637e-02,3.034046334221875488e-02,1.495351407580781423e-02,5.760353683115532197e-02,4.308345794595062894e-02,4.139306070259844705e-02,3.796892269683375259e-02,5.727846043820297717e-02,1.985133172962312911e-02,8.408642697700625598e-03,3.289773096677719305e-02,7.056324903018876271e-02,9.899659753375376903e-02,4.886981774050234983e-02,1.103959430466159575e-01,1.330212599960990949e-01,1.448973842186247196e-01,3.558502914851657123e-02,1.617363413735561084e-01,1.062349652168259606e-01,1.612162191448323623e-01,1.068201027241401785e-01,1.932254079708731476e-01,9.056628307652297982e-02,6.965303512992220003e-02,6.104934659645016443e-02,3.775220510153219633e-02,8.040222785687969886e-02,8.803068721149470699e-02,1.129965541902347020e-01,9.117309234336735957e-02,2.355503543332683192e-01,2.251695815183234750e-01,3.946427410441454009e-02,1.589190126346358145e-01,4.554103547667034957e-01,2.225039550961142587e-01,2.485534100513620837e-01,1.836898337776043943e-01,2.765316516047938017e-02,1.579004399367184563e-01
4.782957328305485062e-02,5.732180395726328703e-02,4.176148061461110172e-02,4.340853433890297375e-02,1.187178987061959512e-01,1.623864941594607980e-01,0.000000000000000000e+00,1.638385020479812826e-02,1.981015538651583197e-01,9.433716923477017402e-02,1.421667425178250177e-01,8.298116724096829544e-02,2.309992848319354919e-01,6.393169061396095088e-02,4.514227510131547244e-02,5.818867433846953985e-02,3.168411243308844050e-02,6.768090501267798320e-02,7.860347181587673537e-02,1.476930411980148794e-01,6.263138504215157165e-02,2.077021433370175307e-01,1.753895498775545625e-01,7.058492078971891071e-02,1.717270225169581499e-01,3.536181002535596085e-01,2.596060074117417793e-01,2.788938733935808489e-01,2.481199748607589572e-01,5.001842099560063065e-02,1.584639056845025262e-01,6.577379017402422423e-02,4.379862601044579029e-02,7.264373794508376114e-02,4.206488524803328466e-02,7.543939492447392092e-02,3.090392909000281782e-02,1.514855991157922077e-02,5.942396463168844734e-02,4.338686257937281882e-02,4.167479357649047506e-02,3.859740372320828727e-02,5.788526970504734998e-02,2.045814099646750192e-02,8.560345014411720535e-03,3.255098281429469331e-02,7.084498190408079765e-02,9.964675031965845864e-02,4.889148950003250477e-02,1.123464014043300124e-01,1.328478859198578277e-01,1.467828272977483028e-01,3.586676202240859923e-02,1.633400515787876706e-01,1.098974925774223593e-01,1.636867997312701772e-01,1.089005916390351769e-01,1.961294237479140889e-01,9.190993216739266891e-02,7.056324903018876271e-02,6.165615586329454417e-02,3.840235788743687900e-02,8.046724313547017060e-02,8.972108445484688888e-02,1.134083176213076805e-01,9.370868820839564628e-02,2.374357974123919024e-01,2.259280931018789462e-01,3.972433521877641316e-02,1.593957913442992369e-01,4.598097219513252454e-01,2.233924972368506734e-01,2.514140823093427013e-01,1.844916888802201893e-01,2.823830266779359804e-02,1.580304704938993998e-01
4.746115337104219074e-03,5.678000996900938423e-03,4.074290791669375397e-03,4.291008386970938601e-03,1.174609366534468992e-02,1.621047612855687839e-02,1.638385020479812826e-02,0.000000000000000000e+00,1.980798821056281578e-02,9.253841319376720012e-03,1.384825433976984675e-02,8.235268621459375729e-03,2.299373686149578516e-02,6.219794985154844698e-03,4.507725982272500938e-03,5.721344515961250890e-03,3.120733372342500683e-03,6.696573694818282706e-03,7.823505190386407723e-03,1.454175064473484623e-02,6.284810263745313832e-03,2.054482803458812859e-02,1.729406410506469094e-02,7.086665366361094912e-03,1.701233123117265947e-02,3.521660923650390962e-02,2.565936328370500494e-02,2.750146284376828523e-02,2.461911882625750225e-02,4.919489413345469811e-03,1.564701038077281545e-02,6.588214897167501104e-03,4.377695425091563536e-03,7.151680644951564046e-03,4.247664867910625267e-03,7.455085278373751317e-03,3.034046334221875314e-03,1.452007888520468956e-03,5.873046832672344959e-03,4.269336627440781934e-03,4.139306070259844532e-03,3.835901436837656827e-03,5.764688035021563357e-03,2.058817155364843932e-03,8.451986216760938716e-04,3.120733372342500683e-03,7.043321847300782444e-03,9.838978826690939622e-03,4.941161172875625611e-03,1.129098671521140858e-02,1.337147563010640874e-02,1.462843768285547116e-02,3.597512082005938257e-03,1.627549140714734666e-02,1.064083392930672070e-02,1.642719372385844159e-02,1.079253624601781390e-02,1.939622477948984777e-02,9.188826040786251745e-03,7.021650087770625777e-03,6.068092668443750629e-03,3.770886158247188126e-03,8.061894545218125860e-03,8.928764926424376941e-03,1.113928439850031364e-02,9.318856597967188279e-03,2.366556140693062971e-02,2.249528639230219049e-02,3.900916715428125528e-03,1.584205621654422025e-02,4.590078668487094365e-02,2.204017944216890915e-02,2.479249290249875559e-02,1.824762152439156696e-02,2.730641700799688043e-03,1.566868214030297038e-02
5.704007108337125903e-02,6.906789762260798216e-02,4.986671867888953918e-02,5.188219231519407282e-02,1.407797499078950187e-01,1.954792709620093993e-01,1.981015538651583197e-01,1.980798821056281578e-02,0.000000000000000000e+00,1.128015083544633007e-01,1.676527317252887728e-01,9.806471187395704447e-02,2.780486747719047580e-01,7.632793706521032173e-02,5.385432243243828965e-02,6.926294345837938349e-02,3.820731205166547767e-02,8.252606029083500716e-02,9.446719979195110362e-02,1.767982142470147233e-01,7.405240231454392197e-02,2.493552651539778509e-01,2.122098693192900343e-01,8.462822096526016746e-02,2.075070975012461294e-01,4.267819604273671019e-01,3.120299937151897463e-01,3.358906009578917495e-01,3.003272435689053332e-01,5.953232342933922894e-02,1.901913616366512905e-01,7.797499078950219376e-02,5.207723815096547415e-02,8.618858765143141976e-02,5.014845155278156719e-02,9.017619140498017716e-02,3.679864768220531684e-02,1.777084281472812721e-02,6.995643976334438296e-02,5.177383351754329122e-02,4.958498580499751118e-02,4.570574084909953538e-02,6.930628697743969335e-02,2.407732483800359771e-02,1.038077281494484590e-02,3.859740372320828727e-02,8.673038163968532777e-02,1.197147996445831475e-01,5.896885768155516599e-02,1.337797715796545384e-01,1.625598682357020652e-01,1.761263897015798718e-01,4.314847322454110068e-02,1.991851418416661357e-01,1.300522289404676679e-01,1.974297293197234682e-01,1.286869080900678308e-01,2.364605682335348680e-01,1.097891337797715777e-01,8.438983161042845627e-02,7.439915046702641477e-02,4.587911492534078872e-02,9.739288732852220687e-02,1.075786143076956358e-01,1.369655202305875286e-01,1.105909888823873588e-01,2.875625772056433216e-01,2.738226816635242478e-01,4.776455800446438582e-02,1.935504843638254924e-01,5.546670134148191655e-01,2.703335283791691301e-01,3.023427172052098877e-01,2.238042606679236379e-01,3.385128838610406560e-02,1.912749496131590787e-01
2.730641700799688043e-02,3.276770040959625652e-02,2.379559196411156624e-02,2.470580586437812892e-02,6.828771427952234907e-02,9.243005439611641505e-02,9.433716923477017402e-02,9.253841319376720012e-03,1.128015083544633007e-01,0.000000000000000000e+00,8.144247231432720502e-02,4.726610753527078768e-02,1.324144507292547013e-01,3.686366296079578858e-02,2.568103504323515987e-02,3.346119671456125599e-02,1.807424744815031362e-02,3.933424354723359662e-02,4.516394686084563431e-02,8.540840430834580055e-02,3.541165507227531789e-02,1.204949829876687667e-01,9.992848319355047970e-02,4.007108337125891290e-02,9.880155169798235382e-02,2.010705849207897189e-01,1.489066597317036111e-01,1.602409899659753278e-01,1.422751013154757993e-01,2.901848601087922419e-02,9.110807706477688783e-02,3.684199120126563365e-02,2.474914938343844226e-02,4.152309125977938359e-02,2.368723316646078464e-02,4.371193897232516362e-02,1.755412521942656401e-02,8.712047331122813737e-03,3.330949439785016453e-02,2.490085170014953372e-02,2.390395076176234784e-02,2.180179008733719101e-02,3.365624255033266427e-02,1.157271958910344005e-02,4.789458856164532409e-03,1.874607199358515816e-02,4.117634310729688385e-02,5.656329237370782276e-02,2.773985219860000337e-02,6.510196562858938663e-02,7.543939492447392092e-02,8.445484688901891412e-02,1.995969052727391072e-02,9.394707756322735748e-02,6.354159894241813433e-02,9.325358125826235800e-02,6.176451466094531884e-02,1.120646685304379914e-01,5.309581084888281843e-02,3.983269401642719476e-02,3.578007498428797256e-02,2.230024055653078568e-02,4.616084779923281672e-02,5.105866545304812987e-02,6.583880545261469597e-02,5.283574973452094536e-02,1.370738790282383102e-01,1.279067247469821977e-01,2.240859935418156729e-02,9.175822985068157744e-02,2.617298398456970876e-01,1.285785492924170492e-01,1.448106971805040721e-01,1.056281559499815809e-01,1.642719372385844159e-02,9.013284788591985341e-02
4.139306070259844705e-02,4.941161172875625784e-02,3.562837266757688109e-02,3.714539583468781658e-02,1.029408577682422027e-01,1.373556119021303312e-01,1.421667425178250177e-01,1.384825433976984675e-02,1.676527317252887728e-01,8.144247231432720502e-02,0.000000000000000000e+00,7.119173005656329045e-02,1.979065080293869183e-01,5.532800208048891527e-02,3.846737316602735074e-02,5.014845155278156719e-02,2.691632533645406736e-02,5.805864378128860331e-02,6.729081334113516666e-02,1.265847474156426844e-01,5.400602474914938111e-02,1.788136878833192500e-01,1.500335912272717509e-01,6.031250677242485508e-02,1.476280259194243938e-01,3.024727477623908034e-01,2.215937411958476821e-01,2.389528205795028448e-01,2.111262813427822183e-01,4.336519081984266388e-02,1.357302299373686072e-01,5.606484190451422461e-02,3.740545694904969659e-02,6.178618642047548071e-02,3.588843378193875416e-02,6.527533970483063996e-02,2.637453134820015935e-02,1.280800988232234580e-02,5.001842099560063065e-02,3.688533472032594351e-02,3.523828099603406455e-02,3.231259345946297518e-02,4.993173395748001092e-02,1.748910994083609574e-02,7.173352404481719846e-03,2.795656979390156657e-02,6.109269011551048123e-02,8.469323624385063920e-02,4.197819820991266493e-02,9.795635307630626287e-02,1.134950046594283002e-01,1.261296404655093961e-01,3.029711982315844154e-02,1.395011160956158014e-01,9.407710812040830095e-02,1.400429100838697094e-01,9.314522246061157640e-02,1.680861669158918992e-01,7.986043386862579085e-02,5.961901046745985561e-02,5.320416964653360004e-02,3.311444856207875626e-02,6.887285178683656695e-02,7.602453243178813880e-02,9.758793316429360820e-02,8.020718202110829753e-02,2.045163946860845683e-01,1.911665908155083249e-01,3.367791430986281920e-02,1.369005049519970429e-01,3.929306720412630294e-01,1.913399648917495643e-01,2.158507249203562850e-01,1.580954857724898577e-01,2.455410354766703399e-02,1.342132067702576648e-01
2.457577530719719239e-02,2.856337906074594285e-02,2.104327850378172327e-02,2.201850768263875421e-02,5.994408686041219347e-02,8.100903712372407861e-02,8.298116724096829544e-02,8.235268621459375729e-03,9.806471187395704447e-02,4.726610753527078768e-02,7.119173005656329045e-02,0.000000000000000000e+00,1.165940662722406429e-01,3.226924994040265837e-02,2.279869102572437689e-02,2.912684480853000579e-02,1.577704093795375198e-02,3.408967774093578373e-02,3.924755650911297689e-02,7.459419630279782998e-02,3.170578419261859543e-02,1.047829573283054899e-01,8.798734369243438325e-02,3.541165507227531789e-02,8.577682422035845522e-02,1.775567258305701945e-01,1.299655419023470482e-01,1.404980170340029977e-01,1.246342890579286156e-01,2.520425633357172360e-02,8.055393017359079033e-02,3.278937216912641145e-02,2.238692759465140888e-02,3.738378518951953472e-02,2.125999609908328300e-02,3.812062501354485100e-02,1.569035389983312878e-02,7.650131114145157854e-03,2.949526472054266046e-02,2.223522527794031742e-02,2.128166785861344140e-02,1.943956829855015764e-02,2.930021888477125566e-02,1.029408577682422096e-02,4.225993108380469467e-03,1.690397243352187787e-02,3.562837266757688109e-02,4.991006219794984905e-02,2.459744706672734732e-02,5.704007108337125903e-02,6.564375961684329464e-02,7.361896712394079556e-02,1.783585809331859548e-02,8.109572416184469834e-02,5.495958216847626060e-02,8.168086166915891622e-02,5.511128448518735207e-02,9.760960492382377007e-02,4.635589363500422500e-02,3.536831155321500803e-02,3.112064668530438102e-02,1.915783542465812964e-02,4.030947272609063103e-02,4.490388574648375430e-02,5.708341460243156890e-02,4.724443577574063274e-02,1.191079903777387677e-01,1.120429967709078295e-01,1.998136228680406565e-02,7.938365515896235458e-02,2.306742084389831748e-01,1.113061569468825202e-01,1.264547168584617409e-01,9.214832152222439399e-02,1.410831545413172156e-02,7.981709034956548099e-02
6.746418741737642000e-02,8.111739592137486021e-02,5.870879656719329293e-02,6.087597252020891803e-02,1.659623344819365909e-01,2.282252996120754940e-01,2.310209565914656538e-01,2.299373686149578516e-02,2.780486747719047580e-01,1.324144507292547013e-01,1.979065080293869183e-01,1.165940662722406429e-01,0.000000000000000000e+00,8.943935158095485394e-02,6.338989662570704287e-02,8.142080055479704315e-02,4.434041999869969136e-02,9.572416184470017297e-02,1.103525995275556476e-01,2.073120516654747281e-01,8.772728257807251018e-02,2.920919749474459870e-01,2.465162646555273951e-01,9.951671976247751517e-02,2.418351645970136243e-01,4.997507747654031940e-01,3.639772013089742630e-01,3.920854734195869384e-01,3.498472140953123866e-01,6.993476800381423497e-02,2.225472986151745547e-01,9.169321457209110571e-02,6.148278178705329083e-02,1.019873003489153301e-01,5.914223175779641239e-02,1.057365147476323625e-01,4.310512970548079081e-02,2.108662202284203313e-02,8.241770149318422556e-02,6.109269011551048123e-02,5.877381184578375772e-02,5.443945993975250752e-02,8.087900656654313514e-02,2.830331794638406631e-02,1.202782653923672139e-02,4.574908436815985219e-02,1.004702771818043877e-01,1.399128795266887659e-01,6.880783650824610909e-02,1.571419283531629851e-01,1.869622694666580043e-01,2.056216544221225184e-01,5.056021498385453866e-02,2.298940250958975418e-01,1.536094315497475160e-01,2.300673991721387812e-01,1.528725917257222067e-01,2.753180330711050283e-01,1.285135340138265914e-01,9.895325401469345916e-02,8.683874043733610937e-02,5.374596363478750805e-02,1.135383481784886101e-01,1.259562663892681567e-01,1.599375853325531449e-01,1.306590382073120615e-01,3.347636694623236653e-01,3.173612465596081789e-01,5.606484190451422461e-02,2.249962074420822356e-01,6.480722969897926289e-01,3.147172918969290967e-01,3.529462757081247570e-01,2.599310838046940964e-01,3.963764818065578649e-02,2.228723750081268995e-01
1.865938495546453496e-02,2.230024055653078568e-02,1.610211733090609679e-02,1.664391131916000133e-02,4.605248900158203512e-02,6.256636976356109991e-02,6.393169061396095088e-02,6.219794985154844698e-03,7.632793706521032173e-02,3.686366296079578858e-02,5.532800208048891527e-02,3.226924994040265837e-02,8.943935158095485394e-02,0.000000000000000000e+00,1.746743818130594081e-02,2.275534750666406703e-02,1.217952885594781459e-02,2.615781375289859614e-02,3.057885269705047301e-02,5.714842988102204063e-02,2.433738595236547425e-02,8.016383850204798767e-02,6.778926381032876480e-02,2.730641700799688043e-02,6.648895823851938558e-02,1.359469475326701704e-01,1.004486054222742397e-01,1.079036907006479806e-01,9.587586416141126444e-02,1.956959885573109764e-02,6.102767483692000949e-02,2.544264568840344173e-02,1.709901826929328267e-02,2.808660035108250311e-02,1.631883492620765999e-02,2.878009665604750605e-02,1.176776542487484485e-02,5.851375073142188292e-03,2.286370630431484863e-02,1.640552196432828319e-02,1.595041501419500185e-02,1.480181175909672103e-02,2.275534750666406703e-02,7.975207507097500925e-03,3.207420410463125617e-03,1.250460524890015766e-02,2.754480636282859857e-02,3.866241900179875901e-02,1.898446134841687630e-02,4.401534360574735349e-02,5.157878768177188294e-02,5.673666644994906916e-02,1.391326961836031502e-02,6.278308735886266312e-02,4.278005331252844601e-02,6.382333181631016927e-02,4.232494636239516467e-02,7.572112779836595586e-02,3.586676202240859923e-02,2.721972996987625376e-02,2.403398131894328438e-02,1.491017055674750263e-02,3.116399020436469089e-02,3.484818932449125495e-02,4.401534360574735349e-02,3.640855601066250724e-02,9.253841319376719665e-02,8.718548858981860217e-02,1.527859046876015904e-02,6.224129337060876205e-02,1.779034739830526735e-01,8.712047331122814431e-02,9.728452853087142527e-02,7.104002773985219898e-02,1.098758208178922044e-02,6.063758316537719989e-02
1.376156730164922008e-02,1.551697982359187718e-02,1.181110894393515819e-02,1.207117005829703299e-02,3.265934161194547491e-02,4.486054222742344444e-02,4.514227510131547244e-02,4.507725982272500938e-03,5.385432243243828965e-02,2.568103504323515987e-02,3.846737316602735074e-02,2.279869102572437689e-02,6.338989662570704287e-02,1.746743818130594081e-02,0.000000000000000000e+00,1.610211733090609679e-02,8.690375571592657070e-03,1.861604143640422163e-02,2.154172897297531447e-02,4.089461023340484891e-02,1.712069002882344107e-02,5.753852155256485024e-02,4.891316125956266664e-02,1.956959885573109764e-02,4.670264178748672473e-02,9.711115445463017193e-02,7.169018052575688860e-02,7.650131114145157507e-02,6.833105779858267281e-02,1.382658258023969008e-02,4.447045055588063484e-02,1.785752985284875388e-02,1.254794876796047100e-02,2.091324794660078326e-02,1.181110894393515819e-02,2.078321738941984673e-02,8.560345014411720535e-03,4.269336627440781934e-03,1.621047612855687839e-02,1.222287237500812619e-02,1.170275014628437658e-02,1.068417744836703230e-02,1.592874325466484692e-02,5.591313958780313488e-03,2.318878269726719170e-03,9.383871876557658281e-03,1.943956829855015764e-02,2.752313460329844017e-02,1.358819322540797021e-02,3.077389853282188129e-02,3.656025832737359871e-02,4.037448800468110277e-02,9.795635307630626287e-03,4.440543527729016310e-02,2.956027999913312873e-02,4.375528249138547349e-02,2.995037167067594180e-02,5.359426131807641658e-02,2.511756929545109693e-02,1.920117894371843950e-02,1.707734650976312774e-02,1.044578809353531416e-02,2.240859935418156729e-02,2.429404243330516092e-02,3.122900548295516263e-02,2.526927161216219186e-02,6.501527859046876689e-02,6.165615586329454417e-02,1.094423856272890710e-02,4.366859545326485376e-02,1.260212816678586145e-01,6.135275122987235430e-02,6.943631753462063683e-02,5.077693257915610187e-02,7.650131114145157854e-03,4.362525193420453695e-02
1.725072058600437760e-02,2.008972108445484725e-02,1.478013999956656437e-02,1.540862102594109558e-02,4.221658756474438307e-02,5.721344515961251237e-02,5.818867433846953985e-02,5.721344515961250890e-03,6.926294345837938349e-02,3.346119671456125599e-02,5.014845155278156719e-02,2.912684480853000579e-02,8.142080055479704315e-02,2.275534750666406703e-02,1.610211733090609679e-02,0.000000000000000000e+00,1.122597143662093858e-02,2.396896604035281611e-02,2.765316516047938017e-02,5.246732982250829069e-02,2.219188175888000408e-02,7.353228008582016195e-02,6.239299568731985351e-02,2.498753873827016039e-02,6.026916325336453828e-02,1.240491515506143977e-01,9.188826040786252092e-02,9.860650586221095248e-02,8.761892378042172858e-02,1.792254513143922215e-02,5.630323125934594969e-02,2.286370630431484863e-02,1.582038445701406532e-02,2.613614199336844121e-02,1.493184231627765930e-02,2.680796653880328576e-02,1.094423856272890710e-02,5.396268123008906951e-03,2.071820211082937846e-02,1.538694926641094064e-02,1.465010944238562783e-02,1.341481914916672034e-02,2.073987387035953339e-02,7.238367683072188981e-03,2.947359296101250380e-03,1.165940662722406498e-02,2.487917994061937879e-02,3.515159395791344482e-02,1.735907938365515921e-02,3.981102225689703983e-02,4.713607697808985114e-02,5.190386407472422775e-02,1.259129228702078260e-02,5.736514747632360384e-02,3.853238844461781554e-02,5.714842988102204063e-02,3.822898381119563260e-02,6.930628697743969335e-02,3.261599809288515811e-02,2.464079058578766065e-02,2.204017944216890915e-02,1.358819322540797021e-02,2.860672257980625618e-02,3.146739483778687729e-02,4.030947272609063103e-02,3.272435689053593971e-02,8.399973993888563972e-02,7.921028108272110124e-02,1.384825433976984675e-02,5.643326181652688622e-02,1.618013566521465940e-01,7.910192228507031964e-02,8.943935158095485394e-02,6.512363738811953462e-02,9.990681143402032824e-03,5.571809375203172487e-02
9.015451964545001876e-03,1.109594087944000204e-02,8.040222785687969193e-03,8.278612140519689064e-03,2.275534750666406703e-02,3.109897492577422262e-02,3.168411243308844050e-02,3.120733372342500683e-03,3.820731205166547767e-02,1.807424744815031362e-02,2.691632533645406736e-02,1.577704093795375198e-02,4.434041999869969136e-02,1.217952885594781459e-02,8.690375571592657070e-03,1.122597143662093858e-02,0.000000000000000000e+00,1.306807099668422061e-02,1.506187287345859584e-02,2.834666146544437965e-02,1.191946774158593979e-02,4.035281624515094090e-02,3.380794486704375573e-02,1.352317794681750195e-02,3.298441800489781972e-02,6.850443187482391227e-02,4.988839043841969412e-02,5.376763539431766298e-02,4.774288624493422395e-02,9.383871876557658281e-03,3.042715038033937808e-02,1.252627700843031433e-02,8.343627419110157331e-03,1.389159785883015835e-02,8.126909823808595862e-03,1.443339184708406463e-02,5.916390351732657427e-03,2.882344017510781679e-03,1.122597143662093858e-02,8.386970938170470666e-03,7.801833430856251056e-03,7.260039442602344781e-03,1.100925384131937711e-02,3.857573196367813061e-03,1.647053724291875276e-03,6.024749149383438161e-03,1.376156730164922008e-02,1.917950718418828457e-02,9.448887155148126549e-03,2.156340073250547287e-02,2.611447023383828628e-02,2.815161562967297484e-02,6.869947771059532575e-03,3.177079947120906717e-02,2.095659146566109660e-02,3.144572307825672236e-02,2.052315627505797366e-02,3.773053334200203446e-02,1.748910994083609574e-02,1.358819322540797021e-02,1.204949829876687632e-02,7.411741759313438850e-03,1.575536917842359705e-02,1.718570530741390934e-02,2.208352296122922248e-02,1.764081225754719068e-02,4.607416076111219699e-02,4.343020609843312868e-02,7.563444076024532052e-03,3.090392909000281782e-02,8.848579416162798139e-02,4.351689313655375535e-02,4.841471079036906849e-02,3.612682313677047230e-02,5.396268123008906951e-03,3.016708926597750501e-02
1.961294237479141098e-02,2.377392020458141131e-02,1.705567475023297280e-02,1.787920161237890881e-02,4.858808486661032183e-02,6.774592029126845494e-02,6.768090501267798320e-02,6.696573694818282706e-03,8.252606029083500716e-02,3.933424354723359662e-02,5.805864378128860331e-02,3.408967774093578373e-02,9.572416184470017297e-02,2.615781375289859614e-02,1.861604143640422163e-02,2.396896604035281611e-02,1.306807099668422061e-02,0.000000000000000000e+00,3.250763929523438345e-02,6.150445354658344577e-02,2.524759985263203346e-02,8.647032052532345470e-02,7.279544026179485261e-02,2.901848601087922419e-02,7.127841709468392406e-02,1.456342240426500290e-01,1.078820189411178326e-01,1.160522722839867349e-01,1.038727434280389272e-01,2.060984331317859686e-02,6.551372905966235116e-02,2.663459246256203589e-02,1.803090392909000375e-02,3.021043278503781834e-02,1.729406410506469094e-02,3.109897492577422262e-02,1.254794876796047100e-02,6.284810263745313832e-03,2.418568363565437931e-02,1.796588865049953548e-02,1.725072058600437760e-02,1.582038445701406532e-02,2.407732483800359771e-02,8.321955659580000664e-03,3.489153284355156655e-03,1.347983442775719035e-02,2.982034111349500527e-02,4.132804542400797532e-02,2.019807988210562885e-02,4.633422187547407006e-02,5.515462800424766193e-02,6.046420908913594655e-02,1.456342240426500290e-02,6.789762260797954641e-02,4.551069501332813405e-02,6.761588973408751146e-02,4.455713759400125457e-02,8.038055609734953699e-02,3.770886158247187953e-02,2.917018832759031566e-02,2.594109615759703641e-02,1.592874325466484692e-02,3.382961662657391066e-02,3.723208287280844325e-02,4.772121448540406902e-02,3.779554862059250619e-02,9.953839152200767704e-02,9.381704700604641400e-02,1.647053724291875146e-02,6.674901935288125865e-02,1.901263463580608049e-01,9.366534468933532254e-02,1.041544763019309483e-01,7.686973105346422974e-02,1.172442190581453325e-02,6.577379017402422423e-02
2.310209565914656676e-02,2.728474524846672203e-02,1.982965997009297071e-02,2.067485859176906512e-02,5.634657477840625955e-02,7.806167782762282736e-02,7.860347181587673537e-02,7.823505190386407723e-03,9.446719979195110362e-02,4.516394686084563431e-02,6.729081334113516666e-02,3.924755650911297689e-02,1.103525995275556476e-01,3.057885269705047301e-02,2.154172897297531447e-02,2.765316516047938017e-02,1.506187287345859584e-02,3.250763929523438345e-02,0.000000000000000000e+00,7.058492078971891071e-02,2.969031055631406874e-02,9.982012439589969810e-02,8.460654920573001947e-02,3.369958606939297413e-02,8.215764037882235249e-02,1.678261058015300400e-01,1.243525561840365806e-01,1.334113516676418976e-01,1.185011811108943880e-01,2.409899659753375264e-02,7.619790650802939214e-02,3.090392909000281782e-02,2.093491970613094166e-02,3.489153284355156481e-02,1.991634700821359738e-02,3.643022777019266217e-02,1.465010944238562783e-02,7.195024164011876514e-03,2.804325683202219324e-02,2.067485859176906512e-02,2.004637756539453392e-02,1.824762152439156696e-02,2.784821099625078497e-02,9.665604750449689753e-03,4.074290791669375397e-03,1.595041501419500185e-02,3.419803653858656534e-02,4.743948161151204101e-02,2.338382853303859824e-02,5.398435298961922618e-02,6.319485078993564153e-02,7.060659254924907258e-02,1.668725483822031466e-02,7.806167782762282736e-02,5.227228398673688242e-02,7.751988383936891935e-02,5.164380296036235468e-02,9.396874932275751935e-02,4.418871768198859989e-02,3.339618143597078426e-02,2.960362351819344207e-02,1.839932384110265842e-02,3.857573196367813234e-02,4.230327460286500973e-02,5.433110114210172592e-02,4.421038944151875483e-02,1.135600199380187719e-01,1.076219578267559596e-01,1.907114838653750297e-02,7.684805929393406787e-02,2.196216110786034792e-01,1.067334156860195449e-01,1.205599982662592384e-01,8.820406128773594645e-02,1.343649090869687701e-02,7.593784539366750519e-02
4.382029776997594522e-02,5.151377240318141121e-02,3.768718982294172459e-02,3.879244955897969555e-02,1.060615911405847073e-01,1.464144073857356343e-01,1.476930411980148794e-01,1.454175064473484623e-02,1.767982142470147233e-01,8.540840430834580055e-02,1.265847474156426844e-01,7.459419630279782998e-02,2.073120516654747281e-01,5.714842988102204063e-02,4.089461023340484891e-02,5.246732982250829069e-02,2.834666146544437965e-02,6.150445354658344577e-02,7.058492078971891071e-02,0.000000000000000000e+00,5.606484190451422461e-02,1.882625750384673835e-01,1.587673103179247092e-01,6.356327070194829620e-02,1.546280042476648742e-01,3.178813687883318972e-01,2.340983464447478624e-01,2.513707387902823776e-01,2.237175736298029904e-01,4.518561862037578925e-02,1.434887198491645588e-01,5.799362850269813158e-02,3.970266345924625823e-02,6.627224064321782238e-02,3.792557917777344273e-02,6.781093556985891280e-02,2.743644756517781697e-02,1.365320850399844022e-02,5.227228398673688242e-02,3.931257178770344168e-02,3.766551806341156966e-02,3.450144117200875521e-02,5.240231454391781896e-02,1.811759096721062695e-02,7.541772316494376252e-03,2.982034111349500527e-02,6.460351515939578848e-02,8.911427518800250913e-02,4.416704592245844496e-02,1.016838957154931472e-01,1.195197538088117323e-01,1.318293132219404973e-01,3.187915826885984877e-02,1.459593004356023738e-01,9.821641419066813594e-02,1.464360791452657962e-01,9.769629196194438980e-02,1.751294887631926755e-01,8.311119779814922504e-02,6.310816375181500792e-02,5.621654422122532302e-02,3.465314348871984668e-02,7.294714257850594408e-02,7.992544914721626259e-02,1.035910105541468923e-01,8.317621307673969677e-02,2.153522744511627007e-01,2.020674858591769152e-01,3.558502914851657123e-02,1.442689031922501919e-01,4.134755000758511545e-01,2.020458140996467533e-01,2.266215894068439318e-01,1.670675942179745688e-01,2.548598920746375507e-02,1.425785059488979822e-01
1.870272847452484830e-02,2.175844656827687768e-02,1.595041501419500185e-02,1.651388076197906479e-02,4.544567973473766231e-02,6.122272067269141776e-02,6.263138504215157165e-02,6.284810263745313832e-03,7.405240231454392197e-02,3.541165507227531789e-02,5.400602474914938111e-02,3.170578419261859543e-02,8.772728257807251018e-02,2.433738595236547425e-02,1.712069002882344107e-02,2.219188175888000408e-02,1.191946774158593979e-02,2.524759985263203346e-02,2.969031055631406874e-02,5.606484190451422461e-02,0.000000000000000000e+00,7.873350237305766497e-02,6.726914158160500479e-02,2.713304293175563056e-02,6.460351515939578848e-02,1.352101077086448611e-01,9.799969659536657274e-02,1.049129878854864195e-01,9.336194005591313960e-02,1.900613310794703470e-02,6.059423964631688309e-02,2.492252345967969213e-02,1.694731595258219120e-02,2.799991331296187991e-02,1.612378909043625172e-02,2.854170730121578445e-02,1.174609366534468992e-02,5.764688035021563357e-03,2.247361463277203555e-02,1.649220900244890986e-02,1.573369741889343865e-02,1.460676592332531450e-02,2.156340073250547287e-02,7.693474633205470321e-03,3.229092169993281851e-03,1.265630756561125260e-02,2.650456190538109935e-02,3.770886158247187953e-02,1.855102615781375336e-02,4.295342738876969241e-02,5.038684090761329226e-02,5.576143727109204168e-02,1.347983442775719035e-02,6.094098779879938282e-02,4.067789263810328571e-02,6.182952993953579057e-02,4.189151117179203826e-02,7.435580694796610490e-02,3.497821988167219148e-02,2.689465357692390896e-02,2.312376741867672170e-02,1.436837656849359636e-02,3.047049389939969141e-02,3.367791430986281920e-02,4.271503803393797427e-02,3.595344906052922590e-02,8.939600806189454407e-02,8.508332791539345574e-02,1.514855991157922077e-02,5.955399518886938387e-02,1.746310382939990913e-01,8.378302234358407652e-02,9.496565026114470176e-02,6.986975272522376323e-02,1.059749041024640737e-02,5.983572806276141881e-02
