0.000000000000000000e+00,1.044044871715763163e-02,8.206735693746837479e-03,4.418062223099801164e-03,1.680838197726795824e-02,2.278140464760400330e-02,2.733521738593871347e-02,3.862719206229714430e-03,3.190137108020386913e-02,1.816588712961705876e-02,1.652453999086769126e-02,1.563599116387555388e-02,3.789907566240081210e-02,9.490195110513259882e-03,1.363675630314324129e-02,9.021238785156298484e-03,6.602411422788809041e-03,1.306907233034270907e-02,1.282225321173378028e-02,2.402784119657908751e-02,1.208179585590699913e-02,4.203329589910034109e-02,3.197541681578654899e-02,1.447594130641359500e-02,3.258012365637842633e-02,6.847996445804692411e-02,4.202095494316989560e-02,5.027705446063852196e-02,3.868889684194937867e-02,8.873147313990942253e-03,2.327504288482185740e-02,1.150177092717601969e-02,7.231800175241573890e-03,1.057619923239254064e-02,6.565388554997469983e-03,9.280398859695672756e-03,4.751268033221853551e-03,4.269970751934444933e-03,1.173624908985449952e-02,7.244141131172020243e-03,9.354444595278350871e-03,6.590070466858362688e-03,7.836507015833446901e-03,2.443509274228381715e-03,3.146943762263825113e-03,4.874677592526317077e-03,1.199540916439387379e-02,1.376016586244770482e-02,5.417679653465957458e-03,1.807950043810393689e-02,2.412656884402265833e-02,2.689094297244264478e-02,5.911317890683812429e-03,3.180264343276029831e-02,1.880761683800027256e-02,2.334908862040453725e-02,1.867186632276536182e-02,3.784971183867902322e-02,1.241500166602904978e-02,1.156347570682825059e-02,1.151411188310646518e-02,5.590453036492206394e-03,1.327886858116029620e-02,1.377250681837815204e-02,2.255926744085596722e-02,1.331589144895163612e-02,4.040428971628142601e-02,3.693648109982599487e-02,1.002085621552245391e-02,2.759437746047808948e-02,7.936468758870061924e-02,4.123113376362132904e-02,4.576026459009514824e-02,3.582579506608581793e-02,6.923276276980415075e-03,2.680455628092951945e-02
1.044044871715763163e-02,0.000000000000000000e+00,1.601856079771939168e-02,8.712714886895138802e-03,3.328355814441386756e-02,4.472362429193765115e-02,5.458404808036430161e-02,7.453937381989609104e-03,6.314867149609408592e-02,3.548024830003332353e-02,3.224691784625637048e-02,2.966765805679308018e-02,7.472448815885278373e-02,1.920252742777455585e-02,2.677987436906862848e-02,1.784502227542545533e-02,1.292098085917735110e-02,2.591600745393738206e-02,2.499043575915390475e-02,4.713011069837469424e-02,2.327504288482185740e-02,8.306697436783452848e-02,6.179116634374498540e-02,2.703903444360800101e-02,6.483938245856524230e-02,1.330478458861423519e-01,8.269674568992113617e-02,9.913489898927571597e-02,7.626710765015858040e-02,1.752415742123384843e-02,4.545174069183399029e-02,2.243585788155150543e-02,1.417975836408288254e-02,2.053535066826276193e-02,1.268650269649887127e-02,1.891868544137428887e-02,9.588922757956830703e-03,8.120349002233713878e-03,2.301588281028248487e-02,1.469807851316162935e-02,1.849909293973911115e-02,1.308141328627315456e-02,1.551258160457109035e-02,4.899359504387209782e-03,6.022386494057829602e-03,9.428490330861028987e-03,2.376868112203971151e-02,2.670582863348594863e-02,1.079833643914057499e-02,3.597388653725117763e-02,4.714245165430513973e-02,5.355974873813725695e-02,1.141538423566289435e-02,6.290185237748516234e-02,3.683775345238242405e-02,4.552578642741667014e-02,3.552961212375510547e-02,7.484789771815725246e-02,2.463254803717095792e-02,2.227542545445570371e-02,2.290481420690846856e-02,1.084770026286236214e-02,2.617516752847675460e-02,2.680455628092951945e-02,4.434105465809381336e-02,2.528661870148461721e-02,7.983364391405758931e-02,7.145413483728449422e-02,1.881995779393071805e-02,5.464575286001653598e-02,1.541138576594142939e-01,8.054941935802346908e-02,9.023706976342386887e-02,7.084942799669262381e-02,1.341461909639520694e-02,5.226394836544038386e-02
8.206735693746837479e-03,1.601856079771939168e-02,0.000000000000000000e+00,6.664116202441040804e-03,2.550875590823265329e-02,3.523342918142439301e-02,4.162604435339561232e-02,5.886635978822919724e-03,4.958596092853352622e-02,2.777949179943478564e-02,2.510150436252792105e-02,2.349718009156989348e-02,5.768162801890634739e-02,1.466105564537029116e-02,2.093026125803704868e-02,1.388357542175216834e-02,1.024299342227048826e-02,2.005405338697535678e-02,1.989362095987955159e-02,3.703520874726956569e-02,1.805481852624304245e-02,6.506151966531327491e-02,4.868507114561093641e-02,2.154730905455936457e-02,4.990682578272512965e-02,1.042810776122718441e-01,6.446915378065184998e-02,7.706926978563759245e-02,5.945872567289062216e-02,1.369846108279547392e-02,3.549258925596376901e-02,1.711690587552911966e-02,1.076131357134923680e-02,1.591983315027582085e-02,9.823400920635312270e-03,1.445125939455270229e-02,7.268823043032912948e-03,6.491342819414791868e-03,1.759820315681652828e-02,1.103281460181905656e-02,1.411805358443064991e-02,1.014426577482691744e-02,1.219286445928101544e-02,3.677604867273019142e-03,4.738927077291407199e-03,7.379891646406930988e-03,1.847441102787822018e-02,2.080685169873258342e-02,8.342486208981748225e-03,2.742160407745183881e-02,3.718330021843491845e-02,4.107070133652552385e-02,8.836124446199602328e-03,4.890720835235897596e-02,2.843356246374844146e-02,3.557897594747689435e-02,2.763140032826942941e-02,5.796547000530661437e-02,1.915316360405277044e-02,1.745011168565117204e-02,1.770927176019054458e-02,8.539941503868889866e-03,2.058471449198455080e-02,2.102898890548061950e-02,3.494958719502412603e-02,1.967148375313151898e-02,6.246991891991953566e-02,5.637348669027902881e-02,1.487085189618787828e-02,4.220606928212659176e-02,1.203119793659216813e-01,6.369167355703372890e-02,7.026940306796164437e-02,5.536152830398242963e-02,1.069960879169700417e-02,4.067579074675124057e-02
4.418062223099801164e-03,8.712714886895138802e-03,6.664116202441040804e-03,0.000000000000000000e+00,1.415507645222198983e-02,1.859782058718268197e-02,2.306524663400427028e-02,3.171625674124717818e-03,2.632325899964211083e-02,1.498192049956189632e-02,1.358739247942145588e-02,1.253841122533351504e-02,3.134602806333378761e-02,8.256099517468622889e-03,1.123026989670619820e-02,7.379891646406930988e-03,5.343633917883279343e-03,1.077365452727968229e-02,1.036640298157495352e-02,1.969616566499240995e-02,9.811059964704866784e-03,3.457935851711073372e-02,2.586664363021559665e-02,1.147708901531512699e-02,2.701435253174711004e-02,5.527514161246930430e-02,3.425849366291913028e-02,4.155199861781293247e-02,3.206180350729967432e-02,7.490960249780948162e-03,1.920252742777455585e-02,9.453172242721921692e-03,6.010045538127383249e-03,8.749737754686478727e-03,5.368315829744172048e-03,8.046303266651034028e-03,4.060174501116856939e-03,3.529513396107662477e-03,9.761696140983081374e-03,6.182818921153632186e-03,7.922893707346570502e-03,5.528748256839974631e-03,6.651775246510594451e-03,2.048598684454097998e-03,2.566918833532845241e-03,4.109538324838642349e-03,9.811059964704866784e-03,1.124261085263664542e-02,4.504448914612925632e-03,1.533980822154484142e-02,1.962211992940973357e-02,2.274438177981266337e-02,4.825313768804531667e-03,2.642198664708568165e-02,1.567301403166689380e-02,1.932593698707901764e-02,1.535214917747528690e-02,3.140773284298601503e-02,1.055151732053164794e-02,9.403808419000136282e-03,9.502536066443707102e-03,4.553812738334711042e-03,1.106983746961039648e-02,1.129197467635843083e-02,1.853611580753045107e-02,1.083535930693191492e-02,3.316014858510940577e-02,3.009959151435870339e-02,7.996939442929248618e-03,2.283076847132578871e-02,6.392615171971220700e-02,3.354271821895324357e-02,3.775098419123545240e-02,2.930977033481013336e-02,5.627475904283545452e-03,2.204094729177722214e-02
1.680838197726795824e-02,3.328355814441386756e-02,2.550875590823265329e-02,1.415507645222198983e-02,0.000000000000000000e+00,7.131838432204958000e-02,8.705310313336871164e-02,1.187199960508941027e-02,1.009983833347731091e-01,5.757055941553232414e-02,5.202947020276190576e-02,4.825313768804531667e-02,1.206698670879046281e-01,3.067961644308968283e-02,4.261332082783132053e-02,2.875442731794004836e-02,2.073280596314990704e-02,4.149029383816070504e-02,3.999703817057669031e-02,7.479853389443545664e-02,3.765225654379188158e-02,1.328380496353247509e-01,9.867828361984919139e-02,4.373634781750194295e-02,1.047376929816983687e-01,2.128568078883390224e-01,1.320358874998457388e-01,1.592230134146190856e-01,1.217435302538534686e-01,2.822376621293085433e-02,7.282398094556404022e-02,3.628241043551233558e-02,2.269501795609087796e-02,3.277757895126556797e-02,2.041194110895830013e-02,3.044513828041120126e-02,1.547555873677975043e-02,1.314311806592538719e-02,3.726968690994804378e-02,2.336142957633498274e-02,2.934679320260147328e-02,2.097962508175883409e-02,2.502745862694524467e-02,7.873529883624785092e-03,9.576581802026385218e-03,1.545087682491885772e-02,3.802248522170527389e-02,4.273673038713578926e-02,1.740074786192938663e-02,5.826165294763732683e-02,7.561303698584492805e-02,8.646073724870728672e-02,1.819056904147795320e-02,1.011094519381471324e-01,5.989065913045624190e-02,7.345336969801680160e-02,5.764460515111500399e-02,1.206822080438350736e-01,3.965149140452419591e-02,3.554195307968555095e-02,3.624538756772099912e-02,1.775863558391232999e-02,4.202095494316989560e-02,4.292184472609248541e-02,7.065197270180548217e-02,4.098431464501240545e-02,1.271118460835976294e-01,1.144130024311683230e-01,3.034641063296763044e-02,8.785526526884772369e-02,2.467327319174143219e-01,1.291481038121212732e-01,1.455245523318236256e-01,1.135121126482457332e-01,2.176944626130740065e-02,8.402956893040934572e-02
2.278140464760400330e-02,4.472362429193765115e-02,3.523342918142439301e-02,1.859782058718268197e-02,7.131838432204958000e-02,0.000000000000000000e+00,1.169922622206316098e-01,1.620367513667608783e-02,1.386629808344954362e-01,7.689649640261134178e-02,6.944255902062174135e-02,6.418531179425157607e-02,1.613209759227949847e-01,4.098431464501240545e-02,5.821228912391553795e-02,3.889869309276696580e-02,2.832249386037442515e-02,5.636114573434858332e-02,5.492959484641680296e-02,1.032197554022534630e-01,4.985746195900334771e-02,1.820167590181535344e-01,1.357998790586318894e-01,5.945872567289062216e-02,1.403783737088274974e-01,2.899754414976984385e-01,1.809307548962742762e-01,2.160531154743246529e-01,1.670965432982438881e-01,3.854080537078401897e-02,9.867828361984919139e-02,4.847527489479334928e-02,3.009959151435870339e-02,4.416828127506756962e-02,2.748330885710406971e-02,4.066344979082079508e-02,2.046130493268008554e-02,1.783268131949500637e-02,4.947489232515950991e-02,3.149411953449914037e-02,3.952808184521973411e-02,2.818674334513951441e-02,3.378953733756216715e-02,1.039108489343584622e-02,1.310609519813404726e-02,2.057237353605410185e-02,5.181967395194431864e-02,5.855783588996803929e-02,2.304056472214337584e-02,7.677308684330688693e-02,1.041700090088978348e-01,1.150423911836210844e-01,2.463254803717095792e-02,1.379718873023904335e-01,7.867359405659563043e-02,9.812294060297910292e-02,7.585985610445385163e-02,1.616665226888474860e-01,5.328824770766743546e-02,4.851229776258469267e-02,5.006725820982093483e-02,2.391677259320507121e-02,5.750885463588009672e-02,5.829867581542866328e-02,9.760462045390036478e-02,5.401636410756377460e-02,1.751305056089644818e-01,1.572978242894694512e-01,4.158902148560427586e-02,1.185719045797287430e-01,3.356616603522108999e-01,1.774012415001665899e-01,1.956411743653663493e-01,1.553849761202502622e-01,2.955658945341906041e-02,1.134504078685935058e-01
2.733521738593871347e-02,5.458404808036430161e-02,4.162604435339561232e-02,2.306524663400427028e-02,8.705310313336871164e-02,1.169922622206316098e-01,0.000000000000000000e+00,1.967148375313151898e-02,1.651466722612333626e-01,9.295208006812206991e-02,8.462193481507077064e-02,7.826634251089088778e-02,1.954437190704791938e-01,5.012896298947316226e-02,7.003492490528316627e-02,4.675988202046130193e-02,3.365378682232725988e-02,6.757907467512433430e-02,6.528365687206130752e-02,1.229652848909676549e-01,6.111241376757043514e-02,2.172501881995779482e-01,1.615554540854734489e-01,7.136774814577137582e-02,1.702311461045772634e-01,3.475213190013698439e-01,2.150658389998889308e-01,2.589749602004171036e-01,1.996396440868309641e-01,4.589601510533005552e-02,1.191025656847379405e-01,5.917488368649035518e-02,3.675136676086929871e-02,5.372018116523306214e-02,3.304907998173538253e-02,4.966000666411619913e-02,2.527427774555417173e-02,2.139921758339400834e-02,6.080388986930927719e-02,3.841739581147955718e-02,4.825313768804531667e-02,3.425849366291913028e-02,4.066344979082079508e-02,1.274820747615110217e-02,1.558662734015376847e-02,2.502745862694524467e-02,6.201330355049301801e-02,6.976342387481333784e-02,2.812503856548728351e-02,9.438363095605385722e-02,1.227308067282891768e-01,1.406375337833668526e-01,2.981574952795843642e-02,1.646653749799459332e-01,9.709864126075205826e-02,1.191025656847379405e-01,9.327294492231368028e-02,1.965914279720107072e-01,6.453085856030407741e-02,5.807653860868063067e-02,5.963149905591687283e-02,2.868038158235736851e-02,6.846762350211647863e-02,7.017067542051806661e-02,1.154866655971171496e-01,6.630795621428835218e-02,2.076365835297602214e-01,1.865212079327664696e-01,4.921573225062013390e-02,1.425380409966555961e-01,4.006121114141501516e-01,2.100800928039885940e-01,2.363663289358393649e-01,1.849539065295997819e-01,3.522108822549394752e-02,1.366884278856240198e-01
3.862719206229714430e-03,7.453937381989609104e-03,5.886635978822919724e-03,3.171625674124717818e-03,1.187199960508941027e-02,1.620367513667608783e-02,1.967148375313151898e-02,0.000000000000000000e+00,2.291715516283891405e-02,1.279757129987288758e-02,1.160049857461959051e-02,1.108217842554084197e-02,2.676753341313818299e-02,6.947958188841307781e-03,9.835741876565759489e-03,6.330910392318989284e-03,4.615517517986943673e-03,9.305080771556565461e-03,9.169330256321654715e-03,1.727733830262492137e-02,8.502918636077549941e-03,3.017363724994137977e-02,2.285545038318668315e-02,1.014426577482691744e-02,2.317631523737828658e-02,4.874677592526317077e-02,2.984043143981932739e-02,3.586281793387716132e-02,2.779183275536523112e-02,6.392615171971221047e-03,1.664794955017215652e-02,8.046303266651034028e-03,5.096814799274351424e-03,7.527983117572287219e-03,4.578494650195603748e-03,6.898594365119522370e-03,3.480149572385877067e-03,2.986511335168022096e-03,8.293122385259962814e-03,5.257247226370154874e-03,6.738161938023718919e-03,4.701904209500068141e-03,5.664498772074884510e-03,1.752415742123384886e-03,2.209031111549900582e-03,3.455467660524984361e-03,8.552282459799335351e-03,9.724673273191741449e-03,3.949105897742838898e-03,1.309375424220360178e-02,1.707988300773777973e-02,1.941232367859214297e-02,4.195925016351766818e-03,2.280608655946489774e-02,1.325418666929940349e-02,1.656156285865903119e-02,1.303204946255136915e-02,2.703903444360800101e-02,9.082943564808529380e-03,8.132689958164159363e-03,8.293122385259962814e-03,3.850378250299268078e-03,9.440831286791474472e-03,9.774037096913526859e-03,1.616665226888474791e-02,9.181671212252100200e-03,2.902592834840986638e-02,2.611346274882452370e-02,6.775184805815058844e-03,1.952339228196616275e-02,5.557132455480001676e-02,2.923572459922745698e-02,3.250607792079574648e-02,2.560748355567622411e-02,4.849995680665424372e-03,1.875825301427848715e-02
3.190137108020386913e-02,6.314867149609408592e-02,4.958596092853352622e-02,2.632325899964211083e-02,1.009983833347731091e-01,1.386629808344954362e-01,1.651466722612333626e-01,2.291715516283891405e-02,0.000000000000000000e+00,1.093161876318939629e-01,9.840678258937937684e-02,9.057027557354592473e-02,2.279621379472053788e-01,5.849613111031580492e-02,8.178351495106811475e-02,5.505300440572126475e-02,4.010810677395071355e-02,7.985832582591848028e-02,7.747652133134232122e-02,1.464624649825375380e-01,7.033110784761387180e-02,2.578149103429551725e-01,1.910379978033098503e-01,8.341252113388702982e-02,1.988621638632128430e-01,4.078068887216003691e-01,2.559020621737359558e-01,3.059446384716960066e-01,2.365761251866569659e-01,5.476916241932099777e-02,1.391936419395046476e-01,6.835655489874245538e-02,4.250225222445730422e-02,6.226012266910194853e-02,3.854080537078401897e-02,5.806419765275018519e-02,2.916167886364477713e-02,2.510150436252792105e-02,6.947958188841307781e-02,4.425466796658068802e-02,5.554664264293911885e-02,3.971319618417642333e-02,4.808036430501906600e-02,1.467339660130073664e-02,1.837568338043464936e-02,2.881613209759227925e-02,7.328059631499056481e-02,8.236353987979909419e-02,3.256778270044797391e-02,1.090940504251459303e-01,1.475237871925559330e-01,1.633448926953881830e-01,3.469042712048475002e-02,1.957522429687403587e-01,1.118460835976354678e-01,1.392923695869482115e-01,1.071812022559267413e-01,2.285174809640754812e-01,7.563771889770581902e-02,6.828250916315978247e-02,7.072601843738815508e-02,3.394996976465797234e-02,8.124051289012847177e-02,8.247460848317310356e-02,1.383544569362342713e-01,7.631647147388036234e-02,2.478804408189458353e-01,2.214831360837210550e-01,5.859485875775937574e-02,1.679850921252360185e-01,4.730041589021485859e-01,2.508052473744616373e-01,2.769927558588688443e-01,2.193728326196147105e-01,4.193456825165677027e-02,1.596426059162542599e-01
1.816588712961705876e-02,3.548024830003332353e-02,2.777949179943478564e-02,1.498192049956189632e-02,5.757055941553232414e-02,7.689649640261134178e-02,9.295208006812206991e-02,1.279757129987288758e-02,1.093161876318939629e-01,0.000000000000000000e+00,5.621305426318322362e-02,5.156051387740494263e-02,1.287038293986252080e-01,3.371549160197948730e-02,4.572324172230381178e-02,3.097579938542039529e-02,2.259629030864730714e-02,4.479767002752033100e-02,4.344016487517123049e-02,8.164776443583320054e-02,4.021917537732472986e-02,1.438585232812133741e-01,1.068479964458046855e-01,4.658710863743505820e-02,1.122780170552011014e-01,2.283693894929101076e-01,1.420444027594377490e-01,1.718478113314657330e-01,1.313201120558798451e-01,3.072898026681146824e-02,7.821697868716910584e-02,3.801014426577482841e-02,2.376868112203971151e-02,3.473979094420653890e-02,2.133751280374177745e-02,3.311078476138761689e-02,1.662326763831126208e-02,1.414273549629154261e-02,3.884932926904517692e-02,2.478063950833631415e-02,3.118559563623798242e-02,2.226308449852525476e-02,2.745862694524317874e-02,8.206735693746837479e-03,1.041576680529673893e-02,1.636410756377188955e-02,4.107070133652552385e-02,4.550110451555577223e-02,1.843738816008688025e-02,6.177882538781453992e-02,8.194394737816390606e-02,9.208821315299083043e-02,1.936295985487035756e-02,1.083659340252495912e-01,6.420999370611248092e-02,7.892041317520455401e-02,6.180350729967543089e-02,1.283706235885031521e-01,4.299589046167515832e-02,3.809653095728795374e-02,3.941701324184571087e-02,1.919018647184411036e-02,4.603176562056496973e-02,4.598240179684318085e-02,7.729140699238562506e-02,4.367464303784970858e-02,1.379718873023904335e-01,1.234959459959768524e-01,3.246905505300440309e-02,9.445767669163653013e-02,2.650590514741271719e-01,1.406498747392972981e-01,1.564216164184077662e-01,1.227801705520109588e-01,2.399081832878774759e-02,9.015068307191075048e-02
1.652453999086769126e-02,3.224691784625637048e-02,2.510150436252792105e-02,1.358739247942145588e-02,5.202947020276190576e-02,6.944255902062174135e-02,8.462193481507077064e-02,1.160049857461959051e-02,9.840678258937937684e-02,5.621305426318322362e-02,0.000000000000000000e+00,4.705606496279202133e-02,1.167331021460922408e-01,3.000086386691513257e-02,4.157668052967383038e-02,2.806333378583504914e-02,2.037491824116696021e-02,4.045365354000320796e-02,3.915785316730634180e-02,7.362614308104305227e-02,3.654157051005171158e-02,1.302711308017918956e-01,9.662968493539510206e-02,4.258863891597042955e-02,1.019116140736261444e-01,2.080685169873258411e-01,1.289876713850254819e-01,1.554960447236242993e-01,1.189174513457812443e-01,2.763140032826942941e-02,7.080006417297084187e-02,3.469042712048475002e-02,2.196690155619454229e-02,3.175327960903851637e-02,1.951105132603571379e-02,2.953190754155816944e-02,1.494489763177055640e-02,1.284693512359467299e-02,3.527045204921572946e-02,2.250990361713418181e-02,2.843356246374844146e-02,2.016512199034937308e-02,2.453382038972738710e-02,7.527983117572287219e-03,9.366785551208796357e-03,1.490787476397921821e-02,3.715861830657402748e-02,4.145327097036936165e-02,1.678370006540706727e-02,5.605262183608742538e-02,7.415680418605224977e-02,8.354827164912194404e-02,1.764756698053831369e-02,9.833273685379669005e-02,5.770630993076723836e-02,7.178734064740655008e-02,5.595389418864385456e-02,1.167577840579531318e-01,3.861485110636669882e-02,3.477681381199787536e-02,3.572706741864224711e-02,1.722797447890313596e-02,4.141624810257802519e-02,4.178647678049141750e-02,6.976342387481333784e-02,3.970085522824597785e-02,1.249768607076304078e-01,1.119201293332181546e-01,2.950722562969727500e-02,8.573262084881094758e-02,2.411175969690612098e-01,1.272846194666238939e-01,1.420073798916464125e-01,1.111920129333218155e-01,2.154730905455936457e-02,8.193160642223346057e-02
1.563599116387555388e-02,2.966765805679308018e-02,2.349718009156989348e-02,1.253841122533351504e-02,4.825313768804531667e-02,6.418531179425157607e-02,7.826634251089088778e-02,1.108217842554084197e-02,9.057027557354592473e-02,5.156051387740494263e-02,4.705606496279202133e-02,0.000000000000000000e+00,1.073416346830225465e-01,2.773012797571300023e-02,3.913317125544544389e-02,2.563216546753711508e-02,1.878293492613937812e-02,3.709691352692179311e-02,3.678838962866063517e-02,6.804803100048129050e-02,3.451765373745850629e-02,1.197813182609124838e-01,9.092816329552887156e-02,4.028088015697695728e-02,9.342103639347903998e-02,1.946045340672088453e-01,1.185595636237982975e-01,1.432044526168997078e-01,1.095013019708506591e-01,2.541002826078907900e-02,6.599943231602720117e-02,3.219755402253458854e-02,2.032555441744517480e-02,2.972936283644531108e-02,1.822759190926929312e-02,2.717478495884291176e-02,1.378484777430859752e-02,1.193370438474164290e-02,3.301205711394404607e-02,2.075748787501079801e-02,2.664412385383371773e-02,1.886932161765250346e-02,2.268267700016043248e-02,6.935617232910861428e-03,8.799101578408264138e-03,1.395762115733484646e-02,3.428317557478002126e-02,3.844207772334044815e-02,1.569769594352778477e-02,5.194308351124878043e-02,6.797398526489861759e-02,7.724204316866384312e-02,1.645049425528501488e-02,8.995322777702360884e-02,5.355974873813725695e-02,6.644370672952326640e-02,5.291801902975404315e-02,1.081067739507102221e-01,3.578877219829448147e-02,3.237032740556083227e-02,3.262948748010020827e-02,1.567301403166689380e-02,3.787439375053991419e-02,3.886167022497562934e-02,6.423467561797337189e-02,3.730670977773938024e-02,1.149189816243166157e-01,1.038121212869148879e-01,2.747096790117362422e-02,7.831570633461268360e-02,2.237291900630622721e-01,1.173254680307536657e-01,1.307647690390097706e-01,1.023558884871222097e-01,1.980723426836642626e-02,7.557601411805357772e-02
3.789907566240081210e-02,7.472448815885278373e-02,5.768162801890634739e-02,3.134602806333378761e-02,1.206698670879046281e-01,1.613209759227949847e-01,1.954313781145487483e-01,2.676753341313818299e-02,2.279621379472053788e-01,1.287038293986252080e-01,1.167331021460922408e-01,1.073416346830225465e-01,0.000000000000000000e+00,6.913403512236057646e-02,9.593859140329009938e-02,6.476533672298255551e-02,4.667349532894818354e-02,9.353210499685304935e-02,9.028643358714566469e-02,1.698732583825943165e-01,8.425170613715737833e-02,3.006750502893953958e-01,2.229023460157223691e-01,9.770334810134392867e-02,2.356135306240821348e-01,4.793227283385371185e-01,2.978489713813232131e-01,3.585541336031888848e-01,2.754007725438412657e-01,6.393849267564265249e-02,1.636780985055102389e-01,8.100603472744999367e-02,5.026471350470807647e-02,7.318186866754698705e-02,4.504448914612926153e-02,6.836889585467290087e-02,3.449297182559760838e-02,2.917401981957522261e-02,8.269674568992113617e-02,5.254779035184065084e-02,6.543174834322666722e-02,4.680924584418309081e-02,5.627475904283545799e-02,1.743777072972072309e-02,2.143624045118534827e-02,3.443126704594538096e-02,8.574496180474139306e-02,9.616072861003813199e-02,3.857782823857536236e-02,1.293332181510779832e-01,1.704656242672557553e-01,1.930125507521812667e-01,4.097197368908195303e-02,2.269131566931174571e-01,1.333563697844034890e-01,1.642211005664498680e-01,1.278893263072157505e-01,2.701558662734015459e-01,8.871913218397897705e-02,8.019153163604052226e-02,8.238822179165998516e-02,3.994767434685490837e-02,9.514877022374153281e-02,9.669138971504732949e-02,1.600251755500980977e-01,9.144648344460762357e-02,2.877540694302180846e-01,2.587528229936690849e-01,6.810973578013353180e-02,1.978131826091248935e-01,5.553183349582259121e-01,2.918265848872653723e-01,3.272327874517160229e-01,2.562352679838580394e-01,4.926509607434191584e-02,1.887178980883859325e-01
9.490195110513259882e-03,1.920252742777455585e-02,1.466105564537029116e-02,8.256099517468622889e-03,3.067961644308968283e-02,4.098431464501240545e-02,5.012896298947316226e-02,6.947958188841307781e-03,5.849613111031580492e-02,3.371549160197948730e-02,3.000086386691513257e-02,2.773012797571300023e-02,6.913403512236057646e-02,0.000000000000000000e+00,2.458318421344917251e-02,1.662326763831126208e-02,1.211881872369833732e-02,2.406486406437042744e-02,2.296651898656069946e-02,4.355123347854524679e-02,2.164603670200293886e-02,7.683479162295911435e-02,5.684244301563599194e-02,2.507682245066703008e-02,6.033493354395231406e-02,1.217311892979230231e-01,7.545260455874912287e-02,9.189075785810368879e-02,7.056558601029236377e-02,1.647517616714590585e-02,4.203329589910034109e-02,2.076982883094124349e-02,1.288395799138601291e-02,1.869654823462625279e-02,1.163752144241092870e-02,1.782034036356456089e-02,9.119966432599869305e-03,7.651392676876750745e-03,2.131283089188088647e-02,1.340227814046475972e-02,1.687008675692019261e-02,1.200775012032432101e-02,1.474744233688341476e-02,4.492107958682479280e-03,5.590453036492206394e-03,8.552282459799335351e-03,2.194221964433365132e-02,2.441041083042292531e-02,9.946810479939775795e-03,3.378953733756216715e-02,4.374868877343238843e-02,4.975873431155977689e-02,1.053917636460120245e-02,5.868124544927250108e-02,3.487554145944144618e-02,4.269970751934444586e-02,3.348101343930100920e-02,6.909701225456924001e-02,2.312695141365650117e-02,2.042428206488874562e-02,2.107835272920240491e-02,1.016894768668781014e-02,2.432402413890979997e-02,2.473127568461452874e-02,4.131752045513445437e-02,2.350952104750033897e-02,7.360146116918216130e-02,6.572793128555737274e-02,1.720329256704224152e-02,5.041280497587342924e-02,1.403166689291752423e-01,7.471214720292233824e-02,8.344954400167836628e-02,6.539472547543533076e-02,1.264947982870753135e-02,4.790759092199281532e-02
1.363675630314324129e-02,2.677987436906862848e-02,2.093026125803704868e-02,1.123026989670619820e-02,4.261332082783132053e-02,5.821228912391553795e-02,7.003492490528316627e-02,9.835741876565759489e-03,8.178351495106811475e-02,4.572324172230381178e-02,4.157668052967383038e-02,3.913317125544544389e-02,9.593859140329009938e-02,2.458318421344917251e-02,0.000000000000000000e+00,2.295417803063025397e-02,1.675901815354617283e-02,3.334526292406609499e-02,3.261714652416976279e-02,6.133455097431846775e-02,3.016129629401093429e-02,1.075761128457010246e-01,8.109242141896311207e-02,3.601090940504251409e-02,8.310399723562586494e-02,1.733657489109106387e-01,1.066011773271957619e-01,1.279633720427984234e-01,9.928299046044106180e-02,2.273204082388221789e-02,5.906381508311633888e-02,2.895188261282719000e-02,1.814120521775616779e-02,2.663178289790327224e-02,1.642581234342412044e-02,2.423763744739667464e-02,1.224222828300280085e-02,1.066258592390566598e-02,2.972936283644531108e-02,1.862250249904357641e-02,2.383038590169194587e-02,1.684540484505929817e-02,2.011575816662758767e-02,6.195159877084078538e-03,7.799484148042106976e-03,1.229159210672458626e-02,3.064259357529834291e-02,3.480149572385877327e-02,1.389591637768261556e-02,4.638965334254791656e-02,6.121114141501400596e-02,6.891189791561254385e-02,1.489553380804877099e-02,8.148733200873739535e-02,4.740161172884451574e-02,5.906381508311633888e-02,4.661179054929594917e-02,9.659266206760375173e-02,3.193839394799521253e-02,2.895188261282719000e-02,2.938381607039281321e-02,1.394528020140440097e-02,3.376485542570127618e-02,3.480149572385877327e-02,5.769396897483679287e-02,3.281460181905690443e-02,1.034418926090014956e-01,9.335933161382681256e-02,2.471893472868408326e-02,6.999790203749182982e-02,1.993064382767089082e-01,1.045402376868112271e-01,1.162888277325961617e-01,9.136009675309449130e-02,1.749947550937295745e-02,6.735693746837630169e-02
9.021238785156298484e-03,1.784502227542545533e-02,1.388357542175216834e-02,7.379891646406930988e-03,2.875442731794004836e-02,3.889869309276696580e-02,4.675988202046130193e-02,6.330910392318989284e-03,5.505300440572126475e-02,3.097579938542039529e-02,2.806333378583504914e-02,2.563216546753711508e-02,6.476533672298255551e-02,1.662326763831126208e-02,2.295417803063025397e-02,0.000000000000000000e+00,1.142772519159334157e-02,2.244819883748195091e-02,2.179412817316829509e-02,4.126815663141267243e-02,2.006639434290580226e-02,7.262652565067689858e-02,5.352272587034591356e-02,2.332440670854364281e-02,5.636114573434858332e-02,1.149806864039688570e-01,7.171329491182386329e-02,8.649776011649862317e-02,6.633263812614925703e-02,1.545087682491885772e-02,3.914551221137589632e-02,1.935061889893991208e-02,1.189668151695030297e-02,1.724031543483358145e-02,1.065024496797521876e-02,1.641347138749367496e-02,8.206735693746837479e-03,7.046685836284878601e-03,1.947402845824437734e-02,1.230393306265503348e-02,1.550024064864064313e-02,1.106983746961039648e-02,1.372314299465636663e-02,4.171243104490874112e-03,5.170860534857030406e-03,8.157371870025052069e-03,2.065876022756722719e-02,2.294183707469980502e-02,9.206353124112994640e-03,3.077834409053325365e-02,4.132986141106489986e-02,4.606878848835630619e-02,9.823400920635312270e-03,5.457170712443385613e-02,3.187668916834297816e-02,3.956510471301107057e-02,3.060557070750700298e-02,6.441978995693006804e-02,2.120176228850686670e-02,1.921486838370500133e-02,2.005405338697535678e-02,9.786378052843974079e-03,2.318865619330873207e-02,2.326270192889141192e-02,3.909614838765410744e-02,2.190519677654231140e-02,6.987449247818736109e-02,6.240821414026730823e-02,1.630240278411965865e-02,4.754970320000987544e-02,1.337265984623168813e-01,7.108390615937110191e-02,7.841443398205624749e-02,6.197628068270168156e-02,1.199540916439387379e-02,4.539003591218175593e-02
6.602411422788809041e-03,1.292098085917735110e-02,1.024299342227048826e-02,5.343633917883279343e-03,2.073280596314990704e-02,2.832249386037442515e-02,3.365378682232725988e-02,4.615517517986943673e-03,4.010810677395071355e-02,2.259629030864730714e-02,2.037491824116696021e-02,1.878293492613937812e-02,4.667349532894818354e-02,1.211881872369833732e-02,1.675901815354617283e-02,1.142772519159334157e-02,0.000000000000000000e+00,1.633942565191099858e-02,1.593217410620626634e-02,3.008725055842825444e-02,1.466105564537029116e-02,5.293035998568448863e-02,3.934296750626303796e-02,1.704286013994643981e-02,4.065110883489034960e-02,8.363465834063506243e-02,5.218990262985771095e-02,6.304994384865052204e-02,4.814206908467130036e-02,1.132899754414976902e-02,2.840888055188755049e-02,1.384655255396083015e-02,8.502918636077549941e-03,1.256309313719440775e-02,7.737779368389875213e-03,1.200775012032432101e-02,5.898976934753366076e-03,5.133837667065690481e-03,1.415507645222198983e-02,8.984215917364958559e-03,1.123026989670619820e-02,8.070985178511926733e-03,1.005787908331379384e-02,2.974170379237575743e-03,3.801014426577482667e-03,5.886635978822919724e-03,1.494489763177055640e-02,1.689476866878108358e-02,6.639434290580148099e-03,2.238649405782972002e-02,3.028470585331539608e-02,3.344399057150966581e-02,7.170095395589342127e-03,3.965149140452419591e-02,2.328738384075230636e-02,2.877910922980093933e-02,2.241117596969061099e-02,4.674754106453085645e-02,1.564833211980599936e-02,1.404400784884797179e-02,1.441423652676136237e-02,7.059026792215324954e-03,1.675901815354617283e-02,1.696881440436376343e-02,2.854463106712245776e-02,1.590749219434537537e-02,5.079537460971726703e-02,4.571090076637336630e-02,1.193370438474164290e-02,3.440658513408448305e-02,9.698757265737803501e-02,5.170860534857030233e-02,5.707692117831447004e-02,4.489639767496390182e-02,8.885488269921387738e-03,3.274055608347422458e-02
1.306907233034270907e-02,2.591600745393738206e-02,2.005405338697535678e-02,1.077365452727968229e-02,4.149029383816070504e-02,5.636114573434858332e-02,6.757907467512433430e-02,9.305080771556565461e-03,7.985832582591848028e-02,4.479767002752033100e-02,4.045365354000320796e-02,3.709691352692179311e-02,9.353210499685304935e-02,2.406486406437042744e-02,3.334526292406609499e-02,2.244819883748195091e-02,1.633942565191099858e-02,0.000000000000000000e+00,3.132134615147288970e-02,5.956979427626463847e-02,2.914933790771433164e-02,1.047500339376288142e-01,7.784675000925571353e-02,3.390060594093618346e-02,8.133924053757203565e-02,1.660228801322950476e-01,1.036270069479581918e-01,1.251249521787957675e-01,9.618541052189902296e-02,2.247288074934284535e-02,5.670669250040107773e-02,2.821142525700040884e-02,1.721563352297269048e-02,2.512618627438881549e-02,1.546321778084930494e-02,2.387974972541373128e-02,1.195838629660253560e-02,1.015660673075736466e-02,2.869272253828781746e-02,1.794374992286902615e-02,2.250990361713418181e-02,1.608026557737162257e-02,1.981957522429687521e-02,6.071750317779615012e-03,7.441596426059162751e-03,1.172390813392405404e-02,2.988979526354111280e-02,3.335760387999654741e-02,1.334057336081252883e-02,4.493342054275524522e-02,5.965618096777776380e-02,6.693734496674112744e-02,1.429082696745689884e-02,7.909318655823080468e-02,4.629092569510434574e-02,5.712628500203625892e-02,4.446446421739828209e-02,9.351976404092260386e-02,3.086473078204637899e-02,2.784119657908701653e-02,2.892720070096629556e-02,1.395762115733484646e-02,3.327121718848342208e-02,3.364144586639681439e-02,5.631178191062679445e-02,3.175327960903851637e-02,1.007022003924424036e-01,9.016302402784119596e-02,2.358356678308301882e-02,6.852932828176870605e-02,1.924078439115893824e-01,1.020226826770001538e-01,1.136355222075502019e-01,8.933617998050129294e-02,1.732670212634670678e-02,6.529599782799175300e-02
1.282225321173378028e-02,2.499043575915390475e-02,1.989362095987955159e-02,1.036640298157495352e-02,3.999703817057669031e-02,5.494193580234724844e-02,6.528365687206130752e-02,9.169330256321654715e-03,7.747652133134232122e-02,4.344016487517123049e-02,3.915785316730634180e-02,3.678838962866063517e-02,9.028643358714566469e-02,2.296651898656069946e-02,3.261714652416976279e-02,2.179412817316829509e-02,1.593217410620626634e-02,3.132134615147288970e-02,0.000000000000000000e+00,5.816292530019375601e-02,2.819908430106995989e-02,1.021214103244437316e-01,7.610667522306277522e-02,3.370315064604904182e-02,7.855018449729116170e-02,1.633572336513186285e-01,1.016030901753649796e-01,1.208056176031395423e-01,9.326060396638323480e-02,2.144858140711579375e-02,5.534918734805197721e-02,2.681689723685996840e-02,1.698115536029420891e-02,2.490404906764077941e-02,1.529044439782305601e-02,2.260863126457775263e-02,1.147708901531512699e-02,1.007022003924423932e-02,2.724883069442559161e-02,1.740074786192938663e-02,2.223840258666436379e-02,1.582110550283225003e-02,1.901741308881785969e-02,5.775567375448902550e-03,7.392232602337377341e-03,1.150177092717601969e-02,2.897656452468808097e-02,3.272821512754377909e-02,1.300736755069047644e-02,4.286013994644025105e-02,5.836038059508089765e-02,6.434574422134738125e-02,1.373548395058681211e-02,7.666201823993286368e-02,4.447680517332872757e-02,5.568239315817403307e-02,4.323036862435364336e-02,9.064432130912861152e-02,2.985277239574977634e-02,2.734755834186916243e-02,2.798928805025237276e-02,1.331589144895163612e-02,3.228394071404770693e-02,3.285162468684824089e-02,5.490491293455591199e-02,3.060557070750700298e-02,9.815996347077043938e-02,8.795399291629130145e-02,2.341079340005676815e-02,6.644370672952326640e-02,1.889030124273426148e-01,1.001345164196418697e-01,1.101923955029556618e-01,8.705310313336871164e-02,1.673433624168528186e-02,6.409892510273845767e-02
2.402784119657908751e-02,4.713011069837469424e-02,3.703520874726956569e-02,1.969616566499240995e-02,7.479853389443545664e-02,1.032197554022534630e-01,1.229652848909676549e-01,1.727733830262492137e-02,1.464624649825375380e-01,8.164776443583320054e-02,7.362614308104305227e-02,6.804803100048129050e-02,1.698732583825943165e-01,4.355123347854524679e-02,6.133455097431846775e-02,4.126815663141267243e-02,3.008725055842825444e-02,5.956979427626463847e-02,5.816292530019375601e-02,0.000000000000000000e+00,5.291801902975404315e-02,1.918401599387888623e-01,1.431180659253865894e-01,6.300058002492872622e-02,1.477582653552344250e-01,3.056114326615739785e-01,1.899890165492219007e-01,2.271846577235872577e-01,1.762782145104959952e-01,4.046599449593365344e-02,1.043304414359936261e-01,5.085707938936950140e-02,3.159284718194271119e-02,4.685860966790487275e-02,2.895188261282719000e-02,4.316866384470140899e-02,2.168305956979427532e-02,1.901741308881785969e-02,5.156051387740494263e-02,3.272821512754377909e-02,4.183584060421319945e-02,2.956893040934950936e-02,3.576409028643359050e-02,1.083535930693191492e-02,1.390825733361306105e-02,2.159667287828114998e-02,5.452234330071207419e-02,6.142093766583159309e-02,2.412656884402265833e-02,8.093198899186730688e-02,1.101553726351643253e-01,1.212745739284964985e-01,2.623687230812898896e-02,1.456479618911280804e-01,8.374572694400908568e-02,1.044785329071589858e-01,8.090730708000641591e-02,1.696758030877071610e-01,5.617603139539188717e-02,5.119028519949155032e-02,5.302908763312805945e-02,2.522491392183238632e-02,6.084091273710061365e-02,6.169243869630141458e-02,1.038368031987757789e-01,5.736076316471473702e-02,1.851513618244869375e-01,1.658624477051992563e-01,4.392146215645863910e-02,1.247547235008823752e-01,3.530870901260011463e-01,1.880885093359331572e-01,2.058965087435672692e-01,1.636287346817884569e-01,3.117325468030753693e-02,1.195838629660253422e-01
1.208179585590699913e-02,2.327504288482185740e-02,1.805481852624304245e-02,9.811059964704866784e-03,3.765225654379188158e-02,4.985746195900334771e-02,6.111241376757043514e-02,8.502918636077549941e-03,7.033110784761387180e-02,4.021917537732472986e-02,3.654157051005171158e-02,3.451765373745850629e-02,8.425170613715737833e-02,2.164603670200293886e-02,3.016129629401093429e-02,2.006639434290580226e-02,1.466105564537029116e-02,2.914933790771433164e-02,2.819908430106995989e-02,5.291801902975404315e-02,0.000000000000000000e+00,9.311251249521787510e-02,7.044217645098789504e-02,3.139539188705556955e-02,7.287334476928582216e-02,1.508064814700546818e-01,9.224864558008663562e-02,1.118584245535659133e-01,8.547346077427157851e-02,1.981957522429687521e-02,5.127667189100467565e-02,2.547173304044131337e-02,1.575940072318001914e-02,2.296651898656069946e-02,1.406868976070886450e-02,2.130048993595043752e-02,1.069960879169700417e-02,9.181671212252100200e-03,2.599005318952006191e-02,1.611728844516296250e-02,2.049832780047142547e-02,1.453764608606582590e-02,1.763522602460786473e-02,5.479384433118189221e-03,6.812207673606397902e-03,1.083535930693191492e-02,2.653305525045970142e-02,2.992681813133245272e-02,1.213115967962878454e-02,4.070047265861213848e-02,5.306611050091940285e-02,6.048302501511767376e-02,1.300736755069047644e-02,7.024472115610075340e-02,4.209500067875257545e-02,5.164690056891806796e-02,4.140390714664757971e-02,8.411595562192247799e-02,2.784119657908701653e-02,2.538534634892818803e-02,2.536066443706729359e-02,1.242734262195949700e-02,2.937147511446236772e-02,3.028470585331539608e-02,4.990682578272512965e-02,2.927274746701879690e-02,8.941022571608396585e-02,8.099369377151954819e-02,2.151028618676802812e-02,6.116177759129222402e-02,1.742666386938332146e-01,9.096518616332020801e-02,1.015043625279214157e-01,7.916723229381347759e-02,1.533980822154484142e-02,5.868124544927250108e-02
