0.000000000000000000e+00,1.451550172241360126e-02,8.820424491610178233e-03,4.861651294588287611e-03,2.053005889543282544e-02,2.610012223580397694e-02,3.086454050450049974e-02,7.889765529503278002e-03,3.978219802200244626e-02,1.804367151905767255e-02,2.825313923769307706e-02,1.686298477608623100e-02,4.199077675297255285e-02,1.016779642182464791e-02,1.270974552728080902e-02,1.055672852539171064e-02,9.320480053339259136e-03,1.352928103122569108e-02,1.927991999111012406e-02,2.798922102455828412e-02,1.518224247138571029e-02,4.779697744193799058e-02,4.499111012334704174e-02,1.861317924213801503e-02,3.289254361595733006e-02,7.885598399822202342e-02,4.262973663740415864e-02,5.471441271252361349e-02,3.508723191465718677e-02,1.080675630625625022e-02,2.746138459828869824e-02,1.147349705522835925e-02,7.723080342260250745e-03,1.275141682409156561e-02,7.195243915990665734e-03,1.287643071452383541e-02,5.195021669074341257e-03,2.833648183131459025e-03,1.223747083009223309e-02,6.945216135126125283e-03,7.931436826314034599e-03,7.111901322369152539e-03,1.072341371263473703e-02,3.611512390265584922e-03,3.111456828536504019e-03,1.127903100344482788e-02,1.721024558284253714e-02,1.602955883987109559e-02,5.806200688965440330e-03,2.004389376597399616e-02,3.098955439493276953e-02,2.810034448272030055e-02,9.459384376041782283e-03,4.035170574508278873e-02,2.148849872208023065e-02,2.705856206245138215e-02,1.852983664851650183e-02,3.980997888654294603e-02,1.397377486387376376e-02,1.700188909878875415e-02,1.001500166685187314e-02,9.292699188798755894e-03,1.236248472052450288e-02,1.605733970441160230e-02,3.108678742082453608e-02,1.804367151905767255e-02,4.993610401155684081e-02,4.433825980664518607e-02,1.230692299144349293e-02,3.336481831314590252e-02,9.413545949549949332e-02,4.535226136237359429e-02,5.250583398155350690e-02,3.796255139459939892e-02,9.264918324258250917e-03,3.111456828536503932e-02
1.451550172241360126e-02,0.000000000000000000e+00,1.704356039559951075e-02,9.556617401933548833e-03,4.058784309367707843e-02,5.149183242582509173e-02,6.067340815646182772e-02,1.473774863873763760e-02,7.805033892654739125e-02,3.529558839871096976e-02,5.577008556506278525e-02,3.203133681520169140e-02,8.273141460162240779e-02,2.046060673408156561e-02,2.464162684742749257e-02,2.076619624402711514e-02,1.855761751305700508e-02,2.728080897877541849e-02,3.808756528503166872e-02,5.517279697744193606e-02,2.919768863207022891e-02,9.434381597955328325e-02,8.753750416712968718e-02,3.528169796644071293e-02,6.506278475386154114e-02,1.537809756639626491e-01,8.389821091232359251e-02,1.082064673852650288e-01,6.936881875763974137e-02,2.133570396710745762e-02,5.418657628625402761e-02,2.208578730970107637e-02,1.527947549727747510e-02,2.453050338926547266e-02,1.387654183798199721e-02,2.580842315812868076e-02,1.036226247360817927e-02,5.611734637181908965e-03,2.362762529169907741e-02,1.368207578619846584e-02,1.546005111679075485e-02,1.397377486387376376e-02,2.147460828980997730e-02,7.125791754639404160e-03,6.070118902100233270e-03,2.148849872208023065e-02,3.411490165573952821e-02,3.098955439493276953e-02,1.141793532614734930e-02,3.932381375708412369e-02,6.057617513057006464e-02,5.507556395155017298e-02,1.798810978997666260e-02,7.861984664962773373e-02,4.219913323702633584e-02,5.351983553728192206e-02,3.498999888876541675e-02,7.853650405600622053e-02,2.823924880542282370e-02,3.247583064784976409e-02,1.977997555283920322e-02,1.821035670630069894e-02,2.473885987331925912e-02,3.151739082120235541e-02,6.125680631181242702e-02,3.422602511390154117e-02,9.837204133792643024e-02,8.535670630070008036e-02,2.303033670407823169e-02,6.577119679964441024e-02,1.826869652183575887e-01,8.909323258139793811e-02,1.042060228914323816e-01,7.460551172352483662e-02,1.864096010667851827e-02,6.102066896321813733e-02
8.820424491610178233e-03,1.704356039559951075e-02,0.000000000000000000e+00,5.806200688965440330e-03,2.419713301477941989e-02,3.107289698855428273e-02,3.618457606400711513e-02,9.014890543393709599e-03,4.676908545393932554e-02,2.144682742526947405e-02,3.360095566174019222e-02,1.934937215246138389e-02,4.949161017890876813e-02,1.222358039782197973e-02,1.504333814868318714e-02,1.250138904322702603e-02,1.120957884209356631e-02,1.639071007889765508e-02,2.298866540726747509e-02,3.339259917768640923e-02,1.769641071230136642e-02,5.721469052116901627e-02,5.315868429825536257e-02,2.134959439937770750e-02,3.892099122124680760e-02,9.273252583620401890e-02,5.083898210912323606e-02,6.520168907656406776e-02,4.200466718524280274e-02,1.300144460495610693e-02,3.282309145460606675e-02,1.294588287587509698e-02,9.139904433825981125e-03,1.477941993554839420e-02,8.264807200800089113e-03,1.523780420046671850e-02,6.084009334370485758e-03,3.347594177130792416e-03,1.390432270252250219e-02,8.000888987665296173e-03,9.195466162906989344e-03,8.209245471719079160e-03,1.290421157906434038e-02,4.153239248805422855e-03,3.583731525725080379e-03,1.309867763084787175e-02,2.065507278586509524e-02,1.905767307478608771e-02,6.806311812423603003e-03,2.334981664629403111e-02,3.644849427714190460e-02,3.287865318368707324e-02,1.094566062895877337e-02,4.764418268696522102e-02,2.504444938326480866e-02,3.236470718968774418e-02,2.107178575397266468e-02,4.696355150572285864e-02,1.698799866651850080e-02,1.991887987554172637e-02,1.193188132014668355e-02,1.080675630625625022e-02,1.482109123235915080e-02,1.926602955883987070e-02,3.707356372930325356e-02,2.068285365040560195e-02,5.938159795532837321e-02,5.242249138793199370e-02,1.405711745749527695e-02,3.926825202800311027e-02,1.101233470385598462e-01,5.420046671852427750e-02,6.218746527391932205e-02,4.489387709745527172e-02,1.130681186798533112e-02,3.655961773530392450e-02
4.861651294588287611e-03,9.556617401933548833e-03,5.806200688965440330e-03,0.000000000000000000e+00,1.383487054117124061e-02,1.734914990554506029e-02,2.051616846316257209e-02,5.014446049561062380e-03,2.647516390710078979e-02,1.195966218468718680e-02,1.887709745527280797e-02,1.104289365485053818e-02,2.811423491499055391e-02,6.861873541504611221e-03,8.362040226691853928e-03,7.042449161017890966e-03,6.139571063451494844e-03,9.195466162906989344e-03,1.287643071452383541e-02,1.872430270030003494e-02,9.959439937770863185e-03,3.203133681520169140e-02,2.960051116790754500e-02,1.197355261695744015e-02,2.200244471607956318e-02,5.204744971663518432e-02,2.860040004444938319e-02,3.667074119346593747e-02,2.365540615623958065e-02,7.223024780531169843e-03,1.862706967440826838e-02,7.431381264584953697e-03,5.264473830425602831e-03,8.528725413934882052e-03,4.764418268696521928e-03,8.473163684853872099e-03,3.375375041671296959e-03,1.916879653294810632e-03,7.945327258584287955e-03,4.583842649183242184e-03,5.236692965885098722e-03,4.694966107345260355e-03,7.223024780531169843e-03,2.416935215023891751e-03,2.028003111456828586e-03,7.417490832314701209e-03,1.154294921657962082e-02,1.062618068674297221e-02,3.903211467940882404e-03,1.330703411490165647e-02,2.043282586954105889e-02,1.850205578397599859e-02,6.153461495721746465e-03,2.662795866207356282e-02,1.420991221246805172e-02,1.823813757084120565e-02,1.208467607511945832e-02,2.666962995888431942e-02,9.528836537393043857e-03,1.122346927436381793e-02,6.709078786531836452e-03,6.125680631181242355e-03,8.375930658962107284e-03,1.076508500944549362e-02,2.084953883764862834e-02,1.187631959106567360e-02,3.337870874541615934e-02,2.915601733525947231e-02,7.945327258584287955e-03,2.225247249694410623e-02,6.234026002889209855e-02,3.023947105233914731e-02,3.519835537281919974e-02,2.532225802866985148e-02,6.250694521613513015e-03,2.065507278586509524e-02
2.053005889543282544e-02,4.058784309367707843e-02,2.419713301477941989e-02,1.383487054117124061e-02,0.000000000000000000e+00,7.410545616179575745e-02,8.795421713523725316e-02,2.061340148905433864e-02,1.122902544727191892e-01,5.170018890987887472e-02,8.046727414157128777e-02,4.664407156350705574e-02,1.201800200022224707e-01,2.947549727747527520e-02,3.492054672741416038e-02,3.010056672963662763e-02,2.655850650072230298e-02,3.943493721524613665e-02,5.439493277030781060e-02,7.913379264362706278e-02,4.267140793421491524e-02,1.363762640293365858e-01,1.240137793088120916e-01,5.003333703744860389e-02,9.463551505722858637e-02,2.217468607623069299e-01,1.206106234026002866e-01,1.567257473052561523e-01,1.006084009334370505e-01,3.096177353039226629e-02,7.932825869541060282e-02,3.230914546060673076e-02,2.250250027780864581e-02,3.579564396044004893e-02,2.034948327591954570e-02,3.683742638070897080e-02,1.466829647738637603e-02,8.153683742638070941e-03,3.444827203022558099e-02,1.954383820424491700e-02,2.234970552283586931e-02,2.048838759862206885e-02,3.087843093677075310e-02,1.033448160906767430e-02,8.570396710745638649e-03,3.117013001444604928e-02,4.861651294588287264e-02,4.408823202578063954e-02,1.659906656295143806e-02,5.827036337370818803e-02,8.724580508945438406e-02,8.039782198022002446e-02,2.587787531947994060e-02,1.126791865762862555e-01,6.206245138348705226e-02,7.803644849427714136e-02,5.078342038004222958e-02,1.144293810423380325e-01,4.065729525502833480e-02,4.722746971885764811e-02,2.862818090898988643e-02,2.637793088120902324e-02,3.600400044449383191e-02,4.522724747194132450e-02,8.823202578064229251e-02,5.110290032225802553e-02,1.412379153239248786e-01,1.224441604622735907e-01,3.292032448049782983e-02,9.451050116679630964e-02,2.645849538837648507e-01,1.285142793643738179e-01,1.506278475386154114e-01,1.079425491721302394e-01,2.668352039115457278e-02,8.828758750972330593e-02
2.610012223580397694e-02,5.149183242582509173e-02,3.107289698855428273e-02,1.734914990554506029e-02,7.410545616179575745e-02,0.000000000000000000e+00,1.103733748194243858e-01,2.665573952661406953e-02,1.420435603955995107e-01,6.464607178575397517e-02,1.004972774752750236e-01,5.783975997333037217e-02,1.515029447716413069e-01,3.701800200022224707e-02,4.501889098788754151e-02,3.844871652405822821e-02,3.386487387487498862e-02,5.076952994777197276e-02,6.904933881542393848e-02,1.010945660628958798e-01,5.336704078230914555e-02,1.742276919657739787e-01,1.598927658628736537e-01,6.399322146905211950e-02,1.202216912990332204e-01,2.805450605622846760e-01,1.536420713412601502e-01,1.973135903989332030e-01,1.281392376930770016e-01,3.865707300811201119e-02,9.941382375819535211e-02,4.029614401600177531e-02,2.748916546282920495e-02,4.410212245805089637e-02,2.514168240915657174e-02,4.586620735637293028e-02,1.837704189354372880e-02,1.012612512501388957e-02,4.224080453383709244e-02,2.434992776975219639e-02,2.743360373374819500e-02,2.479442160240026560e-02,3.832370263362595841e-02,1.273752639182131399e-02,1.077897544171574698e-02,3.917101900211134718e-02,6.246527391932436835e-02,5.717301922435825967e-02,2.084953883764862834e-02,7.134126014001555827e-02,1.114984998333148070e-01,1.001777975330592346e-01,3.273974886098455356e-02,1.434048227580842216e-01,7.642515835092787702e-02,9.837204133792643024e-02,6.350705633959329022e-02,1.442382486942993536e-01,5.099177686409601257e-02,6.027058562062451164e-02,3.650405600622291108e-02,3.286476275141682335e-02,4.588009778864318017e-02,5.765918435381708895e-02,1.124430492276919658e-01,6.286809645516168443e-02,1.802422491387931924e-01,1.582398044227136258e-01,4.222691410156684255e-02,1.198744304922769177e-01,3.355650627847538425e-01,1.641154572730303407e-01,1.897571952439159881e-01,1.366540726747416390e-01,3.400377819757750830e-02,1.103733748194243858e-01
3.086454050450049974e-02,6.067340815646182772e-02,3.618457606400711513e-02,2.051616846316257209e-02,8.795421713523725316e-02,1.103733748194243858e-01,0.000000000000000000e+00,3.115623958217579592e-02,1.679908878764307112e-01,7.616124013779308755e-02,1.191382375819535488e-01,6.895210578953217539e-02,1.775197244138237707e-01,4.360206689632181026e-02,5.211690187798644069e-02,4.461606845205022542e-02,3.929603289254361698e-02,5.854817201911323432e-02,8.089787754194910363e-02,1.180686742971441272e-01,6.253472608067563165e-02,2.032031336815201816e-01,1.854372708078675380e-01,7.513334814979441556e-02,1.405295032781420095e-01,3.302311367929769981e-01,1.797699744416046130e-01,2.320674519391043578e-01,1.490443382598066469e-01,4.576897433048116720e-02,1.170268918768752053e-01,4.804700522280253017e-02,3.347594177130792242e-02,5.332536948549838896e-02,3.018390932325814083e-02,5.451994666074008039e-02,2.189132125791754674e-02,1.204300477830870172e-02,5.122791421269030226e-02,2.930881209023224881e-02,3.342038004222691594e-02,3.043393710412268041e-02,4.588009778864318017e-02,1.533503722635848505e-02,1.291810201133459200e-02,4.643571507945327276e-02,7.189687743082565086e-02,6.616012890321146256e-02,2.480831203467051896e-02,8.574563840426714656e-02,1.305978442049116617e-01,1.195688409823313647e-01,3.847649738859873492e-02,1.685187243027002901e-01,9.137126347371930801e-02,1.151377930881209016e-01,7.532781420157795560e-02,1.704494943882653712e-01,6.031225691743526823e-02,7.021613512612512320e-02,4.253250361151238862e-02,3.907378597621957717e-02,5.351983553728192206e-02,6.692410267807534507e-02,1.309034337148572147e-01,7.498055339482165293e-02,2.096760751194577110e-01,1.821730192243582735e-01,4.929714412712523502e-02,1.408906545171685620e-01,3.929325480608956700e-01,1.910351150127791997e-01,2.228303144793865875e-01,1.604067118568729966e-01,3.942104678297588677e-02,1.311951327925325039e-01
7.889765529503278002e-03,1.473774863873763760e-02,9.014890543393709599e-03,5.014446049561062380e-03,2.061340148905433864e-02,2.665573952661406953e-02,3.115623958217579592e-02,0.000000000000000000e+00,4.004611623513723573e-02,1.808534281586842915e-02,2.868374263807089639e-02,1.707134126014001399e-02,4.247694188243138214e-02,1.036226247360817927e-02,1.302922546949661017e-02,1.064007111901322383e-02,9.487165240582287259e-03,1.389043227025225057e-02,1.968274252694744014e-02,2.847538615401711340e-02,1.536281809089898830e-02,4.856095121680186616e-02,4.639404378264251616e-02,1.915490610067785426e-02,3.321202355817313295e-02,8.062006889654406427e-02,4.371319035448383017e-02,5.565896210690076534e-02,3.589287698633181201e-02,1.093177019668852175e-02,2.801700188909878736e-02,1.127903100344482788e-02,7.861984664962773026e-03,1.276530725636181723e-02,7.111901322369152539e-03,1.304311590176686353e-02,5.333925991776864405e-03,2.791976886320702428e-03,1.194577175241693517e-02,6.889654406045116197e-03,7.931436826314034599e-03,6.986887431936881880e-03,1.091787976441826839e-02,3.653183687076341953e-03,3.097566396266251965e-03,1.151516835203911585e-02,1.790476719635514941e-02,1.648794310478942163e-02,5.847871985776196928e-03,1.998833203689298968e-02,3.137848649849983573e-02,2.835037226358484361e-02,9.598288698744305431e-03,4.076841871319035471e-02,2.121069007667518783e-02,2.744749416601844488e-02,1.883542615846205137e-02,4.017113012556950552e-02,1.440437826425158309e-02,1.734914990554506029e-02,1.019557728636515115e-02,9.209356595177242699e-03,1.266807423047005242e-02,1.643238137570841167e-02,3.180908989887765159e-02,1.800200022224691596e-02,5.110290032225802553e-02,4.588009778864318017e-02,1.255695077230803425e-02,3.408712079119902150e-02,9.656628514279363973e-02,4.633848205356150968e-02,5.321424602733636905e-02,3.811534614957217543e-02,9.598288698744305431e-03,3.136459606622957891e-02
3.978219802200244626e-02,7.805033892654739125e-02,4.676908545393932554e-02,2.647516390710078979e-02,1.122902544727191892e-01,1.420435603955995107e-01,1.679908878764307112e-01,4.004611623513723573e-02,0.000000000000000000e+00,9.769141015668407479e-02,1.525447271919102010e-01,8.759306589621068673e-02,2.287754194910545658e-01,5.640904544949439103e-02,6.756306256250695086e-02,5.783975997333037217e-02,5.117235248360928884e-02,7.618902100233358732e-02,1.042893654850538948e-01,1.528503167018557540e-01,7.934214912768085270e-02,2.627930881209022962e-01,2.400266696299588887e-01,9.603844871652406079e-02,1.815340593399266678e-01,4.244360484498277408e-01,2.321507945327258571e-01,2.985192799199911096e-01,1.926602955883987001e-01,5.838148683187020793e-02,1.504611623513723850e-01,6.085398377597511094e-02,4.232414712745860563e-02,6.797977553061451683e-02,3.860151127903100471e-02,7.074397155239471602e-02,2.826702966996333041e-02,1.540448938770974489e-02,6.447938659851094878e-02,3.768474274919435263e-02,4.217135237248582913e-02,3.836537393043671501e-02,5.854817201911323432e-02,1.946049561062340380e-02,1.657128569841093482e-02,5.970107789754416916e-02,9.273252583620401890e-02,8.577341926880764633e-02,3.157295255028336189e-02,1.091232359151016740e-01,1.690465607289698968e-01,1.532114679408823066e-01,4.939437715301700504e-02,2.179408823202577949e-01,1.163323702633626000e-01,1.481831314590510151e-01,9.541337926436270489e-02,2.189687743082564808e-01,7.731414601622402238e-02,9.082953661517946531e-02,5.513112568063117946e-02,5.008889876652961731e-02,6.939659962218024114e-02,8.648183131459051542e-02,1.700327814201577914e-01,9.452439159906655952e-02,2.713357039671074333e-01,2.364568285365040434e-01,6.349316590732304033e-02,1.814923880431159042e-01,5.048338704300477930e-01,2.467774197133014713e-01,2.879208800977886562e-01,2.073563729303256054e-01,5.108900988998777565e-02,1.680464496055117107e-01
1.804367151905767255e-02,3.529558839871096976e-02,2.144682742526947405e-02,1.195966218468718680e-02,5.170018890987887472e-02,6.464607178575397517e-02,7.616124013779308755e-02,1.808534281586842915e-02,9.769141015668407479e-02,0.000000000000000000e+00,6.995221691299033373e-02,3.980997888654294603e-02,1.040532281364596051e-01,2.585009445493943736e-02,3.078119791087898655e-02,2.630847871985776340e-02,2.314146016224024813e-02,3.436492943660406779e-02,4.767196355150572079e-02,6.932714746082897783e-02,3.668463162573619429e-02,1.188882098010890093e-01,1.087620846760751214e-01,4.360206689632181026e-02,8.171741304589398569e-02,1.921880208912101207e-01,1.049005445049450008e-01,1.360290032225802970e-01,8.731525725080564737e-02,2.704467163018113227e-02,6.832703633737081950e-02,2.748916546282920495e-02,1.908545393932659096e-02,3.068396488498722000e-02,1.732136904100455704e-02,3.232303589287698758e-02,1.275141682409156561e-02,7.000777864207134368e-03,2.950327814201577845e-02,1.702966996332925739e-02,1.915490610067785426e-02,1.739082120235581688e-02,2.707245249472163551e-02,8.875986220691188186e-03,7.348038670963440502e-03,2.693354817201911236e-02,4.242138015335037565e-02,3.850427825313923469e-02,1.439048783198133147e-02,4.989443271474608421e-02,7.546671852428048222e-02,6.942438048672074091e-02,2.216912990332259303e-02,9.838593177019669400e-02,5.342260251139015204e-02,6.757695299477720074e-02,4.339371041226802728e-02,9.871930214468274678e-02,3.550394488276475274e-02,4.065729525502833480e-02,2.497499722191354535e-02,2.283587065229469859e-02,3.125347260806756594e-02,3.951827980886764985e-02,7.705022780308923291e-02,4.324091565729525771e-02,1.231247916435159462e-01,1.066507389709967779e-01,2.848927658628736675e-02,8.228692076897432817e-02,2.279836648516501696e-01,1.111234581620180045e-01,1.308895432825869509e-01,9.394099344371596716e-02,2.362762529169907741e-02,7.645293921546839067e-02
2.825313923769307706e-02,5.577008556506278525e-02,3.360095566174019222e-02,1.887709745527280797e-02,8.046727414157128777e-02,1.004972774752750236e-01,1.191382375819535488e-01,2.868374263807089639e-02,1.525447271919102010e-01,6.995221691299033373e-02,0.000000000000000000e+00,6.318757639737748733e-02,1.624069341037893133e-01,4.025447271919101871e-02,4.824147127458606327e-02,4.085176130681186790e-02,3.664296032892543770e-02,5.364484942771419185e-02,7.496666296255138917e-02,1.081231247916435156e-01,5.757584176019557576e-02,1.854928325369485376e-01,1.709356595177241867e-01,6.859095455050560897e-02,1.279586620735637392e-01,3.018390932325814013e-01,1.647266362929214467e-01,2.135376152905878455e-01,1.364318257584176131e-01,4.224080453383709244e-02,1.072063562618068705e-01,4.292143571507945482e-02,3.028114234914990391e-02,4.825536170685632009e-02,2.735026114012668180e-02,5.068618735415045956e-02,2.025225025002777915e-02,1.100122235803978159e-02,4.583842649183242357e-02,2.664184909434381618e-02,3.015612845871763412e-02,2.719746638515390530e-02,4.231025669518835575e-02,1.401544616068452036e-02,1.177908656517390878e-02,4.224080453383709244e-02,6.664629403267029184e-02,6.082620291143460423e-02,2.251639071007889917e-02,7.793921546838537828e-02,1.189159906656295090e-01,1.087759751083453713e-01,3.524002666962995634e-02,1.546699633292588083e-01,8.313423713745972388e-02,1.056506278475386196e-01,6.866040671185687227e-02,1.546838537615290721e-01,5.558950994554950203e-02,6.424324924991665908e-02,3.896266251805756420e-02,3.571230136681853573e-02,4.874152683631514937e-02,6.227080786754083525e-02,1.209439937770863394e-01,6.782698077564174033e-02,1.931325702855872795e-01,1.677269696632959217e-01,4.492165796199577843e-02,1.291115679519946602e-01,3.586787420824535944e-01,1.757139682186909524e-01,2.046894099344371554e-01,1.468079786642960405e-01,3.679575508389821420e-02,1.197355261695743911e-01
1.686298477608623100e-02,3.203133681520169140e-02,1.934937215246138389e-02,1.104289365485053818e-02,4.664407156350705574e-02,5.783975997333037217e-02,6.895210578953217539e-02,1.707134126014001399e-02,8.759306589621068673e-02,3.980997888654294603e-02,6.318757639737748733e-02,0.000000000000000000e+00,9.326036226247361172e-02,2.328036448494277127e-02,2.794754972774752752e-02,2.309978886542949153e-02,2.065507278586509524e-02,3.036448494277142057e-02,4.290754528280919800e-02,6.222913657073007865e-02,3.380931214579397520e-02,1.062201355706189621e-01,9.955272808089787873e-02,4.085176130681186790e-02,7.304978330925658569e-02,1.761584620513390320e-01,9.480220024447161276e-02,1.217079675519502219e-01,7.835592843649294426e-02,2.432214690521168968e-02,6.243749305478386163e-02,2.496110678964329199e-02,1.773808200911212302e-02,2.855872874763862659e-02,1.593232581397933251e-02,2.914212690298922243e-02,1.161240137793088066e-02,6.278475386154017124e-03,2.676686298477608597e-02,1.550172241360151144e-02,1.784920546727414292e-02,1.598788754306033899e-02,2.411379042115790669e-02,8.098122013557062723e-03,6.764640515612845538e-03,2.533614846094010484e-02,3.824036004000444522e-02,3.521224580508945656e-02,1.315423935992888170e-02,4.449105456161795563e-02,6.788254250472275375e-02,6.254861651294588154e-02,2.058562062451383540e-02,8.844038226469608244e-02,4.738026447383042461e-02,6.060395599511056441e-02,4.078230914546060459e-02,8.873208134237137168e-02,3.167018557617513191e-02,3.711523502611401015e-02,2.214134903878208632e-02,2.026614068229803250e-02,2.773919324369374453e-02,3.553172574730525946e-02,6.909101011223468813e-02,3.997666407378597936e-02,1.108595399488832151e-01,9.733025891765752224e-02,2.682242471385709592e-02,7.400822313590399437e-02,2.088843204800533426e-01,1.006361817979775503e-01,1.173741526836315080e-01,8.373152572508056612e-02,2.090510056672963829e-02,6.917435270585620133e-02
4.199077675297255285e-02,8.273141460162240779e-02,4.949161017890876813e-02,2.811423491499055391e-02,1.201800200022224707e-01,1.515029447716413069e-01,1.775197244138237707e-01,4.247694188243138214e-02,2.287754194910545658e-01,1.040532281364596051e-01,1.624069341037893133e-01,9.326036226247361172e-02,0.000000000000000000e+00,5.947883098122013629e-02,7.170241137904211082e-02,6.154850538948772321e-02,5.395043893765973791e-02,8.087009667740860386e-02,1.107900877875319517e-01,1.617263029225469440e-01,8.562062451383486983e-02,2.784476052894765963e-01,2.537226358484275801e-01,1.022196910767863148e-01,1.924519391043449379e-01,4.495499499944438093e-01,2.459717746416268391e-01,3.181603511501278070e-01,2.049394377153017088e-01,6.252083564840538177e-02,1.591843538170907846e-01,6.507667518613179103e-02,4.467163018113123885e-02,7.127180797866429496e-02,4.050450050005555830e-02,7.417490832314702076e-02,2.985053894877208458e-02,1.630736748527614188e-02,6.899377708634292505e-02,3.951827980886764985e-02,4.462995888432048225e-02,4.058784309367707843e-02,6.238193132570285515e-02,2.079397710856761838e-02,1.732136904100455704e-02,6.292365818424269786e-02,9.894154906100677271e-02,9.064896099566618903e-02,3.373985998444271883e-02,1.162768085342815866e-01,1.779503278142015865e-01,1.621846871874652873e-01,5.254750527836426349e-02,2.299005445049449869e-01,1.239026558506500786e-01,1.579897766418491001e-01,1.017890876764084851e-01,2.329842204689409890e-01,8.238415379486609125e-02,9.610790087787532410e-02,5.846482942549172113e-02,5.331147905322813907e-02,7.374430492276919102e-02,9.209356595177241311e-02,1.798116457384153766e-01,1.019418824313812616e-01,2.877264140460051300e-01,2.505000555617291069e-01,6.685465051672408177e-02,1.928686520724524900e-01,5.364623847094122100e-01,2.609873319257695057e-01,3.058117568618735627e-01,2.193438159795532971e-01,5.439493277030781060e-02,1.781586842982553487e-01
1.016779642182464791e-02,2.046060673408156561e-02,1.222358039782197973e-02,6.861873541504611221e-03,2.947549727747527520e-02,3.701800200022224707e-02,4.360206689632181026e-02,1.036226247360817927e-02,5.640904544949439103e-02,2.585009445493943736e-02,4.025447271919101871e-02,2.328036448494277127e-02,5.947883098122013629e-02,0.000000000000000000e+00,1.759917768640959987e-02,1.498777641960217719e-02,1.337648627625291631e-02,1.943271474608289709e-02,2.750305589509945484e-02,3.965718413157017647e-02,2.114123791532392452e-02,6.795199466607400318e-02,6.195132792532503929e-02,2.497499722191354535e-02,4.682464718302033896e-02,1.099566618513168198e-01,6.029836648516501835e-02,7.877264140460051023e-02,5.004722746971886072e-02,1.568229803311478945e-02,3.921269029892210378e-02,1.593232581397933251e-02,1.122346927436381793e-02,1.780753417046338632e-02,1.014001555728414293e-02,1.829369929992221214e-02,7.417490832314701209e-03,4.125458384264918746e-03,1.719635515057228725e-02,9.709412156906323602e-03,1.122346927436381793e-02,1.020946771863540450e-02,1.577953105900655600e-02,5.195021669074341257e-03,4.375486165129459197e-03,1.527947549727747510e-02,2.433603733748194303e-02,2.204411601289031977e-02,8.181464607178575918e-03,2.901711301255694916e-02,4.356039559951105367e-02,4.003222580286698584e-02,1.293199244360484536e-02,5.652016890765640400e-02,3.107289698855428273e-02,3.879597733081453781e-02,2.540560062229136468e-02,5.656184020446716060e-02,2.050227803089232220e-02,2.341926880764529442e-02,1.425158350927880832e-02,1.320980108900988992e-02,1.775197244138237637e-02,2.278030892321369211e-02,4.417157461940215274e-02,2.500277808645405206e-02,7.070230025558395248e-02,6.071507945327258432e-02,1.636292921435715184e-02,4.746360706745193780e-02,1.311534614957217404e-01,6.384042671407934300e-02,7.481386820757862655e-02,5.364484942771419185e-02,1.344593843760417788e-02,4.403267029669963306e-02
1.270974552728080902e-02,2.464162684742749257e-02,1.504333814868318714e-02,8.362040226691853928e-03,3.492054672741416038e-02,4.501889098788754151e-02,5.211690187798644069e-02,1.302922546949661017e-02,6.756306256250695086e-02,3.078119791087898655e-02,4.824147127458606327e-02,2.794754972774752752e-02,7.170241137904211082e-02,1.759917768640959987e-02,0.000000000000000000e+00,1.809923324813868251e-02,1.602955883987109559e-02,2.378042004667185391e-02,3.321202355817313295e-02,4.825536170685632009e-02,2.571119013223691421e-02,8.252305811756861786e-02,7.725858428714300896e-02,3.105900655628403284e-02,5.665907323035893062e-02,1.338065340593399266e-01,7.342482498055338813e-02,9.423269252139127028e-02,6.071507945327258432e-02,1.865485053894877163e-02,4.725525058339815482e-02,1.883542615846205137e-02,1.312645849538837672e-02,2.115512834759417787e-02,1.193188132014668355e-02,2.200244471607956318e-02,8.806534059339926612e-03,4.861651294588287611e-03,1.982164684964995982e-02,1.147349705522835925e-02,1.311256806311812510e-02,1.173741526836315219e-02,1.858539837759751179e-02,6.028447605289476673e-03,5.139459939993332172e-03,1.891876875208356457e-02,3.005889543282587104e-02,2.758639848872096803e-02,9.973330370041116541e-03,3.385098344260473180e-02,5.271419046560728988e-02,4.765807311923547090e-02,1.586287365262806920e-02,6.852150238915434566e-02,3.628180908989887821e-02,4.682464718302033896e-02,3.054506056228469685e-02,6.810478942104677968e-02,2.454439382153572602e-02,2.878097566396266294e-02,1.726580731192354709e-02,1.572396932992554605e-02,2.150238915435048401e-02,2.775308367596399442e-02,5.350594510501166523e-02,3.004500500055561768e-02,8.592621402378042283e-02,7.621680186687410097e-02,2.048838759862206885e-02,5.707578619846649659e-02,1.600872319146571798e-01,7.793921546838537828e-02,9.005167240804533291e-02,6.457661962440271186e-02,1.623791532392488204e-02,5.257528614290477020e-02
1.055672852539171064e-02,2.076619624402711514e-02,1.250138904322702603e-02,7.042449161017890966e-03,3.010056672963662763e-02,3.844871652405822821e-02,4.461606845205022542e-02,1.064007111901322383e-02,5.783975997333037217e-02,2.630847871985776340e-02,4.085176130681186790e-02,2.309978886542949153e-02,6.154850538948772321e-02,1.498777641960217719e-02,1.809923324813868251e-02,0.000000000000000000e+00,1.370985665073897082e-02,2.044671630181131225e-02,2.789198799866651757e-02,4.114346038448716408e-02,2.143293699299922070e-02,7.067451939104345271e-02,6.464607178575397517e-02,2.560006667407489778e-02,4.863040337815312947e-02,1.129708856539615447e-01,6.257639737748638131e-02,8.039782198022002446e-02,5.211690187798644069e-02,1.577953105900655600e-02,4.001833537059673596e-02,1.609901100122235890e-02,1.119568840982331295e-02,1.786309589954439281e-02,1.008445382820313298e-02,1.858539837759751179e-02,7.417490832314701209e-03,4.042115790643404684e-03,1.707134126014001399e-02,9.834426047338593393e-03,1.107067451939104316e-02,1.005667296366262974e-02,1.571007889765529617e-02,5.153350372263584660e-03,4.278253139237692647e-03,1.568229803311478945e-02,2.515557284142682509e-02,2.279419935548394199e-02,8.431492388043115502e-03,2.912823647071896907e-02,4.499111012334704174e-02,4.071285698410934822e-02,1.312645849538837672e-02,5.814534948327591823e-02,3.105900655628403284e-02,3.992110234470496594e-02,2.529447716412934824e-02,5.864540504500499740e-02,2.076619624402711514e-02,2.418324258250916653e-02,1.484887209689965577e-02,1.341815757306367290e-02,1.864096010667851827e-02,2.328036448494277127e-02,4.556061784642738421e-02,2.536392932548060808e-02,7.296644071563507250e-02,6.354872763640403988e-02,1.677964218246471781e-02,4.838037559728858988e-02,1.346816312923658221e-01,6.616012890321146256e-02,7.711967996444049622e-02,5.549227691965773895e-02,1.383487054117124061e-02,4.467163018113123885e-02
9.320480053339259136e-03,1.855761751305700508e-02,1.120957884209356631e-02,6.139571063451494844e-03,2.655850650072230298e-02,3.386487387487498862e-02,3.929603289254361698e-02,9.487165240582287259e-03,5.117235248360928884e-02,2.314146016224024813e-02,3.664296032892543770e-02,2.065507278586509524e-02,5.395043893765973791e-02,1.337648627625291631e-02,1.602955883987109559e-02,1.370985665073897082e-02,0.000000000000000000e+00,1.793254806089565612e-02,2.497499722191354535e-02,3.624013779308812161e-02,1.891876875208356457e-02,6.221524613845982876e-02,5.683964884987220689e-02,2.253028114234914905e-02,4.267140793421491524e-02,9.989998888765418139e-02,5.503389265473941638e-02,7.114679408823203210e-02,4.547727525280586408e-02,1.415435048338704351e-02,3.521224580508945656e-02,1.426547394154906168e-02,9.945549505500611565e-03,1.572396932992554605e-02,8.973219246582953001e-03,1.677964218246471781e-02,6.667407489721079855e-03,3.639293254806089464e-03,1.511279031003444871e-02,8.834314923880431589e-03,9.862206911879098370e-03,8.917657517501944783e-03,1.400155572841426874e-02,4.611623513723747160e-03,3.861540171130125373e-03,1.393210356706300716e-02,2.225247249694410623e-02,2.014112679186576271e-02,7.459162129125458673e-03,2.591954661629070067e-02,3.951827980886764985e-02,3.624013779308812161e-02,1.154294921657962082e-02,5.170018890987887472e-02,2.790587843093677092e-02,3.519835537281919974e-02,2.250250027780864581e-02,5.143627069674408525e-02,1.836315146127347545e-02,2.118290921213468112e-02,1.304311590176686353e-02,1.193188132014668355e-02,1.623791532392488204e-02,2.065507278586509524e-02,4.032392488054228202e-02,2.226636292921435611e-02,6.427103011445715885e-02,5.550616735192798884e-02,1.476552950327814258e-02,4.301866874097121790e-02,1.185548394266029565e-01,5.835370596732970122e-02,6.793810423380375330e-02,4.883875986220691245e-02,1.236248472052450288e-02,3.967107456384042635e-02
1.352928103122569108e-02,2.728080897877541849e-02,1.639071007889765508e-02,9.195466162906989344e-03,3.943493721524613665e-02,5.076952994777197276e-02,5.854817201911323432e-02,1.389043227025225057e-02,7.618902100233358732e-02,3.436492943660406779e-02,5.364484942771419185e-02,3.036448494277142057e-02,8.087009667740860386e-02,1.943271474608289709e-02,2.378042004667185391e-02,2.044671630181131225e-02,1.793254806089565612e-02,0.000000000000000000e+00,3.679575508389821420e-02,5.392265807311923814e-02,2.790587843093677092e-02,9.338537615290587457e-02,8.441215690632292157e-02,3.339259917768640923e-02,6.404878319813311904e-02,1.479192132459162257e-01,8.248138682075786821e-02,1.052200244471607898e-01,6.845205022780308235e-02,2.050227803089232220e-02,5.282531392376930979e-02,2.111345705078342128e-02,1.464051561284587105e-02,2.318313145905100472e-02,1.314034892765862834e-02,2.398877653072563690e-02,9.653850427825313649e-03,5.389487720857873490e-03,2.232192465829536607e-02,1.283475941771307881e-02,1.440437826425158309e-02,1.319591065673963830e-02,2.022446938548727591e-02,6.681297921991332343e-03,5.653405933992665562e-03,2.032170241137904246e-02,3.279531059006556004e-02,3.025336148460940067e-02,1.108456495166129652e-02,3.779586620735637253e-02,5.927047449716635330e-02,5.320035559506611916e-02,1.714079342149127730e-02,7.649461051227914032e-02,4.082398044227136119e-02,5.236692965885098028e-02,3.303144793865984974e-02,7.757806422935881185e-02,2.696132903655961907e-02,3.186465162795866501e-02,1.940493388154239385e-02,1.748805422824758343e-02,2.479442160240026560e-02,3.067007445271697011e-02,5.946494054894988640e-02,3.301755750638959985e-02,9.506611845760640223e-02,8.346760751194577665e-02,2.184964996110679014e-02,6.353483720413378999e-02,1.769502166907434282e-01,8.727358595399488383e-02,1.013029225469496558e-01,7.279975552839204611e-02,1.798810978997666260e-02,5.853428158684298444e-02
1.927991999111012406e-02,3.808756528503166872e-02,2.298866540726747509e-02,1.287643071452383541e-02,5.439493277030781060e-02,6.904933881542393848e-02,8.089787754194910363e-02,1.968274252694744014e-02,1.042893654850538948e-01,4.767196355150572079e-02,7.496666296255138917e-02,4.290754528280919800e-02,1.107900877875319517e-01,2.750305589509945484e-02,3.321202355817313295e-02,2.789198799866651757e-02,2.497499722191354535e-02,3.679575508389821420e-02,0.000000000000000000e+00,7.441104567174131046e-02,3.922658073119235367e-02,1.274308256472941325e-01,1.174574952772530212e-01,4.689409934437159533e-02,8.735692854761639703e-02,2.059534392710301032e-01,1.130681186798533217e-01,1.454467163018113018e-01,9.351039004333815130e-02,2.896155128347594268e-02,7.329981109012112528e-02,2.891987998666518608e-02,2.046060673408156561e-02,3.272585842871430367e-02,1.839093232581397869e-02,3.443438159795533110e-02,1.375152794754972742e-02,7.500833425936215271e-03,3.104511612401377949e-02,1.809923324813868251e-02,2.037726414046005241e-02,1.839093232581397869e-02,2.883653739304367289e-02,9.389932214690520709e-03,7.945327258584287955e-03,2.869763307034114974e-02,4.575508389821091038e-02,4.169907767529725667e-02,1.533503722635848505e-02,5.261695743971552680e-02,8.139793310367818280e-02,7.373041449049894114e-02,2.390543393710412370e-02,1.057200800088898829e-01,5.628403155906212124e-02,7.218857650850094010e-02,4.649127680853427924e-02,1.054561617957550795e-01,3.810145571730192554e-02,4.376875208356484359e-02,2.653072563618179627e-02,2.419713301477941989e-02,3.319813312590287613e-02,4.261584620513390181e-02,8.241193465940660490e-02,4.578286476275141709e-02,1.320285587287476359e-01,1.147905322813645990e-01,3.058673185909545345e-02,8.746805200577842387e-02,2.440965662851427853e-01,1.203050338926547336e-01,1.395432825869541149e-01,1.002750305589509977e-01,2.525280586731859164e-02,8.142571396821869645e-02
2.798922102455828412e-02,5.517279697744193606e-02,3.339259917768640923e-02,1.873819313257028482e-02,7.913379264362706278e-02,1.010945660628958798e-01,1.180686742971441272e-01,2.847538615401711340e-02,1.528503167018557540e-01,6.932714746082897783e-02,1.081231247916435156e-01,6.222913657073007865e-02,1.617263029225469440e-01,3.965718413157017647e-02,4.825536170685632009e-02,4.114346038448716408e-02,3.624013779308812161e-02,5.392265807311923814e-02,7.441104567174131046e-02,0.000000000000000000e+00,5.657573063673741742e-02,1.856317368596510642e-01,1.707967551950216600e-01,6.832703633737081950e-02,1.279447716412934755e-01,2.998110901211245571e-01,1.650322258028669720e-01,2.116624069341037917e-01,1.363623735970663498e-01,4.150461162351372357e-02,1.064562729192132517e-01,4.253250361151238862e-02,2.968385376152905819e-02,4.772752528058673421e-02,2.704467163018113227e-02,4.943604844982776164e-02,1.976608512056895334e-02,1.097344149349927835e-02,4.525502833648183121e-02,2.608623180353372706e-02,2.951716857428603180e-02,2.686409601066785252e-02,4.154628292032448017e-02,1.365429492165796260e-02,1.161240137793088066e-02,4.185187243027003318e-02,6.639626625180575226e-02,6.086787420824536082e-02,2.225247249694410623e-02,7.695299477719746983e-02,1.189021002333592592e-01,1.074563840426714101e-01,3.494832759195466015e-02,1.541143460384487296e-01,8.224524947216357851e-02,1.052478053117013035e-01,6.777141904656072691e-02,1.540587843093677023e-01,5.479775530614512669e-02,6.406267363040338281e-02,3.900433381486832080e-02,3.544838315368373932e-02,4.903322591399044555e-02,6.175686187354150619e-02,1.204578286476275101e-01,6.666018446494055560e-02,1.925908434270474368e-01,1.681297921991332378e-01,4.485220580064451512e-02,1.284726080675630544e-01,3.569424380486720949e-01,1.749499944438270838e-01,2.027447494166018382e-01,1.465023891543504875e-01,3.637904211579064129e-02,1.186520724524947196e-01
1.518224247138571029e-02,2.919768863207022891e-02,1.769641071230136642e-02,9.959439937770863185e-03,4.267140793421491524e-02,5.336704078230914555e-02,6.253472608067563165e-02,1.536281809089898830e-02,7.934214912768085270e-02,3.668463162573619429e-02,5.757584176019557576e-02,3.380931214579397520e-02,8.562062451383486983e-02,2.114123791532392452e-02,2.571119013223691421e-02,2.143293699299922070e-02,1.891876875208356457e-02,2.790587843093677092e-02,3.922658073119235367e-02,5.657573063673741742e-02,0.000000000000000000e+00,9.694132681409045604e-02,9.063507056339593915e-02,3.689298810978997728e-02,6.688243138126458154e-02,1.591149016557395213e-01,8.635681742415823869e-02,1.123319257695299528e-01,7.188298699855540097e-02,2.223858206467385287e-02,5.621457939771085793e-02,2.254417157461940241e-02,1.543227025225024987e-02,2.491943549283253539e-02,1.407100788976553031e-02,2.616957439715524025e-02,1.043171463495943911e-02,5.653405933992665562e-03,2.384987220802311375e-02,1.365429492165796260e-02,1.557117457495277302e-02,1.397377486387376376e-02,2.200244471607956318e-02,7.209134348260918222e-03,5.945105011667963478e-03,2.272474719413268215e-02,3.558728747638626594e-02,3.230914546060673076e-02,1.180686742971441203e-02,4.078230914546060459e-02,6.157628625402822298e-02,5.677019668852094358e-02,1.873819313257028482e-02,8.053672630292255108e-02,4.329647738637626420e-02,5.565896210690076534e-02,3.675408378708745760e-02,8.050894543838203743e-02,2.910045560617846583e-02,3.417046338482053469e-02,2.043282586954105889e-02,1.873819313257028482e-02,2.544727191910212127e-02,3.280920102233581687e-02,6.310423380375597413e-02,3.630958995443938492e-02,1.013862651405711690e-01,8.982942549172130697e-02,2.414157128569840993e-02,6.743804867207467413e-02,1.901461273474830405e-01,9.196855206134015026e-02,1.067896432936993045e-01,7.617513057006333743e-02,1.940493388154239385e-02,6.250694521613513188e-02
