0.000000000000000000e+00,8.912495498739646249e-03,6.005967385153557561e-03,5.157158290035495848e-03,1.688615669530325533e-02,1.886671125057873266e-02,2.237769432583980658e-02,3.047996296105766941e-03,2.780492823704923053e-02,1.309223725500282924e-02,1.590874016153094248e-02,1.160039096661350834e-02,3.076289932609702071e-02,7.150573589176398119e-03,8.925356242605072057e-03,7.755028550851381618e-03,5.581562837594526705e-03,1.205051700190339081e-02,9.156849632182726198e-03,1.752919388857451452e-02,6.829054992540768525e-03,3.392664231699161342e-02,2.316219970163074099e-02,8.925356242605072057e-03,2.680179021554606605e-02,4.993826842944595890e-02,2.835794022326251426e-02,4.115438036936056726e-02,2.966973609753588079e-02,6.095992592211533882e-03,1.821081331344204940e-02,8.050825659756160463e-03,5.350069448016873432e-03,8.282319049333812869e-03,5.221462009362621420e-03,9.105406656721024700e-03,3.408097124337671792e-03,2.765059931066413037e-03,6.687586810021091573e-03,5.028550851381243837e-03,7.150573589176398119e-03,4.591285559956788040e-03,6.147435567673234513e-03,2.289212408045681550e-03,1.941972323679201640e-03,4.205463243994032874e-03,8.230876073872113105e-03,1.201193477030711512e-02,4.719892998611040051e-03,1.469983023818097721e-02,2.056432944081485609e-02,2.190184680281907423e-02,3.330932661145120845e-03,2.467976747775091351e-02,1.401821081331344233e-02,2.168321415710684763e-02,1.659035958639847735e-02,3.105869643500180216e-02,1.070013889603374686e-02,9.684140130665158316e-03,8.565255414373166773e-03,5.928802921961006181e-03,9.812747569319409460e-03,9.761304593857707962e-03,1.716909306034260924e-02,1.044292401872524284e-02,3.172745511600390950e-02,3.116158238592520169e-02,7.253459540099799381e-03,2.176037862029939901e-02,6.719738669684655052e-02,3.242193528473687192e-02,4.377797211790730031e-02,3.015844436442203721e-02,6.468954164308863240e-03,1.872524306805905744e-02
8.912495498739646249e-03,0.000000000000000000e+00,1.617881578270487231e-02,1.392818560625546515e-02,4.492257832193014000e-02,5.140439323010442818e-02,5.995678790061217261e-02,7.986521940429034891e-03,7.554400946550748897e-02,3.531560265445753133e-02,4.276197335253870829e-02,3.076289932609702071e-02,8.282319049333813910e-02,1.956119141931169161e-02,2.390812284582540317e-02,2.096301250064303706e-02,1.487988065229692812e-02,3.230618858994804138e-02,2.479551417253974058e-02,4.758475230207315221e-02,1.787643397294099573e-02,9.194145789392459134e-02,6.119141931169298776e-02,2.340655383507381920e-02,7.162148258655280653e-02,1.325171047893410059e-01,7.680436236431914532e-02,1.124029013838160340e-01,8.102268635217861614e-02,1.670610628118730442e-02,4.899943412726991826e-02,2.116878440248983959e-02,1.462266577498842583e-02,2.222336539945470382e-02,1.382529965533206388e-02,2.440969185657698368e-02,9.208292607644425962e-03,7.459231441946601905e-03,1.754205463243993859e-02,1.342661659550388464e-02,1.959977365090796730e-02,1.234631411080816879e-02,1.714337157261176109e-02,6.263182262462060716e-03,5.118576058439220158e-03,1.131745460157415444e-02,2.272493441020628779e-02,3.260198569885282283e-02,1.266783270744379838e-02,3.827357374350532498e-02,5.530119862132825553e-02,5.778332218735531683e-02,9.118267400586450508e-03,6.663151396676783578e-02,3.787489068367714401e-02,5.924944698801378612e-02,4.403518699521580260e-02,8.236020371418283081e-02,2.873090179535984362e-02,2.667318277689181491e-02,2.332938937188127129e-02,1.606306908791604524e-02,2.658315756983383946e-02,2.675034724008436629e-02,4.714748701064869901e-02,2.774062451772210669e-02,8.742733679716034600e-02,8.457225165903595188e-02,1.918822984721436226e-02,5.937805442666804073e-02,1.825196769381141060e-01,8.818612068522042879e-02,1.187818303410669296e-01,8.317043057770460990e-02,1.759349760790164183e-02,5.090282421935284768e-02
6.005967385153557561e-03,1.617881578270487231e-02,0.000000000000000000e+00,9.414064509491228486e-03,3.006841915736406176e-02,3.456967951026287261e-02,4.000977416533772063e-02,5.440094655074849753e-03,5.068419157364061761e-02,2.350943978599722220e-02,2.903955964813004914e-02,2.077010134266165861e-02,5.560985647409846105e-02,1.305365502340655355e-02,1.633314470908997507e-02,1.414681825196769348e-02,1.000565872730078791e-02,2.188898605895365015e-02,1.724625752353516062e-02,3.194608776171613956e-02,1.224342815988476753e-02,6.186017799269509509e-02,4.121868408868768763e-02,1.580585421060754295e-02,4.784196717938165450e-02,8.850763928185606533e-02,5.141725397396985225e-02,7.501671896702505338e-02,5.386079530840064133e-02,1.085446782241884789e-02,3.269201090591079828e-02,1.378671742373578819e-02,9.825608313184835269e-03,1.545861412624106174e-02,9.362621534029528722e-03,1.657749884253305328e-02,6.160296311538659454e-03,5.041411595246668778e-03,1.149750501569010708e-02,9.118267400586450508e-03,1.365810998508153705e-02,8.475230207315191319e-03,1.149750501569010708e-02,4.231184731724882755e-03,3.575286794588199060e-03,7.819332270178506322e-03,1.523998148052883340e-02,2.227480837491640359e-02,8.552394670507742699e-03,2.569576624311950205e-02,3.720613200267503667e-02,3.912238283862338323e-02,6.353207469520037037e-03,4.493543906579556407e-02,2.525850095169504539e-02,3.994547044601060026e-02,2.894953444107207022e-02,5.569988168115643651e-02,1.904676166469468704e-02,1.804362364319152257e-02,1.574155049128041564e-02,1.062297443284119548e-02,1.801790215546067095e-02,1.801790215546067095e-02,3.139307577550285583e-02,1.905962240856011111e-02,5.859354905087710286e-02,5.683162714131385213e-02,1.311795874273367912e-02,3.930243325273934107e-02,1.229358506095992593e-01,5.923658624414836205e-02,8.014815576932969587e-02,5.551983126704048560e-02,1.190904881938371386e-02,3.433818612068521847e-02
5.157158290035495848e-03,1.392818560625546515e-02,9.414064509491228486e-03,0.000000000000000000e+00,2.639024641185246101e-02,2.955398940274705372e-02,3.494264108236020544e-02,4.629867791553063730e-03,4.309635269303976196e-02,2.056432944081485609e-02,2.498842533052111903e-02,1.796645917999897119e-02,4.804773908122846049e-02,1.158753022274808427e-02,1.385102114306291550e-02,1.223056741601934172e-02,8.590976902104018390e-03,1.889243273830958428e-02,1.444261536087247319e-02,2.752199187200987662e-02,1.055867071351406991e-02,5.290910026235917663e-02,3.499408405782190173e-02,1.342661659550388464e-02,4.146303822213076584e-02,7.532537681979525890e-02,4.390657955656155492e-02,6.474098461855033737e-02,4.628581717166520976e-02,9.465507484952929984e-03,2.802356088276146059e-02,1.223056741601934172e-02,8.668141365296568035e-03,1.324656618138793200e-02,8.218015330006687297e-03,1.477699470137352686e-02,5.465816142805699634e-03,4.372652914244559708e-03,1.004424095889706187e-02,7.922218221101909319e-03,1.166469468594063565e-02,7.266320283965224322e-03,1.031431658007099170e-02,3.755337208704151268e-03,3.009414064509491251e-03,6.700447553886516514e-03,1.319512320592623050e-02,1.869952158032820583e-02,7.446370698081176964e-03,2.239055506970523066e-02,3.162456916508050997e-02,3.395236380472246851e-02,5.324347960286022682e-03,3.837645969442872451e-02,2.233911209424353089e-02,3.446679355933947309e-02,2.547713359740727546e-02,4.786768866711250264e-02,1.692473892689953102e-02,1.539431040691393617e-02,1.337517362004218315e-02,9.336900046298677106e-03,1.543289263851021186e-02,1.533000668758681059e-02,2.684037244714234174e-02,1.642316991614795052e-02,5.018262256288903711e-02,4.879366222542311921e-02,1.109882195586192784e-02,3.365656669581768706e-02,1.057924790369875051e-01,5.058130562271721808e-02,6.908791604506404893e-02,4.748186635114975268e-02,1.025001286074386612e-02,2.968259684140130833e-02
1.688615669530325533e-02,4.492257832193014000e-02,3.006841915736406176e-02,2.639024641185246101e-02,0.000000000000000000e+00,9.475796080045269243e-02,1.123385976644889206e-01,1.505993106641288076e-02,1.390889449045732695e-01,6.669581768609496308e-02,8.025104172025310234e-02,5.834919491743402464e-02,1.548304953958536956e-01,3.664025927259632887e-02,4.463964195689078956e-02,3.919954730181593461e-02,2.795925716343433329e-02,6.098564740984618870e-02,4.609290601368383478e-02,8.845619630639435516e-02,3.397808529245331666e-02,1.704434384484798670e-01,1.133674571737229297e-01,4.382941509336900354e-02,1.340218118215957543e-01,2.460131694017181903e-01,1.421883841761407419e-01,2.087170121919851851e-01,1.491589073512011865e-01,3.081434230155872048e-02,9.100262359174854376e-02,3.990688821441432110e-02,2.789495344410720598e-02,4.232470806111425510e-02,2.619733525387108256e-02,4.654303204897371204e-02,1.734914347445856361e-02,1.410823602037141779e-02,3.288492206389217326e-02,2.527136169556047293e-02,3.709038530788620613e-02,2.323936416482329237e-02,3.239621379700601683e-02,1.193477030711456374e-02,9.671279386799732508e-03,2.159318895004887218e-02,4.199032872061320143e-02,6.045835691136375312e-02,2.390812284582540317e-02,7.279181027830650130e-02,1.020500025721487736e-01,1.097921703791347320e-01,1.693759967076495856e-02,1.235788878028705184e-01,7.173722928134163013e-02,1.109624980708884268e-01,8.311898760224291360e-02,1.545475590308143521e-01,5.433664283142136675e-02,4.951386388188692977e-02,4.309635269303976196e-02,3.006841915736406176e-02,4.953958536961777792e-02,4.986110396625340752e-02,8.700293224960131688e-02,5.285765728689747339e-02,1.615823859252019101e-01,1.569782396213796893e-01,3.592005761613251830e-02,1.092391583929214482e-01,3.406296620196512248e-01,1.633443078347651678e-01,2.211790729975821879e-01,1.528370800967127907e-01,3.260198569885282283e-02,9.495087195843407435e-02
1.886671125057873266e-02,5.140439323010442818e-02,3.456967951026287261e-02,2.955398940274705372e-02,9.475796080045269243e-02,0.000000000000000000e+00,1.260995936004938589e-01,1.678327074437985580e-02,1.592160090539636863e-01,7.421935284736869143e-02,9.024383970368846097e-02,6.480528833787746468e-02,1.756649004578424711e-01,4.159164566078502046e-02,5.063274859817892132e-02,4.424095889706260859e-02,3.098153197180925078e-02,6.814908174288801523e-02,5.269046761664694656e-02,1.004424095889706325e-01,3.787489068367714401e-02,1.945573331961520658e-01,1.294048047739081164e-01,4.933381346777097887e-02,1.520911569525181251e-01,2.805185451926539564e-01,1.621868408868769040e-01,2.372678635732290708e-01,1.705849066309995388e-01,3.490405885076392628e-02,1.028988116672668318e-01,4.458819898142908633e-02,3.126446833684860122e-02,4.753330932661144897e-02,2.951540717115077803e-02,5.224034158135706235e-02,1.957405216317711916e-02,1.605020834405062116e-02,3.647306960234580203e-02,2.856371212510931679e-02,4.151448119759246908e-02,2.608158855908225895e-02,3.662739852873090479e-02,1.325942692525335607e-02,1.084160707855342382e-02,2.408817325994135408e-02,4.812490354442101187e-02,6.897216935027522533e-02,2.684037244714234174e-02,8.052111734142702870e-02,1.170584906630999511e-01,1.225243068059056473e-01,1.935541951746488909e-02,1.408508668141365272e-01,7.940223262513504410e-02,1.255465816142805613e-01,9.218581202736766955e-02,1.742630793765111430e-01,6.110139410463501231e-02,5.663871598333247714e-02,4.950100313802150570e-02,3.378517413447193474e-02,5.634291887442769570e-02,5.667729821492874936e-02,9.963218272544883958e-02,5.867071351406965424e-02,1.848860538093523298e-01,1.788672256803333638e-01,4.054992540768558029e-02,1.254694171510880307e-01,3.863624672051031439e-01,1.860949637327022899e-01,2.512732136426770735e-01,1.756263182262462197e-01,3.765625803796491394e-02,1.081074129327640326e-01
2.237769432583980658e-02,5.995678790061217261e-02,4.000977416533772063e-02,3.494264108236020544e-02,1.123385976644889206e-01,1.260995936004938589e-01,0.000000000000000000e+00,1.992129224754359690e-02,1.850661042234682807e-01,8.818612068522042879e-02,1.065641236689130050e-01,7.735737435053242905e-02,2.051803076289932526e-01,4.884510520088482244e-02,5.921086475641751390e-02,5.211173414270281468e-02,3.712896753948248529e-02,8.053397808529245971e-02,6.123000154328926692e-02,1.175086166983898284e-01,4.503832501671896360e-02,2.271335974072740405e-01,1.510622974432841159e-01,5.818200524718349781e-02,1.781727455116003944e-01,3.277689181542260410e-01,1.889757703585575321e-01,2.777020422861258275e-01,1.984669993312413172e-01,4.114151962549513625e-02,1.210581820052471780e-01,5.280621431143577016e-02,3.660167704100004971e-02,5.600853953392664203e-02,3.468542620505170315e-02,6.161582385925201688e-02,2.303359226297648985e-02,1.877668604352075721e-02,4.362364319152219755e-02,3.355368074489428754e-02,4.890940892021194281e-02,3.078862081382787233e-02,4.281341632800041153e-02,1.576727197901126726e-02,1.279644014609804953e-02,2.860229435670559248e-02,5.577704614434898789e-02,8.026390246411851948e-02,3.166315139667678219e-02,9.623694634497659273e-02,1.356294048047738954e-01,1.448762796440146161e-01,2.263490920314830887e-02,1.645403570142497107e-01,9.475796080045269243e-02,1.469983023818097756e-01,1.101651319512320648e-01,2.051417253973969734e-01,7.191727969545758103e-02,6.585986933484232198e-02,5.743608210298883909e-02,3.973969854416379427e-02,6.567981892072637107e-02,6.607850198055455204e-02,1.158109985081537119e-01,6.993672514018210717e-02,2.148515870157929886e-01,2.090513915324862526e-01,4.759761304593857628e-02,1.454678738618241651e-01,4.519008179433098293e-01,2.171536601677040990e-01,2.938679973249652688e-01,2.031997530737177926e-01,4.357220021606049432e-02,1.260224291373013006e-01
3.047996296105766941e-03,7.986521940429034891e-03,5.440094655074849753e-03,4.629867791553063730e-03,1.505993106641288076e-02,1.678327074437985580e-02,1.992129224754359690e-02,0.000000000000000000e+00,2.484695714800144034e-02,1.163897319820978403e-02,1.422398271516024486e-02,1.037862029939811727e-02,2.745768815268275279e-02,6.494675652039713989e-03,7.986521940429034891e-03,6.996244662791296226e-03,4.977107875919543206e-03,1.077730335922629824e-02,8.295179793199238677e-03,1.578013272287669133e-02,6.070271104480683133e-03,3.038993775399969136e-02,2.034569679510262949e-02,7.832193014043932131e-03,2.385667987036370341e-02,4.385513658109985169e-02,2.541282987808014815e-02,3.705180307628993391e-02,2.646741087504501239e-02,5.350069448016873432e-03,1.615309429497402069e-02,6.983383918925870418e-03,4.938525644323267516e-03,7.510674417408302536e-03,4.591285559956788040e-03,8.218015330006687297e-03,3.086578527702042198e-03,2.469262822161633758e-03,5.838777714903029860e-03,4.501260352898811719e-03,6.546118627501414620e-03,4.128298780801481493e-03,5.723031020114203657e-03,2.134883481660579223e-03,1.710478934101548366e-03,3.871083903492977905e-03,7.484952929677452654e-03,1.080302484695714813e-02,4.256906219455733505e-03,1.292504758475230241e-02,1.810792736251864640e-02,1.935541951746488909e-02,3.047996296105766941e-03,2.177323936416482308e-02,1.253922526878954724e-02,1.957405216317711916e-02,1.462266577498842583e-02,2.740624517722104955e-02,9.632697155203456818e-03,8.861052523277946485e-03,7.665003343793405297e-03,5.311487216420597741e-03,8.861052523277946485e-03,8.771027316219969297e-03,1.544575338237563593e-02,9.439785997222080102e-03,2.866659807603271631e-02,2.793353567570348167e-02,6.391789701116312727e-03,1.956119141931169161e-02,6.063840732547970402e-02,2.893667369720664614e-02,3.935387622820103737e-02,2.711044806831627157e-02,5.748752507845053539e-03,1.670610628118730442e-02
2.780492823704923053e-02,7.554400946550748897e-02,5.068419157364061761e-02,4.309635269303976196e-02,1.390889449045732695e-01,1.592160090539636863e-01,1.850661042234682807e-01,2.484695714800144034e-02,0.000000000000000000e+00,1.090076650033437872e-01,1.328900663614383526e-01,9.552960543237820623e-02,2.572920417716960673e-01,6.099850815371161278e-02,7.459231441946602426e-02,6.508822470291682205e-02,4.589999485570245286e-02,1.004938525644323288e-01,7.760172848397550727e-02,1.477956685014661375e-01,5.598281804619579388e-02,2.866531200164617599e-01,1.906219455733319523e-01,7.259889912032511938e-02,2.233525387108390436e-01,4.134471937856885604e-01,2.392355573846391137e-01,3.479602860229435435e-01,2.503729615720973189e-01,5.144297546170070734e-02,1.516538916610936649e-01,6.493389577653171929e-02,4.535984361335459319e-02,7.000102885950923448e-02,4.313493492463604112e-02,7.646998302381809165e-02,2.849940840578218948e-02,2.359946499305519765e-02,5.351355522403415665e-02,4.196460723288235328e-02,6.107567261690416416e-02,3.840218118215957266e-02,5.320489737126395113e-02,1.926539431040691364e-02,1.598590462472349386e-02,3.544421009311178594e-02,7.028396522454859185e-02,1.019342558773599500e-01,3.918668655795051053e-02,1.185760584392201306e-01,1.719610062246000326e-01,1.799861103966253484e-01,2.852512989351304110e-02,2.075466845002315042e-01,1.168913009928494312e-01,1.843459025670044771e-01,1.358866196820824046e-01,2.564175111888471470e-01,8.939503060857040273e-02,8.344050619887853626e-02,7.256031688872884022e-02,4.969391429600288068e-02,8.266886156695303634e-02,8.347908843047481542e-02,1.468825556870209381e-01,8.659138844590770490e-02,2.716574926693759995e-01,2.631822624620607787e-01,5.948094037759144026e-02,1.839472195071762961e-01,5.679175883533104097e-01,2.743839703688461529e-01,3.695020319975307332e-01,2.583723442563917727e-01,5.558413498636761291e-02,1.589073512011934808e-01
1.309223725500282924e-02,3.531560265445753133e-02,2.350943978599722220e-02,2.056432944081485609e-02,6.669581768609496308e-02,7.421935284736869143e-02,8.818612068522042879e-02,1.163897319820978403e-02,1.090076650033437872e-01,0.000000000000000000e+00,6.297906270898709358e-02,4.533412212562374505e-02,1.209938782859200646e-01,2.903955964813004914e-02,3.487833736303307813e-02,3.067287411903904526e-02,2.165749266937599601e-02,4.746900560728432861e-02,3.608724728638304513e-02,6.942229538556510260e-02,2.650599310664128808e-02,1.339703688461340580e-01,8.858480374504860977e-02,3.393950306085703750e-02,1.048922269664077367e-01,1.927696897988579738e-01,1.110268017902155402e-01,1.636143834559390942e-01,1.169684654560419756e-01,2.452543855136581075e-02,7.119707803899377740e-02,3.053140593651936657e-02,2.145172076752919349e-02,3.298780801481557973e-02,2.031997530737177787e-02,3.652451257780749833e-02,1.359380626575441148e-02,1.100879674880395065e-02,2.538710839034929653e-02,1.976696332115849414e-02,2.891095220947579453e-02,1.813364885024949802e-02,2.539996913421472408e-02,9.208292607644425962e-03,7.510674417408302536e-03,1.673182776891815257e-02,3.287206132002674919e-02,4.737898040022634621e-02,1.867380009259735421e-02,5.665157672719790122e-02,7.987808014815576951e-02,8.524101034003807309e-02,1.314368023046453074e-02,9.650702196615051909e-02,5.609856474098461748e-02,8.644992026338803315e-02,6.483100982560831282e-02,1.206337774576881489e-01,4.250475847523020601e-02,3.864653531560265781e-02,3.374659190287566252e-02,2.348371829826637058e-02,3.845362415762127589e-02,3.871083903492977818e-02,6.866351149750501981e-02,4.118010185709141541e-02,1.271027316219970060e-01,1.227558001954833083e-01,2.786923195637635783e-02,8.581974381398220497e-02,2.662302587581665825e-01,1.284788312155974999e-01,1.743145223519728393e-01,1.208781315911312271e-01,2.595298112042800434e-02,7.424507433509953958e-02
1.590874016153094248e-02,4.276197335253870829e-02,2.903955964813004914e-02,2.498842533052111903e-02,8.025104172025310234e-02,9.024383970368846097e-02,1.065641236689130050e-01,1.422398271516024486e-02,1.328900663614383526e-01,6.297906270898709358e-02,0.000000000000000000e+00,5.510828746334688055e-02,1.466382015535778460e-01,3.528988116672668318e-02,4.286485930346211476e-02,3.728329646586758805e-02,2.650599310664128808e-02,5.730747466433458448e-02,4.426668038479345674e-02,8.435361901332373569e-02,3.239621379700601683e-02,1.625212202273779438e-01,1.085446782241884928e-01,4.154020268532331722e-02,1.271670353413241472e-01,2.346314110808169207e-01,1.358223159627552912e-01,1.991228972683780074e-01,1.421240804568136284e-01,2.951540717115077803e-02,8.677143886002366968e-02,3.689747414990483115e-02,2.631308194865990963e-02,4.031843201810792615e-02,2.470548896548176512e-02,4.417665517773548128e-02,1.643603066001337459e-02,1.355522403415813579e-02,3.071145635063532095e-02,2.395956582128710294e-02,3.523843819126497995e-02,2.206903647306960106e-02,3.116158238592520169e-02,1.120170790678532910e-02,9.131128144451874581e-03,2.046144348989145656e-02,4.034415350583877430e-02,5.792479036987499552e-02,2.277637738566798756e-02,6.835485364473481429e-02,9.731724882967231205e-02,1.031431658007099100e-01,1.646175214774422621e-02,1.178815782704871612e-01,6.741601934255876671e-02,1.051108596121199668e-01,7.807757600699624656e-02,1.465738978342507326e-01,5.150727918102782771e-02,4.746900560728432861e-02,4.130870929574566308e-02,2.835794022326251426e-02,4.716034775451412309e-02,4.739184114409177723e-02,8.344050619887853626e-02,5.034981223313956394e-02,1.547533309326611373e-01,1.499562734708575484e-01,3.401666752404958888e-02,1.045707083697721140e-01,3.238978342507330410e-01,1.564766706106281158e-01,2.110190853438962955e-01,1.468568341992900761e-01,3.149596172642625536e-02,9.033386491074643643e-02
1.160039096661350834e-02,3.076289932609702071e-02,2.077010134266165861e-02,1.796645917999897119e-02,5.834919491743402464e-02,6.480528833787746468e-02,7.735737435053242905e-02,1.037862029939811727e-02,9.552960543237820623e-02,4.533412212562374505e-02,5.510828746334688055e-02,0.000000000000000000e+00,1.063454910232007888e-01,2.533566541488759677e-02,3.063429188744276957e-02,2.690467616646946905e-02,1.904676166469468704e-02,4.169453161170841998e-02,3.166315139667678219e-02,6.102422964144246093e-02,2.331652862801584375e-02,1.171485158701579266e-01,7.803899377539996740e-02,3.019702659601831291e-02,9.191573640619372931e-02,1.702248058027676370e-01,9.797314676680898837e-02,1.435001800504141223e-01,1.021786100108030282e-01,2.116878440248983959e-02,6.326199907402643707e-02,2.731621997016307410e-02,1.909820464015638680e-02,2.955398940274705372e-02,1.806934513092237418e-02,3.177889809146561273e-02,1.184474510005658655e-02,9.761304593857707962e-03,2.239055506970523066e-02,1.747775091311281476e-02,2.556715880446525091e-02,1.606306908791604524e-02,2.210761870466587675e-02,8.140850866814135917e-03,6.636143834559390942e-03,1.476413395750810278e-02,2.870518030762899200e-02,4.184886053809352274e-02,1.643603066001337459e-02,4.966819280827203253e-02,7.011677555429805808e-02,7.493955450383249506e-02,1.161325171047893415e-02,8.500951695046041201e-02,4.894799115180822197e-02,7.603271773239364539e-02,5.737177838366171179e-02,1.062168835845465342e-01,3.711610679561706122e-02,3.405524975564586804e-02,2.964401460980503264e-02,2.052574720921858040e-02,3.392664231699161342e-02,3.432532537681979440e-02,5.993106641288132447e-02,3.628015844436442011e-02,1.109239158392921476e-01,1.077987550799938271e-01,2.475693194094346489e-02,7.511960491794845984e-02,2.337182982663717212e-01,1.124157621276814650e-01,1.523869540614229134e-01,1.052780492823704867e-01,2.260918771541746072e-02,6.525541437316734195e-02
3.076289932609702071e-02,8.282319049333813910e-02,5.560985647409846105e-02,4.804773908122846049e-02,1.548304953958536956e-01,1.756649004578424711e-01,2.051803076289932526e-01,2.745768815268275279e-02,2.573049025155614844e-01,1.209938782859200646e-01,1.466382015535778460e-01,1.063454910232007888e-01,0.000000000000000000e+00,6.709450074592314406e-02,8.201296362981634613e-02,7.194300118318842918e-02,5.082565975616029630e-02,1.112454344359277703e-01,8.475230207315191666e-02,1.625983846905705021e-01,6.184731724882967102e-02,3.143165800709912805e-01,2.092443026904676207e-01,8.041823139050362224e-02,2.461417768403724449e-01,4.533283605123720195e-01,2.621148207212304904e-01,3.838932043829414997e-01,2.756443232676578092e-01,5.649724780081279846e-02,1.671639487627964438e-01,7.232882349915119302e-02,5.031123000154329172e-02,7.719018468028190916e-02,4.777766346005452719e-02,8.427645455013117737e-02,3.152168321415710350e-02,2.594012037656258027e-02,5.986676269355419716e-02,4.622151345233808245e-02,6.740315859869334958e-02,4.231184731724883102e-02,5.868357425793507831e-02,2.154174597458716894e-02,1.765780132722876566e-02,3.925099027727763784e-02,7.728020988733988461e-02,1.113740418745820249e-01,4.349503575286794294e-02,1.318612068522043435e-01,1.880883790318431947e-01,1.996630485107258601e-01,3.140593651936827990e-02,2.272236226143320159e-01,1.301378671742373649e-01,2.030068419157363968e-01,1.513195123205926251e-01,2.834507947939708949e-01,9.856474098461855127e-02,9.122125623746077383e-02,7.963372601471269130e-02,5.483821184217295419e-02,9.127269921292247012e-02,9.163280004115438582e-02,1.599619321981583520e-01,9.583826328514841175e-02,2.970703225474561338e-01,2.895082051545861401e-01,6.591131231030403215e-02,2.019522609187715534e-01,6.245948865682391382e-01,3.002212047944853301e-01,4.063866454035701681e-01,2.812901898245794285e-01,6.053552137455630450e-02,1.743402438397037013e-01
7.150573589176398119e-03,1.956119141931169161e-02,1.305365502340655355e-02,1.158753022274808427e-02,3.664025927259632887e-02,4.159164566078502046e-02,4.884510520088482244e-02,6.494675652039713989e-03,6.099850815371161278e-02,2.903955964813004914e-02,3.528988116672668318e-02,2.533566541488759677e-02,6.709450074592314406e-02,0.000000000000000000e+00,1.943258398065744047e-02,1.697618190236123425e-02,1.224342815988476753e-02,2.612017079067853118e-02,2.028139307577550218e-02,3.876228201039148141e-02,1.475127321364267698e-02,7.464375739492772055e-02,4.934667421163640294e-02,1.923967282267606202e-02,5.842635938062657602e-02,1.073614897885693670e-01,6.251607592983178530e-02,9.147847111476928306e-02,6.537116106795616555e-02,1.354236329029270998e-02,3.972683780029837020e-02,1.706620710941920971e-02,1.216626369669221615e-02,1.845516744688512761e-02,1.139461906476670582e-02,1.998559596687072420e-02,7.562117392870004035e-03,6.314625237923761347e-03,1.401821081331344233e-02,1.090591079788054939e-02,1.612737280724317254e-02,1.010854467822418917e-02,1.427542569062194636e-02,5.170019033900920789e-03,4.192602500128607065e-03,9.221153351509851770e-03,1.846802819075055169e-02,2.631308194865990963e-02,1.054580996964864410e-02,3.096867122794382324e-02,4.458819898142908633e-02,4.712176552291784393e-02,7.510674417408302536e-03,5.443952878234477322e-02,3.111013941046350192e-02,4.829209321467153870e-02,3.604866505478676597e-02,6.742888008642419773e-02,2.347085755440094651e-02,2.159318895004887218e-02,1.891815422604043589e-02,1.300221204794485379e-02,2.150316374299089325e-02,2.188898605895365015e-02,3.809352332938937408e-02,2.287926333659138708e-02,7.093986316168526818e-02,6.856062554658161334e-02,1.566438602808786426e-02,4.786768866711250264e-02,1.481300478419671773e-01,7.169864704974535097e-02,9.675137609959359730e-02,6.695303256340347231e-02,1.431400792221822031e-02,4.137301301507279039e-02
8.925356242605072057e-03,2.390812284582540317e-02,1.633314470908997507e-02,1.385102114306291550e-02,4.463964195689078956e-02,5.063274859817892132e-02,5.921086475641751390e-02,7.986521940429034891e-03,7.459231441946602426e-02,3.487833736303307813e-02,4.286485930346211476e-02,3.063429188744276957e-02,8.201296362981634613e-02,1.943258398065744047e-02,0.000000000000000000e+00,2.075724059879623454e-02,1.462266577498842583e-02,3.210041668810124232e-02,2.496270384279026741e-02,4.680024692628221433e-02,1.783785174134472004e-02,9.048819383713153919e-02,6.043263542363290497e-02,2.330366788415041968e-02,7.117135655126292926e-02,1.315782704871649722e-01,7.600699624466279725e-02,1.105509542671948148e-01,7.931220741807705477e-02,1.616595503883944476e-02,4.853644734811461692e-02,2.089870878131590975e-02,1.472555172591182709e-02,2.257060548382118503e-02,1.385102114306291550e-02,2.447399557590411098e-02,9.092545912855598891e-03,7.446370698081176964e-03,1.728483975513143631e-02,1.337517362004218315e-02,1.970265960183137030e-02,1.242347857400072017e-02,1.702762487782293402e-02,6.237460774731210834e-03,5.144297546170070908e-03,1.147178352795925720e-02,2.239055506970523066e-02,3.273059313750707050e-02,1.260352898811667281e-02,3.811924481712022222e-02,5.455527547713359682e-02,5.770615772416276545e-02,9.118267400586450508e-03,6.579556561551519467e-02,3.734760018519470842e-02,5.894078913524358060e-02,4.349503575286794294e-02,8.152425536293018971e-02,2.848654766191676541e-02,2.657029682596841538e-02,2.312361747003446530e-02,1.584443644220381864e-02,2.645455013117958831e-02,2.667318277689181491e-02,4.619579196460723430e-02,2.795925716343433329e-02,8.617984464221410679e-02,8.389063223416842741e-02,1.921395133494521387e-02,5.832347342970317650e-02,1.814522351972838177e-01,8.700293224960131688e-02,1.170842121508307992e-01,8.165286280158444432e-02,1.725911826740058816e-02,5.047841967179381856e-02
7.755028550851381618e-03,2.096301250064303706e-02,1.414681825196769348e-02,1.223056741601934172e-02,3.919954730181593461e-02,4.424095889706260859e-02,5.211173414270281468e-02,6.996244662791296226e-03,6.508822470291682205e-02,3.067287411903904526e-02,3.728329646586758805e-02,2.690467616646946905e-02,7.194300118318842918e-02,1.697618190236123425e-02,2.075724059879623454e-02,0.000000000000000000e+00,1.298935130407942798e-02,2.804928237049230874e-02,2.152888523072174487e-02,4.125726632028396679e-02,1.569010751581871588e-02,7.956942229538556399e-02,5.285765728689747339e-02,2.024281084417922649e-02,6.224600030865785200e-02,1.145120633777457625e-01,6.632285611399763026e-02,9.745871701219198380e-02,6.979525695766243543e-02,1.431400792221822031e-02,4.223468285405627964e-02,1.848088893461597923e-02,1.283502237769432522e-02,1.947116621225371616e-02,1.197335253871083943e-02,2.142599927979834187e-02,8.012243428159884773e-03,6.481814908174289049e-03,1.526570296825968329e-02,1.165183394207520984e-02,1.710478934101548540e-02,1.068727815216832105e-02,1.509851329800915645e-02,5.568702093729100897e-03,4.475538865167960970e-03,9.889912032511960840e-03,1.970265960183137030e-02,2.816502906528113581e-02,1.109882195586192784e-02,3.332218735531663339e-02,4.775194197232367904e-02,5.046555892792839448e-02,8.102268635217860226e-03,5.782190441895158906e-02,3.296208652708472464e-02,5.145583620556613141e-02,3.822213076804362175e-02,7.176295076907247827e-02,2.509131128144451855e-02,2.316219970163074099e-02,2.028139307577550218e-02,1.377385667987036412e-02,2.309789598230361715e-02,2.320078193322701668e-02,4.066567210247440389e-02,2.421678069859560523e-02,7.560831318483461627e-02,7.339626523998148133e-02,1.659035958639847735e-02,5.119862132825762913e-02,1.583543392149801832e-01,7.622562889037501344e-02,1.029888368743248073e-01,7.158290035495652737e-02,1.507279181027830657e-02,4.408662997067750583e-02
5.581562837594526705e-03,1.487988065229692812e-02,1.000565872730078791e-02,8.590976902104018390e-03,2.795925716343433329e-02,3.098153197180925078e-02,3.712896753948248529e-02,4.977107875919543206e-03,4.589999485570245286e-02,2.165749266937599601e-02,2.650599310664128808e-02,1.904676166469468704e-02,5.082565975616029630e-02,1.224342815988476753e-02,1.462266577498842583e-02,1.298935130407942798e-02,0.000000000000000000e+00,1.986984927208189713e-02,1.534286743145223467e-02,2.927105303770769981e-02,1.121456865065075317e-02,5.661299449560162900e-02,3.772056175729204125e-02,1.436545089767992181e-02,4.429240187252430488e-02,8.160141982612274802e-02,4.698029734039816524e-02,6.897216935027522533e-02,4.939811718709809923e-02,1.034003806780184158e-02,3.014558362055661314e-02,1.295076907248315229e-02,8.976799218066773556e-03,1.381243891146663981e-02,8.565255414373166773e-03,1.536858891918308628e-02,5.697309532383352908e-03,4.629867791553063730e-03,1.059725294511034560e-02,8.308040537064664485e-03,1.203765625803796500e-02,7.587838880600853916e-03,1.062297443284119548e-02,3.832501671896702648e-03,3.176603734760018519e-03,7.073409125983846739e-03,1.396676783785174084e-02,1.992129224754359690e-02,7.857914501774782012e-03,2.383095838263285179e-02,3.392664231699161342e-02,3.580431092134368776e-02,5.581562837594526705e-03,4.115438036936056726e-02,2.338083234734297106e-02,3.646020885848037796e-02,2.732908071402849817e-02,5.074849529296774492e-02,1.787643397294099573e-02,1.632028396522454752e-02,1.435259015381449600e-02,9.851329800915685150e-03,1.616595503883944476e-02,1.646175214774422621e-02,2.916816708678430028e-02,1.731056124286228792e-02,5.393795977159318578e-02,5.172591182674005778e-02,1.169041617367148553e-02,3.613869026184474836e-02,1.118884716291990294e-01,5.432378208755594268e-02,7.362775862955912853e-02,5.109573537733422266e-02,1.104737898040022634e-02,3.135449354390657667e-02
1.205051700190339081e-02,3.230618858994804138e-02,2.188898605895365015e-02,1.889243273830958428e-02,6.099850815371161278e-02,6.814908174288801523e-02,8.053397808529245971e-02,1.077730335922629824e-02,1.004938525644323288e-01,4.746900560728432861e-02,5.730747466433458448e-02,4.169453161170841998e-02,1.112454344359277703e-01,2.612017079067853118e-02,3.210041668810124232e-02,2.804928237049230874e-02,1.986984927208189713e-02,0.000000000000000000e+00,3.325788363598950609e-02,6.368640362158546619e-02,2.417819846699932954e-02,1.230001543289263866e-01,8.152425536293018971e-02,3.125160759298317714e-02,9.594114923607181822e-02,1.761278872369977933e-01,1.018828129018982398e-01,1.500591594217809688e-01,1.073486290447039498e-01,2.199187200987704968e-02,6.520397139770564565e-02,2.822933278460826312e-02,1.983126704048562144e-02,3.023560882761458860e-02,1.869952158032820583e-02,3.319357991666237878e-02,1.237203559853901867e-02,9.954215751839086412e-03,2.343227532280467082e-02,1.809506661865322233e-02,2.658315756983383946e-02,1.659035958639847735e-02,2.312361747003446530e-02,8.565255414373166773e-03,6.919080199598744846e-03,1.552291784556818731e-02,3.036421626626883974e-02,4.354647872832964617e-02,1.698904264622665833e-02,5.202170893564483922e-02,7.373064458048253500e-02,7.846339832295899652e-02,1.230773187921189310e-02,8.876485415916456068e-02,5.122434281598847727e-02,7.933792890580791679e-02,5.917228252482123474e-02,1.105252327794639666e-01,3.876228201039148141e-02,3.564998199495858500e-02,3.105869643500180216e-02,2.149030299912546918e-02,3.583003240907454284e-02,3.571428571428571230e-02,6.258037964915891260e-02,3.757909357477236256e-02,1.163125675189052993e-01,1.127115592365862395e-01,2.572148773085035367e-02,7.854056278615155484e-02,2.447528165029065339e-01,1.171870981017542057e-01,1.588430474818663396e-01,1.101779926950974819e-01,2.341941457893924675e-02,6.822624620608055968e-02
9.156849632182726198e-03,2.479551417253974058e-02,1.724625752353516062e-02,1.444261536087247319e-02,4.609290601368383478e-02,5.269046761664694656e-02,6.123000154328926692e-02,8.295179793199238677e-03,7.760172848397550727e-02,3.608724728638304513e-02,4.426668038479345674e-02,3.166315139667678219e-02,8.475230207315191666e-02,2.028139307577550218e-02,2.496270384279026741e-02,2.152888523072174487e-02,1.534286743145223467e-02,3.325788363598950609e-02,0.000000000000000000e+00,4.903801635886619742e-02,1.868666083646278175e-02,9.493801121456865721e-02,6.336488502494984354e-02,2.406245177221050593e-02,7.340912598384691234e-02,1.356294048047738954e-01,7.897782807757600110e-02,1.148850249498430953e-01,8.263027933535675718e-02,1.683471371984155557e-02,4.993826842944595890e-02,2.078296208652708615e-02,1.512423478574000807e-02,2.345799681053552244e-02,1.424970420289109474e-02,2.567004475538865044e-02,9.555532692010905438e-03,7.806471526313082249e-03,1.741344719378568745e-02,1.391532486239004107e-02,2.069293687946910723e-02,1.280930088996347534e-02,1.799218066772982280e-02,6.481814908174289049e-03,5.362930191882298372e-03,1.190904881938371386e-02,2.345799681053552244e-02,3.418385719430011571e-02,1.314368023046453074e-02,3.927671176500848599e-02,5.705025978702608219e-02,5.941663665826431295e-02,9.709861618396008198e-03,6.907505530119861792e-02,3.874942126652605734e-02,6.104995112917330907e-02,4.425381964092803266e-02,8.499665620659499488e-02,2.952826791501620557e-02,2.768918154226040346e-02,2.415247697926848139e-02,1.633314470908997507e-02,2.752199187200987662e-02,2.758629559133700393e-02,4.871649776223056783e-02,2.897525592880292183e-02,9.052677606872781835e-02,8.686146406708164514e-02,1.972838108956222192e-02,6.057410360615257672e-02,1.879597715931889401e-01,9.138844590771130760e-02,1.235531663151396703e-01,8.603837645969443504e-02,1.846802819075055169e-02,5.257472092185812296e-02
1.752919388857451452e-02,4.758475230207315221e-02,3.194608776171613956e-02,2.752199187200987662e-02,8.845619630639435516e-02,1.004424095889706325e-01,1.175086166983898284e-01,1.578013272287669133e-02,1.477956685014661375e-01,6.942229538556510260e-02,8.435361901332373569e-02,6.102422964144246093e-02,1.625983846905705021e-01,3.876228201039148141e-02,4.680024692628221433e-02,4.125726632028396679e-02,2.927105303770769981e-02,6.368640362158546619e-02,4.903801635886619742e-02,0.000000000000000000e+00,3.528988116672668318e-02,1.805391223828386182e-01,1.200036010082823207e-01,4.605432378208755562e-02,1.411595246669067327e-01,2.606101136889757974e-01,1.513323730644580423e-01,2.211662122537167430e-01,1.585601111168269961e-01,3.264056793044909505e-02,9.608261741859148997e-02,4.103863367457173672e-02,2.909100262359174890e-02,4.442100931117855950e-02,2.732908071402849817e-02,4.847214362878748961e-02,1.813364885024949802e-02,1.507279181027830657e-02,3.383661710993363797e-02,2.644168938731416077e-02,3.891661093677658417e-02,2.430680590565358415e-02,3.415813570656926756e-02,1.237203559853901867e-02,1.017284839755131474e-02,2.237769432583980658e-02,4.471680642008334094e-02,6.435516230258758741e-02,2.506558979371366694e-02,7.508102268635218068e-02,1.085832604557847580e-01,1.137918617212819589e-01,1.810792736251864640e-02,1.317197386696846440e-01,7.472092185812027887e-02,1.167369720664643284e-01,8.677143886002366968e-02,1.624954987396471096e-01,5.674160193425587667e-02,5.257472092185812296e-02,4.600288080662585238e-02,3.168887288440763728e-02,5.254899943412726787e-02,5.319203662739852706e-02,9.343330418231390877e-02,5.491537630536550557e-02,1.727455116003909774e-01,1.664566078501980573e-01,3.760481506250321765e-02,1.164926179330212502e-01,3.589819435156129668e-01,1.740573074746643301e-01,2.350043726529142396e-01,1.638844590771130205e-01,3.528988116672668318e-02,1.006353207469520006e-01
6.829054992540768525e-03,1.787643397294099573e-02,1.224342815988476753e-02,1.055867071351406991e-02,3.397808529245331666e-02,3.787489068367714401e-02,4.503832501671896360e-02,6.070271104480683133e-03,5.598281804619579388e-02,2.650599310664128808e-02,3.239621379700601683e-02,2.331652862801584375e-02,6.184731724882967102e-02,1.475127321364267698e-02,1.783785174134472004e-02,1.569010751581871588e-02,1.121456865065075317e-02,2.417819846699932954e-02,1.868666083646278175e-02,3.528988116672668318e-02,0.000000000000000000e+00,6.823910694994599069e-02,4.579710890477905333e-02,1.751633314470909045e-02,5.355213745563043581e-02,9.852615875302227211e-02,5.683162714131385213e-02,8.319615206543545805e-02,5.960954781624569487e-02,1.225628890375019334e-02,3.653737332167292240e-02,1.599876536858891793e-02,1.115026493132362760e-02,1.695046041463038264e-02,1.040434178712896715e-02,1.881526827511703290e-02,6.996244662791296226e-03,5.620145069190802395e-03,1.333659138844590746e-02,1.010854467822418917e-02,1.481557693296980255e-02,9.336900046298677106e-03,1.301507279181027786e-02,4.822778949534441313e-03,3.832501671896702648e-03,8.681002109161993843e-03,1.688615669530325533e-02,2.440969185657698368e-02,9.594114923607181128e-03,2.907814187972632483e-02,4.093574772364833719e-02,4.389371881269612391e-02,6.944801687329594728e-03,4.937239569936725109e-02,2.844796543032048972e-02,4.416379443387005721e-02,3.300066875868100380e-02,6.204022840681105294e-02,2.172179638870312332e-02,1.988271001594732121e-02,1.734914347445856361e-02,1.194763105097998782e-02,1.981840629662019737e-02,1.975410257729307006e-02,3.459540099799372076e-02,2.120736663408611528e-02,6.449663048510725916e-02,6.300478419671794172e-02,1.436545089767992181e-02,4.389371881269612391e-02,1.364653531560265365e-01,6.531971809249446925e-02,8.845619630639435516e-02,6.120428005555841183e-02,1.297649056021400217e-02,3.786202993981171994e-02
