0.000000000000000000e+00,1.366863011629663137e-02,1.144086995922066231e-02,6.884659920455117946e-03,2.464381009917937862e-02,2.781553642450787858e-02,3.632381815435734712e-02,8.105522831395055652e-03,3.454916175804258888e-02,2.390122338015405676e-02,2.971605497658963771e-02,1.914363389216130334e-02,5.256003624830086346e-02,1.295121582842470934e-02,1.314000906207521586e-02,1.196949101344207782e-02,9.326385742334995094e-03,2.020087600060413782e-02,1.702914967527563786e-02,2.762674319085737379e-02,1.476363087146956646e-02,4.902330967124805122e-02,4.234002920002014059e-02,1.686552887277853463e-02,3.454916175804258888e-02,8.498212757388108607e-02,4.638020440014096329e-02,6.630418365805769432e-02,4.711020490358958784e-02,1.200724966017218016e-02,3.188088405578210632e-02,1.103811106076624943e-02,7.098625585259024304e-03,1.533001057242108431e-02,7.111211800835725086e-03,1.208276695363238139e-02,5.739314302975381463e-03,4.153451140311131481e-03,1.101293862961284786e-02,6.947590998338619254e-03,1.018224840155062226e-02,8.747419825806776461e-03,1.349242309822282562e-02,4.807934350299552205e-03,3.347933343402305709e-03,8.030005537934854429e-03,1.617328701606001243e-02,1.614811458490661086e-02,8.067764184664955041e-03,2.561294869858531109e-02,2.751346725066707022e-02,3.520364496803101567e-02,8.092936615818354870e-03,4.150933897195790978e-02,2.143432512712077631e-02,3.365554045209686457e-02,2.172380808538488736e-02,5.140210441524442619e-02,1.798570205910486955e-02,1.710466696873583908e-02,1.053466243769823375e-02,1.039621406635452862e-02,1.432311332628505296e-02,1.819966772390877591e-02,3.162915974424809762e-02,1.466294114685596367e-02,5.317676081155917750e-02,4.800382620953531909e-02,1.235966369631978992e-02,3.074812465387907062e-02,9.779489503096208680e-02,4.781503297588481083e-02,6.497004480692745998e-02,4.323365050596586490e-02,1.071086945577203776e-02,3.217036701404621390e-02
1.366863011629663137e-02,0.000000000000000000e+00,1.921915118562150804e-02,1.128983537230025640e-02,4.057795901928207966e-02,4.649348034033126686e-02,5.988521371394048970e-02,1.311483663092181430e-02,5.753159140109751629e-02,3.889140613200423036e-02,4.889744751548104340e-02,2.999295171927704798e-02,8.729799123999396060e-02,2.156018728288778066e-02,2.114484216885666873e-02,1.997432412022353068e-02,1.570759703972209737e-02,3.418416150631828354e-02,2.864622665257010592e-02,4.703468761012938315e-02,2.324674017016563343e-02,8.381160952524795149e-02,7.014297940895131145e-02,2.670794945375824445e-02,5.778331571263152500e-02,1.401600966621356359e-01,7.809746765342596986e-02,1.108090419372703000e-01,8.036298645723204126e-02,2.016311735387403548e-02,5.252227760157075764e-02,1.767104666968735693e-02,1.169259427075466928e-02,2.483260333282988341e-02,1.154155968383426510e-02,2.021346221618083860e-02,9.326385742334995094e-03,6.595176962191008629e-03,1.755777072949705336e-02,1.152897346825756432e-02,1.662639077682122671e-02,1.420983738609474939e-02,2.240346372652670878e-02,7.778281226400845724e-03,5.399486482404470752e-03,1.290087096611790794e-02,2.717363943009615951e-02,2.737501887932336508e-02,1.311483663092181430e-02,4.162261491214821335e-02,4.539847958515833698e-02,5.780848814378492656e-02,1.349242309822282562e-02,6.899763379147158537e-02,3.537985198610481968e-02,5.634848713688767746e-02,3.451140311131249000e-02,8.464229975331016842e-02,2.982933091677994128e-02,2.809243316719528885e-02,1.779690882545436129e-02,1.716759804661934299e-02,2.425363741630166478e-02,3.067260736041886940e-02,5.244676030811055989e-02,2.315863666112873143e-02,8.976488949302723064e-02,8.084126264914665017e-02,2.008760006041383425e-02,5.112520767255701593e-02,1.615189044957962006e-01,7.984695161858731960e-02,1.080526607259729155e-01,7.206867039218647908e-02,1.768363288526405772e-02,5.337814026078639001e-02
1.144086995922066231e-02,1.921915118562150804e-02,0.000000000000000000e+00,9.452247898101999446e-03,3.442329960227558799e-02,3.915571665911493637e-02,5.037003473795498981e-02,1.102552484518954865e-02,4.849468861702663225e-02,3.285002265518803533e-02,4.155968383426471291e-02,2.527312087801439691e-02,7.355384383023712280e-02,1.835070231082917835e-02,1.772139153199416006e-02,1.675225293258823106e-02,1.321552635553541709e-02,2.859588179026330279e-02,2.430398227860846791e-02,3.936968232391884620e-02,1.963449629965261997e-02,7.030660021144842509e-02,5.876504052761415825e-02,2.236570507979660644e-02,4.860796455721693582e-02,1.182349091275235325e-01,6.572521774152947915e-02,9.365403010622766478e-02,6.762573629361123828e-02,1.696621859739213742e-02,4.393847857826108788e-02,1.502794139858027421e-02,9.943110305593314338e-03,2.084277299501586037e-02,9.716558425212707198e-03,1.705432210642903942e-02,7.841212304284347900e-03,5.512762422594774323e-03,1.495242410512007299e-02,9.754317071942807810e-03,1.414690630821124721e-02,1.205759452247898156e-02,1.919397875446810647e-02,6.658108040074510806e-03,4.556210038765544368e-03,1.083673161153904212e-02,2.271811911594421793e-02,2.290691234959472272e-02,1.111362835422645065e-02,3.520364496803101567e-02,3.806071590394199955e-02,4.878417157529073983e-02,1.132759401903035874e-02,5.853848864723355111e-02,2.981674470120324050e-02,4.766399838896440838e-02,2.906157176660121785e-02,7.131349745758445990e-02,2.531087952474449926e-02,2.357398177515984336e-02,1.485173438050646846e-02,1.429794089513165140e-02,2.041484166540804418e-02,2.599053516588632068e-02,4.396365100941448945e-02,1.963449629965261997e-02,7.545436238231888193e-02,6.766349494034133716e-02,1.680259779489503072e-02,4.293158133212506000e-02,1.360318179529778904e-01,6.699642551477621999e-02,9.070885566127977195e-02,6.056486935508231112e-02,1.483914816492976942e-02,4.468106529728640974e-02
6.884659920455117946e-03,1.128983537230025640e-02,9.452247898101999446e-03,0.000000000000000000e+00,2.084277299501586037e-02,2.327191260131903500e-02,3.043346926446156148e-02,6.683280471227911503e-03,2.882243367064390993e-02,1.969742737753612388e-02,2.495846548859688777e-02,1.524190706338418230e-02,4.395106479383779213e-02,1.097517998288274725e-02,1.053466243769823375e-02,9.678799778482606586e-03,7.665005286210542154e-03,1.666414942355132559e-02,1.426018224840155078e-02,2.293208478074812429e-02,1.150380103710416275e-02,4.069123495947238323e-02,3.517847253687761411e-02,1.364345768514323154e-02,2.880984745506720915e-02,7.065901424759603311e-02,3.857675074258672121e-02,5.553038312440215785e-02,3.964657906660624953e-02,9.968282736746714168e-03,2.645622514222423574e-02,9.049488999647586560e-03,6.205004279313295658e-03,1.305190555303831212e-02,6.053969692392891476e-03,1.024517947943412444e-02,4.833106781452952902e-03,3.436036852439208582e-03,8.999144137340785166e-03,5.953279967779287821e-03,8.697074963499975067e-03,7.325177465639631444e-03,1.149121482152746371e-02,4.077933846850928523e-03,2.831898504757589686e-03,6.456728590847304362e-03,1.340431958918592362e-02,1.353018174495292797e-02,6.796556411418215073e-03,2.153501485173437910e-02,2.273070533152091871e-02,2.964053768312943649e-02,6.721039117958012114e-03,3.477571363842319602e-02,1.775915017872426241e-02,2.845743341891959766e-02,1.749483965161355292e-02,4.305744348789206088e-02,1.535518300357448587e-02,1.407138901475104426e-02,8.697074963499975067e-03,8.508281729849468539e-03,1.193173236671197721e-02,1.526707949453758213e-02,2.588984544127271789e-02,1.157931833056436571e-02,4.420278910537179390e-02,4.020037255198107007e-02,1.019483461712732131e-02,2.543674168051150361e-02,8.160902179932537359e-02,3.905502693450133705e-02,5.420883048884861388e-02,3.570709359109902614e-02,8.671902532346573503e-03,2.714846699894275794e-02
2.464381009917937862e-02,4.057795901928207966e-02,3.442329960227558799e-02,2.084277299501586037e-02,0.000000000000000000e+00,8.444092030408296978e-02,1.104566279011226920e-01,2.381311987111715128e-02,1.046040376579570053e-01,7.191763580526606969e-02,9.029351054724865655e-02,5.433469264461561476e-02,1.600211448421688665e-01,3.977244122237325735e-02,3.740623269395357969e-02,3.548054171071841900e-02,2.811760559834868695e-02,6.061521421738911425e-02,5.155313900216482864e-02,8.295574686603232606e-02,4.163520112772491760e-02,1.479006192418063637e-01,1.260761214318078804e-01,4.829330916779942667e-02,1.047676584604541050e-01,2.539017268287770968e-01,1.397825101948346194e-01,2.012535870714393660e-01,1.443764788803302557e-01,3.627347329205054399e-02,9.459799627448019221e-02,3.370588531440366770e-02,2.173639430096158814e-02,4.544882444746513317e-02,2.123294567789357074e-02,3.745657755626038282e-02,1.767104666968735693e-02,1.199466344459547938e-02,3.327795398479585498e-02,2.120777324674016917e-02,3.073553843830236984e-02,2.635553541761063295e-02,4.132054573830740846e-02,1.462518250012586132e-02,9.842420580979711550e-03,2.318380909228213299e-02,4.818003322760912310e-02,4.923727533605195411e-02,2.426622363187836556e-02,7.774505361727836183e-02,8.242712581181090015e-02,1.076624880430952086e-01,2.434174092533857026e-02,1.259754317071942742e-01,6.503297588481095348e-02,1.033957609625937718e-01,6.301918139253889772e-02,1.557670039772441339e-01,5.529124502844484645e-02,5.013089664199768536e-02,3.183053919347530319e-02,3.096209031868297698e-02,4.354830589538337404e-02,5.500176207018073887e-02,9.311282283642954849e-02,4.205054624175602607e-02,1.598701102552484432e-01,1.447037204853244829e-01,3.633640436993405137e-02,9.287368474047223710e-02,2.941146855963349127e-01,1.416956149624930827e-01,1.971630670090117332e-01,1.290338820923324636e-01,3.183053919347530319e-02,9.763127422846498704e-02
2.781553642450787858e-02,4.649348034033126686e-02,3.915571665911493637e-02,2.327191260131903500e-02,8.444092030408296978e-02,0.000000000000000000e+00,1.236343956099280050e-01,2.674570810048834679e-02,1.176055983486885143e-01,7.973367567839702297e-02,1.004002416553390759e-01,6.128228364295423836e-02,1.793787443991340658e-01,4.484468609978351644e-02,4.284347782308815106e-02,4.070382117504908748e-02,3.170467703770830231e-02,6.936263404319589765e-02,5.858883350954035424e-02,9.502592760408799799e-02,4.689623923878568496e-02,1.695489100337310706e-01,1.429290640890097108e-01,5.524090016613804333e-02,1.194557720384634703e-01,2.875320948497205875e-01,1.585737300508483216e-01,2.275461914111664985e-01,1.634194230478779597e-01,4.105623521119669550e-02,1.074611085938679961e-01,3.748174998741378439e-02,2.422846498514826669e-02,5.115038010371041749e-02,2.392639581130745485e-02,4.193727030156572250e-02,1.959673765292251763e-02,1.358052660725972936e-02,3.663847354377485627e-02,2.407743039822786077e-02,3.441071338669889068e-02,2.932588229371192734e-02,4.591451442380305170e-02,1.614811458490661086e-02,1.126466294114685657e-02,2.616674218396012816e-02,5.512762422594773976e-02,5.614710768766047189e-02,2.722398429240295917e-02,8.597643860444041664e-02,9.399385792679856855e-02,1.197074963499974859e-01,2.717363943009615951e-02,1.425892362684388071e-01,7.211901525449328221e-02,1.155414589941096554e-01,7.045763479836882059e-02,1.741051200724965942e-01,6.143331822987464080e-02,5.691486683783919531e-02,3.616019735186024042e-02,3.473795499169309714e-02,4.917434425816845367e-02,6.285556059004178409e-02,1.061395559583144521e-01,4.659417006494487312e-02,1.826511604490761720e-01,1.646780446055479963e-01,4.118209736696370332e-02,1.040754166037355932e-01,3.302874691637718296e-01,1.619971806877108234e-01,2.209761868801288776e-01,1.472461360318179646e-01,3.565674872879222995e-02,1.096259376730604612e-01
3.632381815435734712e-02,5.988521371394048970e-02,5.037003473795498981e-02,3.043346926446156148e-02,1.104566279011226920e-01,1.236343956099280050e-01,0.000000000000000000e+00,3.495192065649700697e-02,1.528470019634496357e-01,1.046921411669939073e-01,1.314630216986356626e-01,7.984695161858731960e-02,2.324044706237728408e-01,5.790917786839853282e-02,5.520314151940794445e-02,5.214469113426974806e-02,4.110658007350349863e-02,8.908523385188540922e-02,7.524039671751497904e-02,1.220485324472637551e-01,6.110607662488043434e-02,2.176030811055731651e-01,1.849292654684589476e-01,7.120022151739414940e-02,1.535266576045914433e-01,3.717842219201530352e-01,2.045511755525348530e-01,2.946810652972864375e-01,2.110582490056889804e-01,5.335296782963298845e-02,1.389014751044655993e-01,4.862055077279363313e-02,3.160398731309469605e-02,6.661883904747520346e-02,3.112571112118008368e-02,5.442279615365251677e-02,2.566329356089211075e-02,1.770880531641745928e-02,4.836882646125963137e-02,3.102502139656648089e-02,4.508382419574082783e-02,3.869002668277702478e-02,6.016211045662789997e-02,2.128329054020037386e-02,1.454966520666566010e-02,3.397019584151437371e-02,7.089815234355334450e-02,7.187987715853597082e-02,3.543019684841162281e-02,1.127599053516588623e-01,1.206262900870966187e-01,1.565473493429995477e-01,3.549312792629512325e-02,1.836328852640587983e-01,9.457282384332678371e-02,1.500528621054221523e-01,9.235764990182751544e-02,2.273951568242460752e-01,8.048884861299904214e-02,7.349091275235361542e-02,4.664451492725167625e-02,4.515934148920102559e-02,6.354780244676030976e-02,8.058953833761264840e-02,1.364597492825857239e-01,6.147107687660473968e-02,2.339274027085535834e-01,2.119770427427880854e-01,5.323969188944268488e-02,1.355283693299098868e-01,4.298318481598952800e-01,2.079620399738206782e-01,2.880103710416351825e-01,1.892463374112671737e-01,4.645572169360116799e-02,1.426144086995922156e-01
8.105522831395055652e-03,1.311483663092181430e-02,1.102552484518954865e-02,6.683280471227911503e-03,2.381311987111715128e-02,2.674570810048834679e-02,3.495192065649700697e-02,0.000000000000000000e+00,3.331571263152595386e-02,2.290691234959472272e-02,2.862105422141670436e-02,1.783466747218446363e-02,5.038262095353169406e-02,1.249811206766349506e-02,1.229673261843628775e-02,1.125207672557015579e-02,8.999144137340785166e-03,1.929466847908170926e-02,1.657604591451442358e-02,2.673312188491164601e-02,1.349242309822282562e-02,4.705986004128278472e-02,4.059054523485878391e-02,1.573276947087549546e-02,3.315209182902884716e-02,8.135729748779137183e-02,4.461813421940290930e-02,6.413935457886522917e-02,4.563761768111564143e-02,1.175552534863817146e-02,3.035795197100136025e-02,1.032069677289432566e-02,7.010522076222121431e-03,1.485173438050646846e-02,6.909832351608518643e-03,1.180587021094497285e-02,5.600865931631677196e-03,3.952071691083925038e-03,1.030811055731762488e-02,6.758797764688113593e-03,9.905351658863213726e-03,8.420178220812566533e-03,1.347983688264612658e-02,4.694658410109248635e-03,3.222071187635301790e-03,7.539143130443538669e-03,1.563207974626189267e-02,1.564466596183859345e-02,7.828626088707647118e-03,2.476967225494638297e-02,2.612898353723002581e-02,3.385691990132407014e-02,7.690177717363942851e-03,3.989830337814025824e-02,2.062880733021195054e-02,3.276191914615113332e-02,2.025122086291094095e-02,4.945124100085586394e-02,1.793535719679806642e-02,1.627397674067361522e-02,1.009414489251371852e-02,9.892765443286512944e-03,1.364345768514323154e-02,1.782208125660776285e-02,3.037053818657806104e-02,1.349242309822282562e-02,5.135175955293762307e-02,4.638020440014096329e-02,1.157931833056436571e-02,2.946433066505563247e-02,9.380506469314806028e-02,4.570054875899914187e-02,6.296883653023209459e-02,4.139606303176760621e-02,1.030811055731762488e-02,3.097467653425967776e-02
3.454916175804258888e-02,5.753159140109751629e-02,4.849468861702663225e-02,2.882243367064390993e-02,1.046040376579570053e-01,1.176055983486885143e-01,1.528470019634496357e-01,3.331571263152595386e-02,0.000000000000000000e+00,9.921713739112923702e-02,1.250062931077883521e-01,7.585712128077329308e-02,2.217439460303076149e-01,5.584503851381966699e-02,5.306348487136887393e-02,5.052106932487539920e-02,3.953330312641594596e-02,8.606454211347731864e-02,7.294970548255549914e-02,1.179580123848361223e-01,5.846297135377334642e-02,2.102904898555102431e-01,1.771887428887881921e-01,6.768866737149474566e-02,1.476237224991189534e-01,3.556864521975532378e-01,1.963953078588329959e-01,2.821451945828928332e-01,2.027010018627599108e-01,5.130141469063081994e-02,1.322181946332376679e-01,4.591451442380305170e-02,2.985450334793334284e-02,6.314504354830589861e-02,2.941398580274882935e-02,5.227055329003674894e-02,2.424105120072496747e-02,1.670190807028142793e-02,4.510899662689422246e-02,2.967829632985953883e-02,4.236520163117354215e-02,3.598399033378643641e-02,5.761969491013441830e-02,1.998691033580023146e-02,1.383225091879373633e-02,3.249760861904042730e-02,6.806625383879574831e-02,6.918642702512207976e-02,3.360519558979006144e-02,1.065926597190756664e-01,1.150883552333484411e-01,1.477621708704626724e-01,3.394502341036097215e-02,1.762699491516890593e-01,9.004178623571464091e-02,1.433444092030408401e-01,8.710919800634345234e-02,2.157906660625283080e-01,7.642350098172481787e-02,7.031918642702511546e-02,4.461813421940290930e-02,4.313296078135226558e-02,6.101797311584352540e-02,7.779539847958516496e-02,1.318657805970900598e-01,5.831193676685294397e-02,2.259351558173488261e-01,2.030660021144842231e-01,5.065951769621909739e-02,1.293107788350198739e-01,4.087499370689220979e-01,2.005235865679907414e-01,2.751346725066706744e-01,1.822484015506217470e-01,4.502089311785732045e-02,1.349368171978049535e-01
2.390122338015405676e-02,3.889140613200423036e-02,3.285002265518803533e-02,1.969742737753612388e-02,7.191763580526606969e-02,7.973367567839702297e-02,1.046921411669939073e-01,2.290691234959472272e-02,9.921713739112923702e-02,0.000000000000000000e+00,8.552333484367920236e-02,5.172934602023863265e-02,1.508835523334843554e-01,3.823692292201581050e-02,3.613502492070683886e-02,3.432260987766198174e-02,2.685898404067865036e-02,5.841262649146654329e-02,4.930020641393545455e-02,8.002315863666112361e-02,4.038916578563157833e-02,1.420228565674872823e-01,1.208780143986306205e-01,4.622916981322056085e-02,1.001611035593817645e-01,2.413280974676534352e-01,1.338418164426320167e-01,1.918139253889140639e-01,1.374288878819916460e-01,3.505261038111060629e-02,8.968937219956703288e-02,3.112571112118008368e-02,2.033932437194784296e-02,4.284347782308815106e-02,1.983587574887982555e-02,3.573226602225242771e-02,1.656345969893772280e-02,1.136535266576045936e-02,3.107536625887328055e-02,2.025122086291094095e-02,2.902381311987111551e-02,2.463122388360267784e-02,3.987313094698685667e-02,1.383225091879373633e-02,9.376730604641796488e-03,2.229018778633640521e-02,4.611589387303025728e-02,4.648089412475456955e-02,2.298242964305492742e-02,7.344056789004682617e-02,7.763177767708805133e-02,1.013190353924381948e-01,2.320898152343553456e-02,1.190026682777022560e-01,6.155918038564164863e-02,9.761868801288828279e-02,5.978452398932689038e-02,1.472209636006645561e-01,5.289986406887177417e-02,4.782761919146150814e-02,3.039571061773145913e-02,2.923777878467502533e-02,4.130795952273070420e-02,5.233348436792025632e-02,8.937471681014952374e-02,4.043951064793837452e-02,1.530357951971001440e-01,1.379700951517897622e-01,3.444847203342898956e-02,8.831747470170668579e-02,2.787091577304536272e-01,1.361325076775914966e-01,1.878366812666767416e-01,1.236092231787746104e-01,3.079846951618587375e-02,9.177868398529930027e-02
2.971605497658963771e-02,4.889744751548104340e-02,4.155968383426471291e-02,2.495846548859688777e-02,9.029351054724865655e-02,1.004002416553390759e-01,1.314630216986356626e-01,2.862105422141670436e-02,1.250062931077883521e-01,8.552333484367920236e-02,0.000000000000000000e+00,6.522176911846146175e-02,1.901273725016362215e-01,4.792830891607511440e-02,4.536072093842823116e-02,4.274278809847455174e-02,3.385691990132407014e-02,7.307556763832251390e-02,6.244021547601067562e-02,1.003750692241856673e-01,5.038262095353169406e-02,1.781830539193475227e-01,1.518652771484670094e-01,5.782107435936162387e-02,1.255852590243165812e-01,3.043346926446156009e-01,1.682651160449076255e-01,2.412022353118864204e-01,1.727206363590595706e-01,4.366158183557367761e-02,1.132255953279967808e-01,3.943261340180234664e-02,2.587725922569601711e-02,5.434727886019231902e-02,2.531087952474449926e-02,4.492020339324372113e-02,2.094346271962946315e-02,1.427276846397825157e-02,3.890399234758092767e-02,2.542415546493480283e-02,3.650002517243115113e-02,3.115088355233348524e-02,4.977848260585007040e-02,1.741932235815335170e-02,1.179328399536827207e-02,2.770226048431757501e-02,5.811055731762573839e-02,5.887831646780446182e-02,2.897346825756431585e-02,9.249609827317122057e-02,9.834868851633690734e-02,1.271459497558274088e-01,2.916226149121482064e-02,1.508332074711775661e-01,7.756884659920455782e-02,1.234707748074309053e-01,7.486281025021396252e-02,1.854704727382570639e-01,6.622866636459749656e-02,6.027538639681820354e-02,3.807330211951870380e-02,3.690278407088556922e-02,5.214469113426974806e-02,6.636711473594120170e-02,1.125836983335850583e-01,5.024417258218798893e-02,1.929844434375471984e-01,1.732366711977042784e-01,4.308261591904546245e-02,1.107964557216935958e-01,3.508533454161003040e-01,1.712606353521623215e-01,2.358405074762120468e-01,1.556663142526305277e-01,3.846347480239641764e-02,1.159064592458339676e-01
1.914363389216130334e-02,2.999295171927704798e-02,2.527312087801439691e-02,1.524190706338418230e-02,5.433469264461561476e-02,6.128228364295423836e-02,7.984695161858731960e-02,1.783466747218446363e-02,7.585712128077329308e-02,5.172934602023863265e-02,6.522176911846146175e-02,0.000000000000000000e+00,1.152645622514222451e-01,2.870915773045360636e-02,2.894829582641091428e-02,2.636812163318733374e-02,2.055329003675174931e-02,4.458037557267281042e-02,3.751950863414388326e-02,6.113124905603382897e-02,3.251019483461712462e-02,1.082792126063535226e-01,9.374213361526456678e-02,3.670140462165835671e-02,7.600815586769370247e-02,1.871696118411116105e-01,1.026783466747218515e-01,1.462895836479887191e-01,1.042642098373861015e-01,2.651915622010773965e-02,7.030660021144842509e-02,2.401449932034436033e-02,1.579570054875899937e-02,3.384433368574737283e-02,1.549363137491818927e-02,2.684639782510194958e-02,1.266173287016060002e-02,9.011730352917484213e-03,2.405225796707445921e-02,1.560690731510849284e-02,2.264260182248401670e-02,1.928208226350500848e-02,3.026984846196445825e-02,1.062276594673513576e-02,7.400694759099833535e-03,1.801087449025826764e-02,3.561899008206212414e-02,3.568192115994562458e-02,1.772139153199416006e-02,5.629814227458088127e-02,5.914262699491516784e-02,7.739263958113073993e-02,1.774656396314756163e-02,9.078437295473996971e-02,4.699692896339928427e-02,7.394401651311482970e-02,4.737451543070029386e-02,1.124452499622413532e-01,4.011226904294416806e-02,3.774606051452449040e-02,2.298242964305492742e-02,2.254191209787041392e-02,3.140260786386749048e-02,3.989830337814025824e-02,6.884659920455117599e-02,3.229622916981322173e-02,1.168000805517796920e-01,1.064164527010018624e-01,2.702260484317575359e-02,6.761315007803453403e-02,2.156144590444545039e-01,1.044781755021900044e-01,1.429794089513165278e-01,9.443437547198307858e-02,2.342294718823944091e-02,7.053315209182903223e-02
5.256003624830086346e-02,8.729799123999396060e-02,7.355384383023712280e-02,4.395106479383779213e-02,1.600211448421688665e-01,1.793787443991340658e-01,2.324044706237728408e-01,5.038262095353169406e-02,2.217439460303076149e-01,1.508835523334843554e-01,1.901399587172128980e-01,1.152645622514222451e-01,0.000000000000000000e+00,8.401298897447515013e-02,8.040074510396214014e-02,7.638574233499471899e-02,6.012435180989780109e-02,1.307456074107637423e-01,1.098650757690177726e-01,1.787746060514524560e-01,8.889644061823491483e-02,3.189598751447415004e-01,2.690807028142778168e-01,1.028671399083723459e-01,2.239842924029602778e-01,5.390927855812314151e-01,2.990736545335548335e-01,4.280571917635805357e-01,3.077329708503247496e-01,7.771988118612495333e-02,2.013668630116296765e-01,6.994159995972411281e-02,4.559985903438554256e-02,9.598247998791722968e-02,4.485727231536022069e-02,7.848764033630367676e-02,3.672657705281175827e-02,2.560036248300861031e-02,6.971504807934350567e-02,4.490761717766701688e-02,6.486935508231385372e-02,5.568141771132256029e-02,8.641695614962492666e-02,3.052157277349846348e-02,2.091829028847606159e-02,4.930020641393545455e-02,1.033580023158636729e-01,1.049438654785279229e-01,5.126365604390072106e-02,1.626139052509691374e-01,1.751120173186326290e-01,2.263127422846498427e-01,5.146503549312792664e-02,2.664375975431707011e-01,1.370513014146906294e-01,2.174017016563459803e-01,1.331999194482203219e-01,3.292302270553290056e-01,1.159819765392941654e-01,1.071590394200271912e-01,6.811659870110255144e-02,6.546090721441877314e-02,9.286109852489553285e-02,1.173412878215778082e-01,1.988244474651361948e-01,8.882092332477470320e-02,3.420555807279866967e-01,3.088153853899209822e-01,7.696470825152293416e-02,1.966344459547903212e-01,6.236343956099280605e-01,3.033655540452097066e-01,4.180511503801037088e-01,2.754493278960882252e-01,6.766349494034133716e-02,2.068041081407642479e-01
1.295121582842470934e-02,2.156018728288778066e-02,1.835070231082917835e-02,1.097517998288274725e-02,3.977244122237325735e-02,4.484468609978351644e-02,5.790917786839853282e-02,1.249811206766349506e-02,5.584503851381966699e-02,3.823692292201581050e-02,4.792830891607511440e-02,2.870915773045360636e-02,8.401298897447515013e-02,0.000000000000000000e+00,1.977294467099632511e-02,1.870311634697678985e-02,1.504052761415697499e-02,3.217036701404621390e-02,2.774001913104767736e-02,4.405175451845139145e-02,2.195035996576549450e-02,7.852539898303377564e-02,6.675728741881890860e-02,2.552484518954840562e-02,5.560590041786235560e-02,1.344459547903136543e-01,7.443487892060615674e-02,1.065423148567688633e-01,7.631022504153450736e-02,1.949604792830891484e-02,4.982882746815687353e-02,1.765846045411065962e-02,1.137793888133716014e-02,2.369984393092684771e-02,1.117655943210995283e-02,1.953380657503901718e-02,9.225696017721392306e-03,6.343452650657000792e-03,1.750742586719025370e-02,1.098776619845944803e-02,1.606001107586970886e-02,1.385742334994713790e-02,2.210139455268589695e-02,7.740522579670744245e-03,5.185520817600563527e-03,1.194431858228867799e-02,2.571363842319891388e-02,2.610381110607662425e-02,1.293862961284800855e-02,4.089261440869958880e-02,4.382520263807078431e-02,5.638624578361778328e-02,1.291345718169460872e-02,6.724814982631022175e-02,3.446105824900568687e-02,5.495141720787393574e-02,3.296329859537833890e-02,8.204953934450989750e-02,2.933846850928862812e-02,2.646881135780093652e-02,1.686552887277853463e-02,1.638725268086391879e-02,2.309570558324523099e-02,2.960277903639933414e-02,4.966520666565976683e-02,2.197553239691889607e-02,8.524643810099179209e-02,7.637315611941801474e-02,1.906811659870110212e-02,4.912399939586165054e-02,1.550244172582188051e-01,7.540401752001207880e-02,1.040502441725821847e-01,6.882142677339778136e-02,1.684035644162513307e-02,5.117555253486381905e-02
1.314000906207521586e-02,2.114484216885666873e-02,1.772139153199416006e-02,1.053466243769823375e-02,3.740623269395357969e-02,4.284347782308815106e-02,5.520314151940794445e-02,1.229673261843628775e-02,5.306348487136887393e-02,3.613502492070683886e-02,4.536072093842823116e-02,2.894829582641091428e-02,8.040074510396214014e-02,1.977294467099632511e-02,0.000000000000000000e+00,1.835070231082917835e-02,1.442380305089865575e-02,3.118864219906358412e-02,2.638070784876403452e-02,4.304485727231536357e-02,2.225242913960630287e-02,7.614660423903740760e-02,6.529728641192165950e-02,2.567587977646881153e-02,5.318934702713588175e-02,1.305064693148064170e-01,7.190504958968936544e-02,1.022504153451140319e-01,7.302522277601571077e-02,1.856466797563308818e-02,4.917434425816845367e-02,1.646276997432412001e-02,1.093742133615264490e-02,2.356139555958314605e-02,1.091224890499924507e-02,1.838846095755928070e-02,8.684488747923274285e-03,6.356038866233700707e-03,1.637466646528721800e-02,1.076121431807884089e-02,1.568242460856869580e-02,1.335397472687912222e-02,2.076725570155565567e-02,7.325177465639631444e-03,5.135175955293762133e-03,1.244776720535669366e-02,2.495846548859688777e-02,2.519760358455419569e-02,1.238483612747319149e-02,3.881588883854402566e-02,4.177364949906862274e-02,5.357951971001359559e-02,1.239742234304989227e-02,6.379952675829431152e-02,3.262347077480742819e-02,5.175451845139203422e-02,3.273674671499773176e-02,7.828626088707647812e-02,2.752605346624377100e-02,2.631777677088053061e-02,1.619845944721341052e-02,1.575794190202889702e-02,2.198811861249559338e-02,2.831898504757589599e-02,4.853244726375673113e-02,2.217691184614610164e-02,8.222574636258370151e-02,7.477470674117706051e-02,1.881639228716709342e-02,4.704727382570608740e-02,1.501157931833056458e-01,7.342798167447012192e-02,9.940593062477974529e-02,6.626642501132759544e-02,1.632432160298041487e-02,4.927503398278205993e-02
1.196949101344207782e-02,1.997432412022353068e-02,1.675225293258823106e-02,9.678799778482606586e-03,3.548054171071841900e-02,4.070382117504908748e-02,5.214469113426974806e-02,1.125207672557015579e-02,5.052106932487539920e-02,3.432260987766198174e-02,4.274278809847455174e-02,2.636812163318733374e-02,7.638574233499471899e-02,1.870311634697678985e-02,1.835070231082917835e-02,0.000000000000000000e+00,1.373156119418013354e-02,2.955243417409253448e-02,2.508432764436389212e-02,4.095554548658309618e-02,2.045260031213814653e-02,7.276091224890500475e-02,6.114383527161053322e-02,2.347329205054624057e-02,5.079796606756280253e-02,1.221743946030307559e-01,6.822987464129286195e-02,9.696420480289986987e-02,7.021849670241152308e-02,1.765846045411065962e-02,4.541106580073503429e-02,1.573276947087549546e-02,1.009414489251371852e-02,2.139656648039067743e-02,9.980868952323414950e-03,1.750742586719025370e-02,8.130695262548457217e-03,5.751900518552081377e-03,1.574535568645219624e-02,9.917937874439912774e-03,1.441121683532195497e-02,1.229673261843628775e-02,1.967225494638272232e-02,6.859487489301716381e-03,4.669485978955847938e-03,1.111362835422645065e-02,2.363691285304334727e-02,2.388863716457735598e-02,1.157931833056436571e-02,3.644968031012435494e-02,4.002416553390726606e-02,5.059658661833559695e-02,1.176811156421487224e-02,6.070331772642601625e-02,3.093691788752957889e-02,4.952675829431606169e-02,3.001812415043044954e-02,7.408246488445853484e-02,2.610381110607662425e-02,2.440467200322207070e-02,1.580828676433570015e-02,1.490207924281327159e-02,2.115742838443336951e-02,2.695967376529225315e-02,4.604037657957005258e-02,2.025122086291094095e-02,7.865126113880079040e-02,7.026884156471832621e-02,1.748225343603685214e-02,4.473141015959321287e-02,1.407138901475104564e-01,6.981573780395711193e-02,9.434627196294617657e-02,6.322056084176609636e-02,1.534259678799778509e-02,4.659417006494487312e-02
9.326385742334995094e-03,1.570759703972209737e-02,1.321552635553541709e-02,7.665005286210542154e-03,2.811760559834868695e-02,3.170467703770830231e-02,4.110658007350349863e-02,8.999144137340785166e-03,3.953330312641594596e-02,2.685898404067865036e-02,3.385691990132407014e-02,2.055329003675174931e-02,6.011176559432109684e-02,1.504052761415697499e-02,1.442380305089865575e-02,1.373156119418013354e-02,0.000000000000000000e+00,2.339777475708603935e-02,1.984846196445652633e-02,3.233398781654332060e-02,1.612294215375320930e-02,5.745607410763731854e-02,4.815486079645572154e-02,1.819966772390877591e-02,3.981019986910335623e-02,9.575592810753662254e-02,5.374314051251069535e-02,7.654936313749181875e-02,5.500176207018073887e-02,1.410914766148114660e-02,3.560640386648542682e-02,1.224638775612948635e-02,7.904143382167850077e-03,1.680259779489503072e-02,7.816039873130946336e-03,1.403363036802094364e-02,6.406383728540502101e-03,4.430347882998540016e-03,1.205759452247898156e-02,7.878970951014448512e-03,1.125207672557015579e-02,9.603282485022403628e-03,1.563207974626189267e-02,5.386900266827769970e-03,3.675174948396516070e-03,8.747419825806776461e-03,1.850173689774958427e-02,1.872828877813019141e-02,9.024316568494184995e-03,2.886019231737401228e-02,3.105019382771988246e-02,3.963399285102955222e-02,9.187937370991289959e-03,4.747520515531390012e-02,2.448018929668227192e-02,3.896692342546442811e-02,2.344811961939284248e-02,5.832452298242964128e-02,2.069173840809545445e-02,1.920656497004480726e-02,1.220862910939938574e-02,1.171776670190807085e-02,1.663897699239792749e-02,2.109449730654986560e-02,3.613502492070683886e-02,1.604742486029300808e-02,6.188642199063585508e-02,5.517796908825454288e-02,1.365604390071993232e-02,3.511554145899410673e-02,1.103055933142022826e-01,5.490107234556713262e-02,7.463625836983335538e-02,4.961486180335297064e-02,1.239742234304989227e-02,3.636157680108744600e-02
2.020087600060413782e-02,3.418416150631828354e-02,2.859588179026330279e-02,1.666414942355132559e-02,6.061521421738911425e-02,6.936263404319589765e-02,8.908523385188540922e-02,1.929466847908170926e-02,8.606454211347731864e-02,5.841262649146654329e-02,7.307556763832251390e-02,4.458037557267281042e-02,1.307456074107637423e-01,3.217036701404621390e-02,3.118864219906358412e-02,2.955243417409253448e-02,2.339777475708603935e-02,0.000000000000000000e+00,4.276796052962795330e-02,7.016815184010471995e-02,3.476312742284649870e-02,1.251573276947087476e-01,1.042264511906559887e-01,3.960882041987615065e-02,8.665609424558223806e-02,2.088304888486129940e-01,1.168252529829330866e-01,1.661254593968685411e-01,1.202109449730655033e-01,3.020691738408095434e-02,7.761919146151134707e-02,2.665760459145144132e-02,1.733121884911644622e-02,3.653778381916125695e-02,1.705432210642903942e-02,2.994260685697024485e-02,1.379449227206363572e-02,9.703972209636006416e-03,2.659467351356794088e-02,1.707949453758244099e-02,2.460605145244927627e-02,2.094346271962946315e-02,3.335347127825605273e-02,1.160449076171776728e-02,7.979660675628051300e-03,1.889190958062729811e-02,4.037657957005487408e-02,4.084226954639279261e-02,1.958415143734582031e-02,6.236469818255047093e-02,6.787746060514524005e-02,8.627850777828122153e-02,2.007501384483713347e-02,1.033705885314403633e-01,5.272365705079796322e-02,8.466747218446357692e-02,5.104969037909681123e-02,1.265418114081457990e-01,4.449227206363590842e-02,4.176106328349191849e-02,2.667019080702814210e-02,2.544932789608820439e-02,3.643709409454765069e-02,4.592710063937974901e-02,7.797160549765896898e-02,3.449881689573579269e-02,1.342571615566631460e-01,1.203242209132557999e-01,2.976639983889644084e-02,7.622212153249760536e-02,2.406358556109348956e-01,1.188893923375119593e-01,1.608895937169611823e-01,1.074988672405980950e-01,2.628001812415043173e-02,7.969591703166692409e-02
1.702914967527563786e-02,2.864622665257010592e-02,2.430398227860846791e-02,1.426018224840155078e-02,5.155313900216482864e-02,5.858883350954035424e-02,7.524039671751497904e-02,1.657604591451442358e-02,7.294970548255549914e-02,4.930020641393545455e-02,6.244021547601067562e-02,3.751950863414388326e-02,1.098650757690177726e-01,2.774001913104767736e-02,2.638070784876403452e-02,2.508432764436389212e-02,1.984846196445652633e-02,4.276796052962795330e-02,0.000000000000000000e+00,5.894124754568796226e-02,2.897346825756431585e-02,1.049690379096813175e-01,8.814126768363288178e-02,3.342898857171625743e-02,7.294970548255549914e-02,1.768866737149474011e-01,9.847455067210390822e-02,1.400971655842521146e-01,1.010043800030206856e-01,2.553743140512510640e-02,6.581332125056638116e-02,2.235311886421990565e-02,1.490207924281327159e-02,3.122640084579368647e-02,1.457483763781905993e-02,2.595277651915622180e-02,1.190655993555857564e-02,8.231384987162060005e-03,2.218949806172280242e-02,1.456225142224236088e-02,2.098122136635956203e-02,1.787242611891456598e-02,2.893570961083421350e-02,9.955696521170015120e-03,6.783970195841514290e-03,1.584604541106579903e-02,3.397019584151437371e-02,3.453657554246589156e-02,1.668932185470472715e-02,5.293762271560187305e-02,5.730503952071690915e-02,7.271056738659820162e-02,1.696621859739213742e-02,8.812868146805619141e-02,4.475658259074661444e-02,7.187987715853597082e-02,4.280571917635805218e-02,1.067814529527261747e-01,3.808588833509540111e-02,3.502743794995720472e-02,2.226501535518300365e-02,2.123294567789357074e-02,3.035795197100136025e-02,3.910537179680813324e-02,6.627901122690429969e-02,2.850777828122640079e-02,1.134899058551074869e-01,1.007652419070633881e-01,2.493329305744348620e-02,6.410159593213513030e-02,2.026380707848763896e-01,1.008155867693701913e-01,1.361199214620147924e-01,9.116195942204098623e-02,2.235311886421990565e-02,6.675728741881890860e-02
2.762674319085737379e-02,4.703468761012938315e-02,3.936968232391884620e-02,2.293208478074812429e-02,8.295574686603232606e-02,9.502592760408799799e-02,1.220485324472637551e-01,2.673312188491164601e-02,1.179580123848361223e-01,8.002315863666112361e-02,1.003750692241856673e-01,6.113124905603382897e-02,1.787746060514524560e-01,4.405175451845139145e-02,4.304485727231536357e-02,4.095554548658309618e-02,3.233398781654332060e-02,7.016815184010471995e-02,5.894124754568796226e-02,0.000000000000000000e+00,4.762623974223430257e-02,1.708201178069778114e-01,1.430045813824699086e-01,5.464934803403312391e-02,1.188516336907818605e-01,2.864245078789709464e-01,1.595680410814076522e-01,2.268161909077178739e-01,1.638851130242158782e-01,4.120726979811710489e-02,1.072723153602174878e-01,3.648743895685445382e-02,2.385087851784725363e-02,5.057141418718219539e-02,2.359915420631324492e-02,4.110658007350349863e-02,1.895484065851079855e-02,1.337914715803252205e-02,3.617278356743694467e-02,2.353622312842974448e-02,3.386950611690076746e-02,2.894829582641091428e-02,4.547399687861853473e-02,1.588380405779590138e-02,1.100035241403614708e-02,2.624225947742032938e-02,5.540452096863515002e-02,5.627296984342747971e-02,2.684639782510194958e-02,8.548557619694910348e-02,9.297437446508584336e-02,1.181845642652167294e-01,2.745053617278356631e-02,1.420228565674872823e-01,7.242108442833408710e-02,1.154155968383426406e-01,7.040728993606203134e-02,1.728716709459799661e-01,6.040124855258521136e-02,5.751900518552081898e-02,3.641192166339424913e-02,3.509036902784071210e-02,4.966520666565976683e-02,6.306952625484568697e-02,1.074107637315611929e-01,4.745003272416049855e-02,1.839727130846297021e-01,1.649423551326587023e-01,4.093037305542969462e-02,1.043648995619996939e-01,3.300986759301213214e-01,1.633439057544177619e-01,2.204098071791773528e-01,1.476614811458490661e-01,3.614761113628354311e-02,1.090595579721089503e-01
1.476363087146956646e-02,2.324674017016563343e-02,1.963449629965261997e-02,1.150380103710416275e-02,4.163520112772491760e-02,4.689623923878568496e-02,6.110607662488043434e-02,1.349242309822282562e-02,5.846297135377334642e-02,4.038916578563157833e-02,5.038262095353169406e-02,3.251019483461712462e-02,8.889644061823491483e-02,2.195035996576549450e-02,2.225242913960630287e-02,2.045260031213814653e-02,1.612294215375320930e-02,3.476312742284649870e-02,2.897346825756431585e-02,4.762623974223430257e-02,0.000000000000000000e+00,8.398781654332175550e-02,7.209384282333987370e-02,2.823088153853899052e-02,5.885314403665106026e-02,1.441247545687962539e-01,7.975884810955041759e-02,1.125962845491617625e-01,8.031264159492523813e-02,2.046518652771484731e-02,5.371796808135730072e-02,1.858984040678648628e-02,1.181845642652167364e-02,2.539898303378140126e-02,1.171776670190807085e-02,2.020087600060413782e-02,9.439661682525298664e-03,6.909832351608518643e-03,1.852690932890298584e-02,1.159190454614106650e-02,1.697880481296883820e-02,1.457483763781905993e-02,2.289432613401802194e-02,8.105522831395055652e-03,5.512762422594774323e-03,1.392035442783064007e-02,2.755122589739716910e-02,2.761415697528067301e-02,1.360569903841312919e-02,4.342244373961637316e-02,4.581382469918944544e-02,5.939435130644917654e-02,1.373156119418013354e-02,7.011780697779791682e-02,3.658812868146805314e-02,5.731762573629361340e-02,3.677692191511856140e-02,8.676937018577254856e-02,3.053415898907516426e-02,2.916226149121482064e-02,1.787242611891456598e-02,1.753259829834365527e-02,2.455570659014247661e-02,3.082364194733927532e-02,5.357951971001359559e-02,2.532346574032120004e-02,9.063333836781956032e-02,8.189850475758948811e-02,2.064139354578865132e-02,5.259779489503096234e-02,1.664527010018627684e-01,8.097971102049035530e-02,1.099909379247847735e-01,7.320142979408951478e-02,1.833811609525248104e-02,5.403262347077480987e-02
