0.000000000000000000e+00,1.701511144055661146e-02,9.400427904782761995e-03,5.239306592092185175e-03,2.181640526289189627e-02,2.847083003419868807e-02,2.902676931889014433e-02,5.542546201923887091e-03,3.424922926599167916e-02,2.102461294833133862e-02,2.548897387085361996e-02,1.745312421031351702e-02,4.061726107245741679e-02,1.339308276756683881e-02,1.280345019289408533e-02,9.349887969810812688e-03,7.951616435586852938e-03,1.361208915244528986e-02,1.276975690291278463e-02,3.477147526070183126e-02,1.024276015431526896e-02,5.498744924948196361e-02,4.028032817264441678e-02,1.330884954261358881e-02,3.691099917451439588e-02,7.121076837547801741e-02,4.435721626038174187e-02,5.783453225290183242e-02,4.021294159268181539e-02,9.568894354689263734e-03,2.764534442965683320e-02,1.337623612257618846e-02,7.142977476035647540e-03,1.425226166208999438e-02,8.322242625381155376e-03,1.339308276756683881e-02,4.700213952391380998e-03,3.571488738017823770e-03,1.157364510857662732e-02,9.484661129736013732e-03,1.283714348287538602e-02,6.704964706278744579e-03,9.046648359979109905e-03,2.611229973550767414e-03,3.386175643120672551e-03,8.153776175474653637e-03,1.295506999780993672e-02,1.583584629121110449e-02,7.631530180764500675e-03,2.149631900806954141e-02,2.747687797975033319e-02,2.874037635404909016e-02,7.564143600801900152e-03,3.771963813406559868e-02,2.134469920315369348e-02,3.340689701645917220e-02,2.393908253171380882e-02,4.321164440101753906e-02,1.418487508212739473e-02,1.625701241597735797e-02,1.236543742313718150e-02,6.856584511194595971e-03,1.324146296265098742e-02,1.556629997136070413e-02,3.291834431173031733e-02,1.627385906096800658e-02,5.301639178557590593e-02,4.621034720935325579e-02,1.162418504354857662e-02,3.441769571589817917e-02,8.076281608517663080e-02,4.454252935527889395e-02,6.199565356559241097e-02,3.640559982479488893e-02,9.956367189474216520e-03,2.934685557371249573e-02
1.701511144055661146e-02,0.000000000000000000e+00,2.811705048939503598e-02,1.566737984130460448e-02,6.413517747940497560e-02,8.566518977745582464e-02,8.549672332754931769e-02,1.576845971124850657e-02,1.033710136626290882e-01,6.245051298033996862e-02,7.538873633315924805e-02,5.146650044643609478e-02,1.210936841927930108e-01,4.076888087737327165e-02,3.851143044862615633e-02,2.804966390943243806e-02,2.358530298691015673e-02,4.051618120251351818e-02,3.864620360855135911e-02,1.067403426607591160e-01,3.049242743307670200e-02,1.668828652773799992e-01,1.205882848430735038e-01,3.859566367357940980e-02,1.096211189541602821e-01,2.105325224481544577e-01,1.347394666352196013e-01,1.740595360433969674e-01,1.217843966374096559e-01,2.911100254384339434e-02,8.202631445947539124e-02,3.859566367357940980e-02,2.144577907309759210e-02,4.199868596169072793e-02,2.407385569163901159e-02,4.051618120251351818e-02,1.416802843713674438e-02,1.056284640913762035e-02,3.409760946107582430e-02,2.781381087956333667e-02,3.844404386866355494e-02,1.991273437894843304e-02,2.784750416954463390e-02,7.884229855624253283e-03,1.020906686433396826e-02,2.404016240165771090e-02,3.916844960326151120e-02,4.787816506342761763e-02,2.183325190788254488e-02,6.362977812968546865e-02,8.091443589009249260e-02,8.504186391280176005e-02,2.286089725231220046e-02,1.124682019575801439e-01,6.396671102949846865e-02,9.907511919001331380e-02,7.089068212065567642e-02,1.284051281187351401e-01,4.250408531141023488e-02,4.902373692279182738e-02,3.795549116393470007e-02,2.056975353358378791e-02,3.980862211290621400e-02,4.646304688421300927e-02,9.915935241496655339e-02,4.799609157836216833e-02,1.612223925605215658e-01,1.409053387017975278e-01,3.453562223083272986e-02,1.035731734025168854e-01,2.435350999848380216e-01,1.335096615509021312e-01,1.862059670816556822e-01,1.100591317239171807e-01,3.061035394801125270e-02,8.807426001111878788e-02
9.400427904782761995e-03,2.811705048939503598e-02,0.000000000000000000e+00,8.659175525194157119e-03,3.532741454539328751e-02,4.668205326909145858e-02,4.685051971899795858e-02,8.777102040128707816e-03,5.611617446385552127e-02,3.362590340133762151e-02,4.127428022709277167e-02,2.811705048939503598e-02,6.578614868848868535e-02,2.218703145268619698e-02,2.088983978840613931e-02,1.534729358648225135e-02,1.270237032295018498e-02,2.186694519786384558e-02,2.105830623831263931e-02,5.769975909297663658e-02,1.667817854074361145e-02,9.063495004969759905e-02,6.595461513839519230e-02,2.112569281827524070e-02,6.004144274667699843e-02,1.147593456763085634e-01,7.271011977964587925e-02,9.429067201266867759e-02,6.607254165332973606e-02,1.559999326134200309e-02,4.474468909516669812e-02,2.132785255816304140e-02,1.157364510857662732e-02,2.321467679711585602e-02,1.332569618760423916e-02,2.208595158274229836e-02,7.766303340689701719e-03,5.744705941811687790e-03,1.871662258461227399e-02,1.549891339139810274e-02,2.134469920315369348e-02,1.110193904883842453e-02,1.514513384659445065e-02,4.312741117606429080e-03,5.694166006839737615e-03,1.319092302767903811e-02,2.122677268821914279e-02,2.614599302548897483e-02,1.219697097323068150e-02,3.504102158055222987e-02,4.418874981047524186e-02,4.690105965396991483e-02,1.250021058306238254e-02,6.143971428090096165e-02,3.456931552081402709e-02,5.414511699994945665e-02,3.893259657339240981e-02,7.058744251082396670e-02,2.318098350713455533e-02,2.643238599033002553e-02,2.050236695362118652e-02,1.101770582388517279e-02,2.158055223302279488e-02,2.533735406593776857e-02,5.394295726006165942e-02,2.597752657558247136e-02,8.731616098653953439e-02,7.747772031199987031e-02,1.915463535436917608e-02,5.608248117387422405e-02,1.331053420711265367e-01,7.245742010478613271e-02,1.015684226486295305e-01,5.950235010697619426e-02,1.656025202580906075e-02,4.826563789821257389e-02
5.239306592092185175e-03,1.566737984130460448e-02,8.659175525194157119e-03,0.000000000000000000e+00,1.974426792904192957e-02,2.574167354571336996e-02,2.643238599033002553e-02,4.868680402297882737e-03,3.157061271247831036e-02,1.923886857932242955e-02,2.321467679711585602e-02,1.595377280614565518e-02,3.707946562442089589e-02,1.234859077814653289e-02,1.157364510857662732e-02,8.558095655250256770e-03,7.244057345979547889e-03,1.231489748816523219e-02,1.172526491349247871e-02,3.185700567731936106e-02,9.434121194764062690e-03,5.010192220219343573e-02,3.697838575447699727e-02,1.186003807341767802e-02,3.357536346636567220e-02,6.408463754443302629e-02,4.043194797756027165e-02,5.281423204568810176e-02,3.662460620967334518e-02,8.726562105156758509e-03,2.494988123115281578e-02,1.223066426321198219e-02,6.587038191344193883e-03,1.288768341784733533e-02,7.496757020839299630e-03,1.221381761822133184e-02,4.295894472615778732e-03,3.285095773176771768e-03,1.066392627908152070e-02,8.558095655250256770e-03,1.186003807341767802e-02,6.115332131605991095e-03,8.574942300240907117e-03,2.459610168634916456e-03,3.116629323270270896e-03,7.345137215923449106e-03,1.191057800838962906e-02,1.438703482201519543e-02,6.856584511194595971e-03,1.969372799406998026e-02,2.481510807122761647e-02,2.641553934533937692e-02,7.008204316110446495e-03,3.431661584595428055e-02,1.967688134907933165e-02,3.071143381795515478e-02,2.198487171279839628e-02,3.962330901800906191e-02,1.300560993278188603e-02,1.467342778685624786e-02,1.148941188362337558e-02,6.283798581512491967e-03,1.212958439326808011e-02,1.405010192220219369e-02,2.990279485840394852e-02,1.475766101180949787e-02,4.846779763810037112e-02,4.260516518135413350e-02,1.064707963409087035e-02,3.160430600245960758e-02,7.429370440876699455e-02,4.044879462255091679e-02,5.705958658333192685e-02,3.305311747165552011e-02,9.181421519904310949e-03,2.697147863003082971e-02
2.181640526289189627e-02,6.413517747940497560e-02,3.532741454539328751e-02,1.974426792904192957e-02,0.000000000000000000e+00,1.062854832460115584e-01,1.098906652740106876e-01,2.021597398878013582e-02,1.299381728128843061e-01,7.968463080577503632e-02,9.617749625162148874e-02,6.583668862346063466e-02,1.538941019895887774e-01,5.084317458178203714e-02,4.754123216361461762e-02,3.527687461042133127e-02,3.005441466331979991e-02,5.121380077157634131e-02,4.823194460823126972e-02,1.304435721626038269e-01,3.886520999342980842e-02,2.062871679105106326e-01,1.515861116258697128e-01,4.914166343772637807e-02,1.386310416280597813e-01,2.651661921528327692e-01,1.664280058626324554e-01,2.183493657238161079e-01,1.515018784009164454e-01,3.601812699000993961e-02,1.024949881231152771e-01,5.043885510200643574e-02,2.697147863003082971e-02,5.288161862565070315e-02,3.089674691285230687e-02,5.089371451675398644e-02,1.797537020502366911e-02,1.340992941255748916e-02,4.402028336056874186e-02,3.502417493556158473e-02,4.838356441314712458e-02,2.508465439107801509e-02,3.524318132044003404e-02,1.014168028437136687e-02,1.266867703296888428e-02,3.052612072305800270e-02,4.919220337269832738e-02,5.955289004194814356e-02,2.811705048939503598e-02,8.197577452450344193e-02,1.019053555484425305e-01,1.094526525042537751e-01,2.855506325915194155e-02,1.415118179214609473e-01,8.148722181977459400e-02,1.271921696794083567e-01,9.024747721491264973e-02,1.633113765393621741e-01,5.389241732508971011e-02,6.044576222645259983e-02,4.701898616890446553e-02,2.592698664061052205e-02,4.971444936740847947e-02,5.862632456746239007e-02,1.233848279115214164e-01,6.140602099091965749e-02,1.987230243097087290e-01,1.757778938324432716e-01,4.358227059081184324e-02,1.305446520325477255e-01,3.052106672956080846e-01,1.666133189575296214e-01,2.355497902592698645e-01,1.362725113293687673e-01,3.825873077376640286e-02,1.105476844286460286e-01
2.847083003419868807e-02,8.566518977745582464e-02,4.668205326909145858e-02,2.574167354571336996e-02,1.062854832460115584e-01,0.000000000000000000e+00,1.422025303660776063e-01,2.693778534004952901e-02,1.730318906989672945e-01,1.033541670176384430e-01,1.243787799659697713e-01,8.504186391280176005e-02,2.006098485486615401e-01,6.686433396789029371e-02,6.398355767448912768e-02,4.718745261881096553e-02,3.910106302329890982e-02,6.802675247224515553e-02,6.394986438450782351e-02,1.779848043262184376e-01,5.042200845701578366e-02,2.796206135548105487e-01,2.009804747384558443e-01,6.475850334405902631e-02,1.851614750922353780e-01,3.540659377684933773e-01,2.246331643053285920e-01,2.885493353998551114e-01,2.033053117471655402e-01,4.772654525851176971e-02,1.360535049444903111e-01,6.575245539850738119e-02,3.551272764029043960e-02,7.011573645108576391e-02,4.083626745733587304e-02,6.649370777809598954e-02,2.355160969692885603e-02,1.716673124547246285e-02,5.646995400865917336e-02,4.654728010916626274e-02,6.352869825974157003e-02,3.300257753668357080e-02,4.563756127967115439e-02,1.307299651274448742e-02,1.709934466550986493e-02,3.997708856281271400e-02,6.455634360417122908e-02,8.037534325039168148e-02,3.667514614464529449e-02,1.051399113866473556e-01,1.369969170639667166e-01,1.411580383766573021e-01,3.803972438888795354e-02,1.883623376404588989e-01,1.041796526221802910e-01,1.640189356289694922e-01,1.165619366903081211e-01,2.133122188716117251e-01,7.025050961101096669e-02,8.116713556495223914e-02,6.265267272022777278e-02,3.382806314122542568e-02,6.646001448811468537e-02,7.749456695699051545e-02,1.659899930928755429e-01,7.916238481106487035e-02,2.692936201755420367e-01,2.360720362539800166e-01,5.732913290318233240e-02,1.707575936252295479e-01,4.043700197105746241e-01,2.243973112754595045e-01,3.073501912094206423e-01,1.834599639481797329e-01,5.035462187705318227e-02,1.466500446436092286e-01
2.902676931889014433e-02,8.549672332754931769e-02,4.685051971899795858e-02,2.643238599033002553e-02,1.098906652740106876e-01,1.422025303660776063e-01,0.000000000000000000e+00,2.719048501490928249e-02,1.738405296585185111e-01,1.060664768611331021e-01,1.285399012786603568e-01,8.755201401640863579e-02,2.045856567664549597e-01,6.822891221213295276e-02,6.339392509981636725e-02,4.712006603884836414e-02,3.979177546791556191e-02,6.838053201704880069e-02,6.400040431947977282e-02,1.742616957832847646e-01,5.214036624606209480e-02,2.760659714617834104e-01,2.032042318772216416e-01,6.555029565861958396e-02,1.856163345069829218e-01,3.544534106032783405e-01,2.221567074917030205e-01,2.915648848531814941e-01,2.021765865327919964e-01,4.774339190350241485e-02,1.363904378443032972e-01,6.770666621742280067e-02,3.613605350494449031e-02,7.063798244579591601e-02,4.134166680705537306e-02,6.811098569719840901e-02,2.422547549655485952e-02,1.784059704509846980e-02,5.904749069222864355e-02,4.690105965396991483e-02,6.448895702420863463e-02,3.337320372647787498e-02,4.705267945888576275e-02,1.364578244242659055e-02,1.691403157061271284e-02,4.061726107245741679e-02,6.588722855843258397e-02,7.946562442089658007e-02,3.770279148907495353e-02,1.097558921140854848e-01,1.366262908741724125e-01,1.463804983237588231e-01,3.829242406374770702e-02,1.889856635051129496e-01,1.082733873549082682e-01,1.694267086709681791e-01,1.199818056234100982e-01,2.180124328240030940e-01,7.235634023484223409e-02,8.059434963527013773e-02,6.290537239508751932e-02,3.446823565087012847e-02,6.644316784312404023e-02,7.796627301672871824e-02,1.648949611684832894e-01,8.199262116949410095e-02,2.657052847925335803e-01,2.357519499991576617e-01,5.818831179770548451e-02,1.746154753280884098e-01,4.080257416735457165e-01,2.226621068414225413e-01,3.136508364359237855e-01,1.815394464192456037e-01,5.087686787176334130e-02,1.476271500530669245e-01
5.542546201923887091e-03,1.576845971124850657e-02,8.777102040128707816e-03,4.868680402297882737e-03,2.021597398878013582e-02,2.693778534004952901e-02,2.719048501490928249e-02,0.000000000000000000e+00,3.273303121683316524e-02,1.944102831921023025e-02,2.387169595175120743e-02,1.637493893091190866e-02,3.763540490911235215e-02,1.229805084317458184e-02,1.207904445829613080e-02,8.861335265081959553e-03,7.446217085867349456e-03,1.268552367795953463e-02,1.206219781330548045e-02,3.276672450681446941e-02,9.771054094577064433e-03,5.183712663623039202e-02,3.832611735372900424e-02,1.255075051803433359e-02,3.473778197072053403e-02,6.651055442308664856e-02,4.184706615677488001e-02,5.407773041998686220e-02,3.802287774389730146e-02,8.810795330110008511e-03,2.565744032076011996e-02,1.248336393807173220e-02,6.772351286241345102e-03,1.325830960764163777e-02,7.732610050708401024e-03,1.239913071311848219e-02,4.514900857494229779e-03,3.251402483195471507e-03,1.101770582388517279e-02,8.827641975100658858e-03,1.216327768324938080e-02,6.300645226503142314e-03,8.642328880203506772e-03,2.510150103606866630e-03,3.234555838204821593e-03,7.732610050708401024e-03,1.216327768324938080e-02,1.477450765680014821e-02,7.176670766016947367e-03,2.019912734378948374e-02,2.591013999561987344e-02,2.715679172492798180e-02,7.142977476035647540e-03,3.542849441533718613e-02,1.986219444397648373e-02,3.118313987769335757e-02,2.235549790259269698e-02,4.051618120251351818e-02,1.340992941255748916e-02,1.521252042655705031e-02,1.170841826850182836e-02,6.368031806465741969e-03,1.250021058306238254e-02,1.443757475698714647e-02,3.094728684782425618e-02,1.531360029650095239e-02,5.016930878215603018e-02,4.398659007058744463e-02,1.095031924392257314e-02,3.241294496201081732e-02,7.666908135244865363e-02,4.183021951178422793e-02,5.818831179770548451e-02,3.418184268602907777e-02,9.333041324820162341e-03,2.776327094459138389e-02
3.424922926599167916e-02,1.033710136626290882e-01,5.611617446385552127e-02,3.157061271247831036e-02,1.299381728128843061e-01,1.730318906989672945e-01,1.738405296585185111e-01,3.273303121683316524e-02,0.000000000000000000e+00,1.257770515001937484e-01,1.519398911706733579e-01,1.032530871476945306e-01,2.439225728196229848e-01,8.121767549992418844e-02,7.725871392712141406e-02,5.711012651830388309e-02,4.770969861352111763e-02,8.244748058424164472e-02,7.744402702201856614e-02,2.133796054515743057e-01,6.128809447598510679e-02,3.367981266530770124e-01,2.435182533398473625e-01,7.801681295170066754e-02,2.245826243703566427e-01,4.270456038679896760e-01,2.705739651948314561e-01,3.501743627756532251e-01,2.455398507387253904e-01,5.786822554288313658e-02,1.640357822739601512e-01,7.975201738573763077e-02,4.255462524638218419e-02,8.443538469313836836e-02,4.922589666267962460e-02,8.131875536986808706e-02,2.892568944894624225e-02,2.102461294833133862e-02,6.866692498188985139e-02,5.650364729864047753e-02,7.680385451237385641e-02,3.967384895298101122e-02,5.550969524419211570e-02,1.583584629121110449e-02,2.080560656345288931e-02,4.831617783318452319e-02,7.799996630671002240e-02,9.654812244141579292e-02,4.444144948533499534e-02,1.283714348287538498e-01,1.650634276183897964e-01,1.722232517394161055e-01,4.600818746946545856e-02,2.279856466584679608e-01,1.281861217338567116e-01,1.996832830741757658e-01,1.414781246314796292e-01,2.594888727909836490e-01,8.558095655250257117e-02,9.766000101079870543e-02,7.548981620310314666e-02,4.115635371215822097e-02,8.061119628026078288e-02,9.346518640812681578e-02,2.003066089388298443e-01,9.607641638167759013e-02,3.234387371754914864e-01,2.855337859465287287e-01,6.912178439663740903e-02,2.080392189895382271e-01,4.902542158729089050e-01,2.706245051298034054e-01,3.750231641368621527e-01,2.210785222123014260e-01,6.149025421587291096e-02,1.776478714264054237e-01
2.102461294833133862e-02,6.245051298033996862e-02,3.362590340133762151e-02,1.923886857932242955e-02,7.968463080577503632e-02,1.033541670176384430e-01,1.060664768611331021e-01,1.944102831921023025e-02,1.257770515001937484e-01,0.000000000000000000e+00,9.258916086861301853e-02,6.277059923516231654e-02,1.477282299230108231e-01,5.003453562223083434e-02,4.612611398440000926e-02,3.423238262100102708e-02,2.868983641907714086e-02,4.961336949746458086e-02,4.644620023922235719e-02,1.274280227092774442e-01,3.714685220438349728e-02,2.011489411883623513e-01,1.462962650988055835e-01,4.705267945888576275e-02,1.345878468303037534e-01,2.567597163024983309e-01,1.619973382300914644e-01,2.117454808874812688e-01,1.475092235381323946e-01,3.527687461042133127e-02,9.895719267507875616e-02,4.786131841843696555e-02,2.604491315554507275e-02,5.089371451675398644e-02,2.959955524857224574e-02,5.021984871712798643e-02,1.772267053016391911e-02,1.292137670782863602e-02,4.181337286679357584e-02,3.416499604103842569e-02,4.666520662410081344e-02,2.404016240165771090e-02,3.428292255597297639e-02,9.804747384558365128e-03,1.233174413315588254e-02,2.954901531360029643e-02,4.764231203355851624e-02,5.739651948314493379e-02,2.695463198504017763e-02,7.860644552637342797e-02,9.779477417072389434e-02,1.049377516467595445e-01,2.744318468976903250e-02,1.365589042942098041e-01,7.830320591654171825e-02,1.215653902525312136e-01,8.672652841186677397e-02,1.567748782829899434e-01,5.239306592092184828e-02,5.855893798749978868e-02,4.560386798968985023e-02,2.489934129618086647e-02,4.804663151333411764e-02,5.626779426877137613e-02,1.201839653632978955e-01,5.881163766235954216e-02,1.930962448828315858e-01,1.707575936252295479e-01,4.194814602671877862e-02,1.260129045300628359e-01,2.954901531360029643e-01,1.618625650701662755e-01,2.267895348641318087e-01,1.324314762715005367e-01,3.726477871931804797e-02,1.071783554305160147e-01
2.548897387085361996e-02,7.538873633315924805e-02,4.127428022709277167e-02,2.321467679711585602e-02,9.617749625162148874e-02,1.243787799659697713e-01,1.285399012786603568e-01,2.387169595175120743e-02,1.519398911706733579e-01,9.258916086861301853e-02,0.000000000000000000e+00,7.700601425226166752e-02,1.784228170959753501e-01,5.940127023703229564e-02,5.581293485402381849e-02,4.132482016206472791e-02,3.485570848565508473e-02,5.962027662191074495e-02,5.682373355346282545e-02,1.537424821846729295e-01,4.525008844488619814e-02,2.427433076702774639e-01,1.786418234808537786e-01,5.722805303323843379e-02,1.629407503495678700e-01,3.094391751882612507e-01,1.944102831921022956e-01,2.545696524537138239e-01,1.774120183965363362e-01,4.196499267170943070e-02,1.201671187183072503e-01,5.857578463249044076e-02,3.130106639262790480e-02,6.206304014555501236e-02,3.603497363500059170e-02,5.992351623174244774e-02,2.124361933320979140e-02,1.580215300122980379e-02,5.087686787176334130e-02,4.139220674202732236e-02,5.700904664835997754e-02,2.938054886369379642e-02,4.134166680705537306e-02,1.186003807341767802e-02,1.512828720160380030e-02,3.566434744520628752e-02,5.721120638824778171e-02,6.950925723142235835e-02,3.310365740662746942e-02,9.533516400208898178e-02,1.193584797587560475e-01,1.276133358041746102e-01,3.357536346636567220e-02,1.656699068380531881e-01,9.461075826749103246e-02,1.469027443184689752e-01,1.055947708013948994e-01,1.901143887194865212e-01,6.317491871493792488e-02,7.110968850553411880e-02,5.503798918445391292e-02,2.990279485840394852e-02,5.825569837766808590e-02,6.806044576222644582e-02,1.455718593642076064e-01,7.112653515052477782e-02,2.347916912346906249e-01,2.068936471301740243e-01,5.134857393150154409e-02,1.520746643305985746e-01,3.581596725012213822e-01,1.952863087316160928e-01,2.747687797975033042e-01,1.599420475412321740e-01,4.455937600026954604e-02,1.296180865580619512e-01
1.745312421031351702e-02,5.146650044643609478e-02,2.811705048939503598e-02,1.595377280614565518e-02,6.583668862346063466e-02,8.504186391280176005e-02,8.755201401640863579e-02,1.637493893091190866e-02,1.032530871476945306e-01,6.277059923516231654e-02,7.700601425226166752e-02,0.000000000000000000e+00,1.215316969625499094e-01,4.093734732727977166e-02,3.824188412877575771e-02,2.811705048939503598e-02,2.373692279182600812e-02,4.036456139759767026e-02,3.894944321838306189e-02,1.051062180966660514e-01,3.123367981266530688e-02,1.654677470981653908e-01,1.223403359221011122e-01,3.911790966828956190e-02,1.106824575885712314e-01,2.117623275324719001e-01,1.328357957512761311e-01,1.738910695934904604e-01,1.208915244529051997e-01,2.870668306406778947e-02,8.232955406930710096e-02,3.987600869286881539e-02,2.174901868292929488e-02,4.267255176131673489e-02,2.461294833133981230e-02,4.112266042217692374e-02,1.450496133694974613e-02,1.069761956906282140e-02,3.478832190569248334e-02,2.852136996917064085e-02,3.937060934314930843e-02,2.026651392375208513e-02,2.828551693930153946e-02,8.187469465455954332e-03,1.037753331424046827e-02,2.469718155629306577e-02,3.932006940817735913e-02,4.754123216361461762e-02,2.277666402735895046e-02,6.499435637392812770e-02,8.096497582506444191e-02,8.741724085648343301e-02,2.292828383227480185e-02,1.126198217624960057e-01,6.460688353914317839e-02,1.010798699439006687e-01,7.277750635960848757e-02,1.302414124227160297e-01,4.299263801613908281e-02,4.863626408800687112e-02,3.766909819909364937e-02,2.040128708367728444e-02,3.950538250307451121e-02,4.661466668912885719e-02,9.895719267507875616e-02,4.895635034282922599e-02,1.599083542512508560e-01,1.411917316666385924e-01,3.541164777034653405e-02,1.039774928822924938e-01,2.457420104786131876e-01,1.329200289762293707e-01,1.873515389410198850e-01,1.089640997995249272e-01,3.035765427315150269e-02,8.889974561566063582e-02
4.061726107245741679e-02,1.210936841927930108e-01,6.578614868848868535e-02,3.707946562442089589e-02,1.538941019895887774e-01,2.006098485486615401e-01,2.045856567664549597e-01,3.763540490911235215e-02,2.439225728196229848e-01,1.477282299230108231e-01,1.784228170959753501e-01,1.215316969625499094e-01,0.000000000000000000e+00,9.600902980171498180e-02,9.001162418504354834e-02,6.646001448811468537e-02,5.571185498407991987e-02,9.616064960663084360e-02,9.021378392493134557e-02,2.473761350427062522e-01,7.281119964958977786e-02,3.904041510133257065e-01,2.842029009922674154e-01,9.151097558921141017e-02,2.609208376151889164e-01,4.987449249481965552e-01,3.148974881652318869e-01,4.108559780319749333e-01,2.865445846459677703e-01,6.834683872706751040e-02,1.921865260533364705e-01,9.329671995822032271e-02,5.023669536211863157e-02,9.850233326033119852e-02,5.754813928806078172e-02,9.546993716201418456e-02,3.392914301116932430e-02,2.461294833133981230e-02,8.145352852979328984e-02,6.560083559359153327e-02,8.952307148031470041e-02,4.644620023922235719e-02,6.534813591873178673e-02,1.869977593962162538e-02,2.392223588672316020e-02,5.724489967822907893e-02,9.171313532909920740e-02,1.126198217624960057e-01,5.203928637611819619e-02,1.514344918209538648e-01,1.917822065735608761e-01,2.026819858825114895e-01,5.330278475041695663e-02,2.656042049225896817e-01,1.510301723411782426e-01,2.355834835492511548e-01,1.668660186323893679e-01,3.047895011708418034e-01,1.008777102040128715e-01,1.137317003318789044e-01,8.817533988106268650e-02,4.877103724793207390e-02,9.380211930793982966e-02,1.093178793443285723e-01,2.319951481662426984e-01,1.141191731666638537e-01,3.745683047221146089e-01,3.309018009063495191e-01,8.086389595512054329e-02,2.445458986842770355e-01,5.715224313078050011e-01,3.141225424956620160e-01,4.395121211610707457e-01,2.575009686820869392e-01,7.233949358985157507e-02,2.068936471301740243e-01
1.339308276756683881e-02,4.076888087737327165e-02,2.218703145268619698e-02,1.234859077814653289e-02,5.084317458178203714e-02,6.686433396789029371e-02,6.822891221213295276e-02,1.229805084317458184e-02,8.121767549992418844e-02,5.003453562223083434e-02,5.940127023703229564e-02,4.093734732727977166e-02,9.600902980171498180e-02,0.000000000000000000e+00,2.995333479337589783e-02,2.222072474266749767e-02,1.888508903451877399e-02,3.212655199716976662e-02,3.012180124328240130e-02,8.276756683906399958e-02,2.415808891659226160e-02,1.301740258427534214e-01,9.459391162250037344e-02,3.039134756313280339e-02,8.692868815175457120e-02,1.658383732879596950e-01,1.052746845465725445e-01,1.373001566737984125e-01,9.528462406711703248e-02,2.287774389730285254e-02,6.435418386428343185e-02,3.093044020283360410e-02,1.696457150558466215e-02,3.308681076163681734e-02,1.920517528934112886e-02,3.153691942249701313e-02,1.125355885375427419e-02,8.574942300240907117e-03,2.717363836991863041e-02,2.169847874795734557e-02,3.017234117825435061e-02,1.570107313128590518e-02,2.218703145268619698e-02,6.283798581512491967e-03,8.002156370558803980e-03,1.868292929463097329e-02,3.084620697788035409e-02,3.739955187924325075e-02,1.723411782543506424e-02,5.069155477686618921e-02,6.379824457959197559e-02,6.768981957243215553e-02,1.805960342997691911e-02,8.879866574571673721e-02,5.107902761165113853e-02,7.896022507117707312e-02,5.625094762378072405e-02,1.015178827136575812e-01,3.376067656126282429e-02,3.809026432385990285e-02,2.971748176350679643e-02,1.642547886588385797e-02,3.138529961758115827e-02,3.662460620967334518e-02,7.744402702201856614e-02,3.800603109890664938e-02,1.254906585353526838e-01,1.102444448188143328e-01,2.708940514496538041e-02,8.185784800956889817e-02,1.903333951043649774e-01,1.046513586819184938e-01,1.470375174783941641e-01,8.585050287235297672e-02,2.405700904664835951e-02,6.929025084654391597e-02
1.280345019289408533e-02,3.851143044862615633e-02,2.088983978840613931e-02,1.157364510857662732e-02,4.754123216361461762e-02,6.398355767448912768e-02,6.339392509981636725e-02,1.207904445829613080e-02,7.725871392712141406e-02,4.612611398440000926e-02,5.581293485402381849e-02,3.824188412877575771e-02,9.001162418504354834e-02,2.995333479337589783e-02,0.000000000000000000e+00,2.095722636836874070e-02,1.757105072524806771e-02,3.017234117825435061e-02,2.860560319412389085e-02,7.902761165113968145e-02,2.272612409238700115e-02,1.240586937111474303e-01,8.980946444515575111e-02,2.914469583382469503e-02,8.222847419936320235e-02,1.589649421317744504e-01,1.005070840142185673e-01,1.292643070132583061e-01,9.031486379487524419e-02,2.137839249313499071e-02,6.096800822116275886e-02,2.884145622399299225e-02,1.598746609612695588e-02,3.136845297259050619e-02,1.802591013999561842e-02,2.948162873363769504e-02,1.049545982917501896e-02,7.631530180764500675e-03,2.516888761603126856e-02,2.068768004851833861e-02,2.838659680924543807e-02,1.484189423676274787e-02,2.014858740881753443e-02,5.795245876783638832e-03,7.648376825755151022e-03,1.812699000993952050e-02,2.887514951397429294e-02,3.563065415522499030e-02,1.644232551087451005e-02,4.706952610387641484e-02,6.125440118600380957e-02,6.317491871493792488e-02,1.691403157061271284e-02,8.392998534341886141e-02,4.658097339914755997e-02,7.350191209420643690e-02,5.244360585589379758e-02,9.568894354689264081e-02,3.131791303761855688e-02,3.650667969473879448e-02,2.793173739449788737e-02,1.529675365151030204e-02,2.980171498846004990e-02,3.451877558584207778e-02,7.353560538418774106e-02,3.578227396014083822e-02,1.196617193685877434e-01,1.046513586819184938e-01,2.591013999561987344e-02,7.677016122239256612e-02,1.814889064842736544e-01,9.968159840967671936e-02,1.379234825384524632e-01,8.177361478461564470e-02,2.267558415741505184e-02,6.553344901362893882e-02
9.349887969810812688e-03,2.804966390943243806e-02,1.534729358648225135e-02,8.558095655250256770e-03,3.527687461042133127e-02,4.718745261881096553e-02,4.712006603884836414e-02,8.861335265081959553e-03,5.711012651830388309e-02,3.423238262100102708e-02,4.132482016206472791e-02,2.811705048939503598e-02,6.646001448811468537e-02,2.222072474266749767e-02,2.095722636836874070e-02,0.000000000000000000e+00,1.295506999780993672e-02,2.210279822773294697e-02,2.094037972337808862e-02,5.805353863778028867e-02,1.677925841068751006e-02,9.107296281945451155e-02,6.624100810323624300e-02,2.129415926818174071e-02,6.061422867635909983e-02,1.166630165602520197e-01,7.348506544921579176e-02,9.531831735709833664e-02,6.684748732289964857e-02,1.580215300122980379e-02,4.452568271028824881e-02,2.161424552300409210e-02,1.170841826850182836e-02,2.294513047726545393e-02,1.332569618760423916e-02,2.201856500277969697e-02,7.850536565642952588e-03,5.677319361849088135e-03,1.871662258461227399e-02,1.529675365151030204e-02,2.095722636836874070e-02,1.093347259893192279e-02,1.529675365151030204e-02,4.363281052578379254e-03,5.576239491905186918e-03,1.320776967266968846e-02,2.136154584814434210e-02,2.612914638049832275e-02,1.212958439326808011e-02,3.505786822554288196e-02,4.491315554507319813e-02,4.708637274886705998e-02,1.246651729308108358e-02,6.182718711568591097e-02,3.463670210077662848e-02,5.436412338482791290e-02,3.849458380363550425e-02,7.080644889570242295e-02,2.338314324702235603e-02,2.666823902019912693e-02,2.056975353358378791e-02,1.128725214373557488e-02,2.201856500277969697e-02,2.516888761603126856e-02,5.424619686989336220e-02,2.621337960545157275e-02,8.829326639599723026e-02,7.725871392712141406e-02,1.880085580956552399e-02,5.662157381357502822e-02,1.334254283259488916e-01,7.340083222426253828e-02,1.020738219983490236e-01,6.017621590660220121e-02,1.679610505567816214e-02,4.848464428309102320e-02
7.951616435586852938e-03,2.358530298691015673e-02,1.270237032295018498e-02,7.244057345979547889e-03,3.005441466331979991e-02,3.910106302329890982e-02,3.979177546791556191e-02,7.446217085867349456e-03,4.770969861352111763e-02,2.868983641907714086e-02,3.485570848565508473e-02,2.373692279182600812e-02,5.571185498407991987e-02,1.888508903451877399e-02,1.757105072524806771e-02,1.295506999780993672e-02,0.000000000000000000e+00,1.863238935965902399e-02,1.760474401522936841e-02,4.843410434811907389e-02,1.406694856719284403e-02,7.621422193770110987e-02,5.537492208426691986e-02,1.785744369008911842e-02,5.097794774170723991e-02,9.742414798092960404e-02,6.155764079583551235e-02,7.998787041560673217e-02,5.579608820903317334e-02,1.330884954261358881e-02,3.750063174918714937e-02,1.802591013999561842e-02,9.804747384558365128e-03,1.932310180427567955e-02,1.121986556377297523e-02,1.875031587459357468e-02,6.671271416297444752e-03,4.834987112316582042e-03,1.575161306625785448e-02,1.292137670782863602e-02,1.762159066022001702e-02,9.097188294951060947e-03,1.275291025792213429e-02,3.689415252952374467e-03,4.666520662410081170e-03,1.113563233881972349e-02,1.804275678498627050e-02,2.178271197291059558e-02,1.025960679930591757e-02,2.959955524857224574e-02,3.729847200929934520e-02,3.953907579305581538e-02,1.042807324921241931e-02,5.175289341127714549e-02,2.938054886369379642e-02,4.577233443959635717e-02,3.258141141191731732e-02,5.930019036708839703e-02,1.960949476911673026e-02,2.230495796762074767e-02,1.721727118044441562e-02,9.316194679829511993e-03,1.817752994491146981e-02,2.129415926818174071e-02,4.548594147475529953e-02,2.211964487272359559e-02,7.346821880422513273e-02,6.474165669906838116e-02,1.581899964622045587e-02,4.745699893866136415e-02,1.119459559628699918e-01,6.128809447598510679e-02,8.569888306743711492e-02,5.000084233224953018e-02,1.405010192220219369e-02,4.049933455752286610e-02
1.361208915244528986e-02,4.051618120251351818e-02,2.186694519786384558e-02,1.231489748816523219e-02,5.121380077157634131e-02,6.802675247224515553e-02,6.838053201704880069e-02,1.268552367795953463e-02,8.244748058424164472e-02,4.961336949746458086e-02,5.962027662191074495e-02,4.036456139759767026e-02,9.616064960663084360e-02,3.212655199716976662e-02,3.017234117825435061e-02,2.210279822773294697e-02,1.863238935965902399e-02,0.000000000000000000e+00,3.030711433817954992e-02,8.372782560353105030e-02,2.424232214154551160e-02,1.317744571168651679e-01,9.526777742212638733e-02,3.079566704290840479e-02,8.766994053134317955e-02,1.682137502316413680e-01,1.063697164709648119e-01,1.382267221482841590e-01,9.690190198621943807e-02,2.299567041223740324e-02,6.415202412439562074e-02,3.101467342778685757e-02,1.691403157061271284e-02,3.281726444178641872e-02,1.918832864435047678e-02,3.187385232231001314e-02,1.145571859364207662e-02,8.103236240502704330e-03,2.720733165989993110e-02,2.178271197291059558e-02,2.980171498846004990e-02,1.559999326134200309e-02,2.185009855287319697e-02,6.233258646540541792e-03,7.934769790596202590e-03,1.903670883943462538e-02,3.087990026786165479e-02,3.782071800400950423e-02,1.738573763035091563e-02,5.060732155191293574e-02,6.489327650398422909e-02,6.775720615239474998e-02,1.789113698007041911e-02,8.930406509543624416e-02,5.020300207213733434e-02,7.847167236644822519e-02,5.530753550430431847e-02,1.020064354183864291e-01,3.396283630115062846e-02,3.827557741875705494e-02,2.968378847352549574e-02,1.620647248100540866e-02,3.167169258242220897e-02,3.669199278963594657e-02,7.810104617665392102e-02,3.824188412877575771e-02,1.267710035546421032e-01,1.112889368082346370e-01,2.685355211509627901e-02,8.194208123452215164e-02,1.915295068987011295e-01,1.059822436361798487e-01,1.471722906383193807e-01,8.659175525194157119e-02,2.437709530147071091e-02,6.930709749153456112e-02
1.276975690291278463e-02,3.864620360855135911e-02,2.105830623831263931e-02,1.172526491349247871e-02,4.823194460823126972e-02,6.394986438450782351e-02,6.400040431947977282e-02,1.206219781330548045e-02,7.744402702201856614e-02,4.644620023922235719e-02,5.682373355346282545e-02,3.894944321838306189e-02,9.021378392493134557e-02,3.012180124328240130e-02,2.860560319412389085e-02,2.094037972337808862e-02,1.760474401522936841e-02,3.030711433817954992e-02,0.000000000000000000e+00,7.963409087080307314e-02,2.272612409238700115e-02,1.248841793156892782e-01,9.095503630451995392e-02,2.897622938391819156e-02,8.243063393925099958e-02,1.573308175676813858e-01,9.993429808453646590e-02,1.293990801731835227e-01,9.093818965952930877e-02,2.164793881298539280e-02,6.142286763591030957e-02,2.904361596388079295e-02,1.580215300122980379e-02,3.148637948752505689e-02,1.809329671995821981e-02,3.030711433817954992e-02,1.063023298910022001e-02,8.002156370558803980e-03,2.547212722586296788e-02,2.092353307838744000e-02,2.892568944894624225e-02,1.511144055661314996e-02,2.082245320844353792e-02,5.913172391718189529e-03,7.799996630671001546e-03,1.797537020502366911e-02,2.895938273892754294e-02,3.586650718509409169e-02,1.650971209083711144e-02,4.750753887363331346e-02,6.076584848127495470e-02,6.421941070435822907e-02,1.733519769537896632e-02,8.463754443302616559e-02,4.796239828838087110e-02,7.399046479893529871e-02,5.375764416516450733e-02,9.653127579642514777e-02,3.165484593743156383e-02,3.642244646978554101e-02,2.835290351926413738e-02,1.519567378156640169e-02,2.991964150339460060e-02,3.480516855068312848e-02,7.446217085867350149e-02,3.559696086524368613e-02,1.204872049731296052e-01,1.061001701511144063e-01,2.644923263532067761e-02,7.710709412220556613e-02,1.825333984736939585e-01,9.991745143954582076e-02,1.393386007176670716e-01,8.238009400427905027e-02,2.289459054229350116e-02,6.607254165332973606e-02
3.477147526070183126e-02,1.067403426607591160e-01,5.769975909297663658e-02,3.185700567731936106e-02,1.304435721626038269e-01,1.779848043262184376e-01,1.742616957832847646e-01,3.276672450681446941e-02,2.133796054515743057e-01,1.274280227092774442e-01,1.537424821846729295e-01,1.051062180966660514e-01,2.473761350427062522e-01,8.276756683906399958e-02,7.902761165113968145e-02,5.805353863778028867e-02,4.843410434811907389e-02,8.372782560353105030e-02,7.965093751579373216e-02,0.000000000000000000e+00,6.209673343553630959e-02,3.470745800973736306e-01,2.469549689179399987e-01,7.921292474603683353e-02,2.273286275038326198e-01,4.359069391330716581e-01,2.783065752455398667e-01,3.563402348422311516e-01,2.522785087349854183e-01,5.930019036708839703e-02,1.686517630013982805e-01,7.917923145605552937e-02,4.327903098098014045e-02,8.669283512188546981e-02,5.005138226722147948e-02,8.275072019407335444e-02,2.890884280395559364e-02,2.136154584814434210e-02,6.900385788170286527e-02,5.739651948314493379e-02,7.872437204130797173e-02,4.100473390724237305e-02,5.613302110884617335e-02,1.612223925605215866e-02,2.136154584814434210e-02,4.914166343772637807e-02,8.017318351050388425e-02,9.981637156960190826e-02,4.472784245017604604e-02,1.291295338533331172e-01,1.680621304267255200e-01,1.737057564985932945e-01,4.712006603884836414e-02,2.325847807409154588e-01,1.296180865580619512e-01,2.026819858825114895e-01,1.444768274398153529e-01,2.636331474586836032e-01,8.605266261224077395e-02,1.013325696187604291e-01,7.786519314678481962e-02,4.225138563655048141e-02,8.253171380919489819e-02,9.602587644670564082e-02,2.069610337101366326e-01,9.747468791590155335e-02,3.354335484088343811e-01,2.923061372327701024e-01,7.100860863559022018e-02,2.121834936572381536e-01,5.017436277565322511e-01,2.779022557657642722e-01,3.814417358782998257e-01,2.281035731734025185e-01,6.292221904007816446e-02,1.814215199043110460e-01
1.024276015431526896e-02,3.049242743307670200e-02,1.667817854074361145e-02,9.434121194764062690e-03,3.886520999342980842e-02,5.042200845701578366e-02,5.214036624606209480e-02,9.771054094577064433e-03,6.128809447598510679e-02,3.714685220438349728e-02,4.525008844488619814e-02,3.123367981266530688e-02,7.281119964958977786e-02,2.415808891659226160e-02,2.272612409238700115e-02,1.677925841068751006e-02,1.406694856719284403e-02,2.424232214154551160e-02,2.272612409238700115e-02,6.209673343553630959e-02,0.000000000000000000e+00,9.811486042554624920e-02,7.249111339476743687e-02,2.355160969692885603e-02,6.590407520342324299e-02,1.262319109149412921e-01,7.922977139102747868e-02,1.040448794622550882e-01,7.181724759514142298e-02,1.709934466550986493e-02,4.877103724793207390e-02,2.393908253171380882e-02,1.273606361293148394e-02,2.503411445610606578e-02,1.462288785188429682e-02,2.412439562661096090e-02,8.608635590222207812e-03,6.216412001549891445e-03,2.088983978840613931e-02,1.682979834565946284e-02,2.309675028218130532e-02,1.192742465338027941e-02,1.644232551087451005e-02,4.801293822335282215e-03,6.132178776596640575e-03,1.458919456190299786e-02,2.319783015212520394e-02,2.816759042436698876e-02,1.354470257248269020e-02,3.862935696356070703e-02,4.853518421806297251e-02,5.171920012129584132e-02,1.352785592749203986e-02,6.689802725787159787e-02,3.822503748378510563e-02,5.997405616671439704e-02,4.287471150120453212e-02,7.773041998685961684e-02,2.550582051584426857e-02,2.895938273892754294e-02,2.233865125760204837e-02,1.228120419818393150e-02,2.372007614683535603e-02,2.752741791472228250e-02,5.864317121245304215e-02,2.912784918883404295e-02,9.452652504253777899e-02,8.334035276874610099e-02,2.083929985343419000e-02,6.177664718071396166e-02,1.453360063343385189e-01,7.890968513620512381e-02,1.115584831280850425e-01,6.477534998904968533e-02,1.805960342997691911e-02,5.259522566080965245e-02
