0.000000000000000000e+00,1.215787755863290825e-02,1.248426353336130890e-02,5.093952534153961195e-03,2.222921620739497228e-02,2.965449713246607819e-02,2.902503846691845135e-02,7.075581666433533416e-03,3.925957010304471223e-02,2.245069240453210352e-02,2.810416375250617688e-02,1.761318599337902829e-02,4.522777078379260768e-02,1.241432368163379422e-02,1.549167715764442586e-02,1.089896022753765112e-02,8.579288478575091900e-03,1.589965962605492666e-02,1.933836900265771541e-02,2.907166503473679331e-02,1.644752179792045507e-02,4.782720193966522038e-02,4.253508649228330413e-02,1.713526367324101282e-02,3.697486827994591468e-02,8.648062666107148022e-02,4.783885858161980587e-02,6.286427006108080695e-02,4.164918170373478612e-02,9.360283489532335299e-03,3.021401594628619555e-02,1.368489765468363858e-02,9.919802303352450931e-03,1.390637385182076809e-02,8.299529071665034952e-03,1.452417587541381117e-02,5.303772089336504340e-03,4.860819695062246204e-03,1.374318086445656777e-02,8.637571688348021082e-03,1.262414323681633824e-02,9.162120576304378511e-03,1.121368956031146627e-02,3.310486315102345329e-03,3.427052734648202391e-03,9.931458945307036421e-03,1.291555928568098068e-02,2.159975754184734545e-02,6.690912481932205329e-03,2.120343171539142840e-02,2.749801837086772102e-02,3.259197090502168048e-02,7.401967641161934057e-03,3.642700610808038281e-02,2.598265491677157618e-02,3.078519140206089494e-02,2.029421364293374289e-02,4.296638224460297417e-02,1.537511073809856924e-02,1.648249172378421154e-02,1.291555928568098068e-02,7.740010257844920187e-03,1.535179745418939652e-02,2.115680514757308645e-02,2.794097076514197656e-02,1.749661957383316993e-02,4.562409661024852126e-02,4.997202405930899205e-02,1.228610062013335211e-02,3.315148971884179785e-02,1.017624842635333621e-01,5.202359304331607981e-02,5.842308947638364530e-02,3.842029188231454312e-02,1.037441133958129369e-02,3.390917144588986853e-02
1.215787755863290825e-02,0.000000000000000000e+00,1.821933137501748415e-02,7.646757122208234538e-03,3.358278547116146789e-02,4.456334219238122091e-02,4.331608150324054579e-02,9.640042896442392248e-03,5.950715717816011663e-02,3.327971278034223823e-02,4.170746491350771357e-02,2.383783279712780451e-02,6.814472886650813077e-02,1.896535646011097281e-02,2.133165477689187225e-02,1.654077493355714246e-02,1.292721592763556616e-02,2.447894810463001683e-02,2.755630158064064847e-02,4.409707651419778746e-02,2.252063225625961645e-02,7.286566885811535110e-02,5.968200680747889897e-02,2.294027136662470448e-02,5.577703175269268371e-02,1.235720613605632429e-01,7.140858861379213718e-02,9.481512565860027164e-02,6.458945307035948713e-02,1.437263953000419633e-02,4.491304145101879253e-02,2.013102065556954257e-02,1.454748915932298214e-02,2.002611087797827316e-02,1.214622091667832277e-02,2.165804075162027290e-02,7.798293467617848501e-03,6.912388679069333963e-03,2.001445423602368767e-02,1.281064950808970954e-02,1.812607823938080023e-02,1.323028861845479583e-02,1.648249172378421154e-02,4.919102904835175386e-03,4.697626707698046751e-03,1.295052921154473888e-02,1.974635147106821448e-02,3.193919895556487920e-02,9.884832377488692728e-03,3.207907865901991201e-02,4.133445237096097097e-02,4.947078845526180907e-02,1.026950156199002255e-02,5.556721219751013796e-02,3.837366531449620116e-02,4.541427705506597551e-02,2.722991560591224783e-02,6.446123000885904675e-02,2.263719867580547482e-02,2.280039166316967514e-02,1.968806826129528703e-02,1.147013568331235224e-02,2.296358465053387546e-02,3.109992073483471009e-02,4.134610901291555646e-02,2.404765235231034678e-02,6.866927775446449167e-02,7.010304471487853462e-02,1.673893784678509924e-02,5.090455541567585201e-02,1.475847437870098366e-01,7.801790460204224842e-02,8.876532848417027777e-02,5.925071105515922892e-02,1.607450925537371247e-02,5.082295892199375359e-02
1.248426353336130890e-02,1.821933137501748415e-02,0.000000000000000000e+00,7.471907492889448728e-03,3.284841702802256819e-02,4.356087098428684801e-02,4.230195365319158740e-02,9.476849909078191928e-03,5.831817969879236896e-02,3.241712127570289814e-02,4.082156012495920250e-02,2.363966988389984772e-02,6.620972630204691178e-02,1.835921107847251349e-02,2.122674499930060285e-02,1.600456940364619607e-02,1.249592017531589438e-02,2.360469995803608778e-02,2.736979530936727717e-02,4.324614165151303286e-02,2.207767986198536092e-02,7.146687182356506463e-02,5.925071105515922892e-02,2.305683778617055937e-02,5.463468084114328494e-02,1.225229635846505349e-01,6.991653844360516679e-02,9.241385741595560532e-02,6.277101692544412304e-02,1.403459691332121020e-02,4.399216673660651805e-02,1.958315848370401416e-02,1.431435632023126715e-02,1.976966475497738546e-02,1.199468457126870967e-02,2.118011843148225742e-02,7.658413764162820027e-03,6.854105469296404782e-03,1.954818855784025769e-02,1.262414323681633824e-02,1.806779502960786932e-02,1.313703548281811018e-02,1.641255187205669860e-02,4.825849769198488869e-03,4.697626707698046751e-03,1.321863197650021034e-02,1.926842915093019901e-02,3.171772275842775490e-02,9.826549167715765282e-03,3.128642700610807792e-02,4.092646990255047190e-02,4.831678090175782481e-02,1.022287499417167886e-02,5.416841516295985148e-02,3.733622418053807179e-02,4.448174569869911554e-02,2.710169254441180745e-02,6.315568610994544418e-02,2.257891546603254390e-02,2.285867487294260259e-02,1.919848929920268607e-02,1.127197277008439372e-02,2.262554203385088933e-02,3.078519140206089494e-02,4.071665034736793309e-02,2.370960973562736065e-02,6.708397444864083736e-02,7.024292441833356049e-02,1.679722105655802669e-02,4.941250524548888162e-02,1.457429943581853016e-01,7.684058376462908624e-02,8.627080710588894141e-02,5.768872103324474560e-02,1.549167715764442586e-02,4.961066815871683494e-02
5.093952534153961195e-03,7.646757122208234538e-03,7.471907492889448728e-03,0.000000000000000000e+00,1.383643400009325342e-02,1.827761458479041506e-02,1.803282510374411285e-02,3.963258264559146177e-03,2.433906840117499096e-02,1.389471720986618260e-02,1.713526367324101282e-02,9.919802303352450931e-03,2.806919382664242041e-02,7.844920035436192193e-03,8.730824823984706731e-03,6.679255839977618972e-03,5.268802163472747005e-03,1.000139879703455109e-02,1.126031612812980823e-02,1.782300554856157057e-02,9.302000279759406118e-03,2.943302093532895042e-02,2.454888795635753324e-02,9.570103044714879312e-03,2.299855457639763193e-02,5.085792884785751006e-02,2.917657481232806618e-02,3.900312398004383146e-02,2.634401081736373329e-02,5.944887396838718398e-03,1.838252436238168447e-02,8.451065417074649783e-03,6.026483890520818558e-03,8.276215787755863973e-03,5.024012682426446524e-03,9.022240872849349169e-03,3.287173031193173917e-03,2.832563994964330725e-03,8.392782207301720601e-03,5.350398657154847165e-03,7.541847344616962531e-03,5.536904928428218464e-03,6.935701962978504942e-03,2.074882267916258738e-03,1.958315848370401242e-03,5.490278360609875639e-03,8.089709516482490939e-03,1.304378234718142453e-02,4.114794609968760140e-03,1.335851167995523794e-02,1.672728120483051376e-02,2.045740663029794321e-02,4.301300881242131439e-03,2.248566233039585999e-02,1.613279246514663992e-02,1.884879004056511445e-02,1.152841889308527969e-02,2.650720380472793361e-02,9.558446402760292088e-03,9.395253415396093502e-03,8.113022800391663653e-03,4.790879843334732401e-03,9.406910057350678991e-03,1.277567958222595307e-02,1.680887769851261218e-02,1.015293514244416419e-02,2.777777777777777624e-02,2.912994824450972076e-02,6.993985172751434123e-03,2.106355201193640253e-02,6.073110458339161383e-02,3.165943954865482052e-02,3.641534946612579732e-02,2.387280272299156098e-02,6.457779642840490338e-03,2.085373245675385678e-02
2.222921620739497228e-02,3.358278547116146789e-02,3.284841702802256819e-02,1.383643400009325342e-02,0.000000000000000000e+00,8.074555881941530844e-02,7.900871916818202889e-02,1.750827621578775542e-02,1.071595094885065547e-01,6.084767100293747566e-02,7.557000979157924014e-02,4.356087098428684801e-02,1.239567305450645779e-01,3.393248472979903951e-02,3.854851494381498350e-02,2.959621392269315074e-02,2.331328390917144708e-02,4.391057024292441963e-02,4.996036741735440656e-02,7.864736326758987872e-02,4.083321676691378799e-02,1.306359863850422021e-01,1.076840583764629017e-01,4.204550753019069970e-02,1.012379353755770012e-01,2.235743926889541544e-01,1.282580314263067067e-01,1.712710402387280229e-01,1.159253042383550092e-01,2.588940178113489227e-02,8.128176434932624095e-02,3.698652492190050017e-02,2.671702335991047589e-02,3.680001865062712540e-02,2.241572247866834358e-02,3.927122674499929772e-02,1.430269967827668166e-02,1.262414323681633824e-02,3.698652492190050017e-02,2.367463980976360419e-02,3.344290576770644202e-02,2.453723131440294775e-02,3.015573273651326464e-02,9.103837366531449329e-03,8.637571688348021082e-03,2.375623630344570261e-02,3.524968527066722757e-02,5.733902177460717398e-02,1.806779502960786932e-02,5.839977619247447432e-02,7.428777917657480856e-02,9.004755909917470935e-02,1.876719354688301256e-02,9.944281251457080806e-02,7.030120762810650181e-02,8.264559145801277096e-02,4.975054786217186775e-02,1.168694922366764616e-01,4.147433207441600378e-02,4.122954259336970156e-02,3.550613139366811527e-02,2.077213596307175836e-02,4.156758521005268769e-02,5.599850794982981494e-02,7.387979670816431643e-02,4.393388352683359060e-02,1.228843194852426851e-01,1.271040238728027294e-01,3.061034177274210913e-02,9.202918823145428417e-02,2.662377022427379059e-01,1.400312398004383008e-01,1.594045787289597726e-01,1.057490558120016827e-01,2.853545950482585039e-02,9.174942882454421855e-02
2.965449713246607819e-02,4.456334219238122091e-02,4.356087098428684801e-02,1.827761458479041506e-02,8.074555881941530844e-02,0.000000000000000000e+00,1.055392362568191300e-01,2.360469995803608778e-02,1.433650393994498062e-01,8.038420291882314439e-02,9.995570476057256959e-02,5.750221476197137083e-02,1.647549773861146094e-01,4.564740989415769223e-02,5.187205669790646845e-02,3.963258264559145483e-02,3.104163752506177917e-02,5.884272858674872986e-02,6.664102205436657489e-02,1.062386347740942732e-01,5.411013195318692404e-02,1.757238774653797631e-01,1.452417587541381117e-01,5.602182123373898592e-02,1.357649088450599284e-01,3.001818436144915170e-01,1.720753485335944355e-01,2.287149717909264801e-01,1.553014407609455971e-01,3.435212384016412407e-02,1.087448127943302090e-01,4.924931225812467783e-02,3.578589080057816701e-02,4.882967314775959328e-02,2.967781041637524916e-02,5.240826222781740790e-02,1.910523616356599869e-02,1.693710076001305603e-02,4.880635986385042230e-02,3.164778290670023503e-02,4.437683592110784614e-02,3.244043455961206912e-02,4.002890847204737534e-02,1.193640136149578049e-02,1.157504546090362338e-02,3.157784305497272209e-02,4.754744253275516169e-02,7.679395719681074428e-02,2.386114608103697549e-02,7.741175922040378909e-02,1.005268802163472724e-01,1.202499184035063229e-01,2.491024385694969034e-02,1.339231594162353656e-01,9.244882734181936179e-02,1.098055672121975163e-01,6.534713479740755782e-02,1.574928894484076969e-01,5.536904928428218464e-02,5.584697160442019664e-02,4.752412924884599071e-02,2.743973516109479011e-02,5.540401921014594111e-02,7.540681680421504329e-02,1.000839278220730239e-01,5.821326992120109955e-02,1.660605212850282120e-01,1.706882081409987484e-01,4.111297617382384667e-02,1.235137781507903154e-01,3.572644192660978102e-01,1.873572061360563312e-01,2.130367883620086777e-01,1.421877185620366579e-01,3.796568284608570210e-02,1.227094698559239028e-01
2.902503846691845135e-02,4.331608150324054579e-02,4.230195365319158740e-02,1.803282510374411285e-02,7.900871916818202889e-02,1.055392362568191300e-01,0.000000000000000000e+00,2.308015107007973035e-02,1.392619014314356307e-01,7.942835827854712039e-02,9.854525108406769762e-02,5.672121975101412916e-02,1.612113582319205374e-01,4.445843241478994456e-02,5.019350025644612329e-02,3.863011143749708887e-02,3.041217885951415234e-02,5.711754557747004274e-02,6.456613978645031615e-02,1.025784492003543602e-01,5.331748030027509688e-02,1.699305264139506777e-01,1.406373851820767462e-01,5.485615703828040923e-02,1.322795729006387977e-01,2.913810789387792921e-01,1.671096190609409338e-01,2.234927961952720699e-01,1.510933930153401383e-01,3.373432181657107926e-02,1.059938452930479780e-01,4.837506411153075225e-02,3.484170280225672850e-02,4.785051522357439135e-02,2.904835175082762233e-02,5.135916445190469304e-02,1.884879004056511445e-02,1.644752179792045507e-02,4.854991374084953459e-02,3.100666759919802271e-02,4.366578076187811741e-02,3.202079544924697763e-02,3.956264279386394189e-02,1.183149158390450935e-02,1.122534620226605176e-02,3.091341446356133879e-02,4.589219937520399445e-02,7.371660372080010570e-02,2.352310346435398936e-02,7.611787196344477202e-02,9.627220590292348557e-02,1.174406676924511644e-01,2.456054459831211872e-02,1.292022194246281452e-01,9.159789247913460719e-02,1.076141185247353887e-01,6.464773628013241458e-02,1.531333053573926406e-01,5.447148785377908115e-02,5.373711941064018144e-02,4.628852520165990803e-02,2.703175269268429104e-02,5.401687881755024012e-02,7.246934303165944447e-02,9.607404298969553225e-02,5.739730498438010142e-02,1.594628619387326862e-01,1.653144961999347129e-01,3.987737212663775704e-02,1.200284422063691847e-01,3.465636219517881367e-01,1.814706019489905342e-01,2.070802443232153678e-01,1.370471394600643322e-01,3.681167529258171089e-02,1.194222968247307254e-01
7.075581666433533416e-03,9.640042896442392248e-03,9.476849909078191928e-03,3.963258264559146177e-03,1.750827621578775542e-02,2.360469995803608778e-02,2.308015107007973035e-02,0.000000000000000000e+00,3.113489066069846656e-02,1.797454189397118540e-02,2.224087284934955777e-02,1.326525854431855229e-02,3.597239707185154178e-02,9.779922599897421590e-03,1.179652165804075115e-02,8.719168182030121242e-03,6.842448827341819292e-03,1.276402294027136584e-02,1.480393528232386811e-02,2.346482025458106191e-02,1.250757681727047987e-02,3.819881568517741188e-02,3.247540448547582559e-02,1.299715577936308084e-02,2.960787056464773623e-02,6.706066116473166638e-02,3.783745978458525477e-02,5.022847018230987975e-02,3.383923159416235560e-02,7.471907492889448728e-03,2.391942929080990293e-02,1.087564694362848014e-02,8.054739590618734471e-03,1.099221336317433677e-02,6.516062852613419519e-03,1.148179232526693773e-02,4.219704387560031279e-03,3.835035203058702758e-03,1.105049657294726595e-02,6.993985172751434123e-03,1.000139879703455109e-02,7.273744579661491072e-03,9.033897514803934659e-03,2.611087797827202090e-03,2.622744439781787579e-03,7.297057863570662918e-03,1.024618827808084984e-02,1.652911829160255350e-02,5.268802163472747005e-03,1.690213083414929957e-02,2.183289038093905871e-02,2.620413111390870395e-02,5.723411199701589763e-03,2.901338182496386586e-02,2.063225625961672902e-02,2.437403832703874743e-02,1.511866461509768327e-02,3.452697346948291335e-02,1.247260689140672341e-02,1.256586002704340906e-02,1.029281484589919353e-02,6.026483890520818558e-03,1.216953420058749548e-02,1.641255187205669860e-02,2.196111344243950256e-02,1.328857182822772501e-02,3.635706625635286987e-02,3.805893598172238601e-02,9.208747144122720468e-03,2.690352963118384719e-02,7.925350864922832417e-02,4.053014407609455833e-02,4.598545251084067836e-02,3.049377535319625077e-02,8.043082948664148982e-03,2.700843940877512006e-02
3.925957010304471223e-02,5.950715717816011663e-02,5.831817969879236896e-02,2.433906840117499096e-02,1.071595094885065547e-01,1.433650393994498062e-01,1.392502447894810591e-01,3.113489066069846656e-02,0.000000000000000000e+00,1.069613465752785875e-01,1.341446356133725037e-01,7.644425793817316572e-02,2.179092646990254956e-01,6.064950808970951540e-02,6.889075395160161597e-02,5.288618454795542684e-02,4.133445237096097097e-02,7.851914020608942446e-02,8.912668438476244182e-02,1.421877185620366579e-01,7.186319765002098514e-02,2.351144682239940387e-01,1.926026950156199125e-01,7.403133305357392779e-02,1.804331608150324118e-01,3.980976360330116259e-01,2.296475031472933193e-01,3.042500116566419499e-01,2.075931365692171293e-01,4.609036228843194777e-02,1.445307035949083829e-01,6.454282650254114517e-02,4.697626707698046578e-02,6.444957336690446126e-02,3.903809390590758793e-02,6.986991187578682483e-02,2.538816617708770582e-02,2.243903576257751803e-02,6.434466358931319185e-02,4.159089849396185867e-02,5.877278873502121692e-02,4.293141231873921770e-02,5.391196903995897072e-02,1.574812328064531183e-02,1.542173730591691119e-02,4.188231454282650285e-02,6.326059588753671359e-02,1.027299855457639716e-01,3.198582552338322116e-02,1.029747750268102807e-01,1.338881894903716230e-01,1.592297290996409764e-01,3.309320650906887040e-02,1.790809903483004673e-01,1.235604047186086574e-01,1.460110971231407540e-01,8.680701263579987392e-02,2.083857882221289703e-01,7.398470648575558584e-02,7.404298969552851328e-02,6.347041544271926627e-02,3.702149484776425664e-02,7.432274910243856503e-02,1.006084767100293709e-01,1.338415629225532810e-01,7.657248099967361998e-02,2.216044201986291651e-01,2.269431622138294302e-01,5.408681866927775306e-02,1.634727467711101778e-01,4.735394227630904118e-01,2.507693383690026701e-01,2.838742015200261259e-01,1.903529631183848436e-01,5.099780855131253593e-02,1.625169021308341399e-01
2.245069240453210352e-02,3.327971278034223823e-02,3.241712127570289814e-02,1.389471720986618260e-02,6.084767100293747566e-02,8.038420291882314439e-02,7.942835827854712039e-02,1.797454189397118540e-02,1.069496899333240020e-01,0.000000000000000000e+00,7.660745092553737645e-02,4.378234718142397230e-02,1.238285074835641375e-01,3.446869025970998590e-02,3.875833449899752925e-02,2.989928661351238040e-02,2.332494055112603257e-02,4.419032964983447831e-02,4.985545763976313716e-02,7.902037581013661438e-02,4.138107893877931986e-02,1.305077633235417478e-01,1.084067701776472298e-01,4.206882081409987068e-02,1.012495920175315867e-01,2.237375856763183790e-01,1.284911642653984165e-01,1.729146267543246185e-01,1.161001538676738054e-01,2.611087797827202003e-02,8.167809017578216146e-02,3.705646477362801311e-02,2.692684291509302164e-02,3.725462768685597337e-02,2.218258963957663032e-02,4.041357765654870343e-02,1.479227864036928262e-02,1.269408308854385291e-02,3.732456753858348630e-02,2.407096563621951776e-02,3.404905114934489441e-02,2.460717116613046068e-02,3.136802349979018328e-02,9.278686995850235139e-03,8.649228330302606571e-03,2.403599571035576130e-02,3.540122161607683893e-02,5.602182123373898592e-02,1.838252436238168447e-02,5.886604187065790084e-02,7.348347088170839592e-02,9.053713806126731378e-02,1.883713339861052896e-02,9.879004056511400678e-02,7.181657108220264318e-02,8.287872429710449462e-02,4.999533734321816303e-02,1.173590711987690521e-01,4.281484589919336281e-02,4.145101879050683280e-02,3.597239707185154178e-02,2.099361216020888612e-02,4.190562782673567382e-02,5.552058562969179600e-02,7.418286939898353916e-02,4.433020935328950418e-02,1.228726628432880996e-01,1.267076980463467950e-01,3.015573273651326464e-02,9.279852660045694035e-02,2.655033337995990061e-01,1.388888888888888951e-01,1.597426213456427380e-01,1.052245069240453218e-01,2.837226651746165007e-02,9.278686995850235486e-02
2.810416375250617688e-02,4.170746491350771357e-02,4.082156012495920250e-02,1.713526367324101282e-02,7.557000979157924014e-02,9.995570476057256959e-02,9.854525108406769762e-02,2.224087284934955777e-02,1.341446356133725037e-01,7.660745092553737645e-02,0.000000000000000000e+00,5.493775353196251460e-02,1.535063178999393763e-01,4.273324940551125745e-02,4.874807665407749485e-02,3.713806126731011154e-02,2.931645451578309206e-02,5.512425980323588243e-02,6.246794423462488643e-02,9.917470974961532793e-02,5.146407422949596938e-02,1.636359397584743747e-01,1.357299389191961581e-01,5.259476849909078267e-02,1.266027882687555395e-01,2.800275096750128312e-01,1.606634960600550055e-01,2.146220916678323321e-01,1.448687462115913760e-01,3.260362754697626597e-02,1.015060381405324813e-01,4.598545251084067836e-02,3.333799599011516568e-02,4.600876579474984934e-02,2.759127150650440494e-02,4.984380099780855167e-02,1.814939152328997121e-02,1.594628619387326862e-02,4.563575325220310674e-02,2.932811115773767754e-02,4.173077819741689148e-02,3.031892572387746496e-02,3.873502121508835827e-02,1.134191262181190839e-02,1.094558679535599308e-02,2.977106355201193655e-02,4.430689606938033320e-02,7.110551592297291446e-02,2.269548188557840226e-02,7.302886184547954795e-02,9.314822585909451891e-02,1.124516249358884640e-01,2.345316361262647295e-02,1.247726954818855760e-01,8.835734601575978564e-02,1.033477875693570164e-01,6.245628759267030095e-02,1.462675432461416625e-01,5.301440760945586722e-02,5.187205669790646845e-02,4.485475824124586508e-02,2.616916118804494748e-02,5.232666573413530947e-02,7.030120762810650181e-02,9.374271459877837886e-02,5.468130740896162689e-02,1.553014407609455971e-01,1.587051802116846155e-01,3.807059262367697150e-02,1.152375623630344514e-01,3.320977292861472252e-01,1.749661957383316924e-01,1.994218305590525486e-01,1.328624049983680722e-01,3.583251736839650897e-02,1.147130134750781044e-01
1.761318599337902829e-02,2.383783279712780451e-02,2.363966988389984772e-02,9.919802303352450931e-03,4.356087098428684801e-02,5.750221476197137083e-02,5.672121975101412916e-02,1.326525854431855229e-02,7.644425793817316572e-02,4.378234718142397230e-02,5.493775353196251460e-02,0.000000000000000000e+00,8.786776705366718121e-02,2.458385788222128970e-02,2.892012868932717848e-02,2.122674499930060285e-02,1.672728120483051376e-02,3.140299342565393975e-02,3.656688581153541562e-02,5.654637012169533988e-02,3.079684804401548043e-02,9.296171958782113720e-02,8.046579941250524282e-02,3.181097589406443882e-02,7.231780668624981923e-02,1.646500676085233261e-01,9.267030353895649997e-02,1.227794097076514157e-01,8.179465659532801636e-02,1.851074742388212832e-02,5.886604187065790084e-02,2.656548701450086106e-02,1.924511586702102803e-02,2.669371007600130491e-02,1.593462955191868313e-02,2.858208607264419235e-02,1.039772462349046467e-02,9.232060428031893182e-03,2.672868000186506138e-02,1.698372732783139799e-02,2.437403832703874743e-02,1.761318599337902829e-02,2.221755956544038679e-02,6.562689420431762344e-03,6.469436284795075827e-03,1.848743413997295734e-02,2.523662983167809098e-02,4.129948244509721450e-02,1.304378234718142453e-02,4.177740476523523344e-02,5.327085373245675493e-02,6.437963351517694832e-02,1.390637385182076809e-02,7.100060614538164505e-02,5.071804914440247725e-02,5.963538023966055701e-02,3.793071292022194563e-02,8.392782207301720254e-02,3.033058236583205045e-02,3.076187811815172396e-02,2.529491304145101843e-02,1.495547162773348294e-02,2.986431668764862046e-02,4.050683079218538735e-02,5.339907679395719531e-02,3.275516389238588427e-02,8.821746631230474589e-02,9.408075721546137193e-02,2.281204830512426063e-02,6.551032778477176854e-02,1.945610108639903024e-01,1.005968200680747854e-01,1.143400009325313549e-01,7.518534060707791900e-02,2.025924371706998642e-02,6.592996689513684616e-02
4.522777078379260768e-02,6.814472886650813077e-02,6.620972630204691178e-02,2.806919382664242041e-02,1.239567305450645779e-01,1.647549773861146094e-01,1.612113582319205374e-01,3.597239707185154178e-02,2.179092646990254956e-01,1.238285074835641375e-01,1.535063178999393763e-01,8.786776705366718121e-02,0.000000000000000000e+00,6.960180911083135857e-02,7.851914020608942446e-02,6.060288152189117344e-02,4.750081596493681974e-02,8.972117312444631565e-02,1.010048025364852914e-01,1.614561477129668465e-01,8.304191728446869147e-02,2.674150230801510819e-01,2.196111344243950325e-01,8.516342612020329217e-02,2.070336177553970258e-01,4.559262367697113905e-01,2.619014314356320483e-01,3.501655243157550945e-01,2.372359770597286255e-01,5.267636499277288109e-02,1.657341353102998183e-01,7.531356366857835938e-02,5.479787382850748179e-02,7.495220776798619533e-02,4.542593369702056100e-02,8.017438336364060558e-02,2.930479787382850657e-02,2.581946192940737586e-02,7.530190702662377389e-02,4.850328717303119264e-02,6.806313237282603235e-02,4.973889122021728226e-02,6.164032265584930281e-02,1.846412085606378636e-02,1.750827621578775542e-02,4.807199142071152259e-02,7.199142071152142552e-02,1.158903343124912527e-01,3.669510887303585600e-02,1.188278080850468654e-01,1.514314356320231314e-01,1.835221709329976358e-01,3.837366531449620116e-02,2.026973469482911405e-01,1.427822073017205318e-01,1.678556441460344051e-01,1.002121508835734642e-01,2.395090222408728375e-01,8.507017298456660825e-02,8.438243110924605050e-02,7.253928288338695740e-02,4.192894111064484480e-02,8.476710029374737165e-02,1.136639156991653826e-01,1.511283629412039087e-01,8.940644379167249356e-02,2.509675012822306095e-01,2.587774513918030261e-01,6.199002191448687443e-02,1.887210332447428474e-01,5.428498158250570915e-01,2.845969133212103985e-01,3.242411526087564666e-01,2.152515503333799485e-01,5.756049797174429827e-02,1.874854291975567577e-01
1.241432368163379422e-02,1.896535646011097281e-02,1.835921107847251349e-02,7.844920035436192193e-03,3.393248472979903951e-02,4.564740989415769223e-02,4.445843241478994456e-02,9.779922599897421590e-03,6.064950808970951540e-02,3.446869025970998590e-02,4.273324940551125745e-02,2.458385788222128970e-02,6.960180911083135857e-02,0.000000000000000000e+00,2.190283023266657511e-02,1.668065463701216833e-02,1.326525854431855229e-02,2.475870751154007551e-02,2.831398330768872262e-02,4.480813167342751618e-02,2.289364479880635905e-02,7.380985685643680350e-02,6.063785144775492991e-02,2.365132652585443321e-02,5.680281624469622759e-02,1.252972443698419369e-01,7.235277661211357569e-02,9.685503800065277391e-02,6.561523756236303795e-02,1.481559192427845360e-02,4.567072317806686321e-02,2.066722618548048548e-02,1.502541147946099762e-02,2.049237655616169967e-02,1.242598032358838145e-02,2.206602322003077196e-02,8.089709516482490939e-03,7.180491444024805422e-03,2.073716603720800189e-02,1.304378234718142453e-02,1.858068727560964126e-02,1.371986758054739505e-02,1.719354688301394027e-02,5.163892385881474999e-03,4.919102904835175386e-03,1.304378234718142453e-02,2.008439408775120061e-02,3.221895836247493788e-02,1.026950156199002255e-02,3.299995337343217955e-02,4.191728446869025931e-02,5.081130228003916810e-02,1.052594768499090852e-02,5.631323728260363010e-02,3.973749242318273117e-02,4.680141744766167650e-02,2.778943441973236519e-02,6.609315988250104301e-02,2.361635659999067327e-02,2.327831398330768714e-02,2.028255700097915740e-02,1.186646150976826582e-02,2.353476010630857485e-02,3.195085559751946469e-02,4.191728446869025931e-02,2.453723131440294775e-02,6.978831538210472640e-02,7.135030540401920973e-02,1.697207068587681250e-02,5.223341259849862556e-02,1.496712826968806809e-01,7.900871916818202889e-02,9.023406537044807718e-02,5.995010957243437216e-02,1.617941903296498188e-02,5.168555042663309368e-02
1.549167715764442586e-02,2.133165477689187225e-02,2.122674499930060285e-02,8.730824823984706731e-03,3.854851494381498350e-02,5.187205669790646845e-02,5.019350025644612329e-02,1.179652165804075115e-02,6.889075395160161597e-02,3.875833449899752925e-02,4.874807665407749485e-02,2.892012868932717848e-02,7.851914020608942446e-02,2.190283023266657511e-02,0.000000000000000000e+00,1.902363966988390026e-02,1.492050170186972474e-02,2.796428404905115100e-02,3.276682053434046976e-02,5.120762810649508168e-02,2.703175269268429104e-02,8.393947871497178803e-02,7.157178160115633403e-02,2.831398330768872262e-02,6.446123000885904675e-02,1.467687788501888246e-01,8.319345362987830284e-02,1.095491210891966216e-01,7.389145335011890192e-02,1.649414836573879703e-02,5.232666573413530947e-02,2.334825383503520355e-02,1.728680001865062765e-02,2.374457966149111712e-02,1.425607311045833971e-02,2.523662983167809098e-02,9.115494008486034819e-03,8.229589219937520281e-03,2.349979018044481838e-02,1.496712826968806843e-02,2.156478761598358898e-02,1.567818342891779890e-02,1.961812840956777063e-02,5.676784631883246938e-03,5.711754557747004274e-03,1.610947918123746894e-02,2.262554203385088933e-02,3.731291089662890081e-02,1.158670210285820887e-02,3.700983820580967115e-02,4.827015433393947591e-02,5.724576863897048312e-02,1.244929360749755243e-02,6.401827761458478427e-02,4.458665547629039189e-02,5.317760059682007101e-02,3.293001352170466661e-02,7.526693710076001742e-02,2.703175269268429104e-02,2.736979530936727717e-02,2.267216860166923129e-02,1.331188511213689599e-02,2.670536671795589040e-02,3.646197603394413927e-02,4.838672075348533774e-02,2.888515876346342201e-02,7.998787709236723775e-02,8.400941856669930097e-02,2.031752692684291386e-02,5.855131253788408568e-02,1.737772182589639447e-01,9.029234858022100463e-02,1.017275143376696056e-01,6.755024012682427081e-02,1.807945167156245481e-02,5.900592157411292671e-02
1.089896022753765112e-02,1.654077493355714246e-02,1.600456940364619607e-02,6.679255839977618972e-03,2.959621392269315074e-02,3.963258264559145483e-02,3.863011143749708887e-02,8.719168182030121242e-03,5.288618454795542684e-02,2.989928661351238040e-02,3.713806126731011154e-02,2.122674499930060285e-02,6.060288152189117344e-02,1.668065463701216833e-02,1.902363966988390026e-02,0.000000000000000000e+00,1.151676225113069420e-02,2.164638410966568741e-02,2.463048445003963166e-02,3.950435958409101445e-02,1.997948431015992773e-02,6.493915232899706569e-02,5.308434746118338016e-02,2.057397304984380157e-02,4.989042756562689362e-02,1.101785797547442519e-01,6.344710215881009530e-02,8.432414789947312306e-02,5.761878118151722572e-02,1.263579987877092373e-02,3.969086585536438921e-02,1.798619853592577089e-02,1.312537884086352469e-02,1.798619853592577089e-02,1.086399030167389465e-02,1.922180258311185705e-02,7.028955098615190591e-03,6.189676877885018878e-03,1.791625868419825449e-02,1.149344896722152322e-02,1.622604560078332731e-02,1.187811815172285131e-02,1.478062199841469714e-02,4.347927449060474264e-03,4.231361029514617636e-03,1.145847904135776502e-02,1.736839651233272608e-02,2.810416375250617688e-02,8.730824823984706731e-03,2.829067002377954818e-02,3.692824171212757273e-02,4.387560031706066316e-02,9.173777218258964000e-03,4.936587867767053966e-02,3.413064764302699977e-02,4.034363780482119050e-02,2.403599571035576130e-02,5.781694409474518598e-02,2.029421364293374289e-02,2.039912342052501576e-02,1.761318599337902829e-02,1.012962185853499321e-02,2.038746677857043027e-02,2.743973516109479011e-02,3.702149484776425664e-02,2.138993798666480317e-02,6.115074369375670532e-02,6.233972117312444605e-02,1.493215834382431023e-02,4.527439735161094964e-02,1.306359863850422021e-01,6.906560358092041219e-02,7.842588707045274055e-02,5.261808178299995364e-02,1.412785004895789585e-02,4.520445749988343670e-02
8.579288478575091900e-03,1.292721592763556616e-02,1.249592017531589438e-02,5.268802163472747005e-03,2.331328390917144708e-02,3.104163752506177917e-02,3.041217885951415234e-02,6.842448827341819292e-03,4.133445237096097097e-02,2.332494055112603257e-02,2.931645451578309206e-02,1.672728120483051376e-02,4.750081596493681974e-02,1.326525854431855229e-02,1.492050170186972474e-02,1.151676225113069420e-02,0.000000000000000000e+00,1.693710076001305603e-02,1.914020608942975862e-02,3.056371520492376717e-02,1.574812328064531183e-02,5.051988623117452393e-02,4.174243483937147697e-02,1.607450925537371247e-02,3.895649741222548951e-02,8.614258404438848715e-02,4.961066815871683494e-02,6.619806966009232629e-02,4.493635473492796351e-02,1.005968200680747854e-02,3.130974029001724890e-02,1.411619340700331036e-02,1.021121835221709337e-02,1.398797034550286825e-02,8.404438849256306091e-03,1.527020096050729636e-02,5.548561570382803954e-03,4.860819695062246204e-03,1.404625355527579569e-02,9.080524082622278351e-03,1.269408308854385291e-02,9.185433860213549490e-03,1.185480486781368033e-02,3.473679302466545649e-03,3.322142957056931252e-03,9.138807292395207532e-03,1.363827108686529663e-02,2.191448687462116060e-02,7.005641814706019613e-03,2.247400568844127450e-02,2.871030913414463620e-02,3.464353988902876824e-02,7.203804727933976401e-03,3.859514151163332546e-02,2.697346948291136359e-02,3.182263253601902431e-02,1.901198302792931477e-02,4.539096377115680453e-02,1.622604560078332731e-02,1.588800298410034118e-02,1.371986758054739505e-02,8.031426306709563492e-03,1.613279246514663992e-02,2.163472746771110192e-02,2.867533920828087973e-02,1.678556441460344120e-02,4.776891872989229293e-02,4.891126964144169170e-02,1.163332867067655083e-02,3.566932438103231212e-02,1.022637198675805520e-01,5.397025224973189816e-02,6.176854571734974320e-02,4.090315661864130092e-02,1.106215321490185144e-02,3.544784818389518088e-02
1.589965962605492666e-02,2.447894810463001683e-02,2.360469995803608778e-02,1.000139879703455109e-02,4.391057024292441963e-02,5.884272858674872986e-02,5.711754557747004274e-02,1.276402294027136584e-02,7.851914020608942446e-02,4.419032964983447831e-02,5.512425980323588243e-02,3.140299342565393975e-02,8.972117312444631565e-02,2.475870751154007551e-02,2.796428404905115100e-02,2.164638410966568741e-02,1.693710076001305603e-02,0.000000000000000000e+00,3.615890334312490961e-02,5.818995663729192858e-02,2.935142444164685199e-02,9.612066955751387420e-02,7.829766400895230016e-02,3.019070266237702110e-02,7.354175409148132336e-02,1.620156665267869500e-01,9.382431109246047729e-02,1.247377255560218196e-01,8.516342612020329217e-02,1.900032638597472928e-02,5.873781880915746045e-02,2.648389052081876263e-02,1.916351937333892960e-02,2.618081782999953297e-02,1.586468970019117020e-02,2.845386301114374850e-02,1.038606798153587918e-02,9.138807292395207532e-03,2.658880029841003551e-02,1.683219098242178316e-02,2.381451951321863353e-02,1.753158949969692640e-02,2.185620366484822968e-02,6.492749568704247673e-03,6.282930013521704528e-03,1.687881755024012512e-02,2.583111857136196135e-02,4.171912155546229906e-02,1.300881242131766632e-02,4.229029701123700191e-02,5.427332494055112783e-02,6.524222501981628841e-02,1.353336130927402375e-02,7.315708490698000221e-02,5.084627220590292457e-02,5.985685643679768825e-02,3.564601109712314114e-02,8.568797500815965307e-02,3.007413624283116621e-02,3.012076281064950817e-02,2.612253462022660552e-02,1.495547162773348294e-02,3.023732923019536653e-02,4.099640975427798484e-02,5.428498158250571332e-02,3.147293327738145269e-02,9.042057164172145889e-02,9.226232107054599396e-02,2.186786030680281517e-02,6.725882407795961970e-02,1.929290809903483062e-01,1.020655569543525848e-01,1.167179558912668502e-01,7.773814519513218280e-02,2.090035902457220221e-02,6.644285914113862157e-02
1.933836900265771541e-02,2.755630158064064847e-02,2.736979530936727717e-02,1.126031612812980823e-02,4.996036741735440656e-02,6.664102205436657489e-02,6.456613978645031615e-02,1.480393528232386811e-02,8.912668438476244182e-02,4.985545763976313716e-02,6.246794423462488643e-02,3.656688581153541562e-02,1.010048025364852914e-01,2.831398330768872262e-02,3.276682053434046976e-02,2.463048445003963166e-02,1.914020608942975862e-02,3.615890334312490961e-02,0.000000000000000000e+00,6.613978645031939885e-02,3.435212384016412407e-02,1.089429757075581623e-01,9.128316314636079898e-02,3.568098102298689761e-02,8.349652632069753944e-02,1.876835921107847249e-01,1.073809856856436790e-01,1.414766634028069292e-01,9.557280738564834233e-02,2.136662470275562872e-02,6.758521005268802728e-02,2.981769011983027851e-02,2.221755956544038679e-02,3.064531169860586560e-02,1.833589779456334251e-02,3.272019396652212087e-02,1.181983494194992386e-02,1.057257425280925048e-02,2.981769011983027851e-02,1.937333892852147188e-02,2.797594069100573649e-02,2.014267729752412805e-02,2.542313610295146228e-02,7.332027789434419386e-03,7.332027789434419386e-03,2.029421364293374289e-02,2.933976779969226303e-02,4.814193127243903553e-02,1.501375483750641039e-02,4.774560544598312195e-02,6.238634774094278801e-02,7.387979670816431643e-02,1.553830372546276782e-02,8.283209772928615267e-02,5.753718468783512729e-02,6.810975894064437430e-02,4.148598871637058927e-02,9.671515829719774804e-02,3.485335944421131399e-02,3.493495593789341241e-02,2.942136429337436493e-02,1.726348673474145667e-02,3.484170280225672850e-02,4.690632722525294590e-02,6.244463095071571546e-02,3.625215647876160047e-02,1.031029980883107211e-01,1.069963165011423578e-01,2.569123886790693201e-02,7.558166643353382563e-02,2.220240593089942704e-01,1.170676551499044149e-01,1.316384575931365819e-01,8.780948384389425376e-02,2.369795309367277517e-02,7.601296218585350262e-02
2.907166503473679331e-02,4.409707651419778746e-02,4.324614165151303286e-02,1.782300554856157057e-02,7.864736326758987872e-02,1.062386347740942732e-01,1.025784492003543602e-01,2.346482025458106191e-02,1.421877185620366579e-01,7.902037581013661438e-02,9.917470974961532793e-02,5.654637012169533988e-02,1.614561477129668465e-01,4.480813167342751618e-02,5.120762810649508168e-02,3.950435958409101445e-02,3.056371520492376717e-02,5.818995663729192858e-02,6.613978645031939885e-02,0.000000000000000000e+00,5.342239007786636629e-02,1.743367370727840759e-01,1.430619667086305835e-01,5.489112696414417264e-02,1.336317433673707145e-01,2.952044574998834436e-01,1.704783885858162096e-01,2.250314729332773822e-01,1.538676738005315403e-01,3.375763510048025023e-02,1.067981535879143906e-01,4.783885858161980587e-02,3.500489578962092535e-02,4.808364806266610808e-02,2.886184547955425103e-02,5.166223714272392270e-02,1.875553690492842707e-02,1.670396792092133931e-02,4.755909917470974718e-02,3.061034177274210913e-02,4.361915419405977545e-02,3.175269268429151137e-02,3.964423928754604032e-02,1.152841889308527969e-02,1.133025597985732290e-02,3.082016132792465141e-02,4.688301394134377492e-02,7.576817270480719346e-02,2.345316361262647295e-02,7.566326292721592406e-02,9.926796288525201184e-02,1.173474145568144666e-01,2.460717116613046068e-02,1.325709889495034211e-01,9.152795262740709425e-02,1.081852939805100916e-01,6.399496433067561330e-02,1.537744206648948564e-01,5.458805427332494298e-02,5.471627733482538336e-02,4.689467058329836041e-02,2.740476523523103364e-02,5.492609689000792911e-02,7.393807991793724388e-02,9.931458945307035380e-02,5.670956310905954367e-02,1.641954585722945059e-01,1.670863057770317628e-01,3.998228190422902645e-02,1.212057630437823469e-01,3.503636872289830895e-01,1.853406070779129999e-01,2.092716930106774953e-01,1.408821746631230554e-01,3.746444724203851218e-02,1.208444071431901828e-01
1.644752179792045507e-02,2.252063225625961645e-02,2.207767986198536092e-02,9.302000279759406118e-03,4.083321676691378799e-02,5.411013195318692404e-02,5.331748030027509688e-02,1.250757681727047987e-02,7.186319765002098514e-02,4.138107893877931986e-02,5.146407422949596938e-02,3.079684804401548043e-02,8.304191728446869147e-02,2.289364479880635905e-02,2.703175269268429104e-02,1.997948431015992773e-02,1.574812328064531183e-02,2.935142444164685199e-02,3.435212384016412407e-02,5.342239007786636629e-02,0.000000000000000000e+00,8.784445376975801023e-02,7.523196717489626095e-02,2.996922646523989334e-02,6.772508975614305315e-02,1.543572527626241309e-01,8.688860912948197235e-02,1.157621112509908123e-01,7.742341586235837458e-02,1.732176994451438412e-02,5.507763323541754047e-02,2.519000326385974556e-02,1.832424115260875702e-02,2.521331654776892001e-02,1.503706812141558311e-02,2.668205343404671942e-02,9.744952674033665121e-03,8.707511540075535753e-03,2.528325639949643294e-02,1.593462955191868313e-02,2.288198815685177356e-02,1.662237142723924088e-02,2.073716603720800189e-02,6.166363593975847032e-03,5.991513964657061223e-03,1.712360703128642733e-02,2.365132652585443321e-02,3.832703874667785920e-02,1.220450412645125195e-02,3.923625681913554125e-02,4.992539749149065009e-02,6.043968853452697659e-02,1.323028861845479583e-02,6.671096190609408783e-02,4.780388865575604940e-02,5.616170093719401180e-02,3.541287825803142442e-02,7.886883946472700302e-02,2.847717629505291947e-02,2.888515876346342201e-02,2.391942929080990293e-02,1.411619340700331036e-02,2.811582039446076237e-02,3.798899612999487307e-02,5.035669324381032014e-02,3.083181796987923690e-02,8.331002004942415773e-02,8.813586981862264746e-02,2.141325127057397415e-02,6.164032265584930281e-02,1.824147899473119727e-01,9.388259430223341861e-02,1.068797500815964890e-01,7.047605725742528415e-02,1.895369981815638386e-02,6.218818482771483469e-02
