0.000000000000000000e+00,1.384442329324219075e-02,1.282339707536557863e-02,8.912347495024661170e-03,2.803495716881543656e-02,3.620316691182833002e-02,4.416371030544258974e-02,5.866574370511378790e-03,3.736263736263736174e-02,2.455654581638833447e-02,3.099420264774595604e-02,2.384701912260967296e-02,5.568919269706671532e-02,1.740936229125205487e-02,1.332525741974560814e-02,1.595569784546162564e-02,1.079865016872890923e-02,1.841308298001211388e-02,1.960716448905425180e-02,3.018084277926797593e-02,1.898416544085835406e-02,4.438868218395777138e-02,5.527385999826944785e-02,2.261832655533442885e-02,4.456173747512329891e-02,9.741282339707536819e-02,5.750627325430474751e-02,8.358570563294973055e-02,5.487583282858873174e-02,1.185428744483862581e-02,4.430215453837500761e-02,1.495197715670156663e-02,1.078134463961235613e-02,2.294713160854893255e-02,1.168123215367309828e-02,1.884572120792593272e-02,7.822099160681838387e-03,4.810937094401661340e-03,1.495197715670156663e-02,1.123128839664272807e-02,1.571342043782988571e-02,1.048715064463096036e-02,1.543653197196504304e-02,3.789910876525049658e-03,3.097689711862940381e-03,1.079865016872890923e-02,1.498658821493467110e-02,2.474690663667041685e-02,9.137319373539846273e-03,2.497187851518560195e-02,3.737994289175391310e-02,3.945660638574024354e-02,9.033486198840529405e-03,4.355801678636324337e-02,3.159989616682529895e-02,3.545902915981655884e-02,2.919442761962447175e-02,5.252228086873755863e-02,2.033399671194946814e-02,1.796313922298174368e-02,1.360214588561045254e-02,1.149087133339101764e-02,1.223500908540278535e-02,2.154538375010816090e-02,3.561477892186553501e-02,1.979752530933633417e-02,5.302414121311758988e-02,6.577831617201695957e-02,2.009171930431772821e-02,3.637622220299385756e-02,1.198580946612442660e-01,6.153846153846154188e-02,7.377347062386432897e-02,5.063597819503331404e-02,1.117937180929306877e-02,4.717487237172276332e-02
1.384442329324219075e-02,0.000000000000000000e+00,1.541922644284848994e-02,1.067751146491303926e-02,3.443800294193995193e-02,4.329843384961495206e-02,5.378558449424591242e-02,6.887600588387990039e-03,4.565198580946612517e-02,3.037120359955005483e-02,3.800294193994981085e-02,2.845028986761270057e-02,6.839145106861642398e-02,2.107813446396123586e-02,1.547114303019814750e-02,1.908799861555766919e-02,1.332525741974560814e-02,2.263563208445098368e-02,2.389893570995933053e-02,3.625508349917798412e-02,2.273946525915029881e-02,5.373366790689625139e-02,6.641862074932941562e-02,2.644284849009258601e-02,5.465086095007355010e-02,1.178852643419572577e-01,6.951631046119234603e-02,1.038158691701998732e-01,6.747425802543913220e-02,1.470969974906982843e-02,5.432205589685904640e-02,1.820541663061348014e-02,1.346370165267803121e-02,2.819070693086441273e-02,1.448472787055464159e-02,2.294713160854893255e-02,9.604568659686769580e-03,5.710824608462403487e-03,1.817080557238037394e-02,1.372328458942632251e-02,1.872458250411006275e-02,1.290992472094834240e-02,1.924374837760664536e-02,4.637881803236133804e-03,3.668772172709180556e-03,1.225231461451933845e-02,1.870727697499351139e-02,3.002509301721899976e-02,1.112745522194341120e-02,3.092498053127974364e-02,4.605001297914683434e-02,4.921692480747599102e-02,1.076403911049580303e-02,5.442588907155836153e-02,3.845288569698018799e-02,4.405987713074327461e-02,3.471489140780479460e-02,6.442848490092584202e-02,2.547373885956562972e-02,2.066280176516396838e-02,1.678636324305615712e-02,1.419053387557324582e-02,1.547114303019814750e-02,2.642554296097603117e-02,4.288310115081768459e-02,2.386432465172622780e-02,6.479190101237344845e-02,7.889590724236393571e-02,2.395085229730899157e-02,4.516743099420264529e-02,1.434109197888725484e-01,7.488102448732369965e-02,9.002336246430735212e-02,6.200571082460846345e-02,1.382711776412563764e-02,5.755818984165440855e-02
1.282339707536557863e-02,1.541922644284848994e-02,0.000000000000000000e+00,9.777623950852297116e-03,3.083845288569697987e-02,3.947391191485679490e-02,4.890542528337803868e-02,6.281907069308644530e-03,4.156788093795967670e-02,2.706584753828848375e-02,3.423033659254131472e-02,2.597559920394566096e-02,6.217876611577399099e-02,1.915722073202388159e-02,1.434628363762222025e-02,1.777277840269966130e-02,1.192350956130483648e-02,2.064549623604741702e-02,2.196071644890542490e-02,3.369386518992818075e-02,2.064549623604741702e-02,4.992645150125465253e-02,6.098468460673184960e-02,2.429696287964004664e-02,5.004759020507051903e-02,1.080903348619884075e-01,6.378818032361339985e-02,9.417668945227999910e-02,6.120965648524703817e-02,1.322142424504629300e-02,4.952842433157393642e-02,1.642294713160854722e-02,1.251189755126762976e-02,2.642554296097603117e-02,1.332525741974560814e-02,2.114735658042744826e-02,8.687375616509474333e-03,5.364714026131349282e-03,1.644025266072510205e-02,1.263303625508349973e-02,1.773816734446655857e-02,1.190620403218828338e-02,1.763433416976723997e-02,4.170632517089209630e-03,3.409189235960889686e-03,1.123128839664272807e-02,1.720169594185342113e-02,2.760231894090161772e-02,1.017565112053300976e-02,2.755040235355196016e-02,4.236393527732110198e-02,4.395604395604395948e-02,9.777623950852297116e-03,4.911309163277666895e-02,3.519944622306826754e-02,3.937007874015747977e-02,3.153067405035908655e-02,5.890802111274551917e-02,2.280868737561650775e-02,1.931297049407285776e-02,1.500389374405122420e-02,1.282339707536557863e-02,1.368867353119321631e-02,2.391624123907588537e-02,4.014882755040235368e-02,2.164921692480747603e-02,5.960024227740762931e-02,7.304663840096911609e-02,2.170113351215713360e-02,4.071991001124859733e-02,1.313489659946352750e-01,6.958553257765856537e-02,8.251276282772346260e-02,5.657177468201090437e-02,1.259842519685039353e-02,5.323180756251622708e-02
8.912347495024661170e-03,1.067751146491303926e-02,9.777623950852297116e-03,0.000000000000000000e+00,2.157999480834126363e-02,2.697931989270571998e-02,3.383230942286060555e-02,4.343687808254737166e-03,2.843298433849614920e-02,1.882841567880937789e-02,2.353551959851172409e-02,1.804966686856450744e-02,4.319460067491563693e-02,1.320411871592973990e-02,9.708401834386086449e-03,1.204464826512070645e-02,8.237431859479104126e-03,1.410400622999048205e-02,1.491736609846846043e-02,2.241066020593579511e-02,1.431167257938911405e-02,3.353811542787920458e-02,4.155057540884312534e-02,1.692480747598857846e-02,3.431686423812407849e-02,7.389460932768018853e-02,4.326382279138184933e-02,6.493034524530587326e-02,4.191399152029073177e-02,9.016180669723976304e-03,3.407458683049234549e-02,1.168123215367309828e-02,8.479709267110842330e-03,1.810158345591416501e-02,9.102708315306740072e-03,1.434628363762222025e-02,6.005018603443800125e-03,3.651466643592627889e-03,1.162931556632344071e-02,8.548931383577052998e-03,1.199273167777104715e-02,8.202820801245997925e-03,1.197542614865449578e-02,3.011162066280176613e-03,2.336246430734619569e-03,7.977848922730812822e-03,1.168123215367309828e-02,1.894955438262524786e-02,6.991433763087306040e-03,1.931297049407285776e-02,2.877909492082720427e-02,3.064809206541490097e-02,6.939517175737648473e-03,3.369386518992818075e-02,2.433157393787314937e-02,2.725620835857056265e-02,2.225491044388682241e-02,4.052954919096651148e-02,1.554036514666435990e-02,1.311759107034697613e-02,1.036601194081509039e-02,8.929653024141212536e-03,9.483429955870901346e-03,1.657869689365752339e-02,2.671973695595742868e-02,1.514233797698364553e-02,4.020074413775201472e-02,5.001297914683741630e-02,1.538461538461538547e-02,2.813879034351475170e-02,9.043869516310461265e-02,4.655187332352686558e-02,5.612183092498053416e-02,3.827983040581466045e-02,8.479709267110842330e-03,3.637622220299385756e-02
2.803495716881543656e-02,3.443800294193995193e-02,3.083845288569697987e-02,2.157999480834126363e-02,0.000000000000000000e+00,8.638920134983127386e-02,1.082980012113870377e-01,1.396556199705806071e-02,9.135588820628190443e-02,6.150385048022843221e-02,7.638660552046379337e-02,5.802543912780133012e-02,1.384961495197715720e-01,4.250237951025352678e-02,3.111534135156182254e-02,3.855671887167950312e-02,2.666782036860777111e-02,4.513281993596954256e-02,4.759020507052003079e-02,7.190447347927662880e-02,4.611923509561304674e-02,1.074500302846759514e-01,1.332525741974560918e-01,5.352600155749762112e-02,1.096824435407112580e-01,2.355974733927489739e-01,1.388249545729860757e-01,2.082547373885956510e-01,1.344985722938478734e-01,2.929826079432378688e-02,1.089729168469325965e-01,3.706844336765596770e-02,2.711776412563814131e-02,5.724669031755645621e-02,2.903867785757549558e-02,4.648265120706065318e-02,1.938219261053906670e-02,1.161201003720688761e-02,3.691269360560699153e-02,2.746387470796919639e-02,3.788180323613394435e-02,2.595829367482910960e-02,3.860863545902915722e-02,9.483429955870901346e-03,7.527905165700440882e-03,2.498918404430215331e-02,3.744916500822012551e-02,6.006749156355455782e-02,2.209916068183784624e-02,6.229990481958985749e-02,9.208272042917711731e-02,9.884918231374924258e-02,2.202993856537163730e-02,1.082980012113870377e-01,7.790949208272042459e-02,8.869083672233278592e-02,7.129877996019728936e-02,1.296184130829799996e-01,5.046292290386778651e-02,4.194860257852384144e-02,3.365925413169507802e-02,2.884831703729341668e-02,3.075192524011421610e-02,5.326641862074932982e-02,8.607770182573332152e-02,4.887081422514493595e-02,1.290473306221337768e-01,1.596262005710824550e-01,4.892273081249459005e-02,8.993683481872458141e-02,2.873929220385913474e-01,1.498139655619970534e-01,1.804793631565285161e-01,1.237518387124686287e-01,2.761962447001816909e-02,1.159816561391364548e-01
3.620316691182833002e-02,4.329843384961495206e-02,3.947391191485679490e-02,2.697931989270571998e-02,8.638920134983127386e-02,0.000000000000000000e+00,1.362118196763865974e-01,1.782469499004932234e-02,1.162931556632344071e-01,7.605780046724928967e-02,9.561304836895388737e-02,7.183525136281042334e-02,1.728822358743618559e-01,5.369905684866314866e-02,4.002768884658648718e-02,4.899195292896080245e-02,3.353811542787920458e-02,5.774855066193648745e-02,6.096737907761529823e-02,9.428052262697932118e-02,5.750627325430474751e-02,1.386865103400536370e-01,1.703037120359955081e-01,6.754348014190533767e-02,1.391537596262005794e-01,3.017392056762135399e-01,1.784546162498918398e-01,2.615384615384615530e-01,1.731937353984598083e-01,3.755299818291944064e-02,1.377174007095267050e-01,4.563468028034957380e-02,3.393614259755992069e-02,7.119494678549796729e-02,3.622047244094488139e-02,5.837154971013238519e-02,2.419312970494072804e-02,1.470969974906982843e-02,4.539240287271783386e-02,3.457644717487236979e-02,4.800553776931729827e-02,3.272475555940122793e-02,4.907848057454356622e-02,1.166392662455654518e-02,9.518041014104005812e-03,3.210175651120533019e-02,4.736523319200484222e-02,7.697499351042658144e-02,2.838106775114649163e-02,7.799601972830319530e-02,1.173141818811110210e-01,1.234922557757203443e-01,2.749848576620230259e-02,1.374751233018949581e-01,9.616682530068357271e-02,1.099766375356926590e-01,8.746214415505754181e-02,1.621181967638660459e-01,6.482651207060656506e-02,5.411438954746041613e-02,4.241585186467076302e-02,3.554555680539932261e-02,3.874707969196158203e-02,6.712814744310807713e-02,1.112572466903175572e-01,6.013671368002076328e-02,1.666349398632863132e-01,2.031669118283291608e-01,6.082893484468287343e-02,1.133339101843038876e-01,3.674482997317642941e-01,1.921086787228519499e-01,2.291425110322748149e-01,1.588820628190706907e-01,3.514752963571861344e-02,1.461624989184044376e-01
4.416371030544258974e-02,5.378558449424591242e-02,4.890542528337803868e-02,3.383230942286060555e-02,1.082980012113870377e-01,1.362118196763865974e-01,0.000000000000000000e+00,2.211646621095440107e-02,1.439473911914856685e-01,9.592454789305182583e-02,1.204118715929739514e-01,9.102708315306740072e-02,2.166306134810071782e-01,6.679934238989357342e-02,4.892273081249459005e-02,6.107121225231461337e-02,4.177554728735831391e-02,7.136800207666349483e-02,7.540019036082028225e-02,1.142337976983646280e-01,7.242363935277321141e-02,1.698191572207320144e-01,2.102794842952323273e-01,8.403564938998009382e-02,1.730725966946439487e-01,3.707709613221424338e-01,2.191399152029073205e-01,3.271610279484295503e-01,2.115600934498572394e-01,4.622306827031236187e-02,1.718092930691355880e-01,5.793891148221856635e-02,4.277926797611836945e-02,9.023102881370598238e-02,4.579043004239854303e-02,7.354849874534913345e-02,3.063078653629834613e-02,1.815350004326382258e-02,5.806005018603443979e-02,4.371376654841221954e-02,6.001557497620489678e-02,4.099679847711344000e-02,6.060396296616769179e-02,1.483083845288569666e-02,1.181967638660551961e-02,3.869516310461192099e-02,5.876957687981310130e-02,9.457471662196072215e-02,3.511291857748550377e-02,9.753396210089124163e-02,1.455914164575581871e-01,1.548152634766807867e-01,3.450722505840615739e-02,1.706671281474431145e-01,1.224366184996106277e-01,1.384442329324219179e-01,1.114129964523665334e-01,2.040841048715064387e-01,7.938046205762741558e-02,6.621095439993077147e-02,5.279916933460240824e-02,4.539240287271783386e-02,4.824781517694903821e-02,8.325690057973522684e-02,1.360733754434541865e-01,7.671541057367829708e-02,2.040321882841567847e-01,2.504110063165181366e-01,7.597127282166651896e-02,1.409881457125551629e-01,4.520723371117071898e-01,2.370684433676559788e-01,2.843125378558449268e-01,1.953448126676473051e-01,4.322921173314873966e-02,1.827636929999134630e-01
5.866574370511378790e-03,6.887600588387990039e-03,6.281907069308644530e-03,4.343687808254737166e-03,1.396556199705806071e-02,1.782469499004932234e-02,2.211646621095440107e-02,0.000000000000000000e+00,1.874188803322661759e-02,1.240806437656831289e-02,1.545383750108159614e-02,1.178506532837241515e-02,2.755040235355196016e-02,8.531625854460499897e-03,6.437656831357618965e-03,7.908626806264602155e-03,5.503158259063770617e-03,9.258458077355714508e-03,9.829540538201954683e-03,1.484814398200224976e-02,9.344985722938478276e-03,2.201263303625508247e-02,2.730812494592022022e-02,1.088517781431167300e-02,2.227221597300337377e-02,4.819589858959937717e-02,2.838106775114649163e-02,4.215626892792247171e-02,2.739465259150298398e-02,5.935796486977589458e-03,2.202993856537163730e-02,7.441377520117677981e-03,5.399325084364454616e-03,1.121398286752617497e-02,5.762741195812061921e-03,9.379596781171584477e-03,3.962966167690576760e-03,2.353551959851172236e-03,7.493294107467335548e-03,5.468547200830665284e-03,7.631738340399757750e-03,5.226269793198927080e-03,7.908626806264602155e-03,1.955524790170459597e-03,1.505581033140088306e-03,4.949381327334083543e-03,7.597127282166652416e-03,1.211387038158691712e-02,4.585965215886475370e-03,1.273686942978281486e-02,1.872458250411006275e-02,2.009171930431772821e-02,4.464826512070606268e-03,2.206454962360474004e-02,1.569611490871333434e-02,1.763433416976723997e-02,1.420783940468979892e-02,2.621787661157739743e-02,1.053906723198061793e-02,8.652764558276369866e-03,6.870295059271436938e-03,5.866574370511378790e-03,6.333823656658302097e-03,1.062559487756338170e-02,1.744397334948516107e-02,9.708401834386086449e-03,2.633901531539326740e-02,3.208445098208877883e-02,9.518041014104005812e-03,1.834386086354590148e-02,5.883879899627931370e-02,3.045773124513281860e-02,3.670502725620836126e-02,2.524876698105044462e-02,5.537769317296875951e-03,2.337976983646275139e-02
3.736263736263736174e-02,4.565198580946612517e-02,4.156788093795967670e-02,2.843298433849614920e-02,9.135588820628190443e-02,1.162931556632344071e-01,1.439473911914856685e-01,1.874188803322661759e-02,0.000000000000000000e+00,8.078220991606818724e-02,1.009604568659686757e-01,7.576360647226788869e-02,1.827636929999134630e-01,5.696980185169161354e-02,4.158518646707622807e-02,5.212425369905684946e-02,3.552825127628277124e-02,6.129618413082980194e-02,6.479190101237344845e-02,9.919529289608029765e-02,6.070779614086700693e-02,1.472008306653976029e-01,1.796486977589339673e-01,7.074500302846759014e-02,1.480488015921086753e-01,3.163104611923509557e-01,1.880072683222289431e-01,2.779960197283031786e-01,1.824694990049320620e-01,3.992385567188716511e-02,1.452280003461105806e-01,4.828242623518214094e-02,3.566669550921519605e-02,7.559055118110236116e-02,3.826252487669810215e-02,6.240373799428917262e-02,2.550834991779873592e-02,1.550575408843125370e-02,4.769403824521934593e-02,3.639352773211040892e-02,5.027256208358570760e-02,3.428225317989097576e-02,5.228000346110582564e-02,1.228692567275244465e-02,9.967984771134377753e-03,3.312278272908194404e-02,5.015142337976983417e-02,8.150904213896340011e-02,2.990395431340313326e-02,8.242623518214069189e-02,1.241671714112659031e-01,1.308471056502552576e-01,2.915981656139136555e-02,1.465951371463182495e-01,1.023622047244094474e-01,1.171930431772951475e-01,9.177122090507917884e-02,1.717919875400190366e-01,6.849528424331574605e-02,5.626027515791295203e-02,4.515012546508609392e-02,3.786449770701739298e-02,4.113524271004585786e-02,7.183525136281042334e-02,1.173834039975772264e-01,6.335554209569957407e-02,1.760837587609241084e-01,2.149692826858181083e-01,6.409967984771133831e-02,1.207060655879553523e-01,3.848403564938998045e-01,2.033572726486112259e-01,2.428831011508176818e-01,1.686769922990395409e-01,3.758760924115255031e-02,1.539326814917366115e-01
2.455654581638833447e-02,3.037120359955005483e-02,2.706584753828848375e-02,1.882841567880937789e-02,6.150385048022843221e-02,7.605780046724928967e-02,9.592454789305182583e-02,1.240806437656831289e-02,8.078220991606818724e-02,0.000000000000000000e+00,6.832222895215021852e-02,5.075711689884918054e-02,1.208791208791208799e-01,3.781258111966773194e-02,2.753309682443540879e-02,3.417842000519166062e-02,2.357013065674483029e-02,4.014882755040235368e-02,4.236393527732110198e-02,6.399584667301203011e-02,4.065068789478238492e-02,9.566496495630354147e-02,1.175737648178593053e-01,4.620576274119581051e-02,9.689365752357878558e-02,2.068529895301548793e-01,1.227654235528251314e-01,1.835251362810418063e-01,1.181102362204724393e-01,2.649476507744224357e-02,9.571688154365319556e-02,3.208445098208877883e-02,2.332785324911309036e-02,4.959764644804014883e-02,2.543912780133252699e-02,4.158518646707622807e-02,1.709786276715410600e-02,1.000259582936748222e-02,3.220558968590464533e-02,2.452193475815523174e-02,3.331314354936402294e-02,2.280868737561650775e-02,3.452453058752271570e-02,8.254737388595655492e-03,6.558795535173488067e-03,2.142424504629229093e-02,3.286319979233365274e-02,5.247036428138790454e-02,1.969369213463701557e-02,5.530847105650255058e-02,8.111101496928269095e-02,8.727178333477546290e-02,1.924374837760664536e-02,9.578610366011941490e-02,6.923942199532751030e-02,7.846326901445010993e-02,6.231721034870640885e-02,1.138703815869170216e-01,4.534048628536817283e-02,3.715497101323873147e-02,2.992125984251968462e-02,2.564679415073115726e-02,2.729081941680366885e-02,4.701912260967379409e-02,7.624816128753136857e-02,4.321190620403218829e-02,1.140434368780825491e-01,1.395344812667647372e-01,4.182746387470796801e-02,7.951890629055984039e-02,2.514147270052781713e-01,1.327680193821925980e-01,1.600415332698797155e-01,1.100977762395085185e-01,2.486804534048628681e-02,1.016353725015142345e-01
3.099420264774595604e-02,3.800294193994981085e-02,3.423033659254131472e-02,2.353551959851172409e-02,7.638660552046379337e-02,9.561304836895388737e-02,1.204118715929739514e-01,1.545383750108159614e-02,1.009604568659686757e-01,6.832222895215021852e-02,0.000000000000000000e+00,6.382279138184650258e-02,1.514060742407199178e-01,4.691528943497447202e-02,3.442069741282339362e-02,4.283118456346803049e-02,2.962706584753828712e-02,5.011681232153673143e-02,5.297222462576793578e-02,8.041879380462058080e-02,5.070520031149952644e-02,1.201695941853422184e-01,1.477199965388941716e-01,5.852729947218136136e-02,1.215540365146664387e-01,2.596694643938738389e-01,1.544518473652331803e-01,2.304404257160162783e-01,1.489659946352859810e-01,3.288050532145020410e-02,1.201868997144587697e-01,4.044302154538374772e-02,2.988664878428657842e-02,6.240373799428917262e-02,3.191139569092325129e-02,5.162239335467681822e-02,2.126849528424331476e-02,1.278878601713247416e-02,4.026996625421822018e-02,3.014623172103486973e-02,4.181015834559141664e-02,2.867526174612788914e-02,4.324651726226529103e-02,1.041792852816474796e-02,8.306653975945314794e-03,2.691009777623950758e-02,4.136021458856104643e-02,6.626287098728043945e-02,2.466037899108765308e-02,6.918750540797784232e-02,1.023968157826425501e-01,1.091632776672146754e-01,2.414121311759107047e-02,1.204464826512070541e-01,8.540278619018776274e-02,9.779354503763952600e-02,7.775374232067144842e-02,1.430128926191918393e-01,5.688327420610884977e-02,4.632690144501168394e-02,3.736263736263736174e-02,3.175564592887427512e-02,3.428225317989097576e-02,5.908107640391104670e-02,9.594185342216837720e-02,5.350869602838106975e-02,1.441377520117677613e-01,1.755992039456606424e-01,5.302414121311758988e-02,9.964523665311067480e-02,3.167950160076144495e-01,1.664445790430042482e-01,1.999826944708834597e-01,1.380981223500908628e-01,3.113264688067837738e-02,1.273686942978281555e-01
2.384701912260967296e-02,2.845028986761270057e-02,2.597559920394566096e-02,1.804966686856450744e-02,5.802543912780133012e-02,7.183525136281042334e-02,9.102708315306740072e-02,1.178506532837241515e-02,7.576360647226788869e-02,5.075711689884918054e-02,6.382279138184650258e-02,0.000000000000000000e+00,1.143549364021805015e-01,3.566669550921519605e-02,2.623518214069395227e-02,3.230942286060396046e-02,2.211646621095440107e-02,3.782988664878428331e-02,3.985463355542095965e-02,5.977329756857315685e-02,3.871246863372847929e-02,8.940036341611144743e-02,1.115687462144155095e-01,4.440598771307432968e-02,9.121744397334947962e-02,1.966600328805053199e-01,1.152721294453577933e-01,1.726399584667301090e-01,1.103746647053733682e-01,2.427965735052349180e-02,9.071558362896946226e-02,3.063078653629834613e-02,2.253179890975166508e-02,4.791901012373453450e-02,2.434887946698970421e-02,3.914510686164229813e-02,1.618066972397681075e-02,9.500735484987452711e-03,3.089036947304663744e-02,2.325863113264688142e-02,3.213636756943843292e-02,2.171843904127368843e-02,3.208445098208877883e-02,7.822099160681838387e-03,6.281907069308644530e-03,2.074932941074673215e-02,3.078653629834732230e-02,4.973609068097257363e-02,1.858613827117764142e-02,5.191658734965821920e-02,7.685385480661070801e-02,8.187245825041100655e-02,1.825733321796313771e-02,8.955611317816042360e-02,6.527645582763692833e-02,7.334083239595050319e-02,5.944449251535866008e-02,1.080038072164056367e-01,4.201782469499004691e-02,3.551094574716621988e-02,2.789651293588301523e-02,2.403737994289175534e-02,2.533529462663320839e-02,4.374837760664532227e-02,7.204291771220905360e-02,4.103140953534654273e-02,1.068962533529462661e-01,1.321623258631132725e-01,3.976810590983819588e-02,7.443108073029332250e-02,2.394739119148567852e-01,1.252401142164921710e-01,1.503331314354936499e-01,1.030717314181881089e-01,2.291252055031582635e-02,9.675521329064636078e-02
5.568919269706671532e-02,6.839145106861642398e-02,6.217876611577399099e-02,4.319460067491563693e-02,1.384961495197715720e-01,1.728822358743618559e-01,2.166306134810071782e-01,2.755040235355196016e-02,1.827636929999134630e-01,1.208791208791208799e-01,1.514060742407199178e-01,1.143549364021805015e-01,0.000000000000000000e+00,8.509128666608981040e-02,6.184996106255948728e-02,7.721727091805831444e-02,5.276455827636929857e-02,9.062905598338669155e-02,9.590724236393527447e-02,1.449857229384788337e-01,9.142511032274812377e-02,2.161979752530933663e-01,2.662109543999307548e-01,1.064636151250324542e-01,2.202301635372501398e-01,4.726659167604049250e-01,2.775979925586224972e-01,4.146404776326036434e-01,2.697585878688240624e-01,5.852729947218136136e-02,2.182919442761962481e-01,7.290819416803669129e-02,5.430475036774249503e-02,1.148914078047936355e-01,5.825041100631651869e-02,9.291338582677165225e-02,3.869516310461192099e-02,2.313749242883101145e-02,7.306394393008566746e-02,5.553344293501773915e-02,7.598857835078307033e-02,5.214155922817340083e-02,7.721727091805831444e-02,1.863805485852729898e-02,1.498658821493467110e-02,4.944189668599117266e-02,7.479449684174094282e-02,1.207925932335381092e-01,4.466557064982262099e-02,1.236999221251189746e-01,1.845115514406852897e-01,1.964523665311066758e-01,4.322921173314873966e-02,2.171497793545037747e-01,1.544518473652331803e-01,1.745954832569005799e-01,1.398978973782123436e-01,2.587003547633469069e-01,1.009777623950852271e-01,8.339534481266765165e-02,6.697239768105910096e-02,5.703902396815782594e-02,6.120965648524703817e-02,1.060655879553517311e-01,1.726572639958466604e-01,9.618413082980012407e-02,2.592195206368434479e-01,3.184736523319200430e-01,9.653024141213117915e-02,1.798390585792160601e-01,5.759972311153414015e-01,2.999913472354417410e-01,3.609587263130570323e-01,2.483170372934152548e-01,5.515272129445358135e-02,2.321536730985549746e-01
1.740936229125205487e-02,2.107813446396123586e-02,1.915722073202388159e-02,1.320411871592973990e-02,4.250237951025352678e-02,5.369905684866314866e-02,6.679934238989357342e-02,8.531625854460499897e-03,5.696980185169161354e-02,3.781258111966773194e-02,4.691528943497447202e-02,3.566669550921519605e-02,8.509128666608981040e-02,0.000000000000000000e+00,1.946872025612183046e-02,2.393354676819243673e-02,1.649216924807475962e-02,2.789651293588301523e-02,2.929826079432378688e-02,4.535779181448473113e-02,2.834645669291338543e-02,6.714545297222462850e-02,8.266851258977243877e-02,3.291511637968330684e-02,6.756078567102188903e-02,1.447953621181967687e-01,8.668339534481266095e-02,1.289954140347841227e-01,8.386259409881456628e-02,1.832655533442935011e-02,6.664359262784459725e-02,2.280868737561650775e-02,1.685558535952236606e-02,3.525136281041792857e-02,1.784200051916587371e-02,2.841567880937959784e-02,1.187159297395517892e-02,7.251016699835597344e-03,2.270485420091719261e-02,1.668253006835683852e-02,2.355282512762827893e-02,1.605953102016094078e-02,2.426235182140694044e-02,5.901185428744484124e-03,4.672492861469239138e-03,1.526347668079951550e-02,2.320671454529722386e-02,3.724149865882149524e-02,1.374059011854287388e-02,3.847019122609673936e-02,5.729860690490611724e-02,6.093276801938219550e-02,1.384442329324219075e-02,6.697239768105910096e-02,4.816128753136627444e-02,5.484122177035562901e-02,4.390412736869429844e-02,7.984771134377433022e-02,3.134031323007700764e-02,2.637362637362637360e-02,2.088777364367915695e-02,1.773816734446655857e-02,1.905338755732456646e-02,3.320931037466470781e-02,5.387211213982867619e-02,3.000778748810244839e-02,8.085143203253439270e-02,9.922990395431340038e-02,3.005970407545210596e-02,5.581033140088258182e-02,1.780046724928614765e-01,9.369213463701653311e-02,1.112918577485506599e-01,7.678463269014450254e-02,1.713247382538721220e-02,7.183525136281042334e-02
1.332525741974560814e-02,1.547114303019814750e-02,1.434628363762222025e-02,9.708401834386086449e-03,3.111534135156182254e-02,4.002768884658648718e-02,4.892273081249459005e-02,6.437656831357618965e-03,4.158518646707622807e-02,2.753309682443540879e-02,3.442069741282339362e-02,2.623518214069395227e-02,6.184996106255948728e-02,1.946872025612183046e-02,0.000000000000000000e+00,1.754780652418447620e-02,1.204464826512070645e-02,2.066280176516396838e-02,2.189149433243921597e-02,3.416111447607510926e-02,2.071471835251362942e-02,4.990914597213810117e-02,6.134810071817945604e-02,2.453924028727178311e-02,4.942459115687462129e-02,1.084364454443194625e-01,6.465345677944103753e-02,9.320757982175305323e-02,6.153846153846154188e-02,1.335986847797871434e-02,4.887081422514493595e-02,1.621528078220991695e-02,1.220039802716968089e-02,2.568140520896426346e-02,1.308298001211386993e-02,2.097430128926192072e-02,8.531625854460499897e-03,5.347408497014796182e-03,1.609414207839404698e-02,1.258111966773384043e-02,1.742666782036860623e-02,1.161201003720688761e-02,1.751319546595137000e-02,4.136021458856104296e-03,3.426494765077442353e-03,1.176775979925586205e-02,1.694211300510512982e-02,2.753309682443540879e-02,1.010642900406679909e-02,2.779267976118369662e-02,4.210435234057281068e-02,4.409448818897637734e-02,9.864151596435060884e-03,4.890542528337803868e-02,3.466297482045513356e-02,3.957774508955611004e-02,3.196331227827290539e-02,5.818118888985030629e-02,2.301635372501514148e-02,1.976291425110322797e-02,1.521156009344985793e-02,1.280609154624902726e-02,1.387903435147529695e-02,2.403737994289175534e-02,4.066799342389893629e-02,2.189149433243921597e-02,6.025785238383663672e-02,7.332352686683395182e-02,2.189149433243921597e-02,4.020074413775201472e-02,1.324219087998615429e-01,6.981050445617374700e-02,8.183784719217790382e-02,5.683135761875919567e-02,1.256381413861728906e-02,5.255689192697066831e-02
1.595569784546162564e-02,1.908799861555766919e-02,1.777277840269966130e-02,1.204464826512070645e-02,3.855671887167950312e-02,4.899195292896080245e-02,6.107121225231461337e-02,7.908626806264602155e-03,5.212425369905684946e-02,3.417842000519166062e-02,4.283118456346803049e-02,3.230942286060396046e-02,7.721727091805831444e-02,2.393354676819243673e-02,1.754780652418447620e-02,0.000000000000000000e+00,1.503850480228433040e-02,2.561218309249805453e-02,2.722159730033745645e-02,4.182746387470796801e-02,2.568140520896426346e-02,6.164229471316085701e-02,7.590205070520031350e-02,3.005970407545210596e-02,6.217876611577399099e-02,1.332698797265726431e-01,7.960543393614259722e-02,1.176083758760924081e-01,7.659427186986242364e-02,1.671714112658994472e-02,6.110582331054772304e-02,2.042052435753223191e-02,1.526347668079951550e-02,3.229211733148740909e-02,1.628450289867612588e-02,2.646015401920913737e-02,1.078134463961235613e-02,6.541490006056934967e-03,2.028208012459981058e-02,1.538461538461538547e-02,2.163191139569092467e-02,1.446742234143809022e-02,2.206454962360474004e-02,5.278186380548585514e-03,4.239854633555421165e-03,1.391364540970840141e-02,2.121657869689365719e-02,3.421303106342476336e-02,1.268495284243315729e-02,3.473219693692134596e-02,5.245305875227135317e-02,5.496236047417149551e-02,1.251189755126762976e-02,6.119235095613048681e-02,4.386951631046119571e-02,4.932075798217530616e-02,3.947391191485679490e-02,7.273513887687116375e-02,2.876178939171065291e-02,2.402007441377520050e-02,1.907069308644111783e-02,1.624989184044302315e-02,1.734014017478584246e-02,3.005970407545210596e-02,5.001297914683741630e-02,2.727351388768711749e-02,7.439646967206021977e-02,9.075019468720256499e-02,2.699662542182227135e-02,5.077442242796573191e-02,1.628450289867612588e-01,8.618153500043264359e-02,1.021718439041273685e-01,7.084883620316691222e-02,1.569611490871333434e-02,6.560526088085143204e-02
1.079865016872890923e-02,1.332525741974560814e-02,1.192350956130483648e-02,8.237431859479104126e-03,2.666782036860777111e-02,3.353811542787920458e-02,4.177554728735831391e-02,5.503158259063770617e-03,3.552825127628277124e-02,2.357013065674483029e-02,2.962706584753828712e-02,2.211646621095440107e-02,5.276455827636929857e-02,1.649216924807475962e-02,1.204464826512070645e-02,1.503850480228433040e-02,0.000000000000000000e+00,1.751319546595137000e-02,1.870727697499351139e-02,2.860603962966167674e-02,1.759972311153413377e-02,4.239854633555421165e-02,5.189928182054166089e-02,2.035130224106601951e-02,4.264082374318594465e-02,9.135588820628190443e-02,5.437397248420870743e-02,8.050532145020333763e-02,5.260880851432032240e-02,1.164662109543999381e-02,4.187938046205762904e-02,1.394825646794150761e-02,1.029678982434887972e-02,2.156268927922471226e-02,1.104092757636064744e-02,1.808427792679761018e-02,7.441377520117677981e-03,4.447520982954054035e-03,1.389633988059184831e-02,1.055637276109717103e-02,1.453664445790430089e-02,9.950679242017824652e-03,1.526347668079951550e-02,3.616855585359522555e-03,2.890023362464307511e-03,9.483429955870901346e-03,1.455394998702085399e-02,2.329324219087998762e-02,8.670070087392921232e-03,2.421043523405728287e-02,3.587436185861382631e-02,3.812408064376568428e-02,8.445098208877736129e-03,4.243315739378731438e-02,2.973089902223760572e-02,3.414380894695855095e-02,2.680626460154019244e-02,4.987453491390499150e-02,2.016094142078394061e-02,1.624989184044302315e-02,1.310028554123042303e-02,1.109284416371030500e-02,1.207925932335381092e-02,2.069741282339707458e-02,3.372847624816129042e-02,1.856883274206109005e-02,5.068789478238296814e-02,6.176343341697672351e-02,1.841308298001211388e-02,3.490525222808687350e-02,1.111707190447347865e-01,5.864843817599722786e-02,7.036428138790343234e-02,4.868045340486285705e-02,1.098901098901098987e-02,4.454443194600674755e-02
1.841308298001211388e-02,2.263563208445098368e-02,2.064549623604741702e-02,1.410400622999048205e-02,4.513281993596954256e-02,5.774855066193648745e-02,7.136800207666349483e-02,9.258458077355714508e-03,6.129618413082980194e-02,4.014882755040235368e-02,5.011681232153673143e-02,3.782988664878428331e-02,9.062905598338669155e-02,2.789651293588301523e-02,2.066280176516396838e-02,2.561218309249805453e-02,1.751319546595137000e-02,0.000000000000000000e+00,3.194600674915635402e-02,4.904386951631046349e-02,3.000778748810244839e-02,7.259669464393873894e-02,8.886389201349831346e-02,3.504369646101929830e-02,7.278705546422081785e-02,1.566842606212685007e-01,9.313835770528683389e-02,1.379423725880418727e-01,9.016180669723976304e-02,1.971099766375357040e-02,7.199100112485939951e-02,2.405468547200830670e-02,1.792852816474863747e-02,3.765683135761875577e-02,1.915722073202388159e-02,3.099420264774595604e-02,1.270225837154971039e-02,7.631738340399757750e-03,2.393354676819243673e-02,1.799775028121484988e-02,2.516223933546768085e-02,1.721900147096997596e-02,2.587176602924634583e-02,6.195379423725880762e-03,4.897464739984425108e-03,1.618066972397681075e-02,2.481612875313662578e-02,4.023535519598511745e-02,1.498658821493467110e-02,4.110063165181275513e-02,6.184996106255948728e-02,6.510340053647140079e-02,1.451933892878774779e-02,7.289088863892013992e-02,5.110322748118023561e-02,5.823310547719996733e-02,4.579043004239854303e-02,8.566236912693606098e-02,3.407458683049234549e-02,2.782729081941680283e-02,2.228952150211992861e-02,1.905338755732456646e-02,2.062819070693086565e-02,3.535519598511724371e-02,5.790430042398546362e-02,3.161720169594185031e-02,8.689106169421130510e-02,1.060482824262351798e-01,3.172103487064117239e-02,5.994635285973868438e-02,1.908280695682270378e-01,1.006835684001038400e-01,1.204291771220905027e-01,8.318767846326902138e-02,1.834386086354590148e-02,7.681924374837760527e-02
1.960716448905425180e-02,2.389893570995933053e-02,2.196071644890542490e-02,1.491736609846846043e-02,4.759020507052003079e-02,6.096737907761529823e-02,7.540019036082028225e-02,9.829540538201954683e-03,6.479190101237344845e-02,4.236393527732110198e-02,5.297222462576793578e-02,3.985463355542095965e-02,9.590724236393527447e-02,2.929826079432378688e-02,2.189149433243921597e-02,2.722159730033745645e-02,1.870727697499351139e-02,3.194600674915635402e-02,0.000000000000000000e+00,5.208964264082373979e-02,3.184217357445703889e-02,7.714804880159210898e-02,9.440166133079519462e-02,3.729341524617114934e-02,7.726918750540798242e-02,1.662715237518387068e-01,9.922990395431340038e-02,1.460586657437051017e-01,9.552652072337111666e-02,2.073202388163018078e-02,7.645582763692999884e-02,2.528337803928355082e-02,1.908799861555766919e-02,3.987193908453751101e-02,2.021285800813359818e-02,3.248247815176948800e-02,1.337717400709526744e-02,8.150904213896340358e-03,2.521415592281733842e-02,1.900147096997490542e-02,2.671973695595742868e-02,1.820541663061348014e-02,2.736004153326988125e-02,6.558795535173488067e-03,5.260880851432032414e-03,1.708055723803755463e-02,2.649476507744224357e-02,4.260621268495284192e-02,1.574803149606299191e-02,4.310807302933287316e-02,6.558795535173488067e-02,6.840875659773297535e-02,1.524617115168296240e-02,7.675002163191139981e-02,5.390672319806177892e-02,6.146923942199532948e-02,4.847278705546421984e-02,9.069827809985289702e-02,3.599550056242969975e-02,2.955784373107207819e-02,2.357013065674483029e-02,2.002249718785151927e-02,2.166652245392402740e-02,3.720688760058838557e-02,6.179804447520982624e-02,3.348619884052955048e-02,9.268841394825647062e-02,1.124167171411265959e-01,3.341697672406333808e-02,6.337284762481612543e-02,2.026131348965994616e-01,1.071731418188111157e-01,1.272129445357791933e-01,8.808514320325343261e-02,1.962447001817080663e-02,8.133598684779787258e-02
3.018084277926797593e-02,3.625508349917798412e-02,3.369386518992818075e-02,2.241066020593579511e-02,7.190447347927662880e-02,9.428052262697932118e-02,1.142337976983646280e-01,1.484814398200224976e-02,9.919529289608029765e-02,6.399584667301203011e-02,8.041879380462058080e-02,5.977329756857315685e-02,1.449857229384788337e-01,4.535779181448473113e-02,3.416111447607510926e-02,4.182746387470796801e-02,2.860603962966167674e-02,4.904386951631046349e-02,5.208964264082373979e-02,0.000000000000000000e+00,4.824781517694903821e-02,1.189235960889504229e-01,1.447780565890802174e-01,5.643333044907847956e-02,1.173314874102275723e-01,2.538375010815955846e-01,1.530847105650255391e-01,2.202647745954832703e-01,1.475123301894955552e-01,3.192870122003980266e-02,1.153067405035908960e-01,3.769144241585186544e-02,2.862334515877822810e-02,6.039629661676905459e-02,3.031928701220039726e-02,4.970147962273946396e-02,1.986674742580254310e-02,1.268495284243315729e-02,3.729341524617114934e-02,2.905598338669204694e-02,4.085835424418101519e-02,2.736004153326988125e-02,4.198321363675694418e-02,9.691096305269533348e-03,8.081682097430129691e-03,2.659859825214155871e-02,4.016613307951890505e-02,6.548412217703555860e-02,2.395085229730899157e-02,6.505148394912174670e-02,9.983559747339275370e-02,1.031755645928874310e-01,2.336246430734619656e-02,1.166046551873323595e-01,8.116293155663234504e-02,9.286146923942199816e-02,7.283897205157047194e-02,1.365579302587176524e-01,5.475469412477286524e-02,4.651726226529376285e-02,3.615125032447866898e-02,3.005970407545210596e-02,3.294972743791641651e-02,5.752357878342130582e-02,9.677251881976291215e-02,5.042831184563467684e-02,1.435493640218049594e-01,1.741628450289867680e-01,5.098208877736436911e-02,9.535346543220558913e-02,3.094920827204291625e-01,1.659427186986242031e-01,1.935796486977589270e-01,1.360214588561045324e-01,2.992125984251968462e-02,1.235441723630699984e-01
1.898416544085835406e-02,2.273946525915029881e-02,2.064549623604741702e-02,1.431167257938911405e-02,4.611923509561304674e-02,5.750627325430474751e-02,7.242363935277321141e-02,9.344985722938478276e-03,6.070779614086700693e-02,4.065068789478238492e-02,5.070520031149952644e-02,3.871246863372847929e-02,9.142511032274812377e-02,2.834645669291338543e-02,2.071471835251362942e-02,2.568140520896426346e-02,1.759972311153413377e-02,3.000778748810244839e-02,3.184217357445703889e-02,4.824781517694903821e-02,0.000000000000000000e+00,7.171411265899454990e-02,8.891580860084796756e-02,3.561477892186553501e-02,7.271783334775461238e-02,1.564765942718698566e-01,9.261919183179025128e-02,1.378385394133425645e-01,8.914078047936316307e-02,1.962447001817080663e-02,7.207752877044215634e-02,2.417582417582417667e-02,1.779008393181621614e-02,3.755299818291944064e-02,1.908799861555766919e-02,3.099420264774595604e-02,1.285800813359868483e-02,7.649043869516310851e-03,2.414121311759107047e-02,1.825733321796313771e-02,2.523146145193389325e-02,1.692480747598857846e-02,2.590637708747944856e-02,6.160768365492774561e-03,4.949381327334083543e-03,1.668253006835683852e-02,2.460846240373799551e-02,3.975080038072163757e-02,1.474431080730293289e-02,4.113524271004585786e-02,6.117504542701392850e-02,6.499956736177209260e-02,1.460586657437051156e-02,7.112572466903176183e-02,5.176083758760924303e-02,5.826771653543307006e-02,4.731331660465518812e-02,8.550661936488708481e-02,3.403997577225923582e-02,2.831184563468027923e-02,2.237604914770269238e-02,1.905338755732456646e-02,2.021285800813359818e-02,3.493986328631997623e-02,5.769663407458683335e-02,3.236133944795362150e-02,8.592195206368434535e-02,1.055464220818551485e-01,3.182486804534048752e-02,5.937527039889244768e-02,1.910357359176256820e-01,1.001124859392575894e-01,1.197023448991952899e-01,8.249545729860691123e-02,1.839577745089556252e-02,7.673271610279484845e-02
