0.000000000000000000e+00,2.630497328401150761e-02,1.873544321139882299e-02,1.197081792026304971e-02,3.860117824359501210e-02,4.947595561035758593e-02,5.416837923003151034e-02,1.142279764351280917e-02,5.480202767502397737e-02,3.819016303603233603e-02,4.329360186326894344e-02,2.515755582956569550e-02,7.612344156733799605e-02,2.486642005754212750e-02,2.202356487190025927e-02,2.142416769420468423e-02,1.087477736676257037e-02,2.399301274147143392e-02,2.817166735169201325e-02,5.346622825044526628e-02,2.507192766132346901e-02,7.639745170571311805e-02,6.922181120701466350e-02,2.729826003562131967e-02,5.475065077407863939e-02,1.259761611179613661e-01,7.651733114125222612e-02,1.061275517194136125e-01,7.572955199342375210e-02,2.041375530894642965e-02,5.293533360734346827e-02,2.226332374297848929e-02,1.209069735580216472e-02,2.084189615015755517e-02,1.096040553500479513e-02,2.594533497739416258e-02,8.734073160706946198e-03,7.586655706261131484e-03,1.710850801479654737e-02,1.150842581175503566e-02,1.989998629949308109e-02,1.037813399095766607e-02,1.803329223181257546e-02,7.072886696807782064e-03,5.017810658994382653e-03,1.966022742841485108e-02,2.550006850253459453e-02,2.544869160158926003e-02,1.361487875051376958e-02,2.990135635018495788e-02,4.788327168105219883e-02,5.276407727085902222e-02,1.346074804767776432e-02,5.985408960131524680e-02,3.658035347307850293e-02,4.694136183038772475e-02,3.491916700917933880e-02,8.076448828606658248e-02,2.774352651048088772e-02,2.519180709686258401e-02,1.904370461707083004e-02,1.322098917659953431e-02,2.228044937662693528e-02,2.164680093163447172e-02,4.599945197972325067e-02,2.760652144129332672e-02,7.533566241950952203e-02,7.778462803123716018e-02,2.627072201671461910e-02,5.088025756953007406e-02,1.500719276613234621e-01,8.007946294012878441e-02,1.050315111659131384e-01,7.271544047129743782e-02,1.621797506507740780e-02,6.305658309357446700e-02
2.630497328401150761e-02,0.000000000000000000e+00,2.580832990820660505e-02,1.656048773804630683e-02,5.271270036991368424e-02,6.908480613782709556e-02,7.453075763803260201e-02,1.546444718454582749e-02,7.696259761611179417e-02,5.243869023153856918e-02,5.932319495821345573e-02,3.447390053431977075e-02,1.054082751061789225e-01,3.437114673242910173e-02,2.976435128099739688e-02,2.933621043978627135e-02,1.503630634333470370e-02,3.349773941635840468e-02,3.831004247157145104e-02,7.430812440060281798e-02,3.380600082203041173e-02,1.057679134127962745e-01,9.473900534319769362e-02,3.700849431428963193e-02,7.581518016166598206e-02,1.724208795725441778e-01,1.071893410056172086e-01,1.475202082477051757e-01,1.061275517194136125e-01,2.866831072749691581e-02,7.247568160021920780e-02,3.051787916152897545e-02,1.678312097547609433e-02,2.812029045074667874e-02,1.496780380874092320e-02,3.572407179065625188e-02,1.190231538566926921e-02,1.048088779284833509e-02,2.347924373201808537e-02,1.577270859021783975e-02,2.664748595698040665e-02,1.383751198794355361e-02,2.539731470064392552e-02,9.881490615152760046e-03,6.816002192081106921e-03,2.640772708590218010e-02,3.582682559254692090e-02,3.568982052335936683e-02,1.870119194410193100e-02,4.105014385532265025e-02,6.610494588299767327e-02,7.252705850116454578e-02,1.846143307302370098e-02,8.249417728455953058e-02,5.043499109467050601e-02,6.449513632004384711e-02,4.724962323605973180e-02,1.110083573092204429e-01,3.872105767913412711e-02,3.481641320728866978e-02,2.668173722427729863e-02,1.825592546924236295e-02,3.067200986436498245e-02,2.996985888477873838e-02,6.403274421153583307e-02,3.738525825455541601e-02,1.050486367995615844e-01,1.082682559254692367e-01,3.574119742430469787e-02,7.083162076996848966e-02,2.063296341964652725e-01,1.117105082888066869e-01,1.460302781202904576e-01,1.002534593779969840e-01,2.284559528702561834e-02,8.638169612275654885e-02
1.873544321139882299e-02,2.580832990820660505e-02,0.000000000000000000e+00,1.191944101931771520e-02,3.824153993697766707e-02,4.978421701602959298e-02,5.416837923003151034e-02,1.114878750513769064e-02,5.567543499109466748e-02,3.741950952185230800e-02,4.262570215097958443e-02,2.476366625565145849e-02,7.648307987395533414e-02,2.428414851349499845e-02,2.130428825866556922e-02,2.097890121934511617e-02,1.080627483216878987e-02,2.414714344430744092e-02,2.779490341142622223e-02,5.319221811207014428e-02,2.419852034525277543e-02,7.584943142896287405e-02,6.857103712837374354e-02,2.676736539251952166e-02,5.459652007124263934e-02,1.241437183175777559e-01,7.668858747773667217e-02,1.055281545417180444e-01,7.591793396355665802e-02,2.029387587340731464e-02,5.204480065762433216e-02,2.221194684203315478e-02,1.226195369228661423e-02,2.034525277435265261e-02,1.092615426770790488e-02,2.546581723523770255e-02,8.665570626113165698e-03,7.603781339909576609e-03,1.722838745033566238e-02,1.152555144540347992e-02,1.959172489382107057e-02,1.017262638717632631e-02,1.834155363748458598e-02,7.141389231401561698e-03,5.103438827236607411e-03,1.866694067680504249e-02,2.558569667077681756e-02,2.544869160158926003e-02,1.352925058227154483e-02,2.933621043978627135e-02,4.774626661186463783e-02,5.237018769694478521e-02,1.330661734484175907e-02,5.939169749280723276e-02,3.618646389916426592e-02,4.605082888066858171e-02,3.413138786135087172e-02,8.030209617755856844e-02,2.789765721331689124e-02,2.464378682011234348e-02,1.911220715166461054e-02,1.298123030552130429e-02,2.197218797095492476e-02,2.125291135772023471e-02,4.577681874229346665e-02,2.668173722427729863e-02,7.548979312234552208e-02,7.787025619947937627e-02,2.579120427455815906e-02,5.096588573777229708e-02,1.470749417728456077e-01,8.009658857377723040e-02,1.045691190574051244e-01,7.259556103575832975e-02,1.621797506507740780e-02,6.247431154952733101e-02
1.197081792026304971e-02,1.656048773804630683e-02,1.191944101931771520e-02,0.000000000000000000e+00,2.464378682011234348e-02,3.211056309083436255e-02,3.510754897931223778e-02,7.124263597753116573e-03,3.592957939443759685e-02,2.418139471160432943e-02,2.746951637210576919e-02,1.635498013426496880e-02,4.940745307576380196e-02,1.573845732292094776e-02,1.376900945334977311e-02,1.352925058227154483e-02,6.901630360323331680e-03,1.549869845184271774e-02,1.777640772708590292e-02,3.445677490067132476e-02,1.560145225373338849e-02,4.928757364022468695e-02,4.382449650637073452e-02,1.736539251952322338e-02,3.555281545417180583e-02,8.069598575147279851e-02,4.976709138238114699e-02,6.850253459377997345e-02,4.949308124400602499e-02,1.315248664200575381e-02,3.366899575284285767e-02,1.436840663104534815e-02,7.894917111933141135e-03,1.308398410741197504e-02,7.038635429510891814e-03,1.632072886696807681e-02,5.548705302096177197e-03,4.846554322509933135e-03,1.101178243595012964e-02,7.466776270722016474e-03,1.251883819701329024e-02,6.387861350869982260e-03,1.157692834634881443e-02,4.623921085080148242e-03,3.133990957665433626e-03,1.183381285107549044e-02,1.666324153993697932e-02,1.640635703521030331e-02,8.682696259761611690e-03,1.930058912179750605e-02,3.067200986436498245e-02,3.419989039594464875e-02,8.511439923277160438e-03,3.842992190711056605e-02,2.351349499931497389e-02,2.978147691464584287e-02,2.205781613919715126e-02,5.158240854911631812e-02,1.789628716262501792e-02,1.585833675846006277e-02,1.238183312782572924e-02,8.528565556925606431e-03,1.431702973010001365e-02,1.385463762159199960e-02,2.940471297438005185e-02,1.707425674749965885e-02,4.849979449239621987e-02,4.995547335251404597e-02,1.656048773804630683e-02,3.306959857514728263e-02,9.578366899575284366e-02,5.141115221263186513e-02,6.759487601041239135e-02,4.647896972187971071e-02,1.034388272366077582e-02,4.033086724208796020e-02
3.860117824359501210e-02,5.271270036991368424e-02,3.824153993697766707e-02,2.464378682011234348e-02,0.000000000000000000e+00,1.027709275243184062e-01,1.147246198109330012e-01,2.341074119742430487e-02,1.156836552952459213e-01,7.936018632689409436e-02,8.936155637758597114e-02,5.355185641868748930e-02,1.611522126318673809e-01,5.017810658994383000e-02,4.409850664474585652e-02,4.372174270448006550e-02,2.267433895054116882e-02,5.007535278805316098e-02,5.706261131661871655e-02,1.103404575969310908e-01,5.123989587614741908e-02,1.548671050828880624e-01,1.405843266200849373e-01,5.516166598164132240e-02,1.132346896835182970e-01,2.561309768461433323e-01,1.587546239210850807e-01,2.212460611042608438e-01,1.566652966159747806e-01,4.214618440882312439e-02,1.078572407179065606e-01,4.695848746403617074e-02,2.582545554185504758e-02,4.206055624058090137e-02,2.269146458418961482e-02,5.351760515139060426e-02,1.859843814221126199e-02,1.556720098643649824e-02,3.615221263186738088e-02,2.387313330593231891e-02,4.079325935059597424e-02,2.079051924921222066e-02,3.815591176873544405e-02,1.525893958076448773e-02,1.022400328812166082e-02,3.839567063981367406e-02,5.257569530072613018e-02,5.204480065762433216e-02,2.818879298534045924e-02,6.338197013289491311e-02,9.756473489519111586e-02,1.121729003973147010e-01,2.772640087683244173e-02,1.227907932593505919e-01,7.692834634881490219e-02,9.679408138101110171e-02,7.286957117413343787e-02,1.686361145362378355e-01,5.901493355254144174e-02,5.120564460885052710e-02,3.964584189615015519e-02,2.743526510480887720e-02,4.615358268255925767e-02,4.438964241676941758e-02,9.259830113714206945e-02,5.620632963419646549e-02,1.533600493218248983e-01,1.587203726537881887e-01,5.382586655706261131e-02,1.059391697492807205e-01,3.053842992190711203e-01,1.644574599260172632e-01,2.181463214138923135e-01,1.483764899301274198e-01,3.368612138649129673e-02,1.303089464310179524e-01
4.947595561035758593e-02,6.908480613782709556e-02,4.978421701602959298e-02,3.211056309083436255e-02,1.027709275243184062e-01,0.000000000000000000e+00,1.465097958624469177e-01,3.048362789423208694e-02,1.500205507603781241e-01,1.014865050006850261e-01,1.146561172763392311e-01,6.766337854500616145e-02,2.063296341964652725e-01,6.576243321002876729e-02,5.723386765310316260e-02,5.658309357446225651e-02,2.904507466776270683e-02,6.523153856692698316e-02,7.466776270722016995e-02,1.439238251815317116e-01,6.509453349773941522e-02,2.042060556240580804e-01,1.841348129880805706e-01,7.182490752157830172e-02,1.486333744348540820e-01,3.332477051650911126e-01,2.074428003836142065e-01,2.858953281271406910e-01,2.061755034936292585e-01,5.524729414988354542e-02,1.397109193040142472e-01,6.009384847239347682e-02,3.289834223866282964e-02,5.391149472530483433e-02,2.907932593505959881e-02,6.923893684066310950e-02,2.373612823674475791e-02,2.012261953692286512e-02,4.637621591998904169e-02,3.099739690368543549e-02,5.166803671735854114e-02,2.663036032333196412e-02,4.903068913549801094e-02,1.931771475544595204e-02,1.337511987943553957e-02,4.913344293738867996e-02,6.915330867242087953e-02,6.858816276202218953e-02,3.632346896835182692e-02,8.011371420742567639e-02,1.281682422249623143e-01,1.425709001233045614e-01,3.562131798876558286e-02,1.605356898205233529e-01,9.847239347855871183e-02,1.242807233867653099e-01,9.203315522674339333e-02,2.160227428414851214e-01,7.560967255788464403e-02,6.639608165502124126e-02,5.175366488560076417e-02,3.534730785039046780e-02,5.951157692834634777e-02,5.791889299904096761e-02,1.229620495958350518e-01,7.143101794766405777e-02,2.027503767639402543e-01,2.093951226195369109e-01,6.906768050417864957e-02,1.378613508699821910e-01,3.967324290998767156e-01,2.154747225647349052e-01,2.835148650500068368e-01,1.950267159884915835e-01,4.438964241676941758e-02,1.680880942594875915e-01
5.416837923003151034e-02,7.453075763803260201e-02,5.416837923003151034e-02,3.510754897931223778e-02,1.147246198109330012e-01,1.465097958624469177e-01,0.000000000000000000e+00,3.358336758460062771e-02,1.652452390738457233e-01,1.117276339224551329e-01,1.267468146321413802e-01,7.559254692423619804e-02,2.280963145636388523e-01,7.153377174955473372e-02,6.228592957939443897e-02,6.163515550075352595e-02,3.200780928894369354e-02,7.115700780928894964e-02,8.127825729551993450e-02,1.568194273188107946e-01,7.177353062063296374e-02,2.213488149061515198e-01,2.009179339635566441e-01,7.905192492122208037e-02,1.621454993834771929e-01,3.648616248801205830e-01,2.265550075352787962e-01,3.138614878750513593e-01,2.243629264282778479e-01,6.031648170982326085e-02,1.532401698862858042e-01,6.718386080284970141e-02,3.683723797780517895e-02,5.944307439375257074e-02,3.247020139745170758e-02,7.571242635977530611e-02,2.635635018495684212e-02,2.214344430743937428e-02,5.183929305384299413e-02,3.423414166324154073e-02,5.728524455404850058e-02,2.928483353884093685e-02,5.384299219071105730e-02,2.164680093163447172e-02,1.457391423482668792e-02,5.305521304288258327e-02,7.497602411289218394e-02,7.396561172763392589e-02,4.007398273736128419e-02,8.932730511028907916e-02,1.392314015618577872e-01,1.590457596931086348e-01,3.942320865872037117e-02,1.754349910946705060e-01,1.085936429647896967e-01,1.373133305932319470e-01,1.022742841485135001e-01,2.391765995341827711e-01,8.338471023427866669e-02,7.216742019454719381e-02,5.634333470338402650e-02,3.892656528291546514e-02,6.565967940813810522e-02,6.264556788601177706e-02,1.321585148650500086e-01,7.846965337717495825e-02,2.192252363337443555e-01,2.261439923277161201e-01,7.588368269625976603e-02,1.512364707494177340e-01,4.337923003151116785e-01,2.335593916974928186e-01,3.091690642553774349e-01,2.120838471023427929e-01,4.781476914645842180e-02,1.850082203041512607e-01
1.142279764351280917e-02,1.546444718454582749e-02,1.114878750513769064e-02,7.124263597753116573e-03,2.341074119742430487e-02,3.048362789423208694e-02,3.358336758460062771e-02,0.000000000000000000e+00,3.408001096040553374e-02,2.327373612823674387e-02,2.603096314563638908e-02,1.544732155089738324e-02,4.694136183038772475e-02,1.505343197698314796e-02,1.310110974106041930e-02,1.286135086998218928e-02,6.627620221948212278e-03,1.472804493766269318e-02,1.698862857925743236e-02,3.277846280312371463e-02,1.500205507603781345e-02,4.593094944512946670e-02,4.190642553774489437e-02,1.662899027264008733e-02,3.356624195095218866e-02,7.579805452801753607e-02,4.724962323605973180e-02,6.521441293327853717e-02,4.666735169201260275e-02,1.258734073160706901e-02,3.185367858610768654e-02,1.366625565145910409e-02,7.638032607206466859e-03,1.219345115769283547e-02,6.456363885463761894e-03,1.575558295656939375e-02,5.291820797369502921e-03,4.486916015892588108e-03,1.066926976298123060e-02,6.987258528565557306e-03,1.173105904918481969e-02,6.011097410604192108e-03,1.130291820797369416e-02,4.401287847650363350e-03,3.014111522126318617e-03,1.102890806959857563e-02,1.561857788738183275e-02,1.529319084806137798e-02,8.323057953144266663e-03,1.837580490478147796e-02,2.904507466776270683e-02,3.264145773393615363e-02,8.237429784902041904e-03,3.683723797780517895e-02,2.243458007946293881e-02,2.849705439101246629e-02,2.111590628853267718e-02,4.947595561035758593e-02,1.745102068776544640e-02,1.512193451157692846e-02,1.179956158377860019e-02,8.014796547472256144e-03,1.356350184956843334e-02,1.311823537470886356e-02,2.752089327305110369e-02,1.652623647074941832e-02,4.594807507877791269e-02,4.726674886970817779e-02,1.563570352103027875e-02,3.161391971502945653e-02,9.038909439649267519e-02,4.896218660090423391e-02,6.446088505274695513e-02,4.414988354569118756e-02,1.013837511987943606e-02,3.827579120427455905e-02
5.480202767502397737e-02,7.696259761611179417e-02,5.567543499109466748e-02,3.592957939443759685e-02,1.156836552952459213e-01,1.500205507603781241e-01,1.652452390738457233e-01,3.408001096040553374e-02,0.000000000000000000e+00,1.134915741882449591e-01,1.287333881353610043e-01,7.572955199342375210e-02,2.328058638169612227e-01,7.256130976846143776e-02,6.351897520208248105e-02,6.327921633100425103e-02,3.294971913960816762e-02,7.367447595561035789e-02,8.331620769968488271e-02,1.614433484038909350e-01,7.261268666940676186e-02,2.286785861076859883e-01,2.064495136320043944e-01,7.985682970269900038e-02,1.671633100424715634e-01,3.730134264967803759e-01,2.336963967666803588e-01,3.207802438690231517e-01,2.317783257980545186e-01,6.211467324290998598e-02,1.564255377448965645e-01,6.773188107959994542e-02,3.702561994793807099e-02,5.987121523496369280e-02,3.281271407042060662e-02,7.745924099191670020e-02,2.678449102616796765e-02,2.262296204959583432e-02,5.214755445951500118e-02,3.479928757364022379e-02,5.783326483079873764e-02,2.950746677627072087e-02,5.533292231812576845e-02,2.183518290176736376e-02,1.508768324428003821e-02,5.386011782435950329e-02,7.787025619947937627e-02,7.658583367584601009e-02,4.075900808329908226e-02,9.004658172352376921e-02,1.437525688450472794e-01,1.609638306617344750e-01,3.949171119331415514e-02,1.806069324565008904e-01,1.108199753390875508e-01,1.401219345115769233e-01,1.028736813262090682e-01,2.440745307576380196e-01,8.478901219345115481e-02,7.410261679682147995e-02,5.790176736539252161e-02,3.947458555966570914e-02,6.677284559528702534e-02,6.404986984518426518e-02,1.384264967803808810e-01,7.910330182216741834e-02,2.282846965337717582e-01,2.342615426770790488e-01,7.691122071516645620e-02,1.543704617070831564e-01,4.418755993971776874e-01,2.416255651459104092e-01,3.185881627620221757e-01,2.197390053431977075e-01,5.012672968899849202e-02,1.883477188655980350e-01
3.819016303603233603e-02,5.243869023153856918e-02,3.741950952185230800e-02,2.418139471160432943e-02,7.936018632689409436e-02,1.014865050006850261e-01,1.117276339224551329e-01,2.327373612823674387e-02,1.134915741882449591e-01,0.000000000000000000e+00,8.770036991368680701e-02,5.141115221263186513e-02,1.564255377448965645e-01,5.034936292642827604e-02,4.322509932867515947e-02,4.319084806137827443e-02,2.205781613919715126e-02,4.920194547198246393e-02,5.636046033703247249e-02,1.085593916974928047e-01,4.973284011508425501e-02,1.539080695985751424e-01,1.387861350869982191e-01,5.406562542814084132e-02,1.112994930812440109e-01,2.513700506918756239e-01,1.568194273188107946e-01,2.164337580490478252e-01,1.550726126866694143e-01,4.192355117139334036e-02,1.057507877791478285e-01,4.524592409919166863e-02,2.476366625565145849e-02,4.086176188518975128e-02,2.186943416906425575e-02,5.341485134949992830e-02,1.811892040005480195e-02,1.517331141252226297e-02,3.495341827647623079e-02,2.368475133579942341e-02,3.969721879709549317e-02,2.034525277435265261e-02,3.752226332374297701e-02,1.474517057131113917e-02,1.018975202082477056e-02,3.807028360049322102e-02,5.207905192492122415e-02,5.151390601452253415e-02,2.764077270859021870e-02,6.134401972872996489e-02,9.604055350047951967e-02,1.086621454993834807e-01,2.702424989724619767e-02,1.211809836963967657e-01,7.530141115221263004e-02,9.477325661049458561e-02,7.047198246335113769e-02,1.642690779558843572e-01,5.755925469242362258e-02,5.046924236196739105e-02,3.880668584737635013e-02,2.700712426359775167e-02,4.502329086176188461e-02,4.375599397177695749e-02,9.251267296889985337e-02,5.464789697218797038e-02,1.522640087683244381e-01,1.578298397040690526e-01,5.237018769694478521e-02,1.041067269488971103e-01,3.002979860254829658e-01,1.627620221948212209e-01,2.153377174955473372e-01,1.472461981093300398e-01,3.408001096040553374e-02,1.276030963145636521e-01
4.329360186326894344e-02,5.932319495821345573e-02,4.262570215097958443e-02,2.746951637210576919e-02,8.936155637758597114e-02,1.146561172763392311e-01,1.267468146321413802e-01,2.603096314563638908e-02,1.287333881353610043e-01,8.770036991368680701e-02,0.000000000000000000e+00,5.827853130565831263e-02,1.777640772708590222e-01,5.629195780243868852e-02,4.918481983833401794e-02,4.882518153171667291e-02,2.520893273051103001e-02,5.567543499109466748e-02,6.387861350869981913e-02,1.235614467735306199e-01,5.668584737635292553e-02,1.744245787094122480e-01,1.577270859021783767e-01,6.170365803534730992e-02,1.267468146321413802e-01,2.855870667214687186e-01,1.779695848746403741e-01,2.458555966570763196e-01,1.758802575695300741e-01,4.740375393889573880e-02,1.198965611727633856e-01,5.154815728181942613e-02,2.832579805452801677e-02,4.625633648444992668e-02,2.505480202767502301e-02,5.987121523496369280e-02,2.034525277435265261e-02,1.729688998492944288e-02,3.978284696533771619e-02,2.654473215508973763e-02,4.483490889162899257e-02,2.286272092067406433e-02,4.264282778462803042e-02,1.669749280723386783e-02,1.147417454445814541e-02,4.255719961638580739e-02,5.923756678997122577e-02,5.822715440471297466e-02,3.137416084395122651e-02,6.966707768187423155e-02,1.102377037950404148e-01,1.231846828332648358e-01,3.055213042882586744e-02,1.378270996026852990e-01,8.485751472804493878e-02,1.079942457870941286e-01,7.954856829702698640e-02,1.870290450746677491e-01,6.547129743800519930e-02,5.723386765310316260e-02,4.435539114947253253e-02,3.046650226058364094e-02,5.135977531168653409e-02,4.951020687765447098e-02,1.053226469379367064e-01,6.190916563912864795e-02,1.735340457596931119e-01,1.784148513494999422e-01,5.934032059186190172e-02,1.180812440060282215e-01,3.402692149609535810e-01,1.848198383340183548e-01,2.441601589258802496e-01,1.674373201808466993e-01,3.836141937251678208e-02,1.445403479928757395e-01
2.515755582956569550e-02,3.447390053431977075e-02,2.476366625565145849e-02,1.635498013426496880e-02,5.355185641868748930e-02,6.766337854500616145e-02,7.559254692423619804e-02,1.544732155089738324e-02,7.572955199342375210e-02,5.141115221263186513e-02,5.827853130565831263e-02,0.000000000000000000e+00,1.054939032744211524e-01,3.318947801068639764e-02,2.907932593505959881e-02,2.859980819290313878e-02,1.474517057131113917e-02,3.286409097136593765e-02,3.750513769009453102e-02,7.256130976846143776e-02,3.348061378270995869e-02,1.020173996437868241e-01,9.266680367173585342e-02,3.634059460200027292e-02,7.430812440060281798e-02,1.686532401698862815e-01,1.042779832853815564e-01,1.445060967255788476e-01,1.034388272366077582e-01,2.750376763940265770e-02,7.102000274010138170e-02,3.086039183449787796e-02,1.707425674749965885e-02,2.767502397588710722e-02,1.500205507603781345e-02,3.519317714755446080e-02,1.219345115769283547e-02,1.008699821893409981e-02,2.368475133579942341e-02,1.599534182764762377e-02,2.690437046170708266e-02,1.371763255240443860e-02,2.486642005754212750e-02,9.915741882449650296e-03,6.713248390190437037e-03,2.479791752294835047e-02,3.443964926702287876e-02,3.384025208932730372e-02,1.854706124126592748e-02,4.149541033018221831e-02,6.411837237977804915e-02,7.357172215371968194e-02,1.817029730100013646e-02,8.110700095903548845e-02,5.024660912453760703e-02,6.341622140019180509e-02,4.771201534456774584e-02,1.103747088642279828e-01,3.865255514454035007e-02,3.324085491163172867e-02,2.591108371009727407e-02,1.801616659816413293e-02,3.041512535963830643e-02,2.909645156870804134e-02,6.084737635292505886e-02,3.642622277024249594e-02,1.010412385258254581e-01,1.034902041375530962e-01,3.505617207836689980e-02,6.953007261268666361e-02,2.004726674886970761e-01,1.074633511439923306e-01,1.422112618166872233e-01,9.797575010275380580e-02,2.205781613919715126e-02,8.602205781613919688e-02
7.612344156733799605e-02,1.054082751061789225e-01,7.648307987395533414e-02,4.940745307576380196e-02,1.611522126318673809e-01,2.063296341964652725e-01,2.280963145636388523e-01,4.694136183038772475e-02,2.328058638169612227e-01,1.564255377448965645e-01,1.777640772708590222e-01,1.054939032744211524e-01,0.000000000000000000e+00,1.008014796547472280e-01,8.776887244828059098e-02,8.663858062748321098e-02,4.492053705987121559e-02,1.001164543088094300e-01,1.146218660090423391e-01,2.205781613919715056e-01,1.006816002192081061e-01,3.126626935196602508e-01,2.827784628031237424e-01,1.102890806959857528e-01,2.284045759693108524e-01,5.124674612960679054e-01,3.191533086724208657e-01,4.406083025071927395e-01,3.168070968625839035e-01,8.537128373749829080e-02,2.146355665159610793e-01,9.379709549253321954e-02,5.120564460885052710e-02,8.292231812577065264e-02,4.519454719824633759e-02,1.064529387587340725e-01,3.687148924510207093e-02,3.106589943827921599e-02,7.237292779832853185e-02,4.812303055213042885e-02,8.009658857377723040e-02,4.111864638991642729e-02,7.557542129058775204e-02,3.026099465680230291e-02,2.055076037813399065e-02,7.519865735032196796e-02,1.060419235511713965e-01,1.050657624332100304e-01,5.606932456500890449e-02,1.245547335251404319e-01,1.955576106315933815e-01,2.221194684203315617e-01,5.504178654610220739e-02,2.463864913001781176e-01,1.526578983422386682e-01,1.922694889710919175e-01,1.428791615289765615e-01,3.347376352925058307e-01,1.166426907795588414e-01,1.017433895054117021e-01,7.927455815865186439e-02,5.475065077407863939e-02,9.191327579120427138e-02,8.847102342786683504e-02,1.872859295793944390e-01,1.102377037950404148e-01,3.094773256610494627e-01,3.201808466913275697e-01,1.066926976298123025e-01,2.127003699136867931e-01,6.096554322509932788e-01,3.300965885737772165e-01,4.362070146595424247e-01,2.992019454719824778e-01,6.792026304973283746e-02,2.593163447047540648e-01
2.486642005754212750e-02,3.437114673242910173e-02,2.428414851349499845e-02,1.573845732292094776e-02,5.017810658994383000e-02,6.576243321002876729e-02,7.153377174955473372e-02,1.505343197698314796e-02,7.256130976846143776e-02,5.034936292642827604e-02,5.629195780243868852e-02,3.318947801068639764e-02,1.008014796547472280e-01,0.000000000000000000e+00,2.866831072749691581e-02,2.834292368817646277e-02,1.418002466091245438e-02,3.159679408138101053e-02,3.649472530483627991e-02,7.040347992875736760e-02,3.247020139745170758e-02,1.009213590902863361e-01,9.004658172352376921e-02,3.567269488971092084e-02,7.302370187696945181e-02,1.644574599260172632e-01,1.020345252774352701e-01,1.415776133716947494e-01,1.008699821893410120e-01,2.738388820386354269e-02,6.925606247431155549e-02,2.899369776681737232e-02,1.575558295656939375e-02,2.633922455130839960e-02,1.414577339361556413e-02,3.423414166324154073e-02,1.150842581175503566e-02,9.710234278668310529e-03,2.245170571311138480e-02,1.489930127414714270e-02,2.520893273051103001e-02,1.316961227565419980e-02,2.383888203863543040e-02,9.419098506644746002e-03,6.216605014385531876e-03,2.488354569119057350e-02,3.419989039594464875e-02,3.370324702013974272e-02,1.779353336073434544e-02,3.971434443074393916e-02,6.310795999451979110e-02,6.946157007809289352e-02,1.750239758871078091e-02,7.924030689135498629e-02,4.814015618577887484e-02,6.156665296615974892e-02,4.512604466365255362e-02,1.060933004521167344e-01,3.690574051239895598e-02,3.300109604055349866e-02,2.544869160158926003e-02,1.739964378682011190e-02,2.962734621180983588e-02,2.883956706398136879e-02,6.033360734347170684e-02,3.565556925606247485e-02,9.926017262638717198e-02,1.029935607617481902e-01,3.423414166324154073e-02,6.780038361419372939e-02,1.974756816002192217e-01,1.064015618577887345e-01,1.403103164817098292e-01,9.479038224414303160e-02,2.174955473352514074e-02,8.223729277983285457e-02
2.202356487190025927e-02,2.976435128099739688e-02,2.130428825866556922e-02,1.376900945334977311e-02,4.409850664474585652e-02,5.723386765310316260e-02,6.228592957939443897e-02,1.310110974106041930e-02,6.351897520208248105e-02,4.322509932867515947e-02,4.918481983833401794e-02,2.907932593505959881e-02,8.776887244828059098e-02,2.866831072749691581e-02,0.000000000000000000e+00,2.419852034525277543e-02,1.236470749417728499e-02,2.767502397588710722e-02,3.199068365529524754e-02,6.168653240169886393e-02,2.837717495547335128e-02,8.747773667625702299e-02,7.903479928757363437e-02,3.120290450746677699e-02,6.319358816276202107e-02,1.444547198246335096e-01,8.852240032881215914e-02,1.225339087546239158e-01,8.819701328949171304e-02,2.356487190026030840e-02,6.031648170982326085e-02,2.561994793807370954e-02,1.409439649267022962e-02,2.349636936566653136e-02,1.239895876147417524e-02,2.966159747910672786e-02,1.003562131798876531e-02,8.597068091519386931e-03,1.978010686395396608e-02,1.315248664200575381e-02,2.243458007946293881e-02,1.159405397999726042e-02,2.091039868475133567e-02,8.203178517605151654e-03,5.582956569393067447e-03,2.200643923825181675e-02,2.950746677627072087e-02,2.907932593505959881e-02,1.566995478832716726e-02,3.430264419783531776e-02,5.480202767502397737e-02,6.071037128373749786e-02,1.546444718454582749e-02,6.882792163310041955e-02,4.190642553774489437e-02,5.317509247842169828e-02,3.969721879709549317e-02,9.246129606795451539e-02,3.217906562542813959e-02,2.863405946020002729e-02,2.195506233730647877e-02,1.508768324428003821e-02,2.543156596794081403e-02,2.479791752294835047e-02,5.272982600356213023e-02,3.130565830935744948e-02,8.694684203315522497e-02,8.939580764488286313e-02,2.984997944923962337e-02,5.872379778051788068e-02,1.713762159199890278e-01,9.230716536511851533e-02,1.210268529935607656e-01,8.338471023427866669e-02,1.880394574599260002e-02,7.216742019454719381e-02
2.142416769420468423e-02,2.933621043978627135e-02,2.097890121934511617e-02,1.352925058227154483e-02,4.372174270448006550e-02,5.658309357446225651e-02,6.163515550075352595e-02,1.286135086998218928e-02,6.327921633100425103e-02,4.319084806137827443e-02,4.882518153171667291e-02,2.859980819290313878e-02,8.663858062748321098e-02,2.834292368817646277e-02,2.419852034525277543e-02,0.000000000000000000e+00,1.231333059323194874e-02,2.721263186737909318e-02,3.145978901219344953e-02,6.107000959035484289e-02,2.779490341142622223e-02,8.615906288532675095e-02,7.763049732840114625e-02,3.031237155774763742e-02,6.250856281682422300e-02,1.403103164817098292e-01,8.790587751746814504e-02,1.211809836963967657e-01,8.720372653788190098e-02,2.373612823674475791e-02,5.894643101794766471e-02,2.500342512672968850e-02,1.388888888888888812e-02,2.275996711878339532e-02,1.205644608850527447e-02,2.969584874640361638e-02,9.984244417043430797e-03,8.511439923277160438e-03,1.936909165639128655e-02,1.299835593916974855e-02,2.186943416906425575e-02,1.126866694067680565e-02,2.108165502123578519e-02,8.168927250308261404e-03,5.600082203041512573e-03,2.135566515961090719e-02,2.919920537059871382e-02,2.885669269762981132e-02,1.546444718454582749e-02,3.414851349499931771e-02,5.413412796273461836e-02,5.988834086861213879e-02,1.505343197698314796e-02,6.761200164406082347e-02,4.156391286477599534e-02,5.298671050828880624e-02,3.875530894643101909e-02,9.127962734621181129e-02,3.224756816002192356e-02,2.837717495547335128e-02,2.180093163447047525e-02,1.501918070968625771e-02,2.512330456226880351e-02,2.459240991916700897e-02,5.216468009316344717e-02,3.058638169612275595e-02,8.579942457870941286e-02,8.828264145773394300e-02,2.925058227154404833e-02,5.812440060282230564e-02,1.679682148239484973e-01,9.143375804904781134e-02,1.201534456774900617e-01,8.225441841348130056e-02,1.895807644882860701e-02,7.112275654199205766e-02
1.087477736676257037e-02,1.503630634333470370e-02,1.080627483216878987e-02,6.901630360323331680e-03,2.267433895054116882e-02,2.904507466776270683e-02,3.200780928894369354e-02,6.627620221948212278e-03,3.294971913960816762e-02,2.205781613919715126e-02,2.520893273051103001e-02,1.474517057131113917e-02,4.492053705987121559e-02,1.418002466091245438e-02,1.236470749417728499e-02,1.231333059323194874e-02,0.000000000000000000e+00,1.406014522537333937e-02,1.642348266885874930e-02,3.139128647759967250e-02,1.416289902726400839e-02,4.437251678312097852e-02,4.012535963830661523e-02,1.551582408549116374e-02,3.195643238799835556e-02,7.215029456089874782e-02,4.505754212905877659e-02,6.199479380737087097e-02,4.466365255514453958e-02,1.202219482120838422e-02,3.026099465680230291e-02,1.301548157281819454e-02,7.072886696807782064e-03,1.169680778188792944e-02,6.267981915330867251e-03,1.512193451157692846e-02,5.120564460885052536e-03,4.452664748595697858e-03,1.012124948623099006e-02,6.798876558432661796e-03,1.140567200986436491e-02,5.856966707768187716e-03,1.084052609946568012e-02,4.212905877517467840e-03,2.962734621180983675e-03,1.082340046581723586e-02,1.503630634333470370e-02,1.488217564049869844e-02,7.963419646526921636e-03,1.739964378682011190e-02,2.774352651048088772e-02,3.103164817098232747e-02,7.775037676394026993e-03,3.485066447458556177e-02,2.159542403068913721e-02,2.717838060008220466e-02,2.015687080421975710e-02,4.724962323605973180e-02,1.652623647074941832e-02,1.453966296752979941e-02,1.116591313878613489e-02,7.689409508151801367e-03,1.291272777092752379e-02,1.241608439512261949e-02,2.673311412522263314e-02,1.558432662008494250e-02,4.396150157555829552e-02,4.558843677216056767e-02,1.503630634333470370e-02,2.984997944923962337e-02,8.578229894506096687e-02,4.677010549390327176e-02,6.175503493629264096e-02,4.243732018084669239e-02,9.727359912316756521e-03,3.668310727496917195e-02
2.399301274147143392e-02,3.349773941635840468e-02,2.414714344430744092e-02,1.549869845184271774e-02,5.007535278805316098e-02,6.523153856692698316e-02,7.115700780928894964e-02,1.472804493766269318e-02,7.367447595561035789e-02,4.920194547198246393e-02,5.567543499109466748e-02,3.286409097136593765e-02,1.001164543088094300e-01,3.159679408138101053e-02,2.767502397588710722e-02,2.721263186737909318e-02,1.406014522537333937e-02,0.000000000000000000e+00,3.611796136457048889e-02,6.994108782024935356e-02,3.147691464584189552e-02,9.926017262638717198e-02,8.951568708042197120e-02,3.485066447458556177e-02,7.173927935333607175e-02,1.617344841759145169e-01,1.009384847239347821e-01,1.384607480476777730e-01,1.005274695163721060e-01,2.695574736265241717e-02,6.768050417865460744e-02,2.909645156870804134e-02,1.614947253048362730e-02,2.618509384847239260e-02,1.402589395807644912e-02,3.315522674338950565e-02,1.138854637621592066e-02,9.898616248801206038e-03,2.262296204959583432e-02,1.498492944238936919e-02,2.520893273051103001e-02,1.292985340457596978e-02,2.402726400876832591e-02,9.419098506644746002e-03,6.490615152760652144e-03,2.377037950404164990e-02,3.346348814906151270e-02,3.330935744622551264e-02,1.767365392519523390e-02,3.875530894643101909e-02,6.202904507466776296e-02,6.881079599945197356e-02,1.739964378682011190e-02,7.766474859569803824e-02,4.772914097821619184e-02,6.038498424441704482e-02,4.471502945608987756e-02,1.049116317303740303e-01,3.668310727496917195e-02,3.224756816002192356e-02,2.512330456226880351e-02,1.714275928209343589e-02,2.885669269762981132e-02,2.796615974791067175e-02,5.992259213590903077e-02,3.459377996985888576e-02,9.869502671598849586e-02,1.014008768324427961e-01,3.354911631730374266e-02,6.682422249623236332e-02,1.917214686943417012e-01,1.046204959583504623e-01,1.372962049595835010e-01,9.475613097684613961e-02,2.144129332785313022e-02,8.165502123578571858e-02
2.817166735169201325e-02,3.831004247157145104e-02,2.779490341142622223e-02,1.777640772708590292e-02,5.706261131661871655e-02,7.466776270722016995e-02,8.127825729551993450e-02,1.698862857925743236e-02,8.331620769968488271e-02,5.636046033703247249e-02,6.387861350869981913e-02,3.750513769009453102e-02,1.146218660090423391e-01,3.649472530483627991e-02,3.199068365529524754e-02,3.145978901219344953e-02,1.642348266885874930e-02,3.611796136457048889e-02,0.000000000000000000e+00,8.018221674201946036e-02,3.646047403753938793e-02,1.134744485545965131e-01,1.029764351280997442e-01,4.014248527195506122e-02,8.198040827510617856e-02,1.851966022742841389e-01,1.153068913549801372e-01,1.586176188518975128e-01,1.143478558706672171e-01,3.082614056720098597e-02,7.769899986299493022e-02,3.339498561446773567e-02,1.825592546924236295e-02,3.020961775585696840e-02,1.623510069872585379e-02,3.849842444170434308e-02,1.306685847376352905e-02,1.140567200986436491e-02,2.577407864090971307e-02,1.715988491574188188e-02,2.923345663789560234e-02,1.498492944238936919e-02,2.779490341142622223e-02,1.073777229757501110e-02,7.586655706261131484e-03,2.789765721331689124e-02,3.832716810521989009e-02,3.813878613508699805e-02,2.037950404164954113e-02,4.418413481298807954e-02,7.160227428414851769e-02,7.894917111933141829e-02,2.000274010138375011e-02,8.925880257569529519e-02,5.483627894232086242e-02,6.920468557336621751e-02,5.147965474722564910e-02,1.204445814495136297e-01,4.212905877517467840e-02,3.705987121523496297e-02,2.866831072749691581e-02,1.971160432936018558e-02,3.310384984244416767e-02,3.199068365529524754e-02,6.901630360323332547e-02,4.005685710371283820e-02,1.129264282778462830e-01,1.166598164132072873e-01,3.854980134264968106e-02,7.653445677490067212e-02,2.202356487190026135e-01,1.202561994793807376e-01,1.575387039320454985e-01,1.090731607069461567e-01,2.469516372105767799e-02,9.383134675983011153e-02
5.346622825044526628e-02,7.430812440060281798e-02,5.319221811207014428e-02,3.445677490067132476e-02,1.103404575969310908e-01,1.439238251815317116e-01,1.568194273188107946e-01,3.277846280312371463e-02,1.614433484038909350e-01,1.085593916974928047e-01,1.235614467735306199e-01,7.256130976846143776e-02,2.205952870256199516e-01,7.040347992875736760e-02,6.168653240169886393e-02,6.107000959035484289e-02,3.139128647759967250e-02,6.994108782024935356e-02,8.018221674201946036e-02,0.000000000000000000e+00,6.994108782024935356e-02,2.198246335114399097e-01,1.970304151253596259e-01,7.739073845732291623e-02,1.587374982874366347e-01,3.588162762022195085e-01,2.230100013700506978e-01,3.060179476640635943e-01,2.214344430743937497e-01,5.894643101794766471e-02,1.504829428688861381e-01,6.408412111248115717e-02,3.509042334566379179e-02,5.824428003836142065e-02,3.142553774489656448e-02,7.463351143992327796e-02,2.543156596794081403e-02,2.164680093163447172e-02,4.918481983833401794e-02,3.336073434717084368e-02,5.591519386217289750e-02,2.851418002466091228e-02,5.254144403342923819e-02,2.061926291272777115e-02,1.443690916563912865e-02,5.320934374571859027e-02,7.465063707357172396e-02,7.346896835182901986e-02,3.901219345115769510e-02,8.561104260857652082e-02,1.376900945334977311e-01,1.522982600356213301e-01,3.827579120427455905e-02,1.726777640772708677e-01,1.056822852445540445e-01,1.338025756953007128e-01,9.912316755719961792e-02,2.315899438279216405e-01,8.052472941498835246e-02,7.179065625428140973e-02,5.562405809014933644e-02,3.801890669954788304e-02,6.386148787505137314e-02,6.208042197561310094e-02,1.334943142896287127e-01,7.665433621043978019e-02,2.195334977394163556e-01,2.245170571311138619e-01,7.427387313330592600e-02,1.474517057131113917e-01,4.263426496780380881e-01,2.319667077681874245e-01,3.040484997944923884e-01,2.105939169749280748e-01,4.776339224551308382e-02,1.808809425948759986e-01
2.507192766132346901e-02,3.380600082203041173e-02,2.419852034525277543e-02,1.560145225373338849e-02,5.123989587614741908e-02,6.509453349773941522e-02,7.177353062063296374e-02,1.500205507603781345e-02,7.261268666940676186e-02,4.973284011508425501e-02,5.668584737635292553e-02,3.348061378270995869e-02,1.006816002192081061e-01,3.247020139745170758e-02,2.837717495547335128e-02,2.779490341142622223e-02,1.416289902726400839e-02,3.147691464584189552e-02,3.646047403753938793e-02,6.994108782024935356e-02,0.000000000000000000e+00,9.864364981504315788e-02,8.987532538703932317e-02,3.538155911768735284e-02,7.144814358131250376e-02,1.629332785313056531e-01,1.000993286751609840e-01,1.392656528291546791e-01,9.936292642827784793e-02,2.671598849157418715e-02,6.855391149472531143e-02,2.943896424167694037e-02,1.609809562953829279e-02,2.678449102616796765e-02,1.421427592820934289e-02,3.396013152486641873e-02,1.155980271270037017e-02,9.847239347855871530e-03,2.282846965337717582e-02,1.510480887792848420e-02,2.579120427455815906e-02,1.335799424578709357e-02,2.401013837511987992e-02,9.504726674886970761e-03,6.456363885463761894e-03,2.505480202767502301e-02,3.322372927798328268e-02,3.289834223866282964e-02,1.796478969721879843e-02,3.933758049047814814e-02,6.196054254007398593e-02,6.999246472119467766e-02,1.765652829154678791e-02,7.793875873407316024e-02,4.841416632415399685e-02,6.103575832305795090e-02,4.591382381148102765e-02,1.061104260857651665e-01,3.693999177969584796e-02,3.265858336758459962e-02,2.493492259213590800e-02,1.731401561857788887e-02,2.899369776681737232e-02,2.822304425263734776e-02,5.903205918618988773e-02,3.586107685984381288e-02,9.763323742978489983e-02,1.010412385258254581e-01,3.408001096040553374e-02,6.677284559528702534e-02,1.942218112070146496e-01,1.042608576517331104e-01,1.376900945334977311e-01,9.422523633374435548e-02,2.133853952596246120e-02,8.228866968077819255e-02
