0.000000000000000000e+00,2.131637444979316703e-02,1.074651474333495303e-02,8.553048035448778189e-03,2.230269840568829126e-02,3.606707002900087083e-02,3.855496179834827508e-02,8.037804177891622395e-03,3.637621634353516153e-02,2.035949300004416540e-02,2.755818575277127480e-02,1.745940614465103097e-02,5.065583182440488996e-02,1.389686290097013124e-02,1.606088710271018349e-02,1.280749017356357447e-02,9.627699509782271931e-03,1.723858734855510805e-02,1.620809963344079993e-02,3.600818501670862565e-02,1.754773366308940222e-02,5.564633661617277016e-02,4.679886351926276084e-02,1.865182764356902029e-02,4.163170369061814508e-02,8.676706561262494122e-02,5.292290479765637823e-02,6.707002900086855846e-02,5.938553489673040892e-02,1.117343108245373931e-02,3.378527580267632474e-02,1.164451118079170948e-02,9.141898158371240465e-03,1.241001634059091079e-02,9.554093244416965447e-03,1.558980700437221159e-02,6.933710197412003458e-03,5.564633661617276843e-03,1.198310000147212451e-02,9.789633293585949664e-03,1.439738550545422401e-02,1.029015589807004416e-02,1.012822211426636643e-02,4.063065848164995955e-03,2.149302948666990520e-03,9.230225676809609980e-03,1.336689779033991415e-02,2.152247199281602866e-02,8.037804177891622395e-03,2.295043354090300219e-02,3.712700025026130501e-02,4.135199988222997697e-02,8.567769288521839485e-03,4.102813231462262150e-02,2.705766314828718377e-02,3.190095540932444407e-02,2.177273329505807417e-02,5.633823551060666152e-02,1.591367457197956706e-02,1.483902309764607158e-02,1.355827408028971448e-02,9.819075799732073992e-03,1.722386609548204675e-02,1.929956277878373122e-02,3.285783685907344570e-02,1.634059091109835160e-02,5.134773071883878826e-02,5.140661573113103344e-02,1.480958059149994899e-02,4.001236585258137468e-02,1.074945899394956494e-01,5.068527433055101949e-02,6.548013366897789678e-02,5.493971646866581404e-02,1.296942395736725047e-02,3.550766241222452768e-02
2.131637444979316703e-02,0.000000000000000000e+00,2.436367383591691443e-02,1.952038157487965414e-02,5.187769582946900188e-02,8.427917384327754391e-02,8.943161241884908796e-02,1.788632248376981898e-02,8.522133403995348078e-02,4.771158120979257511e-02,6.386079583094113332e-02,3.892299312517481791e-02,1.177994670906387514e-01,3.287255811214650353e-02,3.561071118373596023e-02,3.032578133050685409e-02,2.293571228782994090e-02,4.036567592633485274e-02,3.783362039776826113e-02,8.379337249186651071e-02,3.898187813746706309e-02,1.298708946105492368e-01,1.062580046813584728e-01,4.114590233920711188e-02,9.738108907830234084e-02,1.968231535868333049e-01,1.235996408014250203e-01,1.562072163582564066e-01,1.369223748325457402e-01,2.652769803765696668e-02,7.794903502186105448e-02,2.651297678458390539e-02,2.116916191906255060e-02,2.814703587569374055e-02,2.174329078891195158e-02,3.643510135582740672e-02,1.620809963344079993e-02,1.268972014897908063e-02,2.748457948740596832e-02,2.255295970793034024e-02,3.265173931605058061e-02,2.350984115767934188e-02,2.420174005211323670e-02,9.819075799732073992e-03,4.887456020256444184e-03,2.055086928999396573e-02,3.095879521264850026e-02,4.930147654168322985e-02,1.863710639049595899e-02,5.401227752506293500e-02,8.632542802043309538e-02,9.629171635089578407e-02,1.946149656258740895e-02,9.673335394308762991e-02,6.312473317728804767e-02,7.394485418598831239e-02,4.859485639417627373e-02,1.309749885910288791e-01,3.776001413240295118e-02,3.338780196970365932e-02,3.231315049537016731e-02,2.302403980626830868e-02,4.061593722857689825e-02,4.451706929293821474e-02,7.659467973913940131e-02,3.731837654021110534e-02,1.206406689337396337e-01,1.175492057883967129e-01,3.251924803839302547e-02,9.393631585920593496e-02,2.463748914307585802e-01,1.173872720045930351e-01,1.534248995274477834e-01,1.290759469446039198e-01,3.053187887352971572e-02,8.232124718456035328e-02
1.074651474333495303e-02,2.436367383591691443e-02,0.000000000000000000e+00,9.745469534366765774e-03,2.564442285327327153e-02,4.139616364144915739e-02,4.397238292923493636e-02,8.803309337690823702e-03,4.191140749900631318e-02,2.328902236158341896e-02,3.151820282942484341e-02,1.941733280336822159e-02,5.825199841010466478e-02,1.611977211500242868e-02,1.800409250835431282e-02,1.498623562837668802e-02,1.115870982938067628e-02,2.000618292629068734e-02,1.866654889664208158e-02,4.130783612301078961e-02,1.935844779107597641e-02,6.411105713318317190e-02,5.274624976077963573e-02,2.069808182072457869e-02,4.793240000588849803e-02,9.801410296044399395e-02,6.078405393867125639e-02,7.749267617659615082e-02,6.785025541374081759e-02,1.299886646351337480e-02,3.854024054527521725e-02,1.302830896965949739e-02,1.031959840421616675e-02,1.395574791326237643e-02,1.065818722489658352e-02,1.793048624298900287e-02,7.920034153307130287e-03,6.212368796831986041e-03,1.351411032107052886e-02,1.114398857630761498e-02,1.606088710271018349e-02,1.155618366235333996e-02,1.179172371152232418e-02,4.696079730306643857e-03,2.458449263201283822e-03,1.040792592265453627e-02,1.536898820827628867e-02,2.442255884820915962e-02,9.186061917590426090e-03,2.652769803765696668e-02,4.272107641802470185e-02,4.724050111145460668e-02,9.554093244416965447e-03,4.774102371593869770e-02,3.107656523723299410e-02,3.627316757202372899e-02,2.412813378674792675e-02,6.461157973766727680e-02,1.844573010054615866e-02,1.670862223792489096e-02,1.598728083734487354e-02,1.142369238469578482e-02,2.019755921624048767e-02,2.203771585037318445e-02,3.778945663854907377e-02,1.838684508825391348e-02,5.969468121126469962e-02,5.841393219390834252e-02,1.641419717646366155e-02,4.631306216785172764e-02,1.223041705309955984e-01,5.766314828718220598e-02,7.604999337543612292e-02,6.363997703484521040e-02,1.522177567754567223e-02,4.066010098779607868e-02
8.553048035448778189e-03,1.952038157487965414e-02,9.745469534366765774e-03,0.000000000000000000e+00,2.074224557994376605e-02,3.306393440209630386e-02,3.584625123290494791e-02,7.154528993507927245e-03,3.379999705574938257e-02,1.896097395810331446e-02,2.542360405717734861e-02,1.566341326973752154e-02,4.744659865447747177e-02,1.291053894507500528e-02,1.410296044399299287e-02,1.193893624225294062e-02,9.009406880713687060e-03,1.619337838036773863e-02,1.491262936301137980e-02,3.272534558141589056e-02,1.551620073900690511e-02,5.142133698420409821e-02,4.183780123364101017e-02,1.660557346641346188e-02,3.865801056985970763e-02,7.886175271239087570e-02,4.837403759808035081e-02,6.230034300519660118e-02,5.399755627198987024e-02,1.049625344109290578e-02,3.141515405791341087e-02,1.074651474333495303e-02,8.553048035448778189e-03,1.143841363776884612e-02,8.876915603056131920e-03,1.430905798701585449e-02,6.359581327562602478e-03,5.122996069425429268e-03,1.101149729865006158e-02,9.083013146078993544e-03,1.314607899424398950e-02,9.480486979051657229e-03,9.583535750563088040e-03,3.901132064361318222e-03,1.957926658717190193e-03,8.140852949403053207e-03,1.238057383444478819e-02,1.982952788941394831e-02,7.552002826480590063e-03,2.172856953583889028e-02,3.455078096247552605e-02,3.848135553298296513e-02,7.831706634868760772e-03,3.842247052069071994e-02,2.514390024878917704e-02,2.964860368914602057e-02,1.947621781566047025e-02,5.231933342166085465e-02,1.514816941218036402e-02,1.313135774117092820e-02,1.264555638975989674e-02,9.097734399152056575e-03,1.628170589880610641e-02,1.791576498991594157e-02,3.031106007743379280e-02,1.467708931384239385e-02,4.782935123437707242e-02,4.656332347009377315e-02,1.308719398195174431e-02,3.758335909552620868e-02,9.861767433643951752e-02,4.671053600082439305e-02,6.069572642023288861e-02,5.100914189815836802e-02,1.189477248303375499e-02,3.285783685907344570e-02
2.230269840568829126e-02,5.187769582946900188e-02,2.564442285327327153e-02,2.074224557994376605e-02,0.000000000000000000e+00,8.826863342607722818e-02,9.530539239500065984e-02,1.881376142737269802e-02,9.072708268927850983e-02,5.102386315123143279e-02,6.808579546290979834e-02,4.151393366603365470e-02,1.261758600892108062e-01,3.443301093789103567e-02,3.667064140499639441e-02,3.229842924229710255e-02,2.437839508898997573e-02,4.298605897333981213e-02,4.004180835872749727e-02,8.754729202549721423e-02,4.038039717940791057e-02,1.373051274124453547e-01,1.108068718809345071e-01,4.356018784318921311e-02,1.029310014868465573e-01,2.081290759469446028e-01,1.301800409250835344e-01,1.659526858926231863e-01,1.439885763076153014e-01,2.802926585110924670e-02,8.316035860972485760e-02,2.911863857851580348e-02,2.264128722636870802e-02,3.004607752211868252e-02,2.361288992919077442e-02,3.862856806371358503e-02,1.738579987928572448e-02,1.349938906799746756e-02,2.960443992992683668e-02,2.406924877445568156e-02,3.456550221554859081e-02,2.533527653873897736e-02,2.573275037171163931e-02,1.046681093494678319e-02,5.181881081717676189e-03,2.153719324588908995e-02,3.316698317360773640e-02,5.249598845853759022e-02,2.009451044472905512e-02,5.797229460171649668e-02,9.252307556419202272e-02,1.020330050493898078e-01,2.066863931457845610e-02,1.030929352706502350e-01,6.759999411149876514e-02,7.883231020624476004e-02,5.131828821269266566e-02,1.393366603365278344e-01,4.030679091404260062e-02,3.428579840716041577e-02,3.394720958648000247e-02,2.418701879904017540e-02,4.356018784318921311e-02,4.704912482150480635e-02,8.036332052584316266e-02,3.896715688439399833e-02,1.275596578780785750e-01,1.238940658628862462e-01,3.440356843174491308e-02,9.998675087223424240e-02,2.610225382384548376e-01,1.244829159858087120e-01,1.621104388405540941e-01,1.362451971911849136e-01,3.212177420542036699e-02,8.717926069867067140e-02
3.606707002900087083e-02,8.427917384327754391e-02,4.139616364144915739e-02,3.306393440209630386e-02,8.826863342607722818e-02,0.000000000000000000e+00,1.521147080039453037e-01,3.014912629363011506e-02,1.446657539489761279e-01,8.104049816720398924e-02,1.075093111925687073e-01,6.633396634721547280e-02,2.002973693120758403e-01,5.555800909773440238e-02,6.054851388950227564e-02,5.159799202108083377e-02,3.854024054527521725e-02,6.868936683890532191e-02,6.393440209630643634e-02,1.415154057913409480e-01,6.574511622429300706e-02,2.206715835651930635e-01,1.803353501450043472e-01,7.010260713391923415e-02,1.659379646395501284e-01,3.352323749797582741e-01,2.089387448659629776e-01,2.660719280425150046e-01,2.324191435174962073e-01,4.488510061976475757e-02,1.323293438737505323e-01,4.578309705722151401e-02,3.564015368988208282e-02,4.778518747515788506e-02,3.720060651562660803e-02,6.203536044988149090e-02,2.751402199355209091e-02,2.136053820901235092e-02,4.659276597623989574e-02,3.837830676147153952e-02,5.517525651783479479e-02,3.967377703190095445e-02,4.091036229003813113e-02,1.654668845412121322e-02,8.273344227060606612e-03,3.513963108539799179e-02,5.255487347082983540e-02,8.376392998572038118e-02,3.166541536015545638e-02,9.155147286136995632e-02,1.477719383473921344e-01,1.623312576366500448e-01,3.293144312443875565e-02,1.648044281529243704e-01,1.069646248288654289e-01,1.249539960841466874e-01,8.201210087002605564e-02,2.220406601009878023e-01,6.393440209630643634e-02,5.680931560894462995e-02,5.482194644408132367e-02,3.911436941512461823e-02,6.905739816573186474e-02,7.543170074636752764e-02,1.301653196720104766e-01,6.293335688733825428e-02,2.052437103446245470e-01,2.000618292629068595e-01,5.545496032622296984e-02,1.590042544421381154e-01,4.179805385034374154e-01,1.992374390908153992e-01,2.609047682138703750e-01,2.197588658746632562e-01,5.220156339707635734e-02,1.395280366264776417e-01
3.855496179834827508e-02,8.943161241884908796e-02,4.397238292923493636e-02,3.584625123290494791e-02,9.530539239500065984e-02,1.521147080039453037e-01,0.000000000000000000e+00,3.256341179761221283e-02,1.557950212722107042e-01,8.738535824169353650e-02,1.167984218816705694e-01,7.148640492278703074e-02,2.162699288963476629e-01,5.935609239058428632e-02,6.318361818958029286e-02,5.527830528934622734e-02,4.176419496827570021e-02,7.431288551281485522e-02,6.851271180202858635e-02,1.500978963329358540e-01,7.001427961548087331e-02,2.354222791444007812e-01,1.907579973207319535e-01,7.525504570949079208e-02,1.773174932650267155e-01,3.582858572921727158e-01,2.227325589954216867e-01,2.853862120743717590e-01,2.476703617011880021e-01,4.794712125896156280e-02,1.425753360126013891e-01,5.015530921992079894e-02,3.923213943970910861e-02,5.177464705795757627e-02,4.046872469784627835e-02,6.652534263716528007e-02,2.994302875060724997e-02,2.323013734929117030e-02,5.122996069425429788e-02,4.130783612301078961e-02,5.994494251350675207e-02,4.361907285548145830e-02,4.438457801528065960e-02,1.829851756981554223e-02,8.803309337690823702e-03,3.703867273182293030e-02,5.707429816425974023e-02,9.012351131328298626e-02,3.477159975857144897e-02,9.970704706384607430e-02,1.583270768007772888e-01,1.767139218890312058e-01,3.578736622061269579e-02,1.761986780314740431e-01,1.161948505056750458e-01,1.358330021051391834e-01,8.871027101826907402e-02,2.399269825847576143e-01,6.954319951714289794e-02,5.923832236599979595e-02,5.817839214473936177e-02,4.183780123364101017e-02,7.497534190110262398e-02,8.137908698788440254e-02,1.379528625476600656e-01,6.726140529081835184e-02,2.188903119433526223e-01,2.128398769303243010e-01,5.922360111292673118e-02,1.725772497755009016e-01,4.494692988267161571e-01,2.134876120655390119e-01,2.774220141618454760e-01,2.339059900778754364e-01,5.491027396251969145e-02,1.498329137776207576e-01
8.037804177891622395e-03,1.788632248376981898e-02,8.803309337690823702e-03,7.154528993507927245e-03,1.881376142737269802e-02,3.014912629363011506e-02,3.256341179761221283e-02,0.000000000000000000e+00,3.064964889811420609e-02,1.703248980553224642e-02,2.287682727553769224e-02,1.410296044399299287e-02,4.263274889958633407e-02,1.189477248303375499e-02,1.291053894507500528e-02,1.076123599640801433e-02,8.140852949403053207e-03,1.470653181998851818e-02,1.351411032107052886e-02,2.985470123216888219e-02,1.430905798701585449e-02,4.631306216785172764e-02,3.839302801454459735e-02,1.503039938759587191e-02,3.485992727700981675e-02,7.113309484903354574e-02,4.378100663928513603e-02,5.613213796758380336e-02,4.925731278246404249e-02,9.303831942174918199e-03,2.804398710418230800e-02,9.583535750563088040e-03,7.743379116430390390e-03,1.034904091036228935e-02,8.008361671745499802e-03,1.323440651268235901e-02,5.785452457713200630e-03,4.637194718014397803e-03,9.936845824316566100e-03,8.229180467841422722e-03,1.208614877298355705e-02,8.538326782375715157e-03,8.818030590763884999e-03,3.562543243680902326e-03,1.751829115694327919e-03,7.566724079553651360e-03,1.101149729865006158e-02,1.778327371225838643e-02,6.742333907462203131e-03,1.932900528492985381e-02,3.085574644113707118e-02,3.481576351779063633e-02,7.007316462777311676e-03,3.446245344403715827e-02,2.284738476939156965e-02,2.677795933989901220e-02,1.776855245918532514e-02,4.734354988296603922e-02,1.364660159872808400e-02,1.218919754449498787e-02,1.135008611933047661e-02,8.302786733206730940e-03,1.450043427696565482e-02,1.620809963344079993e-02,2.745513698125984572e-02,1.341106154955909804e-02,4.294189521412062477e-02,4.219111130739448823e-02,1.188005122996069370e-02,3.360862076579958224e-02,8.878387728363437703e-02,4.188196499286019059e-02,5.516053526476173696e-02,4.603335835946355953e-02,1.093789103328475336e-02,2.967804619529214316e-02
3.637621634353516153e-02,8.522133403995348078e-02,4.191140749900631318e-02,3.379999705574938257e-02,9.072708268927850983e-02,1.446657539489761279e-01,1.557950212722107042e-01,3.064964889811420609e-02,0.000000000000000000e+00,8.311619485050567024e-02,1.102033005049389836e-01,6.696698022935712591e-02,2.053467591161359518e-01,5.676515184972544953e-02,6.054851388950227564e-02,5.318788735297148157e-02,3.973266204419319964e-02,7.086811229371843546e-02,6.536236364439340640e-02,1.445627051774646954e-01,6.548013366897789678e-02,2.259270709122760401e-01,1.827496356489864415e-01,7.060312973840333906e-02,1.695888354016693855e-01,3.404289773145490194e-01,2.141353472007537229e-01,2.723726243577853090e-01,2.373802058031179718e-01,4.584198206951375920e-02,1.352588732352897893e-01,4.693135479692031597e-02,3.636149509046209677e-02,4.860957764724933156e-02,3.806916044693724188e-02,6.327194570801866758e-02,2.822064214105904703e-02,2.184633956042338412e-02,4.777046622208482723e-02,3.942351572965890893e-02,5.627935049831441633e-02,4.064537973472302085e-02,4.195557125822550054e-02,1.709137481782449161e-02,8.494163023156531267e-03,3.553710491837065027e-02,5.445391511725478084e-02,8.555992286063389407e-02,3.231315049537016731e-02,9.387743084691368978e-02,1.509370077581003722e-01,1.661146196764268501e-01,3.371166953731101479e-02,1.690441490379661071e-01,1.104388405541079643e-01,1.280601804825626799e-01,8.313091610357874195e-02,2.278113913056279416e-01,6.550957617512402631e-02,5.705957691118668240e-02,5.624990799216829374e-02,4.008597211794667770e-02,7.125086487361803611e-02,7.713936610284267970e-02,1.327268177067232047e-01,6.378718956557581643e-02,2.105875252101458983e-01,2.040218463395604143e-01,5.617630172680298378e-02,1.633911878579104582e-01,4.271813216741008890e-01,2.029471948652269153e-01,2.672937920475790818e-01,2.253529420424266461e-01,5.361480369209026958e-02,1.431641861355238687e-01
2.035949300004416540e-02,4.771158120979257511e-02,2.328902236158341896e-02,1.896097395810331446e-02,5.102386315123143279e-02,8.104049816720398924e-02,8.738535824169353650e-02,1.703248980553224642e-02,8.311619485050567024e-02,0.000000000000000000e+00,6.228562175212354335e-02,3.737726155250335053e-02,1.142810876061770425e-01,3.206288919312812180e-02,3.377055454960325998e-02,2.970748870143826575e-02,2.205243710344624575e-02,3.930574570507441856e-02,3.652342887426577450e-02,8.028971426047784576e-02,3.714172150333436284e-02,1.252631423986809711e-01,1.015030399387595872e-01,3.943823698273196676e-02,9.428962593295941996e-02,1.901838684508825317e-01,1.189624460834106251e-01,1.516289066525342566e-01,1.316521662323897057e-01,2.599773292702674959e-02,7.582917457934020000e-02,2.583579914322307186e-02,2.040365675926334929e-02,2.710182690750636766e-02,2.102194938833193416e-02,3.555182617144371504e-02,1.573701953510282803e-02,1.220391879756804916e-02,2.673379558067982831e-02,2.209660086266542964e-02,3.147403907020565605e-02,2.281794226324544705e-02,2.361288992919077442e-02,9.509929485197779822e-03,4.769685995671951208e-03,1.978536413019476095e-02,3.022273255899542155e-02,4.741715614833134917e-02,1.791576498991594157e-02,5.290818354458331346e-02,8.382281499801262636e-02,9.342107200164878611e-02,1.884320393351882061e-02,9.414241340222880006e-02,6.191759042529700052e-02,7.201637003341725130e-02,4.682830602540888343e-02,1.272799540696904208e-01,3.715644275640742761e-02,3.173902162552076633e-02,3.138571155176728827e-02,2.246463218949196899e-02,3.986515332185075478e-02,4.304494398563205732e-02,7.342961032843114966e-02,3.605234877592780607e-02,1.165628818325015886e-01,1.133536486625741635e-01,3.117961400874442318e-02,9.177229165746587924e-02,2.391173136657392395e-01,1.131769936256974141e-01,1.490085236055292972e-01,1.249245535780005578e-01,2.969276744836520446e-02,7.974502789677456738e-02
2.755818575277127480e-02,6.386079583094113332e-02,3.151820282942484341e-02,2.542360405717734861e-02,6.808579546290979834e-02,1.075093111925687073e-01,1.167984218816705694e-01,2.287682727553769224e-02,1.102033005049389836e-01,6.228562175212354335e-02,0.000000000000000000e+00,5.102386315123143279e-02,1.536015545643245050e-01,4.250025762192877893e-02,4.538562322424884860e-02,3.939407322351278634e-02,2.964860368914602057e-02,5.245182469931840286e-02,4.891872396178362919e-02,1.070971161065229910e-01,5.012586671377467634e-02,1.673953686937832142e-01,1.360538209012351063e-01,5.358536118594414699e-02,1.265586126691103930e-01,2.554284620706914755e-01,1.585773381030193274e-01,2.031532924082497804e-01,1.758012041985013707e-01,3.446245344403715827e-02,1.016649737225632649e-01,3.519851609769023698e-02,2.735208820974841318e-02,3.649398636811965191e-02,2.839729717793578606e-02,4.749076241369665219e-02,2.115444066598948930e-02,1.634059091109835160e-02,3.568431744910127018e-02,2.932473612153866510e-02,4.198501376437162314e-02,3.044355135509134447e-02,3.153292408249790124e-02,1.274860516127132755e-02,6.359581327562602478e-03,2.660130430302227317e-02,4.038039717940791057e-02,6.394912334937949416e-02,2.437839508898997573e-02,7.077978477528007462e-02,1.128531260580900586e-01,1.251600936271695386e-01,2.512917899571611574e-02,1.258814350277495664e-01,8.220347715997586291e-02,9.604145504865374550e-02,6.324250320187253804e-02,1.705015530921992206e-01,4.968422912158283050e-02,4.241193010349041115e-02,4.183780123364101017e-02,2.985470123216888219e-02,5.326149361833679152e-02,5.732455946650178574e-02,9.863239558951257535e-02,4.806489128354605317e-02,1.560747250805988584e-01,1.517908404363379482e-01,4.217639005432142346e-02,1.224955468209454057e-01,3.193039791547056527e-01,1.517908404363379482e-01,1.993699303684729751e-01,1.671598286446142334e-01,3.989459582799687737e-02,1.065818722489658282e-01
1.745940614465103097e-02,3.892299312517481791e-02,1.941733280336822159e-02,1.566341326973752154e-02,4.151393366603365470e-02,6.633396634721547280e-02,7.148640492278703074e-02,1.410296044399299287e-02,6.696698022935712591e-02,3.737726155250335053e-02,5.102386315123143279e-02,0.000000000000000000e+00,9.400992212457123798e-02,2.571802911863857802e-02,2.931001486846560380e-02,2.393675749679812642e-02,1.791576498991594157e-02,3.212177420542036699e-02,2.973693120758438835e-02,6.469990725610563764e-02,3.210705295234730222e-02,1.014883186856865294e-01,8.545687408912246152e-02,3.455078096247552605e-02,7.662412224528551696e-02,1.594458920343299613e-01,9.682168146152600463e-02,1.236585258137172655e-01,1.075976387110070820e-01,2.102194938833193416e-02,6.225617924597742076e-02,2.178745454813113547e-02,1.669390098485182966e-02,2.228797715261522996e-02,1.723858734855510805e-02,2.855923096173946379e-02,1.282221142663663577e-02,9.804354546659010960e-03,2.246463218949196899e-02,1.793048624298900287e-02,2.552665282868877769e-02,1.857822137820371380e-02,1.884320393351882061e-02,7.640330344918959578e-03,3.960017076653565143e-03,1.707665356475143031e-02,2.467282015045120513e-02,3.912909066819767606e-02,1.479485933842688769e-02,4.335409030016634802e-02,6.910156192495105210e-02,7.671244976372389168e-02,1.553092199207996640e-02,7.634441843689734886e-02,4.994921167689794078e-02,5.900278231683080826e-02,4.082203477159975641e-02,1.040792592265453592e-01,3.004607752211868252e-02,2.727848194438310669e-02,2.512917899571611574e-02,1.809242002679268060e-02,3.234259300151628991e-02,3.509546732617880443e-02,5.991550000736062948e-02,3.103240147801381021e-02,9.504040983968554956e-02,9.431906843910553562e-02,2.716071191979861285e-02,7.472508059886057152e-02,2.001207142751991186e-01,9.258196057648426791e-02,1.203609651253514656e-01,1.017974650002208131e-01,2.390731499065200383e-02,6.419938465162154662e-02
5.065583182440488996e-02,1.177994670906387514e-01,5.825199841010466478e-02,4.744659865447747177e-02,1.261758600892108062e-01,2.002973693120758403e-01,2.162699288963476629e-01,4.263274889958633407e-02,2.053467591161359518e-01,1.142810876061770425e-01,1.536015545643245050e-01,9.400992212457123798e-02,0.000000000000000000e+00,7.821401757717616476e-02,8.413196131254692400e-02,7.314990652004298155e-02,5.474834017871601372e-02,9.817603674424767168e-02,9.013823256635604408e-02,1.991491115723770522e-01,9.183117666975812443e-02,3.121641714142707746e-01,2.518511975739374797e-01,9.917708195321585374e-02,2.345095614538709461e-01,4.741273977240942905e-01,2.944545039673777120e-01,3.761721797759425279e-01,3.271651282957205309e-01,6.328666696109172540e-02,1.884173180821151483e-01,6.549485492205096848e-02,5.127412445347347830e-02,6.802691045061755315e-02,5.305539607531393337e-02,8.737063698862046479e-02,3.939407322351278634e-02,3.041410884894522187e-02,6.720252027852610666e-02,5.480722519100825890e-02,7.858204890400270759e-02,5.725095320113648273e-02,5.801645836093568404e-02,2.377482371299444869e-02,1.170339619308395467e-02,4.911010025173342952e-02,7.541697949329446982e-02,1.190213310957028703e-01,4.557699951419864892e-02,1.307836123010790719e-01,2.087768110821593137e-01,2.322424884806194578e-01,4.706384607457787111e-02,2.332729761957337833e-01,1.524827393307718326e-01,1.779357858940953108e-01,1.164156693017709687e-01,3.172430037244770018e-01,9.138953907756627859e-02,7.834650885483372684e-02,7.697743231903900196e-02,5.533719030163847252e-02,9.905931192863136336e-02,1.070087885880846162e-01,1.826613081305480668e-01,8.834223969144253119e-02,2.902295043354090054e-01,2.814703587569373777e-01,7.796375627493412619e-02,2.274433599788013849e-01,5.950036067070029189e-01,2.816322925407410693e-01,3.677516230181512857e-01,3.099559834533115454e-01,7.317934902618911108e-02,1.978094775427284291e-01
1.389686290097013124e-02,3.287255811214650353e-02,1.611977211500242868e-02,1.291053894507500528e-02,3.443301093789103567e-02,5.555800909773440238e-02,5.935609239058428632e-02,1.189477248303375499e-02,5.676515184972544953e-02,3.206288919312812180e-02,4.250025762192877893e-02,2.571802911863857802e-02,7.821401757717616476e-02,0.000000000000000000e+00,2.300931855319524738e-02,2.007978919165599382e-02,1.529538194291098045e-02,2.663074680916839576e-02,2.521750651415448352e-02,5.520469902398092432e-02,2.543832531025040991e-02,8.589851168131430736e-02,6.951375701099678228e-02,2.702822064214105771e-02,6.428771217005992133e-02,1.299297796228414958e-01,8.162934829012645499e-02,1.035640153689882104e-01,9.019711757864828927e-02,1.754773366308940222e-02,5.184825332332287928e-02,1.778327371225838643e-02,1.402935417862768465e-02,1.872543390893432677e-02,1.466236806076933255e-02,2.396620000294424901e-02,1.084956351484638384e-02,8.582490541594900782e-03,1.832796007596166482e-02,1.501567813452281061e-02,2.161079951125439644e-02,1.576646204124895062e-02,1.603144459656406090e-02,6.492072605220156750e-03,3.297560688365793781e-03,1.342578280263215934e-02,2.056559054306702702e-02,3.275478808756201315e-02,1.241001634059091079e-02,3.596402125748943829e-02,5.773675455254751593e-02,6.358109202255296521e-02,1.291053894507500528e-02,6.422882715776766227e-02,4.214694754817530087e-02,4.913954275787955212e-02,3.190095540932444407e-02,8.660513182882126348e-02,2.493780270576631541e-02,2.168440577661970639e-02,2.140470196823153481e-02,1.525121818369179656e-02,2.704294189521411901e-02,2.953083366456152672e-02,5.049389804060121917e-02,2.433423132977078837e-02,7.973030664370150955e-02,7.730129988664635743e-02,2.153719324588908995e-02,6.232978551134272377e-02,1.622282088651386123e-01,7.781654374420350628e-02,1.013411061549559095e-01,8.502995775000367351e-02,2.002090417936374864e-02,5.449807887647396820e-02
1.606088710271018349e-02,3.561071118373596023e-02,1.800409250835431282e-02,1.410296044399299287e-02,3.667064140499639441e-02,6.054851388950227564e-02,6.318361818958029286e-02,1.291053894507500528e-02,6.054851388950227564e-02,3.377055454960325998e-02,4.538562322424884860e-02,2.931001486846560380e-02,8.413196131254692400e-02,2.300931855319524738e-02,0.000000000000000000e+00,2.191994582578869061e-02,1.603144459656406090e-02,2.911863857851580348e-02,2.735208820974841318e-02,6.071044767330595338e-02,2.892726228856600315e-02,9.430434718603247779e-02,7.883231020624476004e-02,3.142987531098646869e-02,7.004372212162698896e-02,1.455637503864329052e-01,8.941689116577603014e-02,1.128236835519439429e-01,9.970704706384607430e-02,1.893153145195719186e-02,5.642656302904502930e-02,1.891681019888413057e-02,1.480958059149994899e-02,2.027116548160579415e-02,1.538370946134934997e-02,2.536471904488509996e-02,1.151201990313415434e-02,8.965243121494501435e-03,1.956454533409883803e-02,1.603144459656406090e-02,2.327430110851035766e-02,1.659085221334040058e-02,1.672334349099795225e-02,6.654006389023833616e-03,3.621428255973148380e-03,1.541315196749547256e-02,2.261184472022258543e-02,3.583152997983188315e-02,1.316080024731705080e-02,3.799555418157193887e-02,6.275670185046150484e-02,6.821828674056736042e-02,1.389686290097013124e-02,7.032342593001515707e-02,4.401654668845412371e-02,5.256959472390290017e-02,3.569903870217432801e-02,9.345051450779490176e-02,2.663074680916839576e-02,2.521750651415448352e-02,2.305348231241443127e-02,1.628170589880610641e-02,2.931001486846560380e-02,3.191567666239750189e-02,5.582299165304950572e-02,2.739625196896759707e-02,8.748840701320496904e-02,8.664929558804045084e-02,2.461393513815895995e-02,6.707002900086855846e-02,1.812480678355341546e-01,8.473553268854244758e-02,1.099383179496238733e-01,9.384798834076756024e-02,2.186106081349644542e-02,5.909110983526917604e-02
1.280749017356357447e-02,3.032578133050685409e-02,1.498623562837668802e-02,1.193893624225294062e-02,3.229842924229710255e-02,5.159799202108083377e-02,5.527830528934622734e-02,1.076123599640801433e-02,5.318788735297148157e-02,2.970748870143826575e-02,3.939407322351278634e-02,2.393675749679812642e-02,7.314990652004298155e-02,2.007978919165599382e-02,2.191994582578869061e-02,0.000000000000000000e+00,1.426489422779667060e-02,2.514390024878917704e-02,2.343623489231403539e-02,5.167159828644614372e-02,2.337734988002178674e-02,8.090800688954644104e-02,6.525931487288197386e-02,2.508501523649693185e-02,6.073989017945207597e-02,1.214650591058310941e-01,7.677133477601613687e-02,9.723387654757173482e-02,8.427917384327754391e-02,1.669390098485182966e-02,4.843292261037259600e-02,1.631114840495222901e-02,1.291053894507500528e-02,1.706193231167836902e-02,1.338161904341297545e-02,2.225853464646910737e-02,1.008405835504718080e-02,7.684494104138144335e-03,1.685583476865550739e-02,1.369076535794726789e-02,1.950566032180659284e-02,1.436794299930810141e-02,1.501567813452281061e-02,5.976828747663000957e-03,3.003135626904562209e-03,1.243945884673703511e-02,1.947621781566047025e-02,3.054660012660277701e-02,1.149729865006109304e-02,3.377055454960325998e-02,5.414476880272049014e-02,5.914999484756142123e-02,1.186532997688763240e-02,6.115208526549779922e-02,3.934990946429359898e-02,4.559172076727170675e-02,2.948666990534234283e-02,8.132020197559215735e-02,2.373065995377526480e-02,2.022700172238661026e-02,2.021228046931354896e-02,1.423545172165054627e-02,2.580635663707694927e-02,2.721959693209085804e-02,4.760853243828114950e-02,2.284738476939156965e-02,7.552002826480590236e-02,7.259049890326664534e-02,1.968231535868333187e-02,5.889973354531937572e-02,1.529243769229636785e-01,7.288492396472787127e-02,9.539371991343903456e-02,8.099633440798480188e-02,1.918179275419923738e-02,5.074415934284326468e-02
9.627699509782271931e-03,2.293571228782994090e-02,1.115870982938067628e-02,9.009406880713687060e-03,2.437839508898997573e-02,3.854024054527521725e-02,4.176419496827570021e-02,8.140852949403053207e-03,3.973266204419319964e-02,2.205243710344624575e-02,2.964860368914602057e-02,1.791576498991594157e-02,5.474834017871601372e-02,1.529538194291098045e-02,1.603144459656406090e-02,1.426489422779667060e-02,0.000000000000000000e+00,1.871071265586126547e-02,1.753301241001634092e-02,3.846663427990990730e-02,1.757717616923552481e-02,6.020992506882185541e-02,4.846236511651871859e-02,1.874015516200739154e-02,4.522368944044517086e-02,9.050626389318258691e-02,5.692708563352912726e-02,7.273771143399726524e-02,6.290391438119212475e-02,1.241001634059091079e-02,3.614067629436617385e-02,1.246890135288315771e-02,9.686584522074518852e-03,1.296942395736725047e-02,1.011350086119330513e-02,1.700304729938612383e-02,7.463675308042220548e-03,5.800173710786261927e-03,1.268972014897908063e-02,1.055513845338515271e-02,1.497151437530362499e-02,1.082012100870026125e-02,1.129120110703823142e-02,4.548867199576028288e-03,2.296515479397606523e-03,9.347995701394102089e-03,1.436794299930810141e-02,2.271489349173401798e-02,8.567769288521839485e-03,2.524694902030060958e-02,4.015957838331198765e-02,4.453179054601127951e-02,8.979964374567562732e-03,4.512064066893373832e-02,2.961916118299989797e-02,3.432996216637960313e-02,2.222909214032298478e-02,6.094598772247493412e-02,1.776855245918532514e-02,1.505984189374199450e-02,1.505984189374199450e-02,1.079067850255413692e-02,1.904930147654168224e-02,2.046254177155559448e-02,3.522795860383635957e-02,1.701776855245918513e-02,5.594076167763400304e-02,5.413004754964742538e-02,1.478013808535382466e-02,4.369267912084676825e-02,1.136922374832545768e-01,5.421837506808579316e-02,7.167778121273682412e-02,6.006271253809124244e-02,1.442682801160034660e-02,3.815748796537560966e-02
1.723858734855510805e-02,4.036567592633485274e-02,2.000618292629068734e-02,1.619337838036773863e-02,4.298605897333981213e-02,6.868936683890532191e-02,7.431288551281485522e-02,1.470653181998851818e-02,7.086811229371843546e-02,3.930574570507441856e-02,5.245182469931840286e-02,3.212177420542036699e-02,9.817603674424767168e-02,2.663074680916839576e-02,2.911863857851580348e-02,2.514390024878917704e-02,1.871071265586126547e-02,0.000000000000000000e+00,3.094407395957543896e-02,6.860103932046696107e-02,3.135626904562116568e-02,1.076270812171531976e-01,8.678178686569801292e-02,3.400609459877224766e-02,8.028971426047784576e-02,1.621546025997732954e-01,1.009877960812024383e-01,1.290317831853847463e-01,1.123231609474598519e-01,2.168440577661970639e-02,6.444964595386359907e-02,2.228797715261522996e-02,1.745940614465103097e-02,2.328902236158341896e-02,1.834268132903472612e-02,2.978109496680357571e-02,1.342578280263215934e-02,1.036376216343535238e-02,2.277377850402626316e-02,1.868127014971514288e-02,2.670435307453370571e-02,1.950566032180659284e-02,1.978536413019476095e-02,8.037804177891622395e-03,4.018902088945811198e-03,1.659085221334040058e-02,2.564442285327327153e-02,4.079259226545363382e-02,1.550147948593384208e-02,4.469372432981495724e-02,7.157473244122539158e-02,7.900896524312149560e-02,1.611977211500242868e-02,8.033387801969703312e-02,5.256959472390290017e-02,6.093126646940187630e-02,3.967377703190095445e-02,1.083925863769524128e-01,3.119433526181748448e-02,2.704294189521411901e-02,2.639520675999941154e-02,1.894625270503025316e-02,3.388832457418775729e-02,3.658231388655802663e-02,6.285975062197293739e-02,3.032578133050685409e-02,9.979537458228444902e-02,9.673335394308762991e-02,2.666018931531451835e-02,7.775765873191126110e-02,2.035507662412224528e-01,9.664502642464926907e-02,1.257489437500920182e-01,1.066701997674042030e-01,2.515862150186223833e-02,6.780609165452163023e-02
1.620809963344079993e-02,3.783362039776826113e-02,1.866654889664208158e-02,1.491262936301137980e-02,4.004180835872749727e-02,6.393440209630643634e-02,6.851271180202858635e-02,1.351411032107052886e-02,6.536236364439340640e-02,3.652342887426577450e-02,4.891872396178362919e-02,2.973693120758438835e-02,9.013823256635604408e-02,2.521750651415448352e-02,2.735208820974841318e-02,2.343623489231403539e-02,1.753301241001634092e-02,3.094407395957543896e-02,0.000000000000000000e+00,6.416994214547541708e-02,2.945722739919622024e-02,9.955983453311545439e-02,8.090800688954644104e-02,3.147403907020565605e-02,7.462203182734913898e-02,1.505689764312738432e-01,9.427490467988634826e-02,1.202137525946208596e-01,1.046828306025408828e-01,2.046254177155559448e-02,5.991550000736062948e-02,2.041837801233641059e-02,1.607560835578324479e-02,2.153719324588908995e-02,1.659085221334040058e-02,2.798510209189006281e-02,1.238057383444478819e-02,9.760190787439827070e-03,2.109555565369724411e-02,1.740052113235878578e-02,2.492308145269325412e-02,1.804825626757349671e-02,1.856350012513065251e-02,7.419511548823035790e-03,3.812804545922949141e-03,1.550147948593384208e-02,2.378954496606750998e-02,3.762752285474539604e-02,1.417656670935830109e-02,4.139616364144915739e-02,6.646645762487303488e-02,7.348849534072340872e-02,1.482430184457301028e-02,7.491645688881037879e-02,4.835931634500728604e-02,5.627935049831441633e-02,3.668536265806945224e-02,1.003253396929146557e-01,2.913335983158886477e-02,2.526167027337367088e-02,2.480531142810876027e-02,1.770966744689307995e-02,3.135626904562116568e-02,3.384416081496856993e-02,5.885556978610019530e-02,2.798510209189006281e-02,9.252307556419202272e-02,8.943161241884908796e-02,2.465809889737814384e-02,7.207525504570949648e-02,1.878726317184118699e-01,8.999102003562543806e-02,1.179466796213693713e-01,9.929485197780034411e-02,2.346567739846015799e-02,6.313945443036110550e-02
3.600818501670862565e-02,8.379337249186651071e-02,4.130783612301078961e-02,3.272534558141589056e-02,8.754729202549721423e-02,1.415154057913409480e-01,1.500978963329358540e-01,2.985470123216888219e-02,1.445627051774646954e-01,8.028971426047784576e-02,1.070971161065229910e-01,6.469990725610563764e-02,1.991491115723770522e-01,5.520469902398092432e-02,6.071044767330595338e-02,5.167159828644614372e-02,3.846663427990990730e-02,6.860103932046696107e-02,6.416994214547541708e-02,0.000000000000000000e+00,6.467046474995952199e-02,2.207599110836314382e-01,1.787601760661867434e-01,6.889546438192818700e-02,1.648338706590705138e-01,3.325236644143149678e-01,2.096895287726891211e-01,2.652180953642774286e-01,2.320658334437427361e-01,4.466428182366882771e-02,1.315049537016590719e-01,4.448762678679209215e-02,3.559598993066289546e-02,4.772630246286563988e-02,3.687673894801925256e-02,6.106375774705943144e-02,2.711654816057942896e-02,2.138998071515847352e-02,4.553283575497946156e-02,3.796611167542580934e-02,5.498388022788499446e-02,3.932046695814747639e-02,4.067482224086914344e-02,1.623754213958692252e-02,8.346950492425914830e-03,3.469799349320613902e-02,5.246654595239146762e-02,8.360199620191670344e-02,3.123849902103667184e-02,9.038849386859809654e-02,1.459465029663324920e-01,1.605499860148095759e-01,3.262229680990445801e-02,1.649369194305819186e-01,1.060077433791164342e-01,1.235849195483519625e-01,8.065774558730438859e-02,2.196999808623709971e-01,6.346332199796846096e-02,5.663266057206789439e-02,5.499860148095805923e-02,3.880522310059032060e-02,6.893962814114737436e-02,7.500478440724873963e-02,1.308572185664443888e-01,6.205008170295455566e-02,2.056411841775971916e-01,1.988546865109158124e-01,5.476306143178907154e-02,1.579443242208776743e-01,4.160520543508663405e-01,1.982363938818472171e-01,2.593590366411989145e-01,2.191700157517407765e-01,5.167159828644614372e-02,1.398813467002311128e-01
1.754773366308940222e-02,3.898187813746706309e-02,1.935844779107597641e-02,1.551620073900690511e-02,4.038039717940791057e-02,6.574511622429300706e-02,7.001427961548087331e-02,1.430905798701585449e-02,6.548013366897789678e-02,3.714172150333436284e-02,5.012586671377467634e-02,3.210705295234730222e-02,9.183117666975812443e-02,2.543832531025040991e-02,2.892726228856600315e-02,2.337734988002178674e-02,1.757717616923552481e-02,3.135626904562116568e-02,2.945722739919622024e-02,6.467046474995952199e-02,0.000000000000000000e+00,9.992786585994199722e-02,8.501523649693061568e-02,3.418274963564898322e-02,7.546114325251365718e-02,1.574143591102474538e-01,9.554093244416965447e-02,1.217153204080731327e-01,1.072884923964727844e-01,2.053614803692090443e-02,6.109320025320555403e-02,2.103667064140499546e-02,1.648780344182896804e-02,2.237630467105360121e-02,1.706193231167836902e-02,2.848562469637415384e-02,1.260139263054071111e-02,9.995730836608811287e-03,2.180217580120420023e-02,1.753301241001634092e-02,2.580635663707694927e-02,1.843100884747309737e-02,1.863710639049595899e-02,7.478396561115281845e-03,3.901132064361318222e-03,1.673806474407101702e-02,2.411341253367486545e-02,3.859912555756746244e-02,1.455931928925790174e-02,4.223527506661366865e-02,6.758527285842570731e-02,7.557891327709814755e-02,1.533954570213016608e-02,7.476924435807975888e-02,4.918370651709873254e-02,5.806062212015486446e-02,4.002708710565443251e-02,1.023715938700702210e-01,2.939834238690397158e-02,2.691045061755656734e-02,2.482003268118182157e-02,1.807769877371961931e-02,3.157708784171708860e-02,3.491881228930206194e-02,5.948858366824184146e-02,3.001663501597255992e-02,9.284694313179937819e-02,9.259668182955732574e-02,2.680740184604513479e-02,7.303213649545849118e-02,1.952185370018695854e-01,9.153675160829689850e-02,1.189771673364836829e-01,1.001928484152571075e-01,2.350984115767934188e-02,6.406689337396399841e-02
