0.000000000000000000e+00,1.239566884728175028e-02,7.241145950823370606e-03,5.436498984886082089e-03,1.792240018046469680e-02,2.153169411233927383e-02,2.534401082788179452e-02,5.188360027069704485e-03,2.697947214076246505e-02,1.690728626212497157e-02,1.932100157906609453e-02,1.524926686217008796e-02,3.850665463568689328e-02,9.632303180690277022e-03,9.767651703135574529e-03,6.959169862395669058e-03,7.500563952176855613e-03,1.416647868260771485e-02,1.220392510715091403e-02,2.092262576133543939e-02,1.116625310173697226e-02,3.794270245883148845e-02,2.884051432438529058e-02,1.197834423640875209e-02,3.207759981953530598e-02,6.946762914504850395e-02,3.671328671328671217e-02,5.096999774419129492e-02,3.202120460184976203e-02,7.906609519512745529e-03,1.970448905932777051e-02,1.130160162418226977e-02,6.914053688247236845e-03,1.160613579968418699e-02,7.748702909993232350e-03,1.059102188134446176e-02,4.500338371306113021e-03,3.665689149560117516e-03,1.166253101736972747e-02,5.752312203925107580e-03,9.722535528987141448e-03,7.895330475975638126e-03,1.008346492217459915e-02,3.158132190390254904e-03,1.928716444845477102e-03,7.590796300473720039e-03,1.096323031806902860e-02,1.265508684863523615e-02,4.996616286938867363e-03,1.703135574103315994e-02,2.244529663884502549e-02,2.312203925107150781e-02,6.034288292352808260e-03,3.030678998420933967e-02,1.815926009474396613e-02,2.432889690954206929e-02,1.584705616963681327e-02,3.632979923302503966e-02,1.221520415068802143e-02,1.255357545680126259e-02,9.293931874577035859e-03,6.575682382133994815e-03,1.046695240243627339e-02,1.283555154522896501e-02,1.927588540491766145e-02,1.268892397924656010e-02,3.751409880442138634e-02,3.384840965486126535e-02,9.158583352131740088e-03,2.750958718700654074e-02,8.537108053237085770e-02,3.852921272276110809e-02,5.159034513873223676e-02,3.263027295285359647e-02,6.677193773967967511e-03,2.529889465373336491e-02
1.239566884728175028e-02,0.000000000000000000e+00,1.562147529889465307e-02,1.158357771260997045e-02,3.794270245883148845e-02,4.563501015113918119e-02,5.385743288969095655e-02,1.106474170990300043e-02,5.775998195353033993e-02,3.559666140311301685e-02,4.113467177983307077e-02,3.101736972704714768e-02,8.188585607940446209e-02,2.052785923753665601e-02,2.014437175727498350e-02,1.462891946762914439e-02,1.583577712609970586e-02,3.008120911346717774e-02,2.590796300473719935e-02,4.433792014437176049e-02,2.327994586059102186e-02,8.020527859237536195e-02,6.021881344461989943e-02,2.459959395443266431e-02,6.785472591924204822e-02,1.453530340627114947e-01,7.792691179787954170e-02,1.080306789984209342e-01,6.795623731107601484e-02,1.679449582675389060e-02,4.145048499887209886e-02,2.368599142792691264e-02,1.482066320775998237e-02,2.462215204150687911e-02,1.632077599819535194e-02,2.250169185653056597e-02,9.598466050078953080e-03,7.590796300473720039e-03,2.447552447552447594e-02,1.244078502143018336e-02,2.059553349875930389e-02,1.676065869614256840e-02,2.164448454771035479e-02,6.733588991653507994e-03,4.026618542747575219e-03,1.591473043085946462e-02,2.335889916535077715e-02,2.658470561696368167e-02,1.054590570719603042e-02,3.612677644935709254e-02,4.725919242048274432e-02,4.888337468982630052e-02,1.286938867584028895e-02,6.450484998872095532e-02,3.857432889690954464e-02,5.199639070606812408e-02,3.252876156101962291e-02,7.690051883600271254e-02,2.611098578840514300e-02,2.617866004962779089e-02,1.999774419129257685e-02,1.407624633431085043e-02,2.234378524701105193e-02,2.723889014211594919e-02,4.122490412812993693e-02,2.657342657342657427e-02,7.981051206857658897e-02,7.051658019399954791e-02,1.886983983758177413e-02,5.858335213173922890e-02,1.795398150236859891e-01,8.206632077599819441e-02,1.089442815249266894e-01,6.938867584028873825e-02,1.417775772614482226e-02,5.306789984209338978e-02
7.241145950823370606e-03,1.562147529889465307e-02,0.000000000000000000e+00,6.925332731784345115e-03,2.268215655312429482e-02,2.700203022783667986e-02,3.207759981953530598e-02,6.564403338596887412e-03,3.485224452966388664e-02,2.082111436950146582e-02,2.457703586735844950e-02,1.819309722535528834e-02,4.848860816602752061e-02,1.219264606361380489e-02,1.177532145274080844e-02,8.718700654184525362e-03,9.339048048725468940e-03,1.794495826753891160e-02,1.558763816828332913e-02,2.628017144146176445e-02,1.357996841867809695e-02,4.786826077148657876e-02,3.576584705616963483e-02,1.449357094518384861e-02,4.054816151590345114e-02,8.605910218813445089e-02,4.662756598240469508e-02,6.380554928942025472e-02,4.057071960297766594e-02,9.778930746672681931e-03,2.441912925783893545e-02,1.387322355064290504e-02,9.079630047371983065e-03,1.494473268666817074e-02,9.857884051432438954e-03,1.356868937514098782e-02,5.786149334536431522e-03,4.613128806677193987e-03,1.457252424994360564e-02,7.545680126325287826e-03,1.242950597789307422e-02,1.009474396571170829e-02,1.316264380780509877e-02,4.060455673358899162e-03,2.436273404015339497e-03,9.237536656891495376e-03,1.369275885404917618e-02,1.601624182269343472e-02,6.237311076020753652e-03,2.153169411233927383e-02,2.825400406045567442e-02,2.925783893525828877e-02,7.478005865102639073e-03,3.869839837581773301e-02,2.291901646740356416e-02,3.101736972704714768e-02,1.889239792465598894e-02,4.572524249943604735e-02,1.564403338596886961e-02,1.535077825400405979e-02,1.183171667042634718e-02,8.369050304534175061e-03,1.347845702684412339e-02,1.628693886758402973e-02,2.458831491089555690e-02,1.549740581998646470e-02,4.746221520415069145e-02,4.155199639070606549e-02,1.115497405819986486e-02,3.477329122490412788e-02,1.054252199413489716e-01,4.904128129934581803e-02,6.436950146627566649e-02,4.145048499887209886e-02,8.436724565756824681e-03,3.146853146853147154e-02
5.436498984886082089e-03,1.158357771260997045e-02,6.925332731784345115e-03,0.000000000000000000e+00,1.661403113016016175e-02,2.009925558312655042e-02,2.381006090683510101e-02,4.849988720956463321e-03,2.541168508910444240e-02,1.567787051658019529e-02,1.813670200766975132e-02,1.362508459282652830e-02,3.611549740581998513e-02,8.944281524926685559e-03,8.842770133092713730e-03,6.474170990300022986e-03,7.004286036544101271e-03,1.328671328671328714e-02,1.131288066771937717e-02,1.936611775321452761e-02,1.028648770584254454e-02,3.522445296638845175e-02,2.648319422512970811e-02,1.088427701330927158e-02,3.009248815700428514e-02,6.362508459282652240e-02,3.417550191743740085e-02,4.750733137829912106e-02,3.005865102639296293e-02,7.297541168508910221e-03,1.839612000902323546e-02,1.048951048951048994e-02,6.722309948116399723e-03,1.105346266636589303e-02,7.320099255583126761e-03,9.903000225580870300e-03,4.297315587638168496e-03,3.372434017595308132e-03,1.100834649221745995e-02,5.526731333182946515e-03,9.214978569817278836e-03,7.556959169862396096e-03,9.643582224227386160e-03,3.045341755019174371e-03,1.793367922400180463e-03,6.981727949469884731e-03,1.009474396571170829e-02,1.171892623505526795e-02,4.703361154974058413e-03,1.615159034513873396e-02,2.067448680351906265e-02,2.173471689600721748e-02,5.662079855628243154e-03,2.846830588766072548e-02,1.696368147981051205e-02,2.304308594631175253e-02,1.430182720505301236e-02,3.425445522219715960e-02,1.157229866907286304e-02,1.152718249492442996e-02,8.831491089555606327e-03,6.259869163094969324e-03,9.981953530340627323e-03,1.194450710579742815e-02,1.804646965937288516e-02,1.189939093164899681e-02,3.484096548612677924e-02,3.075795172569366007e-02,8.335213173922851118e-03,2.571621926460636309e-02,7.851342206180915440e-02,3.586735844800360840e-02,4.808256259869163329e-02,3.032934807128355448e-02,6.192194901872321439e-03,2.351680577487029120e-02
1.792240018046469680e-02,3.794270245883148845e-02,2.268215655312429482e-02,1.661403113016016175e-02,0.000000000000000000e+00,6.585833521317392691e-02,7.745319196932100303e-02,1.602752086623054212e-02,8.346492217459959562e-02,5.183848409654861350e-02,5.949695465824498403e-02,4.487931423415294357e-02,1.186329799233025034e-01,2.925783893525828877e-02,2.894202571621926415e-02,2.117076471915181612e-02,2.299796977216331945e-02,4.361606135799684508e-02,3.741258741258741277e-02,6.416647868260771936e-02,3.369050304534175477e-02,1.159034513873223593e-01,8.705165801939995784e-02,3.540491766298217713e-02,9.834198060004512021e-02,2.086623054364989960e-01,1.122941574554477823e-01,1.561470787277238759e-01,9.843221294834197943e-02,2.422738551770809920e-02,5.974509361606136076e-02,3.466050078953304692e-02,2.153169411233927383e-02,3.554026618542747290e-02,2.384389803744642322e-02,3.252876156101962291e-02,1.398601398601398600e-02,1.104218362282878389e-02,3.584480036092939359e-02,1.777577261448229362e-02,2.981051206857658620e-02,2.445296638845026113e-02,3.135574103316039057e-02,9.857884051432438954e-03,5.876381682833295948e-03,2.291901646740356416e-02,3.353259643582224420e-02,3.847281750507557108e-02,1.533949921046695239e-02,5.261673810060906592e-02,6.800135348522445833e-02,7.135122941574555122e-02,1.867809609745093788e-02,9.291676065869614032e-02,5.593277690051883660e-02,7.506203473945409488e-02,4.711256485450034115e-02,1.113128806677193827e-01,3.782991202346040749e-02,3.776223776223776307e-02,2.858109632303180644e-02,2.046018497631400812e-02,3.213399503722084299e-02,3.910444394315362032e-02,5.928265283103992950e-02,3.849537559214978588e-02,1.147529889465373348e-01,1.016016241822693400e-01,2.735168057748703016e-02,8.507782540040605135e-02,2.579517256936612046e-01,1.180690277464471055e-01,1.575231220392510623e-01,9.960523347620121870e-02,2.066320775998195525e-02,7.660726370403789232e-02
2.153169411233927383e-02,4.563501015113918119e-02,2.700203022783667986e-02,2.009925558312655042e-02,6.585833521317392691e-02,0.000000000000000000e+00,9.335664335664335678e-02,1.921949018723212443e-02,1.003496503496503489e-01,6.113241597112564762e-02,7.070832393413038763e-02,5.353034062711482105e-02,1.416647868260771381e-01,3.546131288066772108e-02,3.479584931197834269e-02,2.552447552447552337e-02,2.727272727272727140e-02,5.237987818632979659e-02,4.484547710354162137e-02,7.749830814346943264e-02,4.024362734040153738e-02,1.401308369050304481e-01,1.049402210692533255e-01,4.297315587638168149e-02,1.183397247913376971e-01,2.539251071509135982e-01,1.354613128806677058e-01,1.872885179336792327e-01,1.184186780960974489e-01,2.906609519512745252e-02,7.196029776674937872e-02,4.090909090909090884e-02,2.571621926460636309e-02,4.262350552673133119e-02,2.822016692984434874e-02,3.895781637717121715e-02,1.664786826077148743e-02,1.323031806902774665e-02,4.253327317843447197e-02,2.173471689600721748e-02,3.577712609970674223e-02,2.912249041281299300e-02,3.751409880442138634e-02,1.158357771260997045e-02,7.060681254229641754e-03,2.758854049176629950e-02,4.033385968869839661e-02,4.621024137153169342e-02,1.813670200766975132e-02,6.230543649898488689e-02,8.258515677870516269e-02,8.472817505075569411e-02,2.224227385517708183e-02,1.115497405819986521e-01,6.635461312880668039e-02,8.979246559891720936e-02,5.601173020527859536e-02,1.335100383487480280e-01,4.538687119332280445e-02,4.528535980148883089e-02,3.463794270245883211e-02,2.430633882246785449e-02,3.903676968193096897e-02,4.721407624633430777e-02,7.076471915181592465e-02,4.578163771712159130e-02,1.384164222873900396e-01,1.230318069027746403e-01,3.317166704263478649e-02,1.017369727047146427e-01,3.115384615384615419e-01,1.421046695240243685e-01,1.887999097676517080e-01,1.207647191518159274e-01,2.463343108504398998e-02,9.221745995939543972e-02
2.534401082788179452e-02,5.385743288969095655e-02,3.207759981953530598e-02,2.381006090683510101e-02,7.745319196932100303e-02,9.335664335664335678e-02,0.000000000000000000e+00,2.271599368373562050e-02,1.178772840063162658e-01,7.324610872997969202e-02,8.450259418001353218e-02,6.337694563501014566e-02,1.673020527859237494e-01,4.172118204376269041e-02,4.107827656214752682e-02,2.991202346041055629e-02,3.272050530115046263e-02,6.193322806226032179e-02,5.271824949244303948e-02,9.077374238664560890e-02,4.789081885856079357e-02,1.639070606812542408e-01,1.236183171667042668e-01,5.028197608842770172e-02,1.398375817730656556e-01,2.954094292803970401e-01,1.593841642228739086e-01,2.210128581096323097e-01,1.394653733363410697e-01,3.418678096097450825e-02,8.473945409429280151e-02,4.917662982179111381e-02,3.054364989848860901e-02,5.065418452515226683e-02,3.365666591473043256e-02,4.624407850214301563e-02,1.989623279945860676e-02,1.556508008120911432e-02,5.129709000676742348e-02,2.556959169862395645e-02,4.246559891721182062e-02,3.506654635686893423e-02,4.445071057974283452e-02,1.398601398601398600e-02,8.312655086848634578e-03,3.234829686442589752e-02,4.721407624633430777e-02,5.434243176178660262e-02,2.165576359124746220e-02,7.452064064967291179e-02,9.622152041506880360e-02,1.012970900067674263e-01,2.649447326866681551e-02,1.317617866004962834e-01,7.947214076246333914e-02,1.068463794270245876e-01,6.636589217234378779e-02,1.583464922174599721e-01,5.346266636589216970e-02,5.346266636589216970e-02,4.069478908188585431e-02,2.915632754342431868e-02,4.595082337017820928e-02,5.518836002706970639e-02,8.384840965486126119e-02,5.475975637265959733e-02,1.620460184976313944e-01,1.438078050981276834e-01,3.884502594180013618e-02,1.197383261899390983e-01,3.642792691179788100e-01,1.668960072185878551e-01,2.228626212497180348e-01,1.413602526505752244e-01,2.899842093390480463e-02,1.086623054364989904e-01
5.188360027069704485e-03,1.106474170990300043e-02,6.564403338596887412e-03,4.849988720956463321e-03,1.602752086623054212e-02,1.921949018723212443e-02,2.271599368373562050e-02,0.000000000000000000e+00,2.435145499661628757e-02,1.497856981727949469e-02,1.722309948116399619e-02,1.324159711256485406e-02,3.431085043988269662e-02,8.583352131739227855e-03,8.504398826979472567e-03,6.158357771260997496e-03,6.722309948116399723e-03,1.270020302278366750e-02,1.085043988269794764e-02,1.867809609745093788e-02,9.891721182043762897e-03,3.373561921949018438e-02,2.570494022106925222e-02,1.044439431536205685e-02,2.879539815023686097e-02,6.135799684186780956e-02,3.292352808481840976e-02,4.533047597563726744e-02,2.863749154071734693e-02,6.970448905932777328e-03,1.749379652605459121e-02,1.004962779156327521e-02,6.237311076020753652e-03,1.039927814121362551e-02,6.868937514098804632e-03,9.440559440559440768e-03,4.049176629821790892e-03,3.214527408075795387e-03,1.042183622828784205e-02,5.256034288292353238e-03,8.696142567110308821e-03,7.117076471915181370e-03,9.102188134446199605e-03,2.842318971351229413e-03,1.714414617640424091e-03,6.654635686893751838e-03,9.745093616061357988e-03,1.116625310173697226e-02,4.432664110083465135e-03,1.521542973155876402e-02,1.991879088653282157e-02,2.073088202120460313e-02,5.413940897811865549e-03,2.713737875028197563e-02,1.632077599819535194e-02,2.197157681028648682e-02,1.369275885404917618e-02,3.258515677870516686e-02,1.100834649221745995e-02,1.101962553575456735e-02,8.380329348071284198e-03,5.932776900518836431e-03,9.474396571170764711e-03,1.132415971125648631e-02,1.729077374238664408e-02,1.125648545003383669e-02,3.345364313106248544e-02,2.986690728626212668e-02,8.008120911346717358e-03,2.471238438980374527e-02,7.559214978569817056e-02,3.434468757049401882e-02,4.581547484773291351e-02,2.923528084818407397e-02,5.932776900518836431e-03,2.237762237762237760e-02
2.697947214076246505e-02,5.775998195353033993e-02,3.485224452966388664e-02,2.541168508910444240e-02,8.346492217459959562e-02,1.003496503496503489e-01,1.178772840063162658e-01,2.435145499661628757e-02,0.000000000000000000e+00,7.715993683735619668e-02,9.024362734040153322e-02,6.716670426347845502e-02,1.794270245883149151e-01,4.500338371306113194e-02,4.372885179336791911e-02,3.230318069027746791e-02,3.479584931197834269e-02,6.687344913151364867e-02,5.709451838484096847e-02,9.830814346943379800e-02,5.073313782991202558e-02,1.778141213625084593e-01,1.334423640875253836e-01,5.364313106248590202e-02,1.504511617414843183e-01,3.196255357545680353e-01,1.728400631626438033e-01,2.368599142792691126e-01,1.510827881795623606e-01,3.673584480036092698e-02,9.061583577712610527e-02,5.172569366117753253e-02,3.257387773516805946e-02,5.394766523798781577e-02,3.572073088202120522e-02,4.972930295510940429e-02,2.115948567561470872e-02,1.685089104443943109e-02,5.399278141213625232e-02,2.758854049176629950e-02,4.530791788856305263e-02,3.713061132415971383e-02,4.774419129257839040e-02,1.471915181592600881e-02,8.989397699075118639e-03,3.444619896232799239e-02,5.124069478908188646e-02,5.886532822016692784e-02,2.296413264155199724e-02,7.873900293255131633e-02,1.049289420257162181e-01,1.076471915181592548e-01,2.829912023460410403e-02,1.421159485675614620e-01,8.420933904804872583e-02,1.138055492894202575e-01,7.009925558312654625e-02,1.694225129709000799e-01,5.717347168960072029e-02,5.665463568689375201e-02,4.397699075118430279e-02,3.090457929167606671e-02,4.974058199864651170e-02,5.964358222422738720e-02,9.010827881795623051e-02,5.750056395217685579e-02,1.755357545680126252e-01,1.551545228964583689e-01,4.157455447778028723e-02,1.295172569366117854e-01,3.920482743063388176e-01,1.813557410331603781e-01,2.392059553349875911e-01,1.538010376720054251e-01,3.138957816377171278e-02,1.164448454771035424e-01
1.690728626212497157e-02,3.559666140311301685e-02,2.082111436950146582e-02,1.567787051658019529e-02,5.183848409654861350e-02,6.113241597112564762e-02,7.324610872997969202e-02,1.497856981727949469e-02,7.715993683735619668e-02,0.000000000000000000e+00,5.568463794270245987e-02,4.212722761109857772e-02,1.101624182269343583e-01,2.792691179787953892e-02,2.731784344687570448e-02,1.976088427701331099e-02,2.153169411233927383e-02,4.079630047371982787e-02,3.487480261673810145e-02,6.008346492217459672e-02,3.193097225355289587e-02,1.082788179562373110e-01,8.170539138281074365e-02,3.322806226032032351e-02,9.176629821791111585e-02,1.952853598014888392e-01,1.047259192420482710e-01,1.457816377171215760e-01,9.146176404240920210e-02,2.286262124971802367e-02,5.571847507331378208e-02,3.212271599368373559e-02,1.982855853823595887e-02,3.295736521542973196e-02,2.196029776674937942e-02,3.069027746447101218e-02,1.310624859011955828e-02,1.012858109632303223e-02,3.335213173922851188e-02,1.674937965260545752e-02,2.765621475298894738e-02,2.274983081434694271e-02,2.934807128355515493e-02,9.090909090909090468e-03,5.436498984886082089e-03,2.164448454771035479e-02,3.128806677193773922e-02,3.575456801263252743e-02,1.411008346492217437e-02,4.939093164899616833e-02,6.280171441461764037e-02,6.660275208662305713e-02,1.730205278592375495e-02,8.681479810512068851e-02,5.284231897135122785e-02,7.018948793142341935e-02,4.412361831716670596e-02,1.042070832393413027e-01,3.538235957590796232e-02,3.520189487931423694e-02,2.677644935709451793e-02,1.923076923076923184e-02,3.000225580870742245e-02,3.654410106023009419e-02,5.521091811414392120e-02,3.623956688472817350e-02,1.069817279494698903e-01,9.511617414843220875e-02,2.528761561019625403e-02,7.919016467403564019e-02,2.413151364764268003e-01,1.093728851793367984e-01,1.482743063388224647e-01,9.282652831039928110e-02,1.943379201443717549e-02,7.150913602526505486e-02
1.932100157906609453e-02,4.113467177983307077e-02,2.457703586735844950e-02,1.813670200766975132e-02,5.949695465824498403e-02,7.070832393413038763e-02,8.450259418001353218e-02,1.722309948116399619e-02,9.024362734040153322e-02,5.568463794270245987e-02,0.000000000000000000e+00,4.822919016467403647e-02,1.276449357094518455e-01,3.203248364538686943e-02,3.116399729302955085e-02,2.290773742386645676e-02,2.475750056395217835e-02,4.734942476877961048e-02,4.031130160162418180e-02,6.933228062260320124e-02,3.646514775547033543e-02,1.255583126550868511e-01,9.423640875253778970e-02,3.836002706970449011e-02,1.064967290773742442e-01,2.259981953530340593e-01,1.217572749830814344e-01,1.686217008797653849e-01,1.065305662079855664e-01,2.609970674486803560e-02,6.438078050981277389e-02,3.705165801939995507e-02,2.334762012181366975e-02,3.858560794044665204e-02,2.568238213399503742e-02,3.538235957590796232e-02,1.513647642679900700e-02,1.194450710579742815e-02,3.857432889690954464e-02,1.955786149334536386e-02,3.229190164674035357e-02,2.649447326866681551e-02,3.409654861267764209e-02,1.065869614256710965e-02,6.316264380780509807e-03,2.462215204150687911e-02,3.618317166704263649e-02,4.151815926009474328e-02,1.647868260771486598e-02,5.680126325287615519e-02,7.350552673133317616e-02,7.694563501015114215e-02,2.009925558312655042e-02,1.005301150462440812e-01,6.055718475073313539e-02,8.111888111888111708e-02,5.043988269794721230e-02,1.204489059327769063e-01,4.093164899616512364e-02,4.061583577712610249e-02,3.113016016241822864e-02,2.201669298443491990e-02,3.505526731333182683e-02,4.235280848184073965e-02,6.413264155199639716e-02,4.147304308594631367e-02,1.243852921272276119e-01,1.097789307466726788e-01,2.959621024137153167e-02,9.167606586961425663e-02,2.783555154522896480e-01,1.276562147529889391e-01,1.703022783667944851e-01,1.083690503045341702e-01,2.223099481163997443e-02,8.284457478005864683e-02
1.524926686217008796e-02,3.101736972704714768e-02,1.819309722535528834e-02,1.362508459282652830e-02,4.487931423415294357e-02,5.353034062711482105e-02,6.337694563501014566e-02,1.324159711256485406e-02,6.716670426347845502e-02,4.212722761109857772e-02,4.822919016467403647e-02,0.000000000000000000e+00,9.538687119332280029e-02,2.427250169185653228e-02,2.497180239115722941e-02,1.716670426347845571e-02,1.867809609745093788e-02,3.487480261673810145e-02,3.061132415971125689e-02,5.161290322580645157e-02,2.831039927814121490e-02,9.419129257838934621e-02,7.261448229190164971e-02,3.055492894202571641e-02,7.986690728626212599e-02,1.744980825625986887e-01,9.136025265057523548e-02,1.259192420482743158e-01,7.897586284683058566e-02,1.933228062260320193e-02,4.939093164899616833e-02,2.802842318971351249e-02,1.740356417775772505e-02,2.943830363185201762e-02,1.937739679675163501e-02,2.649447326866681551e-02,1.126776449357094582e-02,9.350327092262576342e-03,2.929167606586961445e-02,1.449357094518384861e-02,2.506203473945409557e-02,1.982855853823595887e-02,2.552447552447552337e-02,7.985562824272502552e-03,4.883825851567787264e-03,1.960297766749379694e-02,2.725016918565305660e-02,3.179562373110760010e-02,1.249718023911572384e-02,4.260094743965711639e-02,5.553801037672005669e-02,5.727498308143469385e-02,1.522670877509587142e-02,7.533273178434468642e-02,4.566884728175051034e-02,6.092939318745770050e-02,4.050304534175502152e-02,9.009699977441912311e-02,3.050981276787728333e-02,3.200992555831265463e-02,2.307692307692307820e-02,1.651251973832619166e-02,2.633656665914730494e-02,3.224678547259192396e-02,4.844349199187909100e-02,3.244980825625987109e-02,9.332280622603203457e-02,8.517933679224001797e-02,2.282878411910670147e-02,6.788856304985337042e-02,2.149447326866681662e-01,9.528535980148883366e-02,1.283442364087525323e-01,8.117527633656665409e-02,1.650124069478908079e-02,6.363636363636362980e-02
3.850665463568689328e-02,8.188585607940446209e-02,4.848860816602752061e-02,3.611549740581998513e-02,1.186329799233025034e-01,1.416647868260771381e-01,1.673020527859237494e-01,3.431085043988269662e-02,1.794270245883149151e-01,1.101624182269343583e-01,1.276449357094518455e-01,9.538687119332280029e-02,0.000000000000000000e+00,6.363636363636362980e-02,6.184299571396345563e-02,4.560117302052785898e-02,4.905256034288292544e-02,9.407850214301827219e-02,7.991202346041055560e-02,1.384277013309271331e-01,7.217459959395443325e-02,2.501127904353711018e-01,1.874351454996616151e-01,7.618993909316490454e-02,2.125422964132641646e-01,4.506429054816151747e-01,2.425107150913602405e-01,3.357771260997067242e-01,2.122264831942251295e-01,5.198511166253101667e-02,1.287164448454770904e-01,7.434017595307917947e-02,4.646965937288517756e-02,7.664110083464922840e-02,5.083464922174599915e-02,7.014437175727498974e-02,2.995713963455898937e-02,2.350552673133318379e-02,7.719377396796751889e-02,3.909316489961651292e-02,6.423415294383036378e-02,5.289871418903677180e-02,6.739228513422061695e-02,2.105797428378073516e-02,1.262124971802391221e-02,4.935709451838483919e-02,7.200541394089780833e-02,8.252876156101962568e-02,3.283329573652154360e-02,1.127565982404692135e-01,1.465147755470335988e-01,1.534626663658921752e-01,4.018723212271599343e-02,1.996052334762012104e-01,1.197834423640875279e-01,1.615384615384615474e-01,1.002481389578163823e-01,2.407850214301827108e-01,8.142341529438303083e-02,8.069027746447100802e-02,6.202346041055718795e-02,4.408978118655537681e-02,6.981727949469884731e-02,8.375817730656440196e-02,1.267538912700202913e-01,8.248364538687119607e-02,2.470900067674261236e-01,2.185089104443943275e-01,5.906835100383487497e-02,1.830024813895781699e-01,5.542183622828784628e-01,2.540942928039702231e-01,3.390480487254680653e-01,2.155312429505977789e-01,4.422512970900067952e-02,1.652718249492443059e-01
9.632303180690277022e-03,2.052785923753665601e-02,1.219264606361380489e-02,8.944281524926685559e-03,2.925783893525828877e-02,3.546131288066772108e-02,4.172118204376269041e-02,8.583352131739227855e-03,4.500338371306113194e-02,2.792691179787953892e-02,3.203248364538686943e-02,2.427250169185653228e-02,6.363636363636362980e-02,0.000000000000000000e+00,1.561019625535754567e-02,1.147078727723888948e-02,1.233927362959620980e-02,2.340401533949921023e-02,2.029099932325738667e-02,3.479584931197834269e-02,1.803519061583577776e-02,6.264380780509812285e-02,4.662756598240469508e-02,1.914053688247236568e-02,5.287615610196255700e-02,1.128806677193773950e-01,6.057974283780735714e-02,8.418678096097451102e-02,5.307917888563049719e-02,1.318520189487931357e-02,3.224678547259192396e-02,1.823821339950372142e-02,1.158357771260997045e-02,1.918565305662079876e-02,1.276787728400631712e-02,1.731333182946086235e-02,7.534401082788179556e-03,6.045567335889916530e-03,1.914053688247236568e-02,9.564628919467629137e-03,1.618542747575005616e-02,1.315136476426798963e-02,1.699751861042183773e-02,5.323708549515001123e-03,3.180690277464471010e-03,1.233927362959620980e-02,1.806902774644709997e-02,2.077599819535303274e-02,8.267538912700203232e-03,2.829912023460410403e-02,3.672456575682381957e-02,3.821339950372208694e-02,9.970674486803519920e-03,5.012406947890819114e-02,3.011504624407850342e-02,4.041281299345815536e-02,2.543424317617866068e-02,6.012858109632303327e-02,2.040378975862846764e-02,2.032483645386871235e-02,1.550868486352357384e-02,1.098578840514324341e-02,1.745995939544326553e-02,2.124971802391157141e-02,3.196480938416422501e-02,2.066320775998195525e-02,6.187683284457477784e-02,5.465824498082562377e-02,1.468531468531468487e-02,4.579291676065869870e-02,1.391833972479133708e-01,6.370403789758628810e-02,8.510038348748026615e-02,5.387999097676517135e-02,1.105346266636589303e-02,4.141664786826076972e-02
9.767651703135574529e-03,2.014437175727498350e-02,1.177532145274080844e-02,8.842770133092713730e-03,2.894202571621926415e-02,3.479584931197834269e-02,4.107827656214752682e-02,8.504398826979472567e-03,4.372885179336791911e-02,2.731784344687570448e-02,3.116399729302955085e-02,2.497180239115722941e-02,6.184299571396345563e-02,1.561019625535754567e-02,0.000000000000000000e+00,1.116625310173697226e-02,1.209113467177983306e-02,2.279494698849537579e-02,1.983983758177306628e-02,3.383713061132415795e-02,1.814798105120685873e-02,6.149334536431310533e-02,4.699977441912926018e-02,1.972704714640198531e-02,5.180464696593729129e-02,1.132867132867132892e-01,5.965486126776449460e-02,8.196480938416422779e-02,5.168057748702910292e-02,1.280171441461764106e-02,3.187457703586735885e-02,1.800135348522445208e-02,1.121136927588540534e-02,1.882472366343334105e-02,1.249718023911572384e-02,1.706519287164448562e-02,7.229866907286262336e-03,5.977893074667268644e-03,1.876832844574780057e-02,9.327769005188359802e-03,1.599368373561921991e-02,1.277915632754342452e-02,1.647868260771486598e-02,5.075569591698624386e-03,3.101736972704714854e-03,1.259869163094969567e-02,1.793367922400180420e-02,2.064064967290773697e-02,7.974283780735393415e-03,2.744191292578389285e-02,3.628468305887661005e-02,3.695014662756598151e-02,9.857884051432438954e-03,4.879314234152944130e-02,2.932551319648094013e-02,3.952176855402662198e-02,2.594180013534852156e-02,5.829009699977442255e-02,1.977216332055041839e-02,2.050530115046244120e-02,1.512519738326189959e-02,1.060230092488157090e-02,1.696368147981051205e-02,2.097902097902097987e-02,3.145725242499435720e-02,2.084367245657568410e-02,6.096323031806902965e-02,5.560568463794270111e-02,1.493345364313106334e-02,4.440559440559440491e-02,1.396571170764719094e-01,6.221520415068802073e-02,8.323934130385743368e-02,5.303406271148206758e-02,1.076020753440108321e-02,4.113467177983307077e-02
6.959169862395669058e-03,1.462891946762914439e-02,8.718700654184525362e-03,6.474170990300022986e-03,2.117076471915181612e-02,2.552447552447552337e-02,2.991202346041055629e-02,6.158357771260997496e-03,3.230318069027746791e-02,1.976088427701331099e-02,2.290773742386645676e-02,1.716670426347845571e-02,4.560117302052785898e-02,1.147078727723888948e-02,1.116625310173697226e-02,0.000000000000000000e+00,8.887886307241146810e-03,1.682833295736521628e-02,1.452740807579517256e-02,2.494924430408301461e-02,1.298217911121136992e-02,4.490187232122715838e-02,3.388224678547259450e-02,1.373787502819760926e-02,3.805549289420256942e-02,8.107376494473268747e-02,4.380780509812767787e-02,6.053462666365892059e-02,3.822467854725919434e-02,9.542070832393412597e-03,2.307692307692307820e-02,1.317392285134220617e-02,8.244980825625986692e-03,1.352357320099255647e-02,8.933002481389578156e-03,1.266636589217234356e-02,5.334987593052109393e-03,4.252199413489736284e-03,1.369275885404917618e-02,6.925332731784345115e-03,1.134671779833070111e-02,9.293931874577035859e-03,1.210241371531694046e-02,3.722084367245657565e-03,2.289645838032935022e-03,8.808933002481389787e-03,1.303857432889691040e-02,1.489961651251973766e-02,5.853823595759079408e-03,2.003158132190390253e-02,2.656214752988946687e-02,2.741935483870967805e-02,7.094518384840965697e-03,3.604782314459734072e-02,2.146401985111662594e-02,2.899842093390480463e-02,1.789984209339048199e-02,4.305210918114144025e-02,1.466275659824047006e-02,1.430182720505301236e-02,1.106474170990300043e-02,7.884051432438528989e-03,1.253101736972704779e-02,1.523798781863298056e-02,2.298669072862621204e-02,1.462891946762914439e-02,4.464245431987367424e-02,3.944281524926686322e-02,1.042183622828784205e-02,3.281073764944732879e-02,9.954883825851568169e-02,4.588314910895555793e-02,6.116625310173696983e-02,3.895781637717121715e-02,8.075795172569366978e-03,2.966388450259417955e-02
7.500563952176855613e-03,1.583577712609970586e-02,9.339048048725468940e-03,7.004286036544101271e-03,2.299796977216331945e-02,2.727272727272727140e-02,3.272050530115046263e-02,6.722309948116399723e-03,3.479584931197834269e-02,2.153169411233927383e-02,2.475750056395217835e-02,1.867809609745093788e-02,4.905256034288292544e-02,1.233927362959620980e-02,1.209113467177983306e-02,8.887886307241146810e-03,0.000000000000000000e+00,1.826077148657793969e-02,1.555380103767200518e-02,2.681028648770584361e-02,1.416647868260771485e-02,4.863523573200992378e-02,3.709677419354838468e-02,1.485450033837130632e-02,4.123618317166704433e-02,8.733363410782765679e-02,4.725919242048274432e-02,6.540717347168960305e-02,4.113467177983307077e-02,1.017369727047146358e-02,2.478005865102639316e-02,1.448229190164674121e-02,8.775095871870065845e-03,1.462891946762914439e-02,9.846605007895329817e-03,1.368147981051206878e-02,5.842544552221972005e-03,4.511617414843221291e-03,1.484322129483419891e-02,7.410331603879991187e-03,1.214752988946537354e-02,1.007218587863749175e-02,1.309496954658244915e-02,4.026618542747575219e-03,2.436273404015339497e-03,9.609745093616062217e-03,1.404240920369952648e-02,1.606135799684186780e-02,6.304985337243401537e-03,2.193773967967516461e-02,2.859237536656891385e-02,2.977667493796526052e-02,7.759981953530340620e-03,3.911572298669072772e-02,2.333634107827656234e-02,3.129934581547484662e-02,1.946762914504850117e-02,4.657117076471915113e-02,1.580193999548838366e-02,1.558763816828332913e-02,1.210241371531694046e-02,8.515677870516579970e-03,1.356868937514098782e-02,1.634333408526957021e-02,2.476877960748928575e-02,1.605007895330476039e-02,4.807128355515452589e-02,4.308594631175276246e-02,1.142567110309045814e-02,3.539363861944506973e-02,1.077261448229190205e-01,4.960523347620121593e-02,6.623054364989848508e-02,4.208211143695014811e-02,8.729979697721632764e-03,3.194225129709001021e-02
1.416647868260771485e-02,3.008120911346717774e-02,1.794495826753891160e-02,1.328671328671328714e-02,4.361606135799684508e-02,5.237987818632979659e-02,6.193322806226032179e-02,1.270020302278366750e-02,6.687344913151364867e-02,4.079630047371982787e-02,4.734942476877961048e-02,3.487480261673810145e-02,9.407850214301827219e-02,2.340401533949921023e-02,2.279494698849537579e-02,1.682833295736521628e-02,1.826077148657793969e-02,0.000000000000000000e+00,2.968644258966839783e-02,5.131964809384164522e-02,2.662982179111211475e-02,9.265734265734265618e-02,6.963681479810511499e-02,2.798330701556507941e-02,7.846830588766072478e-02,1.663094969546582425e-01,9.014211594856756660e-02,1.245770358673584516e-01,7.877284006316263854e-02,1.945635010151139030e-02,4.736070381231671789e-02,2.722761109857884179e-02,1.704263478457026734e-02,2.807353936386194557e-02,1.865553801037671960e-02,2.585156778705165886e-02,1.101962553575456735e-02,8.662305436498984879e-03,2.835551545228964451e-02,1.432438529212722716e-02,2.339273629596210283e-02,1.941123392736296069e-02,2.481389578163771883e-02,7.681028648770584465e-03,4.703361154974058413e-03,1.804646965937288516e-02,2.678772840063162533e-02,3.056620798556282381e-02,1.203473945409429258e-02,4.149560117302052847e-02,5.478231445973381214e-02,5.664335664335664461e-02,1.475298894653733449e-02,7.419354838709676936e-02,4.439431536205729750e-02,5.964358222422738720e-02,3.665689149560117516e-02,8.896909542070832733e-02,3.010376720054139255e-02,2.953981502368599119e-02,2.296413264155199724e-02,1.626438078050981145e-02,2.593052109181141415e-02,3.111888111888111777e-02,4.696593728851793104e-02,3.026167381006090659e-02,9.176629821791111585e-02,8.103992781412136526e-02,2.170087976539589528e-02,6.778705165801940380e-02,2.045680126325287729e-01,9.455222197157681085e-02,1.256711030904579252e-01,8.023911572298668415e-02,1.652379878186329906e-02,6.094067223099481484e-02
1.220392510715091403e-02,2.590796300473719935e-02,1.558763816828332913e-02,1.131288066771937717e-02,3.741258741258741277e-02,4.484547710354162137e-02,5.271824949244303948e-02,1.085043988269794764e-02,5.709451838484096847e-02,3.487480261673810145e-02,4.031130160162418180e-02,3.061132415971125689e-02,7.991202346041055560e-02,2.029099932325738667e-02,1.983983758177306628e-02,1.452740807579517256e-02,1.555380103767200518e-02,2.968644258966839783e-02,0.000000000000000000e+00,4.390931648996165143e-02,2.271599368373562050e-02,7.941574554477780212e-02,5.921497856981727814e-02,2.429505977893074709e-02,6.671554252199413115e-02,1.439544326641100935e-01,7.719377396796751889e-02,1.058763816828332954e-01,6.702007669749605878e-02,1.656891495601172867e-02,4.064967290773742470e-02,2.279494698849537579e-02,1.454996616286938910e-02,2.421610647417099180e-02,1.606135799684186780e-02,2.220843672456575615e-02,9.361606135799683745e-03,7.669749605233476195e-03,2.375366568914956053e-02,1.222648319422513057e-02,2.041506880216557504e-02,1.638845025941799982e-02,2.164448454771035479e-02,6.598240469208211355e-03,4.026618542747575219e-03,1.559891721182043826e-02,2.293029551094067156e-02,2.643807805098127850e-02,1.028648770584254454e-02,3.540491766298217713e-02,4.692082111436950143e-02,4.786826077148657876e-02,1.246334310850439817e-02,6.371531694112339550e-02,3.803293480712835462e-02,5.078953304759756260e-02,3.199864651477554722e-02,7.528761561019625681e-02,2.578389352582901098e-02,2.558087074216106385e-02,1.951274531919693078e-02,1.381682833295736455e-02,2.208436724565756779e-02,2.697947214076246505e-02,4.051432438529212893e-02,2.569366117753214482e-02,7.870516580193999412e-02,6.960297766749379278e-02,1.850891044439431643e-02,5.757951725693661454e-02,1.762576133543875545e-01,8.094969546582449216e-02,1.070832393413038569e-01,6.864425896683960804e-02,1.405368824723663389e-02,5.236859914279268918e-02
2.092262576133543939e-02,4.433792014437176049e-02,2.628017144146176445e-02,1.936611775321452761e-02,6.416647868260771936e-02,7.749830814346943264e-02,9.077374238664560890e-02,1.867809609745093788e-02,9.830814346943379800e-02,6.008346492217459672e-02,6.933228062260320124e-02,5.161290322580645157e-02,1.384277013309271331e-01,3.479584931197834269e-02,3.383713061132415795e-02,2.494924430408301461e-02,2.681028648770584361e-02,5.131964809384164522e-02,4.390931648996165143e-02,0.000000000000000000e+00,3.911572298669072772e-02,1.367020076697496034e-01,1.017933679224001797e-01,4.113467177983307077e-02,1.152943830363185179e-01,2.467854725919242098e-01,1.328558538235957709e-01,1.831942251297090096e-01,1.157906609519512714e-01,2.886307241145950886e-02,6.952402436273404096e-02,3.995037220843672410e-02,2.482517482517482624e-02,4.099932325738777500e-02,2.732912249041281189e-02,3.799909767651703241e-02,1.616286938867584136e-02,1.275659824046920798e-02,4.095420708323933845e-02,2.097902097902097987e-02,3.418678096097450825e-02,2.798330701556507941e-02,3.655538010376720159e-02,1.122264831942251274e-02,6.880216557635912902e-03,2.676517031355741053e-02,3.990525603428829449e-02,4.484547710354162137e-02,1.752763365666591341e-02,6.079404466501240473e-02,8.061132415971125620e-02,8.257387773516805529e-02,2.176855402661854316e-02,1.092375366568914957e-01,6.510263929618768930e-02,8.757049402210692612e-02,5.404917662982178933e-02,1.297766749379652695e-01,4.427024588314910913e-02,4.377396796751635566e-02,3.394992104669523891e-02,2.379878186329799361e-02,3.753665689149560114e-02,4.598466050078953149e-02,6.960297766749379278e-02,4.420257162192645778e-02,1.358560794044665065e-01,1.197383261899390983e-01,3.178434468757049269e-02,1.000902323482968648e-01,3.025039476652379711e-01,1.398037446424543195e-01,1.846605007895330552e-01,1.183848409654861267e-01,2.430633882246785449e-02,8.947665237987818820e-02
1.116625310173697226e-02,2.327994586059102186e-02,1.357996841867809695e-02,1.028648770584254454e-02,3.369050304534175477e-02,4.024362734040153738e-02,4.789081885856079357e-02,9.891721182043762897e-03,5.073313782991202558e-02,3.193097225355289587e-02,3.646514775547033543e-02,2.831039927814121490e-02,7.217459959395443325e-02,1.803519061583577776e-02,1.814798105120685873e-02,1.298217911121136992e-02,1.416647868260771485e-02,2.662982179111211475e-02,2.271599368373562050e-02,3.911572298669072772e-02,0.000000000000000000e+00,7.104669524024362359e-02,5.459057071960297935e-02,2.244529663884502549e-02,6.052334762012181318e-02,1.294721407624633558e-01,6.879088653282201815e-02,9.544326641100835118e-02,6.001579066095195231e-02,1.486577938190841372e-02,3.705165801939995507e-02,2.121588089330024920e-02,1.303857432889691040e-02,2.174599593954432836e-02,1.450484998872095602e-02,1.985111662531017368e-02,8.538235957590796510e-03,6.789984209339048477e-03,2.205053011504624558e-02,1.081660275208662370e-02,1.821565531242950661e-02,1.498984886081660209e-02,1.901646740356417731e-02,5.955334987593052104e-03,3.586735844800360926e-03,1.426799007444168668e-02,2.053913828107376341e-02,2.355064290548161687e-02,9.316489961651252399e-03,3.205504173246108424e-02,4.177757726144822742e-02,4.358222422738551594e-02,1.147078727723888948e-02,5.692533273178434355e-02,3.440108278817956278e-02,4.612000902323482726e-02,2.942702458831491022e-02,6.845251522670876831e-02,2.299796977216331945e-02,2.349424768779607639e-02,1.749379652605459121e-02,1.249718023911572384e-02,1.974960523347620012e-02,2.383261899390931582e-02,3.620572975411685129e-02,2.395668847281750419e-02,7.026844123618317117e-02,6.361380554928941500e-02,1.711030904579291523e-02,5.191743740130837226e-02,1.597789307466726816e-01,7.208436724565757403e-02,9.690954207083239680e-02,6.122264831942251379e-02,1.255357545680126259e-02,4.749605233476201366e-02
