0.000000000000000000e+00,2.025736820257368134e-02,1.360177113601771133e-02,7.485817074858170522e-03,3.254462432544624056e-02,3.615608136156081565e-02,4.285318942853189733e-02,7.292099072920991097e-03,4.979936349799363171e-02,2.485125224851252382e-02,3.614224436142244451e-02,2.045108620451086337e-02,6.301369863013699113e-02,1.437664314376643077e-02,1.708869517088695139e-02,1.403071814030718185e-02,1.145703611457036045e-02,2.195931921959319230e-02,1.739310917393109210e-02,3.514598035145980598e-02,2.230524422305244295e-02,6.490936764909367718e-02,5.626124256261242490e-02,2.518334025183340333e-02,4.960564549605645662e-02,1.094783450947834497e-01,5.861353258613532374e-02,7.910612979106129705e-02,5.367372353673723756e-02,1.516535215165352134e-02,4.494257644942576541e-02,1.582952815829528209e-02,1.073751210737512035e-02,1.963470319634703226e-02,1.126331811263318189e-02,2.035422720354227236e-02,7.319773073197730767e-03,7.444306074443060584e-03,1.740694617406946323e-02,1.131866611318666123e-02,1.692265116922651164e-02,1.154005811540058032e-02,1.351874913518749145e-02,5.147364051473640213e-03,5.313408053134080836e-03,1.108343711083437100e-02,1.585720215857202089e-02,2.730040127300401367e-02,9.381486093814861774e-03,2.959734329597343144e-02,3.964300539643005050e-02,4.178774041787740312e-02,1.091739310917393124e-02,5.558322955583229474e-02,2.775702227757022300e-02,4.679673446796734498e-02,3.463401134634011558e-02,5.639961256399612238e-02,2.074166320741663294e-02,1.736543517365435330e-02,1.670125916701259081e-02,1.134634011346340177e-02,1.899820118998201204e-02,2.375812923758129080e-02,3.420506434205064505e-02,2.325999723259997154e-02,5.994188459941884872e-02,5.489137954891379345e-02,1.867995018679950020e-02,4.311609243116092116e-02,1.270236612702366208e-01,5.670402656704026656e-02,7.635256676352566996e-02,5.536183755361837738e-02,1.686730316867303056e-02,4.548221945482219114e-02
2.025736820257368134e-02,0.000000000000000000e+00,1.978691019786910088e-02,1.108343711083437100e-02,4.809741248097412769e-02,5.381209353812093504e-02,6.380240763802406956e-02,1.065449010654490047e-02,7.495502974955030318e-02,3.702781237027812089e-02,5.422720354227203443e-02,2.994326829943268209e-02,9.392555693925556948e-02,2.197315621973156344e-02,2.425626124256261354e-02,2.132281721322817208e-02,1.708869517088695139e-02,3.315345233153452198e-02,2.595821225958212103e-02,5.310640653106406261e-02,3.200498132004981483e-02,9.737096997370969786e-02,8.324339283243392673e-02,3.648816936488169516e-02,7.431852774318527255e-02,1.619344126193441313e-01,8.811401688114016417e-02,1.191088971910889693e-01,8.132004981320049841e-02,2.299709422997094077e-02,6.665282966652830154e-02,2.309395323093953178e-02,1.570499515704995228e-02,2.843503528435035316e-02,1.639684516396845010e-02,3.039988930399889142e-02,1.073751210737512035e-02,1.082053410820534023e-02,2.529403625294036201e-02,1.643835616438356004e-02,2.458834924588349305e-02,1.659056316590563213e-02,2.088003320880033042e-02,7.707209077072090485e-03,7.624187076241870607e-03,1.555278815552788192e-02,2.440846824408468216e-02,4.033485540334855179e-02,1.419676214196762161e-02,4.411235644112356663e-02,5.900096859000968780e-02,6.243254462432544505e-02,1.612010516120105166e-02,8.322955583229556253e-02,4.180157741801577426e-02,7.002905770029058119e-02,5.039435450394354199e-02,8.358931783589318432e-02,3.171440431714404179e-02,2.505880725058807351e-02,2.530787325307873314e-02,1.708869517088695139e-02,2.853189428531894417e-02,3.582399335823993614e-02,5.155666251556662721e-02,3.340251833402518161e-02,9.157326691573267063e-02,8.167981181679812019e-02,2.682994326829943321e-02,6.578109865781098242e-02,1.888473778884737775e-01,8.533277985332779481e-02,1.146118721461187179e-01,8.428116784281167173e-02,2.580600525806005241e-02,6.774595267745953109e-02
1.360177113601771133e-02,1.978691019786910088e-02,0.000000000000000000e+00,7.139892071398920743e-03,3.098104330981043403e-02,3.491075134910751054e-02,4.112356441123564410e-02,6.960011069600110720e-03,4.847101148471011367e-02,2.331534523315345261e-02,3.435727134357271367e-02,1.938563719385637263e-02,6.057838660578386547e-02,1.383700013837000156e-02,1.631382316313823022e-02,1.362944513629445187e-02,1.086204510862045190e-02,2.123979521239795221e-02,1.659056316590563213e-02,3.421890134218901619e-02,2.115677321156773233e-02,6.311055763110558214e-02,5.415801854158018569e-02,2.415940224159402253e-02,4.762695447626954376e-02,1.058392140583921393e-01,5.626124256261242490e-02,7.606198976061989692e-02,5.219316452193164396e-02,1.448733914487339118e-02,4.299155942991559481e-02,1.493012314930123111e-02,1.044693510446935078e-02,1.874913518749135241e-02,1.070983810709838155e-02,1.928877819288778162e-02,6.821641068216410635e-03,7.098381070983810805e-03,1.628614916286149142e-02,1.077902310779023029e-02,1.616161616161616160e-02,1.087588210875882130e-02,1.321433513214335075e-02,4.981320049813200458e-03,4.995157049951570727e-03,1.035007610350076150e-02,1.545592915455929091e-02,2.617960426179604186e-02,9.007887090078870590e-03,2.829666528296665221e-02,3.835616438356164587e-02,4.027950740279507419e-02,1.054379410543794179e-02,5.353535353535353314e-02,2.623495226234952293e-02,4.451362944513629488e-02,3.277985332779853600e-02,5.400581154005811707e-02,2.018818320188183260e-02,1.660440016604400326e-02,1.612010516120105166e-02,1.068216410682164101e-02,1.832018818320188189e-02,2.291407222914072089e-02,3.297357132973571109e-02,2.189013421890134356e-02,5.861353258613532374e-02,5.305105853051058501e-02,1.764217517642175173e-02,4.182925141829251653e-02,1.224712882247128848e-01,5.478068354780683824e-02,7.358516673585166479e-02,5.396430053964300366e-02,1.614777916147779047e-02,4.408468244084682436e-02
7.485817074858170522e-03,1.108343711083437100e-02,7.139892071398920743e-03,0.000000000000000000e+00,1.751764217517642191e-02,1.935796319357963036e-02,2.313546423135464172e-02,3.846686038466860542e-03,2.682994326829943321e-02,1.350491213504912205e-02,1.955168119551681238e-02,1.097274110972741058e-02,3.392832433928324315e-02,7.900927079009271645e-03,8.814169088141690298e-03,7.582676075826760669e-03,6.226650062266500356e-03,1.177528711775287056e-02,9.353812093538121236e-03,1.898436418984364091e-02,1.166459111664591188e-02,3.488307734883077521e-02,2.981873529818735227e-02,1.336654213366542110e-02,2.665006226650062232e-02,5.871039158710391476e-02,3.154836031548360203e-02,4.288086342880863266e-02,2.911304829113048331e-02,8.219178082191780019e-03,2.396568423965684397e-02,8.399059083990590910e-03,5.811540058115400968e-03,1.048844610488446072e-02,5.991421059914210992e-03,1.104192611041926106e-02,3.888197038881970481e-03,3.971219039712190792e-03,9.160094091600940944e-03,6.060606060606060601e-03,9.063235090632351665e-03,6.032932060329320931e-03,7.665698076656980546e-03,2.850422028504220277e-03,2.822748028227480173e-03,5.770029057700290162e-03,8.620451086204510005e-03,1.459803514598035160e-02,5.202712052027120421e-03,1.609243116092431286e-02,2.123979521239795221e-02,2.262349522623495132e-02,5.797703057977030699e-03,2.991559429915594329e-02,1.515151515151515194e-02,2.533554725335547195e-02,1.847239518472395051e-02,3.030303030303030387e-02,1.154005811540058032e-02,9.173931091739310345e-03,9.077072090770721066e-03,6.171302061713021016e-03,1.026705410267054162e-02,1.296526912965269111e-02,1.850006918500069278e-02,1.224574512245745102e-02,3.261380932613809625e-02,2.934827729348277181e-02,9.810433098104330563e-03,2.353673723536737344e-02,6.839629168396291203e-02,3.055209630552096350e-02,4.137263041372630373e-02,3.001245330012453430e-02,9.215442092154420284e-03,2.458834924588349305e-02
3.254462432544624056e-02,4.809741248097412769e-02,3.098104330981043403e-02,1.751764217517642191e-02,0.000000000000000000e+00,8.417047184170471652e-02,1.012038190120381903e-01,1.690881416908814050e-02,1.173100871731008743e-01,5.886259858862598338e-02,8.513906185139061278e-02,4.808357548083575655e-02,1.485540334855403322e-01,3.428808634288086493e-02,3.827314238273142599e-02,3.294589732945897576e-02,2.696831326968313416e-02,5.155666251556662721e-02,4.051473640514736269e-02,8.256537982565380351e-02,5.126608551266085417e-02,1.517227065172270517e-01,1.301923343019233403e-01,5.829528158295281537e-02,1.170471841704718435e-01,2.564549605645495833e-01,1.377196623771966277e-01,1.865781098657811055e-01,1.269406392694063801e-01,3.568562335685623171e-02,1.042617960426179546e-01,3.715234537152345418e-02,2.526636225266362321e-02,4.526082745260827378e-02,2.608274526082745431e-02,4.808357548083575655e-02,1.704718417047184145e-02,1.724090217240902001e-02,4.055624740556247609e-02,2.604123426041234091e-02,3.907568839075688250e-02,2.635948526359485275e-02,3.283520132835201361e-02,1.237027812370278083e-02,1.220423412204234108e-02,2.454683824546838311e-02,3.805175038051750169e-02,6.277846962778470263e-02,2.233291822332918175e-02,7.095613670956137098e-02,9.211290992112909637e-02,9.907292099072921576e-02,2.555693925556939278e-02,1.300124533001245364e-01,6.661131866611318120e-02,1.106821641068216344e-01,8.102947281029472537e-02,1.325446243254462531e-01,5.007610350076103362e-02,3.870208938702089652e-02,3.969835339698353505e-02,2.718970527189705153e-02,4.480420644804206792e-02,5.552788155527881714e-02,7.950740279507402530e-02,5.303722153037221387e-02,1.417462294174622883e-01,1.267745952677459542e-01,4.232738342327383579e-02,1.024768230247682238e-01,2.967759789677598126e-01,1.330012453300124520e-01,1.797564687975646835e-01,1.299571052995710518e-01,3.979521239795212606e-02,1.067662930676629290e-01
3.615608136156081565e-02,5.381209353812093504e-02,3.491075134910751054e-02,1.935796319357963036e-02,8.417047184170471652e-02,0.000000000000000000e+00,1.113601771136017715e-01,1.888750518887505336e-02,1.305520963055209760e-01,6.327660163276602190e-02,9.338591393385914374e-02,5.212397952123979522e-02,1.640653106406531059e-01,3.770582537705825105e-02,4.314376643143766343e-02,3.688944236889442341e-02,2.934827729348277181e-02,5.747889857478898773e-02,4.502559845025598528e-02,9.272173792721738472e-02,5.634426456344264478e-02,1.707900927079009368e-01,1.462155804621557975e-01,6.420368064203681169e-02,1.295558322955583097e-01,2.849868548498685761e-01,1.525252525252525360e-01,2.071952400719523912e-01,1.414694894146948934e-01,3.968451639684516391e-02,1.159817351598173563e-01,4.084682440846824220e-02,2.801992528019925377e-02,5.054656150546561755e-02,2.901618929016189230e-02,5.274664452746644777e-02,1.872146118721461014e-02,1.903971219039712198e-02,4.434758544347585513e-02,2.938978829389788175e-02,4.350352843503528522e-02,2.941746229417462402e-02,3.603154836031548236e-02,1.361560813615608073e-02,1.358793413587934193e-02,2.767400027674000312e-02,4.221668742216687364e-02,7.055486370554864273e-02,2.471288224712882287e-02,7.679535076795350468e-02,1.032655320326553161e-01,1.092016050920160547e-01,2.829666528296665221e-02,1.448042064480420665e-01,7.150961671509616091e-02,1.208938702089387002e-01,8.798948387989484476e-02,1.456759374567593857e-01,5.479452054794520244e-02,4.427840044278400639e-02,4.394631243946312688e-02,2.923758129237581313e-02,4.977168949771689638e-02,6.239103362391033858e-02,8.905493289054933204e-02,5.843365158433651285e-02,1.590148055901480506e-01,1.433374844333748510e-01,4.732254047322540652e-02,1.138093261380932614e-01,3.308426733084267601e-01,1.478483464784834667e-01,1.988792029887920254e-01,1.456759374567593857e-01,4.423688944236889298e-02,1.188321571883215744e-01
4.285318942853189733e-02,6.380240763802406956e-02,4.112356441123564410e-02,2.313546423135464172e-02,1.012038190120381903e-01,1.113601771136017715e-01,0.000000000000000000e+00,2.233291822332918175e-02,1.555693925556939361e-01,7.745952677459526370e-02,1.123426041234260458e-01,6.342880863428808358e-02,1.962086619620866113e-01,4.555140445551404682e-02,5.033900650339006438e-02,4.384945343849453586e-02,3.550574235505742082e-02,6.843780268437803238e-02,5.317559153175591830e-02,1.093261380932613741e-01,6.774595267745953109e-02,2.013006780130067730e-01,1.722291407222913961e-01,7.725197177251971747e-02,1.554171855541718605e-01,3.389926663899266446e-01,1.816659748166597477e-01,2.461325584613255901e-01,1.680088556800885535e-01,4.735021447350214185e-02,1.377750103777501123e-01,4.928739449287394825e-02,3.330565933305659060e-02,5.948526359485263593e-02,3.439878234398782014e-02,6.347031963470319005e-02,2.256814722568147372e-02,2.276186522761865227e-02,5.390895253908952606e-02,3.449564134495641116e-02,5.168119551681195356e-02,3.493842534938425282e-02,4.329597343295973205e-02,1.642451916424519237e-02,1.603708316037083179e-02,3.240625432406254308e-02,5.020063650200636690e-02,8.284211982842119848e-02,2.948664729486647276e-02,9.342742493427425021e-02,1.216549052165490502e-01,1.313408053134080544e-01,3.363774733637747011e-02,1.719385637193856509e-01,8.778192887781928466e-02,1.456067524560675230e-01,1.067801300678013071e-01,1.752179327521793395e-01,6.609934966099349773e-02,5.075411650754116377e-02,5.219316452193164396e-02,3.589317835893178488e-02,5.930538259305382504e-02,7.319773073197730073e-02,1.045246990452469854e-01,7.009824270098242993e-02,1.868271758682717720e-01,1.673170056731700661e-01,5.590148055901480312e-02,1.354088833540888215e-01,3.919191919191919449e-01,1.749550297495502948e-01,2.372492043724920563e-01,1.715511277155112868e-01,5.252525252525252347e-02,1.410958904109589074e-01
7.292099072920991097e-03,1.065449010654490047e-02,6.960011069600110720e-03,3.846686038466860542e-03,1.690881416908814050e-02,1.888750518887505336e-02,2.233291822332918175e-02,0.000000000000000000e+00,2.611041926110419312e-02,1.289608412896084064e-02,1.890134218901342103e-02,1.084820810848208077e-02,3.272450532724505146e-02,7.596513075965130937e-03,8.800332088003320896e-03,7.416632074166320913e-03,5.922236059222360516e-03,1.152622111526221092e-02,9.146257091462571542e-03,1.854158018541580272e-02,1.141552511415525051e-02,3.394216133942161429e-02,2.938978829389788175e-02,1.295143212951432171e-02,2.594437525944375336e-02,5.724366957243669229e-02,3.093953230939532409e-02,4.164937041649370564e-02,2.829666528296665221e-02,7.997786079977860924e-03,2.332918223329182375e-02,8.039297080392970862e-03,5.673170056731700883e-03,1.014252110142521181e-02,5.756192057561920761e-03,1.058530510585305173e-02,3.777501037775010499e-03,3.819012038190120438e-03,8.883354088833540774e-03,5.908399059083990247e-03,8.800332088003320896e-03,5.936073059360730785e-03,7.278262072782620828e-03,2.739726027397260295e-03,2.698215026982150357e-03,5.437941054379410652e-03,8.578940085789400066e-03,1.404455514044555126e-02,4.925972049259720251e-03,1.541441815414418097e-02,2.060329320603293199e-02,2.179327521793275255e-02,5.673170056731700883e-03,2.915455929154559325e-02,1.463954614639546153e-02,2.454683824546838311e-02,1.798810017988100238e-02,2.919607029196070319e-02,1.101425211014252052e-02,8.897191088971910175e-03,8.800332088003320896e-03,5.977584059775840723e-03,1.000415110004151086e-02,1.235644112356441143e-02,1.784973017849730142e-02,1.165075411650754074e-02,3.179742631797426167e-02,2.855956828559568297e-02,9.326138093261380699e-03,2.280337622803376221e-02,6.633457866334578623e-02,3.001245330012453430e-02,3.994741939947419468e-02,2.922374429223744199e-02,8.800332088003320896e-03,2.366127023661270326e-02
4.979936349799363171e-02,7.495502974955030318e-02,4.847101148471011367e-02,2.682994326829943321e-02,1.173100871731008743e-01,1.305520963055209760e-01,1.555693925556939361e-01,2.611041926110419312e-02,0.000000000000000000e+00,8.899958488999584749e-02,1.302061713020617184e-01,7.276878372768784409e-02,2.282689912826899037e-01,5.280199252801992538e-02,5.895945758959457439e-02,5.132143351321433178e-02,4.138646741386467487e-02,8.036529680365296635e-02,6.239103362391033858e-02,1.287671232876712313e-01,7.817905078179050726e-02,2.367787463677874515e-01,2.024491490244914871e-01,8.949771689497716676e-02,1.812093538120935488e-01,3.956966929569669111e-01,2.124809741248097350e-01,2.878787878787879007e-01,1.968866749688667483e-01,5.529265255292652864e-02,1.610626816106268122e-01,5.674553756745537303e-02,3.866057838660578311e-02,6.957243669572436839e-02,4.018264840182648318e-02,7.369586273695863388e-02,2.602739726027397324e-02,2.642867026428670149e-02,6.132558461325584437e-02,4.032101840321018066e-02,5.990037359900373531e-02,4.033485540334855179e-02,5.044970250449702653e-02,1.891517918915179217e-02,1.865227618652276140e-02,3.769198837691988685e-02,5.895945758959457439e-02,9.760619897606198636e-02,3.441261934412619128e-02,1.075550020755500213e-01,1.434205064342050640e-01,1.522761865227618694e-01,3.925556939255569339e-02,2.026013560260135626e-01,1.004151100041510980e-01,1.686038466860384777e-01,1.225127992251279913e-01,2.035699460356994728e-01,7.680918776809188275e-02,6.021862460218624369e-02,6.079977860799778283e-02,4.119274941192749284e-02,6.922651169226511081e-02,8.603846686038467417e-02,1.230386052303860528e-01,8.093261380932613436e-02,2.209768922097689325e-01,1.977307319773073113e-01,6.517227065172270795e-02,1.583367925833679135e-01,4.577279645772796557e-01,2.054102670541026743e-01,2.781790507817905045e-01,2.026013560260135626e-01,6.180987961809879944e-02,1.649923896499239095e-01
2.485125224851252382e-02,3.702781237027812089e-02,2.331534523315345261e-02,1.350491213504912205e-02,5.886259858862598338e-02,6.327660163276602190e-02,7.745952677459526370e-02,1.289608412896084064e-02,8.899958488999584749e-02,0.000000000000000000e+00,6.586412065864120924e-02,3.646049536460495288e-02,1.126055071260550766e-01,2.702366127023661177e-02,2.944513629445136282e-02,2.547391725473917290e-02,2.068631520686315187e-02,3.947696139476961075e-02,3.114708731147087378e-02,6.322125363221253735e-02,3.911719939117199590e-02,1.162584751625847512e-01,9.925280199252801971e-02,4.423688944236889298e-02,8.978829389788293980e-02,1.948664729486647429e-01,1.055624740556247443e-01,1.428531894285318959e-01,9.640237996402380161e-02,2.753563027535630217e-02,8.024076380240763307e-02,2.764632627646326432e-02,1.894285318942853097e-02,3.450947834509478229e-02,1.955168119551681238e-02,3.771966237719662218e-02,1.315898713158987141e-02,1.303445413034454159e-02,3.078732530787325200e-02,2.006365020063650279e-02,2.991559429915594329e-02,2.010516120105161272e-02,2.572298325722983253e-02,9.409160094091600576e-03,9.256953092569530223e-03,1.935796319357963036e-02,2.889165628891656248e-02,4.766846547668465717e-02,1.722706517227065234e-02,5.401964854019648821e-02,6.947557769475577738e-02,7.577141275771412388e-02,1.919191919191919060e-02,9.914210599142106450e-02,5.076795350767953491e-02,8.428116784281167173e-02,6.142244361422443538e-02,1.009409160094091595e-01,3.878511138785111639e-02,3.019233430192334172e-02,3.027535630275356160e-02,2.058945620589456085e-02,3.366542133665421238e-02,4.267330842673308644e-02,6.164383561643835274e-02,4.124809741248097739e-02,1.088556800885567971e-01,9.742631797426318241e-02,3.230939532309395207e-02,7.822056178220561373e-02,2.269683132696831418e-01,1.021308980213089801e-01,1.383284903832849022e-01,9.951570499515705048e-02,3.152068631520685976e-02,8.170748581707486247e-02
3.614224436142244451e-02,5.422720354227203443e-02,3.435727134357271367e-02,1.955168119551681238e-02,8.513906185139061278e-02,9.338591393385914374e-02,1.123426041234260458e-01,1.890134218901342103e-02,1.301923343019233403e-01,6.586412065864120924e-02,0.000000000000000000e+00,5.320326553203265363e-02,1.640099626400996213e-01,3.881278538812785173e-02,4.301923343019233709e-02,3.713850837138508304e-02,3.041372630413726255e-02,5.761726857617268521e-02,4.574512245745122191e-02,9.251418292514182462e-02,5.684239656842396404e-02,1.701951017019510126e-01,1.458973294589732961e-01,6.464646464646464641e-02,1.308149993081499929e-01,2.848346478483465005e-01,1.547668465476684518e-01,2.093953230939532284e-01,1.414694894146948934e-01,4.041787740417877167e-02,1.168534661685346615e-01,4.019648540196485431e-02,2.781237027812370408e-02,5.018679950186799577e-02,2.868410128684101279e-02,5.426871454268714784e-02,1.917808219178082293e-02,1.899820118998201204e-02,4.429223744292237752e-02,2.894700428947004356e-02,4.324062543240625445e-02,2.890549328905493362e-02,3.745675937456759141e-02,1.378165213781652222e-02,1.349107513491075092e-02,2.775702227757022300e-02,4.252110142521101088e-02,7.018126470181264287e-02,2.521101425211014213e-02,7.845579078455790223e-02,1.025598450255984506e-01,1.101563581015635868e-01,2.821364328213643233e-02,1.458419814584198115e-01,7.376504773765048262e-02,1.232046492320464925e-01,8.904109589041095396e-02,1.470181264701812540e-01,5.631659056316590251e-02,4.420921544209215764e-02,4.473502144735021224e-02,3.023384530233845166e-02,4.964715649647156309e-02,6.237719662377196744e-02,9.088141690881416934e-02,5.949910059499100706e-02,1.610211706102117057e-01,1.432821364328213665e-01,4.717033347170333790e-02,1.147640791476407934e-01,3.312162723121627184e-01,1.502421475024214859e-01,2.016466030164660306e-01,1.470042894700429037e-01,4.567593745675937317e-02,1.195655181956551821e-01
2.045108620451086337e-02,2.994326829943268209e-02,1.938563719385637263e-02,1.097274110972741058e-02,4.808357548083575655e-02,5.212397952123979522e-02,6.342880863428808358e-02,1.084820810848208077e-02,7.276878372768784409e-02,3.646049536460495288e-02,5.320326553203265363e-02,0.000000000000000000e+00,9.215442092154420284e-02,2.154420921544209291e-02,2.431160924311609114e-02,2.065864120658641306e-02,1.668742216687422314e-02,3.221253632212536105e-02,2.514182925141829339e-02,5.096167150961671694e-02,3.236474332364743661e-02,9.417462294174623605e-02,8.132004981320049841e-02,3.637747336377473301e-02,7.325307873253078528e-02,1.610488446104884341e-01,8.551266085512661264e-02,1.163691711636917064e-01,7.833125778331258282e-02,2.205617822056178332e-02,6.573958765739587595e-02,2.295558322955583083e-02,1.566348415663484234e-02,2.855956828559568297e-02,1.623080116230801034e-02,3.024768230247682280e-02,1.069600110696001041e-02,1.054379410543794179e-02,2.507264425072644118e-02,1.646603016466030231e-02,2.450532724505327317e-02,1.645219316452193117e-02,2.042341220423412110e-02,7.679535076795350815e-03,7.430469074304690315e-03,1.551127715511277198e-02,2.366127023661270326e-02,3.913103639131036704e-02,1.392002213920022144e-02,4.425072644250726411e-02,5.724366957243669229e-02,6.160232461602324627e-02,1.594022415940224077e-02,8.102947281029472537e-02,4.101286841012868195e-02,6.930953369309533763e-02,5.083713850837138365e-02,8.201189982011899970e-02,3.105022831050228277e-02,2.461602324616023185e-02,2.447765324477653090e-02,1.675660716756607188e-02,2.767400027674000312e-02,3.470319634703196432e-02,4.961948249619482776e-02,3.345786633457866616e-02,8.819703888197039099e-02,7.936903279369032782e-02,2.629030026290300401e-02,6.333194963331949257e-02,1.855126608551266043e-01,8.295281582952815369e-02,1.118721461187214550e-01,8.093261380932613436e-02,2.494811124948111136e-02,6.662515566625155927e-02
6.301369863013699113e-02,9.392555693925556948e-02,6.057838660578386547e-02,3.392832433928324315e-02,1.485540334855403322e-01,1.640653106406531059e-01,1.962086619620866113e-01,3.272450532724505146e-02,2.282689912826899037e-01,1.126055071260550766e-01,1.640099626400996213e-01,9.215442092154420284e-02,0.000000000000000000e+00,6.665282966652830154e-02,7.405562474055624178e-02,6.427286564272866043e-02,5.181956551819565798e-02,1.004704580047045825e-01,7.799916977999170331e-02,1.612979106129791007e-01,9.874083298740833625e-02,2.968728379687283758e-01,2.533831465338314826e-01,1.129929431299294268e-01,2.273972602739726123e-01,4.972325999723259948e-01,2.664176006641760242e-01,3.614362806143627815e-01,2.469904524699045312e-01,6.966929569669295941e-02,2.024768230247682432e-01,7.174484571744846328e-02,4.881693648816936432e-02,8.754669987546699617e-02,5.042202850422028426e-02,9.290161892901618867e-02,3.280752732807527133e-02,3.327798533277985527e-02,7.812370278123702272e-02,5.094783450947834580e-02,7.585443475854435069e-02,5.116922651169226316e-02,6.344264563442646165e-02,2.397952123979521163e-02,2.367510723675107093e-02,4.769613947696139250e-02,7.355749273557492252e-02,1.223052442230524450e-01,4.329597343295973205e-02,1.365850283658502917e-01,1.789954337899543335e-01,1.923619759236197546e-01,4.937041649370416813e-02,2.525944375259443486e-01,1.271758682717586963e-01,2.128130621281306145e-01,1.555278815552788019e-01,2.563304275633042639e-01,9.684516396845163633e-02,7.496886674968866737e-02,7.646326276463262517e-02,5.213781652137816636e-02,8.711775287117752564e-02,1.080808080808080829e-01,1.538812785388127824e-01,1.019648540196485403e-01,2.752871177528711799e-01,2.470319634703196376e-01,8.208108482081084845e-02,1.988238549882385409e-01,5.758682717586827149e-01,2.572713435727134179e-01,3.487200774872007969e-01,2.525806005258059983e-01,7.741801577418015723e-02,2.075826760758267553e-01
1.437664314376643077e-02,2.197315621973156344e-02,1.383700013837000156e-02,7.900927079009271645e-03,3.428808634288086493e-02,3.770582537705825105e-02,4.555140445551404682e-02,7.596513075965130937e-03,5.280199252801992538e-02,2.702366127023661177e-02,3.881278538812785173e-02,2.154420921544209291e-02,6.665282966652830154e-02,0.000000000000000000e+00,1.717171717171717127e-02,1.512384115123841140e-02,1.245330012453300071e-02,2.342604123426041129e-02,1.845855818458558284e-02,3.765047737650477344e-02,2.292790922927909203e-02,6.897744568977445812e-02,5.858585858585858841e-02,2.622111526221115180e-02,5.323093953230939590e-02,1.149577971495779755e-01,6.248789262487892959e-02,8.448872284488723183e-02,5.736820257368202558e-02,1.631382316313823022e-02,4.710114847101148222e-02,1.649370416493704111e-02,1.113878511138785034e-02,2.020202020202020374e-02,1.166459111664591188e-02,2.157188321571883172e-02,7.721046077210460754e-03,7.831742078317421168e-03,1.830635118306351075e-02,1.163691711636917134e-02,1.755915317559153185e-02,1.187214611872146157e-02,1.499930814999308158e-02,5.562474055624740468e-03,5.465615054656150322e-03,1.100041511000415112e-02,1.726857617268576228e-02,2.831050228310502334e-02,1.019786910197869115e-02,3.192195931921959495e-02,4.158018541580185690e-02,4.474885844748858338e-02,1.147087311470873158e-02,5.905631659056316540e-02,3.045523730455237249e-02,5.002075550020755601e-02,3.632212536322125540e-02,5.977584059775840897e-02,2.277570222775702341e-02,1.765601217656012287e-02,1.801577418015774118e-02,1.241178912411789077e-02,2.021585720215857140e-02,2.525252525252525207e-02,3.648816936488169516e-02,2.397952123979521163e-02,6.470181264701813095e-02,5.720215857202158583e-02,1.921959319219593287e-02,4.668603846686038283e-02,1.337622803376228020e-01,6.060606060606060774e-02,8.174899681748996894e-02,5.934689359346893844e-02,1.827867718278677195e-02,4.797287947972879441e-02
1.708869517088695139e-02,2.425626124256261354e-02,1.631382316313823022e-02,8.814169088141690298e-03,3.827314238273142599e-02,4.314376643143766343e-02,5.033900650339006438e-02,8.800332088003320896e-03,5.895945758959457439e-02,2.944513629445136282e-02,4.301923343019233709e-02,2.431160924311609114e-02,7.405562474055624178e-02,1.717171717171717127e-02,0.000000000000000000e+00,1.692265116922651164e-02,1.354642313546423199e-02,2.601356026013560210e-02,2.104607721046077365e-02,4.225819842258198705e-02,2.656704026567040244e-02,7.779161477791614321e-02,6.731700567317006056e-02,2.998477929984779203e-02,5.875190258751902816e-02,1.308149993081499929e-01,7.002905770029058119e-02,9.420229694202296444e-02,6.407914764079147840e-02,1.794658917946589244e-02,5.374290853742908630e-02,1.826484018264840081e-02,1.273004012730040088e-02,2.357824823578248338e-02,1.326968313269683182e-02,2.411789124117891259e-02,8.634288086342881141e-03,8.855680088556800236e-03,2.027120520271205248e-02,1.343572713435727158e-02,2.040957520409575343e-02,1.375397813753978168e-02,1.620312716203127154e-02,6.143628061436280478e-03,6.323509063235090502e-03,1.356026013560260139e-02,1.902587519025875085e-02,3.305659333056593097e-02,1.115262211152622147e-02,3.503528435035284383e-02,4.736405147364051299e-02,4.945343849453438800e-02,1.306212813062128213e-02,6.601632766016327092e-02,3.268299432682994499e-02,5.545869655458696840e-02,4.097135740971357548e-02,6.648678566486786179e-02,2.461602324616023185e-02,2.148886121488861184e-02,2.017434620174346147e-02,1.340805313408053104e-02,2.260965822609658366e-02,2.869793828697938393e-02,4.209215442092154730e-02,2.795074027950740156e-02,7.285180572851805703e-02,6.691573266915733231e-02,2.219454822194548080e-02,5.134910751349107405e-02,1.517503805175038079e-01,6.874221668742216962e-02,9.097827590978276036e-02,6.680503666805036322e-02,2.025736820257368134e-02,5.455929154559291394e-02
1.403071814030718185e-02,2.132281721322817208e-02,1.362944513629445187e-02,7.582676075826760669e-03,3.294589732945897576e-02,3.688944236889442341e-02,4.384945343849453586e-02,7.416632074166320913e-03,5.132143351321433178e-02,2.547391725473917290e-02,3.713850837138508304e-02,2.065864120658641306e-02,6.427286564272866043e-02,1.512384115123841140e-02,1.692265116922651164e-02,0.000000000000000000e+00,1.177528711775287056e-02,2.265116922651169359e-02,1.794658917946589244e-02,3.659886536598865037e-02,2.208385222083852212e-02,6.702642867026428752e-02,5.752040957520409420e-02,2.518334025183340333e-02,5.112771551127715669e-02,1.114293621142936203e-01,6.064757160647571421e-02,8.185969281859692415e-02,5.581845855818458324e-02,1.587103915871039203e-02,4.575895945758959305e-02,1.591255015912550197e-02,1.090355610903556184e-02,1.967621419676214220e-02,1.124948111249481075e-02,2.075550020755500061e-02,7.361284073612840706e-03,7.375121073751210975e-03,1.743462017434620204e-02,1.130482911304829183e-02,1.699183616991836038e-02,1.140168811401688111e-02,1.433513214335132083e-02,5.313408053134080836e-03,5.188875051888750152e-03,1.073751210737512035e-02,1.671509616715096194e-02,2.777085927770859414e-02,9.810433098104330563e-03,3.019233430192334172e-02,4.069461740694617358e-02,4.290853742908537494e-02,1.108343711083437100e-02,5.706378857063788834e-02,2.851805728518057303e-02,4.800055348000553668e-02,3.456482634564826684e-02,5.742355057423550319e-02,2.173792721737927147e-02,1.750380517503805078e-02,1.753147917531479305e-02,1.166459111664591188e-02,1.962086619620866113e-02,2.482357824823578155e-02,3.567178635671786058e-02,2.313546423135464172e-02,6.341497163414971938e-02,5.682855956828559291e-02,1.848623218486232164e-02,4.517780545177805390e-02,1.298602462986024608e-01,5.901480559014805893e-02,7.853881278538812905e-02,5.821225958212259549e-02,1.769752317697523281e-02,4.696277846962778474e-02
1.145703611457036045e-02,1.708869517088695139e-02,1.086204510862045190e-02,6.226650062266500356e-03,2.696831326968313416e-02,2.934827729348277181e-02,3.550574235505742082e-02,5.922236059222360516e-03,4.138646741386467487e-02,2.068631520686315187e-02,3.041372630413726255e-02,1.668742216687422314e-02,5.181956551819565798e-02,1.245330012453300071e-02,1.354642313546423199e-02,1.177528711775287056e-02,0.000000000000000000e+00,1.807112218071122225e-02,1.458419814584198219e-02,2.940362529403625289e-02,1.784973017849730142e-02,5.408883354088833695e-02,4.614639546146395710e-02,2.032655320326553355e-02,4.141414141414141714e-02,8.966376089663760651e-02,4.878926248789262204e-02,6.565656565656566301e-02,4.474885844748858338e-02,1.273004012730040088e-02,3.661270236612702150e-02,1.266085512660855041e-02,8.814169088141690298e-03,1.591255015912550197e-02,9.049398090493980529e-03,1.747613117476131198e-02,6.129791061297910210e-03,6.060606060606060601e-03,1.418292514182925221e-02,9.367649093676490638e-03,1.387851113878511150e-02,9.270790092707901359e-03,1.203819012038190132e-02,4.358655043586550509e-03,4.344818043448180241e-03,8.841843088418430835e-03,1.329735713297357062e-02,2.218071122180711313e-02,7.983949079839491522e-03,2.464369724643697412e-02,3.237858032378580081e-02,3.470319634703196432e-02,8.924865089248650712e-03,4.592500345925003280e-02,2.342604123426041129e-02,3.877127438771274526e-02,2.806143628061436371e-02,4.672754946727549624e-02,1.798810017988100238e-02,1.398920713989207192e-02,1.396153313961533138e-02,9.478345094783451052e-03,1.544209215442092151e-02,1.971772519717725214e-02,2.873944928739449386e-02,1.899820118998201204e-02,5.040819150408191313e-02,4.534384945343849366e-02,1.490244914902449230e-02,3.605922236059222463e-02,1.042756330427563327e-01,4.740556247405562640e-02,6.416216964162169134e-02,4.646464646464646547e-02,1.455652414556524166e-02,3.762280337622803117e-02
2.195931921959319230e-02,3.315345233153452198e-02,2.123979521239795221e-02,1.177528711775287056e-02,5.155666251556662721e-02,5.747889857478898773e-02,6.843780268437803238e-02,1.152622111526221092e-02,8.036529680365296635e-02,3.947696139476961075e-02,5.761726857617268521e-02,3.221253632212536105e-02,1.004704580047045825e-01,2.342604123426041129e-02,2.601356026013560210e-02,2.265116922651169359e-02,1.807112218071122225e-02,0.000000000000000000e+00,2.766016327660163199e-02,5.674553756745537303e-02,3.432959734329597140e-02,1.044831880448318789e-01,8.927632489276324246e-02,3.946312439463124655e-02,7.949356579493566111e-02,1.742631797426318074e-01,9.381486093814861427e-02,1.273004012730040158e-01,8.666113186661131285e-02,2.456067524560675078e-02,7.105299571052996199e-02,2.475439324754393280e-02,1.704718417047184145e-02,3.053825930538259237e-02,1.747613117476131198e-02,3.221253632212536105e-02,1.138785111387851171e-02,1.154005811540058032e-02,2.714819427148194159e-02,1.765601217656012287e-02,2.637332226373322389e-02,1.771136017711360047e-02,2.233291822332918175e-02,8.288363082883630495e-03,8.136156081361560141e-03,1.657672616576726099e-02,2.605507126055071204e-02,4.297772242977722368e-02,1.523453715234537181e-02,4.728102947281029311e-02,6.315206863152068861e-02,6.680503666805036322e-02,1.722706517227065234e-02,8.888888888888889228e-02,4.433374844333748399e-02,7.462294174622942367e-02,5.399197453991974593e-02,8.976061989760619753e-02,3.395599833955998542e-02,2.681610626816106208e-02,2.699598726995987297e-02,1.802961118029611232e-02,3.048291130482911476e-02,3.837000138370001701e-02,5.457312854573128508e-02,3.565794935657949638e-02,9.784142797841427486e-02,8.732530787325307187e-02,2.869793828697938393e-02,7.009824270098242993e-02,2.021447350214473637e-01,9.113048291130483591e-02,1.225404732254047335e-01,8.976061989760619753e-02,2.732807527328075248e-02,7.276878372768784409e-02
1.739310917393109210e-02,2.595821225958212103e-02,1.659056316590563213e-02,9.353812093538121236e-03,4.051473640514736269e-02,4.502559845025598528e-02,5.317559153175591830e-02,9.146257091462571542e-03,6.239103362391033858e-02,3.114708731147087378e-02,4.574512245745122191e-02,2.514182925141829339e-02,7.799916977999170331e-02,1.845855818458558284e-02,2.104607721046077365e-02,1.794658917946589244e-02,1.458419814584198219e-02,2.766016327660163199e-02,0.000000000000000000e+00,4.461048844610488590e-02,2.730040127300401367e-02,8.221945482219454593e-02,7.062404870624049147e-02,3.075965130759651320e-02,6.246021862460218732e-02,1.361007333610073367e-01,7.440154974401549937e-02,9.987546699875467227e-02,6.780130067801300175e-02,1.928877819288778162e-02,5.608136156081361401e-02,1.898436418984364091e-02,1.325584613255846068e-02,2.422858724228587127e-02,1.369863013698630061e-02,2.587519025875190115e-02,9.173931091739310345e-03,9.132420091324200406e-03,2.105991421059914132e-02,1.394769613947696198e-02,2.079701120797011055e-02,1.390618513906185204e-02,1.773903417739034274e-02,6.489553064895530257e-03,6.544901065449010465e-03,1.362944513629445187e-02,2.042341220423412110e-02,3.398367233983672075e-02,1.199667911996679139e-02,3.682025736820257467e-02,4.943960149439601687e-02,5.213781652137816636e-02,1.353258613532586085e-02,6.983533969835339916e-02,3.497993634979936622e-02,5.843365158433651285e-02,4.229970942299709352e-02,7.005673170056732346e-02,2.665006226650062232e-02,2.187629721876297242e-02,2.143351321433513076e-02,1.425211014252110095e-02,2.370278123702781320e-02,3.004012730040127310e-02,4.415386744153867310e-02,2.869793828697938393e-02,7.779161477791614321e-02,6.971080669710806588e-02,2.287256122872561095e-02,5.497440154974401333e-02,1.591116645911166416e-01,7.242285872422858650e-02,9.640237996402380161e-02,7.109450671094506846e-02,2.190397121903971123e-02,5.716064757160647242e-02
3.514598035145980598e-02,5.310640653106406261e-02,3.421890134218901619e-02,1.898436418984364091e-02,8.256537982565380351e-02,9.272173792721738472e-02,1.093261380932613741e-01,1.854158018541580272e-02,1.287671232876712313e-01,6.322125363221253735e-02,9.251418292514182462e-02,5.096167150961671694e-02,1.612979106129791007e-01,3.765047737650477344e-02,4.225819842258198705e-02,3.659886536598865037e-02,2.940362529403625289e-02,5.674553756745537303e-02,4.461048844610488590e-02,0.000000000000000000e+00,5.498823854988238446e-02,1.681748996817490072e-01,1.438217794382178061e-01,6.284765462847655138e-02,1.280199252801992593e-01,2.791891517918915211e-01,1.507817905078178977e-01,2.039712190397121871e-01,1.394769613947696163e-01,3.929708039297080679e-02,1.141552511415525051e-01,3.973986439739864152e-02,2.734191227341912361e-02,4.934274249342742585e-02,2.837968728379687208e-02,5.237304552373045485e-02,1.848623218486232164e-02,1.870762418707624247e-02,4.325446243254462558e-02,2.865642728656427399e-02,4.239656842396568454e-02,2.849038328490383423e-02,3.590701535907015601e-02,1.333886813338868056e-02,1.340805313408053104e-02,2.694063926940639189e-02,4.177390341773903198e-02,6.929569669295697343e-02,2.442230524422305329e-02,7.553618375536183538e-02,1.019648540196485403e-01,1.070845440708454444e-01,2.784004427840044288e-02,1.430745814307458064e-01,7.117752871177528140e-02,1.191642451916424539e-01,8.595544485955444736e-02,1.435865504358655176e-01,5.442092154420921646e-02,4.351736543517365635e-02,4.348969143489691408e-02,2.927909229279092307e-02,4.876158848761588671e-02,6.114570361145703348e-02,8.912411789124118078e-02,5.722983257229832810e-02,1.578109865781098520e-01,1.412204234122042268e-01,4.621558046215580584e-02,1.123010931230109255e-01,3.243116092431160835e-01,1.469489414694894192e-01,1.972879479728794905e-01,1.448042064480420665e-01,4.433374844333748399e-02,1.166597481665974795e-01
2.230524422305244295e-02,3.200498132004981483e-02,2.115677321156773233e-02,1.166459111664591188e-02,5.126608551266085417e-02,5.634426456344264478e-02,6.774595267745953109e-02,1.141552511415525051e-02,7.817905078179050726e-02,3.911719939117199590e-02,5.684239656842396404e-02,3.236474332364743661e-02,9.874083298740833625e-02,2.292790922927909203e-02,2.656704026567040244e-02,2.208385222083852212e-02,1.784973017849730142e-02,3.432959734329597140e-02,2.730040127300401367e-02,5.498823854988238446e-02,0.000000000000000000e+00,1.017157880171578738e-01,8.793413587934136022e-02,3.990590839905908127e-02,7.799916977999170331e-02,1.728518057285180487e-01,9.182233291822332333e-02,1.239518472395184784e-01,8.450255984502559603e-02,2.356441123564411225e-02,7.043033070430330944e-02,2.486508924865089148e-02,1.690881416908814050e-02,3.075965130759651320e-02,1.751764217517642191e-02,3.210184032101840584e-02,1.140168811401688111e-02,1.162308011623080194e-02,2.723121627231216146e-02,1.742078317420783090e-02,2.652552926525529250e-02,1.790507817905078250e-02,2.164106821641068046e-02,8.177667081776670080e-03,8.219178082191780019e-03,1.733776117337761102e-02,2.512799225127992225e-02,4.271481942714819291e-02,1.479175314791753189e-02,4.717033347170333790e-02,6.190673861906738351e-02,6.629306766293067976e-02,1.719939117199391007e-02,8.663345786633458445e-02,4.362806143628061156e-02,7.359900373599004286e-02,5.457312854573128508e-02,8.869517088695171025e-02,3.307043033070430210e-02,2.705133527051335404e-02,2.648401826484018257e-02,1.793275217932752130e-02,2.977722429777224233e-02,3.712467137124671190e-02,5.379825653798256391e-02,3.646049536460495288e-02,9.472810294728102598e-02,8.596928185969282543e-02,2.889165628891656248e-02,6.775978967759789529e-02,1.989483879894838880e-01,8.926248789262487826e-02,1.199806281998062885e-01,8.678566486785664613e-02,2.647018126470181143e-02,7.160647571606475192e-02
