0.000000000000000000e+00,2.104612000824799059e-02,1.407656883634614102e-02,7.808096776410749541e-03,2.449652897106330274e-02,3.587875455357756455e-02,3.805072513574816323e-02,9.512681283937040808e-03,4.357687813595435833e-02,2.661351295621692051e-02,3.117740050862602072e-02,1.847549659770431063e-02,6.207986803216716115e-02,1.164341191834490294e-02,1.906660251563681296e-02,1.403532888858340794e-02,8.357962746580521393e-03,2.628359337411505930e-02,1.565743350058423217e-02,3.799573853873118578e-02,2.232455838889270752e-02,6.056773661420029181e-02,5.582514262148600970e-02,2.226957179187573008e-02,4.856691181524503548e-02,1.073200907278850785e-01,5.733727403945288598e-02,8.290604165234724543e-02,5.390061172589181299e-02,1.492886109010928622e-02,4.239466630008935366e-02,1.551996700804179029e-02,1.184961165715856836e-02,1.734827135885627994e-02,8.247989552546566502e-03,1.351295621692212567e-02,7.533163791325864049e-03,5.402433156918001050e-03,1.330675647810846025e-02,1.154718537356519414e-02,1.354044951543061440e-02,7.505670492817376194e-03,1.234449103031136190e-02,4.852567186748230066e-03,3.780328544917176386e-03,1.153343872431094978e-02,2.334181043370678332e-02,2.030380094851879855e-02,1.011753385112378924e-02,2.093614681421403570e-02,3.679978005361193155e-02,3.857309780740944549e-02,1.145095882878548361e-02,4.731596673310880380e-02,3.020138841157467974e-02,3.725341947900199374e-02,3.469654271771255988e-02,5.971544436043714488e-02,1.520379407519417171e-02,1.506632758265172810e-02,1.831053680665337829e-02,1.015877379888652059e-02,2.060622723211217103e-02,2.162347927692625030e-02,2.749329850848855616e-02,1.862670973950099687e-02,5.330950580795931065e-02,5.560519623341810685e-02,1.767819094095814114e-02,4.418173070314111023e-02,1.163791325864320519e-01,5.596260911402845678e-02,7.992301876417623463e-02,5.380438518111210072e-02,1.609732627672004826e-02,4.363186473297133577e-02
2.104612000824799059e-02,0.000000000000000000e+00,2.397415629940202048e-02,1.318303663482026274e-02,4.250463949412330855e-02,6.216234792769262385e-02,6.518661076362636253e-02,1.608357962746580563e-02,7.551034435356382413e-02,4.639494123307443679e-02,5.395559832290879043e-02,3.175475977730428390e-02,1.052855866382569200e-01,2.079868032167159209e-02,3.211217265791463382e-02,2.437280912777510522e-02,1.444772836621073531e-02,4.507526290466698504e-02,2.686095264279331901e-02,6.566774348752490997e-02,3.759708571035810104e-02,1.046669874218159324e-01,9.503058629459069928e-02,3.739088597154443389e-02,8.474809265241597944e-02,1.829953948724998281e-01,1.005842325933053866e-01,1.426489793112928617e-01,9.393085435425115037e-02,2.609114028455563825e-02,7.229362842807066092e-02,2.582995394872499711e-02,2.004261461268815742e-02,2.852429720255687806e-02,1.380163585126125553e-02,2.367173001580864800e-02,1.292185029898962161e-02,9.127775104818200425e-03,2.215959859784177519e-02,1.935528214997594282e-02,2.237954498590968497e-02,1.235823767956560626e-02,2.169221252319747037e-02,8.247989552546566502e-03,6.323458656952368057e-03,1.924530895594198793e-02,4.069008179256305979e-02,3.464155612069558243e-02,1.710083167227988143e-02,3.593374115059454199e-02,6.361949274864252268e-02,6.598391642037253202e-02,1.927280225445047665e-02,8.099525740600728441e-02,5.176988109148394912e-02,6.375695924118496283e-02,5.755722042752078882e-02,1.015877379888652093e-01,2.699841913533576263e-02,2.578871400096226577e-02,3.189222626984672404e-02,1.749948450065296618e-02,3.546635507595023717e-02,3.725341947900199374e-02,4.793456594954979832e-02,3.095745412055811441e-02,9.344972163035260293e-02,9.482438655577703213e-02,2.995394872499828123e-02,7.673379613719155667e-02,1.981029624029142788e-01,9.648773111554058424e-02,1.387449309230874839e-01,9.333974843631864804e-02,2.778197814282768602e-02,7.472678534607189726e-02
1.407656883634614102e-02,2.397415629940202048e-02,0.000000000000000000e+00,8.756615574953604403e-03,2.785071138909890609e-02,4.059385524778335447e-02,4.298577221802185599e-02,1.083235961234449082e-02,4.913052443466905256e-02,3.005017526977799003e-02,3.556258162072994944e-02,2.066121382912914847e-02,6.966801842051000004e-02,1.366416935871881191e-02,2.143102618736682924e-02,1.583613994088940713e-02,9.512681283937040808e-03,2.983022888171008372e-02,1.770568423946662986e-02,4.328819850161522848e-02,2.490892844869063011e-02,6.914564574884872472e-02,6.361949274864252268e-02,2.490892844869063011e-02,5.464293078562100503e-02,1.203519142209086568e-01,6.537906385318578706e-02,9.415080074231906015e-02,6.106261598735308188e-02,1.708708502302563881e-02,4.783833940477008606e-02,1.704584507526290399e-02,1.337548972437968206e-02,1.936902879923018891e-02,9.127775104818200425e-03,1.568492679909272089e-02,8.440442642105985827e-03,6.034779022613238203e-03,1.466767475427864509e-02,1.300433019451508777e-02,1.531376726922812487e-02,8.440442642105985827e-03,1.439274176919375960e-02,5.388686507663756689e-03,4.288954567324214720e-03,1.310055673929479657e-02,2.644855316516599164e-02,2.308062409787614219e-02,1.149219877654821670e-02,2.358925012028318183e-02,4.141865420303800921e-02,4.354938483744587308e-02,1.285311705271839980e-02,5.317203931541687051e-02,3.387174376245789820e-02,4.181730703141109395e-02,3.844937796412124797e-02,6.775723417417005290e-02,1.777441748573784994e-02,1.690837858272046038e-02,2.083992026943432690e-02,1.136847893326001745e-02,2.343803697848649559e-02,2.455151556808028018e-02,3.139734689669393397e-02,2.067496047838339457e-02,6.076018970375970940e-02,6.305588012921850560e-02,1.982266822462024763e-02,5.023025637500859453e-02,1.306206612138291201e-01,6.360574609938828006e-02,9.107155130936833709e-02,6.103512268884459663e-02,1.859921644099250815e-02,4.911677778541480299e-02
7.808096776410749541e-03,1.318303663482026274e-02,8.756615574953604403e-03,0.000000000000000000e+00,1.572616674685545571e-02,2.235205168740119624e-02,2.455151556808028018e-02,5.897312530070795457e-03,2.796068458313286098e-02,1.697711182899168392e-02,1.997388136641693734e-02,1.162966526909065858e-02,3.990652278507113987e-02,7.395697298783421303e-03,1.145095882878548361e-02,9.017801910784245534e-03,5.361193209155268834e-03,1.682589868719499768e-02,9.911334112310123817e-03,2.371296996357137934e-02,1.387036909753247560e-02,3.811945838201938330e-02,3.466904941920406769e-02,1.396659564231218613e-02,3.066877448621898455e-02,6.711114165922056618e-02,3.578252800879785228e-02,5.258093339748436124e-02,3.418791669530552024e-02,9.210255000343666593e-03,2.684720599353907639e-02,1.014502714963227796e-02,7.656883634614062434e-03,1.084610626159873518e-02,5.168740119595848642e-03,8.687882328682384331e-03,4.728847343460031681e-03,3.450408962815313882e-03,8.674135679428139969e-03,7.450683895800398748e-03,8.467935940614474549e-03,4.742593992714276042e-03,7.863083373427727854e-03,3.175475977730428390e-03,2.364423671730015841e-03,7.162004261461268895e-03,1.450271496322771275e-02,1.261942401539624739e-02,6.474671798749055164e-03,1.351295621692212567e-02,2.312186404563887701e-02,2.475771530689394387e-02,7.175750910715513256e-03,3.003642862052374740e-02,1.941026874699292026e-02,2.371296996357137934e-02,2.185717231424840271e-02,3.807821843425664848e-02,9.828854216784659384e-03,9.224001649597910954e-03,1.168465186610763602e-02,6.612138291291497910e-03,1.332050312736270462e-02,1.367791600797305628e-02,1.689463193346621775e-02,1.145095882878548361e-02,3.326689119527115324e-02,3.462780947144133287e-02,1.113478589593786504e-02,2.793319128462437226e-02,7.236236167434187405e-02,3.498522235205168973e-02,5.111004192728022671e-02,3.407794350127156535e-02,1.009004055261530051e-02,2.775448484431919730e-02
2.449652897106330274e-02,4.250463949412330855e-02,2.785071138909890609e-02,1.572616674685545571e-02,0.000000000000000000e+00,7.133136298027355215e-02,7.783352807753110558e-02,1.906660251563681296e-02,8.843219465255343359e-02,5.519279675579077254e-02,6.407313217403258487e-02,3.743212591930716870e-02,1.256856141315554343e-01,2.386418310536806558e-02,3.674479345659495411e-02,2.871675029211629565e-02,1.719705821705959023e-02,5.325451921094233321e-02,3.150732009072788192e-02,7.556533095058079463e-02,4.456663688225995235e-02,1.214378995119939492e-01,1.098907141384287550e-01,4.390679771805622300e-02,9.857722180218571328e-02,2.134304763213966671e-01,1.151281875042958341e-01,1.671317616331019218e-01,1.087909821980892200e-01,2.950030929960821904e-02,8.481682589868719258e-02,3.197470616537219368e-02,2.389167640387655431e-02,3.389923706096639039e-02,1.635851261255068939e-02,2.802941782940408105e-02,1.540999381400783540e-02,1.088734620936146827e-02,2.745205856072582482e-02,2.342429032923224949e-02,2.659976630696267788e-02,1.480514124682108697e-02,2.562375420991133343e-02,1.011753385112378924e-02,7.436937246546154387e-03,2.243453158292666241e-02,4.668362086741356665e-02,3.997525603134235994e-02,2.029005429926455592e-02,4.283455907622517322e-02,7.388823974156299990e-02,7.806722111485325799e-02,2.308062409787614219e-02,9.585538524984535402e-02,6.223108117396384392e-02,7.585401058491993143e-02,6.881572616674686005e-02,1.204893807134510969e-01,3.161729328476183681e-02,2.914289641899786912e-02,3.737713932229019126e-02,2.121107979929891946e-02,4.185854697917382877e-02,4.372809127775104804e-02,5.432675785277338992e-02,3.637363392673036155e-02,1.071413842875798966e-01,1.101519004742593927e-01,3.535638188191628228e-02,8.909203381675716293e-02,2.297614956354388505e-01,1.111141659220565014e-01,1.629527802598116637e-01,1.090521685339198577e-01,3.229087909821980878e-02,8.845968795106193272e-02
3.587875455357756455e-02,6.216234792769262385e-02,4.059385524778335447e-02,2.235205168740119624e-02,7.133136298027355215e-02,0.000000000000000000e+00,1.096157811533438747e-01,2.731459206818338120e-02,1.268540793181661963e-01,7.728366210736133113e-02,9.021925905560519710e-02,5.352945219602722043e-02,1.775242284693105965e-01,3.493023575503471229e-02,5.439549109904460999e-02,4.114372121795312198e-02,2.423534263523266161e-02,7.637638325658120675e-02,4.530895594198913745e-02,1.111416592205649867e-01,6.333081311430338589e-02,1.776342016633445653e-01,1.623891676403876605e-01,6.393566568149013085e-02,1.435287648635645008e-01,3.108804728847343601e-01,1.694274520585607180e-01,2.405526153000206169e-01,1.588975187298096170e-01,4.429170389717506512e-02,1.228538043851811062e-01,4.376933122551378286e-02,3.351433088184754827e-02,4.867688500927899037e-02,2.350677022475771566e-02,3.990652278507113987e-02,2.184342566499415661e-02,1.524503402295690480e-02,3.708845968795106141e-02,3.282699841913533367e-02,3.806447178500240586e-02,2.086741356794281563e-02,3.609870094164547433e-02,1.366416935871881191e-02,1.076362636607326902e-02,3.286823836689806849e-02,6.880197951749261742e-02,5.893188535294521802e-02,2.897793662794693678e-02,6.047151006942057955e-02,1.080211698398515358e-01,1.110179393772767892e-01,3.274451852360987097e-02,1.369991064677984760e-01,8.582033129424702922e-02,1.074300639219190334e-01,9.721630352601554059e-02,1.712695030586294520e-01,4.529520929273489482e-02,4.343941164341191818e-02,5.388686507663757036e-02,2.903292322496391423e-02,5.996288404701353991e-02,6.261598735308268604e-02,8.091277751048181477e-02,5.233349371090796620e-02,1.577290535431988550e-01,1.612069558045226558e-01,5.091758883772080219e-02,1.294659426764726007e-01,3.355007216990858465e-01,1.638875524091002733e-01,2.334593442848305611e-01,1.580039865282837352e-01,4.716475359131212103e-02,1.264004398927761341e-01
3.805072513574816323e-02,6.518661076362636253e-02,4.298577221802185599e-02,2.455151556808028018e-02,7.783352807753110558e-02,1.096157811533438747e-01,0.000000000000000000e+00,2.950030929960821904e-02,1.366142002886796269e-01,8.450065296583957053e-02,9.864595504845694030e-02,5.763970032304625846e-02,1.943088872087428698e-01,3.697848649391710651e-02,5.666368822599491401e-02,4.431919719568355037e-02,2.654477970994570044e-02,8.252113547322839637e-02,4.842944532270258839e-02,1.162554127431438544e-01,6.863701972644167815e-02,1.872568561413155419e-01,1.697436249914083539e-01,6.783971406969550866e-02,1.516392879235686220e-01,3.293697161316929134e-01,1.769056292528696228e-01,2.585882191215891357e-01,1.671042683345934365e-01,4.552890233005704723e-02,1.312530070795243642e-01,4.958416386005910781e-02,3.722592618049350155e-02,5.281462643480651364e-02,2.536256787408069230e-02,4.341191834490343293e-02,2.379544985909684551e-02,1.686713863495772903e-02,4.255962609114028600e-02,3.653859371778129389e-02,4.151488074781772147e-02,2.319059729191009708e-02,3.961784315073201002e-02,1.562994020207574344e-02,1.160217197058216985e-02,3.490274245652622009e-02,7.189497559969756924e-02,6.151625541274314407e-02,3.161729328476183681e-02,6.609388961440648691e-02,1.132448965564643584e-01,1.209567667880954017e-01,3.565880816550965476e-02,1.477352395353632442e-01,9.632277132448965884e-02,1.166403189222627035e-01,1.070176644442916991e-01,1.871331362980273583e-01,4.892432469585538540e-02,4.508900955392123461e-02,5.732352739019863641e-02,3.282699841913533367e-02,6.474671798749054297e-02,6.735858134579696122e-02,8.346965427177126251e-02,5.626503539762182926e-02,1.645886315210667306e-01,1.697023850436455983e-01,5.442298439755309525e-02,1.373702659976630824e-01,3.550347102893669504e-01,1.716544092377483011e-01,2.523884803079249339e-01,1.680527871331362888e-01,5.018901642724585971e-02,1.368753866245102646e-01
9.512681283937040808e-03,1.608357962746580563e-02,1.083235961234449082e-02,5.897312530070795457e-03,1.906660251563681296e-02,2.731459206818338120e-02,2.950030929960821904e-02,0.000000000000000000e+00,3.310193140422022090e-02,2.048250738882397351e-02,2.429032923224963905e-02,1.407656883634614102e-02,4.704103374802391657e-02,9.196508351089422231e-03,1.492886109010928622e-02,1.085985291085297955e-02,6.502165097257543887e-03,2.018008110523060103e-02,1.208330469448072077e-02,2.879923018764176182e-02,1.771943088872087596e-02,4.595504845693862417e-02,4.324695855385250060e-02,1.674341879166953151e-02,3.722592618049350155e-02,8.099525740600728441e-02,4.398927761358169264e-02,6.335830641281187114e-02,4.095126812839370439e-02,1.135473228400577309e-02,3.224963915045707397e-02,1.168465186610763602e-02,8.894082067496048016e-03,1.281187710495566671e-02,6.007285724104749480e-03,1.057117327651384969e-02,5.801085985291084927e-03,4.027768231493573589e-03,9.980067358581345624e-03,8.619149082411162524e-03,1.029624029142896420e-02,5.649872843494397820e-03,9.608907828716749602e-03,3.739088597154443736e-03,2.845556395628565452e-03,8.825348821224826210e-03,1.771943088872087596e-02,1.575366004536394096e-02,7.698123582376795518e-03,1.597360643343185074e-02,2.752079180699704489e-02,2.934909615781153280e-02,8.976561963021514184e-03,3.605746099388273951e-02,2.320434394116433971e-02,2.838683071001443445e-02,2.625610007560657058e-02,4.583132861365041971e-02,1.180837170939583528e-02,1.169839851536188038e-02,1.393910234380369741e-02,7.863083373427727854e-03,1.584988659014365323e-02,1.655096570211011045e-02,2.092240016495978960e-02,1.454395491099044584e-02,4.053886865076637702e-02,4.291703897175063592e-02,1.355419616468485876e-02,3.389923706096639039e-02,8.808852842119732629e-02,4.254587944188604337e-02,6.218984122620111604e-02,4.102000137466492447e-02,1.252319747061653686e-02,3.337686438930510813e-02
4.357687813595435833e-02,7.551034435356382413e-02,4.913052443466905256e-02,2.796068458313286098e-02,8.843219465255343359e-02,1.268540793181661963e-01,1.366142002886796269e-01,3.310193140422022090e-02,0.000000000000000000e+00,9.592411849611656716e-02,1.111828991683277146e-01,6.575022338305037961e-02,2.194652553440099019e-01,4.268334593442848351e-02,6.562650353976218209e-02,5.104130868100900664e-02,3.011890851604921357e-02,9.442573372740394044e-02,5.533026324833321963e-02,1.350058423259330453e-01,7.750360849542924091e-02,2.168946319334662254e-01,1.966045776342016660e-01,7.791600797305656134e-02,1.753522578871400117e-01,3.786514537081586140e-01,2.053199532613925460e-01,2.953055192796755768e-01,1.935390748505051994e-01,5.317203931541687051e-02,1.507595023712969828e-01,5.486287717368891481e-02,4.184480032991957921e-02,5.992164409925080509e-02,2.888171008316722799e-02,4.947419066602515292e-02,2.712213897862396014e-02,1.886040277682314928e-02,4.677984741219327891e-02,4.112997456869887936e-02,4.675235411368478672e-02,2.576122070245377704e-02,4.480032991958210475e-02,1.719705821705959023e-02,1.321052993332875146e-02,3.978280294178294235e-02,8.307100144339817083e-02,7.080899030861227683e-02,3.587875455357756455e-02,7.485050518936009478e-02,1.311980204825073937e-01,1.376864389305106906e-01,4.009897587463055746e-02,1.689875592824248984e-01,1.073338373771393212e-01,1.319540861914908214e-01,1.203381675716544141e-01,2.120695580452264806e-01,5.604508900955391948e-02,5.197608083029761628e-02,6.595642312186404677e-02,3.635988727747611199e-02,7.414942607739363756e-02,7.667880954017458617e-02,9.743624991408343650e-02,6.342703965908309816e-02,1.911059179325039492e-01,1.952161660595229942e-01,6.217609457694686648e-02,1.582651728641143729e-01,4.078768300226819910e-01,1.992714275895250409e-01,2.882534882122482767e-01,1.936902879923018683e-01,5.777716681558869860e-02,1.556395628565537259e-01
2.661351295621692051e-02,4.639494123307443679e-02,3.005017526977799003e-02,1.697711182899168392e-02,5.519279675579077254e-02,7.728366210736133113e-02,8.450065296583957053e-02,2.048250738882397351e-02,9.592411849611656716e-02,0.000000000000000000e+00,6.965427177125575742e-02,4.062134854629183972e-02,1.353770018557976518e-01,2.677847274726785284e-02,4.033266891195270987e-02,3.134236029967695653e-02,1.861296309024675077e-02,5.783215341260567605e-02,3.436662313561069521e-02,8.199876280156712105e-02,4.838820537493986051e-02,1.320778060347790328e-01,1.193484088253488201e-01,4.724723348683758373e-02,1.084198226682246136e-01,2.320021994638806762e-01,1.259193071688775867e-01,1.814420235067702170e-01,1.180424771461956179e-01,3.245583888927074112e-02,9.210255000343665899e-02,3.381675716544092075e-02,2.565124750841982215e-02,3.653859371778129389e-02,1.765069764244965242e-02,3.077874768025293944e-02,1.664719224688981924e-02,1.162966526909065858e-02,2.888171008316722799e-02,2.521135473228400606e-02,2.851055055330263197e-02,1.561619355282149908e-02,2.793319128462437226e-02,1.083235961234449082e-02,7.986803216715925371e-03,2.442779572479208267e-02,5.102756203175475708e-02,4.299951886727609862e-02,2.206337205306206639e-02,4.635370128531170197e-02,7.985428551790500762e-02,8.458313286136504017e-02,2.467523541136847770e-02,1.033610557426627302e-01,6.744106124132243085e-02,8.193002955529589404e-02,7.438311911471578997e-02,1.305519279675579070e-01,3.473778266547528776e-02,3.204343941164341375e-02,4.044264210598666476e-02,2.302563750085916475e-02,4.532270259124338702e-02,4.695855385249845387e-02,5.960547116640318999e-02,3.927417691937590272e-02,1.167915320640593863e-01,1.187710495566705604e-01,3.792700529245996571e-02,9.776616949618530117e-02,2.507251357481614096e-01,1.210392466836208714e-01,1.781428276857515980e-01,1.190597291910096972e-01,3.526015533713657002e-02,9.569042545879441475e-02
3.117740050862602072e-02,5.395559832290879043e-02,3.556258162072994944e-02,1.997388136641693734e-02,6.407313217403258487e-02,9.021925905560519710e-02,9.864595504845694030e-02,2.429032923224963905e-02,1.111828991683277146e-01,6.965427177125575742e-02,0.000000000000000000e+00,4.738469997938002387e-02,1.580039865282837352e-01,3.084748092652415952e-02,4.750841982266822139e-02,3.642862052374733900e-02,2.169221252319747037e-02,6.768850092789882589e-02,3.993401608357962512e-02,9.635026462299814409e-02,5.697986115884252911e-02,1.537837652072307493e-01,1.403807821843425785e-01,5.548147639012990240e-02,1.252044814076568868e-01,2.700116846518660907e-01,1.462918413636676018e-01,2.118083717093958429e-01,1.374802391916970234e-01,3.748711251632414615e-02,1.068939446010035016e-01,3.963158979998625264e-02,3.003642862052374740e-02,4.272458588219121833e-02,2.056498728434943968e-02,3.568630146401814696e-02,1.942401539624716636e-02,1.366416935871881191e-02,3.367929067289848061e-02,2.919788301601484656e-02,3.366554402364423798e-02,1.853048319472128808e-02,3.266203862808440134e-02,1.264691731390473611e-02,9.402708089903085917e-03,2.871675029211629565e-02,5.952299127087772035e-02,5.095882878548353700e-02,2.573372740394528832e-02,5.394185167365454781e-02,9.269365592136916132e-02,9.805484913052443796e-02,2.911540312048938040e-02,1.210942332806378419e-01,7.856210048800604806e-02,9.527802598116709432e-02,8.704378307787476177e-02,1.522578871400096234e-01,4.020894906866451235e-02,3.739088597154443389e-02,4.731596673310880380e-02,2.669599285174238668e-02,5.293834627809471116e-02,5.526153000206199956e-02,6.966801842051000004e-02,4.649116777785414906e-02,1.364492404976287154e-01,1.397209430201388491e-01,4.460787683002268023e-02,1.135198295415492525e-01,2.915801773317753809e-01,1.412193277888514620e-01,2.068458313286136441e-01,1.380850917588837823e-01,4.154237404632620673e-02,1.113890989071413817e-01
1.847549659770431063e-02,3.175475977730428390e-02,2.066121382912914847e-02,1.162966526909065858e-02,3.743212591930716870e-02,5.352945219602722043e-02,5.763970032304625846e-02,1.407656883634614102e-02,6.575022338305037961e-02,4.062134854629183972e-02,4.738469997938002387e-02,0.000000000000000000e+00,9.310605539899649563e-02,1.821431026187366950e-02,2.789195133686164091e-02,2.136229294109560917e-02,1.267441061241322484e-02,3.975530964327445016e-02,2.346553027699498084e-02,5.645748848718124685e-02,3.315691800123719835e-02,9.070039177950374454e-02,8.241116227919444148e-02,3.282699841913533367e-02,7.436937246546154734e-02,1.600522372671661364e-01,8.654890370472197170e-02,1.246683620867413550e-01,8.103649735377001229e-02,2.242078493367241632e-02,6.345453295759158341e-02,2.334181043370678332e-02,1.770568423946662986e-02,2.544504776960615847e-02,1.231699773180287318e-02,2.097738676197676705e-02,1.140971888102275053e-02,7.986803216715925371e-03,1.986390817238298245e-02,1.729328476183930249e-02,1.980892157536600501e-02,1.090109285861571263e-02,1.891538937384012672e-02,7.299470754003711641e-03,5.567392947968932519e-03,1.685339198570348640e-02,3.509519554608564462e-02,2.958278919513368521e-02,1.506632758265172810e-02,3.182349302357550397e-02,5.524778335280774999e-02,5.798336655440236576e-02,1.686713863495772903e-02,7.102893669668018661e-02,4.579008866588769183e-02,5.600384906179119160e-02,5.149494810639906189e-02,8.964189978692693739e-02,2.364423671730015927e-02,2.217334524709602128e-02,2.746580520998006744e-02,1.553371365729603465e-02,3.120489380713450944e-02,3.215341260567736864e-02,4.084129493435974950e-02,2.720461887414942631e-02,8.017045845075262966e-02,8.177881641349921127e-02,2.635232662038627938e-02,6.700116846518661129e-02,1.728503677228675484e-01,8.327720118221183798e-02,1.217128324970788433e-01,8.158636332393978674e-02,2.413911609045295281e-02,6.568149013677916648e-02
6.207986803216716115e-02,1.052855866382569200e-01,6.966801842051000004e-02,3.990652278507113987e-02,1.256856141315554343e-01,1.775242284693105965e-01,1.943088872087428698e-01,4.704103374802391657e-02,2.194652553440099019e-01,1.353770018557976518e-01,1.580039865282837352e-01,9.310605539899649563e-02,0.000000000000000000e+00,5.981167090521685020e-02,9.211629665269090161e-02,7.175750910715512909e-02,4.283455907622517322e-02,1.339336036841020094e-01,7.795724792081930310e-02,1.887002543130112120e-01,1.103306069145645746e-01,3.032785758471372439e-01,2.752079180699704697e-01,1.100969138772424222e-01,2.452814626434806633e-01,5.334937109079661566e-01,2.868100900405526343e-01,4.186404563887552444e-01,2.706990171145783330e-01,7.431438586844456295e-02,2.125231974706165428e-01,7.930441954773523316e-02,6.003161729328475998e-02,8.595779778678946936e-02,4.118496116571585680e-02,7.031411093545948676e-02,3.842188466561275578e-02,2.713588562787820624e-02,6.756478108461062837e-02,5.887689875592824057e-02,6.690494192040689903e-02,3.711595298645955360e-02,6.383943913671043247e-02,2.489518179943638748e-02,1.883290947831466056e-02,5.693862121107980123e-02,1.167777854148051436e-01,9.977318028730497446e-02,5.091758883772080219e-02,1.062615987353082714e-01,1.828304350814488888e-01,1.953673792013196908e-01,5.704859440511375612e-02,2.382156849267990928e-01,1.543611244759089951e-01,1.877242422159598467e-01,1.728366210736133057e-01,3.017801910784246311e-01,7.864458038353151770e-02,7.307718743556258778e-02,9.265241597360643344e-02,5.238848030792494365e-02,1.045020276307650070e-01,1.089147020413774175e-01,1.357481613856622582e-01,9.096157811533438220e-02,2.667262354801017143e-01,2.744793456594954995e-01,8.789607533163791564e-02,2.224345315829266700e-01,5.759021238573097667e-01,2.785483538387518165e-01,4.074506838958004140e-01,2.711526565399683952e-01,8.160010997319402937e-02,2.205512406350952082e-01
1.164341191834490294e-02,2.079868032167159209e-02,1.366416935871881191e-02,7.395697298783421303e-03,2.386418310536806558e-02,3.493023575503471229e-02,3.697848649391710651e-02,9.196508351089422231e-03,4.268334593442848351e-02,2.677847274726785284e-02,3.084748092652415952e-02,1.821431026187366950e-02,5.981167090521685020e-02,0.000000000000000000e+00,1.785689738126331610e-02,1.370540930648154500e-02,8.289229500309299586e-03,2.565124750841982215e-02,1.524503402295690480e-02,3.732215272527321381e-02,2.126606639631589690e-02,5.905560519623341553e-02,5.373565193484088065e-02,2.121107979929891946e-02,4.827823218090590562e-02,1.030173895113066229e-01,5.673242147226613408e-02,8.107773730153275404e-02,5.324077256168809058e-02,1.481888789607533133e-02,4.089628153137672695e-02,1.484638119458382005e-02,1.118977249295484248e-02,1.598735308268609684e-02,7.753110179393772963e-03,1.334799642587119334e-02,7.354457351020689086e-03,5.182486768850093004e-03,1.266066396315898047e-02,1.074987971681902466e-02,1.266066396315898047e-02,7.010791119664581787e-03,1.244071757509107069e-02,4.687607395697298597e-03,3.601622104612000989e-03,1.073613306756478029e-02,2.310811739638463091e-02,1.958897518729809523e-02,9.595161179462505241e-03,2.052374733658670833e-02,3.608495429239123170e-02,3.712969963571379622e-02,1.110729259742937632e-02,4.613375489724379913e-02,2.962402914289642003e-02,3.666231356106949141e-02,3.274451852360987097e-02,5.759846037528352364e-02,1.535500721699085795e-02,1.428276857515980471e-02,1.824180356038215822e-02,1.006254725410681179e-02,2.020757440373908975e-02,2.107361330675647931e-02,2.688844594130180773e-02,1.751323114990720881e-02,5.249845350195889854e-02,5.373565193484088065e-02,1.718331156780534760e-02,4.363186473297133577e-02,1.116640318922262759e-01,5.447797099457007269e-02,7.838339404770086616e-02,5.256718674823011861e-02,1.568492679909272089e-02,4.214722661351295863e-02
1.906660251563681296e-02,3.211217265791463382e-02,2.143102618736682924e-02,1.145095882878548361e-02,3.674479345659495411e-02,5.439549109904460999e-02,5.666368822599491401e-02,1.492886109010928622e-02,6.562650353976218209e-02,4.033266891195270987e-02,4.750841982266822139e-02,2.789195133686164091e-02,9.211629665269090161e-02,1.785689738126331610e-02,0.000000000000000000e+00,2.105986665750223322e-02,1.263317066465049175e-02,3.941164341191834286e-02,2.369922331431713672e-02,5.754347377826654619e-02,3.443535638188191528e-02,9.116777785414804935e-02,8.511925218228057199e-02,3.347309093408481345e-02,7.368204000274933274e-02,1.619630215135060836e-01,8.746992920475633870e-02,1.249158017733177500e-01,8.127019039109216469e-02,2.290191765757096723e-02,6.374321259193072020e-02,2.228331844112997617e-02,1.748573785139872008e-02,2.600866038903017555e-02,1.220702453776891828e-02,2.024881435150182110e-02,1.118977249295484248e-02,7.986803216715925371e-03,1.899786926936559289e-02,1.678465873943226286e-02,2.035878754553577599e-02,1.110729259742937632e-02,1.855797649322977680e-02,7.162004261461268895e-03,5.649872843494397820e-03,1.780191078424633866e-02,3.546635507595023717e-02,3.123238710564299817e-02,1.509382088116021682e-02,3.116365385937177809e-02,5.524778335280774999e-02,5.703484775585950656e-02,1.765069764244965242e-02,7.093271015190047435e-02,4.499278300914152234e-02,5.625128874836758663e-02,5.167365454670424380e-02,8.914702041377414732e-02,2.299814420235067602e-02,2.343803697848649559e-02,2.764451165028524240e-02,1.506632758265172810e-02,3.092996082204962568e-02,3.273077187435562835e-02,4.225719980754691352e-02,2.897793662794693678e-02,8.100900405526152703e-02,8.538043851811120966e-02,2.681971269503058766e-02,6.684995532338992852e-02,1.761083235961234394e-01,8.458313286136504017e-02,1.203656608701628994e-01,8.063784452539693448e-02,2.433156918001237040e-02,6.553027699498246983e-02
1.403532888858340794e-02,2.437280912777510522e-02,1.583613994088940713e-02,9.017801910784245534e-03,2.871675029211629565e-02,4.114372121795312198e-02,4.431919719568355037e-02,1.085985291085297955e-02,5.104130868100900664e-02,3.134236029967695653e-02,3.642862052374733900e-02,2.136229294109560917e-02,7.175750910715512909e-02,1.370540930648154500e-02,2.105986665750223322e-02,0.000000000000000000e+00,9.925080761564368179e-03,3.076500103099869335e-02,1.807684376933122589e-02,4.383806447178500293e-02,2.514262148601278599e-02,6.998419135335762209e-02,6.378445253969344808e-02,2.517011478452127124e-02,5.702110110660526393e-02,1.228538043851811062e-01,6.664375558457626136e-02,9.628153137672691708e-02,6.293216028593030809e-02,1.733452470960203384e-02,4.895181799436387066e-02,1.791188397828029355e-02,1.363667606021032319e-02,1.932778885146745410e-02,9.347721492886108471e-03,1.589112653790638457e-02,8.811602171970581848e-03,6.158498865901436588e-03,1.534126056773661359e-02,1.321052993332875146e-02,1.502508763488899501e-02,8.316722798817788309e-03,1.443398171695649268e-02,5.594886246477421242e-03,4.288954567324214720e-03,1.279813045570142235e-02,2.714963227713244887e-02,2.280569111279125843e-02,1.169839851536188038e-02,2.420784933672417288e-02,4.227094645680115614e-02,4.456663688225995235e-02,1.308681009004055221e-02,5.480789057667193737e-02,3.520516874011959257e-02,4.297202556876761337e-02,3.910921712832497038e-02,6.891195271152657231e-02,1.809059041858546851e-02,1.668843219465255406e-02,2.176094576946869044e-02,1.193209155268403279e-02,2.423534263523266161e-02,2.488143515018214139e-02,3.149357344147363930e-02,2.048250738882397351e-02,6.209361468142140378e-02,6.302838683071002035e-02,1.996013471716269125e-02,5.163241459894150898e-02,1.319678328407450640e-01,6.478795793525328472e-02,9.346346827960684556e-02,6.311086672623547611e-02,1.853048319472128808e-02,5.045020276307649737e-02
8.357962746580521393e-03,1.444772836621073531e-02,9.512681283937040808e-03,5.361193209155268834e-03,1.719705821705959023e-02,2.423534263523266161e-02,2.654477970994570044e-02,6.502165097257543887e-03,3.011890851604921357e-02,1.861296309024675077e-02,2.169221252319747037e-02,1.267441061241322484e-02,4.283455907622517322e-02,8.289229500309299586e-03,1.263317066465049175e-02,9.925080761564368179e-03,0.000000000000000000e+00,1.825555020963640085e-02,1.079111966458175774e-02,2.589868719499622066e-02,1.506632758265172810e-02,4.156986734483469892e-02,3.783077874768025345e-02,1.491511444085504186e-02,3.376177056842394331e-02,7.277476115196920836e-02,3.935665681490136542e-02,5.741975393497834868e-02,3.710220633720530403e-02,1.028249364217471984e-02,2.895044332943844806e-02,1.066739982129356022e-02,8.055536462987147178e-03,1.153343872431094978e-02,5.526153000206199435e-03,9.650147776479482686e-03,5.237473365867069582e-03,3.629115403120489278e-03,9.072788507801222979e-03,7.959309918207436649e-03,9.045295209292734256e-03,4.962540380782184089e-03,8.811602171970581848e-03,3.381675716544092509e-03,2.556876761289435598e-03,7.766856828648017325e-03,1.606983297821155954e-02,1.360918276170183447e-02,6.955804522647604342e-03,1.440648841844800396e-02,2.489518179943638748e-02,2.648979311292872299e-02,7.863083373427727854e-03,3.253831878479620382e-02,2.112859990377345676e-02,2.561000756065709080e-02,2.341054367997800686e-02,4.121245446422434205e-02,1.084610626159873518e-02,9.911334112310123817e-03,1.282562375420991108e-02,7.162004261461268895e-03,1.433775517217678215e-02,1.484638119458382005e-02,1.873668293353495176e-02,1.235823767956560626e-02,3.682727335212042374e-02,3.752835246408688097e-02,1.193209155268403279e-02,3.053130799367654094e-02,7.852086054024332018e-02,3.825692487456182345e-02,5.592136916626572196e-02,3.721217953123925892e-02,1.128599903773455301e-02,3.016014846381194492e-02
2.628359337411505930e-02,4.507526290466698504e-02,2.983022888171008372e-02,1.682589868719499768e-02,5.325451921094233321e-02,7.637638325658120675e-02,8.252113547322839637e-02,2.018008110523060103e-02,9.442573372740394044e-02,5.783215341260567605e-02,6.768850092789882589e-02,3.975530964327445016e-02,1.339336036841020094e-01,2.565124750841982215e-02,3.941164341191834286e-02,3.076500103099869335e-02,1.825555020963640085e-02,0.000000000000000000e+00,3.354182418035604046e-02,8.153137672692281623e-02,4.693106055398996168e-02,1.304969413705409365e-01,1.185373565193484080e-01,4.695855385249845387e-02,1.049556670561550553e-01,2.280569111279125705e-01,1.234036703553508807e-01,1.791875730290741764e-01,1.164616124819575216e-01,3.231837239672829404e-02,9.081036497353769943e-02,3.321190459825417579e-02,2.569248745618255697e-02,3.637363392673036155e-02,1.737576465736476866e-02,2.978898893394734890e-02,1.627603271702522669e-02,1.161591861983641422e-02,2.848305725479414324e-02,2.484019520241941004e-02,2.851055055330263197e-02,1.575366004536394096e-02,2.716337892638669496e-02,1.054367997800536097e-02,8.055536462987147178e-03,2.419410268746993026e-02,5.038146951680527730e-02,4.275207918069970359e-02,2.187091896350264533e-02,4.506151625541274242e-02,7.814970101037871375e-02,8.302976149563544295e-02,2.431782253075812777e-02,1.016839645336449216e-01,6.570898343528765173e-02,7.996425871193896251e-02,7.355832015946113522e-02,1.286823836689806877e-01,3.358306412811876834e-02,3.108117396384631193e-02,4.001649597910509476e-02,2.220083854560451000e-02,4.497903635988727972e-02,4.643618118083717161e-02,5.856072582308062546e-02,3.842188466561275578e-02,1.148395078699566974e-01,1.175888377208055557e-01,3.719843288198501630e-02,9.581414530208261227e-02,2.464086878823286697e-01,1.202144477283662166e-01,1.738538731184273711e-01,1.163928792356862946e-01,3.499896900130593236e-02,9.393085435425115037e-02
1.565743350058423217e-02,2.686095264279331901e-02,1.770568423946662986e-02,9.911334112310123817e-03,3.150732009072788192e-02,4.530895594198913745e-02,4.842944532270258839e-02,1.208330469448072077e-02,5.533026324833321963e-02,3.436662313561069521e-02,3.993401608357962512e-02,2.346553027699498084e-02,7.795724792081930310e-02,1.524503402295690480e-02,2.369922331431713672e-02,1.807684376933122589e-02,1.079111966458175774e-02,3.354182418035604046e-02,0.000000000000000000e+00,4.815451233761770811e-02,2.807065777716681587e-02,7.692624922675098120e-02,7.067152381606983669e-02,2.787820468760739481e-02,6.218984122620111604e-02,1.347996425871193782e-01,7.336586706990171070e-02,1.051343734964602372e-01,6.860952642793319289e-02,1.894288267234861545e-02,5.347446559901024299e-02,1.946525534400989771e-02,1.487387449309230877e-02,2.133479964258712044e-02,1.028249364217471984e-02,1.760945769468692107e-02,9.622654477970993964e-03,6.722111485325451934e-03,1.659220564987284180e-02,1.454395491099044584e-02,1.672967214241528541e-02,9.265241597360644038e-03,1.602859303044882819e-02,6.117258918138703504e-03,4.701354044951542958e-03,1.436524847068527087e-02,2.966526909065915138e-02,2.558251426214860208e-02,1.288061035122688852e-02,2.668224620248814405e-02,4.650491442710839168e-02,4.873187160629596781e-02,1.424152862739707162e-02,5.982541755447109977e-02,3.836689806859577834e-02,4.727472678534606898e-02,4.310949206131005351e-02,7.546910440580108237e-02,1.998762801567117997e-02,1.857172314248401943e-02,2.360299676953742445e-02,1.297683689600659905e-02,2.633857997113203675e-02,2.753453845625128751e-02,3.504020894906866718e-02,2.275070451577428099e-02,6.834834009210255523e-02,7.002543130112034997e-02,2.213210529933328646e-02,5.640250189016426940e-02,1.454120558113959627e-01,7.085023025637500471e-02,1.025225101381538190e-01,6.899443260705202807e-02,2.064746717987490585e-02,5.533026324833321963e-02
3.799573853873118578e-02,6.566774348752490997e-02,4.328819850161522848e-02,2.371296996357137934e-02,7.556533095058079463e-02,1.111416592205649867e-01,1.162554127431438544e-01,2.879923018764176182e-02,1.350058423259330453e-01,8.199876280156712105e-02,9.635026462299814409e-02,5.645748848718124685e-02,1.887002543130112120e-01,3.732215272527321381e-02,5.754347377826654619e-02,4.383806447178500293e-02,2.589868719499622066e-02,8.153137672692281623e-02,4.815451233761770811e-02,0.000000000000000000e+00,6.695992851742388341e-02,1.877792288129768450e-01,1.719155955735789387e-01,6.738607464430544647e-02,1.508969688638394369e-01,3.281462643480651531e-01,1.793387861708708453e-01,2.558251426214860347e-01,1.675166678122207709e-01,4.664238091965083183e-02,1.291772630421334778e-01,4.595504845693862417e-02,3.608495429239123170e-02,5.165990789744999423e-02,2.482644855316516741e-02,4.250463949412330855e-02,2.309437074713038829e-02,1.635851261255068939e-02,3.913671042683346257e-02,3.482026256100075740e-02,4.063509519554608235e-02,2.221458519485875263e-02,3.890301738951130323e-02,1.466767475427864509e-02,1.147845212729397234e-02,3.502646229981441761e-02,7.302220083854560340e-02,6.245102756203175370e-02,3.083373427726991689e-02,6.383943913671043247e-02,1.132311499072101157e-01,1.173139047357206616e-01,3.460031617293284761e-02,1.451233761770568398e-01,9.217128324970788600e-02,1.137397759296171623e-01,1.031823493023575483e-01,1.820193827754484905e-01,4.819575228538043599e-02,4.558388892707402468e-02,5.755722042752078882e-02,3.110866726235480065e-02,6.374321259193072020e-02,6.653378239054230647e-02,8.674135679428139623e-02,5.534400989758746225e-02,1.676678809540174675e-01,1.710220633720530570e-01,5.350195889751872824e-02,1.368478933260017794e-01,3.545810708639768882e-01,1.744037390885971595e-01,2.475084198226682186e-01,1.673654546704240742e-01,5.018901642724585971e-02,1.336999106467798570e-01
2.232455838889270752e-02,3.759708571035810104e-02,2.490892844869063011e-02,1.387036909753247560e-02,4.456663688225995235e-02,6.333081311430338589e-02,6.863701972644167815e-02,1.771943088872087596e-02,7.750360849542924091e-02,4.838820537493986051e-02,5.697986115884252911e-02,3.315691800123719835e-02,1.103306069145645746e-01,2.126606639631589690e-02,3.443535638188191528e-02,2.514262148601278599e-02,1.506632758265172810e-02,4.693106055398996168e-02,2.807065777716681587e-02,6.695992851742388341e-02,0.000000000000000000e+00,1.069626778472747286e-01,9.964946044401677694e-02,3.935665681490136542e-02,8.726372946594267155e-02,1.904460787683002199e-01,1.020688707127637707e-01,1.479276926249226687e-01,9.531926592892982220e-02,2.640731321740325682e-02,7.549659770430956762e-02,2.757577840401402233e-02,2.086741356794281563e-02,3.064128118771049583e-02,1.435150182143102651e-02,2.448278232180906011e-02,1.348546291841363695e-02,9.457694686920063362e-03,2.350677022475771566e-02,2.019382775448484366e-02,2.401539624716475529e-02,1.325176988109148454e-02,2.220083854560451000e-02,8.797855522716337487e-03,6.612138291291497910e-03,2.079868032167159209e-02,4.122620111347859162e-02,3.626366073269640666e-02,1.793937727678878227e-02,3.763832565812083586e-02,6.467798474121932983e-02,6.838958003986528311e-02,2.082617362018008081e-02,8.429445322702591725e-02,5.461543748711251978e-02,6.695992851742388341e-02,6.194240153962471407e-02,1.065640250189016369e-01,2.747955185923431007e-02,2.736957866520035865e-02,3.249707883703347594e-02,1.859921644099250815e-02,3.679978005361193155e-02,3.855935115815520287e-02,4.874561825555021044e-02,3.384425046394941294e-02,9.442573372740394044e-02,9.914083442160973036e-02,3.165853323252457163e-02,7.919444635370129215e-02,2.067496047838339457e-01,9.834352876486356088e-02,1.442160973262767154e-01,9.575915870506564176e-02,2.882672348615025054e-02,7.812220771187022850e-02
