0.000000000000000000e+00,1.474837466891403860e-02,9.772052331647804527e-03,5.277309575407336355e-03,1.964443374267597561e-02,2.409904486716429872e-02,2.829280038526366461e-02,5.237177943655188690e-03,3.172405490007223355e-02,1.827995826310297930e-02,2.275463520346737364e-02,1.438718998314471482e-02,3.792439200577895492e-02,9.270406934745966526e-03,9.731920699895658597e-03,8.889156433100569785e-03,6.481258527971747209e-03,1.205955534152018671e-02,1.402600529737539105e-02,2.179147604141584357e-02,1.003290793803676001e-02,3.371057067180351779e-02,3.696123284372742485e-02,1.482863793241833220e-02,2.809214222650292803e-02,6.009711854884019350e-02,3.908820932659121811e-02,5.606388955774941479e-02,3.397142627819246807e-02,9.410867645878480750e-03,2.385825507665141620e-02,8.106589613933703337e-03,5.718757524680953726e-03,8.929288064852717449e-03,7.103298820130026468e-03,1.155790994461834871e-02,4.575006019744762634e-03,2.468095352757043205e-03,8.106589613933703337e-03,6.641785054980335265e-03,8.628300826711614302e-03,6.180271289830644929e-03,9.631591620515290303e-03,3.491451962436792605e-03,1.504936190705514001e-03,4.394413676860100745e-03,1.226021350028092156e-02,1.878160366000481557e-02,6.621719239104262300e-03,1.771811541857291894e-02,2.225298980656553391e-02,2.694839072156673954e-02,6.120073842202424300e-03,3.144313347780720858e-02,1.852074805361585835e-02,2.672766674692993172e-02,1.653423228188458105e-02,3.459346657035074907e-02,1.328357010996067053e-02,9.972710490408539380e-03,1.009310538566498064e-02,6.240468737458864691e-03,1.173850228750301060e-02,1.571153383096556694e-02,2.191187093667228483e-02,1.103619873184043601e-02,3.533590175776547132e-02,4.017176338389918944e-02,8.688498274339834931e-03,2.859378762340476776e-02,7.083233004253952636e-02,4.109479091419857011e-02,5.457901918291997723e-02,3.168392326832009109e-02,9.912513042780318751e-03,2.957701260133236906e-02
1.474837466891403860e-02,0.000000000000000000e+00,3.361024159242315124e-02,1.830002407897905053e-02,6.627738983867084710e-02,8.261096396179468115e-02,9.725900955132835146e-02,1.823982663135082991e-02,1.095794204992374954e-01,6.292639858736656655e-02,7.753431254514808746e-02,5.002407897905129103e-02,1.288024721085159197e-01,3.182438397945260705e-02,3.340958343366241118e-02,3.110201460791395950e-02,2.235331888594590394e-02,4.147604141584396858e-02,4.829841881370896400e-02,7.578858656392968574e-02,3.455333493859860661e-02,1.174050886909061703e-01,1.272574042860582788e-01,5.176980496026968581e-02,9.683762741793081052e-02,2.070390882093265938e-01,1.349827433983465663e-01,1.927522273055622404e-01,1.182478529577012660e-01,3.264708243037162116e-02,8.114615940284132523e-02,2.751023356609679643e-02,1.972469700618027094e-02,3.088129063327714821e-02,2.409904486716429872e-02,3.981057869812986566e-02,1.531021751344409723e-02,8.447708483826952414e-03,2.747010193434465050e-02,2.345693875912994650e-02,3.050004013163175320e-02,2.167108114615940231e-02,3.387109719881210151e-02,1.207962115739625968e-02,5.257243759531262522e-03,1.537041496107231786e-02,4.253952965727586522e-02,6.473232201621317849e-02,2.255397704470663706e-02,6.110040934264387297e-02,7.594911309093828333e-02,9.222248976643390717e-02,2.159081788265511045e-02,1.065494823019503962e-01,6.356850469540091531e-02,9.111886989324985420e-02,5.764908901195922586e-02,1.172445621638975866e-01,4.587045509270407107e-02,3.447307167509430781e-02,3.481419054498755689e-02,2.120956738100971198e-02,4.083393530780961289e-02,5.369612328437274595e-02,7.592904727506220863e-02,3.826551087567220399e-02,1.209366722850951092e-01,1.396580784974716938e-01,3.023918452524279599e-02,9.854322176739706285e-02,2.440404526848061750e-01,1.419054498755919491e-01,1.883979452604542804e-01,1.088369853118227731e-01,3.357010996067100184e-02,1.017938839393209699e-01
9.772052331647804527e-03,3.361024159242315124e-02,0.000000000000000000e+00,1.228027931615699453e-02,4.454611124488321722e-02,5.572277068785616572e-02,6.553495465125612485e-02,1.230034513203306923e-02,7.420338710971988161e-02,4.239906894614334926e-02,5.239184525242796681e-02,3.365037322417529370e-02,8.786820772132594715e-02,2.122963319688578668e-02,2.241351633357412457e-02,2.050726382534713912e-02,1.531021751344409723e-02,2.817240549000722336e-02,3.270727987799983832e-02,5.114776466811140482e-02,2.253391122883056583e-02,7.863793241833212655e-02,8.628300826711614302e-02,3.495465125612007284e-02,6.545469138775182605e-02,1.384340637290312204e-01,9.109880407737377950e-02,1.288225379243919944e-01,7.877839312946464945e-02,2.139015972389437387e-02,5.409743960189421219e-02,1.882173529175696150e-02,1.312304358295208334e-02,2.092864595874468353e-02,1.661449554538887638e-02,2.678786419455815235e-02,1.043422425555823145e-02,5.799020788185247320e-03,1.904245926639377279e-02,1.581186291034593350e-02,2.050726382534713912e-02,1.488883538004655283e-02,2.277470101934344487e-02,8.427642667950879449e-03,3.531583594188939836e-03,1.023356609679749660e-02,2.851352435990047243e-02,4.398426840035316032e-02,1.549080985632875912e-02,4.121518580945501137e-02,5.197046311903041893e-02,6.296653021911871595e-02,1.442732161489686249e-02,7.279877999839473590e-02,4.298097760654948085e-02,6.110040934264387297e-02,3.838590577092864525e-02,7.992214463440083794e-02,3.054017176338389913e-02,2.287503009872381490e-02,2.365759691789068309e-02,1.426679508788827357e-02,2.730957540733606331e-02,3.657998234208202637e-02,5.090697487759852230e-02,2.484148005457901751e-02,8.054418492655911199e-02,9.432940043342162573e-02,2.026647403483425661e-02,6.665864034031623864e-02,1.637571233646359925e-01,9.593466570350750455e-02,1.271771410225539800e-01,7.400272895095914849e-02,2.229312143831768331e-02,6.828397142627819216e-02
5.277309575407336355e-03,1.830002407897905053e-02,1.228027931615699453e-02,0.000000000000000000e+00,2.431976884180110654e-02,3.023918452524279599e-02,3.561682318003050324e-02,6.641785054980335265e-03,3.999117104101453102e-02,2.321614896861706398e-02,2.859378762340476776e-02,1.832008989485512523e-02,4.759611525804639115e-02,1.155790994461834871e-02,1.226021350028092156e-02,1.119672525884902493e-02,8.327313588570511155e-03,1.512962517055943534e-02,1.749739144393611112e-02,2.757043101372501706e-02,1.248093747491772938e-02,4.227867405088690800e-02,4.643229793723412796e-02,1.904245926639377279e-02,3.529577012601332192e-02,7.524680953527571048e-02,4.942210450276908473e-02,7.021028975038125231e-02,4.288064852716911429e-02,1.173850228750301060e-02,2.969740749658881032e-02,1.023356609679749660e-02,7.223693715386467727e-03,1.135725178585761212e-02,8.989485512480938079e-03,1.466811140540974327e-02,5.658560077052733096e-03,3.150333092543542660e-03,1.025363191267356956e-02,8.668432458463761967e-03,1.129705433822939323e-02,8.066457982181555672e-03,1.246087165904165642e-02,4.595071835620836466e-03,1.946384139979131589e-03,5.417770286539850579e-03,1.543061240870053849e-02,2.369772854964282902e-02,8.387511036198731784e-03,2.237338470182197517e-02,2.785135243599004898e-02,3.395136046231640031e-02,7.946063086925114413e-03,3.910827514246729281e-02,2.345693875912994650e-02,3.348984669716670998e-02,2.130989646039007854e-02,4.308130668592984741e-02,1.673489044064531764e-02,1.264146400192631831e-02,1.274179308130668660e-02,7.725339112288305728e-03,1.470824303716189094e-02,1.982502608556063750e-02,2.722931214383176798e-02,1.396580784974717042e-02,4.336222810819487933e-02,5.122802793161569668e-02,1.121679107472509790e-02,3.589774460229552822e-02,8.893169596275785072e-02,5.150894935388072859e-02,6.886588008668433070e-02,3.962998635524520724e-02,1.203948952564411201e-02,3.704149610723171671e-02
1.964443374267597561e-02,6.627738983867084710e-02,4.454611124488321722e-02,2.431976884180110654e-02,0.000000000000000000e+00,1.087968536800706376e-01,1.332972148647564026e-01,2.468095352757043032e-02,1.462597319206999091e-01,8.786820772132594715e-02,1.062083634320571540e-01,6.852476121679107468e-02,1.752347700457500546e-01,4.286058271129303959e-02,4.362308371458383655e-02,4.023196083152740660e-02,3.102175134440966417e-02,5.483987478930893444e-02,6.398988682879845624e-02,9.866361666265349717e-02,4.639216630548197856e-02,1.510153302833293076e-01,1.693956176258126778e-01,6.918693314070149813e-02,1.289429328196484426e-01,2.723131872541937337e-01,1.779637210048960472e-01,2.569427722931214575e-01,1.554097439601894171e-01,4.312143831768199681e-02,1.075929047275062250e-01,3.822537924392005459e-02,2.654707440404526983e-02,4.153623886347218574e-02,3.280760895738020488e-02,5.425796612890280285e-02,2.161088369853118168e-02,1.141744923348583275e-02,3.874709045669796903e-02,3.114214623966610543e-02,4.083393530780961289e-02,2.929609117906734062e-02,4.570992856569548041e-02,1.725660165342322860e-02,7.103298820130026468e-03,2.006581587607352002e-02,5.606388955774941479e-02,8.574123123846215389e-02,3.090135644915322291e-02,8.509912513042780513e-02,1.005297375391283471e-01,1.272774701019343535e-01,2.861385343928084246e-02,1.422265029296091166e-01,8.684485111164619298e-02,1.249498354603098133e-01,7.938036760574684880e-02,1.592222489766433879e-01,6.244481900634079458e-02,4.546913877518259789e-02,4.623163977847339484e-02,2.891484067742194561e-02,5.391684725900955377e-02,7.227706878561682147e-02,9.669716670679830151e-02,5.150894935388072859e-02,1.555903363030740894e-01,1.850268881932739251e-01,4.021189501565133884e-02,1.321935949915723496e-01,3.227586483666425865e-01,1.861907055140862022e-01,2.508628300826711843e-01,1.420258447708483696e-01,4.400433421622923502e-02,1.350630066618508651e-01
2.409904486716429872e-02,8.261096396179468115e-02,5.572277068785616572e-02,3.023918452524279599e-02,1.087968536800706376e-01,0.000000000000000000e+00,1.601051448751906192e-01,3.009872381411028003e-02,1.790874066939561748e-01,1.039609920539369126e-01,1.268761537844128873e-01,8.208925274901678060e-02,2.136608074484308561e-01,5.213098964603900959e-02,5.457901918291997723e-02,5.012440805843165759e-02,3.680070631671884113e-02,6.828397142627819216e-02,7.909944618348181689e-02,1.240067421141343579e-01,5.540171763383899134e-02,1.912071594831045718e-01,2.092061963239425226e-01,8.531984910506461295e-02,1.594630387671562843e-01,3.386106429087406555e-01,2.209848302431976774e-01,3.146921903844610569e-01,1.923709768039168488e-01,5.255237177943655053e-02,1.326551087567220399e-01,4.577012601332370451e-02,3.244642427161088111e-02,5.098723814110281416e-02,4.039248735853599725e-02,6.545469138775182605e-02,2.568424432137410632e-02,1.410626856087968464e-02,4.581025764507584697e-02,3.858656392968937837e-02,4.992374989967091753e-02,3.587767878641945352e-02,5.526125692270647538e-02,2.036680311421462317e-02,8.548037563207320708e-03,2.474115097519865095e-02,6.932739385183402103e-02,1.072116542258608196e-01,3.782406292639858836e-02,1.004294084597479736e-01,1.263343767557588981e-01,1.531423067661931148e-01,3.547636246889798728e-02,1.767397062364555738e-01,1.038807287904326138e-01,1.501926318324103005e-01,9.418893972228910283e-02,1.935548599406051729e-01,7.520667790352356108e-02,5.616421863712978829e-02,5.722770687856168492e-02,3.435267677983786655e-02,6.627738983867084710e-02,8.891163014688177602e-02,1.230435829520828278e-01,6.140139658078497265e-02,1.960831527409904462e-01,2.299141183080504192e-01,4.968296010915803501e-02,1.613893570912593445e-01,3.992696043021109475e-01,2.330443855847178780e-01,3.088731037803997270e-01,1.790472750622040254e-01,5.443855847178746127e-02,1.663255477967734153e-01
2.829280038526366461e-02,9.725900955132835146e-02,6.553495465125612485e-02,3.561682318003050324e-02,1.332972148647564026e-01,1.601051448751906192e-01,0.000000000000000000e+00,3.589774460229552822e-02,2.150052171121277778e-01,1.276185889718275956e-01,1.561923107793562748e-01,9.894453808491852909e-02,2.555180993659202371e-01,6.318725419375552377e-02,6.296653021911871595e-02,5.887310378039971315e-02,4.534874387992615663e-02,8.056425074243518669e-02,9.402841319528051911e-02,1.446143350188618670e-01,6.609679749578617480e-02,2.224295689862749725e-01,2.474315755678625772e-01,9.970703908820932604e-02,1.889999197367364936e-01,3.972028252668753368e-01,2.611164619953447175e-01,3.739465446665061199e-01,2.268641142948872313e-01,6.260534553334938523e-02,1.570752066779035339e-01,5.578296813548438982e-02,3.856649811381331061e-02,6.023757925997270946e-02,4.793723412793964023e-02,7.988201300264868854e-02,3.168392326832009109e-02,1.689541696765390483e-02,5.722770687856168492e-02,4.603098161971265478e-02,5.927442009792117938e-02,4.300104342242555555e-02,6.683923268320089706e-02,2.516253310859619535e-02,1.037402680793001082e-02,2.933622281081948655e-02,8.180833132675174868e-02,1.258929288064852825e-01,4.585038927682799637e-02,1.238060839553736248e-01,1.487478930893330054e-01,1.866722850951119672e-01,4.155630467934826044e-02,2.104904085400112479e-01,1.268560879685368126e-01,1.816758969419696723e-01,1.140340316237258150e-01,2.349707039088209382e-01,9.115900152500200360e-02,6.523396741311501823e-02,6.796291837226101085e-02,4.197768681274580832e-02,7.901918291997753196e-02,1.054659282446424318e-01,1.416044626374508286e-01,7.336062284292479974e-02,2.275664178505497903e-01,2.703266714824624772e-01,5.803033951360462434e-02,1.937354522834898451e-01,4.715266072718516943e-01,2.732964122321213662e-01,3.688498274339834793e-01,2.092262621398185973e-01,6.435107151456778696e-02,1.968456537442812293e-01
5.237177943655188690e-03,1.823982663135082991e-02,1.230034513203306923e-02,6.641785054980335265e-03,2.468095352757043032e-02,3.009872381411028003e-02,3.589774460229552822e-02,0.000000000000000000e+00,3.981057869812986566e-02,2.349707039088209243e-02,2.841319528052010587e-02,1.920298579340235998e-02,4.777670760093105651e-02,1.171843647162693590e-02,1.256120073842202471e-02,1.111646199534473134e-02,8.347379404446584120e-03,1.508949353880728768e-02,1.745725981218396172e-02,2.740990448671642987e-02,1.314310939882815631e-02,4.189742354924150952e-02,4.723493057227706737e-02,1.970463119030419624e-02,3.523557267838510476e-02,7.482542740187815566e-02,4.884019584236295314e-02,6.986917088048799629e-02,4.229873986676298270e-02,1.147764668111405338e-02,2.965727586483666439e-02,1.029376354442571549e-02,7.283891163014688357e-03,1.163817320812264230e-02,9.109880407737379338e-03,1.438718998314471482e-02,5.738823340557026691e-03,3.110201460791395863e-03,1.029376354442571549e-02,8.467774299703025379e-03,1.143751504936190745e-02,8.006260534553335043e-03,1.222008186852877390e-02,4.595071835620836466e-03,1.966449955855205205e-03,5.337507023035556984e-03,1.545067822457661146e-02,2.381812344489927027e-02,8.467774299703025379e-03,2.273456938759129894e-02,2.817240549000722336e-02,3.429247933220964939e-02,7.946063086925114413e-03,3.872702464082189433e-02,2.329641223212135931e-02,3.348984669716670998e-02,2.177141022553976887e-02,4.294084597479733839e-02,1.693554859940605076e-02,1.280199052893490723e-02,1.268159563367846597e-02,7.825668191668673154e-03,1.460791395778152264e-02,1.958423629504775498e-02,2.718918051207962205e-02,1.454771651015330201e-02,4.310137250180592211e-02,5.126815956336784608e-02,1.113652781122080430e-02,3.567702062765872040e-02,8.871097198812104290e-02,5.128822537924392078e-02,6.862509029617144818e-02,3.962998635524520724e-02,1.207962115739625968e-02,3.714182518661209020e-02
3.172405490007223355e-02,1.095794204992374954e-01,7.420338710971988161e-02,3.999117104101453102e-02,1.462597319206999091e-01,1.790874066939561748e-01,2.150052171121277778e-01,3.981057869812986566e-02,0.000000000000000000e+00,1.398988682879845902e-01,1.703989084196163295e-01,1.089975118388313707e-01,2.838911630146881970e-01,7.006982903924872941e-02,7.071193514728309204e-02,6.607673167991010010e-02,4.992374989967091753e-02,9.069748775985231326e-02,1.052853359017577595e-01,1.640179789710249636e-01,7.241752949674934436e-02,2.528292800385263939e-01,2.771891805120796359e-01,1.110442250581908652e-01,2.119552130989646177e-01,4.467653904807769583e-01,2.932217673970623495e-01,4.180913395938679056e-01,2.550766514166465937e-01,7.015009230275302821e-02,1.753150333092543534e-01,6.118067260614816483e-02,4.247933220964764112e-02,6.705995665783770487e-02,5.347539930973593120e-02,8.806886588008668026e-02,3.461353238622682377e-02,1.888193273938518213e-02,6.156192310779356330e-02,5.092704069347459700e-02,6.547475720362790075e-02,4.745565454691387519e-02,7.402279476683522319e-02,2.736977285496428394e-02,1.135725178585761212e-02,3.298820130026487024e-02,9.192150252829280055e-02,1.421663054819808925e-01,5.008427642667950819e-02,1.347620194237097724e-01,1.676900232763464116e-01,2.055341520186210746e-01,4.673328517537522764e-02,2.365559033630307284e-01,1.396580784974716938e-01,2.003170398908419580e-01,1.246889798539208560e-01,2.593105385664981055e-01,1.000080263263504327e-01,7.348101773818123406e-02,7.659121919897263209e-02,4.615137651496909604e-02,8.869090617224496820e-02,1.184886427482141485e-01,1.625732402279476685e-01,8.044385584717875237e-02,2.594309334617545537e-01,3.039369130748856285e-01,6.495304599084998631e-02,2.160887711694357560e-01,5.282928003852637167e-01,3.091540252026647173e-01,4.120916606469219312e-01,2.376193916044626320e-01,7.241752949674934436e-02,2.202825266875351184e-01
1.827995826310297930e-02,6.292639858736656655e-02,4.239906894614334926e-02,2.321614896861706398e-02,8.786820772132594715e-02,1.039609920539369126e-01,1.276185889718275956e-01,2.349707039088209243e-02,1.398988682879845902e-01,0.000000000000000000e+00,1.019744762822056283e-01,6.537442812424752725e-02,1.672084436953206465e-01,4.181716028573721766e-02,4.161650212697648454e-02,3.874709045669796903e-02,2.973753912834095972e-02,5.257243759531262522e-02,6.116060679027209013e-02,9.497150654145597448e-02,4.342242555582309649e-02,1.451962436792680056e-01,1.618508708564090348e-01,6.579581025764508206e-02,1.237057548759932513e-01,2.586483666425876682e-01,1.704591058672445536e-01,2.442009792118147449e-01,1.470623645557428416e-01,4.103459346657035295e-02,1.019945420980817030e-01,3.575728389116301226e-02,2.470101934344650502e-02,3.938919656473232472e-02,3.098161971265751824e-02,5.269283249056906648e-02,2.062765872060358038e-02,1.101613291596436305e-02,3.694116702785135015e-02,3.023918452524279599e-02,3.898788024721085155e-02,2.835299783289188524e-02,4.412472911148567628e-02,1.681515370414960950e-02,6.882574845493217783e-03,1.890199855526125683e-02,5.367605746849667125e-02,8.134681756160205834e-02,2.995826310297776754e-02,8.124648848222168485e-02,9.637611365278112019e-02,1.217192391042619809e-01,2.718918051207962205e-02,1.355847178746287796e-01,8.365438638735051002e-02,1.185087085640902094e-01,7.488562484950637976e-02,1.522794766835219582e-01,5.997672365358375224e-02,4.314150413355807151e-02,4.426518982261818530e-02,2.763062846135323769e-02,5.122802793161569668e-02,6.842443213741070118e-02,9.266393771570752280e-02,4.845894534071755466e-02,1.472429568986274862e-01,1.764989164459427051e-01,3.804478690103539618e-02,1.263343767557588981e-01,3.070270487198009657e-01,1.776025363191267303e-01,2.415322257002969764e-01,1.362669556144152916e-01,4.191748936511758422e-02,1.279396420258447631e-01
2.275463520346737364e-02,7.753431254514808746e-02,5.239184525242796681e-02,2.859378762340476776e-02,1.062083634320571540e-01,1.268761537844128873e-01,1.561923107793562748e-01,2.841319528052010587e-02,1.703989084196163295e-01,1.019744762822056283e-01,0.000000000000000000e+00,7.865799823420820125e-02,2.039288867485351819e-01,5.042539529657275726e-02,5.010434224255558289e-02,4.687374588650774360e-02,3.589774460229552822e-02,6.396982101292238154e-02,7.460470342724134785e-02,1.154185729191748999e-01,5.269283249056906648e-02,1.774620756079942074e-01,1.968456537442812293e-01,7.932017015811862470e-02,1.512761858897182787e-01,3.175816678706155916e-01,2.077815233967413022e-01,2.985994060518500914e-01,1.812143831768199820e-01,5.020467132193594945e-02,1.247090456697969307e-01,4.430532145437033470e-02,3.066056665864034039e-02,4.775664178505498181e-02,3.808491853278754558e-02,6.366883377478128880e-02,2.512240147684404942e-02,1.328357010996067053e-02,4.460630869251143438e-02,3.643952163094951735e-02,4.669315354362308518e-02,3.391122883056425091e-02,5.325467533509912338e-02,1.998555261256922816e-02,8.267116140942290525e-03,2.327634641624528461e-02,6.551488883538005015e-02,9.996789469459828326e-02,3.603820531342804417e-02,9.842282687214061465e-02,1.184886427482141485e-01,1.481659844289268668e-01,3.284774058913235428e-02,1.676699574604703369e-01,1.007905931455172904e-01,1.442932819648446996e-01,9.029617144233084702e-02,1.855084677742996901e-01,7.251785857612970398e-02,5.209085801428686019e-02,5.425796612890280285e-02,3.326912272252989522e-02,6.272574042860583343e-02,8.351392567621800100e-02,1.141142948872301138e-01,5.819086604061320805e-02,1.826390561040212024e-01,2.148647564009952549e-01,4.607111325146480418e-02,1.538847419536078232e-01,3.749097038285576500e-01,2.190183802873424956e-01,2.932618990288144989e-01,1.673288385905770947e-01,5.158921261738502045e-02,1.563528373063648724e-01
1.438718998314471482e-02,5.002407897905129103e-02,3.365037322417529370e-02,1.832008989485512523e-02,6.852476121679107468e-02,8.208925274901678060e-02,9.894453808491852909e-02,1.920298579340235998e-02,1.089975118388313707e-01,6.537442812424752725e-02,7.865799823420820125e-02,0.000000000000000000e+00,1.310498434866361750e-01,3.252668753511517991e-02,3.441287422746609065e-02,3.060036921101211976e-02,2.323621478449313868e-02,4.111485673007464481e-02,4.793723412793964023e-02,7.528694116702784600e-02,3.595794204992375231e-02,1.147162693635123271e-01,1.298860261658238979e-01,5.391684725900955377e-02,9.739947026246087436e-02,2.056946785456296722e-01,1.347820852395858471e-01,1.920298579340236067e-01,1.157195601573159927e-01,3.174412071594830825e-02,8.066457982181556019e-02,2.821253712175936929e-02,1.982502608556063750e-02,3.216550284934585613e-02,2.492174331808331283e-02,4.051288225379243851e-02,1.585199454209808290e-02,8.648366642587687267e-03,2.851352435990047243e-02,2.373786018139497495e-02,3.172405490007223355e-02,2.223292399068946268e-02,3.413195280520105873e-02,1.284212216068705316e-02,5.498033550044145040e-03,1.484870374829440516e-02,4.247933220964764112e-02,6.467212456858495440e-02,2.323621478449313868e-02,6.292639858736656655e-02,7.645075848784010919e-02,9.414880809053696731e-02,2.217272654306124205e-02,1.058672445621638980e-01,6.531423067661931703e-02,9.260374026807929870e-02,5.999678946945982694e-02,1.182879845894534016e-01,4.649249538486234512e-02,3.531583594188939662e-02,3.489445380849185568e-02,2.179147604141584357e-02,4.007143430451882288e-02,5.393691307488562153e-02,7.422345292559595631e-02,3.995103940926238162e-02,1.172445621638975866e-01,1.412432779516815118e-01,3.092142226502929761e-02,9.812183963399952191e-02,2.436993338149129051e-01,1.400393289991171131e-01,1.896821574765230056e-01,1.078537603338951822e-01,3.312866201139738620e-02,1.018139497551970446e-01
3.792439200577895492e-02,1.288024721085159197e-01,8.786820772132594715e-02,4.759611525804639115e-02,1.752347700457500546e-01,2.136608074484308561e-01,2.555180993659202371e-01,4.777670760093105651e-02,2.838911630146881970e-01,1.672084436953206465e-01,2.039288867485351819e-01,1.310498434866361750e-01,0.000000000000000000e+00,8.319287262220081969e-02,8.509912513042780513e-02,7.843727425957139343e-02,5.931455172967332878e-02,1.073922465687454919e-01,1.248093747491773042e-01,1.932538727024640801e-01,8.778794445782164835e-02,2.969540091500120216e-01,3.299422104502768849e-01,1.345011638173208013e-01,2.510835540573079783e-01,5.312826069507986526e-01,3.482823661610081056e-01,4.965486796693153737e-01,3.013684886427482335e-01,8.263102977767075585e-02,2.091861305080664479e-01,7.301950397303154372e-02,5.134842282687213794e-02,8.060438237418733609e-02,6.457179548920459478e-02,1.043221767397062433e-01,4.125531744120716077e-02,2.245364796532627050e-02,7.424351874147203101e-02,6.124087005377638893e-02,7.913957781523396628e-02,5.720764106268561022e-02,8.792840516895417124e-02,3.302833293201701270e-02,1.362468897985392134e-02,3.904807769483906871e-02,1.089774460229552960e-01,1.694156834416887525e-01,6.055863231398988383e-02,1.618107392246568854e-01,1.981499317762260293e-01,2.453848623485030966e-01,5.546191508146721544e-02,2.791756962838108924e-01,1.665663375872863117e-01,2.395055782968135427e-01,1.503130267276667487e-01,3.094550124408058656e-01,1.196725258849024864e-01,8.764748374668913933e-02,9.053696123284372954e-02,5.520105947507825822e-02,1.041817160285737204e-01,1.408419616341600455e-01,1.909061722449634790e-01,9.715868047194799184e-02,3.044786901035396176e-01,3.616261337185969760e-01,7.835701099606709463e-02,2.558190866040613298e-01,6.274781282606950450e-01,3.636527811220804374e-01,4.888032747411509837e-01,2.805401717633839165e-01,8.564090215908179426e-02,2.619190946303876499e-01
9.270406934745966526e-03,3.182438397945260705e-02,2.122963319688578668e-02,1.155790994461834871e-02,4.286058271129303959e-02,5.213098964603900959e-02,6.318725419375552377e-02,1.171843647162693590e-02,7.006982903924872941e-02,4.181716028573721766e-02,5.042539529657275726e-02,3.252668753511517991e-02,8.319287262220081969e-02,0.000000000000000000e+00,2.098884340637290416e-02,1.944377558391524249e-02,1.474837466891403860e-02,2.622602135002809198e-02,3.047997431575567850e-02,4.771651015330283241e-02,2.195200256842443076e-02,7.291917489365117022e-02,8.126655429809775955e-02,3.324905690665382746e-02,6.168231800305000456e-02,1.296853680070631787e-01,8.556063889557749547e-02,1.231840436632153507e-01,7.502608556063888878e-02,2.082831687936431350e-02,5.128822537924392078e-02,1.805923428846616802e-02,1.266152981780239127e-02,1.986515771731278690e-02,1.559113893570912568e-02,2.548358616261337320e-02,1.011317120154105534e-02,5.477967734168071208e-03,1.811943173609438865e-02,1.454771651015330201e-02,1.924311742515450591e-02,1.384541295449072916e-02,2.219279235893731328e-02,8.126655429809776301e-03,3.391122883056425178e-03,9.270406934745966526e-03,2.696845653744281077e-02,4.083393530780961289e-02,1.464804558953367031e-02,3.989084196163415752e-02,4.803756320732000679e-02,5.971586804719480196e-02,1.378521550686250853e-02,6.732081226422666209e-02,4.103459346657035295e-02,5.919415683441688752e-02,3.756320732000963114e-02,7.558792840516895262e-02,3.011878962998635473e-02,2.187173930492013890e-02,2.213259491130909265e-02,1.366482061160606727e-02,2.580463921663054758e-02,3.435267677983786655e-02,4.671321935949915988e-02,2.454049281643791783e-02,7.466490087486957195e-02,8.903202504213821034e-02,1.914278834577413935e-02,6.268560879685368403e-02,1.537041496107231786e-01,8.931294646440324225e-02,1.199935789389196539e-01,6.800305000401316025e-02,2.114936993338149135e-02,6.425074243518741346e-02
9.731920699895658597e-03,3.340958343366241118e-02,2.241351633357412457e-02,1.226021350028092156e-02,4.362308371458383655e-02,5.457901918291997723e-02,6.296653021911871595e-02,1.256120073842202471e-02,7.071193514728309204e-02,4.161650212697648454e-02,5.010434224255558289e-02,3.441287422746609065e-02,8.509912513042780513e-02,2.098884340637290416e-02,0.000000000000000000e+00,2.044706637771891850e-02,1.472830885303796390e-02,2.714904888032747265e-02,3.160366000481579923e-02,5.070631671883778918e-02,2.375792599727104965e-02,7.749418091339593806e-02,8.564090215908179426e-02,3.617866602456056013e-02,6.386949193354202192e-02,1.374107071193514662e-01,8.965406533429649827e-02,1.262741793081306740e-01,7.691227225298981340e-02,2.098884340637290416e-02,5.339513604623163934e-02,1.767798378682077301e-02,1.314310939882815631e-02,2.112930411750541665e-02,1.621317922786740667e-02,2.582470503250662228e-02,1.001284212216068704e-02,5.698691708804879894e-03,1.759772052331647768e-02,1.543061240870053849e-02,2.090858014286860883e-02,1.442732161489686249e-02,2.191187093667228483e-02,7.825668191668673154e-03,3.591781041817160465e-03,9.792118147523877492e-03,2.813227385825507743e-02,4.280038526366482243e-02,1.480857211654225923e-02,3.944939401236054188e-02,5.046552692832490666e-02,5.975599967894694442e-02,1.474837466891403860e-02,6.924713058832972223e-02,4.175696283810900050e-02,5.923428846616903692e-02,3.876715627257404373e-02,7.627016614495545077e-02,2.981780239184525158e-02,2.337667549562565117e-02,2.283489846697166550e-02,1.388554458624287682e-02,2.630628461353238731e-02,3.519544104663295536e-02,5.100730395697888886e-02,2.606549482301950479e-02,7.984188137089653914e-02,9.310538566498113844e-02,2.066779035235572631e-02,6.352837306364876591e-02,1.607071193514728324e-01,9.372742595713941249e-02,1.238863472188779236e-01,7.201621317922786425e-02,2.229312143831768331e-02,6.762179950236776871e-02
8.889156433100569785e-03,3.110201460791395950e-02,2.050726382534713912e-02,1.119672525884902493e-02,4.023196083152740660e-02,5.012440805843165759e-02,5.887310378039971315e-02,1.111646199534473134e-02,6.607673167991010010e-02,3.874709045669796903e-02,4.687374588650774360e-02,3.060036921101211976e-02,7.843727425957139343e-02,1.944377558391524249e-02,2.044706637771891850e-02,0.000000000000000000e+00,1.372501805923428790e-02,2.498194076571153346e-02,2.929609117906734062e-02,4.645236375311020266e-02,2.086844851111646290e-02,7.145437033469781429e-02,7.759450999277631156e-02,3.172405490007223355e-02,5.929448591379725408e-02,1.264547716510153186e-01,8.235010835540572394e-02,1.171642989003932878e-01,7.185568665221928053e-02,1.988522353318885813e-02,4.882013002648687844e-02,1.631350830724777323e-02,1.177863391925515653e-02,1.868127458062444901e-02,1.448751906252508312e-02,2.421943976242073998e-02,9.310538566498114191e-03,5.176980496026968061e-03,1.639377157075206509e-02,1.406613692912753871e-02,1.823982663135082991e-02,1.300264868769564208e-02,2.056746127297535975e-02,7.303956978890761322e-03,3.230596356047836688e-03,9.190143671241672932e-03,2.582470503250662228e-02,3.926880166947588346e-02,1.368488642748214197e-02,3.672044305321454233e-02,4.615137651496909604e-02,5.538165181796291664e-02,1.322337266233244990e-02,6.463199293683280500e-02,3.842603740268079465e-02,5.532145437033469948e-02,3.487438799261578098e-02,7.109318564892848358e-02,2.773095754073360772e-02,2.116943574925756605e-02,2.124969901276185791e-02,1.282205634481098019e-02,2.470101934344650502e-02,3.262701661449554646e-02,4.627177141022553730e-02,2.317601733686491805e-02,7.346095192230515936e-02,8.507905931455173043e-02,1.838028734248334586e-02,5.967573641544265256e-02,1.477847339272814753e-01,8.636327153062044182e-02,1.142146239666104873e-01,6.581587607352114289e-02,2.052732964122321382e-02,6.168231800305000456e-02
6.481258527971747209e-03,2.235331888594590394e-02,1.531021751344409723e-02,8.327313588570511155e-03,3.102175134440966417e-02,3.680070631671884113e-02,4.534874387992615663e-02,8.347379404446584120e-03,4.992374989967091753e-02,2.973753912834095972e-02,3.589774460229552822e-02,2.323621478449313868e-02,5.931455172967332878e-02,1.474837466891403860e-02,1.472830885303796390e-02,1.372501805923428790e-02,0.000000000000000000e+00,1.862107713299622838e-02,2.189180512079621013e-02,3.401155790994461747e-02,1.522995424993980190e-02,5.209085801428686019e-02,5.774941809133959242e-02,2.325628060036920991e-02,4.422505819086604284e-02,9.192150252829280055e-02,6.104021189501564887e-02,8.700537763865479057e-02,5.253230596356047583e-02,1.456778232602937671e-02,3.601813949755196947e-02,1.282205634481098019e-02,8.748695721968055561e-03,1.400593948149931808e-02,1.113652781122080430e-02,1.870134039650052024e-02,7.303956978890761322e-03,3.952965727586483374e-03,1.302271450357171505e-02,1.069507986194718693e-02,1.386547877036680386e-02,1.003290793803676001e-02,1.575166546271771287e-02,5.999678946945983041e-03,2.448029536880969373e-03,6.641785054980335265e-03,1.906252508226984402e-02,2.911549883618267873e-02,1.055461915081467271e-02,2.857372180752869306e-02,3.439280841159001595e-02,4.298097760654948085e-02,9.711854884019583897e-03,4.819808973432859744e-02,2.995826310297776754e-02,4.181716028573721766e-02,2.654707440404526983e-02,5.359579420499237246e-02,2.118950156513363728e-02,1.529015169756802253e-02,1.587206035797415413e-02,9.852315595152098121e-03,1.823982663135082991e-02,2.446022955293362250e-02,3.338951761778633648e-02,1.709607512641464142e-02,5.261256922706477462e-02,6.308692511437515027e-02,1.344409663696925945e-02,4.482703266714824913e-02,1.091781041817160292e-01,6.368889959065734963e-02,8.588169194959467678e-02,4.886026165823902090e-02,1.490890119592262579e-02,4.544907295930652319e-02
1.205955534152018671e-02,4.147604141584396858e-02,2.817240549000722336e-02,1.512962517055943534e-02,5.483987478930893444e-02,6.828397142627819216e-02,8.056425074243518669e-02,1.508949353880728768e-02,9.069748775985231326e-02,5.257243759531262522e-02,6.396982101292238154e-02,4.111485673007464481e-02,1.073922465687454919e-01,2.622602135002809198e-02,2.714904888032747265e-02,2.498194076571153346e-02,1.862107713299622838e-02,0.000000000000000000e+00,4.009150012039489758e-02,6.274580624448189425e-02,2.751023356609679643e-02,9.693795649731118402e-02,1.051448751906252504e-01,4.270005618428445587e-02,8.028332932017015477e-02,1.705995665783770765e-01,1.119672525884902459e-01,1.580784974717072133e-01,9.689782486555903462e-02,2.644674532466489980e-02,6.643791636567943082e-02,2.279476683521951957e-02,1.603258688498274478e-02,2.524279637210049068e-02,2.006581587607352002e-02,3.292800385263664614e-02,1.288225379243920082e-02,7.123364636006100301e-03,2.299542499398025616e-02,1.938357813628702186e-02,2.480134842282687158e-02,1.795890520908580146e-02,2.777108917248575365e-02,1.035396099205393612e-02,4.274018781603660354e-03,1.254113492254595001e-02,3.493458544024399814e-02,5.397704470663777093e-02,1.896219600288947746e-02,5.038526366482061480e-02,6.336784653664018219e-02,7.693233806886587423e-02,1.779837868207721427e-02,8.937314391203146635e-02,5.275302993819728364e-02,7.528694116702784600e-02,4.689381170238381830e-02,9.749979934184123398e-02,3.752307568825748174e-02,2.809214222650292803e-02,2.897503812505016624e-02,1.747732562806003642e-02,3.373063648767959249e-02,4.498755919415683285e-02,6.244481900634079458e-02,3.041977686812745788e-02,9.874387992615779597e-02,1.155389678144313342e-01,2.492174331808331283e-02,8.180833132675174868e-02,2.008989485512480966e-01,1.173448912432779462e-01,1.556304679348262388e-01,9.033630307408299642e-02,2.724937795970784268e-02,8.331326751745725401e-02
1.402600529737539105e-02,4.829841881370896400e-02,3.270727987799983832e-02,1.749739144393611112e-02,6.398988682879845624e-02,7.909944618348181689e-02,9.402841319528051911e-02,1.745725981218396172e-02,1.052853359017577595e-01,6.116060679027209013e-02,7.460470342724134785e-02,4.793723412793964023e-02,1.248093747491773042e-01,3.047997431575567850e-02,3.160366000481579923e-02,2.929609117906734062e-02,2.189180512079621013e-02,4.009150012039489758e-02,0.000000000000000000e+00,7.259812183963400278e-02,3.228589774460229739e-02,1.117264627979773634e-01,1.220804237900312977e-01,4.940203868689301003e-02,9.322578056023757276e-02,1.969259170077855281e-01,1.295449072959306558e-01,1.840837948470984697e-01,1.124488321695160109e-01,3.100168552853358947e-02,7.713299622762662122e-02,2.654707440404526983e-02,1.874147202825266964e-02,2.957701260133236906e-02,2.331647804799743054e-02,3.836583995505257055e-02,1.500923027530299408e-02,8.146721245685849266e-03,2.704871980094710610e-02,2.237338470182197517e-02,2.887470904566979621e-02,2.092864595874468353e-02,3.254675335099125461e-02,1.195922626213981842e-02,5.036519784894453837e-03,1.452765069427722905e-02,4.063327714904887977e-02,6.226422666345613616e-02,2.205233164780480079e-02,5.925435428204510468e-02,7.360141263343768225e-02,8.961393370254434887e-02,2.048719800947106442e-02,1.034593466570350728e-01,6.132113331728068079e-02,8.750702303555663031e-02,5.469941407817641849e-02,1.137531102014607970e-01,4.402440003210530278e-02,3.254675335099125461e-02,3.350991251304277774e-02,2.034673729833855194e-02,3.894774861545870215e-02,5.180993659202182827e-02,7.205634481098001365e-02,3.555662573240227914e-02,1.147363351793883879e-01,1.333373464965085520e-01,2.853359017577654713e-02,9.493137490970382508e-02,2.327032667148246359e-01,1.357853760333895266e-01,1.807729352275463386e-01,1.045429007143430511e-01,3.184444979532867481e-02,9.685769323380688522e-02
2.179147604141584357e-02,7.578858656392968574e-02,5.114776466811140482e-02,2.757043101372501706e-02,9.866361666265349717e-02,1.240067421141343579e-01,1.446143350188618670e-01,2.740990448671642987e-02,1.640179789710249636e-01,9.497150654145597448e-02,1.154185729191748999e-01,7.528694116702784600e-02,1.932538727024640801e-01,4.771651015330283241e-02,5.070631671883778918e-02,4.645236375311020266e-02,3.401155790994461747e-02,6.274580624448189425e-02,7.259812183963400278e-02,0.000000000000000000e+00,5.088690906172244760e-02,1.767397062364555738e-01,1.913877518259892441e-01,7.811622120555421211e-02,1.463199293683281055e-01,3.100369211012119486e-01,2.039890841961634060e-01,2.880648527169114570e-01,1.767597720523316485e-01,4.884019584236295314e-02,1.205554217834497177e-01,4.049281643791636381e-02,2.871418251866120902e-02,4.607111325146480418e-02,3.587767878641945352e-02,5.983626294245124322e-02,2.315595152098884335e-02,1.284212216068705316e-02,4.059314551729673037e-02,3.481419054498755689e-02,4.516815153704149821e-02,3.232602937635443985e-02,5.054579019182919852e-02,1.830002407897905053e-02,7.885865639296893784e-03,2.247371378120234520e-02,6.384942611766594722e-02,9.725900955132835146e-02,3.367043904005136840e-02,9.065735612810016386e-02,1.148767958905209108e-01,1.372100489605907470e-01,3.260695079861947177e-02,1.600248816116863204e-01,9.565374428124247264e-02,1.360462316397784699e-01,8.570109960671000449e-02,1.752147042298739799e-01,6.814351071514568314e-02,5.211092383016293489e-02,5.251224014768440806e-02,3.180431816357653235e-02,6.102014607913958111e-02,8.086523798057629331e-02,1.157596917890681421e-01,5.646520587527088797e-02,1.818364234689782422e-01,2.105305401717633973e-01,4.528854643229793947e-02,1.475038125050164572e-01,3.645958744682558650e-01,2.151456778232603007e-01,2.828678064050084151e-01,1.643590978409182057e-01,5.024480295368809885e-02,1.515370414961072221e-01
1.003290793803676001e-02,3.455333493859860661e-02,2.253391122883056583e-02,1.248093747491772938e-02,4.639216630548197856e-02,5.540171763383899134e-02,6.609679749578617480e-02,1.314310939882815631e-02,7.241752949674934436e-02,4.342242555582309649e-02,5.269283249056906648e-02,3.595794204992375231e-02,8.778794445782164835e-02,2.195200256842443076e-02,2.375792599727104965e-02,2.086844851111646290e-02,1.522995424993980190e-02,2.751023356609679643e-02,3.228589774460229739e-02,5.088690906172244760e-02,0.000000000000000000e+00,7.827674773256280971e-02,8.750702303555663031e-02,3.668031142146239987e-02,6.547475720362790075e-02,1.404406453166385793e-01,9.027610562645477232e-02,1.306886588008668304e-01,7.885865639296893437e-02,2.187173930492013890e-02,5.526125692270647538e-02,1.884180110763303620e-02,1.368488642748214197e-02,2.177141022553976887e-02,1.681515370414960950e-02,2.686812745806244421e-02,1.057468496669074567e-02,5.698691708804879894e-03,1.864114294887229961e-02,1.567140219921342101e-02,2.167108114615940231e-02,1.470824303716189094e-02,2.283489846697166550e-02,8.226984509190142861e-03,3.692110121197527892e-03,1.029376354442571549e-02,2.863391925515691369e-02,4.330203066056665523e-02,1.529015169756802253e-02,4.193755518099365892e-02,5.094710650935067170e-02,6.284613532386226775e-02,1.525002006581587660e-02,7.083233004253952636e-02,4.344249137169917119e-02,6.240468737458865212e-02,4.115498836182679421e-02,7.887872220884500907e-02,3.128260695079861792e-02,2.442009792118147657e-02,2.321614896861706398e-02,1.472830885303796390e-02,2.686812745806244421e-02,3.625892928806485199e-02,5.106750140460711296e-02,2.785135243599004898e-02,8.120635685046953545e-02,9.503170398908419858e-02,2.118950156513363728e-02,6.573561281001685797e-02,1.653423228188458105e-01,9.448992696043020945e-02,1.270768119431736065e-01,7.283891163014688530e-02,2.301549080985632739e-02,6.982903924873584689e-02
