0.000000000000000000e+00,1.700305092701243775e-02,1.220370804975357860e-02,5.796761323632950401e-03,2.705937573339591701e-02,3.053273879371039626e-02,3.309082375029336054e-02,7.111006805914104993e-03,3.243370100915277804e-02,2.247125088007510124e-02,2.715325041070171252e-02,1.581788312602675287e-02,4.584604552921849041e-02,1.382304623327857383e-02,1.604083548462802156e-02,1.095986857545177239e-02,7.556911523116638905e-03,1.675662989908472192e-02,1.545411875146679263e-02,3.089650316827035822e-02,1.274348744426190977e-02,5.631307204881483286e-02,4.563482750528045223e-02,1.679183290307439611e-02,3.772588594226707059e-02,8.428772588594227178e-02,4.344050692325745339e-02,6.734334663224594841e-02,4.865055151372917053e-02,1.250880075099741924e-02,3.772588594226707059e-02,1.422201361182820999e-02,4.752405538605961391e-03,1.464444965970429502e-02,7.451302511147618081e-03,1.523116639286552394e-02,6.641633419385120467e-03,4.400375498709222996e-03,1.139403895799108273e-02,7.369162168505046136e-03,1.107721192208401852e-02,6.148791363529687928e-03,1.072518188218728012e-02,3.297348040366111354e-03,2.299929593992020536e-03,8.002816240319173685e-03,1.597042947664867318e-02,1.573574278338418092e-02,8.120159586951419817e-03,2.563952123914573986e-02,3.350152546350621680e-02,3.109598685754517630e-02,8.390049284205586266e-03,4.027223656418681130e-02,2.026519596338887536e-02,3.614175076273175302e-02,2.193147148556676834e-02,4.436751936165219540e-02,1.638113118986153638e-02,1.237972306970194780e-02,1.289603379488383009e-02,6.453884064773527697e-03,1.476179300633654115e-02,1.761323632950011903e-02,2.703590706406946639e-02,1.429241961980755662e-02,5.167800985684111587e-02,4.766486740201830719e-02,1.430415395447078193e-02,3.744426191034968404e-02,1.038136587655479892e-01,5.274583431119455462e-02,6.046702651959633829e-02,4.727763435813189113e-02,1.176953766721426826e-02,3.507392630837831426e-02
1.700305092701243775e-02,0.000000000000000000e+00,2.377376202769302879e-02,1.127669561135883659e-02,5.287491199249002433e-02,5.890636000938746786e-02,6.492607369162169129e-02,1.374090589063600015e-02,6.402252992255338948e-02,4.421497301103027161e-02,5.336775404834545600e-02,3.045059845106782431e-02,8.914574043651725399e-02,2.736446843463975764e-02,3.063834780567941882e-02,2.113353672846749604e-02,1.489087068763201085e-02,3.252757568645858050e-02,3.038019244308847594e-02,6.017366815301572469e-02,2.445435343816005497e-02,1.090119690213564863e-01,8.885238206993663346e-02,3.205820229992959597e-02,7.319877962919502101e-02,1.634827505280450621e-01,8.587186106547758935e-02,1.327270593757333972e-01,9.475475240553860035e-02,2.493546115935226307e-02,7.309317061722600539e-02,2.751701478526167449e-02,9.211452710631307453e-03,2.812720018774935576e-02,1.425721661581788244e-02,2.989908472189626784e-02,1.307204881483219928e-02,8.542595634827504850e-03,2.181412813893452221e-02,1.422201361182820999e-02,2.129781741375263993e-02,1.165219432058202213e-02,2.179065946960807160e-02,6.512555738089649895e-03,4.412109833372447436e-03,1.566533677540483602e-02,3.109598685754517630e-02,3.115465853086130110e-02,1.573574278338418092e-02,4.998826566533677573e-02,6.480873034498943475e-02,6.051396385824923951e-02,1.620511616991316545e-02,7.867871391692091154e-02,4.016662755221778874e-02,7.086364703121332542e-02,4.247829148087303719e-02,8.595400140812016476e-02,3.253931002112180060e-02,2.406712039427364586e-02,2.540483454588124759e-02,1.283736212156770702e-02,2.887819760619573031e-02,3.488617695376672323e-02,5.301572400844872107e-02,2.810373151842290515e-02,1.008566064304153992e-01,9.354611593522647872e-02,2.728232809199718223e-02,7.364468434639756533e-02,2.012438394743018000e-01,1.037667214268950949e-01,1.185989204412109810e-01,9.256043182351560150e-02,2.324571696784792293e-02,6.835249941328326584e-02
1.220370804975357860e-02,2.377376202769302879e-02,0.000000000000000000e+00,8.014550574982398992e-03,3.783149495423609315e-02,4.187984041304858296e-02,4.601032621450363430e-02,9.868575451771884749e-03,4.575217085191269489e-02,3.151842290542126307e-02,3.858249237268247117e-02,2.145036376437456024e-02,6.322459516545411717e-02,1.957287021825862561e-02,2.211922084017836285e-02,1.520769772353907506e-02,1.051396385824923674e-02,2.311663928655245323e-02,2.203708049753579090e-02,4.332316357662520379e-02,1.746068997887819871e-02,7.813893452241257864e-02,6.431588828913401001e-02,2.281154658530861259e-02,5.252288195259328940e-02,1.172729406242666028e-01,6.188688101384651197e-02,9.496597042947664546e-02,6.757803332551044762e-02,1.794179770007040681e-02,5.226472659000234999e-02,1.924430884768833436e-02,6.524290072752875203e-03,2.003050927012438309e-02,1.002112180239380507e-02,2.148556676836423443e-02,9.305327387937104705e-03,6.125322694203239049e-03,1.537197840882421895e-02,1.000938746773057976e-02,1.514902605022295200e-02,8.319643276226237893e-03,1.581788312602675287e-02,4.505984510678244688e-03,3.168270359070640783e-03,1.146444496597042936e-02,2.231870452945318092e-02,2.250645388406477196e-02,1.113588359540014158e-02,3.548462802159117746e-02,4.624501290776812656e-02,4.306500821403426438e-02,1.169913165923492163e-02,5.641868106078385542e-02,2.867871391692091224e-02,5.071579441445669967e-02,2.995775639521239264e-02,6.152311663928655000e-02,2.346866932644919163e-02,1.744895564421497167e-02,1.797700070406008099e-02,9.270124383947430519e-03,2.061722600328561375e-02,2.527575686458577789e-02,3.835954001408119901e-02,2.022999295939920117e-02,7.217789251349449042e-02,6.754283032152076649e-02,1.950246421027927723e-02,5.272236564186810748e-02,1.441680356723773759e-01,7.427833841821168681e-02,8.527340999765313512e-02,6.697958225768599339e-02,1.693264491903308938e-02,4.876789486036142013e-02
5.796761323632950401e-03,1.127669561135883659e-02,8.014550574982398992e-03,0.000000000000000000e+00,1.830556207463036877e-02,2.004224360478761013e-02,2.227176719080028316e-02,4.740671203942736084e-03,2.180239380427129864e-02,1.532504107017132119e-02,1.832903074395681592e-02,1.064304153954470818e-02,3.066181647500586596e-02,9.434405069232574409e-03,1.052569819291246205e-02,7.322224829852147510e-03,5.116169913165923358e-03,1.118282093405303934e-02,1.033794883830086754e-02,2.048814832199014405e-02,8.472189626848158212e-03,3.732691856371743444e-02,3.034498943909880175e-02,1.101854024876789545e-02,2.513494484862708114e-02,5.621919737150903734e-02,2.910114996479699553e-02,4.564656183994367233e-02,3.232809199718376242e-02,8.472189626848158212e-03,2.517014785261675533e-02,9.434405069232574409e-03,3.238676367049988288e-03,9.868575451771884749e-03,4.951889227880779468e-03,1.042008918094344122e-02,4.529453180004693567e-03,3.003989673785496459e-03,7.416099507157943894e-03,5.057498239849800292e-03,7.427833841821168334e-03,4.036611124149261029e-03,7.556911523116638905e-03,2.252992255339122344e-03,1.513729171555972669e-03,5.409528279746538687e-03,1.059610420089180868e-02,1.047876085425956429e-02,5.479934287725886193e-03,1.735508096690917615e-02,2.220136118282093479e-02,2.089885003520300377e-02,5.667683642337479830e-03,2.690682938277399669e-02,1.395212391457404354e-02,2.452475944613940334e-02,1.484393334897911310e-02,2.977000704060079814e-02,1.130016428068528547e-02,8.143628256277868696e-03,8.871157005397794365e-03,4.435578502698897183e-03,9.974184463740905573e-03,1.195728702182586277e-02,1.811781272001877427e-02,9.622154423844167179e-03,3.434639755925839033e-02,3.212860830790894434e-02,9.434405069232574409e-03,2.517014785261675533e-02,6.903309082375029548e-02,3.546115935226472338e-02,4.097629664398028809e-02,3.169443792536963400e-02,7.991081905655950113e-03,2.358601267308143776e-02
2.705937573339591701e-02,5.287491199249002433e-02,3.783149495423609315e-02,1.830556207463036877e-02,0.000000000000000000e+00,9.475475240553860035e-02,1.070758038019244268e-01,2.227176719080028316e-02,1.044355785026988975e-01,7.287021825862473323e-02,8.699835719314714944e-02,4.933114292419620017e-02,1.464444965970429502e-01,4.504811077211921810e-02,4.785261675662989822e-02,3.493311429241961752e-02,2.470077446608777427e-02,5.295705233513259974e-02,4.907298756160525383e-02,9.701947899554094756e-02,3.959164515371978166e-02,1.758859422670734640e-01,1.422553391222717567e-01,5.206524290072753192e-02,1.196080732222482984e-01,2.617695376672142804e-01,1.369514198544942440e-01,2.182703590706406849e-01,1.537080497535789625e-01,4.047172025346162938e-02,1.179300633654071784e-01,4.611593522647265686e-02,1.527810373151842344e-02,4.556442149730110386e-02,2.367988735038723327e-02,5.002346866932644992e-02,2.193147148556676834e-02,1.398732691856371772e-02,3.652898380661816213e-02,2.385590237033560074e-02,3.522647265900023805e-02,1.926777751701478497e-02,3.638817179065947233e-02,1.108894625674724209e-02,7.251818821872800004e-03,2.491199249002581592e-02,4.921379957756395057e-02,4.928420558554329894e-02,2.601501994836892886e-02,8.277399671438628870e-02,1.049988265665336706e-01,9.917859657357427916e-02,2.676601736681529994e-02,1.281389345224125675e-01,6.729640929359305412e-02,1.157944144567003009e-01,6.950246421027928001e-02,1.405655949307674235e-01,5.367284674958929663e-02,3.704529453180004789e-02,4.144567003050927262e-02,2.093405303919267796e-02,4.737150903543769359e-02,5.582022999295940119e-02,8.569584604552922535e-02,4.483689274818117992e-02,1.626848157709457898e-01,1.512086364703121300e-01,4.427364468434639988e-02,1.198779629195024649e-01,3.246186341234452155e-01,1.678948603614175139e-01,1.934639755925839089e-01,1.500821403426425837e-01,3.726824689040131311e-02,1.107721192208401817e-01
3.053273879371039626e-02,5.890636000938746786e-02,4.187984041304858296e-02,2.004224360478761013e-02,9.475475240553860035e-02,0.000000000000000000e+00,1.170382539310021175e-01,2.457169678479230110e-02,1.147969960103262105e-01,7.858483923961510909e-02,9.505984510678244792e-02,5.468199953062661406e-02,1.610068059141046837e-01,4.920206524290073047e-02,5.394273644684346308e-02,3.792536963154188867e-02,2.653133067355081115e-02,5.851912696550105875e-02,5.406007979347571268e-02,1.077329265430650024e-01,4.374559962450129402e-02,1.960689978878197570e-01,1.580732222482985339e-01,5.755691152311664255e-02,1.319173902839708978e-01,2.933818352499413251e-01,1.532386763670499918e-01,2.375498709223187177e-01,1.708753813658765441e-01,4.420323867636705151e-02,1.304153954470781418e-01,4.973011030274583633e-02,1.666275522177892640e-02,5.030509270124383647e-02,2.587420793241023212e-02,5.364937808026284949e-02,2.356254400375498714e-02,1.517249471954940088e-02,3.923961511382304673e-02,2.593287960572635692e-02,3.814832199014316083e-02,2.092231870452945439e-02,3.900492842055855447e-02,1.191034968317296328e-02,7.885472893686927554e-03,2.727059375733395866e-02,5.543299694907298514e-02,5.489321755456465918e-02,2.873738559023703357e-02,8.975592583900493526e-02,1.173785496362356323e-01,1.095986857545177134e-01,2.881952593287960551e-02,1.410584369866228482e-01,7.128608307908941566e-02,1.271297817413752640e-01,7.642572166158179137e-02,1.549753578972072332e-01,5.829617460689978659e-02,4.236094813424078759e-02,4.557615583196433090e-02,2.264726590002346870e-02,5.171321286083079005e-02,6.154658530861300408e-02,9.436751936165219123e-02,4.950715794414456417e-02,1.807322224829852053e-01,1.668739732457169556e-01,4.883830086834076850e-02,1.325510443557850193e-01,3.605022295235860152e-01,1.862590941093640040e-01,2.136470312133302019e-01,1.659469608073222135e-01,4.168035672377376488e-02,1.228350152546350688e-01
3.309082375029336054e-02,6.492607369162169129e-02,4.601032621450363430e-02,2.227176719080028316e-02,1.070758038019244268e-01,1.170382539310021175e-01,0.000000000000000000e+00,2.739967143862942836e-02,1.284557615583196422e-01,8.920441210983337532e-02,1.066533677540483505e-01,6.117108659938981507e-02,1.800398967378549764e-01,5.512790424782915144e-02,5.855432996949073293e-02,4.261910349683172700e-02,3.018070875381365786e-02,6.514902605022294957e-02,5.989204412109833120e-02,1.190800281624031925e-01,4.875616052569819309e-02,2.168270359070640640e-01,1.739967143862942989e-01,6.362356254400375333e-02,1.474067120394273733e-01,3.229523586012673086e-01,1.691386998357193028e-01,2.668739732457169889e-01,1.894273644684346392e-01,4.981225064538840480e-02,1.440741609950715874e-01,5.652429007275287798e-02,1.854024876789486104e-02,5.526871626378784125e-02,2.870218258624735938e-02,6.073691621685050474e-02,2.663693968551983024e-02,1.672142689509504773e-02,4.493076742548697544e-02,2.883126026754282908e-02,4.260736916216850689e-02,2.338652898380661968e-02,4.412109833372447609e-02,1.361182820934053045e-02,8.789016662755222420e-03,2.986388171790659365e-02,6.094813424078854985e-02,6.043182351560666410e-02,3.209340530391927016e-02,1.008331377610889451e-01,1.291363529687866718e-01,1.226003285613705696e-01,3.225768598920441405e-02,1.583665806148791266e-01,8.257451302511147062e-02,1.419854494250175903e-01,8.562544003754987698e-02,1.735156066651021012e-01,6.546585308613001031e-02,4.528279746538371037e-02,5.085660643041539641e-02,2.579206758976766017e-02,5.809669091762496851e-02,6.822342173198779613e-02,1.044121098333724434e-01,5.443557850269889475e-02,2.000234686693264374e-01,1.838535555034029600e-01,5.374325275756864501e-02,1.481694437925369645e-01,3.977000704060079661e-01,2.063600093874677355e-01,2.381013846514902499e-01,1.845341469138699897e-01,4.596338887585074001e-02,1.359187984041304864e-01
7.111006805914104993e-03,1.374090589063600015e-02,9.868575451771884749e-03,4.740671203942736084e-03,2.227176719080028316e-02,2.457169678479230110e-02,2.739967143862942836e-02,0.000000000000000000e+00,2.668387702417272800e-02,1.858718610654775880e-02,2.240084487209575287e-02,1.279042478291480926e-02,3.720957521708519178e-02,1.159352264726590080e-02,1.276695611358836038e-02,8.929828678713917431e-03,6.266134710161934060e-03,1.368223421731987882e-02,1.283736212156770702e-02,2.520535085660642952e-02,1.026754283032152090e-02,4.589298286787139164e-02,3.736212156770710863e-02,1.349448486270828432e-02,3.083783149495423689e-02,6.837596808260971992e-02,3.598920441210983617e-02,5.551513729171556055e-02,3.986153485097394811e-02,1.043182351560666479e-02,3.047406712039427493e-02,1.152311663928655243e-02,3.907533442853790458e-03,1.169913165923492163e-02,5.843698662285848160e-03,1.275522177892513508e-02,5.538605961042009258e-03,3.532034733630603184e-03,9.187984041304858573e-03,5.937573339591645412e-03,8.882891340061017937e-03,4.858014550574982215e-03,9.234921379957756332e-03,2.757568645857779756e-03,1.807087538136587564e-03,6.383478056794180192e-03,1.288429946022060478e-02,1.274348744426190977e-02,6.758976766017366598e-03,2.099272471250879929e-02,2.724712508800751151e-02,2.558084956582961852e-02,6.723773762027693279e-03,3.311429241961980768e-02,1.701478526167566133e-02,2.974653837127434752e-02,1.777751701478526292e-02,3.636470312133301824e-02,1.374090589063600015e-02,9.856841117108659442e-03,1.064304153954470818e-02,5.374325275756864501e-03,1.216850504576390442e-02,1.448016897441915113e-02,2.220136118282093479e-02,1.161699131659234968e-02,4.214973011030274247e-02,3.895799108190565324e-02,1.132363295001173435e-02,3.104904951889227854e-02,8.395916451537198399e-02,4.353438160056324890e-02,5.000000000000000278e-02,3.919267777517014550e-02,9.774700774466087497e-03,2.851443323163576488e-02
3.243370100915277804e-02,6.402252992255338948e-02,4.575217085191269489e-02,2.180239380427129864e-02,1.044355785026988975e-01,1.147969960103262105e-01,1.284557615583196422e-01,2.668387702417272800e-02,0.000000000000000000e+00,8.628256277869045254e-02,1.038136587655479892e-01,5.901196902135649042e-02,1.753344285379019041e-01,5.404834545881248564e-02,5.794414456700305166e-02,4.159821638113118947e-02,2.901900962215442359e-02,6.383478056794179845e-02,5.901196902135649042e-02,1.176719080028162390e-01,4.727763435813189113e-02,2.132128608307908846e-01,1.712860830790894073e-01,6.195728702182586034e-02,1.440389579910819062e-01,3.172494719549401321e-01,1.675545646561839852e-01,2.604787608542595834e-01,1.865055151372917164e-01,4.876789486036142013e-02,1.413165923492137876e-01,5.416568880544472830e-02,1.802393804271297875e-02,5.431823515606665209e-02,2.798638817179065902e-02,5.934053039192677820e-02,2.580380192443088375e-02,1.655714620980990384e-02,4.279511851678009793e-02,2.833841821168739741e-02,4.159821638113118947e-02,2.261206289603379452e-02,4.310021121802393856e-02,1.294297113353672785e-02,8.648204646796527409e-03,2.955878901666275649e-02,5.991551279042478528e-02,5.976296643980286150e-02,3.107251818821872916e-02,9.836892748181177981e-02,1.268364233747946435e-01,1.195611358835954041e-01,3.126026754283032366e-02,1.546819995306266127e-01,7.919502464210279036e-02,1.387585073926308477e-01,8.306735508096690923e-02,1.684346397559258468e-01,6.404599859187984356e-02,4.514198544942502056e-02,4.960103262145036662e-02,2.481811781272002040e-02,5.667683642337479483e-02,6.746068997887819108e-02,1.032386763670499891e-01,5.350856606430415274e-02,1.966791832903074522e-01,1.812367988735038848e-01,5.264022529922553206e-02,1.447664867402018440e-01,3.908589532973480440e-01,2.036141750762731628e-01,2.337596808260971604e-01,1.811781272001877496e-01,4.543534381600563415e-02,1.330086834076507907e-01
2.247125088007510124e-02,4.421497301103027161e-02,3.151842290542126307e-02,1.532504107017132119e-02,7.287021825862473323e-02,7.858483923961510909e-02,8.920441210983337532e-02,1.858718610654775880e-02,8.628256277869045254e-02,0.000000000000000000e+00,7.226003285613705196e-02,4.095282797465383401e-02,1.206876320112649642e-01,3.759680826097160089e-02,4.037784557615583386e-02,2.871391692091058295e-02,2.013611828209340565e-02,4.382773996714386250e-02,4.084721896268481839e-02,8.048580145505750127e-02,3.306735508096690646e-02,1.466791832903074355e-01,1.187397324571696777e-01,4.287725885942267334e-02,9.887350387233044546e-02,2.187279981225064562e-01,1.145857779863881654e-01,1.804623327857310389e-01,1.277634358131893855e-01,3.393569584604552714e-02,9.770007040600797721e-02,3.756160525698192670e-02,1.255573808965031700e-02,3.767894860361417630e-02,1.919737150903543660e-02,4.150434170382539395e-02,1.800046937338652814e-02,1.146444496597042936e-02,2.986388171790659365e-02,1.960807322224829979e-02,2.890166627552217746e-02,1.570053977939450673e-02,3.002816240319173755e-02,9.117578033325510201e-03,5.925839004928420972e-03,2.078150668857075764e-02,4.110537432527575780e-02,4.116404599859187913e-02,2.169678479230227608e-02,6.862238911053743229e-02,8.696315418915746831e-02,8.269185637174372716e-02,2.179065946960807160e-02,1.064656183994367455e-01,5.580849565829617415e-02,9.608073222248297851e-02,5.786200422436047625e-02,1.167331612297582699e-01,4.473128373621215736e-02,3.114292419619807406e-02,3.442853790190095881e-02,1.744895564421497167e-02,3.931002112180239511e-02,4.680826097160291355e-02,7.098099037784558196e-02,3.735038723304388852e-02,1.353086130016428190e-01,1.251584135179535373e-01,3.639990612532269243e-02,9.971837596808261206e-02,2.692325745130251247e-01,1.395329734804036659e-01,1.616991316592349126e-01,1.245599624501290831e-01,3.127200187749354376e-02,9.198544942501760135e-02
2.715325041070171252e-02,5.336775404834545600e-02,3.858249237268247117e-02,1.832903074395681592e-02,8.699835719314714944e-02,9.505984510678244792e-02,1.066533677540483505e-01,2.240084487209575287e-02,1.038136587655479892e-01,7.226003285613705196e-02,0.000000000000000000e+00,4.936634592818587436e-02,1.453884064773527385e-01,4.486036141750762707e-02,4.903778455761558658e-02,3.475709927247125353e-02,2.431354142220136169e-02,5.293358366580614566e-02,4.953062661347101825e-02,9.750058671673315913e-02,3.976766017366815259e-02,1.769068293827739946e-01,1.439333489791128906e-01,5.185402487678948680e-02,1.194320582022999344e-01,2.639755925839005202e-01,1.391105374325275756e-01,2.169443792536963067e-01,1.540835484628021723e-01,4.085895329734803849e-02,1.180239380427129808e-01,4.493076742548697544e-02,1.500821403426425699e-02,4.523586012673081608e-02,2.309317061722600262e-02,4.958929828678713958e-02,2.152076977235390862e-02,1.394038957991081823e-02,3.548462802159117746e-02,2.322224829852147232e-02,3.441680356723773870e-02,1.878666979582257687e-02,3.602440741609951036e-02,1.066651020887115706e-02,7.122741140577329433e-03,2.499413283266838787e-02,4.982398498005163184e-02,4.977704764139873062e-02,2.570992724712508823e-02,8.191739028397089506e-02,1.053391222717671855e-01,9.910819056559493079e-02,2.622623797230697051e-02,1.285261675662990044e-01,6.629899084721896374e-02,1.155597277634358155e-01,6.916216850504576519e-02,1.403661112414926193e-01,5.341469138699835723e-02,3.807791598216381246e-02,4.149260736916216691e-02,2.092231870452945439e-02,4.732457169678479236e-02,5.641868106078385542e-02,8.628256277869045254e-02,4.503637643745599800e-02,1.635062191973715162e-01,1.509856841117108717e-01,4.407416099507158180e-02,1.201830556207462986e-01,3.248298521473832468e-01,1.687514667918328937e-01,1.944496597042947583e-01,1.509152781037315094e-01,3.801924430884769113e-02,1.107134475475240604e-01
1.581788312602675287e-02,3.045059845106782431e-02,2.145036376437456024e-02,1.064304153954470818e-02,4.933114292419620017e-02,5.468199953062661406e-02,6.117108659938981507e-02,1.279042478291480926e-02,5.901196902135649042e-02,4.095282797465383401e-02,4.936634592818587436e-02,0.000000000000000000e+00,8.385355550340295450e-02,2.566298990847219047e-02,2.824454353438160190e-02,1.959633888758507275e-02,1.382304623327857383e-02,3.023938042712978266e-02,2.752874911992490153e-02,5.515137291715559859e-02,2.292888993194085873e-02,1.011969021356489140e-01,8.129547054682000062e-02,3.009856841117108592e-02,6.783618868810138702e-02,1.529453180004693713e-01,7.872565125557380583e-02,1.235860126730814329e-01,8.854728936869279976e-02,2.304623327857310486e-02,6.796526636939685673e-02,2.586247359774700855e-02,8.765547993428771806e-03,2.661347101619338310e-02,1.352968786669795850e-02,2.806852851443323096e-02,1.223891105374325279e-02,7.908941563013376433e-03,2.033560197136822373e-02,1.361182820934053045e-02,2.003050927012438309e-02,1.088946256747242401e-02,1.998357193147148533e-02,6.230931706172259874e-03,3.989673785496362403e-03,1.433935695846045612e-02,2.878432292888993133e-02,2.805679417977000739e-02,1.499647969960103341e-02,4.718375968082609562e-02,6.040835484628021695e-02,5.714620980990377935e-02,1.487913635296878728e-02,7.329265430650082347e-02,3.799577563952123704e-02,6.618164750058672108e-02,4.103496831729640942e-02,8.093170617226003172e-02,3.022764609246655562e-02,2.190800281624031773e-02,2.397324571696784687e-02,1.203942736446843471e-02,2.700070406007979221e-02,3.226942032386763415e-02,4.850973949777047378e-02,2.576859892044120956e-02,9.342877258859422218e-02,8.569584604552922535e-02,2.559258390049284210e-02,6.841117108659938717e-02,1.872095752170852001e-01,9.590471720253461452e-02,1.113236329500117278e-01,8.524994132832668103e-02,2.164984745364937832e-02,6.430415395447078297e-02
4.584604552921849041e-02,8.914574043651725399e-02,6.322459516545411717e-02,3.066181647500586596e-02,1.464444965970429502e-01,1.610185402487678830e-01,1.800398967378549764e-01,3.720957521708519178e-02,1.753344285379019041e-01,1.206876320112649642e-01,1.453884064773527385e-01,8.385355550340295450e-02,0.000000000000000000e+00,7.552217789251348956e-02,8.069701947899554639e-02,5.809669091762496851e-02,4.074160995071579583e-02,8.960337948838301148e-02,8.199953062661347047e-02,1.639169209105843794e-01,6.659234921379958427e-02,2.985684111710866229e-01,2.384651490260502327e-01,8.739732457169678559e-02,2.014667918329030860e-01,4.429359305327387752e-01,2.328561370570288724e-01,3.648204646796526784e-01,2.607603848861769769e-01,6.819995306266134205e-02,1.977235390753344368e-01,7.649612766956113974e-02,2.541656888054447463e-02,7.601501994836892817e-02,3.923961511382304673e-02,8.277399671438628870e-02,3.615348509739498006e-02,2.306970194789955547e-02,6.083079089415630025e-02,3.973245716967847840e-02,5.826097160291011240e-02,3.192912461863412626e-02,6.029101149964796735e-02,1.834076507862004296e-02,1.200422436047876053e-02,4.109363999061253075e-02,8.366580614879136346e-02,8.318469842759915189e-02,4.373386528983806698e-02,1.381717906594696066e-01,1.770945787373855995e-01,1.681412813893452263e-01,4.356958460455292309e-02,2.161229758272705803e-01,1.115817883126026810e-01,1.943205820229992886e-01,1.177071110068059201e-01,2.372799812250645513e-01,8.962684815770945168e-02,6.276695611358835969e-02,6.978408824219667350e-02,3.501525463506219293e-02,7.948838300868341089e-02,9.375733395916450996e-02,1.430063365407181486e-01,7.479464914339356563e-02,2.741140577329265193e-01,2.521825862473597857e-01,7.393804271297817199e-02,2.029570523351325873e-01,5.461628725651255234e-01,2.830673550809669203e-01,3.274466087772823220e-01,2.522647265900023195e-01,6.344754752405538933e-02,1.865876554799342779e-01
1.382304623327857383e-02,2.736446843463975764e-02,1.957287021825862561e-02,9.434405069232574409e-03,4.504811077211921810e-02,4.920206524290073047e-02,5.512790424782915144e-02,1.159352264726590080e-02,5.404834545881248564e-02,3.759680826097160089e-02,4.486036141750762707e-02,2.566298990847219047e-02,7.552217789251348956e-02,0.000000000000000000e+00,2.491199249002581592e-02,1.801220370804975518e-02,1.275522177892513508e-02,2.742314010795587897e-02,2.552217789251349372e-02,5.019948368927482085e-02,2.035907064069467434e-02,9.129312367988734467e-02,7.373855902370335391e-02,2.696550105609011802e-02,6.178127200187749635e-02,1.357779863881717897e-01,7.135648908706876403e-02,1.121450363764374542e-01,7.957052335132598631e-02,2.094578737385590153e-02,6.087772823280920148e-02,2.352734099976531296e-02,7.826801220370804488e-03,2.337479464914339264e-02,1.203942736446843471e-02,2.524055386059610370e-02,1.121802393804271353e-02,7.216615817883125818e-03,1.858718610654775880e-02,1.214503637643745554e-02,1.790659469608073262e-02,9.751232105139638617e-03,1.866932644919033074e-02,5.667683642337479830e-03,3.661112414926073755e-03,1.262614409762966364e-02,2.566298990847219047e-02,2.542830321520769821e-02,1.340061018540248707e-02,4.245482281154658311e-02,5.450598451067824313e-02,5.129077681295470675e-02,1.368223421731987882e-02,6.615817883126026699e-02,3.459281858718610964e-02,5.976296643980286150e-02,3.602440741609951036e-02,7.275287491199249057e-02,2.745834311194555316e-02,1.937338652898380753e-02,2.155597277634358280e-02,1.084252522881952625e-02,2.460689978878197529e-02,2.894860361417507522e-02,4.406242666040835476e-02,2.306970194789955547e-02,8.420558554329969636e-02,7.784557615583195811e-02,2.291715559727763515e-02,6.215677071110067842e-02,1.674489556442149696e-01,8.710396620511616506e-02,9.984745364937808176e-02,7.770476413987327524e-02,1.932644919033090977e-02,5.714620980990377935e-02
1.604083548462802156e-02,3.063834780567941882e-02,2.211922084017836285e-02,1.052569819291246205e-02,4.785261675662989822e-02,5.394273644684346308e-02,5.855432996949073293e-02,1.276695611358836038e-02,5.794414456700305166e-02,4.037784557615583386e-02,4.903778455761558658e-02,2.824454353438160190e-02,8.069701947899554639e-02,2.491199249002581592e-02,0.000000000000000000e+00,1.940858953297348172e-02,1.352968786669795850e-02,2.950011734334663169e-02,2.808026284909645454e-02,5.491668622389110632e-02,2.257685989204412033e-02,9.980051631072518747e-02,8.250410701713212225e-02,2.978174137526402171e-02,6.640459985918797936e-02,1.520769772353907645e-01,7.823280919971838110e-02,1.207345693499178585e-01,8.594226707345693772e-02,2.255339122271767319e-02,6.753109598685753945e-02,2.486505515137291816e-02,8.425252288195258718e-03,2.614409762966439857e-02,1.297817413752640203e-02,2.748181178127200031e-02,1.199249002581553696e-02,7.955878901666275926e-03,1.967847923022764470e-02,1.298990847218962734e-02,1.966674489556442113e-02,1.080732222482985207e-02,1.945552687162637948e-02,5.855432996949072599e-03,4.036611124149261029e-03,1.506688570758038005e-02,2.846749589298286712e-02,2.860830790894156386e-02,1.446843463975592582e-02,4.575217085191269489e-02,5.936399906125322534e-02,5.526871626378784125e-02,1.509035437690682893e-02,7.156770711100680915e-02,3.643510912931236662e-02,6.457404365172494942e-02,3.884064773527341058e-02,7.862004224360479021e-02,2.952358601267308230e-02,2.319877962919502518e-02,2.330438864116404427e-02,1.179300633654071888e-02,2.635531565360244022e-02,3.209340530391927016e-02,4.875616052569819309e-02,2.657826801220370891e-02,9.210279277164984402e-02,8.669326449190331574e-02,2.547524055386059597e-02,6.658061487913635723e-02,1.857545177188453522e-01,9.434405069232575103e-02,1.082022999295939869e-01,8.462802159117578660e-02,2.132128608307909054e-02,6.269655010560901132e-02
1.095986857545177239e-02,2.113353672846749604e-02,1.520769772353907506e-02,7.322224829852147510e-03,3.493311429241961752e-02,3.792536963154188867e-02,4.261910349683172700e-02,8.929828678713917431e-03,4.159821638113118947e-02,2.871391692091058295e-02,3.475709927247125353e-02,1.959633888758507275e-02,5.809669091762496851e-02,1.801220370804975518e-02,1.940858953297348172e-02,0.000000000000000000e+00,9.739497770476413310e-03,2.109833372447782185e-02,1.967847923022764470e-02,3.905186575921145570e-02,1.586482046467965409e-02,7.037080497535790069e-02,5.742783384182116591e-02,2.069936634592818570e-02,4.765313306735508014e-02,1.051161699131659272e-01,5.555034029570523474e-02,8.651724947195493787e-02,6.162872565125557256e-02,1.618164750058671830e-02,4.681999530626613365e-02,1.818821872799812264e-02,6.101854024876789302e-03,1.815301572400844846e-02,9.293593053273879398e-03,1.983102558084956502e-02,8.671673316122976288e-03,5.538605961042009258e-03,1.437455996245012857e-02,9.422670734569349102e-03,1.391692091058436935e-02,7.568645857779864213e-03,1.442149730110302806e-02,4.353438160056325237e-03,2.874911992490025887e-03,9.938981459751231387e-03,1.986622858483923920e-02,1.978408824219666726e-02,1.034968317296409285e-02,3.270359070640694449e-02,4.213799577563952237e-02,3.954470781506688737e-02,1.058436986622858511e-02,5.124383947430180553e-02,2.644919033090823920e-02,4.618634123445200523e-02,2.756395212391457572e-02,5.611358835954001478e-02,2.139169209105843544e-02,1.505515137291715475e-02,1.659234921379957803e-02,8.307908941563012586e-03,1.892748181178127362e-02,2.248298521473832481e-02,3.442853790190095881e-02,1.789486036141750905e-02,6.528983806618164631e-02,6.051396385824923951e-02,1.758976766017366841e-02,4.791128842994601955e-02,1.297817413752640203e-01,6.763670499882656895e-02,7.748181178127200308e-02,6.031448016897442144e-02,1.513729171555972843e-02,4.440272236564186958e-02
7.556911523116638905e-03,1.489087068763201085e-02,1.051396385824923674e-02,5.116169913165923358e-03,2.470077446608777427e-02,2.653133067355081115e-02,3.018070875381365786e-02,6.266134710161934060e-03,2.901900962215442359e-02,2.013611828209340565e-02,2.431354142220136169e-02,1.382304623327857383e-02,4.074160995071579583e-02,1.275522177892513508e-02,1.352968786669795850e-02,9.739497770476413310e-03,0.000000000000000000e+00,1.484393334897911310e-02,1.368223421731987882e-02,2.710631307204881477e-02,1.108894625674724209e-02,4.944848627082844283e-02,3.986153485097394811e-02,1.442149730110302806e-02,3.347805679417976965e-02,7.343346632245952021e-02,3.848861769537666871e-02,6.064304153954470922e-02,4.292419619807556763e-02,1.132363295001173435e-02,3.271532504107017153e-02,1.268481577094578670e-02,4.224360478760854666e-03,1.272001877493546089e-02,6.465618399436752137e-03,1.397559258390049242e-02,6.090119690213564863e-03,3.860596104200891832e-03,1.007979347570992640e-02,6.629899084721896027e-03,9.774700774466087497e-03,5.292184933114292555e-03,1.015019948368927477e-02,3.062661347101619524e-03,2.006571227411405641e-03,6.970194789955409115e-03,1.384651490260502271e-02,1.385824923726824628e-02,7.275287491199248883e-03,2.309317061722600262e-02,2.919502464210279105e-02,2.791598216381131065e-02,7.333959164515371949e-03,3.569584604552921564e-02,1.891574747711804658e-02,3.231635766252053538e-02,1.947899554095282662e-02,3.935695846045528939e-02,1.504341703825393117e-02,1.043182351560666479e-02,1.166392865524524744e-02,5.890636000938746786e-03,1.325979816944379205e-02,1.567707111006805959e-02,2.383243370100915359e-02,1.256747242431354057e-02,4.554095282797465671e-02,4.220840178361887074e-02,1.226237972306970167e-02,3.353672846749589098e-02,9.061253226942032890e-02,4.713682234217320133e-02,5.444731283736212180e-02,4.205585543299694695e-02,1.052569819291246205e-02,3.103731518422905497e-02
1.675662989908472192e-02,3.252757568645858050e-02,2.311663928655245323e-02,1.118282093405303934e-02,5.295705233513259974e-02,5.851912696550105875e-02,6.514902605022294957e-02,1.368223421731987882e-02,6.383478056794179845e-02,4.382773996714386250e-02,5.293358366580614566e-02,3.023938042712978266e-02,8.960337948838301148e-02,2.742314010795587897e-02,2.950011734334663169e-02,2.109833372447782185e-02,1.484393334897911310e-02,0.000000000000000000e+00,2.982867871391691947e-02,5.980990377845576272e-02,2.420793241023233913e-02,1.083783149495423648e-01,8.731518422905421017e-02,3.163576625205350573e-02,7.297582727059376273e-02,1.616404599859188052e-01,8.514433231635766541e-02,1.324337010091527767e-01,9.474301807087538718e-02,2.464210279277164947e-02,7.179065946960806743e-02,2.773996714386294318e-02,9.305327387937104705e-03,2.776343581318939380e-02,1.422201361182820999e-02,2.996949072987561621e-02,1.321286083079089430e-02,8.331377610889463201e-03,2.208401783618868866e-02,1.437455996245012857e-02,2.125088007509974217e-02,1.158178831260267549e-02,2.189626848157709416e-02,6.676836423374794653e-03,4.353438160056325237e-03,1.500821403426425699e-02,3.043886411640460074e-02,3.029805210044590399e-02,1.587655479934287767e-02,4.968317296409293510e-02,6.472659000234687321e-02,6.056090119690213380e-02,1.612297582727059350e-02,7.833841821168739672e-02,4.038957991081905397e-02,7.055855432996949173e-02,4.243135414222013596e-02,8.607134475475240742e-02,3.238676367049988375e-02,2.296409293593053291e-02,2.539310021121802402e-02,1.276695611358836038e-02,2.886646327153250327e-02,3.425252288195259481e-02,5.237033560197136561e-02,2.729406242666040927e-02,9.998826566533677851e-02,9.239615113823046455e-02,2.677775170147852699e-02,7.338652898380661205e-02,1.990025815536259068e-01,1.032973480403661104e-01,1.184815770945787383e-01,9.238441680356723751e-02,2.309317061722600262e-02,6.796526636939685673e-02
1.545411875146679263e-02,3.038019244308847594e-02,2.203708049753579090e-02,1.033794883830086754e-02,4.907298756160525383e-02,5.406007979347571268e-02,5.989204412109833120e-02,1.283736212156770702e-02,5.901196902135649042e-02,4.084721896268481839e-02,4.953062661347101825e-02,2.752874911992490153e-02,8.199953062661347047e-02,2.552217789251349372e-02,2.808026284909645454e-02,1.967847923022764470e-02,1.368223421731987882e-02,2.982867871391691947e-02,0.000000000000000000e+00,5.545646561839943922e-02,2.257685989204412033e-02,1.003285613705702933e-01,8.244543534381600092e-02,2.934757099272471137e-02,6.767190800281623619e-02,1.493428772588594189e-01,7.917155597277635015e-02,1.224829852147383269e-01,8.733865289838066426e-02,2.316357662520535099e-02,6.675662989908472122e-02,2.504107017132128563e-02,8.425252288195258718e-03,2.544003754987092178e-02,1.294297113353672785e-02,2.800985684111710963e-02,1.213330204177423197e-02,7.826801220370804488e-03,1.985449425017601563e-02,1.300164280685285091e-02,1.942032386763670529e-02,1.061957287021825930e-02,2.027693029805209893e-02,5.925839004928420972e-03,4.048345458812485469e-03,1.422201361182820999e-02,2.843229288899319293e-02,2.842055855432996936e-02,1.453884064773527419e-02,4.612766956113588390e-02,5.957521708519127046e-02,5.592583900492842375e-02,1.492607369162168504e-02,7.270593757333959628e-02,3.735038723304388852e-02,6.550105609011969143e-02,3.865289838066181954e-02,7.952358601267307814e-02,3.026284909645622981e-02,2.164984745364937832e-02,2.329265430650082069e-02,1.180474067120394245e-02,2.687162637878432250e-02,3.210513963858249026e-02,4.906125322694203372e-02,2.554564656183994434e-02,9.292419619807557041e-02,8.590706406946725660e-02,2.501760150199483848e-02,6.782445435343815998e-02,1.836892748181178092e-01,9.563482750528044807e-02,1.102558084956583029e-01,8.594226707345693772e-02,2.148556676836423443e-02,6.270828444027223836e-02
3.089650316827035822e-02,6.017366815301572469e-02,4.332316357662520379e-02,2.048814832199014405e-02,9.701947899554094756e-02,1.077211922084017892e-01,1.190800281624031925e-01,2.520535085660642952e-02,1.176719080028162390e-01,8.048580145505750127e-02,9.750058671673315913e-02,5.515137291715559859e-02,1.639169209105843794e-01,5.019948368927482085e-02,5.491668622389110632e-02,3.905186575921145570e-02,2.710631307204881477e-02,5.980990377845576272e-02,5.545646561839943922e-02,0.000000000000000000e+00,4.443792536963154377e-02,1.996831729640929365e-01,1.616991316592349126e-01,5.855432996949073293e-02,1.346280215911757894e-01,2.988617695376671879e-01,1.573691621685050501e-01,2.426895095048110795e-01,1.740084487209575259e-01,4.508331377610889229e-02,1.328796057263553210e-01,5.024642102792771514e-02,1.696784792302276357e-02,5.120863647031213134e-02,2.620276930298051990e-02,5.503402957052334898e-02,2.391457404365172554e-02,1.559493076742548764e-02,3.961511382304623574e-02,2.634358131893921665e-02,3.868810138465148679e-02,2.115700539779394665e-02,4.028397089885003834e-02,1.194555268716263746e-02,8.061487913635296751e-03,2.800985684111710963e-02,5.648908706876320379e-02,5.651255573808965094e-02,2.894860361417507522e-02,9.119924900258155609e-02,1.192795118516780106e-01,1.108307908941563030e-01,2.971133536728467334e-02,1.447312837362121629e-01,7.338652898380661205e-02,1.296761323632950047e-01,7.741140577329265471e-02,1.574043651724947313e-01,5.969256043182351312e-02,4.305327387937103734e-02,4.664398028631776272e-02,2.311663928655245323e-02,5.291011499647969851e-02,6.340061018540248117e-02,9.714855667683641727e-02,5.061018540248767711e-02,1.846514902605022324e-01,1.707463036845810744e-01,4.946022060549166988e-02,1.348275052804505936e-01,3.667566298990846962e-01,1.908002816240319255e-01,2.182234217319878045e-01,1.708753813658765441e-01,4.301807087538136315e-02,1.250293358366580676e-01
1.274348744426190977e-02,2.445435343816005497e-02,1.746068997887819871e-02,8.472189626848158212e-03,3.959164515371978166e-02,4.374559962450129402e-02,4.875616052569819309e-02,1.026754283032152090e-02,4.727763435813189113e-02,3.306735508096690646e-02,3.976766017366815259e-02,2.292888993194085873e-02,6.659234921379958427e-02,2.035907064069467434e-02,2.257685989204412033e-02,1.586482046467965409e-02,1.108894625674724209e-02,2.420793241023233913e-02,2.257685989204412033e-02,4.443792536963154377e-02,0.000000000000000000e+00,8.116639286552453092e-02,6.613471016193381291e-02,2.404365172494719524e-02,5.472893686927951529e-02,1.215677071110068119e-01,6.301337714151607206e-02,9.877962919502464301e-02,7.017132128608308261e-02,1.842290542126261491e-02,5.414222013611828116e-02,2.069936634592818570e-02,6.876320112649612730e-03,2.081670969256043183e-02,1.057263553156535980e-02,2.252992255339122257e-02,9.798169443792536376e-03,6.324806383478057126e-03,1.653367754048345323e-02,1.067824454353438236e-02,1.591175780333255185e-02,8.765547993428771806e-03,1.608777282328091932e-02,4.928420558554329721e-03,3.285613705702886481e-03,1.157005397793945019e-02,2.296409293593053291e-02,2.275287491199249126e-02,1.196902135648908634e-02,3.735038723304388852e-02,4.819291246186341304e-02,4.549401548932175549e-02,1.206289603379488359e-02,5.860126730814362722e-02,3.028631776578268042e-02,5.279277164984745585e-02,3.191739028397089922e-02,6.469138699835719208e-02,2.419619807556911556e-02,1.741375264022530095e-02,1.895095048110772076e-02,9.598685754517718299e-03,2.160291011499648056e-02,2.551044355785027015e-02,3.914574043651725122e-02,2.062896033794883732e-02,7.463036845810842868e-02,6.899788781976061436e-02,2.039427364468434506e-02,5.483454588124853091e-02,1.491316592349213876e-01,7.674254869748885211e-02,8.867636704998826946e-02,6.916216850504576519e-02,1.727294062426660420e-02,5.082140342642572223e-02
