0.000000000000000000e+00,1.570809248554913204e-02,8.916184971098266646e-03,5.838150289017340726e-03,2.049132947976878630e-02,3.143063583815029066e-02,3.407514450867051709e-02,9.147398843930636472e-03,3.812138728323699599e-02,2.317919075144508553e-02,2.768786127167630062e-02,1.920520231213872914e-02,4.943641618497109785e-02,1.089595375722543329e-02,1.530346820809248484e-02,1.231213872832370021e-02,8.439306358381502143e-03,1.684971098265895806e-02,1.653179190751444955e-02,3.395953757225433217e-02,1.617052023121387169e-02,5.167630057803468402e-02,5.060693641618497357e-02,1.829479768786127294e-02,3.710982658959537800e-02,8.628612716763005286e-02,5.015895953757225356e-02,7.147398843930635737e-02,4.562138728323699571e-02,1.060693641618497100e-02,3.778901734104046090e-02,1.400289017341040457e-02,8.872832369942197303e-03,1.960982658959537633e-02,1.011560693641618512e-02,1.341040462427745689e-02,4.682080924855491592e-03,4.710982658959537821e-03,1.343930635838150311e-02,1.070809248554913280e-02,1.505780346820809190e-02,9.797687861271676610e-03,1.184971098265895882e-02,3.482658959537572249e-03,4.291907514450866643e-03,1.076589595375722526e-02,1.982658959537572305e-02,1.830924855491329606e-02,7.586705202312138407e-03,2.001445086705202353e-02,3.213872832369941979e-02,3.855491329479768942e-02,1.070809248554913280e-02,4.294797687861271612e-02,2.449421965317919239e-02,3.304913294797687945e-02,2.453757225433526173e-02,5.446531791907514158e-02,1.351156069364161869e-02,1.473988439306358339e-02,9.537572254335260555e-03,7.586705202312138407e-03,1.437861271676300554e-02,2.000000000000000042e-02,2.856936416184971059e-02,1.929190751445086782e-02,5.251445086705202464e-02,5.960982658959537717e-02,1.336705202312138754e-02,3.663294797687861176e-02,1.090462427745664681e-01,5.563583815028901730e-02,7.093930635838149867e-02,3.900289017341040249e-02,1.033236994219653183e-02,3.609826589595376001e-02
1.570809248554913204e-02,0.000000000000000000e+00,1.502890173410404567e-02,1.020231213872832381e-02,3.567919075144508623e-02,5.471098265895953799e-02,5.999999999999999778e-02,1.494219653179190699e-02,6.713872832369942312e-02,4.118497109826589619e-02,4.802023121387283267e-02,3.226878612716763128e-02,8.722543352601155875e-02,1.884393063583815128e-02,2.465317919075144665e-02,2.179190751445086657e-02,1.499999999999999944e-02,2.956647398843930546e-02,2.789017341040462422e-02,5.888728323699422146e-02,2.638728323699422035e-02,8.865606936416184358e-02,8.517341040462428348e-02,2.937861271676300498e-02,6.478323699421965898e-02,1.462283236994219582e-01,8.712427745664740042e-02,1.238872832369942167e-01,7.994219653179190921e-02,1.800578034682081066e-02,6.476878612716763239e-02,2.433526011560693814e-02,1.588150289017340941e-02,3.381502890173410103e-02,1.754335260115607101e-02,2.375722543352601010e-02,8.150289017341039860e-03,8.236994219653178545e-03,2.315028901734103930e-02,1.893063583815028997e-02,2.609826589595375806e-02,1.658959537572254200e-02,2.092485549132947972e-02,6.329479768786127475e-03,7.312138728323699238e-03,1.682080924855491183e-02,3.495664739884393052e-02,3.135838150289017162e-02,1.342485549132948000e-02,3.511560693641618824e-02,5.596820809248555240e-02,6.723988439306358145e-02,1.838150289017341163e-02,7.526011560693642022e-02,4.287572254335260402e-02,5.738439306358381758e-02,4.011560693641618575e-02,9.456647398843930075e-02,2.365606936416184830e-02,2.397398843930635681e-02,1.689306358381502740e-02,1.335260115606936443e-02,2.521676300578034810e-02,3.417630057803468235e-02,4.927745664739884707e-02,3.254335260115606698e-02,9.180635838150288941e-02,1.007080924855491277e-01,2.154624277456647363e-02,6.507225433526012126e-02,1.852745664739884335e-01,9.554913294797687251e-02,1.227890173410404601e-01,6.812138728323699488e-02,1.763005780346820969e-02,6.235549132947976886e-02
8.916184971098266646e-03,1.502890173410404567e-02,0.000000000000000000e+00,5.722543352601155812e-03,1.988439306358381550e-02,3.036127167630057674e-02,3.317919075144508401e-02,8.323699421965317230e-03,3.710982658959537800e-02,2.218208092485549066e-02,2.647398843930635903e-02,1.767341040462427904e-02,4.823699421965317591e-02,1.041907514450867052e-02,1.378612716763005785e-02,1.196531791907514373e-02,8.164739884393062974e-03,1.628612716763005661e-02,1.549132947976878533e-02,3.241329479768786243e-02,1.458092485549132913e-02,4.911849710982658934e-02,4.760115606936415888e-02,1.648843930635838020e-02,3.576589595375722491e-02,8.102601156069363930e-02,4.806358381502889854e-02,6.830924855491329883e-02,4.391618497109826824e-02,9.956647398843930866e-03,3.596820809248554851e-02,1.329479768786127197e-02,8.771676300578035504e-03,1.903179190751445177e-02,9.942196531791907751e-03,1.303468208092485592e-02,4.494219653179191108e-03,4.508670520231214222e-03,1.267341040462427806e-02,1.059248554913294789e-02,1.466763005780346782e-02,9.494219653179191212e-03,1.174855491329479702e-02,3.439306358381502907e-03,4.089595375722543044e-03,9.566473988439306783e-03,1.924855491329479848e-02,1.748554913294797855e-02,7.528901734104045951e-03,1.963872832369942256e-02,3.106936416184970934e-02,3.725433526011560914e-02,1.017341040462427758e-02,4.154624277456647058e-02,2.354046242774566339e-02,3.171965317919075295e-02,2.206647398843930574e-02,5.242774566473988596e-02,1.310693641618497149e-02,1.332369942196531820e-02,9.364161849710983185e-03,7.341040462427745467e-03,1.387283236994219654e-02,1.897398843930635931e-02,2.726878612716763031e-02,1.794797687861271820e-02,5.060693641618497357e-02,5.630057803468208055e-02,1.215317919075144595e-02,3.570809248554913246e-02,1.020520231213872808e-01,5.255780346820809051e-02,6.809248554913294171e-02,3.739884393063584028e-02,9.667630057803468582e-03,3.476878612716763350e-02
5.838150289017340726e-03,1.020231213872832381e-02,5.722543352601155812e-03,0.000000000000000000e+00,1.341040462427745689e-02,2.044797687861271696e-02,2.264450867052023031e-02,5.592485549132947785e-03,2.486994219653179336e-02,1.533236994219653107e-02,1.812138728323699557e-02,1.208092485549132865e-02,3.296242774566474076e-02,6.950867052023121384e-03,9.118497109826590244e-03,8.164739884393062974e-03,5.621387283236994013e-03,1.111271676300578000e-02,1.049132947976878609e-02,2.169075144508670477e-02,9.898843930635838409e-03,3.287572254335260208e-02,3.182080924855491127e-02,1.108381502890173377e-02,2.429190751445086532e-02,5.497109826589595405e-02,3.218208092485549260e-02,4.621387283236993992e-02,2.966763005780346726e-02,6.546242774566474187e-03,2.446531791907514616e-02,9.364161849710983185e-03,6.098265895953757648e-03,1.302023121387283280e-02,6.878612716763005813e-03,8.786127167630058618e-03,3.049132947976878824e-03,3.106936416184971281e-03,8.901734104046243531e-03,7.239884393063583667e-03,1.004335260115606955e-02,6.430635838150289274e-03,7.789017341040462006e-03,2.413294797687861367e-03,2.745664739884392993e-03,6.372832369942196817e-03,1.306358381502890215e-02,1.196531791907514373e-02,5.274566473988439273e-03,1.335260115606936443e-02,2.105491329479768775e-02,2.541907514450867170e-02,6.950867052023121384e-03,2.819364161849710962e-02,1.619942196531791792e-02,2.164739884393063543e-02,1.521676300578034616e-02,3.565028901734104000e-02,8.829479768786127961e-03,9.118497109826590244e-03,6.329479768786127475e-03,4.971098265895953876e-03,9.364161849710983185e-03,1.294797687861271723e-02,1.829479768786127294e-02,1.241329479768786201e-02,3.430635838150288691e-02,3.825144508670520055e-02,8.251445086705201659e-03,2.429190751445086532e-02,6.995664739884392691e-02,3.591040462427745605e-02,4.599710982658959668e-02,2.530346820809248679e-02,6.445086705202312388e-03,2.352601156069364027e-02
2.049132947976878630e-02,3.567919075144508623e-02,1.988439306358381550e-02,1.341040462427745689e-02,0.000000000000000000e+00,7.093930635838149867e-02,7.894508670520231086e-02,1.968208092485549190e-02,8.712427745664740042e-02,5.478323699421965010e-02,6.322254335260116265e-02,4.294797687861271612e-02,1.146242774566473971e-01,2.476878612716763156e-02,3.156069364161849522e-02,2.848265895953757190e-02,1.986994219653179239e-02,3.851156069364161660e-02,3.669075144508670422e-02,7.606936416184971461e-02,3.479768786127167973e-02,1.146387283236994237e-01,1.109248554913294799e-01,3.819364161849710809e-02,8.485549132947976803e-02,1.908236994219653093e-01,1.127312138728323726e-01,1.620086705202312127e-01,1.033381502890173415e-01,2.356936416184970962e-02,8.494219653179191365e-02,3.209537572254335391e-02,2.109826589595375709e-02,4.510115606936416360e-02,2.342485549132947847e-02,3.144508670520231031e-02,1.065028901734104035e-02,1.082369942196531772e-02,3.040462427745664609e-02,2.521676300578034810e-02,3.472543352601156069e-02,2.215317919075144443e-02,2.787572254335260111e-02,8.294797687861271002e-03,9.653179190751445468e-03,2.197976878612716706e-02,4.550578034682081080e-02,4.085260115606936110e-02,1.799132947976878755e-02,4.692196531791907599e-02,7.316473988439306519e-02,8.914739884393063640e-02,2.434971098265896125e-02,9.833815028901733701e-02,5.745664739884392969e-02,7.612716763005780707e-02,5.297687861271676429e-02,1.242485549132947981e-01,3.141618497109826408e-02,3.063583815028901591e-02,2.226878612716762934e-02,1.760115606936416346e-02,3.277456647398843681e-02,4.513005780346820983e-02,6.329479768786126781e-02,4.309248554913294726e-02,1.188150289017341071e-01,1.311849710982659067e-01,2.823699421965317896e-02,8.437861271676300179e-02,2.393497109826589475e-01,1.238005780346820850e-01,1.617341040462427770e-01,8.829479768786127614e-02,2.281791907514450768e-02,8.174855491329480195e-02
3.143063583815029066e-02,5.471098265895953799e-02,3.036127167630057674e-02,2.044797687861271696e-02,7.093930635838149867e-02,0.000000000000000000e+00,1.196387283236994281e-01,2.982658959537572152e-02,1.337138728323699344e-01,8.111271676300578493e-02,9.484104046242775032e-02,6.368497109826590230e-02,1.729913294797687795e-01,3.767341040462427598e-02,4.934971098265895917e-02,4.346820809248554823e-02,2.973988439306358283e-02,5.877167630057803654e-02,5.552023121387283239e-02,1.168786127167630029e-01,5.231213872832370104e-02,1.769653179190751324e-01,1.711271676300578082e-01,5.940751445086705357e-02,1.290317919075144593e-01,2.922254335260115465e-01,1.735549132947976914e-01,2.458092485549132900e-01,1.587427745664739820e-01,3.582369942196531737e-02,1.290895953757225378e-01,4.868497109826589592e-02,3.151734104046242935e-02,6.754335260115607031e-02,3.524566473988439280e-02,4.742774566473988151e-02,1.634393063583814906e-02,1.645953757225433398e-02,4.592485549132947764e-02,3.777456647398844125e-02,5.206647398843930463e-02,3.335260115606936138e-02,4.193641618497109813e-02,1.260115606936416249e-02,1.469653179190751405e-02,3.380057803468208139e-02,6.921965317919075156e-02,6.264450867052023808e-02,2.702312138728323737e-02,6.966763005780346463e-02,1.119219653179190782e-01,1.336271676300578026e-01,3.634393063583814948e-02,1.500289017341040476e-01,8.484104046242774144e-02,1.139884393063583801e-01,7.940751445086705052e-02,1.878901734104046206e-01,4.696531791907514186e-02,4.793352601156069398e-02,3.351156069364161910e-02,2.637283236994219723e-02,5.002890173410404900e-02,6.791907514450866434e-02,9.859826589595376001e-02,6.420520231213873441e-02,1.828034682080924844e-01,2.020375722543352737e-01,4.367052023121387183e-02,1.296676300578034624e-01,3.691907514450867289e-01,1.903179190751445038e-01,2.447109826589595472e-01,1.361271676300578048e-01,3.517341040462428070e-02,1.243208092485549171e-01
3.407514450867051709e-02,5.999999999999999778e-02,3.317919075144508401e-02,2.264450867052023031e-02,7.894508670520231086e-02,1.196387283236994281e-01,0.000000000000000000e+00,3.296242774566474076e-02,1.466907514450866978e-01,9.108381502890174064e-02,1.063005780346820833e-01,7.130057803468208000e-02,1.917052023121387228e-01,4.135838150289017356e-02,5.332369942196531903e-02,4.777456647398843625e-02,3.299132947976878699e-02,6.460982658959538161e-02,6.134393063583815087e-02,1.271098265895953816e-01,5.799132947976878838e-02,1.924710982658959513e-01,1.860549132947976747e-01,6.450867052023120940e-02,1.423265895953757243e-01,3.210549132947976836e-01,1.884393063583814920e-01,2.707803468208092590e-01,1.729913294797687795e-01,3.882947976878612512e-02,1.425144508670520282e-01,5.404624277456647474e-02,3.536127167630057772e-02,7.533236994219652538e-02,3.926300578034681854e-02,5.265895953757225578e-02,1.806358381502890312e-02,1.800578034682081066e-02,5.151734104046242629e-02,4.238439306358381814e-02,5.826589595375722408e-02,3.721098265895953633e-02,4.648843930635838256e-02,1.407514450867052014e-02,1.624277456647398726e-02,3.673410404624277703e-02,7.651734104046242768e-02,6.855491329479768137e-02,3.026011560693641494e-02,7.836705202312138629e-02,1.230491329479768831e-01,1.493352601156069381e-01,4.054913294797687917e-02,1.646965317919075189e-01,9.527456647398843681e-02,1.269797687861271562e-01,8.816473988439306464e-02,2.085549132947976947e-01,5.232658959537572069e-02,5.186416184971098103e-02,3.713872832369942423e-02,2.955202312138728235e-02,5.507225433526011238e-02,7.533236994219652538e-02,1.060115606936416210e-01,7.210982658959537439e-02,1.992052023121387294e-01,2.206358381502890043e-01,4.738439306358381564e-02,1.417196531791907466e-01,4.031502890173410680e-01,2.080635838150289019e-01,2.695664739884393035e-01,1.482803468208092612e-01,3.791907514450867239e-02,1.370664739884392969e-01
9.147398843930636472e-03,1.494219653179190699e-02,8.323699421965317230e-03,5.592485549132947785e-03,1.968208092485549190e-02,2.982658959537572152e-02,3.296242774566474076e-02,0.000000000000000000e+00,3.671965317919075045e-02,2.257225433526011474e-02,2.673410404624277509e-02,1.845375722543352720e-02,4.757225433526011266e-02,1.044797687861271675e-02,1.426300578034682062e-02,1.189306358381502816e-02,8.222543352601155431e-03,1.605491329479768678e-02,1.559248554913294713e-02,3.226878612716763128e-02,1.530346820809248484e-02,4.838150289017340705e-02,4.754335260115606643e-02,1.700867052023121231e-02,3.540462427745665053e-02,8.174855491329480195e-02,4.742774566473988151e-02,6.806358381502890242e-02,4.336705202312138990e-02,9.841040462427745952e-03,3.585260115606936360e-02,1.319364161849711017e-02,8.786127167630058618e-03,1.906069364161849800e-02,9.653179190751445468e-03,1.302023121387283280e-02,4.436416184971098652e-03,4.494219653179191108e-03,1.263005780346820872e-02,1.053468208092485543e-02,1.450867052023121356e-02,9.190751445086705815e-03,1.161849710982658899e-02,3.468208092485549135e-03,4.132947976878612387e-03,1.004335260115606955e-02,1.913294797687861357e-02,1.715317919075144346e-02,7.471098265895953494e-03,1.939306358381502962e-02,3.086705202312138574e-02,3.715317919075144387e-02,1.027456647398843938e-02,4.088150289017340733e-02,2.369942196531791764e-02,3.166184971098266049e-02,2.315028901734103930e-02,5.209537572254335086e-02,1.307803468208092526e-02,1.362716763005780360e-02,9.291907514450867614e-03,7.384393063583814809e-03,1.375722543352601163e-02,1.904624277456647488e-02,2.674855491329479820e-02,1.861271676300578146e-02,4.984104046242774505e-02,5.611271676300578354e-02,1.250000000000000069e-02,3.497109826589595710e-02,1.028179190751445093e-01,5.258670520231213674e-02,6.755780346820809690e-02,3.703757225433525896e-02,9.537572254335260555e-03,3.447976878612716428e-02
3.812138728323699599e-02,6.713872832369942312e-02,3.710982658959537800e-02,2.486994219653179336e-02,8.712427745664740042e-02,1.337138728323699344e-01,1.466907514450866978e-01,3.671965317919075045e-02,0.000000000000000000e+00,1.001156069364161905e-01,1.165751445086705140e-01,7.829479768786126725e-02,2.118930635838150167e-01,4.645953757225433634e-02,6.052023121387282989e-02,5.338150289017341149e-02,3.661849710982659212e-02,7.232658959537571763e-02,6.802023121387283655e-02,1.439739884393063662e-01,6.411849710982658879e-02,2.179624277456647385e-01,2.094653179190751335e-01,7.226878612716762518e-02,1.582369942196531765e-01,3.580346820809248709e-01,2.134682080924855396e-01,3.019075144508670538e-01,1.945664739884393202e-01,4.433526011560693508e-02,1.586560693641618502e-01,5.890173410404624110e-02,3.852601156069364319e-02,8.316473988439306020e-02,4.300578034682080858e-02,5.842485549132948180e-02,1.982658959537572305e-02,2.013005780346820844e-02,5.563583815028901730e-02,4.650289017341040221e-02,6.395953757225433800e-02,4.065028901734103750e-02,5.145953757225433384e-02,1.517341040462427681e-02,1.819364161849711115e-02,4.093930635838149978e-02,8.527456647398844181e-02,7.634393063583815031e-02,3.280346820809248304e-02,8.547687861271675847e-02,1.377312138728323809e-01,1.638728323699421840e-01,4.481213872832370132e-02,1.847976878612716811e-01,1.046098265895953755e-01,1.398554913294797752e-01,9.696531791907514464e-02,2.303323699421965243e-01,5.742774566473988346e-02,5.812138728323699294e-02,4.114161849710982338e-02,3.257225433526011321e-02,6.143063583815028955e-02,8.317919075144508678e-02,1.205780346820809201e-01,7.823699421965317480e-02,2.245664739884393191e-01,2.459971098265895939e-01,5.326589595375722658e-02,1.586705202312138629e-01,4.501589595375722341e-01,2.332369942196531876e-01,3.009971098265896150e-01,1.672543352601155997e-01,4.325144508670520499e-02,1.524855491329479840e-01
2.317919075144508553e-02,4.118497109826589619e-02,2.218208092485549066e-02,1.533236994219653107e-02,5.478323699421965010e-02,8.111271676300578493e-02,9.108381502890174064e-02,2.257225433526011474e-02,1.001156069364161905e-01,0.000000000000000000e+00,7.252890173410404817e-02,4.917630057803468180e-02,1.308236994219653115e-01,2.907514450867051958e-02,3.632947976878612983e-02,3.286127167630057549e-02,2.236994219653179114e-02,4.455202312138728526e-02,4.160404624277456304e-02,8.800578034682081385e-02,4.002890173410404706e-02,1.319942196531792011e-01,1.269508670520231308e-01,4.387283236994219543e-02,9.712427745664739542e-02,2.189595375722543369e-01,1.295231213872832243e-01,1.859826589595375834e-01,1.189739884393063579e-01,2.713872832369942228e-02,9.645953757225433911e-02,3.643063583815028816e-02,2.387283236994219501e-02,5.101156069364162077e-02,2.622832369942196609e-02,3.661849710982659212e-02,1.229768786127167710e-02,1.218208092485549218e-02,3.472543352601156069e-02,2.907514450867051958e-02,3.942196531791907627e-02,2.481213872832370090e-02,3.196531791907514242e-02,9.580924855491329897e-03,1.101156069364161820e-02,2.524566473988439433e-02,5.238439306358381314e-02,4.624277456647398615e-02,2.050578034682080941e-02,5.354046242774566228e-02,8.274566473988438642e-02,1.022687861271676241e-01,2.752890173410404637e-02,1.121965317919075139e-01,6.592485549132948153e-02,8.650289017341040998e-02,6.114161849710982727e-02,1.429624277456647274e-01,3.609826589595376001e-02,3.505780346820809579e-02,2.534682080924855613e-02,2.015895953757225467e-02,3.786127167630057994e-02,5.143063583815028761e-02,7.212427745664740097e-02,4.936416184971098575e-02,1.352890173410404573e-01,1.498843930635838095e-01,3.223988439306358506e-02,9.729768786127167279e-02,2.748988439306358500e-01,1.420086705202312227e-01,1.865317919075144548e-01,1.016907514450866995e-01,2.650289017341040526e-02,9.349710982658959724e-02
2.768786127167630062e-02,4.802023121387283267e-02,2.647398843930635903e-02,1.812138728323699557e-02,6.322254335260116265e-02,9.484104046242775032e-02,1.063005780346820833e-01,2.673410404624277509e-02,1.165751445086705140e-01,7.252890173410404817e-02,0.000000000000000000e+00,5.750000000000000250e-02,1.529913294797687895e-01,3.359826589595375779e-02,4.342485549132948236e-02,3.820809248554913468e-02,2.628612716763005855e-02,5.170520231213873025e-02,4.924855491329480084e-02,1.023410404624277431e-01,4.710982658959537300e-02,1.543497109826589553e-01,1.493786127167630040e-01,5.209537572254335086e-02,1.137138728323699444e-01,2.582225433526011416e-01,1.509682080924855396e-01,2.167774566473988362e-01,1.381213872832370015e-01,3.132947976878612539e-02,1.143786127167630007e-01,4.261560693641618797e-02,2.829479768786127142e-02,6.076589595375722630e-02,3.115606936416184802e-02,4.242774566473988401e-02,1.447976878612716733e-02,1.430635838150288996e-02,4.017341040462427820e-02,3.406069364161849744e-02,4.651734104046242879e-02,2.932080924855491252e-02,3.709537572254335142e-02,1.111271676300578000e-02,1.304913294797687903e-02,2.994219653179190643e-02,6.121387283236993937e-02,5.459537572254335308e-02,2.410404624277456484e-02,6.218208092485549149e-02,9.819364161849711281e-02,1.191907514450867012e-01,3.257225433526011321e-02,1.318641618497109758e-01,7.614161849710981977e-02,1.014739884393063563e-01,7.122832369942196096e-02,1.666763005780346751e-01,4.180635838150289357e-02,4.169075144508670866e-02,2.991329479768786020e-02,2.365606936416184830e-02,4.411849710982659184e-02,6.050578034682081024e-02,8.557803468208093067e-02,5.783236994219653065e-02,1.596676300578034613e-01,1.766907514450866967e-01,3.828034682080924678e-02,1.127890173410404651e-01,3.234682080924855541e-01,1.666040462427745561e-01,2.167052023121387172e-01,1.185549132947976841e-01,3.065028901734103903e-02,1.100867052023121323e-01
1.920520231213872914e-02,3.226878612716763128e-02,1.767341040462427904e-02,1.208092485549132865e-02,4.294797687861271612e-02,6.368497109826590230e-02,7.130057803468208000e-02,1.845375722543352720e-02,7.829479768786126725e-02,4.917630057803468180e-02,5.750000000000000250e-02,0.000000000000000000e+00,1.027745664739884435e-01,2.274566473988439211e-02,2.986994219653179086e-02,2.553468208092485661e-02,1.781791907514451018e-02,3.489884393063583806e-02,3.317919075144508401e-02,6.895953757225432856e-02,3.261560693641618602e-02,1.032658959537572224e-01,1.012861271676300523e-01,3.569364161849711281e-02,7.637283236994218960e-02,1.744364161849711048e-01,1.015751445086705146e-01,1.467630057803468169e-01,9.283236994219652705e-02,2.125722543352601135e-02,7.676300578034682409e-02,2.882947976878612664e-02,1.895953757225433620e-02,4.092485549132948014e-02,2.085260115606936415e-02,2.852601156069364124e-02,9.710982658959537925e-03,9.552023121387283669e-03,2.758670520231213882e-02,2.284682080924855391e-02,3.140173410404624443e-02,1.994219653179190796e-02,2.510115606936416319e-02,7.601156069364161522e-03,8.786127167630058618e-03,2.111271676300578021e-02,4.109826589595375751e-02,3.670520231213873080e-02,1.631502890173410283e-02,4.225433526011560664e-02,6.552023121387283433e-02,8.079479768786126948e-02,2.206647398843930574e-02,8.797687861271676069e-02,5.186416184971098103e-02,6.832369942196531154e-02,4.984104046242774505e-02,1.128034682080924916e-01,2.848265895953757190e-02,2.854046242774566436e-02,1.997109826589595419e-02,1.588150289017340941e-02,2.955202312138728235e-02,4.088150289017340733e-02,5.684971098265895889e-02,3.995664739884392802e-02,1.062861271676300567e-01,1.193497109826589658e-01,2.619942196531791986e-02,7.528901734104045951e-02,2.194364161849710892e-01,1.122398843930635798e-01,1.463150289017341177e-01,7.958092485549132789e-02,2.070809248554913301e-02,7.391618497109826713e-02
4.943641618497109785e-02,8.722543352601155875e-02,4.823699421965317591e-02,3.296242774566474076e-02,1.146242774566473971e-01,1.729913294797687795e-01,1.917052023121387228e-01,4.757225433526011266e-02,2.118930635838150167e-01,1.308236994219653115e-01,1.529913294797687895e-01,1.027745664739884435e-01,0.000000000000000000e+00,6.039017341040462533e-02,7.768786127167630340e-02,6.975433526011561025e-02,4.760115606936415888e-02,9.433526011560693092e-02,8.859826589595375113e-02,1.856213872832369882e-01,8.407514450867052680e-02,2.813583815028901647e-01,2.702890173410404384e-01,9.356936416184971628e-02,2.060115606936416266e-01,4.643930635838150467e-01,2.744653179190751358e-01,3.928034682080924767e-01,2.525433526011560681e-01,5.742774566473988346e-02,2.062138728323699433e-01,7.768786127167630340e-02,5.046242774566474243e-02,1.082803468208092534e-01,5.635838150289017301e-02,7.615606936416184636e-02,2.609826589595375806e-02,2.619942196531791986e-02,7.393063583815029371e-02,6.098265895953756954e-02,8.359826589595376056e-02,5.335260115606936526e-02,6.670520231213872275e-02,2.021676300578034713e-02,2.348265895953757093e-02,5.365606936416184719e-02,1.105491329479768720e-01,9.952312138728323931e-02,4.343930635838150200e-02,1.121965317919075139e-01,1.770953757225433578e-01,2.150433526011560625e-01,5.852601156069364013e-02,2.386416184971098253e-01,1.376156069364161960e-01,1.829190751445086693e-01,1.278757225433526101e-01,3.010982658959537317e-01,7.520231213872832776e-02,7.549132947976879005e-02,5.367052023121387377e-02,4.261560693641618797e-02,8.014450867052022587e-02,1.092485549132947986e-01,1.551300578034681965e-01,1.041184971098265827e-01,2.892919075144508856e-01,3.211271676300578304e-01,6.920520231213872497e-02,2.066618497109826702e-01,5.868352601156069381e-01,3.023699421965317935e-01,3.920809248554913418e-01,2.156069364161849744e-01,5.592485549132947958e-02,1.987138728323699366e-01
1.089595375722543329e-02,1.884393063583815128e-02,1.041907514450867052e-02,6.950867052023121384e-03,2.476878612716763156e-02,3.767341040462427598e-02,4.135838150289017356e-02,1.044797687861271675e-02,4.645953757225433634e-02,2.907514450867051958e-02,3.359826589595375779e-02,2.274566473988439211e-02,6.039017341040462533e-02,0.000000000000000000e+00,1.697976878612716609e-02,1.514450867052023059e-02,1.053468208092485543e-02,2.054913294797687875e-02,1.945086705202312208e-02,4.108381502890173093e-02,1.845375722543352720e-02,6.153179190751444788e-02,5.898843930635837979e-02,2.040462427745664761e-02,4.508670520231213702e-02,1.009682080924855507e-01,6.062138728323699516e-02,8.670520231213872664e-02,5.527456647398843598e-02,1.278901734104046298e-02,4.505780346820809079e-02,1.656069364161849577e-02,1.117052023121387246e-02,2.364161849710982519e-02,1.219653179190751530e-02,1.637283236994219529e-02,5.664739884393063356e-03,5.765895953757225155e-03,1.580924855491329384e-02,1.317919075144508706e-02,1.832369942196531917e-02,1.158959537572254277e-02,1.482658959537572207e-02,4.378612716763006195e-03,5.086705202312138789e-03,1.176300578034682014e-02,2.380057803468207944e-02,2.179190751445086657e-02,9.263005780346821386e-03,2.434971098265896125e-02,3.877167630057803266e-02,4.663294797687861371e-02,1.294797687861271723e-02,5.221098265895953577e-02,3.031791907514450740e-02,3.998554913294797425e-02,2.810693641618497093e-02,6.559248554913295337e-02,1.660404624277456512e-02,1.647398843930635709e-02,1.173410404624277391e-02,9.219653179190752043e-03,1.728323699421965148e-02,2.401734104046242615e-02,3.414739884393063613e-02,2.271676300578034588e-02,6.325144508670520194e-02,6.969653179190751779e-02,1.502890173410404567e-02,4.463872832369942395e-02,1.276011560693641744e-01,6.615606936416185135e-02,8.556358381502890409e-02,4.697976878612716845e-02,1.236994219653179267e-02,4.319364161849711253e-02
1.530346820809248484e-02,2.465317919075144665e-02,1.378612716763005785e-02,9.118497109826590244e-03,3.156069364161849522e-02,4.934971098265895917e-02,5.332369942196531903e-02,1.426300578034682062e-02,6.052023121387282989e-02,3.632947976878612983e-02,4.342485549132948236e-02,2.986994219653179086e-02,7.768786127167630340e-02,1.697976878612716609e-02,0.000000000000000000e+00,1.940751445086705274e-02,1.330924855491329509e-02,2.637283236994219723e-02,2.580924855491329578e-02,5.380057803468207833e-02,2.492774566473988582e-02,8.093930635838150756e-02,7.929190751445086560e-02,2.820809248554913273e-02,5.833815028901734312e-02,1.354624277456647485e-01,7.920520231213873386e-02,1.117630057803468274e-01,7.166184971098266132e-02,1.604046242774566366e-02,5.916184971098265716e-02,2.145953757225433495e-02,1.432080924855491308e-02,3.140173410404624443e-02,1.579479768786127072e-02,2.102601156069364152e-02,7.239884393063583667e-03,7.485549132947976608e-03,2.036127167630057827e-02,1.708092485549132789e-02,2.394508670520231058e-02,1.521676300578034616e-02,1.884393063583815128e-02,5.563583815028901557e-03,6.806358381502890242e-03,1.683526011560693494e-02,3.144508670520231031e-02,2.839595375722543322e-02,1.200867052023121308e-02,3.106936416184970934e-02,5.115606936416185191e-02,6.011560693641618269e-02,1.693641618497109674e-02,6.806358381502890242e-02,3.802023121387283072e-02,5.163294797687861121e-02,3.761560693641618353e-02,8.507225433526011127e-02,2.121387283236994201e-02,2.267341040462427654e-02,1.520231213872832304e-02,1.189306358381502816e-02,2.263005780346820719e-02,3.118497109826589425e-02,4.528901734104046062e-02,3.004335260115606823e-02,8.348265895953757565e-02,9.303468208092485758e-02,2.078034682080924858e-02,5.760115606936416083e-02,1.709248554913294915e-01,8.697976878612716234e-02,1.102023121387283172e-01,6.143063583815028955e-02,1.591040462427745564e-02,5.702312138728323626e-02
1.231213872832370021e-02,2.179190751445086657e-02,1.196531791907514373e-02,8.164739884393062974e-03,2.848265895953757190e-02,4.346820809248554823e-02,4.777456647398843625e-02,1.189306358381502816e-02,5.338150289017341149e-02,3.286127167630057549e-02,3.820809248554913468e-02,2.553468208092485661e-02,6.975433526011561025e-02,1.514450867052023059e-02,1.940751445086705274e-02,0.000000000000000000e+00,1.197976878612716685e-02,2.317919075144508553e-02,2.209537572254335197e-02,4.684971098265895695e-02,2.093930635838150284e-02,7.010115606936416499e-02,6.778901734104046672e-02,2.328034682080924733e-02,5.160404624277456498e-02,1.161705202312138668e-01,6.933526011560693647e-02,9.894508670520231475e-02,6.356936416184971739e-02,1.439306358381502865e-02,5.114161849710982533e-02,1.949421965317919142e-02,1.267341040462427806e-02,2.699421965317919114e-02,1.403179190751445080e-02,1.911849710982659045e-02,6.575144508670520416e-03,6.531791907514451073e-03,1.848265895953757343e-02,1.511560693641618436e-02,2.075144508670520235e-02,1.319364161849711017e-02,1.682080924855491183e-02,5.057803468208092561e-03,5.852601156069363840e-03,1.335260115606936443e-02,2.770231213872832374e-02,2.478323699421965468e-02,1.082369942196531772e-02,2.796242774566473979e-02,4.465317919075144359e-02,5.382947976878612456e-02,1.459537572254335225e-02,6.001445086705202436e-02,3.439306358381502560e-02,4.582369942196531931e-02,3.183526011560693786e-02,7.550578034682080275e-02,1.893063583815028997e-02,1.881502890173410505e-02,1.352601156069364180e-02,1.065028901734104035e-02,2.004335260115606976e-02,2.725433526011560720e-02,3.910404624277456775e-02,2.578034682080924955e-02,7.277456647398844458e-02,7.992774566473988263e-02,1.708092485549132789e-02,5.157514450867051875e-02,1.460549132947976947e-01,7.570809248554913329e-02,9.838150289017341676e-02,5.427745664739884457e-02,1.420520231213872817e-02,4.960982658959537522e-02
8.439306358381502143e-03,1.499999999999999944e-02,8.164739884393062974e-03,5.621387283236994013e-03,1.986994219653179239e-02,2.973988439306358283e-02,3.299132947976878699e-02,8.222543352601155431e-03,3.661849710982659212e-02,2.236994219653179114e-02,2.628612716763005855e-02,1.781791907514451018e-02,4.760115606936415888e-02,1.053468208092485543e-02,1.330924855491329509e-02,1.197976878612716685e-02,0.000000000000000000e+00,1.608381502890173301e-02,1.514450867052023059e-02,3.197976878612716900e-02,1.450867052023121356e-02,4.825144508670520249e-02,4.643063583815029011e-02,1.608381502890173301e-02,3.549132947976878921e-02,7.969653179190751280e-02,4.751445086705202020e-02,6.760115606936416277e-02,4.342485549132948236e-02,9.913294797687861523e-03,3.508670520231214202e-02,1.332369942196531820e-02,8.670520231213871970e-03,1.845375722543352720e-02,9.566473988439306783e-03,1.329479768786127197e-02,4.479768786127167994e-03,4.479768786127167994e-03,1.260115606936416249e-02,1.049132947976878609e-02,1.432080924855491308e-02,9.104046242774567130e-03,1.163294797687861211e-02,3.424855491329479792e-03,4.017341040462427473e-03,9.089595375722544016e-03,1.897398843930635931e-02,1.687861271676300429e-02,7.384393063583814809e-03,1.939306358381502962e-02,3.039017341040462297e-02,3.703757225433525896e-02,1.008670520231213889e-02,4.115606936416184997e-02,2.388728323699421813e-02,3.157514450867052180e-02,2.203757225433525951e-02,5.195086705202311972e-02,1.306358381502890215e-02,1.281791907514450921e-02,9.190751445086705815e-03,7.297687861271676124e-03,1.374277456647398851e-02,1.865606936416185080e-02,2.663294797687861329e-02,1.783236994219653329e-02,4.956647398843930935e-02,5.482658959537572291e-02,1.186416184971098194e-02,3.554913294797688167e-02,1.001878612716762956e-01,5.184971098265896139e-02,6.767341040462428181e-02,3.708092485549133177e-02,9.667630057803468582e-03,3.401734104046242463e-02
1.684971098265895806e-02,2.956647398843930546e-02,1.628612716763005661e-02,1.111271676300578000e-02,3.851156069364161660e-02,5.877167630057803654e-02,6.460982658959538161e-02,1.605491329479768678e-02,7.232658959537571763e-02,4.455202312138728526e-02,5.170520231213873025e-02,3.489884393063583806e-02,9.433526011560693092e-02,2.054913294797687875e-02,2.637283236994219723e-02,2.317919075144508553e-02,1.608381502890173301e-02,0.000000000000000000e+00,2.994219653179190643e-02,6.343930635838150589e-02,2.823699421965317896e-02,9.536127167630058243e-02,9.182080924855491599e-02,3.164739884393063390e-02,6.986994219653179516e-02,1.577312138728323709e-01,9.410404624277456109e-02,1.339884393063583701e-01,8.606936416184970962e-02,1.962427745664739945e-02,6.982658959537572929e-02,2.628612716763005855e-02,1.725433526011560526e-02,3.667630057803468457e-02,1.900289017341040554e-02,2.586705202312138824e-02,8.843930635838151075e-03,8.843930635838151075e-03,2.486994219653179336e-02,2.054913294797687875e-02,2.825144508670520208e-02,1.794797687861271820e-02,2.265895953757225342e-02,6.820809248554913357e-03,7.919075144508670033e-03,1.812138728323699557e-02,3.749999999999999861e-02,3.391618497109826630e-02,1.466763005780346782e-02,3.771676300578034879e-02,6.039017341040462533e-02,7.255780346820808746e-02,1.975433526011560748e-02,8.135838150289016746e-02,4.660404624277456748e-02,6.184971098265895639e-02,4.330924855491329745e-02,1.023988439306358356e-01,2.562138728323699530e-02,2.565028901734104153e-02,1.819364161849711115e-02,1.437861271676300554e-02,2.708092485549132983e-02,3.676300578034682326e-02,5.322254335260115377e-02,3.482658959537572596e-02,9.858381502890173342e-02,1.084826589595375701e-01,2.322254335260115488e-02,6.994219653179191420e-02,1.992630057803468080e-01,1.027745664739884435e-01,1.330635838150288908e-01,7.351156069364161993e-02,1.919075144508670602e-02,6.721098265895954216e-02
1.653179190751444955e-02,2.789017341040462422e-02,1.549132947976878533e-02,1.049132947976878609e-02,3.669075144508670422e-02,5.552023121387283239e-02,6.134393063583815087e-02,1.559248554913294713e-02,6.802023121387283655e-02,4.160404624277456304e-02,4.924855491329480084e-02,3.317919075144508401e-02,8.859826589595375113e-02,1.945086705202312208e-02,2.580924855491329578e-02,2.209537572254335197e-02,1.514450867052023059e-02,2.994219653179190643e-02,0.000000000000000000e+00,5.973988439306358172e-02,2.763005780346820817e-02,9.018786127167630062e-02,8.768786127167629840e-02,3.067919075144508526e-02,6.598265895953757398e-02,1.506213872832369849e-01,8.813583815028901147e-02,1.261849710982659023e-01,8.062138728323699211e-02,1.822254335260115737e-02,6.667630057803468346e-02,2.437861271676300748e-02,1.638728323699421840e-02,3.540462427745665053e-02,1.810693641618497246e-02,2.436416184971098436e-02,8.309248554913294116e-03,8.323699421965317230e-03,2.309248554913294685e-02,1.966763005780346879e-02,2.710982658959537606e-02,1.718208092485548968e-02,2.154624277456647363e-02,6.387283236994219932e-03,7.630057803468207750e-03,1.791907514450867198e-02,3.570809248554913246e-02,3.196531791907514242e-02,1.384393063583815031e-02,3.608381502890173342e-02,5.710982658959537495e-02,6.920520231213872497e-02,1.884393063583815128e-02,7.664739884393063918e-02,4.371387283236994464e-02,5.871387283236994409e-02,4.143063583815028567e-02,9.719653179190751446e-02,2.427745664739884221e-02,2.458092485549133108e-02,1.731213872832369771e-02,1.369942196531791917e-02,2.565028901734104153e-02,3.526011560693641939e-02,5.014450867052023392e-02,3.365606936416185024e-02,9.330924855491329328e-02,1.035115606936416188e-01,2.248554913294797605e-02,6.554913294797687362e-02,1.893497109826589586e-01,9.709537572254335613e-02,1.258381502890173476e-01,6.893063583815028927e-02,1.791907514450867198e-02,6.436416184971098520e-02
3.395953757225433217e-02,5.888728323699422146e-02,3.241329479768786243e-02,2.169075144508670477e-02,7.606936416184971461e-02,1.168786127167630029e-01,1.271098265895953816e-01,3.226878612716763128e-02,1.439739884393063662e-01,8.800578034682081385e-02,1.023410404624277431e-01,6.895953757225432856e-02,1.856213872832369882e-01,4.108381502890173093e-02,5.380057803468207833e-02,4.684971098265895695e-02,3.197976878612716900e-02,6.343930635838150589e-02,5.973988439306358172e-02,0.000000000000000000e+00,5.670520231213872775e-02,1.929624277456647441e-01,1.847398843930635748e-01,6.316473988439307019e-02,1.389450867052023086e-01,3.139595375722543102e-01,1.892485549132947864e-01,2.671965317919074989e-01,1.723554913294797764e-01,3.960982658959537328e-02,1.391473988439306253e-01,5.104046242774566700e-02,3.390173410404623972e-02,7.257225433526011404e-02,3.734104046242774783e-02,5.099710982658959418e-02,1.739884393063583987e-02,1.765895953757225592e-02,4.823699421965317591e-02,4.031791907514450934e-02,5.579479768786127503e-02,3.540462427745665053e-02,4.499999999999999833e-02,1.333815028901734132e-02,1.566473988439306270e-02,3.654624277456647308e-02,7.427745664739884845e-02,6.726878612716763461e-02,2.845375722543352567e-02,7.429190751445086116e-02,1.201589595375722602e-01,1.426589595375722663e-01,3.929190751445086477e-02,1.622254335260115699e-01,9.205202312138728582e-02,1.221676300578034696e-01,8.586705202312139296e-02,2.018786127167629951e-01,5.052023121387283489e-02,5.200867052023121218e-02,3.630057803468208361e-02,2.851156069364161813e-02,5.394508670520230947e-02,7.346820809248555406e-02,1.073121387283236944e-01,6.907514450867051348e-02,1.978323699421965232e-01,2.164884393063583878e-01,4.673410404624277203e-02,1.393497109826589697e-01,3.968786127167630018e-01,2.054913294797687806e-01,2.636994219653179261e-01,1.466618497109826724e-01,3.861271676300578187e-02,1.336416184971098153e-01
1.617052023121387169e-02,2.638728323699422035e-02,1.458092485549132913e-02,9.898843930635838409e-03,3.479768786127167973e-02,5.231213872832370104e-02,5.799132947976878838e-02,1.530346820809248484e-02,6.411849710982658879e-02,4.002890173410404706e-02,4.710982658959537300e-02,3.261560693641618602e-02,8.407514450867052680e-02,1.845375722543352720e-02,2.492774566473988582e-02,2.093930635838150284e-02,1.450867052023121356e-02,2.823699421965317896e-02,2.763005780346820817e-02,5.670520231213872775e-02,0.000000000000000000e+00,8.536127167630057355e-02,8.413294797687861926e-02,2.994219653179190643e-02,6.286127167630058132e-02,1.442919075144508678e-01,8.377167630057803793e-02,1.202023121387283261e-01,7.650289017341040110e-02,1.729768786127167460e-02,6.320809248554913606e-02,2.369942196531791764e-02,1.537572254335260041e-02,3.343930635838150006e-02,1.697976878612716609e-02,2.296242774566473882e-02,7.919075144508670033e-03,7.919075144508670033e-03,2.241329479768786048e-02,1.842485549132948097e-02,2.549132947976878727e-02,1.622832369942196415e-02,2.043352601156069384e-02,6.098265895953757648e-03,7.210982658959537439e-03,1.793352601156069509e-02,3.355491329479768498e-02,3.005780346820809135e-02,1.306358381502890215e-02,3.429190751445086727e-02,5.407514450867052097e-02,6.576589595375723074e-02,1.839595375722543474e-02,7.223988439306358589e-02,4.177745664739884734e-02,5.612716763005780318e-02,4.109826589595375751e-02,9.189306358381503503e-02,2.323699421965317799e-02,2.400289017341040304e-02,1.641618497109826463e-02,1.299132947976878658e-02,2.424855491329479598e-02,3.371387283236994270e-02,4.729768786127167696e-02,3.291907514450866795e-02,8.794797687861272140e-02,9.929190751445086949e-02,2.208092485549132886e-02,6.154624277456647446e-02,1.817485549132948075e-01,9.242774566473987985e-02,1.191329479768786087e-01,6.489884393063584389e-02,1.689306358381502740e-02,6.086705202312138463e-02
