0.000000000000000000e+00,1.183467925790076224e-02,7.346012381830525385e-03,3.191715724519469510e-03,1.543169221727984722e-02,2.040671577518162264e-02,2.280810189172484403e-02,4.367077705612353727e-03,2.552359336528426531e-02,1.739738380634897955e-02,1.645506773530037645e-02,1.295937908463619566e-02,3.153212487207805725e-02,5.238466760560525799e-03,9.027995906497927533e-03,8.724022980353216689e-03,6.403696310781919684e-03,1.308096825509407965e-02,9.706868774887782853e-03,2.032565632820969997e-02,1.036547678153465837e-02,3.740893477754247964e-02,2.944484411255104267e-02,1.272633317459191671e-02,2.935365223470762924e-02,6.215233096572198718e-02,3.146119785597762536e-02,4.089449099733517140e-02,2.948537383603700227e-02,5.795750458492497127e-03,2.326406128094191117e-02,9.889252530574609706e-03,7.001509732199852343e-03,1.099368749556706160e-02,6.038928799408265977e-03,9.088790491726870396e-03,4.286018258640430199e-03,3.819926438551873166e-03,9.656206620530330756e-03,6.140253108123170170e-03,7.477733983159900143e-03,4.701447924371536004e-03,7.619588015360764799e-03,2.553372579615575521e-03,2.674961750073459946e-03,4.924361403544324188e-03,1.078090644726576418e-02,1.161176577872797405e-02,4.701447924371536004e-03,1.615109480915566387e-02,2.029525903559523115e-02,2.243320194947969956e-02,4.833169525700910761e-03,2.526015016262551580e-02,1.667798121447316290e-02,2.167326963411791985e-02,1.443871399187379029e-02,2.926246035686421582e-02,9.909517392317591239e-03,8.876009443425572978e-03,8.987466183011966203e-03,5.451247808861824085e-03,1.116593882038239768e-02,1.036547678153465837e-02,1.861327551092782639e-02,1.120646854386835901e-02,3.647675113736536384e-02,3.403483529733618285e-02,8.997598613883456969e-03,2.546279878005532418e-02,7.261913205597154974e-02,3.043782233795709960e-02,3.833098598684810815e-02,3.035676289098517694e-02,6.008531506793794545e-03,2.093360218049912513e-02
1.183467925790076224e-02,0.000000000000000000e+00,1.971771047592027828e-02,8.653095964252783059e-03,4.132005309393776971e-02,5.427943217857396363e-02,6.093643926114314380e-02,1.132805771432624474e-02,6.878907318654818581e-02,4.642679825316891468e-02,4.403554456749719098e-02,3.374099480206296103e-02,8.434235457428591876e-02,1.436778697577335839e-02,2.389227199497431439e-02,2.375041796277345060e-02,1.697182170974638471e-02,3.515953512407161280e-02,2.591875816927239132e-02,5.515082123352213483e-02,2.757034440132532030e-02,1.007670250169718229e-01,7.821223389703423068e-02,3.315331381151652435e-02,7.915454996808284072e-02,1.644898827677748199e-01,8.423089783469951686e-02,1.102611127435583066e-01,7.901269593588197693e-02,1.571540028168157827e-02,6.228405256705136367e-02,2.588836087665791902e-02,1.874499711225720289e-02,2.918140090989229316e-02,1.576606243603902863e-02,2.482445563515143019e-02,1.162189820959946482e-02,1.012229844061888866e-02,2.540200419482637959e-02,1.645506773530037645e-02,1.986969693899263284e-02,1.245275754106167643e-02,2.086267516439868977e-02,6.930582716099419581e-03,7.031907024814322907e-03,1.317216013293749308e-02,2.867477936631777219e-02,3.100523846676056169e-02,1.270606831284893518e-02,4.329587711387838933e-02,5.388426737458583415e-02,6.025756639275328674e-02,1.277699532894936880e-02,6.768463822155573739e-02,4.468402014327257227e-02,5.780551812185261151e-02,3.734814019231353505e-02,7.851620682317894673e-02,2.716504716646570700e-02,2.320326669571297004e-02,2.418611249024753621e-02,1.448937614623124238e-02,2.987040620915363751e-02,2.787431732747003288e-02,5.007447336690545175e-02,2.928272521860719735e-02,9.809206326689835775e-02,9.038128337369417953e-02,2.325392885007042040e-02,6.813046517990130335e-02,1.909659246349791895e-01,8.144447934503966369e-02,1.031582787026435466e-01,8.122156586586687377e-02,1.617135967089864540e-02,5.590062111801242378e-02
7.346012381830525385e-03,1.971771047592027828e-02,0.000000000000000000e+00,5.339791069275429992e-03,2.530067988611147539e-02,3.363967049334806031e-02,3.754065637887185614e-02,7.072436748300285105e-03,4.233329618108680470e-02,2.841133616365902267e-02,2.707385528862229357e-02,2.116664809054340235e-02,5.208069467946054715e-02,8.794949996453648583e-03,1.506692470590619351e-02,1.458056802407465581e-02,1.048706595199254236e-02,2.179485880457580557e-02,1.612069751654119504e-02,3.410576231343661474e-02,1.711367574194725197e-02,6.250696604622414665e-02,4.846341685833848584e-02,2.062962925435441255e-02,4.882818436971213955e-02,1.020639761685225855e-01,5.192870821638819606e-02,6.776569766852764964e-02,4.889911138581257144e-02,9.717001205759273619e-03,3.852350217340642230e-02,1.582685702126797322e-02,1.146991174652710853e-02,1.811678639822479966e-02,9.808193083602687046e-03,1.521891116897854980e-02,7.092701610043265770e-03,6.292239571195525592e-03,1.546208950989431952e-02,1.010203357887590886e-02,1.227037378537484957e-02,7.741177185818649657e-03,1.271620074372042594e-02,4.174561519054036107e-03,4.336680412997882296e-03,8.176871713292736127e-03,1.781281347208008708e-02,1.913002948537383466e-02,7.771574478433121089e-03,2.655710131417628531e-02,3.328503541284589390e-02,3.696310781919690674e-02,7.832369063662063952e-03,4.201919082407060135e-02,2.731703362953806155e-02,3.571681882200358760e-02,2.310194238699806585e-02,4.842288713485252277e-02,1.655639204401528064e-02,1.458056802407465581e-02,1.477308421063297343e-02,8.876009443425572978e-03,1.840049446262652724e-02,1.722513248153364346e-02,3.103563575937503052e-02,1.804585938212436430e-02,6.050074473366905126e-02,5.601207785759881874e-02,1.434752211403037686e-02,4.193813137709868216e-02,1.179414953441480091e-01,5.057096247960848195e-02,6.362153344208809624e-02,5.022645982997780978e-02,1.014256330236187019e-02,3.455158927178219458e-02
3.191715724519469510e-03,8.653095964252783059e-03,5.339791069275429992e-03,0.000000000000000000e+00,1.127739555996879264e-02,1.471228962540403057e-02,1.654625961314378987e-02,3.029596830575623321e-03,1.881592412835763478e-02,1.267567102023446461e-02,1.199679815184460929e-02,9.159717507827302291e-03,2.299048564741167089e-02,3.860456162037834496e-03,6.423961172524900350e-03,6.454358465139371781e-03,4.620388477399613343e-03,9.524485019200955999e-03,6.930582716099419581e-03,1.490480581196234819e-02,7.437204259673937945e-03,2.722584175169464812e-02,2.097413190398508473e-02,8.987466183011966203e-03,2.152128317104556529e-02,4.465362285065810344e-02,2.278783702998186250e-02,2.987040620915363751e-02,2.138956156971619227e-02,4.245488535154468869e-03,1.688062983190297128e-02,7.092701610043265770e-03,5.167539744460093037e-03,7.913428510633986612e-03,4.306283120383410865e-03,6.697536806055140630e-03,3.070126554061585085e-03,2.766153627916873373e-03,6.971112439585380911e-03,4.458269583455767154e-03,5.370188361889901424e-03,3.424761634563748026e-03,5.603234271934179507e-03,1.884632142097210535e-03,1.915029434711681749e-03,3.597012959379084548e-03,7.741177185818649657e-03,8.430182485079994875e-03,3.445026496306729125e-03,1.180428196528629167e-02,1.457043559320316505e-02,1.634361099571398149e-02,3.434894065435238359e-03,1.831943501565460458e-02,1.227037378537484957e-02,1.575593000516754133e-02,1.017296059497634075e-02,2.129836969187277884e-02,7.295350227473073289e-03,6.231444985966583597e-03,6.525285481239804543e-03,4.002310194238700020e-03,8.116077128063793264e-03,7.508131275774370707e-03,1.353692764431114678e-02,7.984355526734418507e-03,2.653683645243330377e-02,2.435836381506287229e-02,6.342901725552977689e-03,1.852208363308441297e-02,5.181725147680180110e-02,2.212922902333498698e-02,2.790471462008450518e-02,2.200763985287710472e-02,4.377210136483843626e-03,1.521891116897854980e-02
1.543169221727984722e-02,4.132005309393776971e-02,2.530067988611147539e-02,1.127739555996879264e-02,0.000000000000000000e+00,7.048118914208707786e-02,8.021845520958932607e-02,1.491493824283383896e-02,8.905393492952894119e-02,6.111882301682997065e-02,5.771432624400919809e-02,4.467388771240108497e-02,1.106461451166749349e-01,1.867407009615676752e-02,3.052901421580051303e-02,3.054927907754349456e-02,2.229134791727883577e-02,4.560607135257819383e-02,3.319384353500248047e-02,7.080542692997476850e-02,3.641595655213642618e-02,1.296241881389764150e-01,1.009494087726586498e-01,4.392408782791079602e-02,1.027935111912698929e-01,2.154256127587569625e-01,1.089337642993930683e-01,1.428064807027853989e-01,1.024287436798962392e-01,1.995075638596455550e-02,8.133302260545327567e-02,3.470357573485454566e-02,2.477379348079397636e-02,3.866535620560728609e-02,2.096399947311359396e-02,3.240351392702623540e-02,1.527970575420749266e-02,1.324308714903792497e-02,3.405510015907916438e-02,2.191644797503369130e-02,2.618220137193114083e-02,1.648546502791484875e-02,2.648617429807584994e-02,9.098922922598361163e-03,9.179982369570283823e-03,1.747844325332090568e-02,3.745959693189993001e-02,4.032707486853170931e-02,1.653612718227229911e-02,5.685306961993252112e-02,6.967059467236784431e-02,7.847567709969298366e-02,1.654625961314378987e-02,8.747327571357645104e-02,5.944697192303405320e-02,7.592230452007740771e-02,4.941586536025857623e-02,1.017296059497634075e-01,3.460225142613964494e-02,2.985014134741065597e-02,3.131934382377676157e-02,1.907936733101638430e-02,3.884773996129411294e-02,3.582827556158998256e-02,6.459424680575116817e-02,3.923277233441074818e-02,1.260677049030833052e-01,1.164621604369104196e-01,3.080258984933075331e-02,8.843585664636803567e-02,2.498454804292097597e-01,1.047896000729535010e-01,1.329070957413392984e-01,1.052658243239135566e-01,2.074108599394080751e-02,7.259886719422856127e-02
2.040671577518162264e-02,5.427943217857396363e-02,3.363967049334806031e-02,1.471228962540403057e-02,7.048118914208707786e-02,0.000000000000000000e+00,1.044552298541943230e-01,1.908949976188787506e-02,1.166850739160832096e-01,7.932680129289818027e-02,7.453416149068323171e-02,5.773459110575217962e-02,1.443871399187379168e-01,2.430770166070541846e-02,4.063104779467641842e-02,3.999270464977252443e-02,2.901928201594844783e-02,5.981173943440770691e-02,4.371130677960949340e-02,9.371485313041451326e-02,4.717659813765920362e-02,1.713394060369023142e-01,1.332414659600984763e-01,5.719757226956319329e-02,1.348322576069224676e-01,2.813674728704163575e-01,1.430293941819582026e-01,1.880883142674759090e-01,1.348626548995369434e-01,2.668882291550565833e-02,1.058737701762029748e-01,4.460296069630064614e-02,3.181583293647979177e-02,4.999341391993353256e-02,2.728663633692359272e-02,4.214077999452849055e-02,1.986969693899263284e-02,1.727579463589109729e-02,4.334653926823583969e-02,2.815802539187176393e-02,3.359914076986209724e-02,2.115651565967191158e-02,3.531152158714397082e-02,1.174348738005734881e-02,1.205759273707355216e-02,2.271691001388143061e-02,4.885858166232660837e-02,5.255691893042059581e-02,2.147062101668811493e-02,7.406806967059467728e-02,9.203286960574710851e-02,1.024490085416392277e-01,2.156181289453152836e-02,1.155907713819622484e-01,7.557780187044674247e-02,9.822378486822773425e-02,6.358100371860213318e-02,1.330996119278976264e-01,4.612282532702420557e-02,3.960767227665588919e-02,4.098568287517858483e-02,2.437862867680585383e-02,5.080400838965275917e-02,4.735898189334603048e-02,8.484897611786043625e-02,4.995288419644756950e-02,1.665872959581733148e-01,1.542155978640835645e-01,3.999270464977252443e-02,1.156009038128337357e-01,3.249875877721824513e-01,1.383178138267151802e-01,1.748249622566949990e-01,1.384799327206590047e-01,2.762100655568277413e-02,9.482942052627846286e-02
2.280810189172484403e-02,6.093643926114314380e-02,3.754065637887185614e-02,1.654625961314378987e-02,8.021845520958932607e-02,1.044552298541943230e-01,0.000000000000000000e+00,2.193671283677666936e-02,1.318735877924472888e-01,8.993545641534859969e-02,8.466659236217360940e-02,6.572907906335809236e-02,1.634057126645253599e-01,2.746902009261041958e-02,4.521090654859007130e-02,4.506905251638920751e-02,3.284934088537180830e-02,6.718814910885270719e-02,4.901056812539896640e-02,1.049922486903833163e-01,5.377281063499944613e-02,1.922020812013010005e-01,1.493317661840252164e-01,6.469557111446606890e-02,1.520269927958416423e-01,3.175301186507655249e-01,1.606496914674799548e-01,2.117475403524059496e-01,1.514089145126807368e-01,2.986027377828214674e-02,1.197754653318877788e-01,5.109784888492598098e-02,3.612211605686320437e-02,5.686320205080400841e-02,3.080258984933075331e-02,4.776427912820564725e-02,2.250412896558013146e-02,1.959612130546239256e-02,5.024672469172079131e-02,3.208940857001003205e-02,3.851336974253493500e-02,2.423677464460498657e-02,3.963806956927036496e-02,1.347613305908220392e-02,1.361798709128306945e-02,2.553372579615575608e-02,5.524201311136554826e-02,5.926458816734722634e-02,2.446982055464926725e-02,8.363308441328158593e-02,1.030164246704426828e-01,1.158947443081069645e-01,2.453061513987820838e-02,1.294114070906751124e-01,8.680453527605808128e-02,1.113351504159362931e-01,7.273058879555793776e-02,1.505881876120900298e-01,5.163486772111497425e-02,4.395448512052526485e-02,4.622414963573911323e-02,2.797564163618493707e-02,5.750154519570790240e-02,5.298248102702319412e-02,9.491047997325038899e-02,5.734955873263554438e-02,1.861935496945072155e-01,1.720689410596496216e-01,4.527170113381901589e-02,1.303435907308522490e-01,3.674424731237271313e-01,1.547019545459151213e-01,1.966704832156282723e-01,1.551781787968751491e-01,3.064047095538690799e-02,1.068870132633520098e-01
4.367077705612353727e-03,1.132805771432624474e-02,7.072436748300285105e-03,3.029596830575623321e-03,1.491493824283383896e-02,1.908949976188787506e-02,2.193671283677666936e-02,0.000000000000000000e+00,2.396319901107474629e-02,1.666784878360167560e-02,1.581672459039648246e-02,1.292898179202172336e-02,3.034663046011368617e-02,5.086480297488170377e-03,8.896274305168552776e-03,8.328858176365092417e-03,6.130120677251679404e-03,1.252368455716210832e-02,9.504220157457976201e-03,1.942386998064705647e-02,1.047693352112105160e-02,3.612211605686320437e-02,2.866464693544628142e-02,1.239196295583273356e-02,2.832014428581560925e-02,6.052100959541203279e-02,2.988053864002512827e-02,3.954687769142695153e-02,2.772233086439767832e-02,5.653896426291631604e-03,2.228121548640734501e-02,9.413028279614562774e-03,6.677271944312159965e-03,1.061878755332191712e-02,5.653896426291631604e-03,8.764552703839178019e-03,4.144164226439565543e-03,3.647675113736536644e-03,9.058393199112399832e-03,5.745088304135045031e-03,7.204158349629659862e-03,4.427872290841295723e-03,7.406806967059467381e-03,2.421650978286200764e-03,2.553372579615575521e-03,4.812904663957930096e-03,1.037560921240614914e-02,1.116593882038239768e-02,4.610256046528122577e-03,1.572553271255306903e-02,1.924148622496022962e-02,2.147062101668811493e-02,4.752110078728988100e-03,2.386187470235984209e-02,1.615109480915566387e-02,2.110585350531446122e-02,1.430699239054441553e-02,2.780339031136960098e-02,9.727133636630764385e-03,8.794949996453648583e-03,8.572036517280860399e-03,5.208069467946055235e-03,1.063905241506489865e-02,9.990576839289513900e-03,1.792427021166648204e-02,1.116593882038239768e-02,3.494675407577031712e-02,3.314318138064503011e-02,8.582168948152351165e-03,2.425703950634796810e-02,7.059264588167346588e-02,2.926246035686421582e-02,3.697324025006839404e-02,2.874570638241820755e-02,5.816015320235477792e-03,1.996088881683604627e-02
2.552359336528426531e-02,6.878907318654818581e-02,4.233329618108680470e-02,1.881592412835763478e-02,8.905393492952894119e-02,1.166850739160832096e-01,1.318735877924472888e-01,2.396319901107474629e-02,0.000000000000000000e+00,1.002198737499113423e-01,9.440385842967585761e-02,7.262926448684303704e-02,1.823128286707264012e-01,3.113696006808993472e-02,5.101678943795406179e-02,5.111811374666896252e-02,3.656794301520877727e-02,7.593243695094890888e-02,5.527241040398001709e-02,1.188635465534536445e-01,5.921392601298977598e-02,2.174014367786975821e-01,1.672256391030772227e-01,7.101820797827607112e-02,1.709847709564001617e-01,3.541892535438176948e-01,1.808132289017458094e-01,2.377980201230077140e-01,1.704680169819541291e-01,3.386258397252085023e-02,1.339102063976168600e-01,5.592088597975540532e-02,4.009402895848743209e-02,6.298319029718420226e-02,3.404496772820767708e-02,5.357016201756963775e-02,2.508789883781017971e-02,2.186578582067623747e-02,5.438075648728886435e-02,3.558509722067421110e-02,4.237382590457276776e-02,2.660776346853373567e-02,4.462322555804362767e-02,1.491493824283383896e-02,1.510745442939215484e-02,2.864438207370330336e-02,6.166597428389045121e-02,6.643834922436241130e-02,2.723597418256613889e-02,9.320823158683999576e-02,1.157022281215486365e-01,1.298673664798921934e-01,2.712451744297974393e-02,1.461704477521202084e-01,9.591359062952793668e-02,1.243755889475443993e-01,7.967130394252884551e-02,1.688062983190297128e-01,5.827160994194117288e-02,4.955771939245944696e-02,5.179698661505881957e-02,3.102550332850353976e-02,6.418894957089155140e-02,5.988266645050813880e-02,1.074848266847699407e-01,6.281093897236886270e-02,2.112105215162169425e-01,1.939043295877113937e-01,4.988195718034713760e-02,1.463528315078070352e-01,4.089550424042232013e-01,1.747945649640805232e-01,2.221636792882980549e-01,1.745919163466507218e-01,3.512913783145714397e-02,1.198869220714741668e-01
1.739738380634897955e-02,4.642679825316891468e-02,2.841133616365902267e-02,1.267567102023446461e-02,6.111882301682997065e-02,7.932680129289818027e-02,8.993545641534859969e-02,1.666784878360167560e-02,1.002198737499113423e-01,0.000000000000000000e+00,6.473610083795203196e-02,4.969957342466031075e-02,1.241121457448856602e-01,2.136929670797321074e-02,3.469344330398305837e-02,3.443000010132430538e-02,2.470286646469354447e-02,5.106745159231151215e-02,3.756092124061483767e-02,7.987395255995866084e-02,4.107687475302199825e-02,1.467479963117951647e-01,1.140709067512386959e-01,4.867619790663978152e-02,1.158643470154924887e-01,2.410302655710131470e-01,1.220755271397160890e-01,1.611461805801829850e-01,1.146687201726566269e-01,2.294995592392570782e-02,9.078658060855379630e-02,3.812833736941829976e-02,2.732716606040955232e-02,4.278925557030387183e-02,2.304114780176912125e-02,3.686178351048199908e-02,1.720486761979066540e-02,1.477308421063297343e-02,3.747986179364291154e-02,2.432796652244839999e-02,2.909020903204887973e-02,1.820797827606821309e-02,3.052901421580051303e-02,1.021349031846230208e-02,1.025402004194826341e-02,1.936307539541811534e-02,4.187733679186973756e-02,4.499812550028877561e-02,1.857274578744186680e-02,6.377351990516044733e-02,7.755362589038736210e-02,8.826360532155269611e-02,1.876526197400018095e-02,9.775769304813917981e-02,6.625596546867558445e-02,8.493003556483236238e-02,5.519135095700809790e-02,1.144052769699978739e-01,3.975965873972824721e-02,3.377139209467743680e-02,3.511900540058565667e-02,2.120717781402936541e-02,4.359985004002310538e-02,4.077290182687728914e-02,7.264952934858602551e-02,4.389369053529632025e-02,1.418641646317367888e-01,1.316608067441459862e-01,3.393351098862128212e-02,9.893305502923206707e-02,2.796652244840059365e-01,1.179617602058909975e-01,1.502234201007163761e-01,1.179110980515335472e-01,2.375041796277345060e-02,8.151540636114010252e-02
1.645506773530037645e-02,4.403554456749719098e-02,2.707385528862229357e-02,1.199679815184460929e-02,5.771432624400919809e-02,7.453416149068323171e-02,8.466659236217360940e-02,1.581672459039648246e-02,9.440385842967585761e-02,6.473610083795203196e-02,0.000000000000000000e+00,4.774401426646266572e-02,1.169181198261274868e-01,2.002168340206499086e-02,3.311278408803056128e-02,3.253523552835560495e-02,2.355790177621513298e-02,4.829116553352314628e-02,3.569655396026060606e-02,7.537515325301692715e-02,3.888826968478007601e-02,1.385508597367594574e-01,1.081839644149027863e-01,4.637613609881146431e-02,1.090756183315939321e-01,2.285369783064654936e-01,1.159251416007214264e-01,1.523410981528578456e-01,1.083764806014611004e-01,2.168340206498941061e-02,8.602433809895332351e-02,3.603092417901979094e-02,2.597955275450133245e-02,4.072223967251983184e-02,2.211909659246349621e-02,3.446039739393878115e-02,1.624228668699907729e-02,1.403341675701417525e-02,3.496701893751329865e-02,2.275743973736739020e-02,2.743862279999594728e-02,1.730619192850556612e-02,2.871530908980373525e-02,9.524485019200955999e-03,9.727133636630764385e-03,1.837009717001205841e-02,3.989138034105762370e-02,4.293110960250473562e-02,1.747844325332090568e-02,6.055140688802650856e-02,7.388568591490785042e-02,8.305553585360664348e-02,1.771148916336518289e-02,9.268134518152250367e-02,6.247656875360967782e-02,8.072507675316385745e-02,5.253665406867761428e-02,1.075861509934848415e-01,3.754065637887185614e-02,3.241364635789772269e-02,3.315331381151652435e-02,2.022433201949479578e-02,4.116806663086541168e-02,3.878694537606516834e-02,6.910317854356438916e-02,4.163415845095396611e-02,1.349335819156373684e-01,1.253584347420789724e-01,3.234271934179729080e-02,9.391750174784432859e-02,2.656723374504777468e-01,1.124699826735432034e-01,1.418945619243512646e-01,1.119836259917116744e-01,2.262571813603801718e-02,7.711793136291328343e-02
1.295937908463619566e-02,3.374099480206296103e-02,2.116664809054340235e-02,9.159717507827302291e-03,4.467388771240108497e-02,5.773459110575217962e-02,6.572907906335809236e-02,1.292898179202172336e-02,7.262926448684303704e-02,4.969957342466031075e-02,4.774401426646266572e-02,0.000000000000000000e+00,9.066499143809590711e-02,1.546208950989431952e-02,2.643551214371839958e-02,2.483458806602292096e-02,1.834983230826907688e-02,3.740893477754247964e-02,2.844173345627349497e-02,5.804869646276838296e-02,3.109643034460397512e-02,1.075253564082559038e-01,8.561904086409370673e-02,3.643622141387940078e-02,8.432208971254293028e-02,1.786246238335038872e-01,8.892221332819956470e-02,1.176983170032322445e-01,8.330884662539389529e-02,1.688062983190297128e-02,6.648901137871987554e-02,2.782365517311258252e-02,2.014327257252287312e-02,3.185636265996575484e-02,1.706301358758979814e-02,2.668882291550565833e-02,1.254394941890508985e-02,1.097342263382408006e-02,2.710425258123676587e-02,1.738725137547749225e-02,2.149088587843109299e-02,1.335454388862431993e-02,2.229134791727883577e-02,7.285217796601582523e-03,7.639852877103746331e-03,1.416513835834355001e-02,3.096470874327459863e-02,3.334582999807483850e-02,1.363825195302605098e-02,4.671050631757064919e-02,5.700505608300487220e-02,6.393563879910429959e-02,1.410434377311460714e-02,7.145390250575014979e-02,4.847354928920997313e-02,6.266908494016799891e-02,4.222183944150040974e-02,8.329871419452240799e-02,2.891795770723354364e-02,2.588836087665791902e-02,2.561478524312767874e-02,1.559381111122369427e-02,3.173477348950786564e-02,3.002239267222599206e-02,5.350936743234069315e-02,3.299119491757267209e-02,1.037256948314470156e-01,9.792994437295451937e-02,2.516895828478210237e-02,7.218343752849745720e-02,2.079174814829825857e-01,8.700718389348788273e-02,1.096227695986544126e-01,8.628778130161207649e-02,1.741764866809196108e-02,5.968001783307833041e-02
3.153212487207805725e-02,8.434235457428591876e-02,5.208069467946054715e-02,2.299048564741167089e-02,1.106461451166749349e-01,1.443871399187379168e-01,1.634057126645253599e-01,3.034663046011368617e-02,1.823128286707264012e-01,1.241121457448856602e-01,1.169181198261274868e-01,9.066499143809590711e-02,0.000000000000000000e+00,3.797635090634594174e-02,6.239550930663775863e-02,6.239550930663775863e-02,4.561620378344968807e-02,9.312717213986806963e-02,6.798861114770043956e-02,1.457651505172606055e-01,7.453416149068323171e-02,2.670604804798719090e-01,2.068029140871186500e-01,8.912486194562938002e-02,2.107241648343854135e-01,4.383694892241597474e-01,2.223663279057278563e-01,2.943673816785384867e-01,2.106329729565420139e-01,4.172535032879737954e-02,1.658070987810685570e-01,7.020761350855683758e-02,4.974010314814627381e-02,7.828316091313466951e-02,4.236369347370127353e-02,6.595199254253088228e-02,3.104576819024652129e-02,2.708398771949378434e-02,6.899172180397798726e-02,4.404567699836867828e-02,5.292168644179424952e-02,3.323437325848844354e-02,5.498870233957828951e-02,1.859301064918484486e-02,1.890711600620104821e-02,3.543311075760185308e-02,7.664170711195322783e-02,8.197136575035716965e-02,3.386258397252085023e-02,1.157224929832916249e-01,1.425734347927411216e-01,1.608219427922953082e-01,3.420708662215152240e-02,1.790096562066205432e-01,1.198261274862452291e-01,1.542662600184410149e-01,1.002097413190398550e-01,2.088091353996737454e-01,7.208211321978255648e-02,6.097696898462909992e-02,6.412815498566261374e-02,3.886800482303709448e-02,7.946865532509904406e-02,7.389581834577933772e-02,1.316506743132744850e-01,7.976249582037225894e-02,2.590761249531375321e-01,2.396927846959764075e-01,6.252723090796713512e-02,1.812489234292199158e-01,5.097321998520665254e-01,2.144934291185798259e-01,2.735148389450112738e-01,2.145542237038087774e-01,4.301216904947666175e-02,1.482881258042617056e-01
5.238466760560525799e-03,1.436778697577335839e-02,8.794949996453648583e-03,3.860456162037834496e-03,1.867407009615676752e-02,2.430770166070541846e-02,2.746902009261041958e-02,5.086480297488170377e-03,3.113696006808993472e-02,2.136929670797321074e-02,2.002168340206499086e-02,1.546208950989431952e-02,3.797635090634594174e-02,0.000000000000000000e+00,1.049719838286403313e-02,1.070997943116533055e-02,7.670250169718216895e-03,1.561407597296667407e-02,1.170295765657138748e-02,2.463193944859311257e-02,1.243249267931869489e-02,4.502852279290324444e-02,3.495688650664181135e-02,1.500613012067725238e-02,3.530138915627248353e-02,7.341959409481928212e-02,3.764198068758675686e-02,4.961851397768838462e-02,3.537231617237291542e-02,7.102834040914755669e-03,2.778312544962661945e-02,1.154083876262754216e-02,8.490977070308937738e-03,1.311136554770855021e-02,7.123098902657736334e-03,1.107474694253898426e-02,5.339791069275429992e-03,4.620388477399613343e-03,1.142938202304114720e-02,7.224423211372640527e-03,8.815214858196630116e-03,5.613366702805670273e-03,9.565014742686917329e-03,3.201848155390959842e-03,3.181583293647979177e-03,5.805882889363987026e-03,1.284792234504980070e-02,1.372944383086946440e-02,5.734955873263554264e-03,1.964678345981984639e-02,2.410505304327561354e-02,2.702319313426484321e-02,5.745088304135045031e-03,3.026557101314176351e-02,2.049790765302503606e-02,2.635445269674647692e-02,1.685023253928849898e-02,3.508860810797118090e-02,1.237169809408975377e-02,1.022362274933379285e-02,1.084170103249470531e-02,6.636742220826198635e-03,1.345586819733922412e-02,1.264527372761999405e-02,2.239267222599373650e-02,1.326335201078090650e-02,4.370117434873800610e-02,4.018522083633084552e-02,1.040600650502061970e-02,3.050874935405753149e-02,8.497056528831832545e-02,3.648688356823685808e-02,4.587964698610843411e-02,3.619304307296363626e-02,7.275085365730092624e-03,2.489538265125186209e-02
9.027995906497927533e-03,2.389227199497431439e-02,1.506692470590619351e-02,6.423961172524900350e-03,3.052901421580051303e-02,4.063104779467641842e-02,4.521090654859007130e-02,8.896274305168552776e-03,5.101678943795406179e-02,3.469344330398305837e-02,3.311278408803056128e-02,2.643551214371839958e-02,6.239550930663775863e-02,1.049719838286403313e-02,0.000000000000000000e+00,1.761016485465027870e-02,1.282765748330682090e-02,2.622273109541710043e-02,1.999128610945051857e-02,4.115793419999391745e-02,2.112611836705743928e-02,7.582098021136250698e-02,6.019677180752434215e-02,2.561478524312767874e-02,5.904167468817444336e-02,1.254597590507938731e-01,6.345941454814424398e-02,8.206255762820058308e-02,5.882889363987314074e-02,1.188534141225821433e-02,4.643693068404040891e-02,1.923135379408873885e-02,1.391182758655629126e-02,2.184552095893325940e-02,1.186507655051523454e-02,1.818771341432523156e-02,8.582168948152351165e-03,7.629720446232255565e-03,1.871459981964273059e-02,1.194613599748715720e-02,1.502639498242023218e-02,9.372498556128601443e-03,1.548235437163729931e-02,4.995288419644756950e-03,5.309393776660958561e-03,9.879120099703118940e-03,2.154154803278854682e-02,2.348697476011469762e-02,9.342101263514129145e-03,3.255550039009858648e-02,4.075263696513430761e-02,4.466375528152959073e-02,9.727133636630764385e-03,5.088506783662468530e-02,3.331543270546036967e-02,4.357958517828012385e-02,2.918140090989229316e-02,5.830200723455564171e-02,2.010274284903691352e-02,1.831943501565460458e-02,1.802559452038138624e-02,1.089236318685215740e-02,2.222042090117840041e-02,2.092346974962763437e-02,3.797635090634594174e-02,2.228121548640734501e-02,7.399714265449423845e-02,6.928556229925121601e-02,1.765069457813624176e-02,5.104718673056853062e-02,1.457752829481320789e-01,6.215233096572198718e-02,7.700647462332688153e-02,6.139239865036021093e-02,1.227037378537484957e-02,4.215091242539997785e-02
8.724022980353216689e-03,2.375041796277345060e-02,1.458056802407465581e-02,6.454358465139371781e-03,3.054927907754349456e-02,3.999270464977252443e-02,4.506905251638920751e-02,8.328858176365092417e-03,5.111811374666896252e-02,3.443000010132430538e-02,3.253523552835560495e-02,2.483458806602292096e-02,6.239550930663775863e-02,1.070997943116533055e-02,1.761016485465027870e-02,0.000000000000000000e+00,1.256421428064806965e-02,2.610114192495921817e-02,1.902870517665893393e-02,4.077290182687728914e-02,2.039658334431013187e-02,7.462535336852664514e-02,5.783591541446708728e-02,2.428743679896244040e-02,5.889982065597357264e-02,1.219235406766437380e-01,6.221312555095093177e-02,8.178898199467034280e-02,5.852492071372843163e-02,1.155097119349903292e-02,4.589991184785141565e-02,1.932254567193215228e-02,1.389156272481330973e-02,2.164287234150345102e-02,1.172322251831436901e-02,1.844102418611249031e-02,8.663228395124273826e-03,7.477733983159900143e-03,1.880579169748614402e-02,1.222984406188888824e-02,1.471228962540403057e-02,9.230644523927735920e-03,1.546208950989431952e-02,5.197937037074564469e-03,5.197937037074564469e-03,9.737266067502255151e-03,2.111598593618595199e-02,2.276757216823888097e-02,9.453558003100524104e-03,3.202861398478108745e-02,3.967859929275632802e-02,4.465362285065810344e-02,9.413028279614562774e-03,5.024672469172079131e-02,3.318371110413099317e-02,4.272846098507492724e-02,2.740822550738147498e-02,5.805882889363987026e-02,1.998115367857902780e-02,1.715420546543321156e-02,1.791413778079499128e-02,1.060865512245042636e-02,2.222042090117840041e-02,2.044724549866758570e-02,3.718602129836968972e-02,2.167326963411791985e-02,7.284204553514433966e-02,6.684364645922202808e-02,1.707314601846128890e-02,5.019606253736334095e-02,1.408610539754592550e-01,6.036902313233968170e-02,7.628707203145106142e-02,6.009544749880944142e-02,1.192587113574417566e-02,4.133018552480925700e-02
6.403696310781919684e-03,1.697182170974638471e-02,1.048706595199254236e-02,4.620388477399613343e-03,2.229134791727883577e-02,2.901928201594844783e-02,3.284934088537180830e-02,6.130120677251679404e-03,3.656794301520877727e-02,2.470286646469354447e-02,2.355790177621513298e-02,1.834983230826907688e-02,4.561620378344968807e-02,7.670250169718216895e-03,1.282765748330682090e-02,1.256421428064806965e-02,0.000000000000000000e+00,1.878552683574316248e-02,1.381050327784138707e-02,2.931312251122166618e-02,1.510745442939215484e-02,5.395519439068627299e-02,4.200905839319911406e-02,1.803572695125287353e-02,4.248528264415916272e-02,8.850678366246846063e-02,4.476507959024449840e-02,5.924432330560424481e-02,4.233329618108680470e-02,8.379520330722542779e-03,3.341675701417527039e-02,1.407394648050013658e-02,1.005137142451845676e-02,1.584712188301095476e-02,8.541639224666389835e-03,1.332414659600984937e-02,6.241577416838073496e-03,5.481645101476295516e-03,1.371931139999797364e-02,8.886141874297062010e-03,1.069984700029383978e-02,6.707669236926631397e-03,1.106461451166749349e-02,3.688204837222497975e-03,3.799661576808892067e-03,7.143363764400716999e-03,1.545195707902282875e-02,1.654625961314378987e-02,6.758331391284082626e-03,2.316273697222700698e-02,2.857345505760286800e-02,3.221099774046791431e-02,6.849523269127496053e-03,3.597012959379084635e-02,2.401386116543220012e-02,3.090391415804565750e-02,2.026486174298075885e-02,4.189760165361271910e-02,1.442858156100229952e-02,1.244262511019018566e-02,1.292898179202172336e-02,7.781706909304610988e-03,1.598897591521181855e-02,1.485414365760489609e-02,2.668882291550565833e-02,1.607003536218374121e-02,5.231374058950483130e-02,4.828103310265165898e-02,1.255408184977658062e-02,3.628423495080704969e-02,1.024895382651251907e-01,4.338706899172180276e-02,5.493804018522083915e-02,4.340733385346478429e-02,8.582168948152351165e-03,2.977921433131022408e-02
1.308096825509407965e-02,3.515953512407161280e-02,2.179485880457580557e-02,9.524485019200955999e-03,4.560607135257819383e-02,5.981173943440770691e-02,6.718814910885270719e-02,1.252368455716210832e-02,7.593243695094890888e-02,5.106745159231151215e-02,4.829116553352314628e-02,3.740893477754247964e-02,9.312717213986806963e-02,1.561407597296667407e-02,2.622273109541710043e-02,2.610114192495921817e-02,1.878552683574316248e-02,0.000000000000000000e+00,2.852279290324541763e-02,6.074392307458482271e-02,3.050874935405753149e-02,1.112338261072213785e-01,8.623711914725461225e-02,3.683138621786753025e-02,8.735168654311856185e-02,1.817251476801799437e-01,9.265094788890802791e-02,1.214979785800411327e-01,8.736181897399004914e-02,1.709341088020427044e-02,6.858642456911837049e-02,2.887742798374758058e-02,2.077148328655527634e-02,3.257576525184156802e-02,1.756963513116431910e-02,2.725623904430912042e-02,1.283778991417830993e-02,1.126726312909730188e-02,2.819855511535772699e-02,1.827890529216864499e-02,2.199750742200561396e-02,1.382063570871287783e-02,2.288916133869676670e-02,7.720912324075668992e-03,7.801971771047591653e-03,1.469202476366105077e-02,3.174490592037935988e-02,3.404496772820767708e-02,1.403341675701417525e-02,4.750083592554690121e-02,5.912273413514636256e-02,6.634715734651899788e-02,1.400301946439970469e-02,7.484826684769943506e-02,4.920308431195728055e-02,6.345941454814424398e-02,4.106674232215050402e-02,8.641950290294143910e-02,2.963736029910936029e-02,2.541213662569787035e-02,2.670908777724863986e-02,1.579645972865350093e-02,3.308238679541608551e-02,3.039729261447113653e-02,5.521161581875107943e-02,3.242377878876921693e-02,1.083967454632040750e-01,9.915596850840485699e-02,2.569584469009960140e-02,7.485839927857092235e-02,2.098933055029232053e-01,8.963148348920389752e-02,1.129664717862462336e-01,8.918565653085831768e-02,1.750884054593537451e-02,6.121001489467338408e-02
9.706868774887782853e-03,2.591875816927239132e-02,1.612069751654119504e-02,6.930582716099419581e-03,3.319384353500248047e-02,4.371130677960949340e-02,4.901056812539896640e-02,9.504220157457976201e-03,5.527241040398001709e-02,3.756092124061483767e-02,3.569655396026060606e-02,2.844173345627349497e-02,6.798861114770043956e-02,1.170295765657138748e-02,1.999128610945051857e-02,1.902870517665893393e-02,1.381050327784138707e-02,2.852279290324541763e-02,0.000000000000000000e+00,4.429898777015593703e-02,2.284863161521080363e-02,8.174845227118437974e-02,6.431053874134944059e-02,2.746902009261041958e-02,6.393563879910429959e-02,1.344269603720628647e-01,6.773530037591318775e-02,8.869929984902677478e-02,6.354047399511617011e-02,1.284792234504980070e-02,5.047977060176506853e-02,2.061949682348292179e-02,1.515811658374960694e-02,2.387200713323133286e-02,1.287831963766427126e-02,2.011287527990840429e-02,9.352233694385619911e-03,8.298460883750620118e-03,1.985956450812114207e-02,1.308096825509407965e-02,1.607003536218374121e-02,1.008176871713292733e-02,1.682996767754552092e-02,5.410718085375862754e-03,5.795750458492497127e-03,1.057825782983595579e-02,2.347684232924321032e-02,2.535134204046892922e-02,1.025402004194826341e-02,3.492648921402733558e-02,4.353905545479416078e-02,4.811891420870781366e-02,1.038574164327763817e-02,5.480631858389146266e-02,3.611198362599171013e-02,4.720699543027367939e-02,3.097484117414608940e-02,6.294266057369823919e-02,2.177459394283282404e-02,1.946439970413301954e-02,1.941373754977556571e-02,1.167256036395691692e-02,2.405439088891815971e-02,2.276757216823888097e-02,4.072223967251983184e-02,2.408478818153263201e-02,7.912415267546836495e-02,7.365264000486357321e-02,1.889698357532955744e-02,5.480631858389146266e-02,1.554821517230198791e-01,6.649914380959136284e-02,8.325818447103644493e-02,6.576960878684405543e-02,1.330388173426686783e-02,4.515011196336112670e-02
2.032565632820969997e-02,5.515082123352213483e-02,3.410576231343661474e-02,1.490480581196234819e-02,7.080542692997476850e-02,9.371485313041451326e-02,1.049922486903833163e-01,1.942386998064705647e-02,1.188635465534536445e-01,7.987395255995866084e-02,7.537515325301692715e-02,5.804869646276838296e-02,1.457651505172606055e-01,2.463193944859311257e-02,4.115793419999391745e-02,4.077290182687728914e-02,2.931312251122166618e-02,6.074392307458482271e-02,4.429898777015593703e-02,0.000000000000000000e+00,4.751096835641838850e-02,1.735178786742727353e-01,1.343053712016049894e-01,5.697465879039040337e-02,1.366560951637907362e-01,2.839208454500319334e-01,1.448633641696979446e-01,1.900236085639305794e-01,1.361190763276017568e-01,2.701306070339335244e-02,1.069174105559664856e-01,4.478534445198747299e-02,3.198808426129512439e-02,5.026698955346377284e-02,2.724610661343762966e-02,4.241435562805873083e-02,1.996088881683604627e-02,1.744804596070643338e-02,4.366064462525204304e-02,2.818842268448623622e-02,3.409562988256512744e-02,2.149088587843109299e-02,3.544324318847334732e-02,1.186507655051523454e-02,1.205759273707355216e-02,2.282836675346782557e-02,4.941586536025857623e-02,5.326618909142492170e-02,2.166313720324643255e-02,7.435177773499640486e-02,9.270161004326547827e-02,1.036446353844750895e-01,2.191644797503369130e-02,1.169687819804849371e-01,7.678356114415409162e-02,9.952073601977851069e-02,6.405722796956217491e-02,1.352476872726535717e-01,4.631534151358252666e-02,3.982045332495719181e-02,4.154296657311055269e-02,2.492577994386633439e-02,5.155380827414304812e-02,4.779467642082011608e-02,8.630804616335505108e-02,5.048990303263656276e-02,1.694446414639336207e-01,1.555328138773773294e-01,4.007376409674445056e-02,1.170498414274568633e-01,3.280982440497299812e-01,1.405672134801860262e-01,1.774593942832825011e-01,1.399896649205110699e-01,2.807696594489984127e-02,9.620743112480115156e-02
1.036547678153465837e-02,2.757034440132532030e-02,1.711367574194725197e-02,7.437204259673937945e-03,3.641595655213642618e-02,4.717659813765920362e-02,5.377281063499944613e-02,1.047693352112105160e-02,5.921392601298977598e-02,4.107687475302199825e-02,3.888826968478007601e-02,3.109643034460397512e-02,7.453416149068323171e-02,1.243249267931869489e-02,2.112611836705743928e-02,2.039658334431013187e-02,1.510745442939215484e-02,3.050874935405753149e-02,2.284863161521080363e-02,4.751096835641838850e-02,0.000000000000000000e+00,8.769618919274922708e-02,6.947807848580953016e-02,3.014398184268387779e-02,6.896132451136352537e-02,1.457043559320316539e-01,7.302442929083116652e-02,9.644047703484542877e-02,6.850536512214645823e-02,1.374970869261244420e-02,5.443141864164631472e-02,2.307154509438359355e-02,1.634361099571398149e-02,2.581743386055748712e-02,1.394222487917076182e-02,2.159221018714599719e-02,1.021349031846230208e-02,8.916539166911534309e-03,2.257505598168056335e-02,1.415500592747205924e-02,1.749870811506388374e-02,1.092276047946662970e-02,1.812691882909628696e-02,6.028796368536776078e-03,6.231444985966583597e-03,1.153070633175605139e-02,2.536147447134041999e-02,2.700292827252186167e-02,1.117607125125388845e-02,3.826005897074766932e-02,4.692328736587194488e-02,5.245559462170569509e-02,1.148004417739859929e-02,5.819055049496924675e-02,3.973939387798526568e-02,5.135115965671323973e-02,3.430841093086642313e-02,6.815073004164429182e-02,2.362882879231556488e-02,2.072082113219782598e-02,2.109572107444297046e-02,1.282765748330682090e-02,2.604034733973027357e-02,2.438876110767734459e-02,4.354918788566564808e-02,2.681041208596354405e-02,8.488950584134639932e-02,7.988408499083014813e-02,2.077148328655527634e-02,5.929498545996170211e-02,1.698904684222792005e-01,7.097767825479010806e-02,8.966188078181835941e-02,7.057238101993049129e-02,1.420566808182951134e-02,4.868633033751127576e-02
