0.000000000000000000e+00,1.195235890745338994e-02,1.105803627793443093e-02,5.260721350111526896e-03,2.282100921678380592e-02,2.770295862968730205e-02,3.015445477883927500e-02,5.818357813223349467e-03,3.840326585581414764e-02,2.349438154959808053e-02,2.290518075838559112e-02,1.690795841925844811e-02,4.594714027187407623e-02,1.329910357308194090e-02,1.579268549303480471e-02,9.627120070704094784e-03,8.154118092672867774e-03,1.670805100795421175e-02,1.538234922772610536e-02,2.927065359202053740e-02,1.723412314296536227e-02,5.311224275072597839e-02,4.673624847439080549e-02,1.749715921047094100e-02,4.193847060308909802e-02,9.158915870544169502e-02,4.523168216825890903e-02,6.838937755144985919e-02,4.263288582130381893e-02,9.195740919994949136e-03,3.062791970034931324e-02,1.357266108328774104e-02,9.953284794411008940e-03,1.434072640040402399e-02,8.396111274777996736e-03,1.551912798282900630e-02,6.112958208829595043e-03,4.776734985901266370e-03,1.347796809898573270e-02,9.553469971802532740e-03,1.077395732502840764e-02,7.417617103657253401e-03,1.101595050713353834e-02,3.935019569883422240e-03,3.398425992172046835e-03,8.164639535373090923e-03,1.649762215394974876e-02,1.820209587138588506e-02,7.954210681368629673e-03,2.223180842557131304e-02,2.567232018854425160e-02,3.385800260931778882e-02,7.585960186860822053e-03,4.058120449476031871e-02,2.252640882117756121e-02,3.145911367366693162e-02,2.335760279449517959e-02,4.352720845082277967e-02,1.497201296241740601e-02,1.475106266571272334e-02,1.502462017591852175e-02,8.964269180590043323e-03,1.729725179916670116e-02,1.889651108960060596e-02,2.447287572071882647e-02,1.773915239257606996e-02,4.712554185429906201e-02,5.381717941164092245e-02,1.249947392786498850e-02,3.755102899709607950e-02,1.054879845124363502e-01,4.457935272084508072e-02,6.276040570683051600e-02,4.333782248221876299e-02,1.178401582424982129e-02,3.582551239425950385e-02
1.195235890745338994e-02,0.000000000000000000e+00,1.414081898909978589e-02,6.702159000042086194e-03,2.984933294053280714e-02,3.710912840368671417e-02,3.992887504734649040e-02,7.628045957661714650e-03,5.169184798619586713e-02,3.030175497664239562e-02,2.996506881023525831e-02,2.067463490593830083e-02,6.099280333319304775e-02,1.764445940827406162e-02,1.905433273010395320e-02,1.276250999537056549e-02,1.048987837212238608e-02,2.192668658726484518e-02,1.985396237532090560e-02,3.884516644922351991e-02,2.092714953074365641e-02,7.028323723748999829e-02,5.921467951685534942e-02,2.189512225916417573e-02,5.566895332688018283e-02,1.166827995454736699e-01,6.001430916207230182e-02,9.095787214342830607e-02,5.628971844619334169e-02,1.208913766255628915e-02,3.982366062034425891e-02,1.774967383527629311e-02,1.317284626067926484e-02,1.839148183998989827e-02,1.083708598122974653e-02,2.074828500483986288e-02,7.943689238668406524e-03,6.155043979630486772e-03,1.729725179916670116e-02,1.273094566726989604e-02,1.410925466099911645e-02,9.753377383106770840e-03,1.453011236900803894e-02,5.208114136610412018e-03,4.282227178990783562e-03,9.995370565211901537e-03,2.189512225916417573e-02,2.342073145069651849e-02,1.019527797651613964e-02,2.871301712890871743e-02,3.423677454652582219e-02,4.447413829384284922e-02,9.742855940406547691e-03,5.396447960944404654e-02,2.921804637851942166e-02,4.090736921846723634e-02,2.881823155591094546e-02,5.758385589832077517e-02,1.965405496401666577e-02,1.817053154328521561e-02,2.034847018223138668e-02,1.159462985564580634e-02,2.318925971129161268e-02,2.443078994991793387e-02,3.251125794368923960e-02,2.165312907705904677e-02,6.296031311813475584e-02,6.897857834266234167e-02,1.608728588864104941e-02,5.036614620596776420e-02,1.344745591515508487e-01,5.897268633475022392e-02,8.315096165986279875e-02,5.812044947603215578e-02,1.547704221202811370e-02,4.698876309919616107e-02
1.105803627793443093e-02,1.414081898909978589e-02,0.000000000000000000e+00,5.944615125626025523e-03,2.637725684945919913e-02,3.237447918858633866e-02,3.471023946803585697e-02,6.733723328142754774e-03,4.504229619965489928e-02,2.704010773957325059e-02,2.706115062497369689e-02,1.880181810529859762e-02,5.308067842262530894e-02,1.571903539413324266e-02,1.777071672067673941e-02,1.119481503303733014e-02,9.279912461596734330e-03,1.930684735490930531e-02,1.807583855898320727e-02,3.457346071293295603e-02,1.918059004250662752e-02,6.235006944152182012e-02,5.332267160473044137e-02,1.991709103152224103e-02,4.907200875384032379e-02,1.046357476537182751e-01,5.276503514161862141e-02,7.964732124068851782e-02,4.970329531585371274e-02,1.098438617903286889e-02,3.534152603004923898e-02,1.537182778502588221e-02,1.149993687134379799e-02,1.655022936745086451e-02,9.616598628003871635e-03,1.830731029838811655e-02,7.049366609149446648e-03,5.450107318715541847e-03,1.517192037372164411e-02,1.097386473633264574e-02,1.255208114136610424e-02,8.511847144480451377e-03,1.316232481797904169e-02,4.587349017297251419e-03,3.850848028281637914e-03,9.279912461596734330e-03,1.932789024030975161e-02,2.101132107234544161e-02,9.037919279491603633e-03,2.536719835023778374e-02,2.996506881023525831e-02,3.919237405833087690e-02,8.701233113084466328e-03,4.765161398931021253e-02,2.614578511005428985e-02,3.655149194057489420e-02,2.616682799545473614e-02,5.054501073187155080e-02,1.748663776777071785e-02,1.670805100795421175e-02,1.770758806447540051e-02,1.032153528891881569e-02,2.015908421362737346e-02,2.213711544126930816e-02,2.879718867051049916e-02,1.972770506291822781e-02,5.536383148857371150e-02,6.181347586381044645e-02,1.428811918690290825e-02,4.400067337233281445e-02,1.203653044905517444e-01,5.212322713690500930e-02,7.323976263625268934e-02,5.083961112747779898e-02,1.385674003619376260e-02,4.158074155128151095e-02
5.260721350111526896e-03,6.702159000042086194e-03,5.944615125626025523e-03,0.000000000000000000e+00,1.280459576617145809e-02,1.582424982113547415e-02,1.714995160136358054e-02,3.156432810066916572e-03,2.185303648836328314e-02,1.317284626067926484e-02,1.280459576617145809e-02,8.995833508690711036e-03,2.612474222465384355e-02,7.554395858760153473e-03,8.038382222970413132e-03,5.439585876015319565e-03,4.492656032995243943e-03,9.385126888598964087e-03,8.259332519675097531e-03,1.645553638314885617e-02,9.006354951390934185e-03,2.976516139893102195e-02,2.499894785572997699e-02,9.500862758301418728e-03,2.377846050250410209e-02,5.011363158116240862e-02,2.587222759984849144e-02,3.922393838643154634e-02,2.426244686671436349e-02,5.197592693910188869e-03,1.721308025756491597e-02,7.649088843062160949e-03,5.734186271621565141e-03,7.912124910567737077e-03,4.639956230798367165e-03,8.795926097386472936e-03,3.366861664071377387e-03,2.630360675055763448e-03,7.543874416059930324e-03,5.555321745717772472e-03,6.070872438028702446e-03,4.177012751988552937e-03,6.323387062834055425e-03,2.283153065948402994e-03,1.893859686040149726e-03,4.250662850890114114e-03,9.132612263793611976e-03,9.974327679811455238e-03,4.524220361095913391e-03,1.264677412566811085e-02,1.438281217120491486e-02,1.923319725600774327e-02,4.019191111485206566e-03,2.287361643028492167e-02,1.264677412566811085e-02,1.751820209587138730e-02,1.278355288077101179e-02,2.456756870502083134e-02,8.596018686082234836e-03,7.817431926265728734e-03,8.511847144480451377e-03,5.029249610706620216e-03,9.837548924708556033e-03,1.037414250241993144e-02,1.377256849459197914e-02,9.427212659399856684e-03,2.654559993266276605e-02,2.950212533142544669e-02,6.944152182147216024e-03,2.142165733765413749e-02,5.788897773662724650e-02,2.516729093893354738e-02,3.559404065485459456e-02,2.450444004881949245e-02,6.702159000042086194e-03,2.034847018223138668e-02
2.282100921678380592e-02,2.984933294053280714e-02,2.637725684945919913e-02,1.280459576617145809e-02,0.000000000000000000e+00,6.930474306636925930e-02,7.514414376499305159e-02,1.403560456209755440e-02,9.597660031143470660e-02,5.788897773662724650e-02,5.655275451369892042e-02,3.968688186524136491e-02,1.146837254324312994e-01,3.283742266739615029e-02,3.528891881654812324e-02,2.388367492950633358e-02,1.988552670342157158e-02,4.118092672867303822e-02,3.701443541938470583e-02,7.230335423593282906e-02,3.957114599553891027e-02,1.304869323681663307e-01,1.103594124826396128e-01,4.144396279617861001e-02,1.039413324355035612e-01,2.191511300029460041e-01,1.120428433146753028e-01,1.710365725348259869e-01,1.059614494339463781e-01,2.285257354488447537e-02,7.471276461428391635e-02,3.353183788561087814e-02,2.491477631412819180e-02,3.441563907242960879e-02,2.038003451033205612e-02,3.869786625142039582e-02,1.505618450401919120e-02,1.155254408484491374e-02,3.310045873490172902e-02,2.393628214300744933e-02,2.632464963595808338e-02,1.830731029838811655e-02,2.740835823408105734e-02,1.001641345061234784e-02,8.101510879171752028e-03,1.883338243339926707e-02,4.087580489036656689e-02,4.403223770043348390e-02,1.956988342241488057e-02,5.505870965026724712e-02,6.364420689364926054e-02,8.423467025798576924e-02,1.808636000168343042e-02,1.007638567400361979e-01,5.578468919658263747e-02,7.697487479483186568e-02,5.558478178527839764e-02,1.080236522031901014e-01,3.709860696098649102e-02,3.405791002062202866e-02,3.749842178359496375e-02,2.206346534236774612e-02,4.306426497201296111e-02,4.593661882917385308e-02,6.039308109928033519e-02,4.112831951517192247e-02,1.171247001388830422e-01,1.294032237700433463e-01,3.040696940364462711e-02,9.401961196919321473e-02,2.534720760910735837e-01,1.100016834308320396e-01,1.557594377341021130e-01,1.082235596144943413e-01,2.934430369092209945e-02,8.779091789066116591e-02
2.770295862968730205e-02,3.710912840368671417e-02,3.237447918858633866e-02,1.582424982113547415e-02,6.930474306636925930e-02,0.000000000000000000e+00,9.289381760026935164e-02,1.719203737216446967e-02,1.187239594293169470e-01,6.989394385758175565e-02,6.912587854046546576e-02,4.777787130171289032e-02,1.402403097512731067e-01,4.105466941627036043e-02,4.318000084171541575e-02,2.952316821682588951e-02,2.426244686671436349e-02,5.053448928917133459e-02,4.541054669416270256e-02,8.927444131139261607e-02,4.806195025461891535e-02,1.619565674845334924e-01,1.353688817810698164e-01,5.065022515887378229e-02,1.289192374058330814e-01,2.696856192921173179e-01,1.382622785236311547e-01,2.109444046967720310e-01,1.303922393838643223e-01,2.842893817600269241e-02,9.228357392365640899e-02,4.089684777576701319e-02,3.053322671604730490e-02,4.208577080089221517e-02,2.490425487142796865e-02,4.820925045242203943e-02,1.848617482429190662e-02,1.397247590589621724e-02,4.011826101595050709e-02,2.964942552922856731e-02,3.227978620428433032e-02,2.233702285257354453e-02,3.380539539581667308e-02,1.220487353225874379e-02,9.942763351710785791e-03,2.299987374268759599e-02,5.000841715416017713e-02,5.422751567694962527e-02,2.410462522621101972e-02,6.775809098943647024e-02,7.867934851226800197e-02,1.034047388577921806e-01,2.191616514456462203e-02,1.243950170447371689e-01,6.734775472412776742e-02,9.440890534910147125e-02,6.677959681831573124e-02,1.322860990699044614e-01,4.613652624047809292e-02,4.183325617608686653e-02,4.626278355288077071e-02,2.694541475527124225e-02,5.339632170363200342e-02,5.622658978999200280e-02,7.483902192668659414e-02,4.947182357644880346e-02,1.450486090652750304e-01,1.588106561171667985e-01,3.724590715878961511e-02,1.160725558688607412e-01,3.106666386094861232e-01,1.361264256554858831e-01,1.920689364925718678e-01,1.337801439333361486e-01,3.604646269096418304e-02,1.085812886663019283e-01
3.015445477883927500e-02,3.992887504734649040e-02,3.471023946803585697e-02,1.714995160136358054e-02,7.514414376499305159e-02,9.289381760026935164e-02,0.000000000000000000e+00,1.859138925129413811e-02,1.286772442237279490e-01,7.693278902403097308e-02,7.522831530659483679e-02,5.243887041791170378e-02,1.527292622364378738e-01,4.403223770043348390e-02,4.627330499558099386e-02,3.224822187618366087e-02,2.652455704726231975e-02,5.480619502546189153e-02,4.896679432683809924e-02,9.608181473843693809e-02,5.253356340221371212e-02,1.742140482302933502e-01,1.462480535331004694e-01,5.491140945246412303e-02,1.393565085644543622e-01,2.912545768275746072e-01,1.494781364420689485e-01,2.287887715163503255e-01,1.407663818862842364e-01,3.034384074744328821e-02,9.962754092841209774e-02,4.491603888725222149e-02,3.302680863600016697e-02,4.542106813686292571e-02,2.697697908337191169e-02,5.198644838180211530e-02,2.012751988552670401e-02,1.526661335802365245e-02,4.438996675224106403e-02,3.225874331888388402e-02,3.492066832204031995e-02,2.456756870502083134e-02,3.606750557636462934e-02,1.323597491688060200e-02,1.080552165312907709e-02,2.466226168932283969e-02,5.423803711964984842e-02,5.819409957493371782e-02,2.618787088085518244e-02,7.369218467236227088e-02,8.472917806489625725e-02,1.123584865956819973e-01,2.390471781490677988e-02,1.345376878077521876e-01,7.434451411977610613e-02,1.020895585202643008e-01,7.334497706325490696e-02,1.445541012583645424e-01,4.940869492024746457e-02,4.454778839274441127e-02,4.998737426875973083e-02,2.946003956062455409e-02,5.754177012751988257e-02,6.054038129708345928e-02,8.009974327679811323e-02,5.403812970834560858e-02,1.559067379319052093e-01,1.706998863684188461e-01,4.040233996885653212e-02,1.253629897731576848e-01,3.357392365641176935e-01,1.461533605487984611e-01,2.078721434283068992e-01,1.447119228988678896e-01,3.906611674592819911e-02,1.167774925297756783e-01
5.818357813223349467e-03,7.628045957661714650e-03,6.733723328142754774e-03,3.156432810066916572e-03,1.403560456209755440e-02,1.719203737216446967e-02,1.859138925129413811e-02,0.000000000000000000e+00,2.419931821051302459e-02,1.447750515550692320e-02,1.431968351500357770e-02,1.025840663271747853e-02,2.851310971760447760e-02,8.227768191574428083e-03,9.132612263793611976e-03,5.997222339127141269e-03,4.976642397205504470e-03,1.036362105971970829e-02,9.563991414502755889e-03,1.825470308488700080e-02,1.016371364841547019e-02,3.297420142249905123e-02,2.821850932199823289e-02,1.059509279912461584e-02,2.601952779765161552e-02,5.554269601447750504e-02,2.809225200959555510e-02,4.245402129540002539e-02,2.635621396405875283e-02,5.660536172720003097e-03,1.874921089179748188e-02,8.343504061276882725e-03,6.249736963932494248e-03,8.743318883885358925e-03,5.092378266907958244e-03,9.669205841504987381e-03,3.777197929380076737e-03,2.914439627961786308e-03,8.217246748874204934e-03,5.923572240225580092e-03,6.628508901140524150e-03,4.555784689196582839e-03,6.828416312444762250e-03,2.483060477252641094e-03,2.030638441143049581e-03,4.829342199402382116e-03,1.033205673161903884e-02,1.103699339253398463e-02,4.902992298303943293e-03,1.363578973948907820e-02,1.599259290433904454e-02,2.100079962964521846e-02,4.629434788098144016e-03,2.536719835023778374e-02,1.405664744749800070e-02,1.939101889651109051e-02,1.407769033289844700e-02,2.713480072387525893e-02,9.195740919994949136e-03,8.722275998484912626e-03,9.500862758301418728e-03,5.544800303017550190e-03,1.097386473633264574e-02,1.165775851184714523e-02,1.516139893102142096e-02,1.041622827322082404e-02,2.929169647742098370e-02,3.281637978199570399e-02,7.543874416059930324e-03,2.364168174740120462e-02,6.382307141955305407e-02,2.758722275998484741e-02,3.908715963132864540e-02,2.715584360927570523e-02,7.249274020453684748e-03,2.205294389966752297e-02
3.840326585581414764e-02,5.169184798619586713e-02,4.504229619965489928e-02,2.185303648836328314e-02,9.597660031143470660e-02,1.187239594293169470e-01,1.286772442237279490e-01,2.419931821051302459e-02,0.000000000000000000e+00,9.762846681536972715e-02,9.704978746685745394e-02,6.688481124531796274e-02,1.948886831362316441e-01,5.700517654980850890e-02,6.017213080257564906e-02,4.113884095787214562e-02,3.390008838011868142e-02,7.071461638819914741e-02,6.379150709145238463e-02,1.249105677370481032e-01,6.672698960481461550e-02,2.262215394974959048e-01,1.887652034847018268e-01,7.048314464879423813e-02,1.794958124658053156e-01,3.747317032111442958e-01,1.932999452884979485e-01,2.931273936282143278e-01,1.816211438912503640e-01,3.972896763604225751e-02,1.283089937292201388e-01,5.682631202390471536e-02,4.233828542569757075e-02,5.889903623584866188e-02,3.468919658263541067e-02,6.677959681831573124e-02,2.548293421994023839e-02,1.958040486511510372e-02,5.554269601447750504e-02,4.110727662977147617e-02,4.529481082446024792e-02,3.129077059046336123e-02,4.669416270358991289e-02,1.690795841925844811e-02,1.379361137999242370e-02,3.181684272547451869e-02,6.995707251378309455e-02,7.521779386389461364e-02,3.343714490130886979e-02,9.374605445898741285e-02,1.091073608013130719e-01,1.436176928580446821e-01,3.056479104414797435e-02,1.735722402255797381e-01,9.475611295820883517e-02,1.318652413618955355e-01,9.315685366777493037e-02,1.849143554564201819e-01,6.356003535204747534e-02,5.806784226253104003e-02,6.457009385126888379e-02,3.784562939270232768e-02,7.452337864567989967e-02,7.866882706956777882e-02,1.042043685030091260e-01,6.862084929085476848e-02,2.022957787971886578e-01,2.208135179495812339e-01,5.162871932999452823e-02,1.616198813181263516e-01,4.305900425066285231e-01,1.896490046715205713e-01,2.678128024914776528e-01,1.863347502209503070e-01,5.026093177896553271e-02,1.511826101595050709e-01
2.349438154959808053e-02,3.030175497664239562e-02,2.704010773957325059e-02,1.317284626067926484e-02,5.788897773662724650e-02,6.989394385758175565e-02,7.693278902403097308e-02,1.447750515550692320e-02,9.762846681536972715e-02,0.000000000000000000e+00,5.808888514793148633e-02,4.061276882286098816e-02,1.162093346239636421e-01,3.418416733302470645e-02,3.647784184167333216e-02,2.451496149151971560e-02,1.995917680232313363e-02,4.201212070199066007e-02,3.799292959050545176e-02,7.366062034426160143e-02,4.091789066116745949e-02,1.326859138925129411e-01,1.131896805689996260e-01,4.229619965489667816e-02,1.060456209755481632e-01,2.242750725979546222e-01,1.140524388704179104e-01,1.739299692773873252e-01,1.071082866882707013e-01,2.336812423719540274e-02,7.643828121712048507e-02,3.365809519801354899e-02,2.508311939733176218e-02,3.508901140524389034e-02,2.050629182273473392e-02,4.020243255755229228e-02,1.549808509742856000e-02,1.158410841294558319e-02,3.307941584950128272e-02,2.451496149151971560e-02,2.690332898447034965e-02,1.847565338159168347e-02,2.801860191069399306e-02,1.005849922141324043e-02,8.217246748874204934e-03,1.944362611001220625e-02,4.158074155128151095e-02,4.471613147594798165e-02,1.993813391692268733e-02,5.646858297209713523e-02,6.400193594545684761e-02,8.604435840242413702e-02,1.845461049619123717e-02,1.026892807541770064e-01,5.648962585749758153e-02,7.862674129876688622e-02,5.661588316990025932e-02,1.098333403476284692e-01,3.807710113210723696e-02,3.496275409284121255e-02,3.827700854341146985e-02,2.233702285257354453e-02,4.405328058583393019e-02,4.688354867219392957e-02,6.167669710870754551e-02,4.221202811329489296e-02,1.188607381844198480e-01,1.319494129034973207e-01,3.055426960144775120e-02,9.542948529102310284e-02,2.589853120659905139e-01,1.118008501325701842e-01,1.596734144185850690e-01,1.097176044779260146e-01,3.020706199234039074e-02,8.961112747779975685e-02
2.290518075838559112e-02,2.996506881023525831e-02,2.706115062497369689e-02,1.280459576617145809e-02,5.655275451369892042e-02,6.912587854046546576e-02,7.522831530659483679e-02,1.431968351500357770e-02,9.704978746685745394e-02,5.808888514793148633e-02,0.000000000000000000e+00,4.006565380244939134e-02,1.143786035941248280e-01,3.340558057320820035e-02,3.601489836286351359e-02,2.422036109591347089e-02,2.003282690122469567e-02,4.177012751988552763e-02,3.791927949160388972e-02,7.347123437565758475e-02,3.970792475064181121e-02,1.321703632002020068e-01,1.117061571482681759e-01,4.155969866588106465e-02,1.047409620807205066e-01,2.211396826732881515e-01,1.132843735533016344e-01,1.718782879508438111e-01,1.066243003240604365e-01,2.363116030470098147e-02,7.551239425950086182e-02,3.323723749000462996e-02,2.458861159042127764e-02,3.448928917133117084e-02,2.024325575522915865e-02,3.933967425613400098e-02,1.510879171752030695e-02,1.137367955894112194e-02,3.239552207398678496e-02,2.368376751820209722e-02,2.641934262026009173e-02,1.811792432978409986e-02,2.783973738479020299e-02,9.932241909010564376e-03,8.101510879171752028e-03,1.890703253230082911e-02,4.137031269727704796e-02,4.415849501283616169e-02,1.953831909431421113e-02,5.543748158747527355e-02,6.382307141955305407e-02,8.478178527839737300e-02,1.816001010058499246e-02,1.020369513067631850e-01,5.648962585749758153e-02,7.811119060645595191e-02,5.575312486848196802e-02,1.084234670257985811e-01,3.748790034089474060e-02,3.457346071293295603e-02,3.794032237700433602e-02,2.243171583687555287e-02,4.376920163292790517e-02,4.673624847439080549e-02,6.158200412440553717e-02,4.083371911956567429e-02,1.187765666428180628e-01,1.302238963006607519e-01,3.012289045073860555e-02,9.491393459871216853e-02,2.547767349859012542e-01,1.114536425234628203e-01,1.579268549303480540e-01,1.095176970666217747e-01,3.007028323723748980e-02,8.858002609317790210e-02
1.690795841925844811e-02,2.067463490593830083e-02,1.880181810529859762e-02,8.995833508690711036e-03,3.968688186524136491e-02,4.777787130171289032e-02,5.243887041791170378e-02,1.025840663271747853e-02,6.688481124531796274e-02,4.061276882286098816e-02,4.006565380244939134e-02,0.000000000000000000e+00,7.930011363158116777e-02,2.329447413829384417e-02,2.638777829215942228e-02,1.669752956525398860e-02,1.397247590589621724e-02,2.897605319641429270e-02,2.650351416186187345e-02,5.062918227347333600e-02,2.935482513362232260e-02,9.134716552333656259e-02,7.991035730819409655e-02,2.983881149783258399e-02,7.273473338664197818e-02,1.569273178738268548e-01,7.827953368965952230e-02,1.190501241530238646e-01,7.310298388114978840e-02,1.597155001893859824e-02,5.314380707882664784e-02,2.349438154959808053e-02,1.718151592946424652e-02,2.450444004881949245e-02,1.420394764530112305e-02,2.717688649467615153e-02,1.063717856992550843e-02,8.080467993771305729e-03,2.322082403939228212e-02,1.669752956525398860e-02,1.862295357939480756e-02,1.280459576617145809e-02,1.902276840200328376e-02,6.902066411346323427e-03,5.713143386221118843e-03,1.384621859349353945e-02,2.850258827490425445e-02,3.097512730945667370e-02,1.375152560919153284e-02,3.893985943352552825e-02,4.397963048693236815e-02,5.906737931905222533e-02,1.301502462017591934e-02,7.051470897689490758e-02,3.900298808972686021e-02,5.430116577585118731e-02,3.983418206304448206e-02,7.557552291570220071e-02,2.591431337064938403e-02,2.478851900172551748e-02,2.616682799545473614e-02,1.544547788392744425e-02,3.034384074744328821e-02,3.242708640208745441e-02,4.229619965489667816e-02,3.020706199234039074e-02,8.142544505702621616e-02,9.202053785615083026e-02,2.111653549934766963e-02,6.523294474138294219e-02,1.807794284752325120e-01,7.706956777913387402e-02,1.097281259206262377e-01,7.538613694709818402e-02,2.073776356213963973e-02,6.167669710870754551e-02
4.594714027187407623e-02,6.099280333319304775e-02,5.308067842262530894e-02,2.612474222465384355e-02,1.146837254324312994e-01,1.402403097512731067e-01,1.527292622364378738e-01,2.851310971760447760e-02,1.948886831362316441e-01,1.162093346239636421e-01,1.143786035941248280e-01,7.930011363158116777e-02,0.000000000000000000e+00,6.721097596902486648e-02,7.080930937250115575e-02,4.894575144143765294e-02,3.999200370354782930e-02,8.358234081057194786e-02,7.474432894238458580e-02,1.466478683557089213e-01,7.983670720929253450e-02,2.653297420142249896e-01,2.224864273389167146e-01,8.350869071167038582e-02,2.117545557846891857e-01,4.429948234501914772e-01,2.266739615336055003e-01,3.462291149362400344e-01,2.141955304911409563e-01,4.602079037077563828e-02,1.511510458314044014e-01,6.744244770842977577e-02,5.019780312276419382e-02,6.963090779007617692e-02,4.114936240057236877e-02,7.914229199107782053e-02,3.050166238794663545e-02,2.323134548209250527e-02,6.665333950591305345e-02,4.913513741004166269e-02,5.352257901603468121e-02,3.718277850258827621e-02,5.513235974916880916e-02,2.003282690122469567e-02,1.639240772694752074e-02,3.797188670510500547e-02,8.278271116535498853e-02,8.874836917638145861e-02,3.964479609444047231e-02,1.112011278986574647e-01,1.282879508438196925e-01,1.702685072177096970e-01,3.635158452927065437e-02,2.042422456967299405e-01,1.125057867934851213e-01,1.549598080888851537e-01,1.112642565548588036e-01,2.190038298051428800e-01,7.516518665039349789e-02,6.837885610874963604e-02,7.640671688901981562e-02,4.451622406464374182e-02,8.746475316695424829e-02,9.265182441816421921e-02,1.221118639787887733e-01,8.229872480114473754e-02,2.373953116451327783e-01,2.602899709608181289e-01,6.118218930179706444e-02,1.901961196919321473e-01,5.108265645385294818e-01,2.219077479904044414e-01,3.157274525482934302e-01,2.191511300029460041e-01,5.907790076175244848e-02,1.782648036698792071e-01
1.329910357308194090e-02,1.764445940827406162e-02,1.571903539413324266e-02,7.554395858760153473e-03,3.283742266739615029e-02,4.105466941627036043e-02,4.403223770043348390e-02,8.227768191574428083e-03,5.700517654980850890e-02,3.418416733302470645e-02,3.340558057320820035e-02,2.329447413829384417e-02,6.721097596902486648e-02,0.000000000000000000e+00,2.108497117124700018e-02,1.407769033289844700e-02,1.181558015235049074e-02,2.430453263751525608e-02,2.213711544126930816e-02,4.304322208661251481e-02,2.310508816968982748e-02,7.767981145574681667e-02,6.515929464248138014e-02,2.448339716341904962e-02,6.159252556710576032e-02,1.291296662598375444e-01,6.671646816211439235e-02,1.010374142502419997e-01,6.301292033163587158e-02,1.368839695299019395e-02,4.424266655443794688e-02,1.959092630781532687e-02,1.455115525440848524e-02,2.033794873953116353e-02,1.205757333445561970e-02,2.276840200328269018e-02,8.901140524388704428e-03,6.828416312444762250e-03,1.922267581330752012e-02,1.399351879129666180e-02,1.555069231092967401e-02,1.077395732502840764e-02,1.626615041454484295e-02,5.839400698623794898e-03,4.839863642102605265e-03,1.093177896553175314e-02,2.412566811161146255e-02,2.600900635495139238e-02,1.152097975674424429e-02,3.223770043348343772e-02,3.781406506460165823e-02,4.951390934724969606e-02,1.055300702832372324e-02,5.971970876646606058e-02,3.299524430789949753e-02,4.554732544926560350e-02,3.255334371449013220e-02,6.352847102394680590e-02,2.195825091536551463e-02,2.007491267202558827e-02,2.224232986827153619e-02,1.310971760447792595e-02,2.544084844913934579e-02,2.722949370817726381e-02,3.593072682126172840e-02,2.385211060140566414e-02,6.949412903497327598e-02,7.609107360801313502e-02,1.796010268928075262e-02,5.583729641008375322e-02,1.492992719161651549e-01,6.540128782458651258e-02,9.220992382475484694e-02,6.435966499726442080e-02,1.740246622616893266e-02,5.196540549640166901e-02
1.579268549303480471e-02,1.905433273010395320e-02,1.777071672067673941e-02,8.038382222970413132e-03,3.528891881654812324e-02,4.318000084171541575e-02,4.627330499558099386e-02,9.132612263793611976e-03,6.017213080257564906e-02,3.647784184167333216e-02,3.601489836286351359e-02,2.638777829215942228e-02,7.080930937250115575e-02,2.108497117124700018e-02,0.000000000000000000e+00,1.485627709271495310e-02,1.272042422456967289e-02,2.615630655275451300e-02,2.471486890282395543e-02,4.650477673498590314e-02,2.712427928117503578e-02,8.403476284668154328e-02,7.403939228146963480e-02,2.775556584318841780e-02,6.599048861579899505e-02,1.445856655864652118e-01,7.147216026261521415e-02,1.067610790791633374e-01,6.685324691721729329e-02,1.474054122301250019e-02,4.837759353562560288e-02,2.061150624973696541e-02,1.534026345692521276e-02,2.246328016497622232e-02,1.296241740667480359e-02,2.450444004881949245e-02,9.532427086402088176e-03,7.417617103657253401e-03,2.018012709902781976e-02,1.458271958250915296e-02,1.685535120575733237e-02,1.128950801733933675e-02,1.727620891376625487e-02,6.049829552628256148e-03,5.281764235511973195e-03,1.300450317747569619e-02,2.584066327174782199e-02,2.894448886831362325e-02,1.213122343335718174e-02,3.431042464542738424e-02,4.043390429695720156e-02,5.244939186061192693e-02,1.191027313665249734e-02,6.402297883085729391e-02,3.468919658263541067e-02,4.935608770674634882e-02,3.604646269096418304e-02,6.708471865662220257e-02,2.354698876309919628e-02,2.391523925760700303e-02,2.368376751820209722e-02,1.380413282269264685e-02,2.684020032826901075e-02,2.987037582593325344e-02,3.945541012583645563e-02,2.790286604099154188e-02,7.469172172888347006e-02,8.512899288750473692e-02,1.941206178191153681e-02,5.878330036614620724e-02,1.666491309288329614e-01,7.115651698160851968e-02,9.897521148099827637e-02,6.823155591094651196e-02,1.880181810529859762e-02,5.632128277429401114e-02
9.627120070704094784e-03,1.276250999537056549e-02,1.119481503303733014e-02,5.439585876015319565e-03,2.388367492950633358e-02,2.952316821682588951e-02,3.224822187618366087e-02,5.997222339127141269e-03,4.113884095787214562e-02,2.451496149151971560e-02,2.422036109591347089e-02,1.669752956525398860e-02,4.894575144143765294e-02,1.407769033289844700e-02,1.485627709271495310e-02,0.000000000000000000e+00,8.438197045578889333e-03,1.748663776777071785e-02,1.574007827953368896e-02,3.091199865325533480e-02,1.670805100795421175e-02,5.545852447287571985e-02,4.676781280249147493e-02,1.757080930937249957e-02,4.431631665333950892e-02,9.287277471486890534e-02,4.791465005681579126e-02,7.307141955304911896e-02,4.505281764235512243e-02,9.795463153907663437e-03,3.173267118387273350e-02,1.420394764530112305e-02,1.066874289802617788e-02,1.451959092630781580e-02,8.522368587180674526e-03,1.659231513825175711e-02,6.439122932536509199e-03,4.860906527503051563e-03,1.402508311939733125e-02,1.016371364841547019e-02,1.118429359033710699e-02,7.806910483565506452e-03,1.178401582424982129e-02,4.271705736290560412e-03,3.451033205673161713e-03,7.880560582467067629e-03,1.738142334076848636e-02,1.847565338159168347e-02,8.301418290475990128e-03,2.345229577879718794e-02,2.697697908337191169e-02,3.589916249316105895e-02,7.691174613863052678e-03,4.298009343041117591e-02,2.374689617440343264e-02,3.281637978199570399e-02,2.332603846639451362e-02,4.616809056857876237e-02,1.586633559193636675e-02,1.435124784310424714e-02,1.610832877404149571e-02,9.374605445898740938e-03,1.850721770969235291e-02,1.944362611001220625e-02,2.571440595934514420e-02,1.727620891376625487e-02,4.980850974285593730e-02,5.477463069736122209e-02,1.276250999537056549e-02,4.012878245865073024e-02,1.073187155422751504e-01,4.674676991709102863e-02,6.632717478220613583e-02,4.597870459997474568e-02,1.247843104246454220e-02,3.757207188249652580e-02
8.154118092672867774e-03,1.048987837212238608e-02,9.279912461596734330e-03,4.492656032995243943e-03,1.988552670342157158e-02,2.426244686671436349e-02,2.652455704726231975e-02,4.976642397205504470e-03,3.390008838011868142e-02,1.995917680232313363e-02,2.003282690122469567e-02,1.397247590589621724e-02,3.999200370354782930e-02,1.181558015235049074e-02,1.272042422456967289e-02,8.438197045578889333e-03,0.000000000000000000e+00,1.450906948360759265e-02,1.316232481797904169e-02,2.557762720424224673e-02,1.411977610369933959e-02,4.636799797988300220e-02,3.920289550103110005e-02,1.466689112411093815e-02,3.684609233618113544e-02,7.775346155464837872e-02,3.966583897984091861e-02,6.043516687008122779e-02,3.730903581499095401e-02,8.248811076974874382e-03,2.651403560456209660e-02,1.164723706914692208e-02,8.617061571482681134e-03,1.201548756365472884e-02,7.038845166449223499e-03,1.382517570809309315e-02,5.260721350111526896e-03,3.966583897984091688e-03,1.147889398594335170e-02,8.480282816379781929e-03,9.227305248095618584e-03,6.365472833634948022e-03,9.563991414502755889e-03,3.429990320272715849e-03,2.861832414460670996e-03,6.754766213543201073e-03,1.438281217120491486e-02,1.563486385253145747e-02,6.817894869744539101e-03,1.936997601111064421e-02,2.227389419637220563e-02,2.959681831572745156e-02,6.365472833634948022e-03,3.552039055595303252e-02,1.938049745381086736e-02,2.713480072387525893e-02,1.943310466731198310e-02,3.799292959050545176e-02,1.314128193257859539e-02,1.213122343335718174e-02,1.318336770337948799e-02,7.764824712764613855e-03,1.522452758722275985e-02,1.616093598754261146e-02,2.154791465005681528e-02,1.456167669710870839e-02,4.151761289508017205e-02,4.566306131896805814e-02,1.056352847102394639e-02,3.306889440680105957e-02,8.955852026429864110e-02,3.906611674592819911e-02,5.532174571777281891e-02,3.810866546020790641e-02,1.046883548672193978e-02,3.100669163755734314e-02
1.670805100795421175e-02,2.192668658726484518e-02,1.930684735490930531e-02,9.385126888598964087e-03,4.118092672867303822e-02,5.053448928917133459e-02,5.480619502546189153e-02,1.036362105971970829e-02,7.072513783089937056e-02,4.201212070199066007e-02,4.177012751988552763e-02,2.897605319641429270e-02,8.358234081057194786e-02,2.430453263751525608e-02,2.615630655275451300e-02,1.748663776777071785e-02,1.450906948360759265e-02,0.000000000000000000e+00,2.736627246328016475e-02,5.327006439122932563e-02,2.894448886831362325e-02,9.614494339463827699e-02,8.092041580741551887e-02,3.029123353394217247e-02,7.634358823281849060e-02,1.609885947561129627e-01,8.239341778544674588e-02,1.253419468877572385e-01,7.758511847144480833e-02,1.679222254955599347e-02,5.493245233786456933e-02,2.423088253861369404e-02,1.812844577248432301e-02,2.519885526703421683e-02,1.475106266571272334e-02,2.848154538950380815e-02,1.097386473633264574e-02,8.322461175876436426e-03,2.383106771600521784e-02,1.744455199696982525e-02,1.932789024030975161e-02,1.337275367198350294e-02,1.984344093262068245e-02,7.144059593451454124e-03,5.955136568326248672e-03,1.361474685408863190e-02,2.996506881023525831e-02,3.214300744918142938e-02,1.417238331720045534e-02,3.999200370354782930e-02,4.650477673498590314e-02,6.141366104120196678e-02,1.322545347418037885e-02,7.393417785446740331e-02,4.072850469256344280e-02,5.635284710239468059e-02,4.041286141155675526e-02,7.925802786078027518e-02,2.706115062497369689e-02,2.505155506923109274e-02,2.761878708808551686e-02,1.625562897184461980e-02,3.173267118387273350e-02,3.367913808341399529e-02,4.473717436134842795e-02,2.991246159673414257e-02,8.634948024073060835e-02,9.451411977610370274e-02,2.194772947266529148e-02,6.866293506165566107e-02,1.855877277892344634e-01,8.124658053112242262e-02,1.147047683178317456e-01,7.943689238668406871e-02,2.164260763435882362e-02,6.482260847607423937e-02
1.538234922772610536e-02,1.985396237532090560e-02,1.807583855898320727e-02,8.259332519675097531e-03,3.701443541938470583e-02,4.541054669416270256e-02,4.896679432683809924e-02,9.563991414502755889e-03,6.379150709145238463e-02,3.799292959050545176e-02,3.791927949160388972e-02,2.650351416186187345e-02,7.474432894238458580e-02,2.213711544126930816e-02,2.471486890282395543e-02,1.574007827953368896e-02,1.316232481797904169e-02,2.736627246328016475e-02,0.000000000000000000e+00,4.873532258743318996e-02,2.659820714616388179e-02,8.767518202095871127e-02,7.490215058288791916e-02,2.790286604099154188e-02,6.904170699886368057e-02,1.467951685535120454e-01,7.436555700517655243e-02,1.121691006270779806e-01,7.003072261268465659e-02,1.551912798282900630e-02,4.997685282605950768e-02,2.184251504566305999e-02,1.628719329994528925e-02,2.335760279449517959e-02,1.361474685408863190e-02,2.574597028744581365e-02,9.879634695509448630e-03,7.628045957661714650e-03,2.126383569715079372e-02,1.556121375362989716e-02,1.769706662177517736e-02,1.191027313665249734e-02,1.831783174108833970e-02,6.491730146037624945e-03,5.418542990614873267e-03,1.272042422456967289e-02,2.731366524977904900e-02,2.935482513362232260e-02,1.284668153697234895e-02,3.615167711796641453e-02,4.224359244139556241e-02,5.525861706157148001e-02,1.214174487605740489e-02,6.740036193762888317e-02,3.700391397668448268e-02,5.174445519969698287e-02,3.656201338327511735e-02,7.137746727831320581e-02,2.458861159042127764e-02,2.325238836749295157e-02,2.503051218383064644e-02,1.465636968141071500e-02,2.863936703000715539e-02,3.104877740835823574e-02,4.060224738016076501e-02,2.707167206767392004e-02,7.815327637725684451e-02,8.647573755313328614e-02,1.995917680232313363e-02,6.238163376962248957e-02,1.683536046462690838e-01,7.375531332856360978e-02,1.040675897479062390e-01,7.197718951222591144e-02,1.973822650561845096e-02,5.862547872564286000e-02
2.927065359202053740e-02,3.884516644922351991e-02,3.457346071293295603e-02,1.645553638314885617e-02,7.230335423593282906e-02,8.927444131139261607e-02,9.608181473843693809e-02,1.825470308488700080e-02,1.249105677370481032e-01,7.366062034426160143e-02,7.347123437565758475e-02,5.062918227347333600e-02,1.466478683557089213e-01,4.304322208661251481e-02,4.650477673498590314e-02,3.091199865325533480e-02,2.557762720424224673e-02,5.327006439122932563e-02,4.873532258743318996e-02,0.000000000000000000e+00,5.069231092967467489e-02,1.699212996086023331e-01,1.432389209208366765e-01,5.324902150582887933e-02,1.348743739741593284e-01,2.833108875889062128e-01,1.453432094608812786e-01,2.197403307941585004e-01,1.363158116240898998e-01,2.971255418542990620e-02,9.677622995665165206e-02,4.283279323260805183e-02,3.161693531417027886e-02,4.465300281974664276e-02,2.629308530785741393e-02,5.036614620596776420e-02,1.936997601111064421e-02,1.469845545221160760e-02,4.174908463448508134e-02,3.072261268465131812e-02,3.415260300492403700e-02,2.330499558099406732e-02,3.525735448844745379e-02,1.258364546946677369e-02,1.046883548672193978e-02,2.431505408021547923e-02,5.301754976642397005e-02,5.685787635200538481e-02,2.491477631412819180e-02,7.007280838348554919e-02,8.239341778544674588e-02,1.076659231513825143e-01,2.334708135179495644e-02,1.308657043053743640e-01,7.149320314801566045e-02,9.981692689701611443e-02,7.058835907579646962e-02,1.385674003619376260e-01,4.768317831741088197e-02,4.452674550734396497e-02,4.876688691553385940e-02,2.851310971760447760e-02,5.576364631118219117e-02,5.965658011026472168e-02,7.902655612137536589e-02,5.224948444930768710e-02,1.525819620386347497e-01,1.671436387357434494e-01,3.903455241782752966e-02,1.215542275156769464e-01,3.266066243003240555e-01,1.433336139051386848e-01,2.014435419384706105e-01,1.404507386052775419e-01,3.805605824670679066e-02,1.137578384748116622e-01
1.723412314296536227e-02,2.092714953074365641e-02,1.918059004250662752e-02,9.006354951390934185e-03,3.957114599553891027e-02,4.806195025461891535e-02,5.253356340221371212e-02,1.016371364841547019e-02,6.672698960481461550e-02,4.091789066116745949e-02,3.970792475064181121e-02,2.935482513362232260e-02,7.983670720929253450e-02,2.310508816968982748e-02,2.712427928117503578e-02,1.670805100795421175e-02,1.411977610369933959e-02,2.894448886831362325e-02,2.659820714616388179e-02,5.069231092967467489e-02,0.000000000000000000e+00,9.187323765834770617e-02,8.101510879171752721e-02,3.038592651824418081e-02,7.299776945414755691e-02,1.590105635284710106e-01,7.871091284036867142e-02,1.189343882833214100e-01,7.371322755776271718e-02,1.584529270653592045e-02,5.316484996422709414e-02,2.369428896090232037e-02,1.729725179916670116e-02,2.469382601742350913e-02,1.439333361390513800e-02,2.700854341147258114e-02,1.064770001262573158e-02,8.206725306173981785e-03,2.336812423719540274e-02,1.658179369555153396e-02,1.853878203779302236e-02,1.277303143807078864e-02,1.908589705820462265e-02,6.944152182147216024e-03,5.786793485122680020e-03,1.418290475990067676e-02,2.856571693110559335e-02,3.152224232986827052e-02,1.379361137999242370e-02,3.875047346492151157e-02,4.477926013214932055e-02,5.909894364715289478e-02,1.328858213038171775e-02,7.084087370060182520e-02,3.895038087622575140e-02,5.461680905685787485e-02,4.029712554185430062e-02,7.563865157190353961e-02,2.603004924035183867e-02,2.554606287614157728e-02,2.631412819325786023e-02,1.544547788392744425e-02,3.021758343504061389e-02,3.264803669879214054e-02,4.268549303480493468e-02,3.059635537224864379e-02,8.177265266613358008e-02,9.366188291738562766e-02,2.155843609275703843e-02,6.544337359538740517e-02,1.827995454736753567e-01,7.751146837254324629e-02,1.093809183115188738e-01,7.544926560329952292e-02,2.052733470813518021e-02,6.196077606161357054e-02
