0.000000000000000000e+00,1.379483607212598009e-02,1.057451837979193551e-02,5.001770032774154918e-03,1.937900398542863334e-02,3.110689855999269199e-02,3.073005287259189880e-02,6.177985360116022492e-03,3.490961413285523229e-02,2.125181285614772403e-02,2.355856524569197030e-02,1.479975790519476135e-02,4.851031757813838163e-02,1.097420319976247227e-02,1.429729698866036985e-02,1.169363587570943983e-02,7.719626808573810603e-03,1.585035800340302975e-02,1.284701207048156296e-02,2.933686578583745430e-02,1.581609930454841439e-02,5.403738766001667249e-02,4.395391063047425495e-02,1.751761468099441443e-02,3.839258184974134874e-02,8.542977537713117298e-02,4.803069579417373891e-02,6.919115212004248172e-02,3.938608411652525648e-02,9.900763968984458568e-03,3.123251378912628856e-02,1.253868378079000569e-02,9.489659582729048290e-03,1.482259703776450492e-02,8.975779099909785008e-03,1.386335346983521601e-02,5.401454852744692545e-03,5.104546129338007922e-03,1.300688599846977836e-02,8.473318183375395246e-03,1.128253148945403128e-02,7.491235482876360159e-03,8.850163870776188435e-03,2.717856775799655251e-03,3.300254656328152712e-03,8.667450810218227733e-03,1.612442759423996994e-02,1.810001256152291363e-02,5.595587479587525032e-03,2.087496716874693084e-02,2.843472004933252778e-02,3.119825509027167321e-02,1.073439230778015091e-02,3.730772305267845979e-02,2.229099338807112238e-02,3.042172458290033979e-02,2.012127579394534446e-02,4.645479564686133545e-02,1.272139684134796639e-02,1.645559501650127252e-02,1.249300551565051508e-02,7.525494181730978116e-03,1.426303828980575276e-02,1.598739279882150158e-02,2.790942000022839098e-02,1.876234740604551879e-02,5.073713300368851847e-02,5.197044616245474757e-02,1.270997727506309287e-02,3.583459900192990932e-02,1.059507359910470542e-01,4.493599333097329090e-02,6.293322979593235500e-02,4.579246080233873029e-02,9.238429124461853409e-03,3.180349210336991250e-02
1.379483607212598009e-02,0.000000000000000000e+00,1.666114720962897852e-02,7.856661603992280696e-03,3.099270289714396720e-02,5.063435690712466547e-02,4.887574369925429957e-02,9.238429124461853409e-03,5.801139672715230344e-02,3.406456622777467164e-02,3.860955360915392653e-02,2.174285420639724201e-02,7.716200938688348721e-02,1.772316687412212044e-02,2.137742808528132060e-02,1.905925612945220254e-02,1.224177505738332020e-02,2.570544370724799771e-02,2.061231714419486244e-02,4.848747844556863806e-02,2.341011088398862669e-02,8.957507793853988765e-02,6.881430643264169200e-02,2.570544370724799771e-02,6.321871895305415656e-02,1.351619865477509119e-01,7.866939213648665996e-02,1.113864495426463708e-01,6.437209514782628317e-02,1.622720369080382294e-02,5.044022428028183819e-02,2.008701709509072911e-02,1.510808619488631863e-02,2.322739782343066772e-02,1.401180783153855788e-02,2.209686076122828816e-02,9.010037798764402098e-03,7.879500736562026000e-03,2.093206500017129323e-02,1.374915780698649122e-02,1.731206248786671190e-02,1.217325765967408602e-02,1.409174479553266558e-02,4.442211284815402762e-03,4.944672201349792524e-03,1.277849467277232878e-02,2.591099590037570372e-02,2.870878964016946797e-02,8.930100834770296134e-03,3.395037056492594685e-02,4.536993684979844649e-02,5.029176991857849111e-02,1.621578412451895115e-02,6.198540579428793440e-02,3.562904680880220332e-02,4.856741540956274750e-02,2.949673971382566970e-02,7.511790702189130586e-02,2.064657584304948126e-02,2.452922837990613100e-02,2.053238018020075648e-02,1.225319462366819372e-02,2.327307608857015486e-02,2.576254153867236010e-02,4.457056720985737297e-02,2.773812650595530380e-02,8.228939464879124477e-02,8.093046626089141216e-02,1.920771049115554616e-02,5.938174468133700090e-02,1.665657938311503050e-01,7.353058730829403755e-02,1.027418378649978814e-01,7.511790702189130586e-02,1.532505795429889642e-02,5.095410476310109626e-02
1.057451837979193551e-02,1.666114720962897852e-02,0.000000000000000000e+00,5.744041841290867777e-03,2.230241295435599416e-02,3.674816430471970763e-02,3.567472507394169046e-02,6.931676734917608003e-03,4.190980826548207361e-02,2.451780881362125922e-02,2.758967214425196018e-02,1.599881236510637336e-02,5.642407701355502819e-02,1.274423597391770996e-02,1.587319713597277679e-02,1.353218604757391343e-02,8.998618232479530313e-03,1.851111694777832217e-02,1.507382749603170154e-02,3.505806849455857938e-02,1.734632118672132725e-02,6.441777341296577031e-02,5.034886775000285697e-02,1.918487135858580259e-02,4.578104123605385156e-02,9.867647226758327617e-02,5.681234226724068970e-02,8.046226404321163428e-02,4.645479564686133545e-02,1.159085977914558856e-02,3.656545124416174519e-02,1.435439482008473398e-02,1.097420319976247227e-02,1.726638422272722129e-02,1.046032271694321072e-02,1.606732976281560754e-02,6.486313649807580635e-03,5.903915769279083174e-03,1.500531009832246562e-02,1.006063789697267223e-02,1.292694903447567066e-02,8.838744304491314915e-03,1.018625312610627054e-02,3.094702463200447572e-03,3.734198175153307861e-03,9.877924836414713264e-03,1.872808870719089996e-02,2.133174982014182999e-02,6.463474517237835330e-03,2.426657835535406260e-02,3.328803572040334169e-02,3.641699688245840505e-02,1.195628590026150823e-02,4.467334330642121903e-02,2.578538067124210714e-02,3.505806849455857938e-02,2.207402162865854459e-02,5.425435941942925028e-02,1.466272310977629126e-02,1.815711039294727602e-02,1.468556224234603656e-02,8.850163870776188435e-03,1.688953853532642810e-02,1.867099087576653757e-02,3.251150521303201174e-02,2.046386278249152230e-02,5.994130342929575306e-02,5.963297513960420099e-02,1.445717091664858525e-02,4.253788441115006341e-02,1.217211570304559815e-01,5.355776587605202976e-02,7.410156562253765455e-02,5.425435941942925028e-02,1.111123799518094236e-02,3.703365346184151613e-02
5.001770032774154918e-03,7.856661603992280696e-03,5.744041841290867777e-03,0.000000000000000000e+00,1.090568580205323809e-02,1.762039077755826744e-02,1.726638422272722129e-02,3.311674222613025364e-03,2.000708013109661967e-02,1.172789457456405865e-02,1.330379472187646385e-02,7.685368109719192646e-03,2.713288949285706103e-02,6.269341890395002843e-03,7.673948543434319994e-03,6.543411481231943029e-03,4.190980826548207881e-03,8.998618232479530313e-03,7.148648494330184927e-03,1.663830807705923495e-02,8.347702954241798673e-03,3.091276593314985777e-02,2.400392833080199767e-02,9.284107389601342283e-03,2.191414770067032919e-02,4.739120008222087732e-02,2.705295252886295507e-02,3.891788189884547861e-02,2.223389555664675998e-02,5.538489648163162637e-03,1.776884513926161105e-02,7.182907193184802884e-03,5.458552684169054939e-03,8.359122520526670458e-03,5.013189599059027571e-03,7.765305073713300345e-03,3.060443764345830049e-03,2.809213306078635168e-03,7.536913748015850768e-03,4.956091767634665177e-03,6.200824492685767797e-03,4.293756923112060017e-03,4.921833068780048087e-03,1.610158846167022506e-03,1.758613207870365035e-03,4.579246080233872855e-03,9.124233461613128621e-03,1.018625312610627054e-02,3.197478559764300142e-03,1.188776850255227231e-02,1.594171453368201097e-02,1.763181034384313922e-02,5.755461407575740429e-03,2.143452591670568300e-02,1.250442508193538860e-02,1.714076899359362471e-02,1.058593794607680730e-02,2.625358288892187808e-02,7.205746325754548189e-03,8.884422569630805525e-03,7.137228928045313142e-03,4.213819959117952318e-03,8.096472495974602057e-03,9.010037798764402098e-03,1.562196667770558017e-02,9.843666137560096174e-03,2.864027224246023032e-02,2.862885267617535853e-02,6.954515867487352440e-03,2.071509324075871544e-02,5.870799027052952396e-02,2.556840891182952935e-02,3.607440989391223068e-02,2.600235243065468493e-02,5.184483093332115620e-03,1.783736253697084523e-02
1.937900398542863334e-02,3.099270289714396720e-02,2.230241295435599416e-02,1.090568580205323809e-02,0.000000000000000000e+00,6.801493679270061155e-02,6.769518893672418769e-02,1.273281640763283817e-02,7.820118991880688208e-02,4.677454350283775930e-02,5.258710274183786559e-02,3.038746588404572443e-02,1.066587491007091604e-01,2.454064794619100279e-02,2.915415272527949533e-02,2.576254153867236010e-02,1.651269284792563491e-02,3.508090762712832295e-02,2.774954607224017558e-02,6.521714305290685076e-02,3.253434434560175531e-02,1.200995786180040908e-01,9.265836083545546387e-02,3.554910984480809388e-02,8.592081672738069442e-02,1.837065628247439297e-01,1.053797576768034372e-01,1.527823773253091932e-01,8.726832554899564831e-02,2.203976292980392576e-02,6.905411732462400642e-02,2.806929392821660638e-02,2.078361063846794962e-02,3.240872911646815874e-02,1.948178008199248634e-02,3.090134636686498598e-02,1.237880985280179029e-02,1.097420319976247227e-02,2.910847446014000472e-02,1.924196919001016498e-02,2.400392833080199767e-02,1.669540590848359735e-02,1.934474528657401451e-02,6.235083191540384887e-03,6.840320204638627652e-03,1.796297776610444180e-02,3.544633374824424088e-02,3.872374927200265132e-02,1.219609679224383132e-02,4.696867612968059352e-02,6.118603615434686088e-02,6.945380214459455359e-02,2.247370644862908134e-02,8.355696650641208922e-02,4.970937203804999538e-02,6.690723886306798596e-02,4.133882995123844967e-02,1.029816487569802097e-01,2.874304833902408332e-02,3.387043360093183741e-02,2.785232216880402858e-02,1.658121024563486909e-02,3.154084207881784757e-02,3.519510328997704773e-02,6.055796000867887108e-02,3.871232970571777954e-02,1.109753451563909588e-01,1.108611494935422409e-01,2.676746337174113963e-02,8.056504013977548728e-02,2.269981386106955656e-01,9.959003757037307447e-02,1.407004761959140815e-01,1.013714899108131839e-01,2.073793237332846248e-02,6.971645216914661158e-02
3.110689855999269199e-02,5.063435690712466547e-02,3.674816430471970763e-02,1.762039077755826744e-02,6.801493679270061155e-02,0.000000000000000000e+00,1.080176774886089791e-01,2.042960408363690347e-02,1.270655140517763237e-01,7.414724388767714169e-02,8.401374915780698838e-02,4.889858283182405008e-02,1.701743767771700111e-01,3.918053192339755048e-02,4.832760451758041920e-02,4.171567563863924633e-02,2.705295252886295507e-02,5.704073359293813927e-02,4.533567815094382419e-02,1.064760360401511979e-01,5.262136144069248095e-02,1.975927554271488806e-01,1.533990339046923113e-01,5.795429889572793758e-02,1.394900021697176029e-01,3.008827324738206355e-01,1.737943792894745820e-01,2.449040185453756346e-01,1.416711393301282318e-01,3.589169683335426825e-02,1.111237995180942989e-01,4.475328027041532847e-02,3.344790964839155362e-02,5.111397869108931513e-02,3.103838116228345781e-02,4.883006543411481243e-02,1.982436707053866071e-02,1.725496465644234950e-02,4.627208258630337301e-02,3.066153547488266462e-02,3.868949057314802903e-02,2.645913508204958409e-02,3.111831812627756377e-02,9.889344402699585049e-03,1.112265756146581588e-02,2.897143966472153290e-02,5.732622275005995471e-02,6.356130594160033787e-02,1.979010837168404188e-02,7.364478297114275540e-02,1.008461898617090541e-01,1.100731994198860392e-01,3.601731206248786482e-02,1.363039431762381737e-01,7.739040071258093678e-02,1.064075186424419533e-01,6.641619751281846451e-02,1.642247827427514295e-01,4.515296509038586870e-02,5.561328780732907595e-02,4.519864335552535584e-02,2.699585469743859267e-02,5.107971999223469284e-02,5.685802053238017684e-02,9.836814397789171716e-02,6.267057977138028313e-02,1.822791170391348525e-01,1.816510408934668697e-01,4.353138667793397115e-02,1.308796491909237358e-01,3.720380499948611752e-01,1.626603021617238909e-01,2.258561819822083039e-01,1.652639632746748244e-01,3.395037056492594685e-02,1.129851888225285178e-01
3.073005287259189880e-02,4.887574369925429957e-02,3.567472507394169046e-02,1.726638422272722129e-02,6.769518893672418769e-02,1.080176774886089791e-01,0.000000000000000000e+00,2.014411492651509150e-02,1.235254485034658345e-01,7.330219598259657410e-02,8.276901643275588749e-02,4.764243054048807047e-02,1.681074352796080862e-01,3.878084710342701025e-02,4.629492171887311658e-02,4.063081684157635737e-02,2.619648505749751569e-02,5.546483344562573581e-02,4.401100846189861387e-02,1.030615857209743191e-01,5.131953088421701420e-02,1.902499743059758719e-01,1.472667268097157534e-01,5.637839874841553411e-02,1.357558039945643003e-01,2.908563532757025838e-01,1.667028286265687664e-01,2.412725964667861989e-01,1.380511368178236609e-01,3.490961413285523229e-02,1.090682775868172527e-01,4.403384759446836438e-02,3.311674222613025104e-02,5.119391565508341763e-02,3.084424853544062359e-02,4.869303063869634407e-02,1.943610181685299573e-02,1.735774075300620251e-02,4.616930648973952001e-02,3.047882241432470565e-02,3.804999486119517438e-02,2.648197421461932766e-02,3.061585720974317401e-02,9.820827004990350870e-03,1.086000753691374748e-02,2.845755918190227135e-02,5.597871392844500082e-02,6.172275576973586253e-02,1.925338875629503677e-02,7.364478297114275540e-02,9.705489385513138556e-02,1.091824732496659844e-01,3.560620767623245975e-02,1.319416688554168604e-01,7.801847685824891965e-02,1.054825337733672902e-01,6.527424088433121663e-02,1.621464216789046398e-01,4.510728682524637462e-02,5.374047893660998526e-02,4.398816932932887031e-02,2.616222635864290033e-02,4.985782639975333552e-02,5.557902910847446060e-02,9.579874156379540595e-02,6.118603615434686088e-02,1.754844750996357172e-01,1.754958946659205821e-01,4.245794744715595398e-02,1.271568705820552980e-01,3.600360858294601729e-01,1.572816864415489402e-01,2.216081033242357501e-01,1.605020041338829917e-01,3.275131610501433310e-02,1.099361646244675639e-01
6.177985360116022492e-03,9.238429124461853409e-03,6.931676734917608003e-03,3.311674222613025364e-03,1.273281640763283817e-02,2.042960408363690347e-02,2.014411492651509150e-02,0.000000000000000000e+00,2.318171955829117711e-02,1.387477303612008779e-02,1.547351231600223830e-02,9.375463919880323502e-03,3.164361817538170057e-02,7.217165892039419973e-03,9.181331293037491015e-03,7.685368109719192646e-03,5.036028731628772875e-03,1.051742054836757312e-02,8.381961653096415762e-03,1.952745834713197695e-02,1.006063789697267223e-02,3.592595553220888360e-02,2.852607657961150553e-02,1.119117495917505006e-02,2.553415021297491053e-02,5.615000742271808454e-02,3.171213557309093128e-02,4.557548904292615249e-02,2.593383503294544729e-02,6.531991914947070377e-03,2.058947801162511887e-02,8.107892062259475577e-03,6.235083191540384887e-03,9.718050908426497866e-03,5.835398371569848128e-03,9.135653027898000406e-03,3.631422078589455291e-03,3.277415523758407841e-03,8.473318183375395246e-03,5.618426612157270336e-03,7.297102856033527672e-03,4.887574369925430130e-03,5.766880973860613081e-03,1.804291473009854993e-03,2.055521931277050091e-03,5.607007045872397684e-03,1.062019664493142612e-02,1.194486633397663471e-02,3.654261211159200162e-03,1.385193390355034249e-02,1.867099087576653757e-02,2.054379974648562826e-02,6.863159337208372957e-03,2.487181536845230537e-02,1.461704484463680065e-02,1.983578663682353249e-02,1.275565554020258348e-02,3.065011590859779284e-02,8.381961653096415762e-03,1.044890315065833720e-02,8.290605122817434544e-03,4.956091767634665177e-03,9.421142185019812376e-03,1.050600098208270133e-02,1.833982345350523499e-02,1.193344676769176292e-02,3.353926617867053483e-02,3.365346184151925962e-02,8.187829026253583276e-03,2.375269787253480105e-02,6.923683038518196886e-02,2.980506800351722524e-02,4.192122783176695233e-02,3.045598328175495861e-02,6.166565793831150707e-03,2.089780630131667441e-02
3.490961413285523229e-02,5.801139672715230344e-02,4.190980826548207361e-02,2.000708013109661967e-02,7.820118991880688208e-02,1.270655140517763237e-01,1.235254485034658345e-01,2.318171955829117711e-02,0.000000000000000000e+00,8.504151012344551841e-02,9.620984595005081796e-02,5.406022679258641606e-02,1.950233530130525694e-01,4.525574118694972170e-02,5.386609416574358183e-02,4.756249357649396797e-02,3.095844419828934838e-02,6.518288435405222847e-02,5.145656567963548950e-02,1.220066461875777969e-01,5.830830545055899067e-02,2.253423014993890527e-01,1.723897726364352623e-01,6.446345167810527133e-02,1.601708367116216891e-01,3.405200470486131059e-01,1.971930706071783335e-01,2.805330653541778241e-01,1.618495129554979595e-01,4.063081684157635737e-02,1.269170596900729697e-01,5.048590254542132533e-02,3.814135139147414866e-02,5.901631856022108297e-02,3.546917288081398445e-02,5.656111180897349655e-02,2.275919560575089332e-02,2.000708013109661967e-02,5.257568317555299381e-02,3.543491418195936909e-02,4.397674976304399852e-02,3.043314414918521504e-02,3.558336854366270924e-02,1.129395105573890307e-02,1.256152291335975099e-02,3.284267263529331432e-02,6.541127567974967805e-02,7.258276330664961695e-02,2.253080428005344374e-02,8.498441229202115255e-02,1.145039911384165693e-01,1.267343466295150212e-01,4.097340383012253173e-02,1.564480581027532513e-01,8.951798010711553566e-02,1.218010939944500909e-01,7.431853738195023928e-02,1.886283958935239535e-01,5.222167662072194766e-02,6.205392319199716511e-02,5.167353743904806729e-02,3.086708766801037063e-02,5.847959894483207438e-02,6.490881476321529175e-02,1.120830430860235982e-01,6.951089997601890558e-02,2.077561694206853937e-01,2.047756626203336705e-01,4.908129589238200557e-02,1.492994096084230837e-01,4.202857175484475127e-01,1.858077630211604492e-01,2.590985394374721862e-01,1.891879546414827196e-01,3.880368623599675382e-02,1.283216663431122895e-01
2.125181285614772403e-02,3.406456622777467164e-02,2.451780881362125922e-02,1.172789457456405865e-02,4.677454350283775930e-02,7.414724388767714169e-02,7.330219598259657410e-02,1.387477303612008779e-02,8.504151012344551841e-02,0.000000000000000000e+00,5.714350968950199228e-02,3.316242049126973818e-02,1.153147803446425146e-01,2.707579166143269864e-02,3.213465952563121508e-02,2.820632872363507473e-02,1.827130605579600081e-02,3.840400141602622053e-02,3.054733981203393983e-02,7.184049149813290236e-02,3.534355765168038788e-02,1.320672840845504570e-01,1.022622160810332387e-01,3.897497973026984447e-02,9.425710011533762478e-02,2.011442405417442347e-01,1.156116890680491949e-01,1.663602416380225990e-01,9.511356758670305722e-02,2.435793488563304382e-02,7.512932658817618459e-02,2.951957884639541327e-02,2.235951078578035656e-02,3.462412497573342379e-02,2.078361063846794962e-02,3.388185316721670920e-02,1.333805342073108094e-02,1.185350980369765522e-02,3.082140940287088002e-02,2.066941497561922483e-02,2.605945026207904733e-02,1.782594297068597344e-02,2.142310635042081121e-02,6.623348445226050728e-03,7.548333314300722553e-03,1.961881487741095470e-02,3.857529491029930424e-02,4.222955612145850440e-02,1.336089255330082624e-02,5.072571343740364669e-02,6.655323230823693981e-02,7.506080919046694000e-02,2.443787184962714978e-02,9.112813895328254754e-02,5.364912240633101098e-02,7.238863067980677579e-02,4.510728682524637462e-02,1.114549669403556015e-01,3.120967465655654499e-02,3.678242300357432298e-02,3.025043108862725261e-02,1.817994952551701959e-02,3.441857278260571779e-02,3.815277095775902738e-02,6.606219095798741836e-02,4.190980826548207361e-02,1.212301156802064600e-01,1.202480329797074310e-01,2.894860053215178933e-02,8.756523427240232860e-02,2.477018122851694093e-01,1.085772362365677313e-01,1.532163208441343349e-01,1.107583733969783879e-01,2.297616736516347111e-02,7.599721362582649575e-02
2.355856524569197030e-02,3.860955360915392653e-02,2.758967214425196018e-02,1.330379472187646385e-02,5.258710274183786559e-02,8.401374915780698838e-02,8.276901643275588749e-02,1.547351231600223830e-02,9.620984595005081796e-02,5.714350968950199228e-02,0.000000000000000000e+00,3.698797519670202899e-02,1.305941600338019204e-01,3.037604631776085265e-02,3.580034030307528703e-02,3.194052689878838086e-02,2.063515627676460948e-02,4.342861058137011815e-02,3.414450319176877413e-02,8.049652274206625657e-02,3.945460151423448719e-02,1.492651509095684614e-01,1.145496694035560564e-01,4.341719101508524636e-02,1.064646164738663192e-01,2.267126494535737502e-01,1.304799643709531887e-01,1.873379849033333655e-01,1.075494752709292151e-01,2.732702211969989525e-02,8.485879706288755597e-02,3.385901403464696563e-02,2.547705238155054813e-02,3.907775582683369747e-02,2.353572611312222326e-02,3.808425356004978973e-02,1.515376446002580750e-02,1.332663385444620742e-02,3.522936198883166309e-02,2.345578914912811730e-02,2.922267012298872951e-02,2.021263232422432568e-02,2.400392833080199767e-02,7.582592013155340510e-03,8.404800785666161067e-03,2.184563030296109501e-02,4.356564537678858651e-02,4.787082186618552004e-02,1.511950576117119041e-02,5.713209012321712049e-02,7.540339617901312130e-02,8.466466443604471481e-02,2.731560255341502000e-02,1.032671379141020251e-01,6.028389041784192742e-02,8.144434674371067717e-02,5.013189599059027918e-02,1.261291096164167680e-01,3.519510328997704773e-02,4.117895602325023774e-02,3.432721625232673657e-02,2.047528234877639408e-02,3.892930146513035733e-02,4.317738012310292500e-02,7.475248090077539487e-02,4.674028480398314395e-02,1.375829346001438969e-01,1.359613561876919785e-01,3.246582694789251766e-02,9.945300277495461305e-02,2.790371021708595300e-01,1.234455115394717251e-01,1.728465552878301614e-01,1.253411595427605663e-01,2.588815676780596015e-02,8.577236236567735428e-02
1.479975790519476135e-02,2.174285420639724201e-02,1.599881236510637336e-02,7.685368109719192646e-03,3.038746588404572443e-02,4.889858283182405008e-02,4.764243054048807047e-02,9.375463919880323502e-03,5.406022679258641606e-02,3.316242049126973818e-02,3.698797519670202899e-02,0.000000000000000000e+00,7.495803309390308700e-02,1.747193641585492729e-02,2.208544119494341637e-02,1.836266258607498203e-02,1.203622286425561592e-02,2.479187840445819940e-02,1.992714316710251371e-02,4.610078909203028236e-02,2.456348707876074983e-02,8.520138405143372340e-02,6.851739770923499784e-02,2.698443513115371742e-02,6.018111432127807442e-02,1.336089255330082659e-01,7.547191357672235201e-02,1.078007057291964083e-01,6.141442748004431046e-02,1.575900147312405200e-02,4.906987632609713379e-02,1.941326268428325216e-02,1.465130354349141774e-02,2.240518905091984717e-02,1.354360561385878521e-02,2.165149767611826079e-02,8.553255147369502945e-03,7.662528977149448209e-03,2.022405189050919747e-02,1.330379472187646385e-02,1.746051684957005204e-02,1.144240541744224494e-02,1.387477303612008779e-02,4.316596055681805322e-03,4.978930900204410481e-03,1.340657081844031512e-02,2.511162626043463020e-02,2.753257431282759779e-02,8.724548641642590127e-03,3.250008564674713996e-02,4.362274320821295237e-02,4.808779362559809784e-02,1.634139935365254773e-02,5.825120761913462480e-02,3.450992931288469900e-02,4.698009569596546531e-02,3.102696159599858255e-02,7.179481323299341522e-02,2.013269536023021972e-02,2.537427628498669513e-02,1.950461921456222991e-02,1.171647500827918513e-02,2.218821729150726937e-02,2.473478057303383701e-02,4.308602359282394378e-02,2.917699185784923890e-02,7.869223126905640353e-02,8.037090751293266000e-02,1.953887791341684874e-02,5.656111180897349655e-02,1.653781589375235561e-01,7.026459135082049889e-02,9.869931140015301974e-02,7.089266749648848176e-02,1.470840137491578013e-02,5.025751121972387575e-02
4.851031757813838163e-02,7.716200938688348721e-02,5.642407701355502819e-02,2.713288949285706103e-02,1.066587491007091604e-01,1.701743767771700111e-01,1.681074352796080862e-01,3.164361817538170057e-02,1.950233530130525694e-01,1.153147803446425146e-01,1.305941600338019204e-01,7.495803309390308700e-02,0.000000000000000000e+00,6.109467962406787966e-02,7.293676986148066310e-02,6.439493428039602674e-02,4.154438214436615567e-02,8.756523427240232860e-02,6.971645216914661158e-02,1.628201760897121098e-01,8.087336842946704629e-02,3.007342781121172814e-01,2.330505087416779864e-01,8.885564526259293050e-02,2.145736504927542865e-01,4.585869428679098525e-01,2.637234637828455019e-01,3.796434811405862697e-01,2.183306878004773466e-01,5.505372905937032380e-02,1.714647877673605991e-01,6.905411732462400642e-02,5.217599835558245358e-02,8.042800534435702586e-02,4.855599584327787571e-02,7.646541584350625975e-02,3.052450067946419279e-02,2.732702211969989525e-02,7.238863067980677579e-02,4.783656316733090469e-02,6.002124039328986249e-02,4.170425607235437454e-02,4.837328278271991328e-02,1.542783405086274769e-02,1.734632118672132725e-02,4.484463680069430969e-02,8.836460391234340905e-02,9.779716566364810015e-02,3.059301807717343044e-02,1.156345282006189384e-01,1.533990339046923113e-01,1.717616964907672794e-01,5.586451826559627604e-02,2.082129520720802929e-01,1.223949114412634653e-01,1.658006828900638330e-01,1.026048030695794200e-01,2.553529216960339632e-01,7.077847183363976391e-02,8.461898617090522767e-02,6.949948040973404073e-02,4.140734734894768732e-02,7.880642693190512138e-02,8.761091253754182961e-02,1.513549315397001160e-01,9.632404161289953581e-02,2.777010129155294549e-01,2.769359019744430106e-01,6.686156059792848494e-02,2.007217165892039301e-01,5.677351574187212702e-01,2.487409928170928042e-01,3.492217565576859473e-01,2.537656019824366949e-01,5.186767006589089457e-02,1.735659879637771463e-01
1.097420319976247227e-02,1.772316687412212044e-02,1.274423597391770996e-02,6.269341890395002843e-03,2.454064794619100279e-02,3.918053192339755048e-02,3.878084710342701025e-02,7.217165892039419973e-03,4.525574118694972170e-02,2.707579166143269864e-02,3.037604631776085265e-02,1.747193641585492729e-02,6.109467962406787966e-02,0.000000000000000000e+00,1.685527983647180927e-02,1.487969486918886905e-02,9.592435679292901293e-03,2.020121275793945390e-02,1.615868629309458876e-02,3.759321220980027523e-02,1.855679521291781278e-02,6.940812387945505257e-02,5.306672452580250832e-02,2.032682798707305047e-02,4.932110678436432694e-02,1.054368555082278031e-01,6.064931653895785230e-02,8.758807340497208604e-02,5.042880471399695946e-02,1.267571857620847578e-02,3.971725153878655906e-02,1.598739279882150158e-02,1.193344676769176292e-02,1.852253651406319743e-02,1.111123799518094236e-02,1.763181034384313922e-02,7.160068060615057579e-03,6.372117986958854979e-03,1.658121024563486909e-02,1.095136406719272870e-02,1.374915780698649122e-02,9.512498715298793595e-03,1.119117495917505006e-02,3.574324247165092464e-03,4.088204729984354878e-03,1.010631616211216284e-02,2.050954104763100944e-02,2.222247599036188473e-02,7.034452831481460139e-03,2.660758944375292770e-02,3.534355765168038788e-02,3.959163630965296249e-02,1.285843163676643475e-02,4.814489145702246370e-02,2.849181788075689017e-02,3.841542098231109231e-02,2.374127830624992927e-02,5.875366853566901804e-02,1.642133631764665716e-02,1.945894094942273930e-02,1.601023193139124515e-02,9.558176980438282469e-03,1.813427126037753245e-02,2.012127579394534446e-02,3.504664892827370759e-02,2.195982596580981980e-02,6.410944512327421130e-02,6.336717331475751058e-02,1.526796012287453402e-02,4.631776085144286015e-02,1.303543491418195921e-01,5.722344665349610171e-02,8.034806838036291643e-02,5.821694892028000945e-02,1.178499240598842104e-02,3.995706243076888042e-02
1.429729698866036985e-02,2.137742808528132060e-02,1.587319713597277679e-02,7.673948543434319994e-03,2.915415272527949533e-02,4.832760451758041920e-02,4.629492171887311658e-02,9.181331293037491015e-03,5.386609416574358183e-02,3.213465952563121508e-02,3.580034030307528703e-02,2.208544119494341637e-02,7.293676986148066310e-02,1.685527983647180927e-02,0.000000000000000000e+00,1.787162123582546405e-02,1.184209023741278344e-02,2.441503271705740621e-02,1.960739531112608292e-02,4.547271294636229949e-02,2.359282394454658566e-02,8.404800785666161067e-02,6.685014103164362009e-02,2.640203725062522169e-02,5.906199682536057011e-02,1.310166839863421973e-01,7.426143955052587342e-02,1.053112402790942065e-01,6.040950564697553093e-02,1.516518402631068102e-02,4.799643709531911662e-02,1.909351482830682137e-02,1.459420571206705534e-02,2.249654558119882491e-02,1.348650778243442282e-02,2.120613459100823342e-02,8.439059484520778157e-03,7.605431145725084947e-03,1.985862576939327953e-02,1.309824252874875784e-02,1.704941246331464350e-02,1.137388801973301077e-02,1.344082951729493394e-02,4.202400392833080534e-03,4.921833068780048087e-03,1.288127076933618005e-02,2.468910230789434640e-02,2.758967214425196018e-02,8.576094279939248249e-03,3.155226164510271936e-02,4.375977800363142073e-02,4.731126311822676789e-02,1.613584716052484172e-02,5.807991412486154109e-02,3.375623793808311263e-02,4.611220865831515414e-02,3.001062019664493125e-02,7.058433920679692275e-02,1.927622788886478034e-02,2.462058491018511222e-02,1.925338875629503677e-02,1.163653804428507743e-02,2.185704986924596679e-02,2.435793488563304382e-02,4.250362571229544806e-02,2.797793739793762516e-02,7.779008553255147007e-02,7.904623782388744968e-02,1.923054962372528973e-02,5.549909214448035116e-02,1.622720369080382363e-01,6.914547385490299458e-02,9.683792209571880083e-02,7.034452831481460833e-02,1.406890566296292028e-02,4.873870890383583121e-02
1.169363587570943983e-02,1.905925612945220254e-02,1.353218604757391343e-02,6.543411481231943029e-03,2.576254153867236010e-02,4.171567563863924633e-02,4.063081684157635737e-02,7.685368109719192646e-03,4.756249357649396797e-02,2.820632872363507473e-02,3.194052689878838086e-02,1.836266258607498203e-02,6.439493428039602674e-02,1.487969486918886905e-02,1.787162123582546405e-02,0.000000000000000000e+00,1.023193139124576115e-02,2.145736504927543004e-02,1.714076899359362471e-02,4.028822985303018300e-02,1.968733227512019235e-02,7.432995694823510413e-02,5.713209012321712049e-02,2.158298027840902661e-02,5.256426360926812202e-02,1.123342735442907914e-01,6.503442999234888833e-02,9.236145211204878358e-02,5.355776587605202976e-02,1.365780127670751000e-02,4.179561260263334882e-02,1.678676243876257509e-02,1.247016638308076977e-02,1.905925612945220254e-02,1.151092281515148086e-02,1.851111694777832217e-02,7.365620253742762719e-03,6.474894083522707983e-03,1.735774075300620251e-02,1.145382498372711846e-02,1.426303828980575276e-02,9.797987872420605565e-03,1.181925110484303813e-02,3.711359042583562556e-03,4.145302561408717272e-03,1.062019664493142612e-02,2.159439984469389839e-02,2.349004784798273265e-02,7.411298518882252460e-03,2.792083956651326276e-02,3.751327524580616579e-02,4.153296257808128389e-02,1.346366864986467751e-02,5.088558736539186556e-02,2.970229190695337224e-02,4.013977549132684286e-02,2.474620013931870879e-02,6.204250362571229332e-02,1.723212552387260246e-02,2.069225410818897187e-02,1.707225159588438707e-02,1.018625312610627054e-02,1.923054962372528973e-02,2.138884765156619239e-02,3.712500999212049735e-02,2.335301305256426430e-02,6.838036291381653642e-02,6.759241284016033469e-02,1.604449063024586397e-02,4.901277849467277486e-02,1.386792129634916437e-01,6.093480569607966080e-02,8.525848188285808926e-02,6.233941234911898055e-02,1.277849467277232878e-02,4.257214311000467877e-02
7.719626808573810603e-03,1.224177505738332020e-02,8.998618232479530313e-03,4.190980826548207881e-03,1.651269284792563491e-02,2.705295252886295507e-02,2.619648505749751569e-02,5.036028731628772875e-03,3.095844419828934838e-02,1.827130605579600081e-02,2.063515627676460948e-02,1.203622286425561592e-02,4.154438214436615567e-02,9.592435679292901293e-03,1.184209023741278344e-02,1.023193139124576115e-02,0.000000000000000000e+00,1.386335346983521601e-02,1.121401409174479537e-02,2.607086982836391911e-02,1.285843163676643475e-02,4.804211536045861070e-02,3.718210782354486321e-02,1.424019915723600746e-02,3.391611186607132455e-02,7.330219598259657410e-02,4.213819959117953012e-02,5.980426863387728470e-02,3.462412497573342379e-02,8.758807340497207217e-03,2.714430905914193282e-02,1.068871404264066030e-02,8.085052929689730272e-03,1.255010334707487747e-02,7.514074615446105464e-03,1.208190112939510480e-02,4.750539574506960037e-03,4.305176489396932669e-03,1.107697929632632527e-02,7.445557217736870417e-03,9.375463919880323502e-03,6.383537553243727632e-03,7.742465941143555040e-03,2.341011088398862496e-03,2.786374173508890297e-03,7.080131096620950748e-03,1.400038826525368610e-02,1.559912754513583660e-02,4.830476538501067736e-03,1.798581689867418884e-02,2.463200447646998401e-02,2.682456120316550549e-02,8.895842135915677309e-03,3.329945528668821347e-02,1.924196919001016498e-02,2.621932419006726273e-02,1.636423848622229477e-02,4.025397115417556765e-02,1.114549669403556119e-02,1.355502518014365873e-02,1.090568580205323809e-02,6.646187577795795165e-03,1.237880985280179029e-02,1.382909477098059892e-02,2.433509575306330025e-02,1.515376446002580750e-02,4.451346937843300711e-02,4.407952585960785152e-02,1.050600098208270133e-02,3.147232468110860992e-02,9.044296497619019881e-02,3.961447544222270606e-02,5.514508558964930501e-02,4.021971245532094535e-02,8.267765990247690974e-03,2.749831561397298244e-02
1.585035800340302975e-02,2.570544370724799771e-02,1.851111694777832217e-02,8.998618232479530313e-03,3.508090762712832295e-02,5.704073359293813927e-02,5.546483344562573581e-02,1.051742054836757312e-02,6.518288435405222847e-02,3.840400141602622053e-02,4.342861058137011815e-02,2.479187840445819940e-02,8.756523427240232860e-02,2.020121275793945390e-02,2.441503271705740621e-02,2.145736504927543004e-02,1.386335346983521601e-02,0.000000000000000000e+00,2.317029999200630533e-02,5.450558987769644342e-02,2.685881990202012085e-02,1.009032876931334199e-01,7.756169420685402049e-02,2.945106144868617909e-02,7.137228928045312448e-02,1.529422512532974121e-01,8.809053432150647234e-02,1.259349769895739268e-01,7.265128070435884766e-02,1.838550171864472560e-02,5.682376183352556148e-02,2.273635647318114975e-02,1.716360812616336828e-02,2.633351985291598751e-02,1.581609930454841439e-02,2.528291975470771738e-02,1.009489659582729106e-02,8.952939967340039704e-03,2.395825006566250706e-02,1.563338624399045196e-02,1.960739531112608292e-02,1.356644474642853052e-02,1.605591019653073576e-02,5.104546129338007922e-03,5.698363576151378035e-03,1.445717091664858525e-02,2.947390058125592266e-02,3.235163128504379287e-02,1.010631616211216284e-02,3.812993182518927687e-02,5.129669175164727063e-02,5.672098573696170848e-02,1.864815174319679400e-02,6.967077390400712444e-02,4.073359293814021037e-02,5.520218342107367088e-02,3.376765750436798441e-02,8.447053180920188753e-02,2.339869131770375490e-02,2.817207002478045938e-02,2.311320216058193946e-02,1.393187086754445018e-02,2.617364592492777212e-02,2.915415272527949533e-02,5.057725907570030655e-02,3.184917036850940658e-02,9.276113693201931687e-02,9.201886512350261615e-02,2.191414770067032919e-02,6.671310623622514480e-02,1.890052415809247432e-01,8.289463166188948406e-02,1.160227934543046069e-01,8.448195137548675238e-02,1.716360812616336828e-02,5.763455103975150678e-02
1.284701207048156296e-02,2.061231714419486244e-02,1.507382749603170154e-02,7.148648494330184927e-03,2.774954607224017558e-02,4.533567815094382419e-02,4.401100846189861387e-02,8.381961653096415762e-03,5.145656567963548950e-02,3.054733981203393983e-02,3.414450319176877413e-02,1.992714316710251371e-02,6.971645216914661158e-02,1.615868629309458876e-02,1.960739531112608292e-02,1.714076899359362471e-02,1.121401409174479537e-02,2.317029999200630533e-02,0.000000000000000000e+00,4.354280624421884294e-02,2.134316938642670525e-02,8.041658577807214714e-02,6.220237755370051219e-02,2.374127830624992927e-02,5.675524443581633077e-02,1.223263940435542207e-01,7.059575877308180147e-02,1.000354006554831088e-01,5.773732713631535979e-02,1.458278614578218356e-02,4.563258687435051142e-02,1.776884513926161105e-02,1.373773824070161770e-02,2.116045632586874281e-02,1.272139684134796639e-02,2.025831058936381629e-02,8.005115965695622574e-03,7.228585458324292626e-03,1.853395608034806921e-02,1.256152291335975099e-02,1.595313409996688275e-02,1.086000753691374748e-02,1.281275337162694587e-02,3.916911235711267696e-03,4.613504779088489945e-03,1.186492936998252874e-02,2.336443261884913608e-02,2.611654809350340972e-02,8.085052929689730272e-03,3.020475282348776547e-02,4.097340383012253173e-02,4.524432162066484991e-02,1.463988397720654595e-02,5.548767257819547938e-02,3.188342906736402194e-02,4.348570841279448401e-02,2.699585469743859267e-02,6.743253891217211582e-02,1.854537564663294100e-02,2.242802818348959074e-02,1.831698432093549142e-02,1.098562276604734579e-02,2.079503020475282488e-02,2.304468476287270529e-02,4.032248855188479836e-02,2.507736756158001137e-02,7.436421564708972642e-02,7.340497207916042710e-02,1.764322991012801448e-02,5.302104626066302118e-02,1.504984640683346975e-01,6.630200184996973278e-02,9.208738252121184686e-02,6.754673457502084755e-02,1.384051433726547070e-02,4.611220865831515414e-02
2.933686578583745430e-02,4.848747844556863806e-02,3.505806849455857938e-02,1.663830807705923495e-02,6.521714305290685076e-02,1.064760360401511979e-01,1.030615857209743191e-01,1.952745834713197695e-02,1.220066461875777969e-01,7.184049149813290236e-02,8.049652274206625657e-02,4.610078909203028236e-02,1.628201760897121098e-01,3.759321220980027523e-02,4.547271294636229949e-02,4.028822985303018300e-02,2.607086982836391911e-02,5.450558987769644342e-02,4.354280624421884294e-02,0.000000000000000000e+00,4.944672201349793045e-02,1.888682067855062818e-01,1.451769461795840988e-01,5.430003768456873742e-02,1.333005972433166930e-01,2.853749614589637940e-01,1.656864872272151012e-01,2.349118980461122053e-01,1.357443844282794077e-01,3.413308362548390235e-02,1.063390012447327226e-01,4.214961915746440191e-02,3.162077904281195700e-02,4.910413502495174914e-02,2.954241797896516031e-02,4.695725656339572174e-02,1.894506046660347776e-02,1.652411241421050669e-02,4.364558234078269594e-02,2.896002009843666111e-02,3.658829037673148876e-02,2.520298279071360795e-02,2.988500496751133467e-02,9.409722618734940591e-03,1.043748358437346542e-02,2.717856775799655164e-02,5.468830293825440586e-02,6.042092521326040272e-02,1.885370393632450001e-02,7.092692619534310405e-02,9.602713288949285553e-02,1.058251207619134576e-01,3.430437711975699300e-02,1.307997122269296264e-01,7.530062008244926830e-02,1.017940138633534747e-01,6.265916020509540441e-02,1.575329168998161333e-01,4.336009318366088744e-02,5.221025705443707587e-02,4.305176489396932843e-02,2.609370896093366268e-02,4.911555459123662787e-02,5.428861811828386563e-02,9.437129577818634263e-02,5.858237504139592738e-02,1.739885119163174232e-01,1.717731160570521443e-01,4.081352990213431980e-02,1.248044399273715577e-01,3.519281937672007476e-01,1.557857232582306461e-01,2.166177528577464539e-01,1.587205517934428822e-01,3.239730955018328695e-02,1.074352796080804834e-01
1.581609930454841439e-02,2.341011088398862669e-02,1.734632118672132725e-02,8.347702954241798673e-03,3.253434434560175531e-02,5.262136144069248095e-02,5.131953088421701420e-02,1.006063789697267223e-02,5.830830545055899067e-02,3.534355765168038788e-02,3.945460151423448719e-02,2.456348707876074983e-02,8.087336842946704629e-02,1.855679521291781278e-02,2.359282394454658566e-02,1.968733227512019235e-02,1.285843163676643475e-02,2.685881990202012085e-02,2.134316938642670525e-02,4.944672201349793045e-02,0.000000000000000000e+00,9.165343900238669128e-02,7.363336340485787668e-02,2.907421576128538590e-02,6.494307346206991405e-02,1.434183329717137467e-01,8.127305324943757958e-02,1.161484086834382035e-01,6.633626054882435508e-02,1.688953853532642810e-02,5.262136144069248095e-02,2.120613459100823342e-02,1.585035800340302975e-02,2.439219358448766264e-02,1.469698180863090835e-02,2.326165652228528308e-02,9.238429124461853409e-03,8.347702954241798673e-03,2.224531512293163177e-02,1.436581438636960577e-02,1.867099087576653757e-02,1.250442508193538860e-02,1.482259703776450492e-02,4.670602610512852339e-03,5.378615720174948107e-03,1.428587742237549807e-02,2.709863079400244221e-02,2.998778106407518768e-02,9.386883486165195287e-03,3.492103369914010408e-02,4.715138919023855596e-02,5.203896356016398522e-02,1.772316687412212044e-02,6.285329283193824557e-02,3.722778608868435035e-02,5.070287430483390312e-02,3.332229441925795704e-02,7.790428119540020180e-02,2.134316938642670525e-02,2.720140689056629521e-02,2.112619762701412746e-02,1.266429900992360226e-02,2.391257180052301645e-02,2.673320467288652427e-02,4.637485868286722601e-02,3.118683552398679795e-02,8.488163619545729954e-02,8.684580159645537145e-02,2.110335849444438042e-02,6.102616222635864202e-02,1.780538775137320284e-01,7.559752880585594859e-02,1.063390012447327226e-01,7.711633112174400007e-02,1.574758190683917675e-02,5.371763980404024169e-02
